0.000000000000000000e+00
3.652539417129754828e-01
5.198955348973870016e+00
4.222175837006866495e+00
2.218240829924345014e+00
2.408135132610827611e+01
8.856202082642913309e-01
1.303204984060525984e+00
0.000000000000000000e+00
1.107262994850218263e+01
2.231444628594815782e+01
1.392351241786241545e+01
9.638533643419087582e+01
6.501191797989010368e+00
2.553264509983539554e+01
1.907773409118056307e+01
0.000000000000000000e+00
7.662871755566835930e+01
5.417556571446537816e+01
2.093204364151346795e+02
2.475179930725336064e+01
2.571755199863314800e+00
4.454535316395014100e+00
1.090620665825262670e+01
0.000000000000000000e+00
2.213539900514483461e-01
5.225613241338133541e+00
1.770578448255956117e+00
8.156993084583431530e-01
1.692300032092556306e+00
4.876564658009708175e+00
1.573255223669856873e-01
0.000000000000000000e+00
4.611093467390090517e+00
4.602247391694039291e-01
6.837346661765455735e+01
8.805588108608483822e+01
1.414038471730911795e+02
2.431442329478025499e+01
3.403290778728484867e+01
0.000000000000000000e+00
5.587573970162153358e+01
9.614492236348987086e-01
2.123373455555141120e+00
6.110924694901108900e+00
3.315934336309433128e+00
1.393627212574779950e+00
2.050794013085424794e+01
0.000000000000000000e+00
0.000000000000000000e+00
2.211139686334729237e+00
1.704820470375180363e+01
1.338613534101724589e+01
8.767590087209940819e+00
4.179345659574985206e+01
3.789592872925996669e+00
6.462057583156823881e+00
0.000000000000000000e+00
2.257244940888047324e+01
7.366246840102672877e+01
5.471289677632808690e+01
1.574944244121050758e+02
3.100855592740177968e+01
5.768630964031219577e+01
3.124134715142727003e+01
0.000000000000000000e+00
1.887803232164621363e+02
1.492329006829881735e+02
3.285255868409967661e+02
9.238115807331561768e+01
1.115357953885376396e+01
2.309884545347333074e+01
5.150754250283122104e+01
0.000000000000000000e+00
4.431778169828653469e-01
2.629228700955033204e+01
3.569041900261044287e+00
4.298539913661479694e+00
1.014633902774691521e+01
2.459401436916589745e+01
3.051743638417124815e-01
0.000000000000000000e+00
1.619709671589195565e+01
8.769948746687173946e-01
1.785505725465869773e+02
2.241726505777788248e+02
3.794269574741315978e+02
1.480220006782007260e+02
1.572004540417814269e+02
0.000000000000000000e+00
1.790220075240468987e+02
4.248480572417974166e+00
1.317370058332443250e+01
3.690842999305725414e+01
5.711810536805987049e+00
2.408394725422263072e+00
4.438248898873806070e+01
0.000000000000000000e+00
0.000000000000000000e+00
1.459369602895021423e+01
9.487361574408531339e+01
4.012725287661314155e+01
3.433087397676944619e+01
1.827698939287662370e+02
2.275663705021619876e+01
3.327624418987274169e+01
0.000000000000000000e+00
7.989691573408603631e+01
2.348575849238443425e+02
2.105006860838651619e+02
3.024687450884437681e+02
1.610850936419296318e+02
1.757446203577375456e+02
7.339058479418515901e+01
0.000000000000000000e+00
4.931185184216761854e+02
4.444277730483245819e+02
3.605326776279663932e+02
3.541849184375357709e+02
4.762095989386081385e+01
1.303962926861119342e+02
3.359189953282022429e+02
0.000000000000000000e+00
9.437434091758728494e-01
4.561923523850965694e+02
5.335674878318309666e+00
2.313713351419687214e+01
6.638655489779353047e+01
1.742590629533445963e+02
4.758897014367580169e-01
0.000000000000000000e+00
2.449419703435444831e+02
1.268378481670618063e+00
5.737675803238439585e+02
4.231614167761659360e+02
4.452860949601602556e+02
9.869559099541806972e+02
9.819381408990669797e+02
0.000000000000000000e+00
9.311534341833829558e+02
3.359525867548227041e+01
1.121888555431222869e+02
3.170274230530667410e+02
7.610574392786025655e+00
3.345276649837493732e+00
4.808396696846747318e+02
0.000000000000000000e+00
0.000000000000000000e+00
4.542957833460808104e+01
3.311636919378280481e+02
6.576372862209797177e+01
7.078925871406077874e+01
7.899740413290166998e+02
5.602794909603595386e+01
8.709284828378677901e+01
0.000000000000000000e+00
2.380744253826046020e+02
4.342295905183506193e+02
4.453896041909122232e+02
8.978374350829315063e+02
3.840859243265152259e+02
3.760584977332019889e+02
1.527061988089084537e+02
0.000000000000000000e+00
8.615052832027625982e+02
8.448970414389467578e+02
4.258604109562730855e+02
7.443775495876789137e+02
9.886680233257293082e+01
3.579981580009269919e+02
1.193959363933954137e+03
0.000000000000000000e+00
5.184143258113860675e+00
2.289382911485462046e+03
7.675821171503066864e+00
6.432288377421855330e+01
2.211859132422685548e+02
7.103968288637447586e+02
2.354881075806617652e+00
0.000000000000000000e+00
1.351771992133350295e+03
1.780262015786171048e+00
1.340520041406221480e+03
8.646210494345283450e+02
5.458303146500683170e+02
2.167476538409576278e+03
2.228972050290412881e+03
0.000000000000000000e+00
2.154710503537206478e+03
1.065185391558647154e+02
3.990965751143837110e+02
1.337499723074569602e+03
9.497509998531342035e+00
4.656064122657776139e+00
2.614940523437900538e+03
0.000000000000000000e+00
0.000000000000000000e+00
1.260626114028644622e+02
1.129151309037370766e+03
8.784750653500556439e+01
1.264387275621986362e+02
2.802977965232801580e+03
9.177332225412368416e+01
1.907847273620128590e+02
0.000000000000000000e+00
6.903747334328555780e+02
6.643026219523048894e+02
7.891784540810299404e+02
2.460958394588975807e+03
6.407927842656612256e+02
7.184405609621953772e+02
3.052044294555711872e+02
0.000000000000000000e+00
1.336109844632339446e+03
1.409902435252666464e+03
5.289219506529760793e+02
1.243156986467189881e+03
1.478599017353629961e+02
7.708831009464073531e+02
3.689871077003955634e+03
0.000000000000000000e+00
3.441006654598236025e+01
8.058873141608410151e+03
1.889670460092544602e+01
1.454685315400695913e+02
6.265852349174881510e+02
2.664948164578161141e+03
1.964708724507331894e+01
0.000000000000000000e+00
5.586927015866604052e+03
3.498208143953323201e+01
2.366714089174347009e+03
1.477984074799318250e+03
6.630615246700954231e+02
3.475478125545396779e+03
3.706578835817203526e+03
0.000000000000000000e+00
3.514936791238651494e+03
2.001958715400886604e+02
9.119101555575180100e+02
4.234702253600558834e+03
2.387740697381973121e+01
6.347550759122848518e+01
9.305361688090686584e+03
0.000000000000000000e+00
