0.000000000000000000e+00
1.445894042529910772e-01
2.690818768670335537e+00
1.763959399725794741e+00
8.483354180255532340e-01
9.013798851459771555e+00
5.314747299686819471e-01
4.466564338460564665e-01
0.000000000000000000e+00
6.292283531813621877e+00
8.571221879757642270e+00
5.015032092102766015e+00
3.388807532016128476e+01
2.940923197084963192e+00
1.497670894297689159e+01
1.286812074838250908e+01
0.000000000000000000e+00
3.917593649140089695e+01
2.640851104407101957e+01
9.628453693147599779e+01
1.041754645075678809e+01
9.181145302623138216e-01
1.553292351303845686e+00
4.242355007652453658e+00
0.000000000000000000e+00
1.047828823849186325e-01
1.765513083577454179e+00
8.391806365660950950e-01
2.657002384864725064e-01
5.485855435010231762e-01
1.798714807569887553e+00
6.990210891973226703e-02
0.000000000000000000e+00
1.533189165675640009e+00
2.214450818042457136e-01
2.082959424657315139e+01
2.618453935397207744e+01
4.596950292098254209e+01
7.999216064395606729e+00
1.143758250577852209e+01
0.000000000000000000e+00
1.965043432551324543e+01
6.817873462164402154e-01
1.181852256933972223e+00
2.598612399281859275e+00
2.004293510163575487e+00
8.489142870517819572e-01
9.399099746954963308e+00
0.000000000000000000e+00
0.000000000000000000e+00
8.739548030200600115e-01
8.094006606408953530e+00
6.546240904620289847e+00
3.930674686626792091e+00
2.213136501297339720e+01
1.661078180049061714e+00
2.613927950517535237e+00
0.000000000000000000e+00
1.319944974751591715e+01
3.547150141649127164e+01
2.460568342364072691e+01
8.668415826404572044e+01
1.307774611410200549e+01
3.276708656025886768e+01
2.111788067399859514e+01
0.000000000000000000e+00
1.051369181437218145e+02
7.873554125536084314e+01
2.013753345357018816e+02
4.284296848677694669e+01
4.982186595941036522e+00
9.697568154601007961e+00
2.220478666780829258e+01
0.000000000000000000e+00
2.768091537474096087e-01
1.036495610268712042e+01
2.190206951072513952e+00
1.802273652143552951e+00
4.056475158837214323e+00
1.025958316477455234e+01
1.805746933903545071e-01
0.000000000000000000e+00
6.794035112946033905e+00
5.534081536106765231e-01
6.995913545133947764e+01
8.997874020448207943e+01
1.549297653560042249e+02
4.181742238681912482e+01
4.838671979626894171e+01
0.000000000000000000e+00
6.505587449324011118e+01
1.980039618299603399e+00
5.458795081015527018e+00
1.517732245296746463e+01
3.807796255443990141e+00
1.591300890050530326e+00
2.300657100933790034e+01
0.000000000000000000e+00
0.000000000000000000e+00
6.046831822203993845e+00
3.881835612444043448e+01
2.278004658053457732e+01
1.786958764058887894e+01
7.002625646673560311e+01
1.035562176362276077e+01
1.514641977417230656e+01
0.000000000000000000e+00
3.830399479703187637e+01
1.323871154514527291e+02
1.116463808637833637e+02
1.741937394585013408e+02
7.738638092083454012e+01
9.273995457024335565e+01
4.228984771723150971e+01
0.000000000000000000e+00
2.919606030897462574e+02
2.503229976598417750e+02
3.067564477033209869e+02
1.809578538505947449e+02
2.396225367397785178e+01
5.843050159081816730e+01
1.380393667756074763e+02
0.000000000000000000e+00
5.893804260289668973e-01
1.384723744329100725e+02
4.102656875716447438e+00
1.116359857322573745e+01
2.931808637079000590e+01
7.178282753629505919e+01
3.528857472360134029e-01
0.000000000000000000e+00
7.775077167480766605e+01
1.067258795982003239e+00
2.381491082127094217e+02
2.262776646896552961e+02
3.354651811661243528e+02
3.559191313908958705e+02
3.580603936290764864e+02
0.000000000000000000e+00
3.495874280895924358e+02
1.465055537527918794e+01
4.632139188020705944e+01
1.240074209958267204e+02
6.306413996406793565e+00
2.774204482200145705e+00
1.579429295409250358e+02
0.000000000000000000e+00
0.000000000000000000e+00
2.045045820971608208e+01
1.313137256594228859e+02
4.365633002422690367e+01
4.219940052904725292e+01
2.588771500941419390e+02
2.930193653830885836e+01
4.302150665166139731e+01
0.000000000000000000e+00
9.934126719428061847e+01
2.689177309115481194e+02
2.594654742610215976e+02
3.577842316373109952e+02
2.047813579507350994e+02
1.998405241223454425e+02
8.010681887097119613e+01
0.000000000000000000e+00
5.394552899748158552e+02
5.068408966866803098e+02
3.517395780622601364e+02
4.137193555624937744e+02
5.673708145365237954e+01
1.723918904132747514e+02
4.784150704114317705e+02
0.000000000000000000e+00
2.133017921915054238e+00
7.165260497672223892e+02
5.425889944329261638e+00
3.298471552626251935e+01
1.004589033192324621e+02
2.767773702715623472e+02
1.165299922072887462e+00
0.000000000000000000e+00
4.232813503360974892e+02
2.031663280194997867e+00
6.198484967489147266e+02
4.327306562990856378e+02
4.280391710474443698e+02
1.073615196619382004e+03
1.101036705158877339e+03
0.000000000000000000e+00
1.043648193700509182e+03
4.907307028873682242e+01
1.695314725295019116e+02
4.966353637622094084e+02
7.630374497096538811e+00
4.603224628045558653e+00
8.001953714812374301e+02
0.000000000000000000e+00
0.000000000000000000e+00
5.829868760703087105e+01
4.223278349662780897e+02
6.545921422623872843e+01
8.048658862456321117e+01
9.179799541382265033e+02
5.675020443596839925e+01
1.026225137695121816e+02
0.000000000000000000e+00
2.719948248799514658e+02
4.544758833581018393e+02
5.025885872977352165e+02
9.142913122414827285e+02
3.994668244474792687e+02
3.991715491729235623e+02
1.569535833367681619e+02
0.000000000000000000e+00
8.835498368834590792e+02
8.993856158653354669e+02
4.045160440945029450e+02
7.638289793769145035e+02
9.903854914579390822e+01
4.005087086918210844e+02
1.437549972878193785e+03
0.000000000000000000e+00
1.322508788553714787e+01
2.637977666810808387e+03
1.040355064741611457e+01
7.716197892818927073e+01
2.827116652333450588e+02
9.501738941077137497e+02
7.633483216657638515e+00
0.000000000000000000e+00
1.705967635974845962e+03
1.501225318064689596e+01
1.314642866807298560e+03
8.117170787836313366e+02
5.153792537384414345e+02
2.132138307460894794e+03
2.260894610239462963e+03
0.000000000000000000e+00
2.114709988709812023e+03
1.103146462929534977e+02
4.398320460777473500e+02
1.581435402141466056e+03
1.287760683557510433e+01
2.553555274407386833e+01
2.973122070957336291e+03
0.000000000000000000e+00
