0.000000000000000000e+00
2.914468098033467028e-02
3.823360125725321357e+00
1.566793363136184780e+00
9.931635297999491518e-01
8.482849642087785469e+00
1.317845827918972645e+00
6.431538303040724991e-02
0.000000000000000000e+00
6.877587178797876177e+00
6.560447933613613891e+00
3.482116406315071799e+00
2.969600579397883777e+01
2.008999181747276541e+00
8.755029253972315573e+00
6.425295016042218421e+00
0.000000000000000000e+00
3.156804985106173334e+01
2.052440672477059636e+01
8.638435077583926613e+01
7.864716441416021553e+00
2.525434921812575451e-01
6.301184060585001134e-01
3.199875592853459239e+00
0.000000000000000000e+00
-1.114880558261575026e-02
2.363373250387121427e+00
5.802372773739534750e-01
1.822966931212931796e-01
4.088184717294325310e-01
1.537982688105330453e+00
9.525271723007336377e-02
0.000000000000000000e+00
1.935959297741055796e+00
1.683559019729273243e-01
2.167068164283118747e+01
2.726080828715857862e+01
4.692107965769427835e+01
8.309318401906784501e+00
1.176841004237157939e+01
0.000000000000000000e+00
1.994184053094286213e+01
1.398226956703183532e+00
2.020516916867109103e+00
2.278307998487071107e+00
2.947653916015315012e+00
1.456007952259915417e+00
1.103581505471874991e+01
0.000000000000000000e+00
0.000000000000000000e+00
5.610730088415948336e-01
8.286262921895831468e+00
6.674936837228051090e+00
4.327555756423680400e+00
1.984311256077944563e+01
2.496369229163610814e+00
2.803654809291765471e+00
0.000000000000000000e+00
1.208344118521199562e+01
3.703373054345210846e+01
2.554851892048827722e+01
9.167533840296673020e+01
1.311486912121399584e+01
3.180740250329836272e+01
2.054488458793202810e+01
0.000000000000000000e+00
1.026727192559570483e+02
7.669199769782134979e+01
1.960725748227989129e+02
4.131715723425877229e+01
4.113307612505923139e+00
8.279061669993826200e+00
2.061919279483590728e+01
0.000000000000000000e+00
3.058755121313879721e-01
9.217344536778909969e+00
2.261672995881599313e+00
3.288379246290150881e+00
6.334318957034793307e+00
1.382637871726010381e+01
-2.296243401230640413e-01
0.000000000000000000e+00
6.760737191305997484e+00
1.208575609401941531e+00
7.218290938716162941e+01
9.277385550650141965e+01
1.589719818568322864e+02
4.251706246218236629e+01
4.950933040297022814e+01
0.000000000000000000e+00
6.687468661843668372e+01
1.947960701347983603e+00
6.370377489196289211e+00
1.988236477095961163e+01
1.062961945146344123e+00
-1.758970803306510733e-01
2.179837547117022112e+01
0.000000000000000000e+00
0.000000000000000000e+00
7.510296074515645515e+00
4.213468307282673919e+01
2.035341511469014364e+01
1.555916570847257319e+01
7.862594249979738947e+01
8.381021993773174472e+00
1.142000779800437194e+01
0.000000000000000000e+00
4.257831363192235585e+01
1.202761553692791523e+02
1.009974871213096748e+02
1.602930736426453109e+02
6.885832955462100813e+01
9.909065326602140544e+01
4.675871370359963919e+01
0.000000000000000000e+00
3.036250589450472148e+02
2.603930802403032203e+02
3.250136021711892909e+02
1.884638827004790187e+02
2.787481040127822851e+01
6.560605495366398543e+01
1.495579087050413420e+02
0.000000000000000000e+00
1.592889827916224021e-01
1.576855605538985401e+02
3.766918409719073768e+00
1.229380612177083165e+01
3.155817821643431742e+01
7.575883967008448394e+01
8.499839763138880011e-01
0.000000000000000000e+00
9.057736348294274364e+01
6.967341479838069507e-01
2.388974580520240067e+02
2.285295851382426804e+02
3.404314580418810010e+02
3.534861943845608039e+02
3.562369382678909346e+02
0.000000000000000000e+00
3.488196225920546567e+02
1.354672084800185949e+01
4.458228243852645534e+01
1.220171534248183889e+02
6.511326497667323743e+00
2.863663737135357046e+00
1.584861088689111170e+02
0.000000000000000000e+00
0.000000000000000000e+00
1.881375558559375349e+01
1.264129271446727216e+02
4.435647955022286482e+01
4.369495877039007325e+01
2.485658129239149332e+02
3.144971777027967619e+01
4.366450119607033997e+01
0.000000000000000000e+00
9.912496053995565148e+01
2.710479795998952000e+02
2.613404301531467127e+02
3.720976368039497402e+02
2.054403232580167185e+02
2.111215435982769009e+02
8.650134637205920285e+01
0.000000000000000000e+00
5.595785148996103544e+02
5.260904082865920373e+02
3.531202659616246819e+02
4.313714833898790175e+02
6.303538505413452953e+01
1.837751551158755206e+02
4.976051962300261948e+02
0.000000000000000000e+00
1.659413058671634689e+00
7.444231287359027647e+02
5.579175348192802808e+00
3.167860735486610935e+01
9.812811210139625473e+01
2.720056660292277115e+02
1.217581105667341124e+00
0.000000000000000000e+00
4.218947029556103985e+02
1.418163589961477511e+00
6.151374253604444675e+02
4.271523398625839150e+02
4.214217624198005296e+02
1.069414412095036823e+03
1.097242544627893949e+03
0.000000000000000000e+00
1.040065149987279483e+03
5.028804648245859710e+01
1.716761288391164157e+02
5.012952239783917321e+02
6.019854170180042097e+00
3.881432195787783535e+00
7.984959793831600336e+02
0.000000000000000000e+00
0.000000000000000000e+00
6.152455922294466006e+01
4.317296659652580502e+02
6.317174363512022239e+01
7.710795161613495452e+01
9.378489123630133690e+02
5.214911068083311108e+01
1.014666727429488731e+02
0.000000000000000000e+00
2.728581229615199959e+02
4.477306987663963582e+02
4.978894595074991116e+02
9.151673534910893295e+02
3.952047740039764676e+02
4.044162414791004494e+02
1.593754428772634242e+02
0.000000000000000000e+00
8.873372460246609990e+02
9.061828378057427926e+02
3.621650262326438678e+02
7.742184047541028349e+02
9.095837843046174953e+01
3.882140523804118857e+02
1.418693115633685466e+03
0.000000000000000000e+00
1.208219587337807788e+01
2.627693269680882622e+03
8.318775704322614928e+00
7.393998502413451490e+01
2.777278855936136210e+02
9.427996995874215145e+02
8.322228276773239841e+00
0.000000000000000000e+00
1.705127120537849351e+03
1.622189216448750670e+01
1.317339693521184472e+03
8.172979978503368557e+02
5.244538419682706945e+02
2.128296919685491503e+03
2.258301732825877934e+03
0.000000000000000000e+00
2.113316178357356875e+03
1.108715262642595860e+02
4.409337312707211822e+02
1.584015871998981993e+03
1.682366603074478917e+01
2.733992399044218402e+01
2.998862892610894050e+03
0.000000000000000000e+00
