0.000000000000000000e+00
-2.782449621694468300e-01
4.207669518803777819e+00
5.840714194467727438e+00
3.601069846277641595e+00
2.755019181820934904e+01
1.901685280639321629e+00
1.164610231549886521e+00
0.000000000000000000e+00
8.903500110070307727e+00
2.265333500176929959e+01
1.367999018829068447e+01
9.800522248378547374e+01
5.160999614257889334e+00
3.202917809702194063e+01
2.517198430900170791e+01
0.000000000000000000e+00
8.600942966039511361e+01
6.179937369370527733e+01
2.230899265053478189e+02
2.911790953437230201e+01
2.434326216170120460e+00
4.242678752030224487e+00
1.059423744036703319e+01
0.000000000000000000e+00
2.169115036916991757e-01
4.757405619261954044e+00
1.723639993320284614e+00
7.314540252401456888e-01
1.567001778591202266e+00
5.028546475059465948e+00
9.092538588274692857e-02
0.000000000000000000e+00
4.570925096675364507e+00
5.895137197472649637e-01
6.689769381201040233e+01
8.548295332541238167e+01
1.375347008917153175e+02
2.532253356478031492e+01
3.471683675295207649e+01
0.000000000000000000e+00
5.582542673061179528e+01
-1.069244295453245230e-01
5.908519823984533792e-01
4.989363950407096127e+00
3.313571765403866998e+00
1.355057073736315898e+00
2.167996387960665672e+01
0.000000000000000000e+00
0.000000000000000000e+00
-4.468473986700701173e-01
9.767025547470984392e+00
1.987198062257666464e+01
1.383048929869910282e+01
4.870410341530659792e+01
6.473691660501936340e+00
7.746790859234169879e+00
0.000000000000000000e+00
1.978443015581724396e+01
7.700396684266452496e+01
5.787254084456363046e+01
1.507119771508150734e+02
3.341222019104316132e+01
6.309097503261436657e+01
3.478748742500611257e+01
0.000000000000000000e+00
1.986798449716778237e+02
1.581055632826071928e+02
3.370225228860202833e+02
9.943290757501381449e+01
1.064312088986116578e+01
2.214063536717440073e+01
4.918656646358285656e+01
0.000000000000000000e+00
4.939345073544245679e-01
2.067188447127336914e+01
3.364247526007238864e+00
3.816724818581860745e+00
9.335454709088299552e+00
2.266275364700631911e+01
3.818105381156783329e-01
0.000000000000000000e+00
1.110349512322536647e+01
5.687033123405853541e-01
1.763519715295173285e+02
2.173965887999394795e+02
3.680312657997914130e+02
1.551192106725677036e+02
1.632256604031252323e+02
0.000000000000000000e+00
1.831410552554967524e+02
4.352133377213613485e+00
1.278943852324737307e+01
3.418921737006894546e+01
6.999200635331362719e+00
3.315473011964058969e+00
3.974452776072066484e+01
0.000000000000000000e+00
0.000000000000000000e+00
9.762330289921374415e+00
8.180852795602986305e+01
4.731133867004827920e+01
4.137692155367840030e+01
1.645345237354427752e+02
2.847559988052525881e+01
3.815834217616939128e+01
0.000000000000000000e+00
7.359529171904432587e+01
2.497816954024776237e+02
2.239634261775179880e+02
3.156039479565894226e+02
1.720854583170585101e+02
1.869442866203840765e+02
8.239312039738578619e+01
0.000000000000000000e+00
5.113931064004980840e+02
4.599351535166700842e+02
3.798919236550049163e+02
3.651407547997951042e+02
3.664109162511886097e+01
1.119474209488020335e+02
3.059789749696530521e+02
0.000000000000000000e+00
9.218477995018474758e-01
4.190892469575541099e+02
3.767245540278963745e+00
1.527927098646759951e+01
5.337740408643439594e+01
1.518797578636804246e+02
1.393423556251218498e+00
0.000000000000000000e+00
2.239159709827625306e+02
-1.215987870484241284e+00
5.930605743096442666e+02
4.348120432236173656e+02
4.461534163516422495e+02
1.019248678498703498e+03
1.013244637277832908e+03
0.000000000000000000e+00
9.601213206672924798e+02
2.407782565823872645e+01
9.501713691622134661e+01
2.887332771860936305e+02
9.799822860021958348e+00
5.334062588182860054e+00
4.498783530810324010e+02
0.000000000000000000e+00
0.000000000000000000e+00
2.679614251974562578e+01
2.826473324067570729e+02
9.045709068618307924e+01
9.623704343633434632e+01
7.244906882348674344e+02
7.704572994959599441e+01
9.457456909916363941e+01
0.000000000000000000e+00
2.233903362294659019e+02
4.499929061157163233e+02
4.621076931209361760e+02
8.840296068719296727e+02
3.987048328915319644e+02
3.892886707304016340e+02
1.603241146483458692e+02
0.000000000000000000e+00
8.789727593783260318e+02
8.644154590195161063e+02
4.010693349444103433e+02
7.648960205835464876e+02
9.099764590539852804e+01
3.373210987534024525e+02
1.149125680010573660e+03
0.000000000000000000e+00
1.028491067918948865e+01
2.221046529959229701e+03
1.118162134967278654e+01
4.889069375552935526e+01
1.923993916535459050e+02
6.577338693380355608e+02
-1.025134458014508754e+00
0.000000000000000000e+00
1.272508200442080806e+03
7.009894247690681146e-01
1.345816627946234121e+03
8.598754053202865180e+02
5.271399991918412979e+02
2.192948166723316717e+03
2.251307392042345782e+03
0.000000000000000000e+00
2.171795119715499368e+03
8.551400142010534466e+01
3.576254974655457772e+02
1.258853256732365026e+03
8.828160684718749707e+00
8.115538720006588491e+00
2.506024856691481546e+03
0.000000000000000000e+00
0.000000000000000000e+00
1.159967184182896744e+02
1.097233723478898128e+03
9.236965921958326931e+01
1.353160399930609969e+02
2.767452173964883059e+03
9.261988194523146944e+01
2.154120678076171203e+02
0.000000000000000000e+00
6.343558888460160006e+02
7.017144965033512563e+02
8.363679612050415244e+02
2.396730468035489139e+03
6.698101668471354060e+02
7.367485380336293019e+02
3.177009554772870388e+02
0.000000000000000000e+00
1.358066073508496629e+03
1.434081044540356288e+03
4.991779500953445563e+02
1.267446661781513740e+03
1.433479229767573884e+02
7.403540711199399311e+02
3.600133993261842988e+03
0.000000000000000000e+00
4.948786876632366472e+01
7.920660451123747407e+03
1.860388438552617885e+01
1.224453321654116706e+02
5.757402146673528023e+02
2.553580601991549884e+03
5.770569962973240763e+00
0.000000000000000000e+00
5.445807493520272146e+03
1.287083938216091994e+01
2.434391023964248689e+03
1.525317920047143616e+03
6.787375881749496784e+02
3.574784983670979273e+03
3.804109506299649183e+03
0.000000000000000000e+00
3.606675389549281590e+03
2.014877629730152080e+02
8.790430736852576956e+02
4.125776419579563481e+03
2.829630474403966289e+01
8.920649528254288896e+01
9.138160007913853406e+03
0.000000000000000000e+00
