38.8291, 49.5585, 61.6229, 74.5262, 87.6312, 100.243, 111.699, 121.447, 129.089, 134.408, 137.352, 138.016, 136.602, 133.383, 128.671, 122.789, 116.046, 108.727, 101.08, 93.3182, 85.6139, 78.1035, 70.8899, 64.0467, 57.6232, 51.6477, 46.1324, 41.0767, 36.4699, 32.2947, 28.5283, 25.1453, 22.118, 19.4183, 17.0184, 14.8908, 13.0095, 11.35, 9.88922, 8.60591, 7.48057, 6.49543, 5.63435, 4.88282, 4.22776, 3.65752, 3.16169, 2.73105, 2.35739, 2.03349
37.3158, 47.6931, 59.4087, 71.9992, 84.8597, 97.3219, 108.741, 118.567, 126.4, 132.005, 135.31, 136.385, 135.409, 132.633, 128.351, 122.869, 116.487, 109.484, 102.104, 94.5597, 87.0253, 79.64, 72.511, 65.7165, 59.3105, 53.3264, 47.781, 42.6778, 38.0103, 33.7642, 29.9202, 26.455, 23.3434, 20.5589, 18.075, 15.8655, 13.9052, 12.1701, 10.6377, 9.287, 8.0986, 7.05479, 6.13941, 5.33782, 4.63682, 4.02456, 3.49043, 3.02496, 2.61975, 2.26734
35.8183, 45.8413, 57.2022, 69.4696, 82.0708, 94.3649, 105.725, 115.609, 123.611, 129.483, 133.134, 134.611, 134.068, 131.735, 127.887, 122.815, 116.807, 110.134, 103.039, 95.7299, 88.3834, 81.1411, 74.1136, 67.3835, 61.0094, 55.0295, 49.4649, 44.3237, 39.603, 35.2924, 31.3754, 27.8315, 24.6377, 21.7695, 19.2019, 16.9099, 14.8694, 13.057, 11.4508, 10.0301, 8.77588, 7.67046, 6.69772, 5.84297, 5.09291, 4.43555, 3.86009, 3.35688, 2.9173, 2.53366
34.3371, 44.0041, 55.0047, 66.939, 79.2664, 91.3738, 102.653, 112.572, 120.72, 126.84, 130.821, 132.688, 132.572, 130.681, 127.271, 122.616, 116.995, 110.668, 103.873, 96.8176, 89.6776, 82.5966, 75.6884, 69.0394, 62.7126, 56.7506, 51.1792, 46.0104, 41.2456, 36.8776, 32.8934, 29.2752, 26.0023, 23.0523, 20.4018, 18.0274, 15.9059, 14.0149, 12.333, 10.8401, 9.51748, 8.34762, 7.31453, 6.40352, 5.60126, 4.89563, 4.27572, 3.7317, 3.25476, 2.83701
32.8728, 42.1822, 52.8174, 64.4089, 76.4482, 88.3503, 99.5277, 109.457, 117.73, 124.076, 128.369, 130.612, 130.915, 129.464, 126.493, 122.264, 117.039, 111.072, 104.595, 97.8109, 90.8961, 83.9953, 77.2248, 70.6746, 64.4115, 58.4825, 52.9176, 47.7331, 42.9341, 38.5174, 34.4728, 30.7856, 27.4377, 24.4087, 21.6772, 19.2211, 17.0185, 15.048, 13.289, 11.722, 10.3286, 9.09172, 7.9954, 7.02511, 6.16749, 5.41041, 4.74285, 4.15483, 3.63741, 3.18252
31.426, 40.3766, 50.6416, 61.8811, 73.6182, 85.2966, 96.3501, 106.267, 114.64, 121.19, 125.776, 128.381, 129.093, 128.076, 125.546, 121.748, 116.93, 111.336, 105.191, 98.6968, 92.0262, 85.3249, 78.7112, 72.2782, 66.0963, 60.2164, 54.6727, 49.4855, 44.6638, 40.208, 36.1112, 32.3617, 28.9439, 25.8398, 23.0298, 20.4936, 18.2106, 16.1604, 14.3235, 12.6809, 11.2148, 9.9084, 8.74619, 7.7137, 6.79768, 5.98597, 5.26751, 4.63226, 4.07113, 3.57592
29.9972, 38.5882, 48.4786, 59.3572, 70.7784, 82.2148, 93.1223, 103.002, 111.45, 118.181, 123.039, 125.989, 127.098, 126.51, 124.42, 121.056, 116.654, 111.445, 105.649, 99.4614, 93.0538, 86.5716, 80.1345, 73.838, 67.7557, 61.9423, 56.4357, 51.2601, 46.4285, 41.9446, 37.8051, 34.0011, 30.5198, 27.3456, 24.4608, 21.847, 19.485, 17.3558, 15.4406, 13.7215, 12.1812, 10.8034, 9.57296, 8.47561, 7.49825, 6.62883, 5.85628, 5.17052, 4.56239, 4.02357
28.587, 36.8179, 46.3298, 56.8391, 67.931, 79.1071, 89.8465, 99.6651, 108.162, 115.049, 120.157, 123.434, 124.927, 124.758, 123.106, 120.179, 116.199, 111.387, 105.954, 100.09, 93.9638, 87.7205, 81.4801, 75.3401, 69.3769, 63.6483, 58.1959, 53.0477, 48.2203, 43.7209, 39.5495, 35.7003, 32.1632, 28.9251, 25.9705, 23.2827, 20.8442, 18.6374, 16.6446, 14.8487, 13.2333, 11.7826, 10.4819, 9.31735, 8.27599, 7.34593, 6.51619, 5.7767, 5.11827, 4.53252
27.1961, 35.0668, 44.1966, 54.3286, 65.0782, 75.9761, 86.5253, 96.2572, 104.777, 111.793, 117.128, 120.711, 122.572, 122.814, 121.594, 119.104, 115.552, 111.147, 106.09, 100.566, 94.74, 88.7553, 82.7322, 76.7692, 70.9452, 65.3209, 59.9412, 54.8374, 50.0297, 45.5288, 41.3379, 37.4542, 33.8706, 30.5762, 27.5579, 24.801, 22.2897, 20.0077, 17.9388, 16.0667, 14.376, 12.8516, 11.4793, 10.2456, 9.13789, 8.14456, 7.25473, 6.45842, 5.74646, 5.11046
25.8251, 33.3359, 42.0805, 51.8278, 62.2226, 72.8246, 83.1613, 92.7809, 101.297, 108.416, 113.951, 117.819, 120.031, 120.67, 119.875, 117.821, 114.7, 110.709, 106.041, 100.872, 95.3646, 89.6582, 83.8728, 78.1081, 72.4443, 66.9447, 61.6571, 56.6162, 51.8452, 47.3583, 43.1618, 39.256, 35.6364, 32.2949, 29.2206, 26.4009, 23.8216, 21.4683, 19.3258, 17.3793, 15.614, 14.0158, 12.5711, 11.2669, 10.0911, 9.03222, 8.07973, 7.22375, 6.4552, 5.76572
24.4748, 31.6263, 39.9831, 49.3387, 59.3666, 69.6554, 79.7575, 89.2392, 97.723, 104.916, 110.625, 114.755, 117.297, 118.318, 117.94, 116.317, 113.629, 110.06, 105.79, 100.992, 95.8188, 90.4097, 84.8828, 79.3375, 73.8555, 68.5019, 63.3271, 58.3687, 53.6529, 49.197, 45.0105, 41.0966, 37.4535, 34.0756, 30.9546, 28.0798, 25.439, 23.0193, 20.8072, 18.789, 16.9509, 15.2799, 13.7629, 12.3877, 11.1425, 10.0165, 8.99922, 8.0811, 7.25318, 6.50723
23.1458, 29.9391, 37.9062, 46.8637, 56.5131, 66.4718, 76.3174, 85.6351, 94.0583, 101.297, 107.152, 111.516, 114.367, 115.754, 115.779, 114.582, 112.326, 109.182, 105.32, 100.904, 96.0823, 90.989, 85.7407, 80.4363, 75.1581, 69.9725, 64.9322, 60.077, 55.4363, 51.0301, 46.8707, 42.9643, 39.3118, 35.9102, 32.7534, 29.833, 27.1388, 24.6595, 22.3831, 20.2972, 18.3895, 16.6477, 15.0596, 13.6137, 12.2989, 11.1048, 10.0212, 9.039, 8.14939, 7.34431
21.839, 28.2757, 35.8515, 44.4052, 53.6653, 63.2773, 72.8447, 81.9724, 90.306, 97.5594, 103.53, 108.101, 111.236, 112.969, 113.384, 112.604, 110.777, 108.06, 104.613, 100.59, 96.1335, 91.3736, 86.4236, 81.3814, 76.329, 71.334, 66.4505, 61.7207, 57.1761, 52.8396, 48.7262, 44.8447, 41.1988, 37.7878, 34.6082, 31.6534, 28.9155, 26.385, 24.0513, 21.9037, 19.9309, 18.1216, 16.4649, 14.9499, 13.5663, 12.3039, 11.1534, 10.1059, 9.1529, 8.28656
20.5553, 26.6375, 33.8211, 41.9659, 50.8264, 60.076, 69.3438, 78.2553, 86.4698, 93.7067, 99.7614, 104.51, 107.903, 109.959, 110.746, 110.371, 108.966, 106.676, 103.648, 100.027, 95.9497, 91.5394, 86.9065, 82.1471, 77.3426, 72.561, 67.8574, 63.2757, 58.8497, 54.6044, 50.5574, 46.72, 43.0983, 39.6944, 36.5066, 33.5309, 30.7611, 28.1896, 25.8076, 23.6056, 21.5739, 19.7024, 17.981, 16.3998, 14.9492, 13.6199, 12.4029, 11.2898, 10.2725, 9.34349
19.2958, 25.026, 31.8172, 39.5489, 48.0004, 56.8723, 65.8195, 74.489, 82.5544, 89.7426, 95.849, 100.743, 104.366, 106.72, 107.859, 107.874, 106.882, 105.015, 102.407, 99.1955, 95.5072, 91.4608, 87.1626, 82.7059, 78.1709, 73.6253, 69.125, 64.7151, 60.4309, 56.2995, 52.3408, 48.5683, 44.9906, 41.6118, 38.4327, 35.4514, 32.6635, 30.0634, 27.644, 25.3973, 23.3149, 21.388, 19.6076, 17.9648, 16.4508, 15.0571, 13.7753, 12.5975, 11.5162, 10.5241
18.0616, 23.4429, 29.8423, 37.1573, 45.1913, 53.6712, 62.2776, 70.6793, 78.5657, 85.6723, 91.7963, 96.8026, 100.623, 103.247, 104.715, 105.102, 104.511, 103.059, 100.871, 98.0719, 94.7812, 91.1111, 87.1633, 83.0278, 78.7831, 74.496, 70.2223, 66.008, 61.8896, 57.896, 54.0487, 50.3636, 46.8511, 43.5177, 40.3662, 37.3967, 34.6068, 31.9927, 29.5489, 27.2692, 25.1464, 23.1731, 21.3414, 19.6435, 18.0715, 16.6177, 15.2744, 14.0343, 12.8906, 11.8363
16.854, 21.8902, 27.8991, 34.795, 42.4039, 50.4784, 58.7245, 66.8331, 74.5105, 81.5021, 87.6085, 92.6918, 96.6759, 99.5399, 101.31, 102.048, 101.841, 100.795, 99.0209, 96.6343, 93.7465, 90.4625, 86.8786, 83.0812, 79.1462, 75.1389, 71.1148, 67.12, 63.1919, 59.3605, 55.649, 52.0749, 48.6506, 45.3845, 42.2814, 39.3433, 36.5697, 33.9584, 31.5057, 29.207, 27.0564, 25.048, 23.175, 21.4306, 19.8081, 18.3004, 16.9009, 15.6029, 14.3999, 13.2859
15.6746, 20.3701, 25.9907, 32.4661, 39.6436, 47.3005, 55.1677, 62.9588, 70.3973, 77.2402, 83.2928, 88.4163, 92.5285, 95.5988, 97.641, 98.704, 98.862, 98.2065, 96.8382, 94.8612, 92.3781, 89.4867, 86.2775, 82.8326, 79.2247, 75.5173, 71.7648, 68.0128, 64.2993, 60.655, 57.1042, 53.6659, 50.3541, 47.179, 44.1469, 41.2617, 38.5248, 35.9355, 33.4918, 31.1905, 29.0273, 26.9975, 25.0956, 23.3159, 21.6527, 20.0999, 18.6516, 17.3019, 16.0452, 14.8757
14.525, 18.8851, 24.1206, 30.1753, 36.9163, 44.1447, 51.6159, 59.0658, 66.2362, 72.8966, 78.8586, 83.9842, 88.1865, 91.4269, 93.7085, 95.0677, 95.5662, 95.283, 94.307, 92.732, 90.6515, 88.1555, 85.3284, 82.2474, 78.9817, 75.5921, 72.1315, 68.6446, 65.1694, 61.7367, 58.3719, 55.0947, 51.9207, 48.8613, 45.9245, 43.1158, 40.4379, 37.892, 35.4775, 33.1926, 31.0345, 28.9996, 27.0839, 25.2826, 23.5912, 22.0044, 20.5174, 19.1249, 17.822, 16.6038
13.4072, 17.4379, 22.2927, 27.9278, 34.229, 41.0197, 48.0792, 55.1657, 62.0396, 68.484, 74.3183, 79.4065, 83.6591, 87.031, 89.5156, 91.1384, 91.9493, 92.0152, 91.414, 90.2288, 88.5441, 86.442, 84.0003, 81.291, 78.3791, 75.3225, 72.1717, 68.9704, 65.7557, 62.5584, 59.4042, 56.3137, 53.3031, 50.3851, 47.569, 44.8616, 42.2671, 39.7879, 37.425, 35.1778, 33.045, 31.0241, 29.1122, 27.3059, 25.6015, 23.9948, 22.4818, 21.0582, 19.7197, 18.462
12.3232, 16.0316, 20.5112, 25.7295, 31.5892, 37.9349, 44.5689, 51.2715, 57.822, 64.0177, 69.6872, 74.6981, 78.9598, 82.422, 85.0704, 86.9206, 88.0115, 88.3988, 88.1497, 87.3372, 86.0364, 84.3218, 82.2641, 79.9298, 77.3793, 74.667, 71.8409, 68.9428, 66.0087, 63.0689, 60.1489, 57.2695, 54.4477, 51.697, 49.0276, 46.4473, 43.9616, 41.5742, 39.2871, 37.1011, 35.016, 33.0306, 31.1431, 29.351, 27.6518, 26.0422, 24.519, 23.0788, 21.718, 20.4332
11.2755, 14.6695, 18.7811, 23.5869, 29.0055, 34.9012, 41.0983, 47.3986, 53.6005, 59.5163, 64.9846, 69.878, 74.1066, 77.6164, 80.3866, 82.4243, 83.7587, 84.4351, 84.5104, 84.048, 83.114, 81.7748, 80.0943, 78.1331, 75.9467, 73.5856, 71.0948, 68.5138, 65.8771, 63.214, 60.5494, 57.9042, 55.2954, 52.737, 50.2399, 47.8128, 45.462, 43.1923, 41.0067, 38.907, 36.8941, 34.9678, 33.1274, 31.3715, 29.6983, 28.1056, 26.591, 25.1518, 23.7854, 22.4889
10.2665, 13.3555, 17.1074, 21.5072, 26.4874, 31.9307, 37.6822, 43.5646, 49.3952, 55.0018, 60.2338, 64.9704, 69.1231, 72.6365, 75.4845, 77.6669, 79.2043, 80.1329, 80.4999, 80.3595, 79.7692, 78.7874, 77.4714, 75.8753, 74.0499, 72.0413, 69.8913, 67.6366, 65.3098, 62.9388, 60.5477, 58.1566, 55.7827, 53.4399, 51.1395, 48.8907, 46.7005, 44.5744, 42.5163, 40.5289, 38.6138, 36.772, 35.0034, 33.3076, 31.6837, 30.1303, 28.6457, 27.2283, 25.8758, 24.5863
9.29909, 12.0934, 15.4958, 19.4981, 24.0451, 29.0366, 34.3371, 39.7892, 45.229, 50.4998, 55.4628, 60.0044, 64.0394, 67.5118, 70.392, 72.674, 74.3709, 75.5106, 76.1317, 76.2797, 76.004, 75.3555, 74.3845, 73.1393, 71.6652, 70.0041, 68.194, 66.269, 64.2591, 62.1905, 60.086, 57.9651, 55.8441, 53.737, 51.655, 49.6075, 47.602, 45.6444, 43.7392, 41.8897, 40.0984, 38.3667, 36.6956, 35.0853, 33.5356, 32.0458, 30.6152, 29.2424, 27.9263, 26.6652
8.37603, 10.8874, 13.9521, 17.5677, 21.6897, 26.2332, 31.0808, 36.0943, 41.1276, 46.0398, 50.704, 55.015, 58.892, 62.2796, 65.1461, 67.481, 69.2912, 70.5976, 71.4308, 71.8286, 71.8328, 71.4871, 70.8351, 69.9193, 68.7799, 67.4542, 65.9764, 64.3774, 62.6847, 60.9225, 59.112, 57.2714, 55.4165, 53.5604, 51.7143, 49.8875, 48.0875, 46.3205, 44.5914, 42.9039, 41.2609, 39.6646, 38.1162, 36.6168, 35.1667, 33.7659, 32.4141, 31.1107, 29.855, 28.646
7.50018, 9.74148, 12.4823, 15.7244, 19.4325, 23.5355, 27.9327, 32.5035, 37.1193, 41.6544, 45.9944, 50.0428, 53.7242, 56.985, 59.7928, 62.1337, 64.0099, 65.436, 66.436, 67.0407, 67.2849, 67.2056, 66.8402, 66.2256, 65.3968, 64.3868, 63.2259, 61.9417, 60.559, 59.0997, 57.5832, 56.0264, 54.4439, 52.8481, 51.2496, 49.6574, 48.0789, 46.5202, 44.9864, 43.4814, 42.0084, 40.5699, 39.1677, 37.8031, 36.4769, 35.1896, 33.9414, 32.7322, 31.5617, 30.4294
6.67429, 8.65983, 11.0922, 13.9764, 17.285, 20.9589, 24.9124, 29.0415, 33.2341, 37.3791, 41.3746, 45.1332, 48.5855, 51.681, 54.3874, 56.6888, 58.5837, 60.0816, 61.201, 61.9664, 62.4066, 62.5524, 62.4355, 62.0873, 61.5383, 60.8169, 59.9497, 58.9611, 57.8729, 56.7049, 55.4744, 54.1968, 52.8852, 51.5512, 50.2046, 48.854, 47.5062, 46.1673, 44.8421, 43.5348, 42.2486, 40.986, 39.7491, 38.5396, 37.3585, 36.2066, 35.0846, 33.9925, 32.9305, 31.8986
5.90087, 7.64611, 9.78737, 12.3317, 15.2582, 18.5183, 22.0397, 25.7336, 29.503, 33.2511, 36.8878, 40.3353, 43.5306, 46.427, 48.9932, 51.2126, 53.0808, 54.6036, 55.7947, 56.6734, 57.2629, 57.5889, 57.6777, 57.5561, 57.2497, 56.7831, 56.1792, 55.4592, 54.6422, 53.7454, 52.7843, 51.7724, 50.7217, 49.6425, 48.5438, 47.4332, 46.3173, 45.2017, 44.091, 42.9892, 41.8993, 40.8241, 39.7657, 38.7257, 37.7055, 36.706, 35.728, 34.772, 33.8382, 32.927
5.18204, 6.70354, 8.57254, 10.7973, 13.3623, 16.2277, 19.3334, 22.604, 25.9565, 29.3074, 32.5781, 35.7001, 38.6173, 41.287, 43.68, 45.7796, 47.5797, 49.0831, 50.2998, 51.2448, 51.9367, 52.3963, 52.6456, 52.7068, 52.6015, 52.3506, 51.9736, 51.4885, 50.9118, 50.2586, 49.5421, 48.7744, 47.9657, 47.1254, 46.2613, 45.3804, 44.4885, 43.5908, 42.6915, 41.7942, 40.902, 40.0173, 39.1422, 38.2784, 37.4273, 36.5899, 35.767, 34.9594, 34.1674, 33.3913
4.51939, 5.83457, 7.45155, 9.37912, 11.6058, 14.0995, 16.8103, 19.6749, 22.6231, 25.5835, 28.4884, 31.2783, 33.9037, 36.3267, 38.5204, 40.4688, 42.165, 43.6097, 44.8099, 45.777, 46.526, 47.0735, 47.4377, 47.6368, 47.6888, 47.6112, 47.4204, 47.1317, 46.7591, 46.3155, 45.8121, 45.2594, 44.6663, 44.0407, 43.3897, 42.7193, 42.0347, 41.3404, 40.6402, 39.9373, 39.2346, 38.5343, 37.8383, 37.1483, 36.4655, 35.791, 35.1257, 34.4702, 33.8251, 33.1906
3.91383, 5.04074, 6.42698, 8.08128, 9.99531, 12.1433, 14.4842, 16.9653, 19.5278, 22.1111, 24.6578, 27.1168, 29.4452, 31.6096, 33.5862, 35.36, 36.9237, 38.2769, 39.4242, 40.3745, 41.1393, 41.7322, 42.1678, 42.4611, 42.6268, 42.6796, 42.633, 42.4999, 42.2919, 42.02, 41.6937, 41.3217, 40.9117, 40.4706, 40.0043, 39.518, 39.0161, 38.5027, 37.981, 37.4539, 36.9238, 36.3928, 35.8626, 35.3347, 34.8102, 34.2902, 33.7754, 33.2665, 32.764, 32.2684
3.36549, 4.32248, 5.49991, 6.90599, 8.53476, 10.3656, 12.365, 14.4895, 16.6901, 18.9162, 21.1195, 23.2565, 25.2908, 27.1934, 28.9436, 30.5277, 31.9389, 33.1758, 34.2415, 35.1427, 35.8885, 36.4896, 36.9578, 37.3053, 37.5443, 37.6866, 37.7434, 37.7255, 37.6425, 37.5034, 37.3162, 37.0883, 36.8261, 36.5353, 36.221, 35.8876, 35.5388, 35.178, 34.8081, 34.4315, 34.0503, 33.6663, 33.281, 32.8957, 32.5114, 32.129, 31.7493, 31.3728, 31.0001, 30.6315
2.87367, 3.67906, 4.66977, 5.85324, 7.22523, 8.76931, 10.4582, 12.2564, 14.1234, 16.0175, 17.8981, 19.7292, 21.4799, 23.1258, 24.6488, 26.0371, 27.2843, 28.3888, 29.3525, 30.1805, 30.8799, 31.4592, 31.9278, 32.2956, 32.5725, 32.7681, 32.8917, 32.9518, 32.9566, 32.9134, 32.8289, 32.709, 32.5591, 32.3841, 32.188, 31.9745, 31.7469, 31.5079, 31.2599, 31.005, 30.7449, 30.4812, 30.2152, 29.9479, 29.6802, 29.413, 29.1468, 28.8822, 28.6196, 28.3594
2.43682, 3.10854, 3.93435, 4.92078, 6.06475, 7.35322, 8.76415, 10.2686, 11.8336, 13.4247, 15.0088, 16.5557, 18.04, 19.4412, 20.7441, 21.9386, 23.019, 23.9835, 24.8334, 25.5726, 26.2065, 26.7419, 27.1865, 27.548, 27.8344, 28.0535, 28.2129, 28.3195, 28.3799, 28.4, 28.3854, 28.3409, 28.271, 28.1794, 28.0697, 27.9449, 27.8075, 27.66, 27.5042, 27.3419, 27.1746, 27.0035, 26.8296, 26.654, 26.4773, 26.3002, 26.1233, 25.947, 25.7717, 25.5976
2.05256, 2.60783, 3.28984, 4.10414, 5.04846, 6.11243, 7.27834, 8.52281, 9.81905, 11.1391, 12.4559, 13.7449, 14.985, 16.1596, 17.2558, 18.2654, 19.1833, 20.008, 20.7403, 21.383, 21.9405, 22.4182, 22.822, 23.1583, 23.4334, 23.6536, 23.825, 23.9531, 24.0432, 24.1002, 24.1286, 24.1322, 24.1146, 24.079, 24.0281, 23.9645, 23.8902, 23.807, 23.7167, 23.6206, 23.52, 23.4157, 23.3088, 23.1999, 23.0898, 22.9788, 22.8675, 22.7563, 22.6455, 22.5353
1.71785, 2.17287, 2.73105, 3.39694, 4.16885, 5.03852, 5.99175, 7.00978, 8.07104, 9.15299, 10.2338, 11.2935, 12.3152, 13.2851, 14.193, 15.0319, 15.7978, 16.4891, 17.1065, 17.6521, 18.1294, 18.5426, 18.8964, 19.196, 19.4462, 19.6522, 19.8188, 19.9504, 20.0513, 20.1254, 20.1762, 20.2068, 20.2201, 20.2187, 20.2047, 20.1802, 20.1468, 20.106, 20.0591, 20.0073, 19.9515, 19.8926, 19.8312, 19.7679, 19.7033, 19.6378, 19.5718, 19.5054, 19.4392, 19.3731
1.42905, 1.7988, 2.25164, 2.79125, 3.41627, 4.12015, 4.89155, 5.7155, 6.57476, 7.4513, 8.32763, 9.18785, 10.0183, 10.808, 11.5487, 12.2348, 12.8629, 13.4319, 13.9422, 14.3955, 14.7944, 15.1423, 15.443, 15.7004, 15.9185, 16.1014, 16.2529, 16.3764, 16.4754, 16.553, 16.6119, 16.6546, 16.6834, 16.7003, 16.7071, 16.7053, 16.6963, 16.6813, 16.6612, 16.6371, 16.6095, 16.5793, 16.5469, 16.5128, 16.4775, 16.4413, 16.4044, 16.3671, 16.3297, 16.2922
1.18216, 1.4802, 1.84451, 2.27799, 2.77953, 3.3439, 3.9621, 4.62223, 5.31061, 6.01296, 6.7154, 7.4053, 8.07187, 8.70638, 9.30228, 9.85511, 10.3623, 10.8228, 11.237, 11.6062, 11.9325, 12.2187, 12.4675, 12.6823, 12.866, 13.022, 13.1531, 13.2622, 13.3519, 13.4247, 13.4827, 13.5279, 13.562, 13.5868, 13.6034, 13.6132, 13.6172, 13.6163, 13.6114, 13.6032, 13.5921, 13.5788, 13.5637, 13.5472, 13.5295, 13.511, 13.4918, 13.4722, 13.4524, 13.4323
0.972938, 1.21134, 1.50211, 1.84747, 2.24649, 2.69501, 3.18589, 3.70975, 4.2558, 4.81279, 5.36982, 5.91697, 6.44576, 6.94935, 7.42263, 7.8621, 8.26575, 8.63283, 8.96361, 9.25916, 9.52116, 9.75168, 9.95306, 10.1277, 10.2782, 10.407, 10.5163, 10.6084, 10.6854, 10.7492, 10.8013, 10.8435, 10.877, 10.9031, 10.9229, 10.9372, 10.947, 10.9529, 10.9557, 10.9557, 10.9535, 10.9494, 10.9439, 10.9371, 10.9294, 10.9209, 10.9118, 10.9023, 10.8925, 10.8825
0.797089, 0.986413, 1.21676, 1.48979, 1.80472, 2.15822, 2.54467, 2.95671, 3.38588, 3.8234, 4.26075, 4.69023, 5.10523, 5.50046, 5.87196, 6.21704, 6.53418, 6.8228, 7.08317, 7.31613, 7.52302, 7.70547, 7.8653, 8.00443, 8.12481, 8.22834, 8.31684, 8.39203, 8.4555, 8.5087, 8.55296, 8.58947, 8.61929, 8.64335, 8.66249, 8.67743, 8.68881, 8.69717, 8.70301, 8.70672, 8.70866, 8.70913, 8.7084, 8.70668, 8.70416, 8.701, 8.69734, 8.69328, 8.68893, 8.68435
0.650415, 0.799754, 0.980962, 1.19526, 1.44198, 1.71845, 2.02029, 2.34172, 2.67618, 3.01684, 3.35712, 3.69107, 4.0136, 4.32064, 4.60918, 4.87717, 5.12346, 5.34766, 5.55, 5.73116, 5.8922, 6.0344, 6.15917, 6.26802, 6.36246, 6.44395, 6.51391, 6.57365, 6.62441, 6.66729, 6.70332, 6.73341, 6.75837, 6.77891, 6.79567, 6.80921, 6.82001, 6.82848, 6.83499, 6.83985, 6.84334, 6.84567, 6.84705, 6.84764, 6.84759, 6.84702, 6.84602, 6.84469, 6.84309, 6.84128
0.528927, 0.64599, 0.787625, 0.954711, 1.14666, 1.36137, 1.5954, 1.84427, 2.1029, 2.36603, 2.62861, 2.88607, 3.13453, 3.37089, 3.59287, 3.79895, 3.98827, 4.16058, 4.31606, 4.45529, 4.57909, 4.68847, 4.78452, 4.86841, 4.94131, 5.00433, 5.05858, 5.10505, 5.14469, 5.17835, 5.2068, 5.23074, 5.25078, 5.26748, 5.2813, 5.29266, 5.30194, 5.30945, 5.31547, 5.32022, 5.32391, 5.32671, 5.32877, 5.33023, 5.33117, 5.3317, 5.33188, 5.33179, 5.33148, 5.33099
0.42893, 0.520166, 0.630214, 0.759692, 0.908094, 1.07376, 1.254, 1.44537, 1.64396, 1.84575, 2.04686, 2.24383, 2.43371, 2.61419, 2.78354, 2.94063, 3.08485, 3.21603, 3.33435, 3.44027, 3.53443, 3.61761, 3.69068, 3.75453, 3.81004, 3.85809, 3.8995, 3.93504, 3.96543, 3.99131, 4.01327, 4.03183, 4.04745, 4.06056, 4.0715, 4.0806, 4.08813, 4.09432, 4.09938, 4.10349, 4.10679, 4.10942, 4.11149, 4.11309, 4.11429, 4.11517, 4.11579, 4.11618, 4.1164, 4.11647
0.347081, 0.417813, 0.502854, 0.602629, 0.716705, 0.843776, 0.981761, 1.12801, 1.27952, 1.43325, 1.58625, 1.73591, 1.88002, 2.01682, 2.14505, 2.26388, 2.37288, 2.47194, 2.56122, 2.64108, 2.71204, 2.77471, 2.82974, 2.87782, 2.91963, 2.95582, 2.98704, 3.01385, 3.03681, 3.05639, 3.07304, 3.08715, 3.09907, 3.10911, 3.11753, 3.12458, 3.13046, 3.13534, 3.13938, 3.1427, 3.14542, 3.14764, 3.14943, 3.15087, 3.15201, 3.1529, 3.15359, 3.15411, 3.1545, 3.15476
0.280409, 0.334981, 0.400373, 0.476868, 0.564102, 0.661049, 0.766105, 0.87724, 0.992183, 1.10861, 1.22432, 1.33734, 1.44601, 1.54905, 1.64551, 1.7348, 1.8166, 1.89087, 1.95774, 2.01751, 2.07057, 2.1174, 2.15849, 2.19438, 2.22557, 2.25258, 2.27587, 2.29588, 2.31301, 2.32764, 2.34009, 2.35066, 2.35961, 2.36716, 2.37352, 2.37886, 2.38333, 2.38706, 2.39017, 2.39275, 2.39488, 2.39664, 2.39809, 2.39927, 2.40022, 2.401, 2.40162, 2.40211, 2.4025, 2.4028
0.226325, 0.268245, 0.318302, 0.376679, 0.443073, 0.51668, 0.596272, 0.680301, 0.767051, 0.854772, 0.941809, 1.02669, 1.10819, 1.18536, 1.2575, 1.32419, 1.38522, 1.44056, 1.49033, 1.53477, 1.57418, 1.60893, 1.6394, 1.66599, 1.68908, 1.70907, 1.7263, 1.7411, 1.75377, 1.76459, 1.77381, 1.78163, 1.78826, 1.79387, 1.79859, 1.80257, 1.80591, 1.8087, 1.81104, 1.81299, 1.81461, 1.81596, 1.81707, 1.81799, 1.81875, 1.81937, 1.81987, 1.82028, 1.82062, 1.82088
0.182602, 0.214676, 0.252838, 0.297204, 0.34752, 0.403165, 0.463197, 0.526446, 0.591616, 0.657399, 0.722558, 0.786001, 0.846823, 0.904324, 0.958006, 1.00756, 1.05285, 1.09386, 1.13071, 1.16356, 1.19267, 1.2183, 1.24076, 1.26034, 1.27733, 1.29202, 1.30468, 1.31555, 1.32485, 1.33279, 1.33955, 1.3453, 1.35016, 1.35428, 1.35775, 1.36068, 1.36314, 1.3652, 1.36693, 1.36838, 1.36958, 1.37059, 1.37143, 1.37212, 1.37269, 1.37317, 1.37356, 1.37388, 1.37415, 1.37436
0.147351, 0.171805, 0.200793, 0.234383, 0.27237, 0.314271, 0.35937, 0.406785, 0.455543, 0.504668, 0.553242, 0.600458, 0.645651, 0.68831, 0.728077, 0.764735, 0.798188, 0.828444, 0.855586, 0.879761, 0.901152, 0.91997, 0.936437, 0.950778, 0.963215, 0.973957, 0.983204, 0.991138, 0.997925, 1.00372, 1.00864, 1.01283, 1.01637, 1.01937, 1.0219, 1.02404, 1.02583, 1.02734, 1.0286, 1.02966, 1.03055, 1.03129, 1.0319, 1.03242, 1.03284, 1.0332, 1.03349, 1.03373, 1.03393, 1.0341
0.118991, 0.137574, 0.159521, 0.184868, 0.213447, 0.244888, 0.278649, 0.314065, 0.350411, 0.38696, 0.423035, 0.458041, 0.491492, 0.523017, 0.55236, 0.579369, 0.603982, 0.626211, 0.646126, 0.663841, 0.679496, 0.693251, 0.705273, 0.715733, 0.724793, 0.732612, 0.739336, 0.7451, 0.750027, 0.754228, 0.757801, 0.760834, 0.763402, 0.765574, 0.767407, 0.768951, 0.770251, 0.771343, 0.772259, 0.773027, 0.773669, 0.774207, 0.774655, 0.77503, 0.775342, 0.775601, 0.775817, 0.775996, 0.776145, 0.776268
0.0962059, 0.110288, 0.126854, 0.145923, 0.167359, 0.190877, 0.216069, 0.242437, 0.269442, 0.296545, 0.323247, 0.349113, 0.373789, 0.397007, 0.418584, 0.438415, 0.45646, 0.472735, 0.487295, 0.50023, 0.511645, 0.521663, 0.530409, 0.538009, 0.544585, 0.550254, 0.555125, 0.559296, 0.562859, 0.565894, 0.568474, 0.570662, 0.572514, 0.574079, 0.5754, 0.576512, 0.577448, 0.578234, 0.578894, 0.579448, 0.579911, 0.580298, 0.580622, 0.580892, 0.581118, 0.581306, 0.581463, 0.581593, 0.581701, 0.581791
