31809.5, 27200.8, 23254, 19875.1, 16983.1, 14508.7, 12392.1, 10582, 9034.51, 7711.79, 6581.47, 5615.79, 4790.94, 4086.54, 3485.13, 2971.74, 2533.58, 2159.69, 1840.71, 1568.61, 1336.55, 1138.67, 969.959, 826.139, 703.556, 599.09, 510.076, 434.239, 369.636, 314.61, 267.748, 227.843, 193.866, 164.94, 140.317, 119.359, 101.522, 86.3432, 73.4276, 62.4388, 53.0903, 45.138, 38.3739, 32.621, 27.7286, 23.5682, 20.0307, 17.023, 14.466, 12.2923
38007.1, 32618.7, 27987.5, 24008.4, 20590.6, 17655.5, 15135.7, 12973, 11117.3, 9525.19, 8159.69, 6988.74, 5984.85, 5124.34, 4386.89, 3755, 3213.67, 2750, 2352.91, 2012.89, 1721.8, 1472.62, 1259.36, 1076.85, 920.694, 787.097, 672.816, 575.069, 491.475, 419.993, 358.874, 306.622, 261.956, 223.777, 191.147, 163.262, 139.434, 119.075, 101.681, 86.8224, 74.1296, 63.2882, 54.0289, 46.1214, 39.3687, 33.6028, 28.6796, 24.4764, 20.8881, 17.8248
45674.9, 39350.3, 33893.9, 29188, 25130.4, 21632.6, 18618.2, 16020.9, 13783.5, 11856.7, 10197.5, 8769.17, 7539.78, 6481.8, 5571.51, 4788.42, 4114.87, 3535.62, 3037.55, 2609.34, 2241.25, 1924.87, 1652.99, 1419.36, 1218.64, 1046.2, 898.087, 770.872, 661.622, 567.809, 487.259, 418.104, 358.738, 307.779, 264.041, 226.503, 194.289, 166.647, 142.928, 122.579, 105.12, 90.1435, 77.2963, 66.2768, 56.8254, 48.7194, 41.7678, 35.8065, 30.6946, 26.3115
55182.6, 47733.7, 41281.9, 35695.3, 30859, 26673.2, 23051.2, 19917.8, 17207.7, 14864.1, 12837.8, 11086.2, 9572.34, 8264.14, 7133.85, 6157.43, 5314.05, 4585.68, 3956.74, 3413.72, 2944.93, 2540.29, 2191.05, 1889.66, 1629.59, 1405.21, 1211.62, 1044.63, 900.593, 776.361, 669.222, 576.832, 497.166, 428.478, 369.259, 318.207, 274.198, 236.264, 203.569, 175.389, 151.103, 130.175, 112.14, 96.6003, 83.2105, 71.674, 61.7346, 53.1717, 45.795, 39.4404
66993.3, 58194.4, 50541.9, 43888.1, 38103.8, 33076.7, 28708.4, 24913.4, 21617, 18754.3, 16268.6, 14110.7, 12237.6, 10611.9, 9201.25, 7977.28, 6915.45, 5994.39, 5195.54, 4502.77, 3902.05, 3381.21, 2929.66, 2538.24, 2198.96, 1904.9, 1650.06, 1429.23, 1237.88, 1072.09, 928.448, 804.014, 696.222, 602.853, 521.981, 451.939, 391.279, 338.747, 293.256, 253.865, 219.757, 190.226, 164.657, 142.521, 123.357, 106.766, 92.4046, 79.9726, 69.2115, 59.8969
81686, 71267.3, 62167.4, 54220.9, 47283.2, 41227.3, 35942.3, 31330.7, 27307.5, 23798.2, 20737.5, 18068.6, 15741.6, 13712.9, 11944.6, 10403.5, 9060.38, 7890.07, 6870.41, 5982.08, 5208.26, 4534.24, 3947.2, 3435.96, 2990.76, 2603.1, 2265.58, 1971.72, 1715.89, 1493.19, 1299.34, 1130.61, 983.748, 855.932, 744.696, 647.894, 563.656, 490.356, 426.575, 371.08, 322.795, 280.786, 244.237, 212.441, 184.781, 160.718, 139.786, 121.577, 105.739, 91.9618
99983.7, 87623.7, 76780.6, 67270.1, 58929.9, 51617.4, 45207, 39588.4, 34664.4, 30349.8, 26569.7, 23258.3, 20357.9, 17817.7, 15593.3, 13645.6, 11940.3, 10447.5, 9140.7, 7996.89, 6995.82, 6119.73, 5353.09, 4682.25, 4095.3, 3581.76, 3132.49, 2739.47, 2395.66, 2094.93, 1831.89, 1601.82, 1400.6, 1224.63, 1070.73, 936.152, 818.467, 715.558, 625.574, 546.895, 478.101, 417.952, 365.364, 319.387, 279.191, 244.049, 213.328, 186.471, 162.994, 142.47
122786, 108104, 95165, 83764.8, 73722, 64876.4, 57086.4, 50227, 44187.8, 38871.5, 34192.1, 30073.6, 26449.4, 23260.3, 20454.4, 17985.9, 15814.4, 13904.4, 12224.3, 10746.8, 9447.41, 8304.77, 7300.02, 6416.59, 5639.85, 4956.97, 4356.63, 3828.88, 3364.95, 2957.16, 2598.72, 2283.66, 2006.76, 1763.39, 1549.5, 1361.53, 1196.34, 1051.17, 923.603, 811.503, 712.997, 626.44, 550.384, 483.555, 424.835, 373.242, 327.91, 288.082, 253.088, 222.343
151212, 133757, 118304, 104626, 92519.8, 81807.3, 72329, 63943.8, 56526.4, 49965.9, 44163.8, 39033, 34496.2, 30485, 26938.9, 23804, 21033, 18583.7, 16418.9, 14505.8, 12815.1, 11321, 10000.9, 8834.36, 7803.69, 6893.07, 6088.56, 5377.82, 4749.93, 4195.26, 3705.29, 3272.48, 2890.18, 2552.49, 2254.22, 1990.78, 1758.1, 1552.59, 1371.09, 1210.79, 1069.22, 944.198, 833.783, 736.273, 650.161, 574.116, 506.961, 447.658, 395.289, 349.045
186645, 165889, 147428, 131010, 116411, 103432, 91892.4, 81635.2, 72518.3, 64415.9, 57215.5, 50817.4, 45132.6, 40081.9, 35594.9, 31608.9, 28068.3, 24923.3, 22130, 19649.2, 17446, 15489.3, 13751.8, 12208.9, 10838.9, 9622.35, 8542.21, 7583.18, 6731.7, 5975.74, 5304.58, 4708.74, 4179.77, 3710.18, 3293.3, 2923.23, 2594.73, 2303.11, 2044.25, 1814.47, 1610.51, 1429.46, 1268.75, 1126.11, 999.495, 887.112, 787.361, 698.823, 620.238, 550.488
230790, 206119, 184072, 164371, 146769, 131044, 116997, 104450, 93244, 83236.2, 74299.3, 66319.1, 59193.8, 52832.1, 47152.5, 42082.2, 37556, 33515.6, 29909.2, 26690.2, 23817.1, 21252.8, 18964.3, 16921.9, 15099.1, 13472.5, 12021, 10725.7, 9569.82, 8538.42, 7618.09, 6796.89, 6064.16, 5410.36, 4827.01, 4306.53, 3842.13, 3427.8, 3058.12, 2728.29, 2434.03, 2171.49, 1937.26, 1728.29, 1541.85, 1375.52, 1227.12, 1094.74, 976.629, 871.26
285742, 256446, 230140, 206521, 185316, 166280, 149193, 133856, 120090, 107737, 96650.6, 86702.4, 77775.9, 69766.4, 62580.2, 56132.7, 50348.5, 45159.3, 40504.1, 36328.2, 32582.2, 29222.1, 26208.1, 23504.6, 21079.7, 18904.8, 16954.1, 15204.5, 13635.4, 12228.1, 10965.9, 9833.94, 8818.76, 7908.34, 7091.85, 6359.63, 5702.98, 5114.11, 4586.02, 4112.44, 3687.75, 3306.91, 2965.39, 2659.13, 2384.49, 2138.22, 1917.37, 1719.33, 1541.74, 1382.49
354057, 319325, 287987, 259712, 234205, 211195, 190438, 171717, 154831, 139602, 125867, 113481, 102312, 92239.6, 83157.6, 74968.5, 67584.7, 60927.3, 54924.8, 49513.1, 44634, 40235.3, 36269.7, 32694.6, 29471.6, 26566.2, 23947, 21585.9, 19457.4, 17538.7, 15809.1, 14250.1, 12844.7, 11577.8, 10435.9, 9406.54, 8478.69, 7642.34, 6888.47, 6208.95, 5596.44, 5044.35, 4546.71, 4098.15, 3693.84, 3329.41, 3000.93, 2704.86, 2437.99, 2197.45
438840, 397753, 360501, 326728, 296111, 268355, 243196, 220390, 199719, 180984, 164003, 148612, 134664, 122024, 110568, 100187, 90779.8, 82254.8, 74529.7, 67529.5, 61186.4, 55438.6, 50230.5, 45511.3, 41235.3, 37360.8, 33850.2, 30669.4, 27787.3, 25176, 22809.9, 20666.2, 18723.9, 16964.1, 15369.6, 13925, 12616.1, 11430.3, 10355.9, 9382.43, 8500.48, 7701.42, 6977.46, 6321.55, 5727.29, 5188.89, 4701.1, 4259.16, 3858.77, 3496.01
543830, 495364, 451209, 410982, 374336, 340952, 310541, 282839, 257605, 234620, 213684, 194614, 177245, 161424, 147015, 133891, 121938, 111051, 101136, 92106.1, 83881.8, 76391.6, 69570, 63357.3, 57699.3, 52546.4, 47853.6, 43579.7, 39687.6, 36142.9, 32914.8, 29975, 27297.7, 24859.5, 22639, 20616.9, 18775.3, 17098.3, 15571, 14180.1, 12913.5, 11760, 10709.5, 9752.84, 8881.65, 8088.27, 7365.76, 6707.79, 6108.59, 5562.92
673499, 616531, 564378, 516634, 472927, 432915, 396288, 362758, 332064, 303966, 278246, 254701, 233148, 213419, 195359, 178827, 163694, 149842, 137162, 125554, 114929, 105203, 96300.4, 88150.9, 80691.1, 73862.5, 67611.8, 61890.1, 56652.6, 51858.4, 47469.8, 43452.6, 39775.4, 36409.4, 33328.3, 30507.8, 27926.1, 25562.9, 23399.6, 21419.4, 19606.8, 17947.6, 16428.8, 15038.5, 13765.9, 12600.9, 11534.6, 10558.5, 9664.99, 8847.1
833147, 766467, 705129, 648704, 596798, 549050, 505125, 464717, 427544, 393348, 361888, 332947, 306321, 281826, 259292, 238560, 219487, 201939, 185796, 170943, 157278, 144706, 133140, 122498, 112707, 103699, 95411.7, 87786.5, 80770.9, 74316, 68377.2, 62913.1, 57885.7, 53260.1, 49004.2, 45088.5, 41485.7, 38170.8, 35120.8, 32314.6, 29732.6, 27357, 25171.2, 23160, 21309.6, 19607, 18040.5, 16599.1, 15272.9, 14052.7
1.02899e+06, 951322, 879539, 813189, 751859, 695167, 642761, 594316, 549531, 508128, 469852, 434464, 401747, 371498, 343530, 317672, 293762, 271655, 251214, 232313, 214835, 198674, 183730, 169911, 157132, 145316, 134388, 124283, 114938, 106297, 98305.1, 90914.7, 84080.2, 77759.8, 71914.6, 66509.1, 61510, 56886.8, 52611.2, 48657.1, 45000.2, 41618.3, 38490.6, 35598, 32922.8, 30448.7, 28160.6, 26044.4, 24087.3, 22277.3
1.26821e+06, 1.17827e+06, 1.09474e+06, 1.01717e+06, 945131, 878219, 816068, 758336, 704707, 654887, 608603, 565602, 525651, 488531, 454041, 421993, 392213, 364541, 338825, 314928, 292721, 272082, 252901, 235075, 218508, 203110, 188799, 175497, 163134, 151643, 140962, 131034, 121807, 113229, 105256, 97845.5, 90956.7, 84553.3, 78600.9, 73067.9, 67924.6, 63143.5, 58699.1, 54567.7, 50727.2, 47157.1, 43838.3, 40753.2, 37885.3, 35219.3
1.55904e+06, 1.45554e+06, 1.35899e+06, 1.2689e+06, 1.18485e+06, 1.10641e+06, 1.0332e+06, 964881, 901111, 841585, 786017, 734142, 685711, 640493, 598272, 558849, 522035, 487657, 455553, 425571, 397569, 371416, 346989, 324173, 302862, 282956, 264361, 246991, 230766, 215608, 201448, 188219, 175861, 164315, 153529, 143452, 134037, 125241, 117022, 109344, 102170, 95466.7, 89203.9, 83352.3, 77884.9, 72776.3, 68003.1, 63543.1, 59375.8, 55482
1.91069e+06, 1.79247e+06, 1.68168e+06, 1.57784e+06, 1.4805e+06, 1.38926e+06, 1.30371e+06, 1.22349e+06, 1.14826e+06, 1.07771e+06, 1.01155e+06, 949480, 891258, 836638, 785393, 737312, 692197, 649861, 610132, 572847, 537854, 505011, 474184, 445248, 418086, 392588, 368652, 346181, 325085, 305278, 286683, 269224, 252831, 237439, 222986, 209415, 196672, 184707, 173470, 162919, 153010, 143705, 134967, 126761, 119054, 111817, 105020, 98637.2, 92642.4, 87012.3
2.33334e+06, 2.19939e+06, 2.0733e+06, 1.95461e+06, 1.84286e+06, 1.73763e+06, 1.63852e+06, 1.54518e+06, 1.45724e+06, 1.37439e+06, 1.29632e+06, 1.22276e+06, 1.15343e+06, 1.08809e+06, 1.02649e+06, 968426, 913683, 862068, 813399, 767505, 724225, 683406, 644908, 608595, 574343, 542031, 511550, 482794, 455664, 430067, 405915, 383127, 361624, 341334, 322187, 304118, 287067, 270975, 255788, 241455, 227928, 215160, 203110, 191737, 181002, 170869, 161305, 152277, 143755, 135711
2.83795e+06, 2.68752e+06, 2.54534e+06, 2.41093e+06, 2.28384e+06, 2.16365e+06, 2.04996e+06, 1.94241e+06, 1.84065e+06, 1.74435e+06, 1.65321e+06, 1.56693e+06, 1.48526e+06, 1.40793e+06, 1.33471e+06, 1.26536e+06, 1.19968e+06, 1.13746e+06, 1.07853e+06, 1.02269e+06, 969790, 919660, 872156, 827136, 784467, 744024, 705688, 669348, 634897, 602235, 571268, 541907, 514066, 487667, 462632, 438892, 416377, 395025, 374774, 355566, 337348, 320068, 303678, 288130, 273382, 259392, 246120, 233530, 221586, 210255
3.436e+06, 3.26873e+06, 3.11e+06, 2.95934e+06, 2.8163e+06, 2.68048e+06, 2.55148e+06, 2.42893e+06, 2.31249e+06, 2.20183e+06, 2.09665e+06, 1.99666e+06, 1.9016e+06, 1.81119e+06, 1.72521e+06, 1.64343e+06, 1.56562e+06, 1.4916e+06, 1.42115e+06, 1.35411e+06, 1.29031e+06, 1.22957e+06, 1.17175e+06, 1.1167e+06, 1.06429e+06, 1.01438e+06, 966849, 921581, 878465, 837396, 798274, 761004, 725496, 691665, 659430, 628713, 599443, 571549, 544966, 519630, 495483, 472467, 450528, 429616, 409682, 390680, 372564, 355294, 338829, 323131
4.13918e+06, 3.95515e+06, 3.77987e+06, 3.61288e+06, 3.45373e+06, 3.30202e+06, 3.15737e+06, 3.01942e+06, 2.88783e+06, 2.76227e+06, 2.64245e+06, 2.52808e+06, 2.41889e+06, 2.31463e+06, 2.21505e+06, 2.11994e+06, 2.02908e+06, 1.94226e+06, 1.85929e+06, 1.77999e+06, 1.70418e+06, 1.63171e+06, 1.56242e+06, 1.49616e+06, 1.43279e+06, 1.37217e+06, 1.31419e+06, 1.25872e+06, 1.20565e+06, 1.15487e+06, 1.10628e+06, 1.05977e+06, 1.01526e+06, 972660, 931878, 892838, 855461, 819675, 785411, 752600, 721181, 691092, 662275, 634676, 608241, 582920, 558666, 535432, 513174, 491851
4.95884e+06, 4.75871e+06, 4.56743e+06, 4.38455e+06, 4.20966e+06, 4.04235e+06, 3.88226e+06, 3.72902e+06, 3.5823e+06, 3.4418e+06, 3.30721e+06, 3.17826e+06, 3.05468e+06, 2.93623e+06, 2.82266e+06, 2.71376e+06, 2.6093e+06, 2.5091e+06, 2.41296e+06, 2.3207e+06, 2.23215e+06, 2.14715e+06, 2.06554e+06, 1.98717e+06, 1.91191e+06, 1.83962e+06, 1.77018e+06, 1.70347e+06, 1.63937e+06, 1.57776e+06, 1.51856e+06, 1.46166e+06, 1.40696e+06, 1.35437e+06, 1.30381e+06, 1.25519e+06, 1.20843e+06, 1.16347e+06, 1.12023e+06, 1.07863e+06, 1.03862e+06, 1.00012e+06, 963090, 927459, 893173, 860182, 828433, 797879, 768473, 740169
5.90551e+06, 5.69052e+06, 5.48441e+06, 5.28673e+06, 5.09709e+06, 4.91508e+06, 4.74036e+06, 4.57256e+06, 4.41138e+06, 4.2565e+06, 4.10763e+06, 3.96451e+06, 3.82687e+06, 3.69448e+06, 3.5671e+06, 3.44451e+06, 3.32651e+06, 3.21289e+06, 3.10349e+06, 2.9981e+06, 2.89658e+06, 2.79875e+06, 2.70447e+06, 2.6136e+06, 2.52599e+06, 2.44151e+06, 2.36004e+06, 2.28146e+06, 2.20566e+06, 2.13252e+06, 2.06195e+06, 1.99385e+06, 1.92811e+06, 1.86465e+06, 1.80339e+06, 1.74424e+06, 1.68712e+06, 1.63196e+06, 1.57868e+06, 1.52722e+06, 1.4775e+06, 1.42947e+06, 1.38306e+06, 1.33822e+06, 1.29488e+06, 1.253e+06, 1.21252e+06, 1.17339e+06, 1.13556e+06, 1.09899e+06
6.9882e+06, 6.76025e+06, 6.54111e+06, 6.33038e+06, 6.12764e+06, 5.93252e+06, 5.74466e+06, 5.56374e+06, 5.38943e+06, 5.22144e+06, 5.05948e+06, 4.90331e+06, 4.75265e+06, 4.60728e+06, 4.46697e+06, 4.33152e+06, 4.20071e+06, 4.07436e+06, 3.95228e+06, 3.83431e+06, 3.72027e+06, 3.61002e+06, 3.5034e+06, 3.40028e+06, 3.30052e+06, 3.20399e+06, 3.11057e+06, 3.02014e+06, 2.9326e+06, 2.84783e+06, 2.76573e+06, 2.68621e+06, 2.60918e+06, 2.53454e+06, 2.46221e+06, 2.39212e+06, 2.32417e+06, 2.2583e+06, 2.19443e+06, 2.1325e+06, 2.07245e+06, 2.01419e+06, 1.95769e+06, 1.90287e+06, 1.84969e+06, 1.79808e+06, 1.748e+06, 1.6994e+06, 1.65222e+06, 1.60643e+06
8.21376e+06, 7.97536e+06, 7.74566e+06, 7.52425e+06, 7.31074e+06, 7.10476e+06, 6.90597e+06, 6.71405e+06, 6.52868e+06, 6.34957e+06, 6.17647e+06, 6.0091e+06, 5.84723e+06, 5.69062e+06, 5.53905e+06, 5.39233e+06, 5.25025e+06, 5.11263e+06, 4.97929e+06, 4.85007e+06, 4.7248e+06, 4.60333e+06, 4.48553e+06, 4.37125e+06, 4.26036e+06, 4.15273e+06, 4.04826e+06, 3.94682e+06, 3.84831e+06, 3.75262e+06, 3.65966e+06, 3.56933e+06, 3.48154e+06, 3.3962e+06, 3.31323e+06, 3.23256e+06, 3.1541e+06, 3.07779e+06, 3.00355e+06, 2.93131e+06, 2.86102e+06, 2.7926e+06, 2.72601e+06, 2.66118e+06, 2.59806e+06, 2.53659e+06, 2.47673e+06, 2.41843e+06, 2.36163e+06, 2.3063e+06
9.58629e+06, 9.3405e+06, 9.10325e+06, 8.87413e+06, 8.65278e+06, 8.43882e+06, 8.23193e+06, 8.03178e+06, 7.83809e+06, 7.65057e+06, 7.46895e+06, 7.29298e+06, 7.12243e+06, 6.95708e+06, 6.7967e+06, 6.6411e+06, 6.49009e+06, 6.34349e+06, 6.20113e+06, 6.06284e+06, 5.92846e+06, 5.79786e+06, 5.6709e+06, 5.54743e+06, 5.42733e+06, 5.31048e+06, 5.19676e+06, 5.08608e+06, 4.97831e+06, 4.87336e+06, 4.77113e+06, 4.67154e+06, 4.57449e+06, 4.4799e+06, 4.38769e+06, 4.29778e+06, 4.21011e+06, 4.12459e+06, 4.04116e+06, 3.95975e+06, 3.88031e+06, 3.80277e+06, 3.72708e+06, 3.65317e+06, 3.58101e+06, 3.51052e+06, 3.44167e+06, 3.37441e+06, 3.30869e+06, 3.24447e+06
1.11066e+07, 1.08569e+07, 1.06155e+07, 1.03821e+07, 1.01563e+07, 9.93777e+06, 9.72613e+06, 9.52109e+06, 9.32236e+06, 9.12968e+06, 8.94279e+06, 8.76143e+06, 8.58538e+06, 8.41442e+06, 8.24834e+06, 8.08695e+06, 7.93006e+06, 7.77749e+06, 7.62908e+06, 7.48467e+06, 7.34411e+06, 7.20725e+06, 7.07396e+06, 6.94411e+06, 6.81758e+06, 6.69424e+06, 6.57398e+06, 6.45671e+06, 6.3423e+06, 6.23068e+06, 6.12174e+06, 6.0154e+06, 5.91156e+06, 5.81016e+06, 5.7111e+06, 5.61432e+06, 5.51974e+06, 5.42729e+06, 5.33692e+06, 5.24855e+06, 5.16212e+06, 5.07758e+06, 4.99487e+06, 4.91394e+06, 4.83473e+06, 4.75719e+06, 4.68128e+06, 4.60695e+06, 4.53416e+06, 4.46286e+06
1.2772e+07, 1.25221e+07, 1.22803e+07, 1.20463e+07, 1.18197e+07, 1.16002e+07, 1.13875e+07, 1.11812e+07, 1.09811e+07, 1.07869e+07, 1.05984e+07, 1.04153e+07, 1.02373e+07, 1.00644e+07, 9.89617e+06, 9.73256e+06, 9.57335e+06, 9.41836e+06, 9.26743e+06, 9.12042e+06, 8.97717e+06, 8.83753e+06, 8.70139e+06, 8.56861e+06, 8.43907e+06, 8.31265e+06, 8.18925e+06, 8.06877e+06, 7.95109e+06, 7.83613e+06, 7.7238e+06, 7.61401e+06, 7.50667e+06, 7.40171e+06, 7.29905e+06, 7.19861e+06, 7.10033e+06, 7.00414e+06, 6.90998e+06, 6.81778e+06, 6.72748e+06, 6.63903e+06, 6.55238e+06, 6.46746e+06, 6.38424e+06, 6.30265e+06, 6.22266e+06, 6.14422e+06, 6.06729e+06, 5.99182e+06
1.4576e+07, 1.43296e+07, 1.40912e+07, 1.38603e+07, 1.36367e+07, 1.34201e+07, 1.321e+07, 1.30063e+07, 1.28086e+07, 1.26167e+07, 1.24303e+07, 1.22492e+07, 1.20731e+07, 1.19019e+07, 1.17354e+07, 1.15733e+07, 1.14156e+07, 1.1262e+07, 1.11123e+07, 1.09665e+07, 1.08243e+07, 1.06857e+07, 1.05505e+07, 1.04185e+07, 1.02898e+07, 1.0164e+07, 1.00413e+07, 9.92134e+06, 9.80415e+06, 9.68962e+06, 9.57765e+06, 9.46815e+06, 9.36106e+06, 9.25628e+06, 9.15375e+06, 9.05339e+06, 8.95514e+06, 8.85893e+06, 8.76469e+06, 8.67237e+06, 8.58191e+06, 8.49325e+06, 8.40634e+06, 8.32113e+06, 8.23757e+06, 8.15561e+06, 8.07521e+06, 7.99632e+06, 7.9189e+06, 7.84291e+06
1.65087e+07, 1.62693e+07, 1.60378e+07, 1.58137e+07, 1.55967e+07, 1.53865e+07, 1.51828e+07, 1.49852e+07, 1.47936e+07, 1.46075e+07, 1.44269e+07, 1.42515e+07, 1.4081e+07, 1.39153e+07, 1.37541e+07, 1.35973e+07, 1.34447e+07, 1.32961e+07, 1.31514e+07, 1.30105e+07, 1.28731e+07, 1.27392e+07, 1.26086e+07, 1.24812e+07, 1.2357e+07, 1.22357e+07, 1.21172e+07, 1.20016e+07, 1.18886e+07, 1.17783e+07, 1.16704e+07, 1.1565e+07, 1.14618e+07, 1.1361e+07, 1.12624e+07, 1.11658e+07, 1.10714e+07, 1.09789e+07, 1.08883e+07, 1.07997e+07, 1.07128e+07, 1.06277e+07, 1.05443e+07, 1.04626e+07, 1.03824e+07, 1.03039e+07, 1.02268e+07, 1.01513e+07, 1.00771e+07, 1.00044e+07
1.85569e+07, 1.83279e+07, 1.81065e+07, 1.78924e+07, 1.76852e+07, 1.74847e+07, 1.72905e+07, 1.71023e+07, 1.692e+07, 1.67431e+07, 1.65715e+07, 1.6405e+07, 1.62434e+07, 1.60864e+07, 1.59338e+07, 1.57855e+07, 1.56413e+07, 1.55011e+07, 1.53647e+07, 1.52319e+07, 1.51026e+07, 1.49767e+07, 1.4854e+07, 1.47345e+07, 1.4618e+07, 1.45044e+07, 1.43936e+07, 1.42856e+07, 1.41801e+07, 1.40772e+07, 1.39767e+07, 1.38786e+07, 1.37828e+07, 1.36891e+07, 1.35976e+07, 1.35082e+07, 1.34208e+07, 1.33353e+07, 1.32518e+07, 1.317e+07, 1.309e+07, 1.30117e+07, 1.29351e+07, 1.28601e+07, 1.27866e+07, 1.27147e+07, 1.26443e+07, 1.25753e+07, 1.25077e+07, 1.24414e+07
2.07051e+07, 2.04891e+07, 2.02805e+07, 2.00791e+07, 1.98844e+07, 1.96963e+07, 1.95143e+07, 1.93383e+07, 1.91678e+07, 1.90028e+07, 1.8843e+07, 1.86881e+07, 1.85379e+07, 1.83922e+07, 1.82509e+07, 1.81138e+07, 1.79807e+07, 1.78514e+07, 1.77258e+07, 1.76038e+07, 1.74851e+07, 1.73698e+07, 1.72576e+07, 1.71485e+07, 1.70424e+07, 1.6939e+07, 1.68384e+07, 1.67404e+07, 1.6645e+07, 1.6552e+07, 1.64613e+07, 1.6373e+07, 1.62869e+07, 1.62029e+07, 1.6121e+07, 1.60411e+07, 1.59632e+07, 1.58871e+07, 1.58128e+07, 1.57403e+07, 1.56696e+07, 1.56004e+07, 1.55329e+07, 1.54669e+07, 1.54025e+07, 1.53395e+07, 1.52779e+07, 1.52177e+07, 1.51589e+07, 1.51013e+07
2.29361e+07, 2.27351e+07, 2.25414e+07, 2.23547e+07, 2.21746e+07, 2.20008e+07, 2.18331e+07, 2.16711e+07, 2.15146e+07, 2.13634e+07, 2.12172e+07, 2.10758e+07, 2.0939e+07, 2.08065e+07, 2.06784e+07, 2.05542e+07, 2.04339e+07, 2.03174e+07, 2.02044e+07, 2.00949e+07, 1.99887e+07, 1.98856e+07, 1.97857e+07, 1.96886e+07, 1.95944e+07, 1.95029e+07, 1.9414e+07, 1.93277e+07, 1.92438e+07, 1.91623e+07, 1.9083e+07, 1.90059e+07, 1.8931e+07, 1.88581e+07, 1.87871e+07, 1.87181e+07, 1.8651e+07, 1.85856e+07, 1.8522e+07, 1.846e+07, 1.83997e+07, 1.83409e+07, 1.82836e+07, 1.82279e+07, 1.81735e+07, 1.81205e+07, 1.80689e+07, 1.80186e+07, 1.79695e+07, 1.79217e+07
2.52315e+07, 2.50469e+07, 2.48695e+07, 2.46989e+07, 2.45347e+07, 2.43766e+07, 2.42244e+07, 2.40778e+07, 2.39364e+07, 2.38002e+07, 2.36687e+07, 2.3542e+07, 2.34196e+07, 2.33015e+07, 2.31875e+07, 2.30773e+07, 2.29709e+07, 2.2868e+07, 2.27686e+07, 2.26724e+07, 2.25795e+07, 2.24895e+07, 2.24025e+07, 2.23182e+07, 2.22367e+07, 2.21577e+07, 2.20812e+07, 2.20072e+07, 2.19354e+07, 2.18658e+07, 2.17985e+07, 2.17331e+07, 2.16698e+07, 2.16084e+07, 2.15488e+07, 2.1491e+07, 2.1435e+07, 2.13806e+07, 2.13278e+07, 2.12766e+07, 2.12269e+07, 2.11787e+07, 2.11318e+07, 2.10863e+07, 2.10421e+07, 2.09992e+07, 2.09575e+07, 2.09171e+07, 2.08777e+07, 2.08395e+07
2.7573e+07, 2.74057e+07, 2.72453e+07, 2.70914e+07, 2.69437e+07, 2.6802e+07, 2.66658e+07, 2.6535e+07, 2.64093e+07, 2.62885e+07, 2.61723e+07, 2.60606e+07, 2.5953e+07, 2.58495e+07, 2.57499e+07, 2.5654e+07, 2.55616e+07, 2.54725e+07, 2.53868e+07, 2.53041e+07, 2.52244e+07, 2.51475e+07, 2.50734e+07, 2.50019e+07, 2.49329e+07, 2.48663e+07, 2.4802e+07, 2.474e+07, 2.46801e+07, 2.46223e+07, 2.45664e+07, 2.45125e+07, 2.44604e+07, 2.441e+07, 2.43614e+07, 2.43144e+07, 2.42689e+07, 2.4225e+07, 2.41825e+07, 2.41414e+07, 2.41017e+07, 2.40633e+07, 2.40261e+07, 2.39902e+07, 2.39554e+07, 2.39218e+07, 2.38893e+07, 2.38578e+07, 2.38273e+07, 2.37978e+07
2.99428e+07, 2.9793e+07, 2.96497e+07, 2.95126e+07, 2.93815e+07, 2.9256e+07, 2.91359e+07, 2.90209e+07, 2.89107e+07, 2.88051e+07, 2.87039e+07, 2.86069e+07, 2.85139e+07, 2.84247e+07, 2.83391e+07, 2.82569e+07, 2.81781e+07, 2.81024e+07, 2.80298e+07, 2.796e+07, 2.78929e+07, 2.78285e+07, 2.77666e+07, 2.77072e+07, 2.765e+07, 2.7595e+07, 2.75422e+07, 2.74914e+07, 2.74425e+07, 2.73955e+07, 2.73503e+07, 2.73068e+07, 2.72649e+07, 2.72246e+07, 2.71858e+07, 2.71485e+07, 2.71126e+07, 2.7078e+07, 2.70447e+07, 2.70126e+07, 2.69817e+07, 2.6952e+07, 2.69233e+07, 2.68957e+07, 2.68691e+07, 2.68435e+07, 2.68188e+07, 2.67951e+07, 2.67722e+07, 2.67501e+07
3.23245e+07, 3.21916e+07, 3.2065e+07, 3.19444e+07, 3.18293e+07, 3.17196e+07, 3.1615e+07, 3.15151e+07, 3.14198e+07, 3.13287e+07, 3.12418e+07, 3.11588e+07, 3.10795e+07, 3.10037e+07, 3.09313e+07, 3.08621e+07, 3.07959e+07, 3.07326e+07, 3.0672e+07, 3.06141e+07, 3.05587e+07, 3.05057e+07, 3.04549e+07, 3.04063e+07, 3.03598e+07, 3.03153e+07, 3.02727e+07, 3.02318e+07, 3.01927e+07, 3.01553e+07, 3.01194e+07, 3.0085e+07, 3.00521e+07, 3.00205e+07, 2.99903e+07, 2.99613e+07, 2.99335e+07, 2.99069e+07, 2.98814e+07, 2.98569e+07, 2.98334e+07, 2.98109e+07, 2.97894e+07, 2.97687e+07, 2.97488e+07, 2.97298e+07, 2.97116e+07, 2.96941e+07, 2.96773e+07, 2.96612e+07
3.4703e+07, 3.45864e+07, 3.44757e+07, 3.43705e+07, 3.42707e+07, 3.41758e+07, 3.40856e+07, 3.39999e+07, 3.39184e+07, 3.38409e+07, 3.37672e+07, 3.36971e+07, 3.36304e+07, 3.35668e+07, 3.35064e+07, 3.34488e+07, 3.3394e+07, 3.33418e+07, 3.32921e+07, 3.32448e+07, 3.31996e+07, 3.31567e+07, 3.31157e+07, 3.30767e+07, 3.30394e+07, 3.3004e+07, 3.29701e+07, 3.29379e+07, 3.29072e+07, 3.28778e+07, 3.28499e+07, 3.28232e+07, 3.27978e+07, 3.27735e+07, 3.27504e+07, 3.27283e+07, 3.27072e+07, 3.26871e+07, 3.26679e+07, 3.26496e+07, 3.26321e+07, 3.26155e+07, 3.25996e+07, 3.25844e+07, 3.25699e+07, 3.2556e+07, 3.25428e+07, 3.25302e+07, 3.25182e+07, 3.25067e+07
3.70652e+07, 3.69638e+07, 3.68678e+07, 3.67771e+07, 3.66913e+07, 3.66101e+07, 3.65332e+07, 3.64604e+07, 3.63915e+07, 3.63262e+07, 3.62643e+07, 3.62058e+07, 3.61503e+07, 3.60977e+07, 3.60478e+07, 3.60006e+07, 3.59557e+07, 3.59133e+07, 3.5873e+07, 3.58348e+07, 3.57985e+07, 3.57642e+07, 3.57316e+07, 3.57006e+07, 3.56713e+07, 3.56434e+07, 3.5617e+07, 3.55919e+07, 3.55681e+07, 3.55454e+07, 3.5524e+07, 3.55036e+07, 3.54843e+07, 3.54659e+07, 3.54485e+07, 3.54319e+07, 3.54162e+07, 3.54013e+07, 3.53871e+07, 3.53737e+07, 3.53609e+07, 3.53487e+07, 3.53372e+07, 3.53262e+07, 3.53158e+07, 3.5306e+07, 3.52966e+07, 3.52876e+07, 3.52792e+07, 3.52711e+07
3.94e+07, 3.93125e+07, 3.92301e+07, 3.91524e+07, 3.90793e+07, 3.90104e+07, 3.89454e+07, 3.88842e+07, 3.88264e+07, 3.8772e+07, 3.87206e+07, 3.86722e+07, 3.86265e+07, 3.85834e+07, 3.85427e+07, 3.85043e+07, 3.84681e+07, 3.84339e+07, 3.84016e+07, 3.83712e+07, 3.83424e+07, 3.83152e+07, 3.82896e+07, 3.82654e+07, 3.82425e+07, 3.82209e+07, 3.82005e+07, 3.81812e+07, 3.8163e+07, 3.81458e+07, 3.81295e+07, 3.81142e+07, 3.80997e+07, 3.8086e+07, 3.8073e+07, 3.80608e+07, 3.80492e+07, 3.80383e+07, 3.8028e+07, 3.80182e+07, 3.8009e+07, 3.80003e+07, 3.79921e+07, 3.79843e+07, 3.79769e+07, 3.797e+07, 3.79634e+07, 3.79572e+07, 3.79513e+07, 3.79457e+07
4.16982e+07, 4.16232e+07, 4.1553e+07, 4.1487e+07, 4.14252e+07, 4.13672e+07, 4.13127e+07, 4.12616e+07, 4.12136e+07, 4.11686e+07, 4.11263e+07, 4.10867e+07, 4.10494e+07, 4.10144e+07, 4.09815e+07, 4.09506e+07, 4.09216e+07, 4.08944e+07, 4.08687e+07, 4.08447e+07, 4.08221e+07, 4.08008e+07, 4.07809e+07, 4.07621e+07, 4.07445e+07, 4.07279e+07, 4.07123e+07, 4.06977e+07, 4.06839e+07, 4.0671e+07, 4.06588e+07, 4.06474e+07, 4.06366e+07, 4.06265e+07, 4.0617e+07, 4.06081e+07, 4.05996e+07, 4.05917e+07, 4.05843e+07, 4.05773e+07, 4.05708e+07, 4.05646e+07, 4.05588e+07, 4.05533e+07, 4.05482e+07, 4.05433e+07, 4.05388e+07, 4.05345e+07, 4.05305e+07, 4.05267e+07
4.39526e+07, 4.38888e+07, 4.38292e+07, 4.37736e+07, 4.37217e+07, 4.36732e+07, 4.36279e+07, 4.35855e+07, 4.3546e+07, 4.3509e+07, 4.34745e+07, 4.34422e+07, 4.3412e+07, 4.33838e+07, 4.33575e+07, 4.33328e+07, 4.33098e+07, 4.32882e+07, 4.32681e+07, 4.32492e+07, 4.32316e+07, 4.32152e+07, 4.31998e+07, 4.31854e+07, 4.31719e+07, 4.31593e+07, 4.31475e+07, 4.31365e+07, 4.31262e+07, 4.31165e+07, 4.31075e+07, 4.3099e+07, 4.30912e+07, 4.30838e+07, 4.30769e+07, 4.30704e+07, 4.30643e+07, 4.30587e+07, 4.30534e+07, 4.30484e+07, 4.30438e+07, 4.30395e+07, 4.30354e+07, 4.30316e+07, 4.3028e+07, 4.30247e+07, 4.30216e+07, 4.30187e+07, 4.3016e+07, 4.30134e+07
4.61576e+07, 4.61036e+07, 4.60534e+07, 4.60068e+07, 4.59634e+07, 4.59231e+07, 4.58856e+07, 4.58507e+07, 4.58183e+07, 4.57882e+07, 4.57601e+07, 4.57341e+07, 4.57098e+07, 4.56872e+07, 4.56662e+07, 4.56467e+07, 4.56285e+07, 4.56116e+07, 4.55959e+07, 4.55813e+07, 4.55676e+07, 4.5555e+07, 4.55432e+07, 4.55322e+07, 4.5522e+07, 4.55125e+07, 4.55036e+07, 4.54954e+07, 4.54877e+07, 4.54806e+07, 4.54739e+07, 4.54678e+07, 4.5462e+07, 4.54567e+07, 4.54517e+07, 4.5447e+07, 4.54427e+07, 4.54387e+07, 4.5435e+07, 4.54315e+07, 4.54282e+07, 4.54252e+07, 4.54224e+07, 4.54198e+07, 4.54174e+07, 4.54151e+07, 4.5413e+07, 4.5411e+07, 4.54092e+07, 4.54075e+07
4.83091e+07, 4.82637e+07, 4.82216e+07, 4.81827e+07, 4.81466e+07, 4.81133e+07, 4.80825e+07, 4.80539e+07, 4.80275e+07, 4.8003e+07, 4.79804e+07, 4.79594e+07, 4.794e+07, 4.79221e+07, 4.79055e+07, 4.78901e+07, 4.78758e+07, 4.78626e+07, 4.78504e+07, 4.78391e+07, 4.78286e+07, 4.78189e+07, 4.781e+07, 4.78016e+07, 4.7794e+07, 4.77868e+07, 4.77802e+07, 4.77741e+07, 4.77685e+07, 4.77632e+07, 4.77584e+07, 4.77539e+07, 4.77497e+07, 4.77458e+07, 4.77423e+07, 4.7739e+07, 4.77359e+07, 4.77331e+07, 4.77304e+07, 4.7728e+07, 4.77258e+07, 4.77237e+07, 4.77217e+07, 4.77199e+07, 4.77183e+07, 4.77167e+07, 4.77153e+07, 4.7714e+07, 4.77128e+07, 4.77117e+07
5.04045e+07, 5.03664e+07, 5.03312e+07, 5.02989e+07, 5.02691e+07, 5.02416e+07, 5.02164e+07, 5.01931e+07, 5.01716e+07, 5.01519e+07, 5.01337e+07, 5.01169e+07, 5.01015e+07, 5.00873e+07, 5.00742e+07, 5.00621e+07, 5.0051e+07, 5.00407e+07, 5.00313e+07, 5.00226e+07, 5.00146e+07, 5.00072e+07, 5.00004e+07, 4.99942e+07, 4.99884e+07, 4.99831e+07, 4.99782e+07, 4.99737e+07, 4.99695e+07, 4.99657e+07, 4.99621e+07, 4.99589e+07, 4.99559e+07, 4.99531e+07, 4.99506e+07, 4.99482e+07, 4.99461e+07, 4.99441e+07, 4.99423e+07, 4.99406e+07, 4.9939e+07, 4.99376e+07, 4.99363e+07, 4.9935e+07, 4.99339e+07, 4.99329e+07, 4.99319e+07, 4.99311e+07, 4.99302e+07, 4.99295e+07
5.24421e+07, 5.24102e+07, 5.2381e+07, 5.23542e+07, 5.23296e+07, 5.23071e+07, 5.22864e+07, 5.22675e+07, 5.22502e+07, 5.22343e+07, 5.22197e+07, 5.22064e+07, 5.21941e+07, 5.21829e+07, 5.21726e+07, 5.21632e+07, 5.21545e+07, 5.21466e+07, 5.21394e+07, 5.21327e+07, 5.21266e+07, 5.2121e+07, 5.21159e+07, 5.21112e+07, 5.21069e+07, 5.21029e+07, 5.20993e+07, 5.2096e+07, 5.20929e+07, 5.20901e+07, 5.20876e+07, 5.20852e+07, 5.20831e+07, 5.20811e+07, 5.20793e+07, 5.20777e+07, 5.20761e+07, 5.20748e+07, 5.20735e+07, 5.20723e+07, 5.20712e+07, 5.20703e+07, 5.20694e+07, 5.20685e+07, 5.20678e+07, 5.20671e+07, 5.20664e+07, 5.20659e+07, 5.20653e+07, 5.20648e+07
