1e-14 0 1.3414e-25
1.04596e-14 0 1.3414e-25
1.09403e-14 5.10401e-41 1.3414e-25
1.14432e-14 3.22461e-40 1.3414e-25
1.19691e-14 6.60098e-40 1.3414e-25
1.25192e-14 1.3553e-39 1.3414e-25
1.30946e-14 2.52173e-39 1.3414e-25
1.36965e-14 4.54528e-39 1.3414e-25
1.4326e-14 7.82954e-39 1.3414e-25
1.49844e-14 1.34544e-38 1.3414e-25
1.56731e-14 2.28134e-38 1.3414e-25
1.63934e-14 3.86322e-38 1.3414e-25
1.71469e-14 6.45896e-38 1.3414e-25
1.7935e-14 1.0682e-37 1.3414e-25
1.87593e-14 1.75517e-37 1.3414e-25
1.96215e-14 2.86891e-37 1.3414e-25
2.05233e-14 4.65982e-37 1.3414e-25
2.14666e-14 7.52769e-37 1.3414e-25
2.24532e-14 1.2096e-36 1.3414e-25
2.34852e-14 1.93327e-36 1.3414e-25
2.45646e-14 3.07335e-36 1.3414e-25
2.56936e-14 4.85999e-36 1.3414e-25
2.68745e-14 7.64438e-36 1.3414e-25
2.81096e-14 1.19605e-35 1.3414e-25
2.94016e-14 1.86148e-35 1.3414e-25
3.07529e-14 2.88188e-35 1.3414e-25
3.21663e-14 4.43814e-35 1.3414e-25
3.36447e-14 6.79884e-35 1.3414e-25
3.51911e-14 1.03605e-34 1.3414e-25
3.68085e-14 1.57051e-34 1.3414e-25
3.85002e-14 2.36818e-34 1.3414e-25
4.02698e-14 3.55229e-34 1.3414e-25
4.21206e-14 5.30054e-34 1.3414e-25
4.40565e-14 7.86782e-34 1.3414e-25
4.60814e-14 1.16175e-33 1.3414e-25
4.81993e-14 1.70646e-33 1.3414e-25
5.04146e-14 2.49348e-33 1.3414e-25
5.27317e-14 3.62448e-33 1.3414e-25
5.51553e-14 5.24104e-33 1.3414e-25
5.76903e-14 7.53918e-33 1.3414e-25
6.03418e-14 1.07886e-32 1.3414e-25
6.31151e-14 1.53585e-32 1.3414e-25
6.6016e-14 2.17506e-32 1.3414e-25
6.90501e-14 3.06435e-32 1.3414e-25
7.22237e-14 4.29487e-32 1.3414e-25
7.55432e-14 5.98842e-32 1.3414e-25
7.90152e-14 8.30664e-32 1.34139e-25
8.26468e-14 1.14629e-31 1.34139e-25
8.64453e-14 1.57368e-31 1.34139e-25
9.04184e-14 2.14932e-31 1.34139e-25
9.45742e-14 2.92044e-31 1.34139e-25
9.89209e-14 3.94786e-31 1.34139e-25
1.03467e-13 5.30937e-31 1.34138e-25
1.08223e-13 7.1039e-31 1.34138e-25
1.13197e-13 9.45639e-31 1.34137e-25
1.18399e-13 1.25237e-30 1.34136e-25
1.23841e-13 1.65014e-30 1.34135e-25
1.29533e-13 2.1632e-30 1.34133e-25
1.35487e-13 2.82136e-30 1.34131e-25
1.41714e-13 3.66112e-30 1.34128e-25
1.48227e-13 4.72677e-30 1.34125e-25
1.5504e-13 6.07176e-30 1.3412e-25
1.62165e-13 7.76011e-30 1.34114e-25
1.69619e-13 9.86799e-30 1.34106e-25
1.77414e-13 1.24854e-29 1.34096e-25
1.85568e-13 1.57177e-29 1.34084e-25
1.94097e-13 1.96877e-29 1.34068e-25
2.03018e-13 2.45372e-29 1.34048e-25
2.12349e-13 3.04287e-29 1.34024e-25
2.22109e-13 3.75469e-29 1.33993e-25
2.32317e-13 4.61001e-29 1.33956e-25
2.42995e-13 5.63211e-29 1.3391e-25
2.54163e-13 6.84678e-29 1.33853e-25
2.65845e-13 8.28234e-29 1.33785e-25
2.78063e-13 9.96954e-29 1.33702e-25
2.90843e-13 1.19415e-28 1.33602e-25
3.0421e-13 1.42334e-28 1.33483e-25
3.18192e-13 1.68822e-28 1.33341e-25
3.32817e-13 1.99263e-28 1.33172e-25
3.48113e-13 2.3405e-28 1.32972e-25
3.64113e-13 2.73575e-28 1.32738e-25
3.80848e-13 3.18228e-28 1.32465e-25
3.98352e-13 3.68383e-28 1.32147e-25
4.16661e-13 4.24391e-28 1.31778e-25
4.35811e-13 4.86569e-28 1.31354e-25
4.55841e-13 5.55188e-28 1.30867e-25
4.76792e-13 6.30464e-28 1.30312e-25
4.98705e-13 7.12544e-28 1.29682e-25
5.21626e-13 8.01494e-28 1.28969e-25
5.45601e-13 8.9729e-28 1.28168e-25
5.70677e-13 9.99808e-28 1.2727e-25
5.96906e-13 1.10881e-27 1.2627e-25
6.2434e-13 1.22396e-27 1.25162e-25
6.53036e-13 1.34477e-27 1.23938e-25
6.8305e-13 1.47065e-27 1.22593e-25
7.14443e-13 1.60088e-27 1.21122e-25
7.4728e-13 1.73463e-27 1.19521e-25
7.81625e-13 1.87093e-27 1.17787e-25
8.1755e-13 2.00873e-27 1.15916e-25
8.55125e-13 2.14687e-27 1.13907e-25
8.94427e-13 2.28413e-27 1.1176e-25
9.35536e-13 2.41922e-27 1.09476e-25
9.78534e-13 2.55081e-27 1.07057e-25
1.02351e-12 2.67756e-27 1.04506e-25
1.07055e-12 2.79812e-27 1.01829e-25
1.11975e-12 2.91119e-27 9.90304e-26
1.17122e-12 3.01551e-27 9.61192e-26
1.22505e-12 3.10992e-27 9.31037e-26
1.28135e-12 3.19334e-27 8.99938e-26
1.34024e-12 3.26483e-27 8.68004e-26
1.40184e-12 3.32357e-27 8.35356e-26
1.46627e-12 3.36892e-27 8.0212e-26
1.53366e-12 3.40039e-27 7.68431e-26
1.60415e-12 3.41769e-27 7.34427e-26
1.67788e-12 3.42069e-27 7.0025e-26
1.755e-12 3.40945e-27 6.66043e-26
1.83566e-12 3.38422e-27 6.31949e-26
1.92003e-12 3.34541e-27 5.98107e-26
2.00827e-12 3.2936e-27 5.64653e-26
2.10058e-12 3.22952e-27 5.31716e-26
2.19712e-12 3.15401e-27 4.99421e-26
2.2981e-12 3.06807e-27 4.67881e-26
2.40373e-12 2.97274e-27 4.372e-26
2.5142e-12 2.86916e-27 4.07473e-26
2.62976e-12 2.75853e-27 3.78781e-26
2.75062e-12 2.64206e-27 3.51196e-26
2.87705e-12 2.52096e-27 3.24776e-26
3.00928e-12 2.39644e-27 2.99566e-26
3.14759e-12 2.26969e-27 2.75602e-26
3.29225e-12 2.14182e-27 2.52905e-26
3.44357e-12 2.0139e-27 2.31486e-26
3.60184e-12 1.88692e-27 2.11347e-26
3.76738e-12 1.76177e-27 1.92478e-26
3.94053e-12 1.63927e-27 1.74861e-26
4.12164e-12 1.52014e-27 1.58468e-26
4.31108e-12 1.40498e-27 1.43266e-26
4.50922e-12 1.2943e-27 1.29217e-26
4.71647e-12 1.18853e-27 1.16274e-26
4.93324e-12 1.08797e-27 1.04388e-26
5.15997e-12 9.92867e-28 9.35085e-27
5.39713e-12 9.03351e-28 8.35799e-27
5.64519e-12 8.19495e-28 7.45463e-27
5.90465e-12 7.41297e-28 6.63514e-27
6.17603e-12 6.68692e-28 5.89384e-27
6.45989e-12 6.01566e-28 5.22515e-27
6.75679e-12 5.39755e-28 4.62358e-27
7.06734e-12 4.83062e-28 4.08383e-27
7.39216e-12 4.3126e-28 3.60077e-27
7.73191e-12 3.84097e-28 3.16951e-27
8.08727e-12 3.41309e-28 2.78541e-27
8.45897e-12 3.02621e-28 2.4441e-27
8.84775e-12 2.67753e-28 2.14148e-27
9.2544e-12 2.36425e-28 1.87373e-27
9.67974e-12 2.08361e-28 1.6373e-27
1.01246e-11 1.83292e-28 1.42894e-27
1.059e-11 1.6096e-28 1.24565e-27
1.10767e-11 1.41118e-28 1.08469e-27
1.15858e-11 1.23531e-28 9.43571e-28
1.21183e-11 1.07979e-28 8.2004e-28
1.26753e-11 9.4258e-29 7.1206e-28
1.32578e-11 8.21768e-29 6.17802e-28
1.38672e-11 7.15605e-29 5.35625e-28
1.45045e-11 6.22488e-29 4.64065e-28
1.51711e-11 5.40955e-29 4.01816e-28
1.58684e-11 4.6968e-29 3.4772e-28
1.65978e-11 4.07466e-29 3.00752e-28
1.73606e-11 3.53235e-29 2.60006e-28
1.81585e-11 3.06025e-29 2.24682e-28
1.89931e-11 2.64973e-29 1.9408e-28
1.9866e-11 2.29315e-29 1.67583e-28
2.07791e-11 1.98372e-29 1.44651e-28
2.17341e-11 1.71544e-29 1.24814e-28
2.2733e-11 1.48303e-29 1.07659e-28
2.37779e-11 1.28181e-29 9.28291e-29
2.48707e-11 1.10772e-29 8.0011e-29
2.60138e-11 9.57177e-30 6.89338e-29
2.72094e-11 8.27052e-30 5.9362e-29
2.846e-11 7.1462e-30 5.10915e-29
2.9768e-11 6.17506e-30 4.39453e-29
3.11362e-11 5.33642e-30 3.77702e-29
3.25672e-11 4.61235e-30 3.24338e-29
3.40641e-11 3.98727e-30 2.78214e-29
3.56297e-11 3.44769e-30 2.38342e-29
3.72672e-11 2.98192e-30 2.03865e-29
3.89801e-11 2.57985e-30 1.74046e-29
4.07716e-11 2.23274e-30 1.48247e-29
4.26455e-11 1.93304e-30 1.2592e-29
4.46056e-11 1.67423e-30 1.06589e-29
4.66557e-11 1.45069e-30 8.9847e-30
4.88e-11 1.25756e-30 7.53401e-30
5.10429e-11 1.09067e-30 6.27645e-30
5.33889e-11 9.46393e-31 5.18578e-30
5.58427e-11 8.21629e-31 4.23939e-30
5.84093e-11 7.13698e-31 3.41776e-30
6.10938e-11 6.2029e-31 2.70406e-30
6.39017e-11 5.39416e-31 2.08377e-30
6.68387e-11 4.69361e-31 1.54435e-30
6.99107e-11 4.08649e-31 1.07499e-30
7.31239e-11 3.56007e-31 6.66344e-31
7.64847e-11 3.10337e-31 3.10337e-31
