1e-14 0 7.14818e-56
1.04596e-14 0 7.14818e-56
1.09403e-14 4.56366e-71 7.14818e-56
1.14432e-14 2.74883e-70 7.14818e-56
1.19691e-14 5.39536e-70 7.14818e-56
1.25192e-14 1.06233e-69 7.14818e-56
1.30946e-14 1.89739e-69 7.14818e-56
1.36965e-14 3.2864e-69 7.14818e-56
1.4326e-14 5.4444e-69 7.14818e-56
1.49844e-14 9.00207e-69 7.14818e-56
1.56731e-14 1.4698e-68 7.14818e-56
1.63934e-14 2.39794e-68 7.14818e-56
1.71469e-14 3.86572e-68 7.14818e-56
1.7935e-14 6.16907e-68 7.14818e-56
1.87593e-14 9.78772e-68 7.14818e-56
1.96215e-14 1.5458e-67 7.14818e-56
2.05233e-14 2.4276e-67 7.14818e-56
2.14666e-14 3.79424e-67 7.14818e-56
2.24532e-14 5.90261e-67 7.14818e-56
2.34852e-14 9.13949e-67 7.14818e-56
2.45646e-14 1.40849e-66 7.14818e-56
2.56936e-14 2.16059e-66 7.14818e-56
2.68745e-14 3.29885e-66 7.14818e-56
2.81096e-14 5.01348e-66 7.14818e-56
2.94016e-14 7.5841e-66 7.14818e-56
3.07529e-14 1.14199e-65 7.14818e-56
3.21663e-14 1.71164e-65 7.14818e-56
3.36447e-14 2.55364e-65 7.14818e-56
3.51911e-14 3.79232e-65 7.14818e-56
3.68085e-14 5.60597e-65 7.14818e-56
3.85002e-14 8.24896e-65 7.14818e-56
4.02698e-14 1.20824e-64 7.14818e-56
4.21206e-14 1.76162e-64 7.14818e-56
4.40565e-14 2.5567e-64 7.14818e-56
4.60814e-14 3.69368e-64 7.14818e-56
4.81993e-14 5.3119e-64 7.14818e-56
5.04146e-14 7.60426e-64 7.14818e-56
5.27317e-14 1.08363e-63 7.14818e-56
5.51553e-14 1.53718e-63 7.14818e-56
5.76903e-14 2.17064e-63 7.14818e-56
6.03418e-14 3.05125e-63 7.14818e-56
6.31151e-14 4.26966e-63 7.14818e-56
6.6016e-14 5.94754e-63 7.14818e-56
6.90501e-14 8.24732e-63 7.14818e-56
7.22237e-14 1.13847e-62 7.14818e-56
7.55432e-14 1.56448e-62 7.14817e-56
7.90152e-14 2.1402e-62 7.14817e-56
8.26468e-14 2.91462e-62 7.14817e-56
8.64453e-14 3.95143e-62 7.14817e-56
9.04184e-14 5.33302e-62 7.14816e-56
9.45742e-14 7.16545e-62 7.14816e-56
9.89209e-14 9.58443e-62 7.14815e-56
1.03467e-13 1.27628e-61 7.14814e-56
1.08223e-13 1.69193e-61 7.14813e-56
1.13197e-13 2.23298e-61 7.14811e-56
1.18399e-13 2.93393e-61 7.14809e-56
1.23841e-13 3.83782e-61 7.14806e-56
1.29533e-13 4.99793e-61 7.14802e-56
1.35487e-13 6.47995e-61 7.14797e-56
1.41714e-13 8.36433e-61 7.14791e-56
1.48227e-13 1.07491e-60 7.14782e-56
1.5504e-13 1.37531e-60 7.14772e-56
1.62165e-13 1.75193e-60 7.14758e-56
1.69619e-13 2.2219e-60 7.1474e-56
1.77414e-13 2.80562e-60 7.14718e-56
1.85568e-13 3.52724e-60 7.1469e-56
1.94097e-13 4.41513e-60 7.14655e-56
2.03018e-13 5.5025e-60 7.14611e-56
2.12349e-13 6.82791e-60 7.14556e-56
2.22109e-13 8.43591e-60 7.14487e-56
2.32317e-13 1.03776e-59 7.14403e-56
2.42995e-13 1.27111e-59 7.14299e-56
2.54163e-13 1.55024e-59 7.14172e-56
2.65845e-13 1.88255e-59 7.14017e-56
2.78063e-13 2.27632e-59 7.13829e-56
2.90843e-13 2.74069e-59 7.13601e-56
3.0421e-13 3.28573e-59 7.13327e-56
3.18192e-13 3.92243e-59 7.12999e-56
3.32817e-13 4.66265e-59 7.12606e-56
3.48113e-13 5.51913e-59 7.1214e-56
3.64113e-13 6.5054e-59 7.11588e-56
3.80848e-13 7.63566e-59 7.10938e-56
3.98352e-13 8.92471e-59 7.10174e-56
4.16661e-13 1.03877e-58 7.09282e-56
4.35811e-13 1.20402e-58 7.08243e-56
4.55841e-13 1.38975e-58 7.07039e-56
4.76792e-13 1.59747e-58 7.05649e-56
4.98705e-13 1.82865e-58 7.04052e-56
5.21626e-13 2.08466e-58 7.02223e-56
5.45601e-13 2.36675e-58 7.00138e-56
5.70677e-13 2.676e-58 6.97771e-56
5.96906e-13 3.01331e-58 6.95095e-56
6.2434e-13 3.37933e-58 6.92082e-56
6.53036e-13 3.77443e-58 6.88703e-56
6.8305e-13 4.19869e-58 6.84928e-56
7.14443e-13 4.65181e-58 6.8073e-56
7.4728e-13 5.13315e-58 6.76078e-56
7.81625e-13 5.64163e-58 6.70945e-56
8.1755e-13 6.17577e-58 6.65303e-56
8.55125e-13 6.73362e-58 6.59127e-56
8.94427e-13 7.31281e-58 6.52394e-56
9.35536e-13 7.91051e-58 6.45081e-56
9.78534e-13 8.52345e-58 6.3717e-56
1.02351e-12 9.14796e-58 6.28647e-56
1.07055e-12 9.77996e-58 6.19499e-56
1.11975e-12 1.0415e-57 6.09719e-56
1.17122e-12 1.10485e-57 5.99304e-56
1.22505e-12 1.16753e-57 5.88256e-56
1.28135e-12 1.22905e-57 5.7658e-56
1.34024e-12 1.28886e-57 5.6429e-56
1.40184e-12 1.34644e-57 5.51401e-56
1.46627e-12 1.40127e-57 5.37937e-56
1.53366e-12 1.45284e-57 5.23924e-56
1.60415e-12 1.50065e-57 5.09396e-56
1.67788e-12 1.54425e-57 4.94389e-56
1.755e-12 1.5832e-57 4.78947e-56
1.83566e-12 1.61713e-57 4.63115e-56
1.92003e-12 1.64569e-57 4.46943e-56
2.00827e-12 1.66863e-57 4.30486e-56
2.10058e-12 1.6857e-57 4.138e-56
2.19712e-12 1.69677e-57 3.96943e-56
2.2981e-12 1.70174e-57 3.79975e-56
2.40373e-12 1.70058e-57 3.62958e-56
2.5142e-12 1.69335e-57 3.45952e-56
2.62976e-12 1.68015e-57 3.29019e-56
2.75062e-12 1.66116e-57 3.12217e-56
2.87705e-12 1.63659e-57 2.95606e-56
3.00928e-12 1.60675e-57 2.7924e-56
3.14759e-12 1.57197e-57 2.63172e-56
3.29225e-12 1.53261e-57 2.47453e-56
3.44357e-12 1.4891e-57 2.32126e-56
3.60184e-12 1.44189e-57 2.17235e-56
3.76738e-12 1.39142e-57 2.02817e-56
3.94053e-12 1.3382e-57 1.88902e-56
4.12164e-12 1.2827e-57 1.7552e-56
4.31108e-12 1.22541e-57 1.62693e-56
4.50922e-12 1.16681e-57 1.50439e-56
4.71647e-12 1.10737e-57 1.38771e-56
4.93324e-12 1.04754e-57 1.27697e-56
5.15997e-12 9.87743e-58 1.17222e-56
5.39713e-12 9.28377e-58 1.07345e-56
5.64519e-12 8.6981e-58 9.80607e-57
5.90465e-12 8.12372e-58 8.93627e-57
6.17603e-12 7.56362e-58 8.12389e-57
6.45989e-12 7.02038e-58 7.36753e-57
6.75679e-12 6.49621e-58 6.66549e-57
7.06734e-12 5.99298e-58 6.01587e-57
7.39216e-12 5.51214e-58 5.41657e-57
7.73191e-12 5.05484e-58 4.86536e-57
8.08727e-12 4.62187e-58 4.35988e-57
8.45897e-12 4.2137e-58 3.89769e-57
8.84775e-12 3.83055e-58 3.47632e-57
9.2544e-12 3.47234e-58 3.09326e-57
9.67974e-12 3.13879e-58 2.74603e-57
1.01246e-11 2.82941e-58 2.43215e-57
1.059e-11 2.54351e-58 2.14921e-57
1.10767e-11 2.2803e-58 1.89486e-57
1.15858e-11 2.03883e-58 1.66683e-57
1.21183e-11 1.8181e-58 1.46295e-57
1.26753e-11 1.61701e-58 1.28114e-57
1.32578e-11 1.43443e-58 1.11944e-57
1.38672e-11 1.26919e-58 9.75992e-58
1.45045e-11 1.12013e-58 8.49073e-58
1.51711e-11 9.86096e-59 7.3706e-58
1.58684e-11 8.65935e-59 6.3845e-58
1.65978e-11 7.58542e-59 5.51857e-58
1.73606e-11 6.62845e-59 4.76002e-58
1.81585e-11 5.77822e-59 4.09718e-58
1.89931e-11 5.02501e-59 3.51936e-58
1.9866e-11 4.35965e-59 3.01686e-58
2.07791e-11 3.77355e-59 2.58089e-58
2.17341e-11 3.25872e-59 2.20354e-58
2.2733e-11 2.80773e-59 1.87766e-58
2.37779e-11 2.41375e-59 1.59689e-58
2.48707e-11 2.07051e-59 1.35552e-58
2.60138e-11 1.77227e-59 1.14847e-58
2.72094e-11 1.51383e-59 9.71238e-59
2.846e-11 1.29047e-59 8.19854e-59
2.9768e-11 1.09792e-59 6.90808e-59
3.11362e-11 9.32377e-60 5.81015e-59
3.25672e-11 7.90402e-60 4.87777e-59
3.40641e-11 6.68948e-60 4.08737e-59
3.56297e-11 5.65302e-60 3.41843e-59
3.72672e-11 4.77065e-60 2.85312e-59
3.89801e-11 4.02118e-60 2.37606e-59
4.07716e-11 3.38599e-60 1.97394e-59
4.26455e-11 2.8488e-60 1.63534e-59
4.46056e-11 2.39538e-60 1.35046e-59
4.66557e-11 2.01335e-60 1.11092e-59
4.88e-11 1.692e-60 9.09588e-60
5.10429e-11 1.42209e-60 7.40388e-60
5.33889e-11 1.19565e-60 5.98179e-60
5.58427e-11 1.00587e-60 4.78614e-60
5.84093e-11 8.46934e-61 3.78026e-60
6.10938e-11 7.13877e-61 2.93333e-60
6.39017e-11 6.02505e-61 2.21945e-60
6.68387e-11 5.09268e-61 1.61695e-60
6.99107e-11 4.31175e-61 1.10768e-60
7.31239e-11 3.65716e-61 6.76505e-61
7.64847e-11 3.10789e-61 3.10789e-61
