1e-14 0 1.86023e-40
1.0045e-14 0 1.86023e-40
1.00903e-14 0 1.86023e-40
1.01357e-14 0 1.86023e-40
1.01814e-14 0 1.86023e-40
1.02272e-14 0 1.86023e-40
1.02733e-14 0 1.86023e-40
1.03196e-14 0 1.86023e-40
1.0366e-14 0 1.86023e-40
1.04127e-14 0 1.86023e-40
1.04596e-14 0 1.86023e-40
1.05067e-14 0 1.86023e-40
1.0554e-14 0 1.86023e-40
1.06016e-14 0 1.86023e-40
1.06493e-14 0 1.86023e-40
1.06973e-14 0 1.86023e-40
1.07455e-14 0 1.86023e-40
1.07938e-14 0 1.86023e-40
1.08425e-14 0 1.86023e-40
1.08913e-14 0 1.86023e-40
1.09403e-14 0 1.86023e-40
1.09896e-14 0 1.86023e-40
1.10391e-14 0 1.86023e-40
1.10888e-14 0 1.86023e-40
1.11388e-14 0 1.86023e-40
1.11889e-14 0 1.86023e-40
1.12393e-14 0 1.86023e-40
1.12899e-14 0 1.86023e-40
1.13408e-14 0 1.86023e-40
1.13919e-14 0 1.86023e-40
1.14432e-14 0 1.86023e-40
1.14947e-14 0 1.86023e-40
1.15465e-14 0 1.86023e-40
1.15985e-14 0 1.86023e-40
1.16507e-14 0 1.86023e-40
1.17032e-14 0 1.86023e-40
1.17559e-14 0 1.86023e-40
1.18088e-14 0 1.86023e-40
1.1862e-14 0 1.86023e-40
1.19154e-14 0 1.86023e-40
1.19691e-14 0 1.86023e-40
1.2023e-14 0 1.86023e-40
1.20772e-14 0 1.86023e-40
1.21316e-14 0 1.86023e-40
1.21862e-14 0 1.86023e-40
1.22411e-14 0 1.86023e-40
1.22962e-14 0 1.86023e-40
1.23516e-14 0 1.86023e-40
1.24072e-14 0 1.86023e-40
1.24631e-14 0 1.86023e-40
1.25192e-14 0 1.86023e-40
1.25756e-14 0 1.86023e-40
1.26322e-14 0 1.86023e-40
1.26891e-14 0 1.86023e-40
1.27463e-14 0 1.86023e-40
1.28037e-14 0 1.86023e-40
1.28613e-14 0 1.86023e-40
1.29193e-14 0 1.86023e-40
1.29775e-14 0 1.86023e-40
1.30359e-14 0 1.86023e-40
1.30946e-14 0 1.86023e-40
1.31536e-14 0 1.86023e-40
1.32128e-14 0 1.86023e-40
1.32723e-14 0 1.86023e-40
1.33321e-14 0 1.86023e-40
1.33922e-14 0 1.86023e-40
1.34525e-14 0 1.86023e-40
1.35131e-14 0 1.86023e-40
1.35739e-14 0 1.86023e-40
1.3635e-14 0 1.86023e-40
1.36965e-14 0 1.86023e-40
1.37581e-14 0 1.86023e-40
1.38201e-14 0 1.86023e-40
1.38823e-14 0 1.86023e-40
1.39449e-14 0 1.86023e-40
1.40077e-14 0 1.86023e-40
1.40708e-14 0 1.86023e-40
1.41341e-14 0 1.86023e-40
1.41978e-14 0 1.86023e-40
1.42617e-14 0 1.86023e-40
1.4326e-14 0 1.86023e-40
1.43905e-14 0 1.86023e-40
1.44553e-14 0 1.86023e-40
1.45204e-14 0 1.86023e-40
1.45858e-14 0 1.86023e-40
1.46515e-14 0 1.86023e-40
1.47175e-14 0 1.86023e-40
1.47837e-14 0 1.86023e-40
1.48503e-14 0 1.86023e-40
1.49172e-14 0 1.86023e-40
1.49844e-14 0 1.86023e-40
1.50519e-14 0 1.86023e-40
1.51197e-14 0 1.86023e-40
1.51878e-14 0 1.86023e-40
1.52562e-14 0 1.86023e-40
1.53249e-14 0 1.86023e-40
1.53939e-14 0 1.86023e-40
1.54632e-14 0 1.86023e-40
1.55329e-14 0 1.86023e-40
1.56028e-14 0 1.86023e-40
1.56731e-14 0 1.86023e-40
1.57437e-14 0 1.86023e-40
1.58146e-14 0 1.86023e-40
1.58858e-14 0 1.86023e-40
1.59573e-14 0 1.86023e-40
1.60292e-14 0 1.86023e-40
1.61014e-14 0 1.86023e-40
1.61739e-14 0 1.86023e-40
1.62468e-14 0 1.86023e-40
1.63199e-14 0 1.86023e-40
1.63934e-14 0 1.86023e-40
1.64673e-14 0 1.86023e-40
1.65414e-14 0 1.86023e-40
1.66159e-14 0 1.86023e-40
1.66908e-14 0 1.86023e-40
1.67659e-14 0 1.86023e-40
1.68414e-14 0 1.86023e-40
1.69173e-14 0 1.86023e-40
1.69935e-14 0 1.86023e-40
1.707e-14 0 1.86023e-40
1.71469e-14 0 1.86023e-40
1.72241e-14 0 1.86023e-40
1.73017e-14 0 1.86023e-40
1.73796e-14 0 1.86023e-40
1.74579e-14 0 1.86023e-40
1.75365e-14 0 1.86023e-40
1.76155e-14 0 1.86023e-40
1.76948e-14 0 1.86023e-40
1.77745e-14 0 1.86023e-40
1.78546e-14 0 1.86023e-40
1.7935e-14 0 1.86023e-40
1.80158e-14 0 1.86023e-40
1.80969e-14 0 1.86023e-40
1.81784e-14 0 1.86023e-40
1.82603e-14 0 1.86023e-40
1.83425e-14 0 1.86023e-40
1.84251e-14 0 1.86023e-40
1.85081e-14 0 1.86023e-40
1.85914e-14 0 1.86023e-40
1.86752e-14 0 1.86023e-40
1.87593e-14 0 1.86023e-40
1.88438e-14 0 1.86023e-40
1.89286e-14 0 1.86023e-40
1.90139e-14 0 1.86023e-40
1.90995e-14 0 1.86023e-40
1.91855e-14 0 1.86023e-40
1.92719e-14 0 1.86023e-40
1.93587e-14 0 1.86023e-40
1.94459e-14 0 1.86023e-40
1.95335e-14 0 1.86023e-40
1.96215e-14 0 1.86023e-40
1.97098e-14 0 1.86023e-40
1.97986e-14 0 1.86023e-40
1.98878e-14 0 1.86023e-40
1.99774e-14 0 1.86023e-40
2.00673e-14 0 1.86023e-40
2.01577e-14 0 1.86023e-40
2.02485e-14 0 1.86023e-40
2.03397e-14 0 1.86023e-40
2.04313e-14 0 1.86023e-40
2.05233e-14 0 1.86023e-40
2.06157e-14 0 1.86023e-40
2.07086e-14 0 1.86023e-40
2.08018e-14 0 1.86023e-40
2.08955e-14 0 1.86023e-40
2.09896e-14 0 1.86023e-40
2.10842e-14 0 1.86023e-40
2.11791e-14 0 1.86023e-40
2.12745e-14 8.26411e-59 1.86023e-40
2.13703e-14 3.02539e-58 1.86023e-40
2.14666e-14 4.65816e-58 1.86023e-40
2.15632e-14 6.29922e-58 1.86023e-40
2.16604e-14 7.35146e-58 1.86023e-40
2.17579e-14 1.06196e-57 1.86023e-40
2.18559e-14 1.70584e-57 1.86023e-40
2.19543e-14 2.15707e-57 1.86023e-40
2.20532e-14 3.26815e-57 1.86023e-40
2.21525e-14 4.21871e-57 1.86023e-40
2.22523e-14 4.90997e-57 1.86023e-40
2.23525e-14 5.88159e-57 1.86023e-40
2.24532e-14 7.1259e-57 1.86023e-40
2.25543e-14 8.00394e-57 1.86023e-40
2.26559e-14 8.89577e-57 1.86023e-40
2.27579e-14 1.01423e-56 1.86023e-40
2.28604e-14 1.10662e-56 1.86023e-40
2.29634e-14 1.22652e-56 1.86023e-40
2.30668e-14 1.30523e-56 1.86023e-40
2.31707e-14 1.40339e-56 1.86023e-40
2.3275e-14 1.5116e-56 1.86023e-40
2.33799e-14 1.60811e-56 1.86023e-40
2.34852e-14 1.72236e-56 1.86023e-40
2.35909e-14 1.80604e-56 1.86023e-40
2.36972e-14 1.93465e-56 1.86023e-40
2.38039e-14 2.07876e-56 1.86023e-40
2.39111e-14 2.23245e-56 1.86023e-40
2.40188e-14 2.38544e-56 1.86023e-40
2.4127e-14 2.61044e-56 1.86023e-40
2.42356e-14 2.78776e-56 1.86023e-40
2.43448e-14 2.99119e-56 1.86023e-40
2.44544e-14 3.21463e-56 1.86023e-40
2.45646e-14 3.41116e-56 1.86023e-40
2.46752e-14 3.65306e-56 1.86023e-40
2.47863e-14 3.91865e-56 1.86023e-40
2.4898e-14 4.18088e-56 1.86023e-40
2.50101e-14 4.47427e-56 1.86023e-40
2.51227e-14 4.7125e-56 1.86023e-40
2.52359e-14 4.99273e-56 1.86023e-40
2.53495e-14 5.36052e-56 1.86023e-40
2.54637e-14 5.7203e-56 1.86023e-40
2.55784e-14 6.0333e-56 1.86023e-40
2.56936e-14 6.39762e-56 1.86023e-40
2.58093e-14 6.86261e-56 1.86023e-40
2.59255e-14 7.21211e-56 1.86023e-40
2.60423e-14 7.71677e-56 1.86023e-40
2.61596e-14 8.15625e-56 1.86023e-40
2.62774e-14 8.70369e-56 1.86023e-40
2.63957e-14 9.26277e-56 1.86023e-40
2.65146e-14 9.86392e-56 1.86023e-40
2.6634e-14 1.04677e-55 1.86023e-40
2.6754e-14 1.1012e-55 1.86023e-40
2.68745e-14 1.16553e-55 1.86023e-40
2.69955e-14 1.23692e-55 1.86023e-40
2.71171e-14 1.29673e-55 1.86023e-40
2.72392e-14 1.37107e-55 1.86023e-40
2.73619e-14 1.44759e-55 1.86023e-40
2.74851e-14 1.52389e-55 1.86023e-40
2.76089e-14 1.6075e-55 1.86023e-40
2.77332e-14 1.69717e-55 1.86023e-40
2.78581e-14 1.79078e-55 1.86023e-40
2.79836e-14 1.88063e-55 1.86023e-40
2.81096e-14 1.98677e-55 1.86023e-40
2.82362e-14 2.08998e-55 1.86023e-40
2.83634e-14 2.19957e-55 1.86023e-40
2.84912e-14 2.31042e-55 1.86023e-40
2.86195e-14 2.45015e-55 1.86023e-40
2.87484e-14 2.58115e-55 1.86023e-40
2.88778e-14 2.72471e-55 1.86023e-40
2.90079e-14 2.87591e-55 1.86023e-40
2.91385e-14 3.02824e-55 1.86023e-40
2.92698e-14 3.18678e-55 1.86023e-40
2.94016e-14 3.36247e-55 1.86023e-40
2.9534e-14 3.53716e-55 1.86023e-40
2.9667e-14 3.72094e-55 1.86023e-40
2.98006e-14 3.92282e-55 1.86023e-40
2.99348e-14 4.12419e-55 1.86023e-40
3.00697e-14 4.3397e-55 1.86023e-40
3.02051e-14 4.56922e-55 1.86023e-40
3.03411e-14 4.80419e-55 1.86023e-40
3.04778e-14 5.06088e-55 1.86023e-40
3.0615e-14 5.32961e-55 1.86023e-40
3.07529e-14 5.61613e-55 1.86023e-40
3.08914e-14 5.90146e-55 1.86023e-40
3.10305e-14 6.21244e-55 1.86023e-40
3.11703e-14 6.53394e-55 1.86023e-40
3.13107e-14 6.86666e-55 1.86023e-40
3.14517e-14 7.23156e-55 1.86023e-40
3.15933e-14 7.61884e-55 1.86023e-40
3.17356e-14 8.0203e-55 1.86023e-40
3.18786e-14 8.42967e-55 1.86023e-40
3.20221e-14 8.87645e-55 1.86023e-40
3.21663e-14 9.3387e-55 1.86023e-40
3.23112e-14 9.8362e-55 1.86023e-40
3.24567e-14 1.03398e-54 1.86023e-40
3.26029e-14 1.08738e-54 1.86023e-40
3.27497e-14 1.14298e-54 1.86023e-40
3.28972e-14 1.20344e-54 1.86023e-40
3.30454e-14 1.26457e-54 1.86023e-40
3.31942e-14 1.3298e-54 1.86023e-40
3.33437e-14 1.39764e-54 1.86023e-40
3.34939e-14 1.46979e-54 1.86023e-40
3.36447e-14 1.54472e-54 1.86023e-40
3.37963e-14 1.6216e-54 1.86023e-40
3.39485e-14 1.70299e-54 1.86023e-40
3.41014e-14 1.78858e-54 1.86023e-40
3.42549e-14 1.87953e-54 1.86023e-40
3.44092e-14 1.97438e-54 1.86023e-40
3.45642e-14 2.07346e-54 1.86023e-40
3.47199e-14 2.17642e-54 1.86023e-40
3.48762e-14 2.28718e-54 1.86023e-40
3.50333e-14 2.40038e-54 1.86023e-40
3.51911e-14 2.52127e-54 1.86023e-40
3.53496e-14 2.64488e-54 1.86023e-40
3.55088e-14 2.77531e-54 1.86023e-40
3.56687e-14 2.91311e-54 1.86023e-40
3.58293e-14 3.06029e-54 1.86023e-40
3.59907e-14 3.21052e-54 1.86023e-40
3.61528e-14 3.36936e-54 1.86023e-40
3.63156e-14 3.53686e-54 1.86023e-40
3.64792e-14 3.71078e-54 1.86023e-40
3.66435e-14 3.89443e-54 1.86023e-40
3.68085e-14 4.08659e-54 1.86023e-40
3.69743e-14 4.28808e-54 1.86023e-40
3.71408e-14 4.49761e-54 1.86023e-40
3.73081e-14 4.72031e-54 1.86023e-40
3.74761e-14 4.95196e-54 1.86023e-40
3.76449e-14 5.19494e-54 1.86023e-40
3.78144e-14 5.44867e-54 1.86023e-40
3.79847e-14 5.7178e-54 1.86023e-40
3.81558e-14 5.99651e-54 1.86023e-40
3.83276e-14 6.29014e-54 1.86023e-40
3.85002e-14 6.59601e-54 1.86023e-40
3.86736e-14 6.9168e-54 1.86023e-40
3.88478e-14 7.25371e-54 1.86023e-40
3.90228e-14 7.60729e-54 1.86023e-40
3.91985e-14 7.97523e-54 1.86023e-40
3.93751e-14 8.36264e-54 1.86023e-40
3.95524e-14 8.76894e-54 1.86023e-40
3.97305e-14 9.19122e-54 1.86023e-40
3.99095e-14 9.63649e-54 1.86023e-40
4.00892e-14 1.00996e-53 1.86023e-40
4.02698e-14 1.05884e-53 1.86023e-40
4.04511e-14 1.10983e-53 1.86023e-40
4.06333e-14 1.16324e-53 1.86023e-40
4.08163e-14 1.21901e-53 1.86023e-40
4.10001e-14 1.27768e-53 1.86023e-40
4.11848e-14 1.33894e-53 1.86023e-40
4.13703e-14 1.40294e-53 1.86023e-40
4.15566e-14 1.47029e-53 1.86023e-40
4.17437e-14 1.54061e-53 1.86023e-40
4.19317e-14 1.61415e-53 1.86023e-40
4.21206e-14 1.69105e-53 1.86023e-40
4.23103e-14 1.77174e-53 1.86023e-40
4.25008e-14 1.85602e-53 1.86023e-40
4.26922e-14 1.94431e-53 1.86023e-40
4.28845e-14 2.03662e-53 1.86023e-40
4.30777e-14 2.13346e-53 1.86023e-40
4.32717e-14 2.23438e-53 1.86023e-40
4.34666e-14 2.34033e-53 1.86023e-40
4.36623e-14 2.45117e-53 1.86023e-40
4.3859e-14 2.56698e-53 1.86023e-40
4.40565e-14 2.68813e-53 1.86023e-40
4.42549e-14 2.81493e-53 1.86023e-40
4.44542e-14 2.9476e-53 1.86023e-40
4.46544e-14 3.08634e-53 1.86023e-40
4.48555e-14 3.23151e-53 1.86023e-40
4.50575e-14 3.38313e-53 1.86023e-40
4.52605e-14 3.5421e-53 1.86023e-40
4.54643e-14 3.70802e-53 1.86023e-40
4.56691e-14 3.88172e-53 1.86023e-40
4.58748e-14 4.06323e-53 1.86023e-40
4.60814e-14 4.25309e-53 1.86023e-40
4.62889e-14 4.45165e-53 1.86023e-40
4.64974e-14 4.65921e-53 1.86023e-40
4.67068e-14 4.87617e-53 1.86023e-40
4.69171e-14 5.10308e-53 1.86023e-40
4.71284e-14 5.34022e-53 1.86023e-40
4.73407e-14 5.58804e-53 1.86023e-40
4.75539e-14 5.84724e-53 1.86023e-40
4.77681e-14 6.11811e-53 1.86023e-40
4.79832e-14 6.40118e-53 1.86023e-40
4.81993e-14 6.69722e-53 1.86023e-40
4.84164e-14 7.00644e-53 1.86023e-40
4.86344e-14 7.32986e-53 1.86023e-40
4.88535e-14 7.66762e-53 1.86023e-40
4.90735e-14 8.02053e-53 1.86023e-40
4.92945e-14 8.3895e-53 1.86023e-40
4.95165e-14 8.77481e-53 1.86023e-40
4.97395e-14 9.17759e-53 1.86023e-40
4.99635e-14 9.59834e-53 1.86023e-40
5.01886e-14 1.00379e-52 1.86023e-40
5.04146e-14 1.04971e-52 1.86023e-40
5.06416e-14 1.09768e-52 1.86023e-40
5.08697e-14 1.14778e-52 1.86023e-40
5.10988e-14 1.20012e-52 1.86023e-40
5.13289e-14 1.25477e-52 1.86023e-40
5.15601e-14 1.31186e-52 1.86023e-40
5.17923e-14 1.37149e-52 1.86023e-40
5.20256e-14 1.43376e-52 1.86023e-40
5.22599e-14 1.49877e-52 1.86023e-40
5.24953e-14 1.56666e-52 1.86023e-40
5.27317e-14 1.63758e-52 1.86023e-40
5.29692e-14 1.7116e-52 1.86023e-40
5.32077e-14 1.78889e-52 1.86023e-40
5.34474e-14 1.86961e-52 1.86023e-40
5.36881e-14 1.95385e-52 1.86023e-40
5.39299e-14 2.04178e-52 1.86023e-40
5.41728e-14 2.1336e-52 1.86023e-40
5.44167e-14 2.22944e-52 1.86023e-40
5.46618e-14 2.32946e-52 1.86023e-40
5.4908e-14 2.43387e-52 1.86023e-40
5.51553e-14 2.54283e-52 1.86023e-40
5.54037e-14 2.65655e-52 1.86023e-40
5.56532e-14 2.77522e-52 1.86023e-40
5.59039e-14 2.89906e-52 1.86023e-40
5.61556e-14 3.02829e-52 1.86023e-40
5.64085e-14 3.16313e-52 1.86023e-40
5.66626e-14 3.30382e-52 1.86023e-40
5.69178e-14 3.45061e-52 1.86023e-40
5.71741e-14 3.60374e-52 1.86023e-40
5.74316e-14 3.7635e-52 1.86023e-40
5.76903e-14 3.93018e-52 1.86023e-40
5.79501e-14 4.10404e-52 1.86023e-40
5.82111e-14 4.28539e-52 1.86023e-40
5.84732e-14 4.47452e-52 1.86023e-40
5.87366e-14 4.67181e-52 1.86023e-40
5.90011e-14 4.87757e-52 1.86023e-40
5.92668e-14 5.09217e-52 1.86023e-40
5.95338e-14 5.31595e-52 1.86023e-40
5.98019e-14 5.54929e-52 1.86023e-40
6.00712e-14 5.79261e-52 1.86023e-40
6.03418e-14 6.04633e-52 1.86023e-40
6.06135e-14 6.31089e-52 1.86023e-40
6.08865e-14 6.58668e-52 1.86023e-40
6.11607e-14 6.87422e-52 1.86023e-40
6.14362e-14 7.174e-52 1.86023e-40
6.17129e-14 7.48648e-52 1.86023e-40
6.19908e-14 7.81223e-52 1.86023e-40
6.227e-14 8.15177e-52 1.86023e-40
6.25504e-14 8.50565e-52 1.86023e-40
6.28321e-14 8.8745e-52 1.86023e-40
6.31151e-14 9.25893e-52 1.86023e-40
6.33994e-14 9.65954e-52 1.86023e-40
6.36849e-14 1.0077e-51 1.86023e-40
6.39717e-14 1.05121e-51 1.86023e-40
6.42598e-14 1.09654e-51 1.86023e-40
6.45492e-14 1.14378e-51 1.86023e-40
6.484e-14 1.19299e-51 1.86023e-40
6.5132e-14 1.24426e-51 1.86023e-40
6.54253e-14 1.29768e-51 1.86023e-40
6.572e-14 1.35332e-51 1.86023e-40
6.6016e-14 1.41129e-51 1.86023e-40
6.63133e-14 1.47168e-51 1.86023e-40
6.66119e-14 1.53457e-51 1.86023e-40
6.69119e-14 1.60008e-51 1.86023e-40
6.72133e-14 1.66831e-51 1.86023e-40
6.7516e-14 1.73937e-51 1.86023e-40
6.78201e-14 1.81337e-51 1.86023e-40
6.81255e-14 1.89043e-51 1.86023e-40
6.84323e-14 1.97068e-51 1.86023e-40
6.87405e-14 2.05424e-51 1.86023e-40
6.90501e-14 2.14124e-51 1.86023e-40
6.93611e-14 2.23182e-51 1.86023e-40
6.96735e-14 2.32613e-51 1.86023e-40
6.99873e-14 2.42431e-51 1.86023e-40
7.03025e-14 2.52651e-51 1.86023e-40
7.06191e-14 2.63291e-51 1.86023e-40
7.09371e-14 2.74366e-51 1.86023e-40
7.12566e-14 2.85893e-51 1.86023e-40
7.15775e-14 2.97891e-51 1.86023e-40
7.18999e-14 3.10379e-51 1.86023e-40
7.22237e-14 3.23374e-51 1.86023e-40
7.2549e-14 3.36899e-51 1.86023e-40
7.28757e-14 3.50972e-51 1.86023e-40
7.32039e-14 3.65617e-51 1.86023e-40
7.35336e-14 3.80855e-51 1.86023e-40
7.38648e-14 3.9671e-51 1.86023e-40
7.41975e-14 4.13206e-51 1.86023e-40
7.45316e-14 4.30368e-51 1.86023e-40
7.48673e-14 4.48223e-51 1.86023e-40
7.52045e-14 4.66796e-51 1.86023e-40
7.55432e-14 4.86116e-51 1.86023e-40
7.58834e-14 5.06213e-51 1.86023e-40
7.62252e-14 5.27117e-51 1.86023e-40
7.65685e-14 5.48858e-51 1.86023e-40
7.69133e-14 5.7147e-51 1.86023e-40
7.72597e-14 5.94985e-51 1.86023e-40
7.76076e-14 6.1944e-51 1.86023e-40
7.79572e-14 6.4487e-51 1.86023e-40
7.83083e-14 6.71314e-51 1.86023e-40
7.86609e-14 6.98809e-51 1.86023e-40
7.90152e-14 7.27397e-51 1.86023e-40
7.93711e-14 7.57119e-51 1.86023e-40
7.97285e-14 7.8802e-51 1.86023e-40
8.00876e-14 8.20144e-51 1.86023e-40
8.04483e-14 8.53538e-51 1.86023e-40
8.08106e-14 8.88252e-51 1.86023e-40
8.11746e-14 9.24334e-51 1.86023e-40
8.15402e-14 9.61838e-51 1.86023e-40
8.19074e-14 1.00082e-50 1.86023e-40
8.22763e-14 1.04133e-50 1.86023e-40
8.26468e-14 1.08343e-50 1.86023e-40
8.3019e-14 1.12718e-50 1.86023e-40
8.33929e-14 1.17264e-50 1.86023e-40
8.37685e-14 1.21988e-50 1.86023e-40
8.41458e-14 1.26897e-50 1.86023e-40
8.45247e-14 1.31997e-50 1.86023e-40
8.49054e-14 1.37296e-50 1.86023e-40
8.52878e-14 1.42801e-50 1.86023e-40
8.56719e-14 1.48519e-50 1.86023e-40
8.60578e-14 1.5446e-50 1.86023e-40
8.64453e-14 1.60631e-50 1.86023e-40
8.68347e-14 1.67041e-50 1.86023e-40
8.72257e-14 1.73698e-50 1.86023e-40
8.76186e-14 1.80612e-50 1.86023e-40
8.80132e-14 1.87794e-50 1.86023e-40
8.84096e-14 1.95251e-50 1.86023e-40
8.88077e-14 2.02996e-50 1.86023e-40
8.92077e-14 2.11037e-50 1.86023e-40
8.96095e-14 2.19388e-50 1.86023e-40
9.00131e-14 2.28058e-50 1.86023e-40
9.04184e-14 2.3706e-50 1.86023e-40
9.08257e-14 2.46406e-50 1.86023e-40
9.12347e-14 2.56109e-50 1.86023e-40
9.16456e-14 2.66182e-50 1.86023e-40
9.20584e-14 2.76638e-50 1.86023e-40
9.2473e-14 2.87491e-50 1.86023e-40
9.28894e-14 2.98757e-50 1.86023e-40
9.33078e-14 3.1045e-50 1.86023e-40
9.3728e-14 3.22585e-50 1.86023e-40
9.41501e-14 3.3518e-50 1.86023e-40
9.45742e-14 3.4825e-50 1.86023e-40
9.50001e-14 3.61814e-50 1.86023e-40
9.54279e-14 3.75888e-50 1.86023e-40
9.58577e-14 3.90492e-50 1.86023e-40
9.62894e-14 4.05645e-50 1.86023e-40
9.67231e-14 4.21366e-50 1.86023e-40
9.71587e-14 4.37677e-50 1.86023e-40
9.75963e-14 4.54598e-50 1.86023e-40
9.80358e-14 4.72151e-50 1.86023e-40
9.84774e-14 4.9036e-50 1.86023e-40
9.89209e-14 5.09248e-50 1.86023e-40
9.93664e-14 5.28839e-50 1.86023e-40
9.98139e-14 5.49158e-50 1.86023e-40
1.00263e-13 5.70232e-50 1.86023e-40
1.00715e-13 5.92088e-50 1.86023e-40
1.01169e-13 6.14753e-50 1.86023e-40
1.01624e-13 6.38256e-50 1.86023e-40
1.02082e-13 6.62627e-50 1.86023e-40
1.02542e-13 6.87898e-50 1.86023e-40
1.03003e-13 7.141e-50 1.86023e-40
1.03467e-13 7.41265e-50 1.86023e-40
1.03933e-13 7.69429e-50 1.86023e-40
1.04401e-13 7.98626e-50 1.86023e-40
1.04872e-13 8.28893e-50 1.86023e-40
1.05344e-13 8.60267e-50 1.86023e-40
1.05818e-13 8.92789e-50 1.86023e-40
1.06295e-13 9.26497e-50 1.86023e-40
1.06774e-13 9.61434e-50 1.86023e-40
1.07255e-13 9.97642e-50 1.86023e-40
1.07738e-13 1.03517e-49 1.86023e-40
1.08223e-13 1.07405e-49 1.86023e-40
1.0871e-13 1.11435e-49 1.86023e-40
1.092e-13 1.15611e-49 1.86023e-40
1.09692e-13 1.19937e-49 1.86023e-40
1.10186e-13 1.2442e-49 1.86023e-40
1.10682e-13 1.29064e-49 1.86023e-40
1.1118e-13 1.33876e-49 1.86023e-40
1.11681e-13 1.38861e-49 1.86023e-40
1.12184e-13 1.44024e-49 1.86023e-40
1.12689e-13 1.49373e-49 1.86023e-40
1.13197e-13 1.54913e-49 1.86023e-40
1.13707e-13 1.60652e-49 1.86023e-40
1.14219e-13 1.66595e-49 1.86023e-40
1.14733e-13 1.72751e-49 1.86023e-40
1.1525e-13 1.79126e-49 1.86023e-40
1.15769e-13 1.85727e-49 1.86023e-40
1.1629e-13 1.92563e-49 1.86023e-40
1.16814e-13 1.99641e-49 1.86023e-40
1.1734e-13 2.0697e-49 1.86023e-40
1.17869e-13 2.14559e-49 1.86023e-40
1.18399e-13 2.22415e-49 1.86023e-40
1.18933e-13 2.30549e-49 1.86023e-40
1.19468e-13 2.38969e-49 1.86023e-40
1.20006e-13 2.47685e-49 1.86023e-40
1.20547e-13 2.56707e-49 1.86023e-40
1.2109e-13 2.66046e-49 1.86023e-40
1.21635e-13 2.75712e-49 1.86023e-40
1.22183e-13 2.85716e-49 1.86023e-40
1.22733e-13 2.9607e-49 1.86023e-40
1.23286e-13 3.06785e-49 1.86023e-40
1.23841e-13 3.17873e-49 1.86023e-40
1.24399e-13 3.29347e-49 1.86023e-40
1.24959e-13 3.41219e-49 1.86023e-40
1.25522e-13 3.53503e-49 1.86023e-40
1.26087e-13 3.66213e-49 1.86023e-40
1.26655e-13 3.79362e-49 1.86023e-40
1.27226e-13 3.92966e-49 1.86023e-40
1.27799e-13 4.07038e-49 1.86023e-40
1.28374e-13 4.21596e-49 1.86023e-40
1.28952e-13 4.36654e-49 1.86023e-40
1.29533e-13 4.52229e-49 1.86023e-40
1.30116e-13 4.68339e-49 1.86023e-40
1.30702e-13 4.85e-49 1.86023e-40
1.31291e-13 5.02231e-49 1.86023e-40
1.31882e-13 5.20051e-49 1.86023e-40
1.32476e-13 5.38478e-49 1.86023e-40
1.33073e-13 5.57533e-49 1.86023e-40
1.33672e-13 5.77236e-49 1.86023e-40
1.34274e-13 5.97607e-49 1.86023e-40
1.34879e-13 6.1867e-49 1.86023e-40
1.35487e-13 6.40445e-49 1.86023e-40
1.36097e-13 6.62957e-49 1.86023e-40
1.3671e-13 6.86229e-49 1.86023e-40
1.37325e-13 7.10285e-49 1.86023e-40
1.37944e-13 7.35151e-49 1.86023e-40
1.38565e-13 7.60853e-49 1.86023e-40
1.39189e-13 7.87418e-49 1.86023e-40
1.39816e-13 8.14873e-49 1.86023e-40
1.40446e-13 8.43247e-49 1.86023e-40
1.41078e-13 8.72569e-49 1.86023e-40
1.41714e-13 9.0287e-49 1.86023e-40
1.42352e-13 9.3418e-49 1.86023e-40
1.42993e-13 9.66533e-49 1.86023e-40
1.43637e-13 9.9996e-49 1.86023e-40
1.44284e-13 1.0345e-48 1.86023e-40
1.44934e-13 1.07018e-48 1.86023e-40
1.45586e-13 1.10704e-48 1.86023e-40
1.46242e-13 1.14511e-48 1.86023e-40
1.46901e-13 1.18445e-48 1.86023e-40
1.47562e-13 1.22508e-48 1.86023e-40
1.48227e-13 1.26704e-48 1.86023e-40
1.48894e-13 1.31038e-48 1.86023e-40
1.49565e-13 1.35515e-48 1.86023e-40
1.50239e-13 1.40138e-48 1.86023e-40
1.50915e-13 1.44912e-48 1.86023e-40
1.51595e-13 1.49841e-48 1.86023e-40
1.52278e-13 1.54932e-48 1.86023e-40
1.52963e-13 1.60188e-48 1.86023e-40
1.53652e-13 1.65615e-48 1.86023e-40
1.54344e-13 1.71218e-48 1.86023e-40
1.5504e-13 1.77003e-48 1.86023e-40
1.55738e-13 1.82974e-48 1.86023e-40
1.56439e-13 1.89139e-48 1.86023e-40
1.57144e-13 1.95502e-48 1.86023e-40
1.57851e-13 2.0207e-48 1.86023e-40
1.58562e-13 2.0885e-48 1.86023e-40
1.59277e-13 2.15847e-48 1.86023e-40
1.59994e-13 2.23068e-48 1.86023e-40
1.60714e-13 2.30521e-48 1.86023e-40
1.61438e-13 2.38211e-48 1.86023e-40
1.62165e-13 2.46147e-48 1.86023e-40
1.62896e-13 2.54336e-48 1.86023e-40
1.63629e-13 2.62786e-48 1.86023e-40
1.64366e-13 2.71503e-48 1.86023e-40
1.65106e-13 2.80498e-48 1.86023e-40
1.6585e-13 2.89777e-48 1.86023e-40
1.66597e-13 2.99349e-48 1.86023e-40
1.67347e-13 3.09224e-48 1.86023e-40
1.68101e-13 3.19409e-48 1.86023e-40
1.68858e-13 3.29916e-48 1.86023e-40
1.69619e-13 3.40752e-48 1.86023e-40
1.70382e-13 3.51929e-48 1.86023e-40
1.7115e-13 3.63455e-48 1.86023e-40
1.71921e-13 3.75343e-48 1.86023e-40
1.72695e-13 3.87601e-48 1.86023e-40
1.73473e-13 4.00241e-48 1.86023e-40
1.74254e-13 4.13275e-48 1.86023e-40
1.75039e-13 4.26714e-48 1.86023e-40
1.75827e-13 4.40571e-48 1.86022e-40
1.76619e-13 4.54856e-48 1.86022e-40
1.77414e-13 4.69584e-48 1.86022e-40
1.78213e-13 4.84766e-48 1.86022e-40
1.79016e-13 5.00416e-48 1.86022e-40
1.79822e-13 5.16549e-48 1.86022e-40
1.80632e-13 5.33177e-48 1.86022e-40
1.81446e-13 5.50316e-48 1.86022e-40
1.82263e-13 5.6798e-48 1.86022e-40
1.83084e-13 5.86184e-48 1.86022e-40
1.83908e-13 6.04944e-48 1.86022e-40
1.84736e-13 6.24277e-48 1.86022e-40
1.85568e-13 6.44198e-48 1.86022e-40
1.86404e-13 6.64725e-48 1.86022e-40
1.87244e-13 6.85875e-48 1.86022e-40
1.88087e-13 7.07666e-48 1.86022e-40
1.88934e-13 7.30116e-48 1.86022e-40
1.89785e-13 7.53244e-48 1.86022e-40
1.9064e-13 7.7707e-48 1.86022e-40
1.91498e-13 8.01613e-48 1.86022e-40
1.92361e-13 8.26894e-48 1.86022e-40
1.93227e-13 8.52933e-48 1.86022e-40
1.94097e-13 8.79753e-48 1.86022e-40
1.94972e-13 9.07375e-48 1.86022e-40
1.9585e-13 9.35823e-48 1.86022e-40
1.96732e-13 9.65118e-48 1.86022e-40
1.97618e-13 9.95285e-48 1.86022e-40
1.98508e-13 1.02635e-47 1.86022e-40
1.99402e-13 1.05834e-47 1.86022e-40
2.003e-13 1.09127e-47 1.86022e-40
2.01202e-13 1.12518e-47 1.86022e-40
2.02108e-13 1.16008e-47 1.86022e-40
2.03018e-13 1.19602e-47 1.86022e-40
2.03933e-13 1.23302e-47 1.86022e-40
2.04851e-13 1.2711e-47 1.86022e-40
2.05774e-13 1.3103e-47 1.86022e-40
2.067e-13 1.35065e-47 1.86022e-40
2.07631e-13 1.39217e-47 1.86022e-40
2.08566e-13 1.43491e-47 1.86022e-40
2.09506e-13 1.47889e-47 1.86022e-40
2.10449e-13 1.52416e-47 1.86022e-40
2.11397e-13 1.57074e-47 1.86022e-40
2.12349e-13 1.61866e-47 1.86022e-40
2.13306e-13 1.66798e-47 1.86022e-40
2.14266e-13 1.71872e-47 1.86022e-40
2.15231e-13 1.77092e-47 1.86022e-40
2.16201e-13 1.82463e-47 1.86022e-40
2.17174e-13 1.87988e-47 1.86022e-40
2.18152e-13 1.93672e-47 1.86022e-40
2.19135e-13 1.99519e-47 1.86022e-40
2.20122e-13 2.05533e-47 1.86022e-40
2.21113e-13 2.11718e-47 1.86022e-40
2.22109e-13 2.1808e-47 1.86022e-40
2.23109e-13 2.24623e-47 1.86022e-40
2.24114e-13 2.31352e-47 1.86022e-40
2.25123e-13 2.38271e-47 1.86022e-40
2.26137e-13 2.45387e-47 1.86022e-40
2.27156e-13 2.52704e-47 1.86022e-40
2.28179e-13 2.60227e-47 1.86022e-40
2.29206e-13 2.67962e-47 1.86022e-40
2.30239e-13 2.75914e-47 1.86022e-40
2.31276e-13 2.8409e-47 1.86022e-40
2.32317e-13 2.92495e-47 1.86022e-40
2.33364e-13 3.01135e-47 1.86022e-40
2.34415e-13 3.10016e-47 1.86022e-40
2.3547e-13 3.19145e-47 1.86022e-40
2.36531e-13 3.28528e-47 1.86022e-40
2.37596e-13 3.38172e-47 1.86022e-40
2.38666e-13 3.48083e-47 1.86021e-40
2.39741e-13 3.58268e-47 1.86021e-40
2.40821e-13 3.68735e-47 1.86021e-40
2.41905e-13 3.7949e-47 1.86021e-40
2.42995e-13 3.90542e-47 1.86021e-40
2.44089e-13 4.01897e-47 1.86021e-40
2.45188e-13 4.13564e-47 1.86021e-40
2.46293e-13 4.25551e-47 1.86021e-40
2.47402e-13 4.37865e-47 1.86021e-40
2.48516e-13 4.50516e-47 1.86021e-40
2.49635e-13 4.63511e-47 1.86021e-40
2.5076e-13 4.7686e-47 1.86021e-40
2.51889e-13 4.90571e-47 1.86021e-40
2.53023e-13 5.04653e-47 1.86021e-40
2.54163e-13 5.19117e-47 1.86021e-40
2.55308e-13 5.33971e-47 1.86021e-40
2.56458e-13 5.49225e-47 1.86021e-40
2.57613e-13 5.6489e-47 1.86021e-40
2.58773e-13 5.80976e-47 1.86021e-40
2.59938e-13 5.97493e-47 1.86021e-40
2.61109e-13 6.14452e-47 1.86021e-40
2.62285e-13 6.31864e-47 1.86021e-40
2.63466e-13 6.4974e-47 1.8602e-40
2.64653e-13 6.68092e-47 1.8602e-40
2.65845e-13 6.86931e-47 1.8602e-40
2.67042e-13 7.06271e-47 1.8602e-40
2.68245e-13 7.26122e-47 1.8602e-40
2.69453e-13 7.46497e-47 1.8602e-40
2.70666e-13 7.6741e-47 1.8602e-40
2.71885e-13 7.88874e-47 1.8602e-40
2.7311e-13 8.10901e-47 1.8602e-40
2.7434e-13 8.33506e-47 1.8602e-40
2.75575e-13 8.56703e-47 1.8602e-40
2.76816e-13 8.80506e-47 1.8602e-40
2.78063e-13 9.0493e-47 1.8602e-40
2.79315e-13 9.2999e-47 1.86019e-40
2.80573e-13 9.55701e-47 1.86019e-40
2.81837e-13 9.82079e-47 1.86019e-40
2.83106e-13 1.00914e-46 1.86019e-40
2.84381e-13 1.0369e-46 1.86019e-40
2.85662e-13 1.06538e-46 1.86019e-40
2.86949e-13 1.09458e-46 1.86019e-40
2.88241e-13 1.12454e-46 1.86019e-40
2.89539e-13 1.15527e-46 1.86019e-40
2.90843e-13 1.18679e-46 1.86019e-40
2.92153e-13 1.21911e-46 1.86018e-40
2.93469e-13 1.25225e-46 1.86018e-40
2.9479e-13 1.28624e-46 1.86018e-40
2.96118e-13 1.32109e-46 1.86018e-40
2.97452e-13 1.35682e-46 1.86018e-40
2.98791e-13 1.39346e-46 1.86018e-40
3.00137e-13 1.43102e-46 1.86018e-40
3.01489e-13 1.46954e-46 1.86017e-40
3.02847e-13 1.50902e-46 1.86017e-40
3.0421e-13 1.54949e-46 1.86017e-40
3.05581e-13 1.59097e-46 1.86017e-40
3.06957e-13 1.6335e-46 1.86017e-40
3.08339e-13 1.67708e-46 1.86017e-40
3.09728e-13 1.72175e-46 1.86017e-40
3.11123e-13 1.76754e-46 1.86016e-40
3.12524e-13 1.81446e-46 1.86016e-40
3.13932e-13 1.86254e-46 1.86016e-40
3.15345e-13 1.91181e-46 1.86016e-40
3.16766e-13 1.96229e-46 1.86016e-40
3.18192e-13 2.01402e-46 1.86015e-40
3.19625e-13 2.06702e-46 1.86015e-40
3.21065e-13 2.12132e-46 1.86015e-40
3.22511e-13 2.17695e-46 1.86015e-40
3.23963e-13 2.23394e-46 1.86015e-40
3.25422e-13 2.29232e-46 1.86014e-40
3.26888e-13 2.35212e-46 1.86014e-40
3.2836e-13 2.41338e-46 1.86014e-40
3.29839e-13 2.47611e-46 1.86014e-40
3.31324e-13 2.54037e-46 1.86013e-40
3.32817e-13 2.60618e-46 1.86013e-40
3.34316e-13 2.67357e-46 1.86013e-40
3.35821e-13 2.74258e-46 1.86013e-40
3.37334e-13 2.81325e-46 1.86012e-40
3.38853e-13 2.88561e-46 1.86012e-40
3.40379e-13 2.9597e-46 1.86012e-40
3.41912e-13 3.03556e-46 1.86011e-40
3.43452e-13 3.11322e-46 1.86011e-40
3.44999e-13 3.19273e-46 1.86011e-40
3.46552e-13 3.27412e-46 1.86011e-40
3.48113e-13 3.35744e-46 1.8601e-40
3.49681e-13 3.44273e-46 1.8601e-40
3.51256e-13 3.53003e-46 1.8601e-40
3.52838e-13 3.61937e-46 1.86009e-40
3.54427e-13 3.71082e-46 1.86009e-40
3.56023e-13 3.80441e-46 1.86008e-40
3.57627e-13 3.90018e-46 1.86008e-40
3.59237e-13 3.99818e-46 1.86008e-40
3.60855e-13 4.09847e-46 1.86007e-40
3.6248e-13 4.20109e-46 1.86007e-40
3.64113e-13 4.30608e-46 1.86006e-40
3.65753e-13 4.4135e-46 1.86006e-40
3.674e-13 4.5234e-46 1.86006e-40
3.69055e-13 4.63583e-46 1.86005e-40
3.70717e-13 4.75085e-46 1.86005e-40
3.72386e-13 4.8685e-46 1.86004e-40
3.74063e-13 4.98885e-46 1.86004e-40
3.75748e-13 5.11194e-46 1.86003e-40
3.7744e-13 5.23783e-46 1.86003e-40
3.7914e-13 5.36659e-46 1.86002e-40
3.80848e-13 5.49827e-46 1.86002e-40
3.82563e-13 5.63294e-46 1.86001e-40
3.84286e-13 5.77064e-46 1.86001e-40
3.86017e-13 5.91145e-46 1.86e-40
3.87755e-13 6.05542e-46 1.85999e-40
3.89502e-13 6.20263e-46 1.85999e-40
3.91256e-13 6.35314e-46 1.85998e-40
3.93018e-13 6.507e-46 1.85997e-40
3.94788e-13 6.6643e-46 1.85997e-40
3.96566e-13 6.8251e-46 1.85996e-40
3.98352e-13 6.98947e-46 1.85995e-40
4.00146e-13 7.15748e-46 1.85995e-40
4.01948e-13 7.3292e-46 1.85994e-40
4.03758e-13 7.50472e-46 1.85993e-40
4.05577e-13 7.68409e-46 1.85993e-40
4.07403e-13 7.8674e-46 1.85992e-40
4.09238e-13 8.05473e-46 1.85991e-40
4.11081e-13 8.24616e-46 1.8599e-40
4.12933e-13 8.44176e-46 1.85989e-40
4.14792e-13 8.64162e-46 1.85989e-40
4.16661e-13 8.84582e-46 1.85988e-40
4.18537e-13 9.05444e-46 1.85987e-40
4.20422e-13 9.26758e-46 1.85986e-40
4.22315e-13 9.48531e-46 1.85985e-40
4.24217e-13 9.70772e-46 1.85984e-40
4.26128e-13 9.93492e-46 1.85983e-40
4.28047e-13 1.0167e-45 1.85982e-40
4.29975e-13 1.0404e-45 1.85981e-40
4.31911e-13 1.06461e-45 1.8598e-40
4.33857e-13 1.08933e-45 1.85979e-40
4.35811e-13 1.11458e-45 1.85978e-40
4.37773e-13 1.14036e-45 1.85977e-40
4.39745e-13 1.16669e-45 1.85976e-40
4.41725e-13 1.19357e-45 1.85974e-40
4.43715e-13 1.22102e-45 1.85973e-40
4.45713e-13 1.24904e-45 1.85972e-40
4.47721e-13 1.27765e-45 1.85971e-40
4.49737e-13 1.30686e-45 1.85969e-40
4.51762e-13 1.33668e-45 1.85968e-40
4.53797e-13 1.36712e-45 1.85967e-40
4.55841e-13 1.39818e-45 1.85965e-40
4.57894e-13 1.4299e-45 1.85964e-40
4.59956e-13 1.46226e-45 1.85963e-40
4.62028e-13 1.4953e-45 1.85961e-40
4.64108e-13 1.52901e-45 1.8596e-40
4.66199e-13 1.56341e-45 1.85958e-40
4.68298e-13 1.59852e-45 1.85957e-40
4.70407e-13 1.63434e-45 1.85955e-40
4.72526e-13 1.67089e-45 1.85953e-40
4.74654e-13 1.70818e-45 1.85952e-40
4.76792e-13 1.74623e-45 1.8595e-40
4.78939e-13 1.78505e-45 1.85948e-40
4.81096e-13 1.82465e-45 1.85946e-40
4.83263e-13 1.86505e-45 1.85945e-40
4.85439e-13 1.90626e-45 1.85943e-40
4.87626e-13 1.94829e-45 1.85941e-40
4.89822e-13 1.99116e-45 1.85939e-40
4.92028e-13 2.03489e-45 1.85937e-40
4.94244e-13 2.07948e-45 1.85935e-40
4.9647e-13 2.12496e-45 1.85933e-40
4.98705e-13 2.17134e-45 1.85931e-40
5.00952e-13 2.21863e-45 1.85929e-40
5.03208e-13 2.26685e-45 1.85926e-40
5.05474e-13 2.31602e-45 1.85924e-40
5.0775e-13 2.36615e-45 1.85922e-40
5.10037e-13 2.41726e-45 1.85919e-40
5.12334e-13 2.46936e-45 1.85917e-40
5.14642e-13 2.52248e-45 1.85914e-40
5.16959e-13 2.57663e-45 1.85912e-40
5.19288e-13 2.63182e-45 1.85909e-40
5.21626e-13 2.68808e-45 1.85907e-40
5.23976e-13 2.74542e-45 1.85904e-40
5.26336e-13 2.80385e-45 1.85901e-40
5.28706e-13 2.86341e-45 1.85898e-40
5.31087e-13 2.9241e-45 1.85896e-40
5.33479e-13 2.98595e-45 1.85893e-40
5.35882e-13 3.04898e-45 1.8589e-40
5.38295e-13 3.11319e-45 1.85887e-40
5.40719e-13 3.17862e-45 1.85884e-40
5.43155e-13 3.24529e-45 1.8588e-40
5.45601e-13 3.3132e-45 1.85877e-40
5.48058e-13 3.38239e-45 1.85874e-40
5.50526e-13 3.45287e-45 1.8587e-40
5.53006e-13 3.52467e-45 1.85867e-40
5.55496e-13 3.5978e-45 1.85863e-40
5.57998e-13 3.67229e-45 1.8586e-40
5.60511e-13 3.74815e-45 1.85856e-40
5.63036e-13 3.82542e-45 1.85852e-40
5.65571e-13 3.9041e-45 1.85849e-40
5.68119e-13 3.98423e-45 1.85845e-40
5.70677e-13 4.06583e-45 1.85841e-40
5.73247e-13 4.14892e-45 1.85837e-40
5.75829e-13 4.23352e-45 1.85833e-40
5.78422e-13 4.31965e-45 1.85828e-40
5.81027e-13 4.40735e-45 1.85824e-40
5.83644e-13 4.49662e-45 1.8582e-40
5.86273e-13 4.58751e-45 1.85815e-40
5.88913e-13 4.68003e-45 1.8581e-40
5.91566e-13 4.7742e-45 1.85806e-40
5.9423e-13 4.87006e-45 1.85801e-40
5.96906e-13 4.96762e-45 1.85796e-40
5.99594e-13 5.06692e-45 1.85791e-40
6.02295e-13 5.16797e-45 1.85786e-40
6.05007e-13 5.27081e-45 1.85781e-40
6.07732e-13 5.37547e-45 1.85776e-40
6.10469e-13 5.48196e-45 1.8577e-40
6.13218e-13 5.59031e-45 1.85765e-40
6.1598e-13 5.70056e-45 1.85759e-40
6.18754e-13 5.81273e-45 1.85754e-40
6.21541e-13 5.92684e-45 1.85748e-40
6.2434e-13 6.04294e-45 1.85742e-40
6.27152e-13 6.16103e-45 1.85736e-40
6.29977e-13 6.28116e-45 1.8573e-40
6.32814e-13 6.40336e-45 1.85723e-40
6.35664e-13 6.52764e-45 1.85717e-40
6.38527e-13 6.65405e-45 1.8571e-40
6.41403e-13 6.78261e-45 1.85704e-40
6.44291e-13 6.91335e-45 1.85697e-40
6.47193e-13 7.04631e-45 1.8569e-40
6.50108e-13 7.18151e-45 1.85683e-40
6.53036e-13 7.31898e-45 1.85676e-40
6.55977e-13 7.45876e-45 1.85668e-40
6.58931e-13 7.60088e-45 1.85661e-40
6.61899e-13 7.74537e-45 1.85653e-40
6.6488e-13 7.89226e-45 1.85646e-40
6.67874e-13 8.04158e-45 1.85638e-40
6.70882e-13 8.19338e-45 1.8563e-40
6.73903e-13 8.34767e-45 1.85622e-40
6.76938e-13 8.5045e-45 1.85613e-40
6.79987e-13 8.6639e-45 1.85605e-40
6.8305e-13 8.82591e-45 1.85596e-40
6.86126e-13 8.99055e-45 1.85587e-40
6.89216e-13 9.15786e-45 1.85578e-40
6.9232e-13 9.32788e-45 1.85569e-40
6.95438e-13 9.50065e-45 1.8556e-40
6.9857e-13 9.67619e-45 1.8555e-40
7.01716e-13 9.85454e-45 1.85541e-40
7.04877e-13 1.00358e-44 1.85531e-40
7.08051e-13 1.02198e-44 1.85521e-40
7.1124e-13 1.04069e-44 1.8551e-40
7.14443e-13 1.05968e-44 1.855e-40
7.17661e-13 1.07898e-44 1.85489e-40
7.20893e-13 1.09858e-44 1.85479e-40
7.2414e-13 1.11849e-44 1.85468e-40
7.27401e-13 1.13871e-44 1.85456e-40
7.30677e-13 1.15925e-44 1.85445e-40
7.33968e-13 1.1801e-44 1.85433e-40
7.37273e-13 1.20128e-44 1.85422e-40
7.40594e-13 1.22279e-44 1.8541e-40
7.43929e-13 1.24462e-44 1.85397e-40
7.4728e-13 1.26679e-44 1.85385e-40
7.50645e-13 1.2893e-44 1.85372e-40
7.54026e-13 1.31215e-44 1.85359e-40
7.57422e-13 1.33535e-44 1.85346e-40
7.60833e-13 1.35891e-44 1.85333e-40
7.6426e-13 1.38281e-44 1.85319e-40
7.67702e-13 1.40708e-44 1.85306e-40
7.71159e-13 1.43171e-44 1.85291e-40
7.74632e-13 1.4567e-44 1.85277e-40
7.78121e-13 1.48207e-44 1.85263e-40
7.81625e-13 1.50782e-44 1.85248e-40
7.85146e-13 1.53394e-44 1.85233e-40
7.88682e-13 1.56046e-44 1.85217e-40
7.92234e-13 1.58736e-44 1.85202e-40
7.95802e-13 1.61465e-44 1.85186e-40
7.99386e-13 1.64234e-44 1.8517e-40
8.02986e-13 1.67044e-44 1.85153e-40
8.06602e-13 1.69894e-44 1.85137e-40
8.10235e-13 1.72786e-44 1.8512e-40
8.13884e-13 1.75719e-44 1.85102e-40
8.1755e-13 1.78694e-44 1.85085e-40
8.21232e-13 1.81711e-44 1.85067e-40
8.2493e-13 1.84772e-44 1.85049e-40
8.28645e-13 1.87876e-44 1.8503e-40
8.32377e-13 1.91023e-44 1.85011e-40
8.36126e-13 1.94216e-44 1.84992e-40
8.39892e-13 1.97453e-44 1.84973e-40
8.43674e-13 2.00735e-44 1.84953e-40
8.47474e-13 2.04063e-44 1.84933e-40
8.51291e-13 2.07437e-44 1.84913e-40
8.55125e-13 2.10858e-44 1.84892e-40
8.58976e-13 2.14326e-44 1.84871e-40
8.62845e-13 2.17841e-44 1.84849e-40
8.66731e-13 2.21405e-44 1.84828e-40
8.70634e-13 2.25017e-44 1.84806e-40
8.74555e-13 2.28678e-44 1.84783e-40
8.78494e-13 2.32389e-44 1.8476e-40
8.82451e-13 2.3615e-44 1.84737e-40
8.86425e-13 2.39961e-44 1.84713e-40
8.90417e-13 2.43824e-44 1.84689e-40
8.94427e-13 2.47738e-44 1.84665e-40
8.98455e-13 2.51703e-44 1.8464e-40
9.02502e-13 2.55722e-44 1.84615e-40
9.06566e-13 2.59793e-44 1.84589e-40
9.10649e-13 2.63917e-44 1.84563e-40
9.14751e-13 2.68096e-44 1.84537e-40
9.1887e-13 2.72329e-44 1.8451e-40
9.23009e-13 2.76617e-44 1.84483e-40
9.27166e-13 2.8096e-44 1.84455e-40
9.31341e-13 2.85359e-44 1.84427e-40
9.35536e-13 2.89814e-44 1.84399e-40
9.39749e-13 2.94327e-44 1.8437e-40
9.43982e-13 2.98896e-44 1.8434e-40
9.48233e-13 3.03524e-44 1.8431e-40
9.52504e-13 3.0821e-44 1.8428e-40
9.56793e-13 3.12955e-44 1.84249e-40
9.61103e-13 3.17759e-44 1.84218e-40
9.65431e-13 3.22623e-44 1.84186e-40
9.69779e-13 3.27547e-44 1.84154e-40
9.74147e-13 3.32533e-44 1.84121e-40
9.78534e-13 3.37579e-44 1.84088e-40
9.82941e-13 3.42688e-44 1.84054e-40
9.87368e-13 3.47858e-44 1.8402e-40
9.91815e-13 3.53092e-44 1.83985e-40
9.96282e-13 3.58389e-44 1.8395e-40
1.00077e-12 3.6375e-44 1.83914e-40
1.00528e-12 3.69175e-44 1.83878e-40
1.0098e-12 3.74664e-44 1.83841e-40
1.01435e-12 3.8022e-44 1.83803e-40
1.01892e-12 3.8584e-44 1.83765e-40
1.02351e-12 3.91528e-44 1.83727e-40
1.02812e-12 3.97281e-44 1.83687e-40
1.03275e-12 4.03103e-44 1.83648e-40
1.0374e-12 4.08991e-44 1.83607e-40
1.04207e-12 4.14949e-44 1.83566e-40
1.04676e-12 4.20974e-44 1.83525e-40
1.05148e-12 4.27069e-44 1.83483e-40
1.05621e-12 4.33234e-44 1.8344e-40
1.06097e-12 4.39468e-44 1.83397e-40
1.06575e-12 4.45774e-44 1.83353e-40
1.07055e-12 4.5215e-44 1.83308e-40
1.07537e-12 4.58598e-44 1.83263e-40
1.08021e-12 4.65117e-44 1.83217e-40
1.08508e-12 4.7171e-44 1.83171e-40
1.08997e-12 4.78375e-44 1.83124e-40
1.09487e-12 4.85113e-44 1.83076e-40
1.09981e-12 4.91926e-44 1.83027e-40
1.10476e-12 4.98812e-44 1.82978e-40
1.10973e-12 5.05774e-44 1.82928e-40
1.11473e-12 5.1281e-44 1.82878e-40
1.11975e-12 5.19922e-44 1.82826e-40
1.1248e-12 5.2711e-44 1.82774e-40
1.12986e-12 5.34375e-44 1.82722e-40
1.13495e-12 5.41717e-44 1.82668e-40
1.14006e-12 5.49135e-44 1.82614e-40
1.1452e-12 5.56632e-44 1.82559e-40
1.15035e-12 5.64207e-44 1.82503e-40
1.15553e-12 5.7186e-44 1.82447e-40
1.16074e-12 5.79593e-44 1.8239e-40
1.16597e-12 5.87404e-44 1.82332e-40
1.17122e-12 5.95296e-44 1.82273e-40
1.17649e-12 6.03268e-44 1.82214e-40
1.18179e-12 6.1132e-44 1.82153e-40
1.18711e-12 6.19454e-44 1.82092e-40
1.19246e-12 6.27668e-44 1.8203e-40
1.19783e-12 6.35965e-44 1.81967e-40
1.20323e-12 6.44343e-44 1.81904e-40
1.20864e-12 6.52804e-44 1.81839e-40
1.21409e-12 6.61348e-44 1.81774e-40
1.21956e-12 6.69975e-44 1.81708e-40
1.22505e-12 6.78686e-44 1.81641e-40
1.23057e-12 6.8748e-44 1.81573e-40
1.23611e-12 6.96359e-44 1.81504e-40
1.24167e-12 7.05322e-44 1.81435e-40
1.24727e-12 7.1437e-44 1.81364e-40
1.25288e-12 7.23503e-44 1.81293e-40
1.25853e-12 7.32722e-44 1.8122e-40
1.26419e-12 7.42026e-44 1.81147e-40
1.26989e-12 7.51416e-44 1.81073e-40
1.27561e-12 7.60893e-44 1.80998e-40
1.28135e-12 7.70457e-44 1.80922e-40
1.28712e-12 7.80107e-44 1.80845e-40
1.29292e-12 7.89844e-44 1.80767e-40
1.29874e-12 7.99669e-44 1.80688e-40
1.30459e-12 8.09582e-44 1.80608e-40
1.31047e-12 8.19582e-44 1.80527e-40
1.31637e-12 8.29671e-44 1.80445e-40
1.3223e-12 8.39848e-44 1.80362e-40
1.32825e-12 8.50113e-44 1.80278e-40
1.33424e-12 8.60468e-44 1.80193e-40
1.34024e-12 8.70911e-44 1.80107e-40
1.34628e-12 8.81443e-44 1.8002e-40
1.35234e-12 8.92065e-44 1.79931e-40
1.35843e-12 9.02777e-44 1.79842e-40
1.36455e-12 9.13578e-44 1.79752e-40
1.3707e-12 9.24469e-44 1.79661e-40
1.37687e-12 9.35449e-44 1.79568e-40
1.38307e-12 9.4652e-44 1.79475e-40
1.3893e-12 9.57682e-44 1.7938e-40
1.39556e-12 9.68933e-44 1.79284e-40
1.40184e-12 9.80275e-44 1.79187e-40
1.40816e-12 9.91708e-44 1.79089e-40
1.4145e-12 1.00323e-43 1.7899e-40
1.42087e-12 1.01484e-43 1.7889e-40
1.42727e-12 1.02655e-43 1.78788e-40
1.4337e-12 1.03834e-43 1.78686e-40
1.44015e-12 1.05023e-43 1.78582e-40
1.44664e-12 1.06221e-43 1.78477e-40
1.45315e-12 1.07428e-43 1.78371e-40
1.4597e-12 1.08643e-43 1.78263e-40
1.46627e-12 1.09868e-43 1.78155e-40
1.47288e-12 1.11103e-43 1.78045e-40
1.47951e-12 1.12346e-43 1.77934e-40
1.48617e-12 1.13598e-43 1.77821e-40
1.49287e-12 1.14859e-43 1.77708e-40
1.49959e-12 1.1613e-43 1.77593e-40
1.50634e-12 1.17409e-43 1.77477e-40
1.51313e-12 1.18698e-43 1.77359e-40
1.51994e-12 1.19995e-43 1.77241e-40
1.52679e-12 1.21302e-43 1.77121e-40
1.53366e-12 1.22617e-43 1.76999e-40
1.54057e-12 1.23942e-43 1.76877e-40
1.54751e-12 1.25275e-43 1.76753e-40
1.55448e-12 1.26618e-43 1.76627e-40
1.56148e-12 1.27969e-43 1.76501e-40
1.56851e-12 1.2933e-43 1.76373e-40
1.57558e-12 1.30699e-43 1.76243e-40
1.58267e-12 1.32077e-43 1.76113e-40
1.5898e-12 1.33464e-43 1.75981e-40
1.59696e-12 1.3486e-43 1.75847e-40
1.60415e-12 1.36265e-43 1.75712e-40
1.61138e-12 1.37679e-43 1.75576e-40
1.61864e-12 1.39101e-43 1.75438e-40
1.62592e-12 1.40532e-43 1.75299e-40
1.63325e-12 1.41972e-43 1.75159e-40
1.6406e-12 1.4342e-43 1.75017e-40
1.64799e-12 1.44877e-43 1.74873e-40
1.65541e-12 1.46343e-43 1.74729e-40
1.66287e-12 1.47817e-43 1.74582e-40
1.67036e-12 1.493e-43 1.74434e-40
1.67788e-12 1.50791e-43 1.74285e-40
1.68544e-12 1.52291e-43 1.74134e-40
1.69303e-12 1.53799e-43 1.73982e-40
1.70065e-12 1.55315e-43 1.73828e-40
1.70831e-12 1.5684e-43 1.73673e-40
1.71601e-12 1.58373e-43 1.73516e-40
1.72374e-12 1.59914e-43 1.73358e-40
1.7315e-12 1.61464e-43 1.73198e-40
1.7393e-12 1.63021e-43 1.73036e-40
1.74713e-12 1.64587e-43 1.72873e-40
1.755e-12 1.6616e-43 1.72709e-40
1.7629e-12 1.67742e-43 1.72543e-40
1.77084e-12 1.69331e-43 1.72375e-40
1.77882e-12 1.70928e-43 1.72205e-40
1.78683e-12 1.72533e-43 1.72035e-40
1.79488e-12 1.74146e-43 1.71862e-40
1.80296e-12 1.75766e-43 1.71688e-40
1.81108e-12 1.77394e-43 1.71512e-40
1.81924e-12 1.79029e-43 1.71335e-40
1.82743e-12 1.80672e-43 1.71156e-40
1.83566e-12 1.82322e-43 1.70975e-40
1.84393e-12 1.83979e-43 1.70793e-40
1.85223e-12 1.85644e-43 1.70609e-40
1.86057e-12 1.87316e-43 1.70423e-40
1.86895e-12 1.88995e-43 1.70236e-40
1.87737e-12 1.9068e-43 1.70047e-40
1.88583e-12 1.92373e-43 1.69856e-40
1.89432e-12 1.94073e-43 1.69664e-40
1.90285e-12 1.95779e-43 1.6947e-40
1.91142e-12 1.97492e-43 1.69274e-40
1.92003e-12 1.99211e-43 1.69076e-40
1.92868e-12 2.00937e-43 1.68877e-40
1.93736e-12 2.0267e-43 1.68676e-40
1.94609e-12 2.04408e-43 1.68473e-40
1.95485e-12 2.06153e-43 1.68269e-40
1.96366e-12 2.07904e-43 1.68063e-40
1.9725e-12 2.09661e-43 1.67855e-40
1.98138e-12 2.11424e-43 1.67645e-40
1.99031e-12 2.13193e-43 1.67434e-40
1.99927e-12 2.14968e-43 1.67221e-40
2.00827e-12 2.16748e-43 1.67006e-40
2.01732e-12 2.18533e-43 1.66789e-40
2.0264e-12 2.20324e-43 1.66571e-40
2.03553e-12 2.22121e-43 1.6635e-40
2.0447e-12 2.23922e-43 1.66128e-40
2.05391e-12 2.25729e-43 1.65904e-40
2.06316e-12 2.2754e-43 1.65678e-40
2.07245e-12 2.29357e-43 1.65451e-40
2.08178e-12 2.31178e-43 1.65222e-40
2.09116e-12 2.33004e-43 1.6499e-40
2.10058e-12 2.34834e-43 1.64757e-40
2.11004e-12 2.36669e-43 1.64522e-40
2.11954e-12 2.38508e-43 1.64286e-40
2.12909e-12 2.40351e-43 1.64047e-40
2.13867e-12 2.42198e-43 1.63807e-40
2.14831e-12 2.44049e-43 1.63565e-40
2.15798e-12 2.45904e-43 1.63321e-40
2.1677e-12 2.47763e-43 1.63075e-40
2.17746e-12 2.49625e-43 1.62827e-40
2.18727e-12 2.5149e-43 1.62577e-40
2.19712e-12 2.53359e-43 1.62326e-40
2.20702e-12 2.55231e-43 1.62073e-40
2.21696e-12 2.57106e-43 1.61817e-40
2.22694e-12 2.58983e-43 1.6156e-40
2.23697e-12 2.60864e-43 1.61301e-40
2.24704e-12 2.62747e-43 1.6104e-40
2.25716e-12 2.64632e-43 1.60778e-40
2.26733e-12 2.6652e-43 1.60513e-40
2.27754e-12 2.68409e-43 1.60246e-40
2.2878e-12 2.70301e-43 1.59978e-40
2.2981e-12 2.72195e-43 1.59708e-40
2.30845e-12 2.74091e-43 1.59436e-40
2.31885e-12 2.75988e-43 1.59162e-40
2.32929e-12 2.77886e-43 1.58886e-40
2.33978e-12 2.79786e-43 1.58608e-40
2.35032e-12 2.81687e-43 1.58328e-40
2.36091e-12 2.83588e-43 1.58046e-40
2.37154e-12 2.85491e-43 1.57763e-40
2.38222e-12 2.87394e-43 1.57477e-40
2.39295e-12 2.89298e-43 1.5719e-40
2.40373e-12 2.91202e-43 1.569e-40
2.41455e-12 2.93107e-43 1.56609e-40
2.42543e-12 2.95011e-43 1.56316e-40
2.43635e-12 2.96915e-43 1.56021e-40
2.44732e-12 2.98819e-43 1.55724e-40
2.45834e-12 3.00723e-43 1.55425e-40
2.46942e-12 3.02626e-43 1.55125e-40
2.48054e-12 3.04528e-43 1.54822e-40
2.49171e-12 3.06429e-43 1.54517e-40
2.50293e-12 3.08329e-43 1.54211e-40
2.5142e-12 3.10228e-43 1.53903e-40
2.52553e-12 3.12125e-43 1.53592e-40
2.5369e-12 3.14021e-43 1.5328e-40
2.54833e-12 3.15915e-43 1.52966e-40
2.5598e-12 3.17807e-43 1.5265e-40
2.57133e-12 3.19697e-43 1.52333e-40
2.58291e-12 3.21584e-43 1.52013e-40
2.59454e-12 3.23469e-43 1.51691e-40
2.60623e-12 3.25352e-43 1.51368e-40
2.61797e-12 3.27231e-43 1.51042e-40
2.62976e-12 3.29108e-43 1.50715e-40
2.6416e-12 3.30982e-43 1.50386e-40
2.6535e-12 3.32852e-43 1.50055e-40
2.66545e-12 3.34718e-43 1.49722e-40
2.67745e-12 3.36581e-43 1.49388e-40
2.68951e-12 3.3844e-43 1.49051e-40
2.70162e-12 3.40295e-43 1.48713e-40
2.71379e-12 3.42146e-43 1.48372e-40
2.72601e-12 3.43993e-43 1.4803e-40
2.73829e-12 3.45834e-43 1.47686e-40
2.75062e-12 3.47672e-43 1.4734e-40
2.76301e-12 3.49504e-43 1.46993e-40
2.77546e-12 3.51331e-43 1.46643e-40
2.78796e-12 3.53152e-43 1.46292e-40
2.80051e-12 3.54969e-43 1.45939e-40
2.81312e-12 3.56779e-43 1.45584e-40
2.82579e-12 3.58584e-43 1.45227e-40
2.83852e-12 3.60383e-43 1.44868e-40
2.8513e-12 3.62175e-43 1.44508e-40
2.86415e-12 3.63961e-43 1.44146e-40
2.87705e-12 3.65741e-43 1.43782e-40
2.89e-12 3.67513e-43 1.43416e-40
2.90302e-12 3.69279e-43 1.43049e-40
2.91609e-12 3.71038e-43 1.42679e-40
2.92923e-12 3.72789e-43 1.42308e-40
2.94242e-12 3.74533e-43 1.41935e-40
2.95567e-12 3.76269e-43 1.41561e-40
2.96898e-12 3.77998e-43 1.41185e-40
2.98235e-12 3.79718e-43 1.40807e-40
2.99578e-12 3.8143e-43 1.40427e-40
3.00928e-12 3.83134e-43 1.40046e-40
3.02283e-12 3.84829e-43 1.39662e-40
3.03644e-12 3.86515e-43 1.39278e-40
3.05012e-12 3.88193e-43 1.38891e-40
3.06386e-12 3.89861e-43 1.38503e-40
3.07765e-12 3.9152e-43 1.38113e-40
3.09152e-12 3.9317e-43 1.37721e-40
3.10544e-12 3.9481e-43 1.37328e-40
3.11942e-12 3.9644e-43 1.36933e-40
3.13347e-12 3.9806e-43 1.36537e-40
3.14759e-12 3.9967e-43 1.36139e-40
3.16176e-12 4.01269e-43 1.35739e-40
3.176e-12 4.02858e-43 1.35338e-40
3.19031e-12 4.04436e-43 1.34935e-40
3.20467e-12 4.06004e-43 1.34531e-40
3.21911e-12 4.0756e-43 1.34125e-40
3.2336e-12 4.09105e-43 1.33717e-40
3.24817e-12 4.10639e-43 1.33308e-40
3.2628e-12 4.12161e-43 1.32897e-40
3.27749e-12 4.13671e-43 1.32485e-40
3.29225e-12 4.15169e-43 1.32072e-40
3.30708e-12 4.16655e-43 1.31656e-40
3.32197e-12 4.18129e-43 1.3124e-40
3.33693e-12 4.19591e-43 1.30822e-40
3.35196e-12 4.2104e-43 1.30402e-40
3.36706e-12 4.22476e-43 1.29981e-40
3.38222e-12 4.23899e-43 1.29559e-40
3.39746e-12 4.25309e-43 1.29135e-40
3.41276e-12 4.26706e-43 1.28709e-40
3.42813e-12 4.28089e-43 1.28283e-40
3.44357e-12 4.29459e-43 1.27855e-40
3.45908e-12 4.30815e-43 1.27425e-40
3.47465e-12 4.32157e-43 1.26994e-40
3.4903e-12 4.33485e-43 1.26562e-40
3.50602e-12 4.34799e-43 1.26129e-40
3.52181e-12 4.36099e-43 1.25694e-40
3.53767e-12 4.37384e-43 1.25258e-40
3.55361e-12 4.38654e-43 1.2482e-40
3.56961e-12 4.39909e-43 1.24382e-40
3.58569e-12 4.4115e-43 1.23942e-40
3.60184e-12 4.42375e-43 1.23501e-40
3.61806e-12 4.43585e-43 1.23058e-40
3.63435e-12 4.4478e-43 1.22615e-40
3.65072e-12 4.45959e-43 1.2217e-40
3.66716e-12 4.47122e-43 1.21724e-40
3.68368e-12 4.4827e-43 1.21277e-40
3.70027e-12 4.49401e-43 1.20829e-40
3.71693e-12 4.50517e-43 1.20379e-40
3.73367e-12 4.51616e-43 1.19929e-40
3.75049e-12 4.52699e-43 1.19477e-40
3.76738e-12 4.53765e-43 1.19024e-40
3.78435e-12 4.54814e-43 1.18571e-40
3.80139e-12 4.55847e-43 1.18116e-40
3.81851e-12 4.56863e-43 1.1766e-40
3.83571e-12 4.57862e-43 1.17203e-40
3.85298e-12 4.58844e-43 1.16745e-40
3.87034e-12 4.59808e-43 1.16286e-40
3.88777e-12 4.60755e-43 1.15826e-40
3.90528e-12 4.61685e-43 1.15366e-40
3.92286e-12 4.62597e-43 1.14904e-40
3.94053e-12 4.63491e-43 1.14441e-40
3.95828e-12 4.64367e-43 1.13978e-40
3.97611e-12 4.65225e-43 1.13514e-40
3.99401e-12 4.66066e-43 1.13048e-40
4.012e-12 4.66888e-43 1.12582e-40
4.03007e-12 4.67691e-43 1.12115e-40
4.04822e-12 4.68477e-43 1.11648e-40
4.06645e-12 4.69244e-43 1.11179e-40
4.08477e-12 4.69992e-43 1.1071e-40
4.10316e-12 4.70722e-43 1.1024e-40
4.12164e-12 4.71433e-43 1.09769e-40
4.1402e-12 4.72125e-43 1.09298e-40
4.15885e-12 4.72798e-43 1.08826e-40
4.17758e-12 4.73452e-43 1.08353e-40
4.1964e-12 4.74087e-43 1.07879e-40
4.2153e-12 4.74703e-43 1.07405e-40
4.23428e-12 4.75299e-43 1.06931e-40
4.25335e-12 4.75877e-43 1.06455e-40
4.27251e-12 4.76434e-43 1.0598e-40
4.29175e-12 4.76973e-43 1.05503e-40
4.31108e-12 4.77491e-43 1.05026e-40
4.33049e-12 4.7799e-43 1.04549e-40
4.35e-12 4.7847e-43 1.04071e-40
4.36959e-12 4.78929e-43 1.03592e-40
4.38927e-12 4.79369e-43 1.03113e-40
4.40903e-12 4.79789e-43 1.02634e-40
4.42889e-12 4.80189e-43 1.02154e-40
4.44884e-12 4.80569e-43 1.01674e-40
4.46887e-12 4.80929e-43 1.01193e-40
4.489e-12 4.81269e-43 1.00712e-40
4.50922e-12 4.81589e-43 1.00231e-40
4.52953e-12 4.81888e-43 9.97495e-41
4.54993e-12 4.82168e-43 9.92676e-41
4.57042e-12 4.82427e-43 9.87855e-41
4.591e-12 4.82666e-43 9.8303e-41
4.61168e-12 4.82884e-43 9.78204e-41
4.63245e-12 4.83082e-43 9.73375e-41
4.65331e-12 4.8326e-43 9.68544e-41
4.67427e-12 4.83418e-43 9.63712e-41
4.69532e-12 4.83554e-43 9.58877e-41
4.71647e-12 4.83671e-43 9.54042e-41
4.73771e-12 4.83767e-43 9.49205e-41
4.75904e-12 4.83843e-43 9.44367e-41
4.78048e-12 4.83898e-43 9.39529e-41
4.80201e-12 4.83932e-43 9.3469e-41
4.82363e-12 4.83946e-43 9.29851e-41
4.84536e-12 4.8394e-43 9.25011e-41
4.86718e-12 4.83913e-43 9.20172e-41
4.8891e-12 4.83866e-43 9.15333e-41
4.91112e-12 4.83798e-43 9.10494e-41
4.93324e-12 4.83709e-43 9.05656e-41
4.95546e-12 4.836e-43 9.00819e-41
4.97777e-12 4.83471e-43 8.95983e-41
5.00019e-12 4.83321e-43 8.91148e-41
5.02271e-12 4.8315e-43 8.86315e-41
5.04533e-12 4.82959e-43 8.81484e-41
5.06806e-12 4.82748e-43 8.76654e-41
5.09088e-12 4.82517e-43 8.71827e-41
5.11381e-12 4.82265e-43 8.67001e-41
5.13684e-12 4.81992e-43 8.62179e-41
5.15997e-12 4.817e-43 8.57359e-41
5.18321e-12 4.81387e-43 8.52542e-41
5.20656e-12 4.81053e-43 8.47728e-41
5.23001e-12 4.807e-43 8.42917e-41
5.25356e-12 4.80327e-43 8.3811e-41
5.27722e-12 4.79933e-43 8.33307e-41
5.30099e-12 4.79519e-43 8.28508e-41
5.32486e-12 4.79086e-43 8.23713e-41
5.34884e-12 4.78632e-43 8.18922e-41
5.37293e-12 4.78158e-43 8.14135e-41
5.39713e-12 4.77665e-43 8.09354e-41
5.42144e-12 4.77152e-43 8.04577e-41
5.44586e-12 4.76619e-43 7.99806e-41
5.47038e-12 4.76066e-43 7.95039e-41
5.49502e-12 4.75494e-43 7.90279e-41
5.51977e-12 4.74902e-43 7.85524e-41
5.54463e-12 4.74291e-43 7.80775e-41
5.5696e-12 4.7366e-43 7.76032e-41
5.59468e-12 4.7301e-43 7.71295e-41
5.61988e-12 4.72341e-43 7.66565e-41
5.64519e-12 4.71652e-43 7.61842e-41
5.67061e-12 4.70945e-43 7.57125e-41
5.69615e-12 4.70218e-43 7.52416e-41
5.72181e-12 4.69473e-43 7.47714e-41
5.74757e-12 4.68709e-43 7.43019e-41
5.77346e-12 4.67926e-43 7.38332e-41
5.79946e-12 4.67125e-43 7.33653e-41
5.82558e-12 4.66305e-43 7.28981e-41
5.85182e-12 4.65466e-43 7.24318e-41
5.87817e-12 4.64609e-43 7.19664e-41
5.90465e-12 4.63734e-43 7.15018e-41
5.93124e-12 4.62841e-43 7.1038e-41
5.95795e-12 4.6193e-43 7.05752e-41
5.98478e-12 4.61001e-43 7.01133e-41
6.01174e-12 4.60054e-43 6.96523e-41
6.03881e-12 4.5909e-43 6.91922e-41
6.06601e-12 4.58107e-43 6.87331e-41
6.09333e-12 4.57108e-43 6.8275e-41
6.12077e-12 4.56091e-43 6.78179e-41
6.14834e-12 4.55057e-43 6.73618e-41
6.17603e-12 4.54006e-43 6.69067e-41
6.20384e-12 4.52938e-43 6.64527e-41
6.23178e-12 4.51853e-43 6.59998e-41
6.25985e-12 4.50751e-43 6.5548e-41
6.28804e-12 4.49633e-43 6.50972e-41
6.31636e-12 4.48498e-43 6.46476e-41
6.34481e-12 4.47347e-43 6.41991e-41
6.37339e-12 4.4618e-43 6.37517e-41
6.40209e-12 4.44997e-43 6.33055e-41
6.43092e-12 4.43798e-43 6.28605e-41
6.45989e-12 4.42583e-43 6.24167e-41
6.48898e-12 4.41353e-43 6.19742e-41
6.5182e-12 4.40107e-43 6.15328e-41
6.54756e-12 4.38846e-43 6.10927e-41
6.57705e-12 4.37569e-43 6.06539e-41
6.60667e-12 4.36278e-43 6.02163e-41
6.63642e-12 4.34972e-43 5.978e-41
6.66631e-12 4.33651e-43 5.9345e-41
6.69633e-12 4.32315e-43 5.89114e-41
6.72649e-12 4.30965e-43 5.84791e-41
6.75679e-12 4.29601e-43 5.80481e-41
6.78722e-12 4.28223e-43 5.76185e-41
6.81779e-12 4.26831e-43 5.71903e-41
6.84849e-12 4.25425e-43 5.67635e-41
6.87933e-12 4.24005e-43 5.6338e-41
6.91032e-12 4.22572e-43 5.5914e-41
6.94144e-12 4.21126e-43 5.54915e-41
6.9727e-12 4.19667e-43 5.50703e-41
7.0041e-12 4.18195e-43 5.46507e-41
7.03565e-12 4.16709e-43 5.42325e-41
7.06734e-12 4.15212e-43 5.38158e-41
7.09916e-12 4.13702e-43 5.34005e-41
7.13114e-12 4.12179e-43 5.29868e-41
7.16325e-12 4.10645e-43 5.25747e-41
7.19551e-12 4.09098e-43 5.2164e-41
7.22792e-12 4.0754e-43 5.17549e-41
7.26047e-12 4.05971e-43 5.13474e-41
7.29317e-12 4.04389e-43 5.09414e-41
7.32602e-12 4.02797e-43 5.0537e-41
7.35901e-12 4.01194e-43 5.01342e-41
7.39216e-12 3.99579e-43 4.9733e-41
7.42545e-12 3.97955e-43 4.93334e-41
7.45889e-12 3.96319e-43 4.89355e-41
7.49248e-12 3.94673e-43 4.85392e-41
7.52623e-12 3.93017e-43 4.81445e-41
7.56012e-12 3.91352e-43 4.77515e-41
7.59417e-12 3.89676e-43 4.73601e-41
7.62837e-12 3.87991e-43 4.69705e-41
7.66273e-12 3.86296e-43 4.65825e-41
7.69724e-12 3.84592e-43 4.61962e-41
7.73191e-12 3.82879e-43 4.58116e-41
7.76673e-12 3.81158e-43 4.54287e-41
7.80171e-12 3.79427e-43 4.50475e-41
7.83684e-12 3.77688e-43 4.46681e-41
7.87214e-12 3.75941e-43 4.42904e-41
7.90759e-12 3.74186e-43 4.39145e-41
7.94321e-12 3.72422e-43 4.35403e-41
7.97898e-12 3.70651e-43 4.31679e-41
8.01492e-12 3.68873e-43 4.27972e-41
8.05101e-12 3.67087e-43 4.24284e-41
8.08727e-12 3.65293e-43 4.20613e-41
8.12369e-12 3.63493e-43 4.1696e-41
8.16028e-12 3.61686e-43 4.13325e-41
8.19703e-12 3.59873e-43 4.09708e-41
8.23395e-12 3.58053e-43 4.06109e-41
8.27103e-12 3.56226e-43 4.02529e-41
8.30828e-12 3.54394e-43 3.98966e-41
8.3457e-12 3.52556e-43 3.95422e-41
8.38329e-12 3.50712e-43 3.91897e-41
8.42104e-12 3.48862e-43 3.8839e-41
8.45897e-12 3.47008e-43 3.84901e-41
8.49707e-12 3.45148e-43 3.81431e-41
8.53534e-12 3.43283e-43 3.7798e-41
8.57378e-12 3.41413e-43 3.74547e-41
8.61239e-12 3.39539e-43 3.71133e-41
8.65118e-12 3.37661e-43 3.67737e-41
8.69014e-12 3.35778e-43 3.64361e-41
8.72928e-12 3.33891e-43 3.61003e-41
8.76859e-12 3.32e-43 3.57664e-41
8.80808e-12 3.30106e-43 3.54344e-41
8.84775e-12 3.28208e-43 3.51043e-41
8.8876e-12 3.26307e-43 3.47761e-41
8.92763e-12 3.24403e-43 3.44498e-41
8.96783e-12 3.22496e-43 3.41254e-41
9.00822e-12 3.20586e-43 3.38029e-41
9.04879e-12 3.18673e-43 3.34823e-41
9.08955e-12 3.16759e-43 3.31636e-41
9.13048e-12 3.14842e-43 3.28469e-41
9.1716e-12 3.12922e-43 3.2532e-41
9.21291e-12 3.11001e-43 3.22191e-41
9.2544e-12 3.09079e-43 3.19081e-41
9.29608e-12 3.07155e-43 3.1599e-41
9.33795e-12 3.05229e-43 3.12919e-41
9.38e-12 3.03303e-43 3.09866e-41
9.42225e-12 3.01375e-43 3.06833e-41
9.46468e-12 2.99446e-43 3.0382e-41
9.50731e-12 2.97517e-43 3.00825e-41
9.55013e-12 2.95588e-43 2.9785e-41
9.59314e-12 2.93658e-43 2.94894e-41
9.63634e-12 2.91728e-43 2.91957e-41
9.67974e-12 2.89798e-43 2.8904e-41
9.72334e-12 2.87868e-43 2.86142e-41
9.76713e-12 2.85939e-43 2.83264e-41
9.81112e-12 2.8401e-43 2.80404e-41
9.8553e-12 2.82082e-43 2.77564e-41
9.89969e-12 2.80154e-43 2.74743e-41
9.94427e-12 2.78228e-43 2.71942e-41
9.98906e-12 2.76303e-43 2.69159e-41
1.0034e-11 2.74379e-43 2.66396e-41
1.00792e-11 2.72456e-43 2.63653e-41
1.01246e-11 2.70536e-43 2.60928e-41
1.01702e-11 2.68617e-43 2.58223e-41
1.0216e-11 2.667e-43 2.55536e-41
1.0262e-11 2.64785e-43 2.52869e-41
1.03083e-11 2.62872e-43 2.50222e-41
1.03547e-11 2.60962e-43 2.47593e-41
1.04013e-11 2.59054e-43 2.44983e-41
1.04482e-11 2.57149e-43 2.42393e-41
1.04952e-11 2.55247e-43 2.39821e-41
1.05425e-11 2.53347e-43 2.37269e-41
1.059e-11 2.51451e-43 2.34735e-41
1.06377e-11 2.49558e-43 2.32221e-41
1.06856e-11 2.47669e-43 2.29725e-41
1.07337e-11 2.45783e-43 2.27249e-41
1.0782e-11 2.43901e-43 2.24791e-41
1.08306e-11 2.42022e-43 2.22352e-41
1.08794e-11 2.40148e-43 2.19931e-41
1.09284e-11 2.38278e-43 2.1753e-41
1.09776e-11 2.36411e-43 2.15147e-41
1.1027e-11 2.34549e-43 2.12783e-41
1.10767e-11 2.32692e-43 2.10438e-41
1.11266e-11 2.30839e-43 2.08111e-41
1.11767e-11 2.28991e-43 2.05802e-41
1.1227e-11 2.27148e-43 2.03512e-41
1.12776e-11 2.2531e-43 2.01241e-41
1.13284e-11 2.23477e-43 1.98988e-41
1.13794e-11 2.21649e-43 1.96753e-41
1.14307e-11 2.19826e-43 1.94537e-41
1.14821e-11 2.18009e-43 1.92338e-41
1.15338e-11 2.16197e-43 1.90158e-41
1.15858e-11 2.14391e-43 1.87996e-41
1.1638e-11 2.12591e-43 1.85852e-41
1.16904e-11 2.10796e-43 1.83726e-41
1.1743e-11 2.09008e-43 1.81618e-41
1.17959e-11 2.07226e-43 1.79528e-41
1.1849e-11 2.0545e-43 1.77456e-41
1.19024e-11 2.0368e-43 1.75402e-41
1.1956e-11 2.01916e-43 1.73365e-41
1.20099e-11 2.00159e-43 1.71346e-41
1.2064e-11 1.98409e-43 1.69344e-41
1.21183e-11 1.96665e-43 1.6736e-41
1.21729e-11 1.94929e-43 1.65393e-41
1.22277e-11 1.93199e-43 1.63444e-41
1.22828e-11 1.91476e-43 1.61512e-41
1.23381e-11 1.8976e-43 1.59597e-41
1.23936e-11 1.88051e-43 1.577e-41
1.24495e-11 1.86349e-43 1.55819e-41
1.25055e-11 1.84655e-43 1.53956e-41
1.25618e-11 1.82968e-43 1.52109e-41
1.26184e-11 1.81289e-43 1.50279e-41
1.26753e-11 1.79617e-43 1.48467e-41
1.27323e-11 1.77952e-43 1.4667e-41
1.27897e-11 1.76296e-43 1.44891e-41
1.28473e-11 1.74647e-43 1.43128e-41
1.29051e-11 1.73006e-43 1.41381e-41
1.29633e-11 1.71373e-43 1.39651e-41
1.30216e-11 1.69748e-43 1.37938e-41
1.30803e-11 1.68131e-43 1.3624e-41
1.31392e-11 1.66522e-43 1.34559e-41
1.31984e-11 1.64922e-43 1.32894e-41
1.32578e-11 1.63329e-43 1.31244e-41
1.33175e-11 1.61745e-43 1.29611e-41
1.33775e-11 1.60169e-43 1.27994e-41
1.34378e-11 1.58602e-43 1.26392e-41
1.34983e-11 1.57043e-43 1.24806e-41
1.35591e-11 1.55493e-43 1.23236e-41
1.36201e-11 1.53951e-43 1.21681e-41
1.36815e-11 1.52418e-43 1.20141e-41
1.37431e-11 1.50894e-43 1.18617e-41
1.3805e-11 1.49378e-43 1.17108e-41
1.38672e-11 1.47871e-43 1.15614e-41
1.39296e-11 1.46373e-43 1.14136e-41
1.39923e-11 1.44884e-43 1.12672e-41
1.40554e-11 1.43403e-43 1.11223e-41
1.41187e-11 1.41932e-43 1.09789e-41
1.41823e-11 1.4047e-43 1.0837e-41
1.42461e-11 1.39016e-43 1.06965e-41
1.43103e-11 1.37572e-43 1.05575e-41
1.43747e-11 1.36137e-43 1.04199e-41
1.44395e-11 1.34711e-43 1.02838e-41
1.45045e-11 1.33294e-43 1.01491e-41
1.45698e-11 1.31886e-43 1.00158e-41
1.46354e-11 1.30487e-43 9.88387e-42
1.47014e-11 1.29098e-43 9.75339e-42
1.47676e-11 1.27718e-43 9.62429e-42
1.48341e-11 1.26347e-43 9.49657e-42
1.49009e-11 1.24985e-43 9.37022e-42
1.4968e-11 1.23633e-43 9.24524e-42
1.50354e-11 1.2229e-43 9.12161e-42
1.51031e-11 1.20956e-43 8.99932e-42
1.51711e-11 1.19632e-43 8.87836e-42
1.52395e-11 1.18317e-43 8.75873e-42
1.53081e-11 1.17012e-43 8.64041e-42
1.5377e-11 1.15716e-43 8.5234e-42
1.54463e-11 1.14429e-43 8.40768e-42
1.55159e-11 1.13152e-43 8.29325e-42
1.55857e-11 1.11884e-43 8.1801e-42
1.56559e-11 1.10626e-43 8.06822e-42
1.57265e-11 1.09377e-43 7.95759e-42
1.57973e-11 1.08138e-43 7.84821e-42
1.58684e-11 1.06908e-43 7.74008e-42
1.59399e-11 1.05687e-43 7.63317e-42
1.60117e-11 1.04476e-43 7.52748e-42
1.60838e-11 1.03274e-43 7.42301e-42
1.61562e-11 1.02082e-43 7.31973e-42
1.6229e-11 1.00899e-43 7.21765e-42
1.63021e-11 9.97259e-44 7.11675e-42
1.63755e-11 9.8562e-44 7.01702e-42
1.64493e-11 9.74075e-44 6.91846e-42
1.65233e-11 9.62623e-44 6.82105e-42
1.65978e-11 9.51266e-44 6.72479e-42
1.66725e-11 9.40003e-44 6.62967e-42
1.67476e-11 9.28834e-44 6.53567e-42
1.6823e-11 9.17758e-44 6.44278e-42
1.68988e-11 9.06775e-44 6.35101e-42
1.69749e-11 8.95886e-44 6.26033e-42
1.70513e-11 8.85091e-44 6.17074e-42
1.71281e-11 8.74388e-44 6.08223e-42
1.72053e-11 8.63777e-44 5.99479e-42
1.72828e-11 8.5326e-44 5.90841e-42
1.73606e-11 8.42835e-44 5.82309e-42
1.74388e-11 8.32502e-44 5.73881e-42
1.75173e-11 8.22261e-44 5.65556e-42
1.75962e-11 8.12111e-44 5.57333e-42
1.76755e-11 8.02053e-44 5.49212e-42
1.77551e-11 7.92087e-44 5.41191e-42
1.7835e-11 7.82211e-44 5.3327e-42
1.79154e-11 7.72426e-44 5.25448e-42
1.7996e-11 7.62731e-44 5.17724e-42
1.80771e-11 7.53127e-44 5.10097e-42
1.81585e-11 7.43612e-44 5.02565e-42
1.82403e-11 7.34187e-44 4.95129e-42
1.83224e-11 7.24851e-44 4.87787e-42
1.8405e-11 7.15604e-44 4.80539e-42
1.84878e-11 7.06445e-44 4.73383e-42
1.85711e-11 6.97375e-44 4.66318e-42
1.86547e-11 6.88392e-44 4.59345e-42
1.87388e-11 6.79497e-44 4.52461e-42
1.88232e-11 6.7069e-44 4.45666e-42
1.89079e-11 6.61968e-44 4.38959e-42
1.89931e-11 6.53334e-44 4.32339e-42
1.90786e-11 6.44785e-44 4.25806e-42
1.91646e-11 6.36322e-44 4.19358e-42
1.92509e-11 6.27945e-44 4.12995e-42
1.93376e-11 6.19652e-44 4.06715e-42
1.94247e-11 6.11443e-44 4.00519e-42
1.95121e-11 6.03319e-44 3.94404e-42
1.96e-11 5.95278e-44 3.88371e-42
1.96883e-11 5.87321e-44 3.82418e-42
1.9777e-11 5.79446e-44 3.76545e-42
1.9866e-11 5.71654e-44 3.70751e-42
1.99555e-11 5.63943e-44 3.65034e-42
2.00454e-11 5.56314e-44 3.59395e-42
2.01357e-11 5.48766e-44 3.53832e-42
2.02263e-11 5.41299e-44 3.48344e-42
2.03174e-11 5.33912e-44 3.42931e-42
2.04089e-11 5.26604e-44 3.37592e-42
2.05008e-11 5.19376e-44 3.32326e-42
2.05932e-11 5.12226e-44 3.27132e-42
2.06859e-11 5.05154e-44 3.2201e-42
2.07791e-11 4.98161e-44 3.16958e-42
2.08727e-11 4.91244e-44 3.11977e-42
2.09667e-11 4.84405e-44 3.07064e-42
2.10611e-11 4.77641e-44 3.0222e-42
2.1156e-11 4.70954e-44 2.97444e-42
2.12512e-11 4.64342e-44 2.92734e-42
2.13469e-11 4.57804e-44 2.88091e-42
2.14431e-11 4.51341e-44 2.83513e-42
2.15397e-11 4.44952e-44 2.78999e-42
2.16367e-11 4.38636e-44 2.7455e-42
2.17341e-11 4.32393e-44 2.70163e-42
2.1832e-11 4.26222e-44 2.6584e-42
2.19303e-11 4.20123e-44 2.61577e-42
2.20291e-11 4.14096e-44 2.57376e-42
2.21283e-11 4.08139e-44 2.53235e-42
2.2228e-11 4.02252e-44 2.49154e-42
2.23281e-11 3.96435e-44 2.45131e-42
2.24286e-11 3.90687e-44 2.41167e-42
2.25296e-11 3.85008e-44 2.3726e-42
2.26311e-11 3.79397e-44 2.3341e-42
2.2733e-11 3.73853e-44 2.29616e-42
2.28354e-11 3.68377e-44 2.25877e-42
2.29383e-11 3.62967e-44 2.22194e-42
2.30416e-11 3.57623e-44 2.18564e-42
2.31453e-11 3.52345e-44 2.14988e-42
2.32496e-11 3.47132e-44 2.11464e-42
2.33543e-11 3.41983e-44 2.07993e-42
2.34595e-11 3.36898e-44 2.04573e-42
2.35651e-11 3.31876e-44 2.01204e-42
2.36713e-11 3.26917e-44 1.97885e-42
2.37779e-11 3.2202e-44 1.94616e-42
2.3885e-11 3.17186e-44 1.91396e-42
2.39925e-11 3.12412e-44 1.88224e-42
2.41006e-11 3.07699e-44 1.851e-42
2.42091e-11 3.03046e-44 1.82023e-42
2.43182e-11 2.98453e-44 1.78993e-42
2.44277e-11 2.93919e-44 1.76008e-42
2.45377e-11 2.89443e-44 1.73069e-42
2.46482e-11 2.85025e-44 1.70174e-42
2.47592e-11 2.80665e-44 1.67324e-42
2.48707e-11 2.76362e-44 1.64518e-42
2.49827e-11 2.72115e-44 1.61754e-42
2.50952e-11 2.67924e-44 1.59033e-42
2.52083e-11 2.63789e-44 1.56354e-42
2.53218e-11 2.59708e-44 1.53716e-42
2.54358e-11 2.55682e-44 1.51119e-42
2.55504e-11 2.51709e-44 1.48562e-42
2.56655e-11 2.4779e-44 1.46045e-42
2.57811e-11 2.43923e-44 1.43567e-42
2.58972e-11 2.40109e-44 1.41128e-42
2.60138e-11 2.36346e-44 1.38726e-42
2.6131e-11 2.32634e-44 1.36363e-42
2.62486e-11 2.28973e-44 1.34037e-42
2.63669e-11 2.25362e-44 1.31747e-42
2.64856e-11 2.21801e-44 1.29493e-42
2.66049e-11 2.18289e-44 1.27275e-42
2.67247e-11 2.14825e-44 1.25092e-42
2.68451e-11 2.1141e-44 1.22944e-42
2.6966e-11 2.08042e-44 1.2083e-42
2.70874e-11 2.04721e-44 1.1875e-42
2.72094e-11 2.01447e-44 1.16702e-42
2.7332e-11 1.98219e-44 1.14688e-42
2.74551e-11 1.95036e-44 1.12706e-42
2.75787e-11 1.91899e-44 1.10755e-42
2.77029e-11 1.88806e-44 1.08836e-42
2.78277e-11 1.85757e-44 1.06948e-42
2.7953e-11 1.82752e-44 1.05091e-42
2.80789e-11 1.7979e-44 1.03263e-42
2.82054e-11 1.7687e-44 1.01465e-42
2.83324e-11 1.73993e-44 9.96966e-43
2.846e-11 1.71158e-44 9.79567e-43
2.85882e-11 1.68363e-44 9.62451e-43
2.87169e-11 1.6561e-44 9.45615e-43
2.88462e-11 1.62896e-44 9.29054e-43
2.89762e-11 1.60223e-44 9.12764e-43
2.91067e-11 1.57588e-44 8.96742e-43
2.92377e-11 1.54993e-44 8.80983e-43
2.93694e-11 1.52436e-44 8.65484e-43
2.95017e-11 1.49917e-44 8.5024e-43
2.96346e-11 1.47435e-44 8.35249e-43
2.9768e-11 1.44991e-44 8.20505e-43
2.99021e-11 1.42583e-44 8.06006e-43
3.00368e-11 1.40212e-44 7.91748e-43
3.0172e-11 1.37876e-44 7.77727e-43
3.03079e-11 1.35575e-44 7.63939e-43
3.04444e-11 1.33309e-44 7.50382e-43
3.05815e-11 1.31078e-44 7.37051e-43
3.07193e-11 1.2888e-44 7.23943e-43
3.08576e-11 1.26717e-44 7.11055e-43
3.09966e-11 1.24586e-44 6.98383e-43
3.11362e-11 1.22488e-44 6.85925e-43
3.12764e-11 1.20422e-44 6.73676e-43
3.14173e-11 1.18389e-44 6.61634e-43
3.15588e-11 1.16386e-44 6.49795e-43
3.17009e-11 1.14415e-44 6.38156e-43
3.18437e-11 1.12475e-44 6.26715e-43
3.19871e-11 1.10565e-44 6.15467e-43
3.21312e-11 1.08685e-44 6.04411e-43
3.22759e-11 1.06834e-44 5.93542e-43
3.24212e-11 1.05012e-44 5.82859e-43
3.25672e-11 1.03219e-44 5.72357e-43
3.27139e-11 1.01455e-44 5.62036e-43
3.28612e-11 9.97183e-45 5.5189e-43
3.30092e-11 9.80093e-45 5.41918e-43
3.31579e-11 9.63276e-45 5.32117e-43
3.33072e-11 9.46727e-45 5.22484e-43
3.34573e-11 9.30443e-45 5.13017e-43
3.36079e-11 9.14421e-45 5.03713e-43
3.37593e-11 8.98656e-45 4.94569e-43
3.39113e-11 8.83145e-45 4.85582e-43
3.40641e-11 8.67885e-45 4.76751e-43
3.42175e-11 8.52873e-45 4.68072e-43
3.43716e-11 8.38103e-45 4.59543e-43
3.45264e-11 8.23575e-45 4.51162e-43
3.46819e-11 8.09283e-45 4.42926e-43
3.48381e-11 7.95225e-45 4.34833e-43
3.4995e-11 7.81397e-45 4.26881e-43
3.51526e-11 7.67796e-45 4.19067e-43
3.53109e-11 7.54419e-45 4.11389e-43
3.54699e-11 7.41263e-45 4.03845e-43
3.56297e-11 7.28324e-45 3.96432e-43
3.57901e-11 7.15599e-45 3.89149e-43
3.59513e-11 7.03085e-45 3.81993e-43
3.61132e-11 6.9078e-45 3.74962e-43
3.62759e-11 6.7868e-45 3.68054e-43
3.64393e-11 6.66781e-45 3.61268e-43
3.66034e-11 6.55082e-45 3.546e-43
3.67682e-11 6.43579e-45 3.48049e-43
3.69338e-11 6.32269e-45 3.41613e-43
3.71002e-11 6.2115e-45 3.35291e-43
3.72672e-11 6.10218e-45 3.29079e-43
3.74351e-11 5.9947e-45 3.22977e-43
3.76037e-11 5.88905e-45 3.16982e-43
3.7773e-11 5.78519e-45 3.11093e-43
3.79432e-11 5.68309e-45 3.05308e-43
3.8114e-11 5.58273e-45 2.99625e-43
3.82857e-11 5.48408e-45 2.94042e-43
3.84581e-11 5.38712e-45 2.88558e-43
3.86313e-11 5.29182e-45 2.83171e-43
3.88053e-11 5.19815e-45 2.77879e-43
3.89801e-11 5.10609e-45 2.72681e-43
3.91556e-11 5.01561e-45 2.67575e-43
3.9332e-11 4.92669e-45 2.62559e-43
3.95091e-11 4.83931e-45 2.57633e-43
3.96871e-11 4.75343e-45 2.52793e-43
3.98658e-11 4.66905e-45 2.4804e-43
4.00453e-11 4.58612e-45 2.43371e-43
4.02257e-11 4.50464e-45 2.38785e-43
4.04069e-11 4.42458e-45 2.3428e-43
4.05888e-11 4.34591e-45 2.29855e-43
4.07716e-11 4.26861e-45 2.2551e-43
4.09553e-11 4.19266e-45 2.21241e-43
4.11397e-11 4.11805e-45 2.17048e-43
4.1325e-11 4.04474e-45 2.1293e-43
4.15111e-11 3.97272e-45 2.08886e-43
4.16981e-11 3.90196e-45 2.04913e-43
4.18859e-11 3.83245e-45 2.01011e-43
4.20745e-11 3.76416e-45 1.97178e-43
4.2264e-11 3.69708e-45 1.93414e-43
4.24543e-11 3.63118e-45 1.89717e-43
4.26455e-11 3.56645e-45 1.86086e-43
4.28376e-11 3.50287e-45 1.8252e-43
4.30305e-11 3.44041e-45 1.79017e-43
4.32243e-11 3.37906e-45 1.75576e-43
4.3419e-11 3.31881e-45 1.72197e-43
4.36146e-11 3.25962e-45 1.68878e-43
4.3811e-11 3.2015e-45 1.65619e-43
4.40083e-11 3.1444e-45 1.62417e-43
4.42065e-11 3.08833e-45 1.59273e-43
4.44056e-11 3.03326e-45 1.56184e-43
4.46056e-11 2.97917e-45 1.53151e-43
4.48065e-11 2.92606e-45 1.50172e-43
4.50083e-11 2.8739e-45 1.47246e-43
4.5211e-11 2.82267e-45 1.44372e-43
4.54146e-11 2.77236e-45 1.41549e-43
4.56191e-11 2.72296e-45 1.38777e-43
4.58246e-11 2.67445e-45 1.36054e-43
4.6031e-11 2.62681e-45 1.3338e-43
4.62383e-11 2.58003e-45 1.30753e-43
4.64465e-11 2.53409e-45 1.28173e-43
4.66557e-11 2.48899e-45 1.25639e-43
4.68658e-11 2.4447e-45 1.2315e-43
4.70769e-11 2.40121e-45 1.20705e-43
4.72889e-11 2.35851e-45 1.18304e-43
4.75019e-11 2.31658e-45 1.15945e-43
4.77158e-11 2.27541e-45 1.13629e-43
4.79307e-11 2.23499e-45 1.11353e-43
4.81466e-11 2.1953e-45 1.09118e-43
4.83634e-11 2.15634e-45 1.06923e-43
4.85812e-11 2.11808e-45 1.04767e-43
4.88e-11 2.08052e-45 1.02649e-43
4.90198e-11 2.04364e-45 1.00568e-43
4.92406e-11 2.00743e-45 9.85245e-44
4.94623e-11 1.97188e-45 9.65171e-44
4.96851e-11 1.93698e-45 9.45452e-44
4.99089e-11 1.90271e-45 9.26082e-44
5.01336e-11 1.86908e-45 9.07055e-44
5.03594e-11 1.83605e-45 8.88364e-44
5.05862e-11 1.80363e-45 8.70004e-44
5.08141e-11 1.7718e-45 8.51967e-44
5.10429e-11 1.74055e-45 8.34249e-44
5.12728e-11 1.70987e-45 8.16844e-44
5.15037e-11 1.67975e-45 7.99745e-44
5.17357e-11 1.65018e-45 7.82948e-44
5.19687e-11 1.62116e-45 7.66446e-44
5.22027e-11 1.59266e-45 7.50234e-44
5.24378e-11 1.56469e-45 7.34308e-44
5.2674e-11 1.53723e-45 7.18661e-44
5.29112e-11 1.51027e-45 7.03288e-44
5.31495e-11 1.4838e-45 6.88186e-44
5.33889e-11 1.45782e-45 6.73348e-44
5.36293e-11 1.43231e-45 6.5877e-44
5.38709e-11 1.40727e-45 6.44447e-44
5.41135e-11 1.38269e-45 6.30374e-44
5.43572e-11 1.35856e-45 6.16547e-44
5.4602e-11 1.33487e-45 6.02961e-44
5.48479e-11 1.31161e-45 5.89613e-44
5.50949e-11 1.28878e-45 5.76497e-44
5.53431e-11 1.26637e-45 5.63609e-44
5.55923e-11 1.24437e-45 5.50945e-44
5.58427e-11 1.22277e-45 5.38501e-44
5.60942e-11 1.20156e-45 5.26274e-44
5.63468e-11 1.18075e-45 5.14258e-44
5.66006e-11 1.16031e-45 5.02451e-44
5.68555e-11 1.14025e-45 4.90847e-44
5.71116e-11 1.12055e-45 4.79445e-44
5.73688e-11 1.10122e-45 4.68239e-44
5.76272e-11 1.08223e-45 4.57227e-44
5.78867e-11 1.0636e-45 4.46405e-44
5.81474e-11 1.0453e-45 4.35769e-44
5.84093e-11 1.02734e-45 4.25316e-44
5.86723e-11 1.0097e-45 4.15043e-44
5.89366e-11 9.92392e-46 4.04946e-44
5.9202e-11 9.75394e-46 3.95022e-44
5.94686e-11 9.58706e-46 3.85268e-44
5.97365e-11 9.42323e-46 3.75681e-44
6.00055e-11 9.26237e-46 3.66257e-44
6.02758e-11 9.10444e-46 3.56995e-44
6.05472e-11 8.94938e-46 3.47891e-44
6.08199e-11 8.79714e-46 3.38941e-44
6.10938e-11 8.64766e-46 3.30144e-44
6.1369e-11 8.5009e-46 3.21496e-44
6.16454e-11 8.3568e-46 3.12996e-44
6.1923e-11 8.21531e-46 3.04639e-44
6.22019e-11 8.07638e-46 2.96423e-44
6.2482e-11 7.93997e-46 2.88347e-44
6.27634e-11 7.80602e-46 2.80407e-44
6.30461e-11 7.6745e-46 2.72601e-44
6.333e-11 7.54535e-46 2.64927e-44
6.36152e-11 7.41853e-46 2.57381e-44
6.39017e-11 7.29401e-46 2.49963e-44
6.41895e-11 7.17172e-46 2.42669e-44
6.44786e-11 7.05164e-46 2.35497e-44
6.4769e-11 6.93371e-46 2.28445e-44
6.50607e-11 6.81791e-46 2.21512e-44
6.53537e-11 6.70419e-46 2.14694e-44
6.56481e-11 6.59251e-46 2.0799e-44
6.59437e-11 6.48283e-46 2.01397e-44
6.62407e-11 6.37511e-46 1.94914e-44
6.65391e-11 6.26932e-46 1.88539e-44
6.68387e-11 6.16543e-46 1.8227e-44
6.71398e-11 6.06339e-46 1.76104e-44
6.74421e-11 5.96317e-46 1.70041e-44
6.77459e-11 5.86474e-46 1.64078e-44
6.8051e-11 5.76806e-46 1.58213e-44
6.83575e-11 5.6731e-46 1.52445e-44
6.86653e-11 5.57982e-46 1.46772e-44
6.89746e-11 5.48821e-46 1.41192e-44
6.92852e-11 5.39822e-46 1.35704e-44
6.95973e-11 5.30982e-46 1.30306e-44
6.99107e-11 5.22298e-46 1.24996e-44
7.02256e-11 5.13769e-46 1.19773e-44
7.05418e-11 5.05389e-46 1.14635e-44
7.08595e-11 4.97158e-46 1.09581e-44
7.11787e-11 4.89071e-46 1.0461e-44
7.14992e-11 4.81127e-46 9.97189e-45
7.18212e-11 4.73323e-46 9.49077e-45
7.21447e-11 4.65655e-46 9.01745e-45
7.24696e-11 4.58122e-46 8.55179e-45
7.2796e-11 4.5072e-46 8.09367e-45
7.31239e-11 4.43449e-46 7.64295e-45
7.34532e-11 4.36304e-46 7.1995e-45
7.3784e-11 4.29284e-46 6.7632e-45
7.41163e-11 4.22386e-46 6.33391e-45
7.44501e-11 4.15608e-46 5.91153e-45
7.47854e-11 4.08948e-46 5.49592e-45
7.51222e-11 4.02404e-46 5.08697e-45
7.54605e-11 3.95973e-46 4.68457e-45
7.58004e-11 3.89653e-46 4.28859e-45
7.61418e-11 3.83443e-46 3.89894e-45
7.64847e-11 3.7734e-46 3.5155e-45
7.68292e-11 3.71342e-46 3.13816e-45
7.71752e-11 3.65447e-46 2.76682e-45
7.75228e-11 3.59654e-46 2.40137e-45
7.78719e-11 3.53961e-46 2.04171e-45
7.82226e-11 3.48365e-46 1.68775e-45
7.85749e-11 3.42864e-46 1.33939e-45
7.89288e-11 3.37458e-46 9.96524e-46
7.92842e-11 3.32145e-46 6.59066e-46
7.96413e-11 3.26921e-46 3.26921e-46
