1e-14 0 1.12654e+09
1.0045e-14 0 1.12654e+09
1.00903e-14 0 1.12654e+09
1.01357e-14 0 1.12654e+09
1.01814e-14 0 1.12654e+09
1.02272e-14 0 1.12654e+09
1.02733e-14 0 1.12654e+09
1.03196e-14 0 1.12654e+09
1.0366e-14 0 1.12654e+09
1.04127e-14 0 1.12654e+09
1.04596e-14 0 1.12654e+09
1.05067e-14 0 1.12654e+09
1.0554e-14 0 1.12654e+09
1.06016e-14 0 1.12654e+09
1.06493e-14 0 1.12654e+09
1.06973e-14 0 1.12654e+09
1.07455e-14 0 1.12654e+09
1.07938e-14 0 1.12654e+09
1.08425e-14 0 1.12654e+09
1.08913e-14 0 1.12654e+09
1.09403e-14 0 1.12654e+09
1.09896e-14 0 1.12654e+09
1.10391e-14 0 1.12654e+09
1.10888e-14 0 1.12654e+09
1.11388e-14 0 1.12654e+09
1.11889e-14 0 1.12654e+09
1.12393e-14 0 1.12654e+09
1.12899e-14 0 1.12654e+09
1.13408e-14 0 1.12654e+09
1.13919e-14 0 1.12654e+09
1.14432e-14 0 1.12654e+09
1.14947e-14 0 1.12654e+09
1.15465e-14 0 1.12654e+09
1.15985e-14 0 1.12654e+09
1.16507e-14 0 1.12654e+09
1.17032e-14 0 1.12654e+09
1.17559e-14 0 1.12654e+09
1.18088e-14 0 1.12654e+09
1.1862e-14 0 1.12654e+09
1.19154e-14 0 1.12654e+09
1.19691e-14 0 1.12654e+09
1.2023e-14 0 1.12654e+09
1.20772e-14 0 1.12654e+09
1.21316e-14 0 1.12654e+09
1.21862e-14 0 1.12654e+09
1.22411e-14 0 1.12654e+09
1.22962e-14 0 1.12654e+09
1.23516e-14 0 1.12654e+09
1.24072e-14 0 1.12654e+09
1.24631e-14 0 1.12654e+09
1.25192e-14 0 1.12654e+09
1.25756e-14 0 1.12654e+09
1.26322e-14 0 1.12654e+09
1.26891e-14 0 1.12654e+09
1.27463e-14 0 1.12654e+09
1.28037e-14 0 1.12654e+09
1.28613e-14 0 1.12654e+09
1.29193e-14 0 1.12654e+09
1.29775e-14 0 1.12654e+09
1.30359e-14 0 1.12654e+09
1.30946e-14 0 1.12654e+09
1.31536e-14 0 1.12654e+09
1.32128e-14 0 1.12654e+09
1.32723e-14 0 1.12654e+09
1.33321e-14 0 1.12654e+09
1.33922e-14 0 1.12654e+09
1.34525e-14 0 1.12654e+09
1.35131e-14 0 1.12654e+09
1.35739e-14 0 1.12654e+09
1.3635e-14 0 1.12654e+09
1.36965e-14 0 1.12654e+09
1.37581e-14 0 1.12654e+09
1.38201e-14 0 1.12654e+09
1.38823e-14 0 1.12654e+09
1.39449e-14 0 1.12654e+09
1.40077e-14 0 1.12654e+09
1.40708e-14 0 1.12654e+09
1.41341e-14 0 1.12654e+09
1.41978e-14 0 1.12654e+09
1.42617e-14 0 1.12654e+09
1.4326e-14 0 1.12654e+09
1.43905e-14 0 1.12654e+09
1.44553e-14 0 1.12654e+09
1.45204e-14 0 1.12654e+09
1.45858e-14 0 1.12654e+09
1.46515e-14 0 1.12654e+09
1.47175e-14 0 1.12654e+09
1.47837e-14 0 1.12654e+09
1.48503e-14 0 1.12654e+09
1.49172e-14 0 1.12654e+09
1.49844e-14 0 1.12654e+09
1.50519e-14 0 1.12654e+09
1.51197e-14 0 1.12654e+09
1.51878e-14 0 1.12654e+09
1.52562e-14 0 1.12654e+09
1.53249e-14 0 1.12654e+09
1.53939e-14 0 1.12654e+09
1.54632e-14 0 1.12654e+09
1.55329e-14 0 1.12654e+09
1.56028e-14 0 1.12654e+09
1.56731e-14 0 1.12654e+09
1.57437e-14 0 1.12654e+09
1.58146e-14 0 1.12654e+09
1.58858e-14 0 1.12654e+09
1.59573e-14 0 1.12654e+09
1.60292e-14 0 1.12654e+09
1.61014e-14 0 1.12654e+09
1.61739e-14 0 1.12654e+09
1.62468e-14 0 1.12654e+09
1.63199e-14 0 1.12654e+09
1.63934e-14 0 1.12654e+09
1.64673e-14 0 1.12654e+09
1.65414e-14 0 1.12654e+09
1.66159e-14 0 1.12654e+09
1.66908e-14 0 1.12654e+09
1.67659e-14 0 1.12654e+09
1.68414e-14 0 1.12654e+09
1.69173e-14 0 1.12654e+09
1.69935e-14 0 1.12654e+09
1.707e-14 0 1.12654e+09
1.71469e-14 0 1.12654e+09
1.72241e-14 0 1.12654e+09
1.73017e-14 0 1.12654e+09
1.73796e-14 0 1.12654e+09
1.74579e-14 0 1.12654e+09
1.75365e-14 0 1.12654e+09
1.76155e-14 0 1.12654e+09
1.76948e-14 0 1.12654e+09
1.77745e-14 0 1.12654e+09
1.78546e-14 0 1.12654e+09
1.7935e-14 0 1.12654e+09
1.80158e-14 0 1.12654e+09
1.80969e-14 0 1.12654e+09
1.81784e-14 0 1.12654e+09
1.82603e-14 0 1.12654e+09
1.83425e-14 0 1.12654e+09
1.84251e-14 0 1.12654e+09
1.85081e-14 0 1.12654e+09
1.85914e-14 0 1.12654e+09
1.86752e-14 0 1.12654e+09
1.87593e-14 0 1.12654e+09
1.88438e-14 0 1.12654e+09
1.89286e-14 0 1.12654e+09
1.90139e-14 0 1.12654e+09
1.90995e-14 0 1.12654e+09
1.91855e-14 0 1.12654e+09
1.92719e-14 0 1.12654e+09
1.93587e-14 0 1.12654e+09
1.94459e-14 0 1.12654e+09
1.95335e-14 0 1.12654e+09
1.96215e-14 0 1.12654e+09
1.97098e-14 0 1.12654e+09
1.97986e-14 0 1.12654e+09
1.98878e-14 0 1.12654e+09
1.99774e-14 0 1.12654e+09
2.00673e-14 0 1.12654e+09
2.01577e-14 0 1.12654e+09
2.02485e-14 0 1.12654e+09
2.03397e-14 0 1.12654e+09
2.04313e-14 0 1.12654e+09
2.05233e-14 0 1.12654e+09
2.06157e-14 0 1.12654e+09
2.07086e-14 0 1.12654e+09
2.08018e-14 0 1.12654e+09
2.08955e-14 0 1.12654e+09
2.09896e-14 0 1.12654e+09
2.10842e-14 0 1.12654e+09
2.11791e-14 0 1.12654e+09
2.12745e-14 2.07879e-09 1.12654e+09
2.13703e-14 7.63284e-09 1.12654e+09
2.14666e-14 1.17738e-08 1.12654e+09
2.15632e-14 1.59513e-08 1.12654e+09
2.16604e-14 1.86488e-08 1.12654e+09
2.17579e-14 2.69158e-08 1.12654e+09
2.18559e-14 4.32226e-08 1.12654e+09
2.19543e-14 5.47685e-08 1.12654e+09
2.20532e-14 8.29014e-08 1.12654e+09
2.21525e-14 1.0714e-07 1.12654e+09
2.22523e-14 1.24868e-07 1.12654e+09
2.23525e-14 1.4981e-07 1.12654e+09
2.24532e-14 1.81824e-07 1.12654e+09
2.25543e-14 2.04538e-07 1.12654e+09
2.26559e-14 2.27727e-07 1.12654e+09
2.27579e-14 2.60171e-07 1.12654e+09
2.28604e-14 2.84429e-07 1.12654e+09
2.29634e-14 3.15763e-07 1.12654e+09
2.30668e-14 3.36705e-07 1.12654e+09
2.31707e-14 3.62798e-07 1.12654e+09
2.3275e-14 3.91683e-07 1.12654e+09
2.33799e-14 4.17534e-07 1.12654e+09
2.34852e-14 4.48106e-07 1.12654e+09
2.35909e-14 4.70898e-07 1.12654e+09
2.36972e-14 5.05403e-07 1.12654e+09
2.38039e-14 5.44298e-07 1.12654e+09
2.39111e-14 5.85766e-07 1.12654e+09
2.40188e-14 6.27211e-07 1.12654e+09
2.4127e-14 6.8786e-07 1.12654e+09
2.42356e-14 7.36025e-07 1.12654e+09
2.43448e-14 7.9138e-07 1.12654e+09
2.44544e-14 8.52281e-07 1.12654e+09
2.45646e-14 9.06183e-07 1.12654e+09
2.46752e-14 9.72415e-07 1.12654e+09
2.47863e-14 1.04554e-06 1.12654e+09
2.4898e-14 1.11787e-06 1.12654e+09
2.50101e-14 1.19863e-06 1.12654e+09
2.51227e-14 1.26539e-06 1.12654e+09
2.52359e-14 1.34338e-06 1.12654e+09
2.53495e-14 1.44558e-06 1.12654e+09
2.54637e-14 1.54583e-06 1.12654e+09
2.55784e-14 1.63373e-06 1.12654e+09
2.56936e-14 1.736e-06 1.12654e+09
2.58093e-14 1.86601e-06 1.12654e+09
2.59255e-14 1.96523e-06 1.12654e+09
2.60423e-14 2.10719e-06 1.12654e+09
2.61596e-14 2.23186e-06 1.12654e+09
2.62774e-14 2.38681e-06 1.12654e+09
2.63957e-14 2.54515e-06 1.12654e+09
2.65146e-14 2.7163e-06 1.12654e+09
2.6634e-14 2.88888e-06 1.12654e+09
2.6754e-14 3.04576e-06 1.12654e+09
2.68745e-14 3.23084e-06 1.12654e+09
2.69955e-14 3.43653e-06 1.12654e+09
2.71171e-14 3.61061e-06 1.12654e+09
2.72392e-14 3.82573e-06 1.12654e+09
2.73619e-14 4.04855e-06 1.12654e+09
2.74851e-14 4.27136e-06 1.12654e+09
2.76089e-14 4.51577e-06 1.12654e+09
2.77332e-14 4.77827e-06 1.12654e+09
2.78581e-14 5.0527e-06 1.12654e+09
2.79836e-14 5.31772e-06 1.12654e+09
2.81096e-14 5.63042e-06 1.12654e+09
2.82362e-14 5.93593e-06 1.12654e+09
2.83634e-14 6.26102e-06 1.12654e+09
2.84912e-14 6.59125e-06 1.12654e+09
2.86195e-14 7.00531e-06 1.12654e+09
2.87484e-14 7.39551e-06 1.12654e+09
2.88778e-14 7.82359e-06 1.12654e+09
2.90079e-14 8.27583e-06 1.12654e+09
2.91385e-14 8.73341e-06 1.12654e+09
2.92698e-14 9.21062e-06 1.12654e+09
2.94016e-14 9.7398e-06 1.12654e+09
2.9534e-14 1.02681e-05 1.12654e+09
2.9667e-14 1.0825e-05 1.12654e+09
2.98006e-14 1.14375e-05 1.12654e+09
2.99348e-14 1.2051e-05 1.12654e+09
3.00697e-14 1.2709e-05 1.12654e+09
3.02051e-14 1.34103e-05 1.12654e+09
3.03411e-14 1.41311e-05 1.12654e+09
3.04778e-14 1.49187e-05 1.12654e+09
3.0615e-14 1.57447e-05 1.12654e+09
3.07529e-14 1.66273e-05 1.12654e+09
3.08914e-14 1.75102e-05 1.12654e+09
3.10305e-14 1.84735e-05 1.12654e+09
3.11703e-14 1.94719e-05 1.12654e+09
3.13107e-14 2.05087e-05 1.12654e+09
3.14517e-14 2.1645e-05 1.12654e+09
3.15933e-14 2.28533e-05 1.12654e+09
3.17356e-14 2.41096e-05 1.12654e+09
3.18786e-14 2.53959e-05 1.12654e+09
3.20221e-14 2.67999e-05 1.12654e+09
3.21663e-14 2.82566e-05 1.12654e+09
3.23112e-14 2.98257e-05 1.12654e+09
3.24567e-14 3.14214e-05 1.12654e+09
3.26029e-14 3.31163e-05 1.12654e+09
3.27497e-14 3.48853e-05 1.12654e+09
3.28972e-14 3.68099e-05 1.12654e+09
3.30454e-14 3.87646e-05 1.12654e+09
3.31942e-14 4.08529e-05 1.12654e+09
3.33437e-14 4.30307e-05 1.12654e+09
3.34939e-14 4.53505e-05 1.12654e+09
3.36447e-14 4.77666e-05 1.12654e+09
3.37963e-14 5.02537e-05 1.12654e+09
3.39485e-14 5.28921e-05 1.12654e+09
3.41014e-14 5.56719e-05 1.12654e+09
3.42549e-14 5.86305e-05 1.12654e+09
3.44092e-14 6.17242e-05 1.12654e+09
3.45642e-14 6.49627e-05 1.12654e+09
3.47199e-14 6.83386e-05 1.12654e+09
3.48762e-14 7.19722e-05 1.12654e+09
3.50333e-14 7.57002e-05 1.12654e+09
3.51911e-14 7.96845e-05 1.12654e+09
3.53496e-14 8.37752e-05 1.12654e+09
3.55088e-14 8.80996e-05 1.12654e+09
3.56687e-14 9.26748e-05 1.12654e+09
3.58293e-14 9.7567e-05 1.12654e+09
3.59907e-14 0.000102581 1.12654e+09
3.61528e-14 0.00010789 1.12654e+09
3.63156e-14 0.0001135 1.12654e+09
3.64792e-14 0.000119341 1.12654e+09
3.66435e-14 0.000125519 1.12654e+09
3.68085e-14 0.000131998 1.12654e+09
3.69743e-14 0.000138807 1.12654e+09
3.71408e-14 0.000145907 1.12654e+09
3.73081e-14 0.000153461 1.12654e+09
3.74761e-14 0.000161342 1.12654e+09
3.76449e-14 0.000169625 1.12654e+09
3.78144e-14 0.000178296 1.12654e+09
3.79847e-14 0.000187507 1.12654e+09
3.81558e-14 0.000197072 1.12654e+09
3.83276e-14 0.000207167 1.12654e+09
3.85002e-14 0.000217712 1.12654e+09
3.86736e-14 0.000228793 1.12654e+09
3.88478e-14 0.000240455 1.12654e+09
3.90228e-14 0.000252719 1.12654e+09
3.91985e-14 0.000265514 1.12654e+09
3.93751e-14 0.000279012 1.12654e+09
3.95524e-14 0.000293197 1.12654e+09
3.97305e-14 0.000307979 1.12654e+09
3.99095e-14 0.000323594 1.12654e+09
4.00892e-14 0.000339876 1.12654e+09
4.02698e-14 0.00035709 1.12654e+09
4.04511e-14 0.000375089 1.12654e+09
4.06333e-14 0.000393984 1.12654e+09
4.08163e-14 0.000413758 1.12654e+09
4.10001e-14 0.000434601 1.12654e+09
4.11848e-14 0.000456415 1.12654e+09
4.13703e-14 0.000479256 1.12654e+09
4.15566e-14 0.000503334 1.12654e+09
4.17437e-14 0.000528534 1.12654e+09
4.19317e-14 0.000554947 1.12654e+09
4.21206e-14 0.00058263 1.12654e+09
4.23103e-14 0.00061173 1.12654e+09
4.25008e-14 0.000642196 1.12654e+09
4.26922e-14 0.000674177 1.12654e+09
4.28845e-14 0.000707688 1.12654e+09
4.30777e-14 0.000742913 1.12654e+09
4.32717e-14 0.000779711 1.12654e+09
4.34666e-14 0.000818417 1.12654e+09
4.36623e-14 0.000858997 1.12654e+09
4.3859e-14 0.000901489 1.12654e+09
4.40565e-14 0.000946036 1.12654e+09
4.42549e-14 0.000992756 1.12654e+09
4.44542e-14 0.00104175 1.12654e+09
4.46544e-14 0.00109309 1.12654e+09
4.48555e-14 0.00114692 1.12654e+09
4.50575e-14 0.00120326 1.12654e+09
4.52605e-14 0.00126246 1.12654e+09
4.54643e-14 0.00132438 1.12654e+09
4.56691e-14 0.00138934 1.12654e+09
4.58748e-14 0.00145736 1.12654e+09
4.60814e-14 0.00152867 1.12654e+09
4.62889e-14 0.00160339 1.12654e+09
4.64974e-14 0.00168167 1.12654e+09
4.67068e-14 0.00176367 1.12654e+09
4.69171e-14 0.00184961 1.12654e+09
4.71284e-14 0.00193961 1.12654e+09
4.73407e-14 0.00203386 1.12654e+09
4.75539e-14 0.00213265 1.12654e+09
4.77681e-14 0.0022361 1.12654e+09
4.79832e-14 0.00234444 1.12654e+09
4.81993e-14 0.00245797 1.12654e+09
4.84164e-14 0.00257681 1.12654e+09
4.86344e-14 0.00270136 1.12654e+09
4.88535e-14 0.00283171 1.12654e+09
4.90735e-14 0.00296819 1.12654e+09
4.92945e-14 0.00311117 1.12654e+09
4.95165e-14 0.0032608 1.12654e+09
4.97395e-14 0.00341754 1.12654e+09
4.99635e-14 0.0035816 1.12654e+09
5.01886e-14 0.00375337 1.12654e+09
5.04146e-14 0.00393315 1.12654e+09
5.06416e-14 0.00412138 1.12654e+09
5.08697e-14 0.00431835 1.12654e+09
5.10988e-14 0.00452455 1.12654e+09
5.13289e-14 0.00474032 1.12654e+09
5.15601e-14 0.00496616 1.12654e+09
5.17923e-14 0.00520255 1.12654e+09
5.20256e-14 0.0054499 1.12654e+09
5.22599e-14 0.00570869 1.12654e+09
5.24953e-14 0.00597947 1.12654e+09
5.27317e-14 0.0062629 1.12654e+09
5.29692e-14 0.00655934 1.12654e+09
5.32077e-14 0.00686952 1.12654e+09
5.34474e-14 0.00719408 1.12654e+09
5.36881e-14 0.0075335 1.12654e+09
5.39299e-14 0.00788854 1.12654e+09
5.41728e-14 0.00826003 1.12654e+09
5.44167e-14 0.00864851 1.12654e+09
5.46618e-14 0.0090548 1.12654e+09
5.4908e-14 0.00947977 1.12654e+09
5.51553e-14 0.00992419 1.12654e+09
5.54037e-14 0.0103889 1.12654e+09
5.56532e-14 0.0108748 1.12654e+09
5.59039e-14 0.011383 1.12654e+09
5.61556e-14 0.0119143 1.12654e+09
5.64085e-14 0.0124697 1.12654e+09
5.66626e-14 0.0130504 1.12654e+09
5.69178e-14 0.0136576 1.12654e+09
5.71741e-14 0.0142922 1.12654e+09
5.74316e-14 0.0149556 1.12654e+09
5.76903e-14 0.015649 1.12654e+09
5.79501e-14 0.0163738 1.12654e+09
5.82111e-14 0.0171314 1.12654e+09
5.84732e-14 0.017923 1.12654e+09
5.87366e-14 0.0187503 1.12654e+09
5.90011e-14 0.0196149 1.12654e+09
5.92668e-14 0.0205184 1.12654e+09
5.95338e-14 0.0214624 1.12654e+09
5.98019e-14 0.0224486 1.12654e+09
6.00712e-14 0.0234791 1.12654e+09
6.03418e-14 0.0245557 1.12654e+09
6.06135e-14 0.0256805 1.12654e+09
6.08865e-14 0.0268553 1.12654e+09
6.11607e-14 0.0280825 1.12654e+09
6.14362e-14 0.0293644 1.12654e+09
6.17129e-14 0.0307033 1.12654e+09
6.19908e-14 0.0321017 1.12654e+09
6.227e-14 0.0335621 1.12654e+09
6.25504e-14 0.0350871 1.12654e+09
6.28321e-14 0.0366797 1.12654e+09
6.31151e-14 0.0383427 1.12654e+09
6.33994e-14 0.040079 1.12654e+09
6.36849e-14 0.041892 1.12654e+09
6.39717e-14 0.0437848 1.12654e+09
6.42598e-14 0.0457609 1.12654e+09
6.45492e-14 0.0478238 1.12654e+09
6.484e-14 0.0499771 1.12654e+09
6.5132e-14 0.0522249 1.12654e+09
6.54253e-14 0.054571 1.12654e+09
6.572e-14 0.0570198 1.12654e+09
6.6016e-14 0.0595755 1.12654e+09
6.63133e-14 0.0622426 1.12654e+09
6.66119e-14 0.0650259 1.12654e+09
6.69119e-14 0.0679303 1.12654e+09
6.72133e-14 0.0709609 1.12654e+09
6.7516e-14 0.074123 1.12654e+09
6.78201e-14 0.0774221 1.12654e+09
6.81255e-14 0.0808642 1.12654e+09
6.84323e-14 0.0844549 1.12654e+09
6.87405e-14 0.0882009 1.12654e+09
6.90501e-14 0.0921083 1.12654e+09
6.93611e-14 0.096184 1.12654e+09
6.96735e-14 0.100435 1.12654e+09
6.99873e-14 0.104869 1.12654e+09
7.03025e-14 0.109493 1.12654e+09
7.06191e-14 0.114315 1.12654e+09
7.09371e-14 0.119344 1.12654e+09
7.12566e-14 0.124587 1.12654e+09
7.15775e-14 0.130055 1.12654e+09
7.18999e-14 0.135755 1.12654e+09
7.22237e-14 0.141698 1.12654e+09
7.2549e-14 0.147895 1.12654e+09
7.28757e-14 0.154354 1.12654e+09
7.32039e-14 0.161087 1.12654e+09
7.35336e-14 0.168106 1.12654e+09
7.38648e-14 0.175421 1.12654e+09
7.41975e-14 0.183046 1.12654e+09
7.45316e-14 0.190993 1.12654e+09
7.48673e-14 0.199274 1.12654e+09
7.52045e-14 0.207905 1.12654e+09
7.55432e-14 0.216897 1.12654e+09
7.58834e-14 0.226268 1.12654e+09
7.62252e-14 0.236032 1.12654e+09
7.65685e-14 0.246204 1.12654e+09
7.69133e-14 0.256802 1.12654e+09
7.72597e-14 0.267842 1.12654e+09
7.76076e-14 0.279343 1.12654e+09
7.79572e-14 0.291323 1.12654e+09
7.83083e-14 0.303802 1.12654e+09
7.86609e-14 0.316798 1.12654e+09
7.90152e-14 0.330335 1.12654e+09
7.93711e-14 0.344432 1.12654e+09
7.97285e-14 0.359112 1.12654e+09
8.00876e-14 0.374399 1.12654e+09
8.04483e-14 0.390317 1.12654e+09
8.08106e-14 0.406891 1.12654e+09
8.11746e-14 0.424147 1.12654e+09
8.15402e-14 0.442112 1.12654e+09
8.19074e-14 0.460815 1.12654e+09
8.22763e-14 0.480284 1.12654e+09
8.26468e-14 0.50055 1.12654e+09
8.3019e-14 0.521646 1.12654e+09
8.33929e-14 0.543602 1.12654e+09
8.37685e-14 0.566453 1.12654e+09
8.41458e-14 0.590234 1.12654e+09
8.45247e-14 0.614983 1.12654e+09
8.49054e-14 0.640735 1.12654e+09
8.52878e-14 0.667533 1.12654e+09
8.56719e-14 0.695415 1.12654e+09
8.60578e-14 0.724424 1.12654e+09
8.64453e-14 0.754605 1.12654e+09
8.68347e-14 0.786002 1.12654e+09
8.72257e-14 0.818664 1.12654e+09
8.76186e-14 0.852638 1.12654e+09
8.80132e-14 0.887977 1.12654e+09
8.84096e-14 0.924732 1.12654e+09
8.88077e-14 0.962959 1.12654e+09
8.92077e-14 1.00271 1.12654e+09
8.96095e-14 1.04406 1.12654e+09
9.00131e-14 1.08705 1.12654e+09
9.04184e-14 1.13175 1.12654e+09
9.08257e-14 1.17823 1.12654e+09
9.12347e-14 1.22655 1.12654e+09
9.16456e-14 1.27679 1.12654e+09
9.20584e-14 1.32901 1.12654e+09
9.2473e-14 1.3833 1.12654e+09
9.28894e-14 1.43974 1.12654e+09
9.33078e-14 1.49839 1.12654e+09
9.3728e-14 1.55936 1.12654e+09
9.41501e-14 1.62272 1.12654e+09
9.45742e-14 1.68856 1.12654e+09
9.50001e-14 1.75699 1.12654e+09
9.54279e-14 1.82809 1.12654e+09
9.58577e-14 1.90197 1.12654e+09
9.62894e-14 1.97873 1.12654e+09
9.67231e-14 2.05847 1.12654e+09
9.71587e-14 2.14132 1.12654e+09
9.75963e-14 2.22739 1.12654e+09
9.80358e-14 2.31679 1.12654e+09
9.84774e-14 2.40965 1.12654e+09
9.89209e-14 2.5061 1.12654e+09
9.93664e-14 2.60628 1.12654e+09
9.98139e-14 2.71031 1.12654e+09
1.00263e-13 2.81834 1.12654e+09
1.00715e-13 2.93053 1.12654e+09
1.01169e-13 3.04702 1.12654e+09
1.01624e-13 3.16796 1.12654e+09
1.02082e-13 3.29353 1.12654e+09
1.02542e-13 3.4239 1.12654e+09
1.03003e-13 3.55923 1.12654e+09
1.03467e-13 3.69972 1.12654e+09
1.03933e-13 3.84554 1.12654e+09
1.04401e-13 3.99689 1.12654e+09
1.04872e-13 4.15398 1.12654e+09
1.05344e-13 4.31701 1.12654e+09
1.05818e-13 4.48619 1.12654e+09
1.06295e-13 4.66174 1.12654e+09
1.06774e-13 4.84391 1.12654e+09
1.07255e-13 5.03292 1.12654e+09
1.07738e-13 5.22902 1.12654e+09
1.08223e-13 5.43246 1.12654e+09
1.0871e-13 5.64352 1.12654e+09
1.092e-13 5.86245 1.12654e+09
1.09692e-13 6.08954 1.12654e+09
1.10186e-13 6.32507 1.12654e+09
1.10682e-13 6.56936 1.12654e+09
1.1118e-13 6.82271 1.12654e+09
1.11681e-13 7.08544 1.12654e+09
1.12184e-13 7.35787 1.12654e+09
1.12689e-13 7.64036 1.12654e+09
1.13197e-13 7.93326 1.12654e+09
1.13707e-13 8.23693 1.12654e+09
1.14219e-13 8.55175 1.12654e+09
1.14733e-13 8.8781 1.12654e+09
1.1525e-13 9.2164 1.12654e+09
1.15769e-13 9.56705 1.12654e+09
1.1629e-13 9.93049 1.12654e+09
1.16814e-13 10.3072 1.12654e+09
1.1734e-13 10.6975 1.12654e+09
1.17869e-13 11.102 1.12654e+09
1.18399e-13 11.5212 1.12654e+09
1.18933e-13 11.9555 1.12654e+09
1.19468e-13 12.4055 1.12654e+09
1.20006e-13 12.8717 1.12654e+09
1.20547e-13 13.3546 1.12654e+09
1.2109e-13 13.8549 1.12654e+09
1.21635e-13 14.3731 1.12654e+09
1.22183e-13 14.9099 1.12654e+09
1.22733e-13 15.4658 1.12654e+09
1.23286e-13 16.0415 1.12654e+09
1.23841e-13 16.6377 1.12654e+09
1.24399e-13 17.2551 1.12654e+09
1.24959e-13 17.8944 1.12654e+09
1.25522e-13 18.5562 1.12654e+09
1.26087e-13 19.2415 1.12654e+09
1.26655e-13 19.9508 1.12654e+09
1.27226e-13 20.6852 1.12654e+09
1.27799e-13 21.4453 1.12654e+09
1.28374e-13 22.2321 1.12654e+09
1.28952e-13 23.0464 1.12654e+09
1.29533e-13 23.8891 1.12654e+09
1.30116e-13 24.7612 1.12654e+09
1.30702e-13 25.6636 1.12654e+09
1.31291e-13 26.5973 1.12654e+09
1.31882e-13 27.5634 1.12654e+09
1.32476e-13 28.563 1.12654e+09
1.33073e-13 29.5969 1.12654e+09
1.33672e-13 30.6666 1.12654e+09
1.34274e-13 31.773 1.12654e+09
1.34879e-13 32.9173 1.12654e+09
1.35487e-13 34.1009 1.12654e+09
1.36097e-13 35.3249 1.12654e+09
1.3671e-13 36.5906 1.12654e+09
1.37325e-13 37.8995 1.12654e+09
1.37944e-13 39.2527 1.12654e+09
1.38565e-13 40.6519 1.12654e+09
1.39189e-13 42.0984 1.12654e+09
1.39816e-13 43.5938 1.12654e+09
1.40446e-13 45.1395 1.12654e+09
1.41078e-13 46.7372 1.12654e+09
1.41714e-13 48.3885 1.12654e+09
1.42352e-13 50.0952 1.12654e+09
1.42993e-13 51.8588 1.12654e+09
1.43637e-13 53.6812 1.12654e+09
1.44284e-13 55.5643 1.12654e+09
1.44934e-13 57.5099 1.12654e+09
1.45586e-13 59.52 1.12654e+09
1.46242e-13 61.5966 1.12654e+09
1.46901e-13 63.7416 1.12654e+09
1.47562e-13 65.9572 1.12653e+09
1.48227e-13 68.2457 1.12653e+09
1.48894e-13 70.6092 1.12653e+09
1.49565e-13 73.0498 1.12653e+09
1.50239e-13 75.5702 1.12653e+09
1.50915e-13 78.1728 1.12653e+09
1.51595e-13 80.8597 1.12653e+09
1.52278e-13 83.6338 1.12653e+09
1.52963e-13 86.4977 1.12653e+09
1.53652e-13 89.4539 1.12653e+09
1.54344e-13 92.5053 1.12653e+09
1.5504e-13 95.6547 1.12653e+09
1.55738e-13 98.9053 1.12653e+09
1.56439e-13 102.259 1.12653e+09
1.57144e-13 105.721 1.12653e+09
1.57851e-13 109.292 1.12653e+09
1.58562e-13 112.977 1.12653e+09
1.59277e-13 116.779 1.12653e+09
1.59994e-13 120.701 1.12653e+09
1.60714e-13 124.746 1.12653e+09
1.61438e-13 128.919 1.12653e+09
1.62165e-13 133.222 1.12653e+09
1.62896e-13 137.661 1.12653e+09
1.63629e-13 142.238 1.12653e+09
1.64366e-13 146.958 1.12653e+09
1.65106e-13 151.824 1.12653e+09
1.6585e-13 156.841 1.12653e+09
1.66597e-13 162.013 1.12653e+09
1.67347e-13 167.345 1.12653e+09
1.68101e-13 172.841 1.12653e+09
1.68858e-13 178.505 1.12653e+09
1.69619e-13 184.344 1.12653e+09
1.70382e-13 190.36 1.12653e+09
1.7115e-13 196.56 1.12653e+09
1.71921e-13 202.948 1.12653e+09
1.72695e-13 209.53 1.12653e+09
1.73473e-13 216.311 1.12653e+09
1.74254e-13 223.297 1.12653e+09
1.75039e-13 230.492 1.12653e+09
1.75827e-13 237.903 1.12653e+09
1.76619e-13 245.536 1.12653e+09
1.77414e-13 253.397 1.12653e+09
1.78213e-13 261.493 1.12653e+09
1.79016e-13 269.828 1.12653e+09
1.79822e-13 278.41 1.12653e+09
1.80632e-13 287.245 1.12653e+09
1.81446e-13 296.342 1.12653e+09
1.82263e-13 305.705 1.12653e+09
1.83084e-13 315.343 1.12653e+09
1.83908e-13 325.262 1.12653e+09
1.84736e-13 335.47 1.12653e+09
1.85568e-13 345.975 1.12653e+09
1.86404e-13 356.785 1.12653e+09
1.87244e-13 367.908 1.12653e+09
1.88087e-13 379.35 1.12653e+09
1.88934e-13 391.121 1.12652e+09
1.89785e-13 403.23 1.12652e+09
1.9064e-13 415.686 1.12652e+09
1.91498e-13 428.497 1.12652e+09
1.92361e-13 441.673 1.12652e+09
1.93227e-13 455.222 1.12652e+09
1.94097e-13 469.153 1.12652e+09
1.94972e-13 483.478 1.12652e+09
1.9585e-13 498.205 1.12652e+09
1.96732e-13 513.346 1.12652e+09
1.97618e-13 528.911 1.12652e+09
1.98508e-13 544.91 1.12652e+09
1.99402e-13 561.354 1.12652e+09
2.003e-13 578.253 1.12652e+09
2.01202e-13 595.619 1.12652e+09
2.02108e-13 613.465 1.12652e+09
2.03018e-13 631.801 1.12652e+09
2.03933e-13 650.641 1.12652e+09
2.04851e-13 669.996 1.12652e+09
2.05774e-13 689.88 1.12652e+09
2.067e-13 710.304 1.12651e+09
2.07631e-13 731.281 1.12651e+09
2.08566e-13 752.825 1.12651e+09
2.09506e-13 774.95 1.12651e+09
2.10449e-13 797.67 1.12651e+09
2.11397e-13 820.999 1.12651e+09
2.12349e-13 844.953 1.12651e+09
2.13306e-13 869.546 1.12651e+09
2.14266e-13 894.792 1.12651e+09
2.15231e-13 920.708 1.12651e+09
2.16201e-13 947.31 1.12651e+09
2.17174e-13 974.613 1.12651e+09
2.18152e-13 1002.63 1.1265e+09
2.19135e-13 1031.39 1.1265e+09
2.20122e-13 1060.89 1.1265e+09
2.21113e-13 1091.17 1.1265e+09
2.22109e-13 1122.23 1.1265e+09
2.23109e-13 1154.09 1.1265e+09
2.24114e-13 1186.78 1.1265e+09
2.25123e-13 1220.32 1.1265e+09
2.26137e-13 1254.71 1.1265e+09
2.27156e-13 1289.99 1.12649e+09
2.28179e-13 1326.17 1.12649e+09
2.29206e-13 1363.27 1.12649e+09
2.30239e-13 1401.32 1.12649e+09
2.31276e-13 1440.32 1.12649e+09
2.32317e-13 1480.32 1.12649e+09
2.33364e-13 1521.32 1.12649e+09
2.34415e-13 1563.35 1.12648e+09
2.3547e-13 1606.44 1.12648e+09
2.36531e-13 1650.6 1.12648e+09
2.37596e-13 1695.86 1.12648e+09
2.38666e-13 1742.25 1.12648e+09
2.39741e-13 1789.78 1.12648e+09
2.40821e-13 1838.49 1.12647e+09
2.41905e-13 1888.4 1.12647e+09
2.42995e-13 1939.54 1.12647e+09
2.44089e-13 1991.93 1.12647e+09
2.45188e-13 2045.6 1.12647e+09
2.46293e-13 2100.58 1.12646e+09
2.47402e-13 2156.9 1.12646e+09
2.48516e-13 2214.57 1.12646e+09
2.49635e-13 2273.65 1.12646e+09
2.5076e-13 2334.14 1.12646e+09
2.51889e-13 2396.09 1.12645e+09
2.53023e-13 2459.53 1.12645e+09
2.54163e-13 2524.48 1.12645e+09
2.55308e-13 2590.97 1.12645e+09
2.56458e-13 2659.05 1.12644e+09
2.57613e-13 2728.74 1.12644e+09
2.58773e-13 2800.08 1.12644e+09
2.59938e-13 2873.1 1.12644e+09
2.61109e-13 2947.83 1.12643e+09
2.62285e-13 3024.31 1.12643e+09
2.63466e-13 3102.59 1.12643e+09
2.64653e-13 3182.68 1.12642e+09
2.65845e-13 3264.64 1.12642e+09
2.67042e-13 3348.5 1.12642e+09
2.68245e-13 3434.29 1.12641e+09
2.69453e-13 3522.06 1.12641e+09
2.70666e-13 3611.85 1.12641e+09
2.71885e-13 3703.7 1.1264e+09
2.7311e-13 3797.64 1.1264e+09
2.7434e-13 3893.73 1.1264e+09
2.75575e-13 3992 1.12639e+09
2.76816e-13 4092.49 1.12639e+09
2.78063e-13 4195.25 1.12638e+09
2.79315e-13 4300.33 1.12638e+09
2.80573e-13 4407.77 1.12638e+09
2.81837e-13 4517.61 1.12637e+09
2.83106e-13 4629.92 1.12637e+09
2.84381e-13 4744.72 1.12636e+09
2.85662e-13 4862.08 1.12636e+09
2.86949e-13 4982.03 1.12635e+09
2.88241e-13 5104.64 1.12635e+09
2.89539e-13 5229.95 1.12634e+09
2.90843e-13 5358.02 1.12634e+09
2.92153e-13 5488.89 1.12633e+09
2.93469e-13 5622.62 1.12633e+09
2.9479e-13 5759.27 1.12632e+09
2.96118e-13 5898.89 1.12631e+09
2.97452e-13 6041.53 1.12631e+09
2.98791e-13 6187.25 1.1263e+09
3.00137e-13 6336.1 1.1263e+09
3.01489e-13 6488.16 1.12629e+09
3.02847e-13 6643.47 1.12628e+09
3.0421e-13 6802.1 1.12628e+09
3.05581e-13 6964.12 1.12627e+09
3.06957e-13 7129.57 1.12626e+09
3.08339e-13 7298.54 1.12626e+09
3.09728e-13 7471.08 1.12625e+09
3.11123e-13 7647.25 1.12624e+09
3.12524e-13 7827.13 1.12623e+09
3.13932e-13 8010.76 1.12623e+09
3.15345e-13 8198.22 1.12622e+09
3.16766e-13 8389.59 1.12621e+09
3.18192e-13 8584.94 1.1262e+09
3.19625e-13 8784.34 1.12619e+09
3.21065e-13 8987.85 1.12618e+09
3.22511e-13 9195.57 1.12617e+09
3.23963e-13 9407.55 1.12617e+09
3.25422e-13 9623.87 1.12616e+09
3.26888e-13 9844.61 1.12615e+09
3.2836e-13 10069.8 1.12614e+09
3.29839e-13 10299.6 1.12613e+09
3.31324e-13 10534.1 1.12612e+09
3.32817e-13 10773.2 1.12611e+09
3.34316e-13 11017.2 1.12609e+09
3.35821e-13 11266.1 1.12608e+09
3.37334e-13 11520 1.12607e+09
3.38853e-13 11779 1.12606e+09
3.40379e-13 12043.1 1.12605e+09
3.41912e-13 12312.4 1.12604e+09
3.43452e-13 12587.1 1.12602e+09
3.44999e-13 12867.1 1.12601e+09
3.46552e-13 13152.8 1.126e+09
3.48113e-13 13444 1.12599e+09
3.49681e-13 13740.9 1.12597e+09
3.51256e-13 14043.5 1.12596e+09
3.52838e-13 14352.1 1.12595e+09
3.54427e-13 14666.6 1.12593e+09
3.56023e-13 14987.3 1.12592e+09
3.57627e-13 15314.1 1.1259e+09
3.59237e-13 15647.2 1.12589e+09
3.60855e-13 15986.6 1.12587e+09
3.6248e-13 16332.6 1.12585e+09
3.64113e-13 16685.1 1.12584e+09
3.65753e-13 17044.4 1.12582e+09
3.674e-13 17410.4 1.1258e+09
3.69055e-13 17783.4 1.12579e+09
3.70717e-13 18163.4 1.12577e+09
3.72386e-13 18550.5 1.12575e+09
3.74063e-13 18944.8 1.12573e+09
3.75748e-13 19346.5 1.12571e+09
3.7744e-13 19755.7 1.12569e+09
3.7914e-13 20172.5 1.12567e+09
3.80848e-13 20597 1.12565e+09
3.82563e-13 21029.3 1.12563e+09
3.84286e-13 21469.5 1.12561e+09
3.86017e-13 21917.9 1.12559e+09
3.87755e-13 22374.4 1.12557e+09
3.89502e-13 22839.2 1.12555e+09
3.91256e-13 23312.5 1.12552e+09
3.93018e-13 23794.3 1.1255e+09
3.94788e-13 24284.9 1.12548e+09
3.96566e-13 24784.3 1.12545e+09
3.98352e-13 25292.6 1.12543e+09
4.00146e-13 25809.9 1.1254e+09
4.01948e-13 26336.6 1.12538e+09
4.03758e-13 26872.6 1.12535e+09
4.05577e-13 27418.2 1.12532e+09
4.07403e-13 27973.3 1.1253e+09
4.09238e-13 28538.1 1.12527e+09
4.11081e-13 29113 1.12524e+09
4.12933e-13 29697.9 1.12521e+09
4.14792e-13 30293 1.12518e+09
4.16661e-13 30898.4 1.12515e+09
4.18537e-13 31514.4 1.12512e+09
4.20422e-13 32141 1.12509e+09
4.22315e-13 32778.4 1.12506e+09
4.24217e-13 33426.8 1.12502e+09
4.26128e-13 34086.2 1.12499e+09
4.28047e-13 34756.9 1.12496e+09
4.29975e-13 35439.1 1.12492e+09
4.31911e-13 36132.8 1.12489e+09
4.33857e-13 36838.1 1.12485e+09
4.35811e-13 37555.4 1.12481e+09
4.37773e-13 38284.8 1.12477e+09
4.39745e-13 39026.5 1.12474e+09
4.41725e-13 39780.4 1.1247e+09
4.43715e-13 40546.8 1.12466e+09
4.45713e-13 41326.1 1.12462e+09
4.47721e-13 42118.3 1.12458e+09
4.49737e-13 42923.3 1.12453e+09
4.51762e-13 43741.7 1.12449e+09
4.53797e-13 44573.5 1.12445e+09
4.55841e-13 45418.9 1.1244e+09
4.57894e-13 46277.9 1.12436e+09
4.59956e-13 47150.9 1.12431e+09
4.62028e-13 48038.1 1.12426e+09
4.64108e-13 48939.5 1.12422e+09
4.66199e-13 49855.3 1.12417e+09
4.68298e-13 50785.9 1.12412e+09
4.70407e-13 51731.3 1.12407e+09
4.72526e-13 52691.7 1.12401e+09
4.74654e-13 53667.2 1.12396e+09
4.76792e-13 54658.2 1.12391e+09
4.78939e-13 55664.9 1.12385e+09
4.81096e-13 56687.3 1.1238e+09
4.83263e-13 57725.5 1.12374e+09
4.85439e-13 58780.1 1.12368e+09
4.87626e-13 59851.1 1.12362e+09
4.89822e-13 60938.4 1.12356e+09
4.92028e-13 62042.6 1.1235e+09
4.94244e-13 63163.9 1.12344e+09
4.9647e-13 64302.2 1.12338e+09
4.98705e-13 65457.8 1.12331e+09
5.00952e-13 66631.1 1.12325e+09
5.03208e-13 67822.3 1.12318e+09
5.05474e-13 69031.2 1.12311e+09
5.0775e-13 70258.4 1.12305e+09
5.10037e-13 71504.1 1.12297e+09
5.12334e-13 72768.3 1.1229e+09
5.14642e-13 74051.2 1.12283e+09
5.16959e-13 75353.3 1.12276e+09
5.19288e-13 76674.7 1.12268e+09
5.21626e-13 78015.3 1.1226e+09
5.23976e-13 79375.8 1.12253e+09
5.26336e-13 80756.3 1.12245e+09
5.28706e-13 82156.6 1.12237e+09
5.31087e-13 83577.3 1.12228e+09
5.33479e-13 85018.7 1.1222e+09
5.35882e-13 86480.7 1.12212e+09
5.38295e-13 87963.7 1.12203e+09
5.40719e-13 89468.1 1.12194e+09
5.43155e-13 90993.9 1.12185e+09
5.45601e-13 92541.2 1.12176e+09
5.48058e-13 94110.5 1.12167e+09
5.50526e-13 95702 1.12157e+09
5.53006e-13 97315.6 1.12148e+09
5.55496e-13 98952 1.12138e+09
5.57998e-13 100611 1.12128e+09
5.60511e-13 102293 1.12118e+09
5.63036e-13 103999 1.12108e+09
5.65571e-13 105728 1.12098e+09
5.68119e-13 107480 1.12087e+09
5.70677e-13 109257 1.12076e+09
5.73247e-13 111058 1.12065e+09
5.75829e-13 112883 1.12054e+09
5.78422e-13 114733 1.12043e+09
5.81027e-13 116608 1.12031e+09
5.83644e-13 118508 1.1202e+09
5.86273e-13 120434 1.12008e+09
5.88913e-13 122385 1.11996e+09
5.91566e-13 124361 1.11984e+09
5.9423e-13 126364 1.11971e+09
5.96906e-13 128394 1.11959e+09
5.99594e-13 130450 1.11946e+09
6.02295e-13 132533 1.11933e+09
6.05007e-13 134642 1.11919e+09
6.07732e-13 136779 1.11906e+09
6.10469e-13 138944 1.11892e+09
6.13218e-13 141137 1.11878e+09
6.1598e-13 143357 1.11864e+09
6.18754e-13 145606 1.1185e+09
6.21541e-13 147883 1.11835e+09
6.2434e-13 150189 1.11821e+09
6.27152e-13 152524 1.11806e+09
6.29977e-13 154888 1.1179e+09
6.32814e-13 157282 1.11775e+09
6.35664e-13 159706 1.11759e+09
6.38527e-13 162159 1.11743e+09
6.41403e-13 164643 1.11727e+09
6.44291e-13 167157 1.1171e+09
6.47193e-13 169702 1.11694e+09
6.50108e-13 172278 1.11677e+09
6.53036e-13 174884 1.1166e+09
6.55977e-13 177523 1.11642e+09
6.58931e-13 180193 1.11624e+09
6.61899e-13 182894 1.11606e+09
6.6488e-13 185629 1.11588e+09
6.67874e-13 188395 1.11569e+09
6.70882e-13 191194 1.11551e+09
6.73903e-13 194026 1.11531e+09
6.76938e-13 196891 1.11512e+09
6.79987e-13 199789 1.11492e+09
6.8305e-13 202721 1.11472e+09
6.86126e-13 205686 1.11452e+09
6.89216e-13 208687 1.11432e+09
6.9232e-13 211720 1.11411e+09
6.95438e-13 214789 1.11389e+09
6.9857e-13 217892 1.11368e+09
7.01716e-13 221030 1.11346e+09
7.04877e-13 224204 1.11324e+09
7.08051e-13 227412 1.11302e+09
7.1124e-13 230656 1.11279e+09
7.14443e-13 233937 1.11256e+09
7.17661e-13 237253 1.11232e+09
7.20893e-13 240606 1.11209e+09
7.2414e-13 243994 1.11185e+09
7.27401e-13 247421 1.1116e+09
7.30677e-13 250883 1.11136e+09
7.33968e-13 254383 1.1111e+09
7.37273e-13 257921 1.11085e+09
7.40594e-13 261496 1.11059e+09
7.43929e-13 265109 1.11033e+09
7.4728e-13 268760 1.11007e+09
7.50645e-13 272449 1.1098e+09
7.54026e-13 276177 1.10952e+09
7.57422e-13 279943 1.10925e+09
7.60833e-13 283749 1.10897e+09
7.6426e-13 287592 1.10868e+09
7.67702e-13 291476 1.1084e+09
7.71159e-13 295399 1.10811e+09
7.74632e-13 299361 1.10781e+09
7.78121e-13 303364 1.10751e+09
7.81625e-13 307406 1.10721e+09
7.85146e-13 311489 1.1069e+09
7.88682e-13 315612 1.10659e+09
7.92234e-13 319776 1.10627e+09
7.95802e-13 323980 1.10595e+09
7.99386e-13 328225 1.10563e+09
8.02986e-13 332512 1.1053e+09
8.06602e-13 336839 1.10497e+09
8.10235e-13 341209 1.10463e+09
8.13884e-13 345619 1.10429e+09
8.1755e-13 350072 1.10394e+09
8.21232e-13 354566 1.10359e+09
8.2493e-13 359103 1.10324e+09
8.28645e-13 363681 1.10288e+09
8.32377e-13 368302 1.10252e+09
8.36126e-13 372966 1.10215e+09
8.39892e-13 377672 1.10178e+09
8.43674e-13 382422 1.1014e+09
8.47474e-13 387213 1.10102e+09
8.51291e-13 392049 1.10063e+09
8.55125e-13 396927 1.10024e+09
8.58976e-13 401849 1.09984e+09
8.62845e-13 406814 1.09944e+09
8.66731e-13 411822 1.09903e+09
8.70634e-13 416875 1.09862e+09
8.74555e-13 421971 1.0982e+09
8.78494e-13 427111 1.09778e+09
8.82451e-13 432295 1.09735e+09
8.86425e-13 437523 1.09692e+09
8.90417e-13 442795 1.09648e+09
8.94427e-13 448113 1.09604e+09
8.98455e-13 453473 1.09559e+09
9.02502e-13 458879 1.09514e+09
9.06566e-13 464328 1.09468e+09
9.10649e-13 469823 1.09422e+09
9.14751e-13 475362 1.09375e+09
9.1887e-13 480946 1.09327e+09
9.23009e-13 486574 1.09279e+09
9.27166e-13 492248 1.0923e+09
9.31341e-13 497966 1.09181e+09
9.35536e-13 503730 1.09131e+09
9.39749e-13 509538 1.09081e+09
9.43982e-13 515391 1.0903e+09
9.48233e-13 521290 1.08978e+09
9.52504e-13 527233 1.08926e+09
9.56793e-13 533222 1.08874e+09
9.61103e-13 539255 1.0882e+09
9.65431e-13 545334 1.08766e+09
9.69779e-13 551457 1.08712e+09
9.74147e-13 557626 1.08657e+09
9.78534e-13 563840 1.08601e+09
9.82941e-13 570099 1.08545e+09
9.87368e-13 576403 1.08488e+09
9.91815e-13 582753 1.0843e+09
9.96282e-13 589146 1.08372e+09
1.00077e-12 595586 1.08313e+09
1.00528e-12 602069 1.08253e+09
1.0098e-12 608599 1.08193e+09
1.01435e-12 615172 1.08132e+09
1.01892e-12 621791 1.08071e+09
1.02351e-12 628454 1.08008e+09
1.02812e-12 635162 1.07946e+09
1.03275e-12 641914 1.07882e+09
1.0374e-12 648712 1.07818e+09
1.04207e-12 655553 1.07753e+09
1.04676e-12 662439 1.07687e+09
1.05148e-12 669368 1.07621e+09
1.05621e-12 676343 1.07554e+09
1.06097e-12 683360 1.07487e+09
1.06575e-12 690423 1.07418e+09
1.07055e-12 697528 1.07349e+09
1.07537e-12 704678 1.07279e+09
1.08021e-12 711871 1.07209e+09
1.08508e-12 719107 1.07138e+09
1.08997e-12 726386 1.07066e+09
1.09487e-12 733709 1.06993e+09
1.09981e-12 741074 1.0692e+09
1.10476e-12 748483 1.06846e+09
1.10973e-12 755933 1.06771e+09
1.11473e-12 763426 1.06695e+09
1.11975e-12 770962 1.06619e+09
1.1248e-12 778539 1.06542e+09
1.12986e-12 786159 1.06464e+09
1.13495e-12 793818 1.06385e+09
1.14006e-12 801522 1.06306e+09
1.1452e-12 809264 1.06226e+09
1.15035e-12 817049 1.06145e+09
1.15553e-12 824873 1.06063e+09
1.16074e-12 832739 1.05981e+09
1.16597e-12 840643 1.05897e+09
1.17122e-12 848590 1.05813e+09
1.17649e-12 856574 1.05729e+09
1.18179e-12 864599 1.05643e+09
1.18711e-12 872663 1.05556e+09
1.19246e-12 880765 1.05469e+09
1.19783e-12 888907 1.05381e+09
1.20323e-12 897085 1.05292e+09
1.20864e-12 905304 1.05202e+09
1.21409e-12 913558 1.05112e+09
1.21956e-12 921852 1.05021e+09
1.22505e-12 930180 1.04928e+09
1.23057e-12 938547 1.04835e+09
1.23611e-12 946949 1.04742e+09
1.24167e-12 955388 1.04647e+09
1.24727e-12 963862 1.04551e+09
1.25288e-12 972371 1.04455e+09
1.25853e-12 980916 1.04358e+09
1.26419e-12 989495 1.0426e+09
1.26989e-12 998109 1.04161e+09
1.27561e-12 1.00676e+06 1.04061e+09
1.28135e-12 1.01544e+06 1.0396e+09
1.28712e-12 1.02415e+06 1.03859e+09
1.29292e-12 1.0329e+06 1.03756e+09
1.29874e-12 1.04167e+06 1.03653e+09
1.30459e-12 1.05048e+06 1.03549e+09
1.31047e-12 1.05933e+06 1.03444e+09
1.31637e-12 1.0682e+06 1.03338e+09
1.3223e-12 1.0771e+06 1.03231e+09
1.32825e-12 1.08603e+06 1.03123e+09
1.33424e-12 1.095e+06 1.03015e+09
1.34024e-12 1.10399e+06 1.02905e+09
1.34628e-12 1.11301e+06 1.02795e+09
1.35234e-12 1.12206e+06 1.02683e+09
1.35843e-12 1.13114e+06 1.02571e+09
1.36455e-12 1.14024e+06 1.02458e+09
1.3707e-12 1.14937e+06 1.02344e+09
1.37687e-12 1.15853e+06 1.02229e+09
1.38307e-12 1.16771e+06 1.02113e+09
1.3893e-12 1.17692e+06 1.01997e+09
1.39556e-12 1.18615e+06 1.01879e+09
1.40184e-12 1.19541e+06 1.0176e+09
1.40816e-12 1.20469e+06 1.01641e+09
1.4145e-12 1.21399e+06 1.0152e+09
1.42087e-12 1.22332e+06 1.01399e+09
1.42727e-12 1.23266e+06 1.01276e+09
1.4337e-12 1.24203e+06 1.01153e+09
1.44015e-12 1.25142e+06 1.01029e+09
1.44664e-12 1.26083e+06 1.00904e+09
1.45315e-12 1.27027e+06 1.00778e+09
1.4597e-12 1.27971e+06 1.00651e+09
1.46627e-12 1.28918e+06 1.00523e+09
1.47288e-12 1.29867e+06 1.00394e+09
1.47951e-12 1.30817e+06 1.00264e+09
1.48617e-12 1.3177e+06 1.00133e+09
1.49287e-12 1.32723e+06 1.00001e+09
1.49959e-12 1.33679e+06 9.98687e+08
1.50634e-12 1.34635e+06 9.9735e+08
1.51313e-12 1.35593e+06 9.96004e+08
1.51994e-12 1.36553e+06 9.94648e+08
1.52679e-12 1.37514e+06 9.93282e+08
1.53366e-12 1.38476e+06 9.91907e+08
1.54057e-12 1.39439e+06 9.90522e+08
1.54751e-12 1.40403e+06 9.89128e+08
1.55448e-12 1.41369e+06 9.87724e+08
1.56148e-12 1.42335e+06 9.8631e+08
1.56851e-12 1.43303e+06 9.84887e+08
1.57558e-12 1.44271e+06 9.83454e+08
1.58267e-12 1.4524e+06 9.82011e+08
1.5898e-12 1.46209e+06 9.80559e+08
1.59696e-12 1.4718e+06 9.79097e+08
1.60415e-12 1.48151e+06 9.77625e+08
1.61138e-12 1.49122e+06 9.76143e+08
1.61864e-12 1.50094e+06 9.74652e+08
1.62592e-12 1.51066e+06 9.73151e+08
1.63325e-12 1.52038e+06 9.71641e+08
1.6406e-12 1.53011e+06 9.7012e+08
1.64799e-12 1.53984e+06 9.6859e+08
1.65541e-12 1.54957e+06 9.6705e+08
1.66287e-12 1.5593e+06 9.65501e+08
1.67036e-12 1.56903e+06 9.63941e+08
1.67788e-12 1.57876e+06 9.62372e+08
1.68544e-12 1.58848e+06 9.60794e+08
1.69303e-12 1.5982e+06 9.59205e+08
1.70065e-12 1.60792e+06 9.57607e+08
1.70831e-12 1.61763e+06 9.55999e+08
1.71601e-12 1.62734e+06 9.54381e+08
1.72374e-12 1.63705e+06 9.52754e+08
1.7315e-12 1.64674e+06 9.51117e+08
1.7393e-12 1.65643e+06 9.4947e+08
1.74713e-12 1.66611e+06 9.47814e+08
1.755e-12 1.67578e+06 9.46148e+08
1.7629e-12 1.68545e+06 9.44472e+08
1.77084e-12 1.6951e+06 9.42787e+08
1.77882e-12 1.70474e+06 9.41091e+08
1.78683e-12 1.71437e+06 9.39387e+08
1.79488e-12 1.72398e+06 9.37672e+08
1.80296e-12 1.73359e+06 9.35948e+08
1.81108e-12 1.74317e+06 9.34215e+08
1.81924e-12 1.75275e+06 9.32472e+08
1.82743e-12 1.7623e+06 9.30719e+08
1.83566e-12 1.77184e+06 9.28957e+08
1.84393e-12 1.78137e+06 9.27185e+08
1.85223e-12 1.79087e+06 9.25403e+08
1.86057e-12 1.80036e+06 9.23612e+08
1.86895e-12 1.80982e+06 9.21812e+08
1.87737e-12 1.81927e+06 9.20002e+08
1.88583e-12 1.82869e+06 9.18183e+08
1.89432e-12 1.83809e+06 9.16354e+08
1.90285e-12 1.84747e+06 9.14516e+08
1.91142e-12 1.85683e+06 9.12669e+08
1.92003e-12 1.86616e+06 9.10812e+08
1.92868e-12 1.87546e+06 9.08946e+08
1.93736e-12 1.88474e+06 9.0707e+08
1.94609e-12 1.89399e+06 9.05186e+08
1.95485e-12 1.90321e+06 9.03292e+08
1.96366e-12 1.91241e+06 9.01388e+08
1.9725e-12 1.92157e+06 8.99476e+08
1.98138e-12 1.93071e+06 8.97554e+08
1.99031e-12 1.93981e+06 8.95624e+08
1.99927e-12 1.94888e+06 8.93684e+08
2.00827e-12 1.95793e+06 8.91735e+08
2.01732e-12 1.96693e+06 8.89777e+08
2.0264e-12 1.9759e+06 8.8781e+08
2.03553e-12 1.98484e+06 8.85834e+08
2.0447e-12 1.99374e+06 8.83849e+08
2.05391e-12 2.00261e+06 8.81856e+08
2.06316e-12 2.01144e+06 8.79853e+08
2.07245e-12 2.02023e+06 8.77842e+08
2.08178e-12 2.02898e+06 8.75821e+08
2.09116e-12 2.03769e+06 8.73792e+08
2.10058e-12 2.04636e+06 8.71755e+08
2.11004e-12 2.05499e+06 8.69708e+08
2.11954e-12 2.06358e+06 8.67653e+08
2.12909e-12 2.07212e+06 8.6559e+08
2.13867e-12 2.08062e+06 8.63518e+08
2.14831e-12 2.08908e+06 8.61437e+08
2.15798e-12 2.09749e+06 8.59348e+08
2.1677e-12 2.10586e+06 8.5725e+08
2.17746e-12 2.11418e+06 8.55145e+08
2.18727e-12 2.12245e+06 8.5303e+08
2.19712e-12 2.13067e+06 8.50908e+08
2.20702e-12 2.13885e+06 8.48777e+08
2.21696e-12 2.14697e+06 8.46638e+08
2.22694e-12 2.15505e+06 8.44492e+08
2.23697e-12 2.16307e+06 8.42336e+08
2.24704e-12 2.17104e+06 8.40173e+08
2.25716e-12 2.17896e+06 8.38002e+08
2.26733e-12 2.18683e+06 8.35823e+08
2.27754e-12 2.19464e+06 8.33637e+08
2.2878e-12 2.2024e+06 8.31442e+08
2.2981e-12 2.2101e+06 8.2924e+08
2.30845e-12 2.21774e+06 8.27029e+08
2.31885e-12 2.22533e+06 8.24812e+08
2.32929e-12 2.23286e+06 8.22586e+08
2.33978e-12 2.24033e+06 8.20354e+08
2.35032e-12 2.24775e+06 8.18113e+08
2.36091e-12 2.2551e+06 8.15865e+08
2.37154e-12 2.2624e+06 8.1361e+08
2.38222e-12 2.26963e+06 8.11348e+08
2.39295e-12 2.2768e+06 8.09078e+08
2.40373e-12 2.28391e+06 8.06802e+08
2.41455e-12 2.29095e+06 8.04518e+08
2.42543e-12 2.29794e+06 8.02227e+08
2.43635e-12 2.30485e+06 7.99929e+08
2.44732e-12 2.31171e+06 7.97624e+08
2.45834e-12 2.3185e+06 7.95312e+08
2.46942e-12 2.32521e+06 7.92994e+08
2.48054e-12 2.33187e+06 7.90668e+08
2.49171e-12 2.33846e+06 7.88337e+08
2.50293e-12 2.34497e+06 7.85998e+08
2.5142e-12 2.35142e+06 7.83653e+08
2.52553e-12 2.3578e+06 7.81302e+08
2.5369e-12 2.36411e+06 7.78944e+08
2.54833e-12 2.37035e+06 7.7658e+08
2.5598e-12 2.37652e+06 7.74209e+08
2.57133e-12 2.38262e+06 7.71833e+08
2.58291e-12 2.38864e+06 7.6945e+08
2.59454e-12 2.39459e+06 7.67062e+08
2.60623e-12 2.40047e+06 7.64667e+08
2.61797e-12 2.40628e+06 7.62267e+08
2.62976e-12 2.41201e+06 7.5986e+08
2.6416e-12 2.41766e+06 7.57448e+08
2.6535e-12 2.42324e+06 7.55031e+08
2.66545e-12 2.42875e+06 7.52607e+08
2.67745e-12 2.43418e+06 7.50179e+08
2.68951e-12 2.43952e+06 7.47744e+08
2.70162e-12 2.4448e+06 7.45305e+08
2.71379e-12 2.44999e+06 7.4286e+08
2.72601e-12 2.45511e+06 7.4041e+08
2.73829e-12 2.46015e+06 7.37955e+08
2.75062e-12 2.46511e+06 7.35495e+08
2.76301e-12 2.46998e+06 7.3303e+08
2.77546e-12 2.47478e+06 7.3056e+08
2.78796e-12 2.4795e+06 7.28085e+08
2.80051e-12 2.48414e+06 7.25606e+08
2.81312e-12 2.48869e+06 7.23121e+08
2.82579e-12 2.49316e+06 7.20633e+08
2.83852e-12 2.49756e+06 7.1814e+08
2.8513e-12 2.50186e+06 7.15642e+08
2.86415e-12 2.50609e+06 7.1314e+08
2.87705e-12 2.51023e+06 7.10634e+08
2.89e-12 2.51429e+06 7.08124e+08
2.90302e-12 2.51826e+06 7.0561e+08
2.91609e-12 2.52215e+06 7.03091e+08
2.92923e-12 2.52596e+06 7.00569e+08
2.94242e-12 2.52967e+06 6.98043e+08
2.95567e-12 2.5333e+06 6.95513e+08
2.96898e-12 2.53686e+06 6.9298e+08
2.98235e-12 2.54032e+06 6.90443e+08
2.99578e-12 2.54369e+06 6.87903e+08
3.00928e-12 2.54698e+06 6.85359e+08
3.02283e-12 2.55018e+06 6.82812e+08
3.03644e-12 2.55329e+06 6.80262e+08
3.05012e-12 2.55632e+06 6.77709e+08
3.06386e-12 2.55926e+06 6.75153e+08
3.07765e-12 2.56211e+06 6.72593e+08
3.09152e-12 2.56487e+06 6.70031e+08
3.10544e-12 2.56755e+06 6.67466e+08
3.11942e-12 2.57014e+06 6.64899e+08
3.13347e-12 2.57263e+06 6.62329e+08
3.14759e-12 2.57504e+06 6.59756e+08
3.16176e-12 2.57736e+06 6.57181e+08
3.176e-12 2.57959e+06 6.54604e+08
3.19031e-12 2.58173e+06 6.52024e+08
3.20467e-12 2.58378e+06 6.49442e+08
3.21911e-12 2.58574e+06 6.46858e+08
3.2336e-12 2.58761e+06 6.44273e+08
3.24817e-12 2.58939e+06 6.41685e+08
3.2628e-12 2.59109e+06 6.39096e+08
3.27749e-12 2.59269e+06 6.36505e+08
3.29225e-12 2.59419e+06 6.33912e+08
3.30708e-12 2.59562e+06 6.31318e+08
3.32197e-12 2.59695e+06 6.28722e+08
3.33693e-12 2.59818e+06 6.26125e+08
3.35196e-12 2.59933e+06 6.23527e+08
3.36706e-12 2.60039e+06 6.20928e+08
3.38222e-12 2.60136e+06 6.18327e+08
3.39746e-12 2.60223e+06 6.15726e+08
3.41276e-12 2.60302e+06 6.13124e+08
3.42813e-12 2.60372e+06 6.10521e+08
3.44357e-12 2.60432e+06 6.07917e+08
3.45908e-12 2.60484e+06 6.05313e+08
3.47465e-12 2.60526e+06 6.02708e+08
3.4903e-12 2.6056e+06 6.00103e+08
3.50602e-12 2.60584e+06 5.97497e+08
3.52181e-12 2.60599e+06 5.94891e+08
3.53767e-12 2.60605e+06 5.92285e+08
3.55361e-12 2.60603e+06 5.89679e+08
3.56961e-12 2.6059e+06 5.87073e+08
3.58569e-12 2.6057e+06 5.84467e+08
3.60184e-12 2.6054e+06 5.81861e+08
3.61806e-12 2.60501e+06 5.79256e+08
3.63435e-12 2.60453e+06 5.76651e+08
3.65072e-12 2.60396e+06 5.74047e+08
3.66716e-12 2.60331e+06 5.71443e+08
3.68368e-12 2.60256e+06 5.68839e+08
3.70027e-12 2.60172e+06 5.66237e+08
3.71693e-12 2.6008e+06 5.63635e+08
3.73367e-12 2.59979e+06 5.61034e+08
3.75049e-12 2.59868e+06 5.58434e+08
3.76738e-12 2.59749e+06 5.55836e+08
3.78435e-12 2.59622e+06 5.53238e+08
3.80139e-12 2.59485e+06 5.50642e+08
3.81851e-12 2.59339e+06 5.48047e+08
3.83571e-12 2.59185e+06 5.45454e+08
3.85298e-12 2.59022e+06 5.42862e+08
3.87034e-12 2.58851e+06 5.40272e+08
3.88777e-12 2.5867e+06 5.37683e+08
3.90528e-12 2.58481e+06 5.35096e+08
3.92286e-12 2.58284e+06 5.32512e+08
3.94053e-12 2.58078e+06 5.29929e+08
3.95828e-12 2.57863e+06 5.27348e+08
3.97611e-12 2.57639e+06 5.24769e+08
3.99401e-12 2.57408e+06 5.22193e+08
4.012e-12 2.57168e+06 5.19619e+08
4.03007e-12 2.56919e+06 5.17047e+08
4.04822e-12 2.56662e+06 5.14478e+08
4.06645e-12 2.56397e+06 5.11911e+08
4.08477e-12 2.56123e+06 5.09347e+08
4.10316e-12 2.5584e+06 5.06786e+08
4.12164e-12 2.5555e+06 5.04228e+08
4.1402e-12 2.55252e+06 5.01672e+08
4.15885e-12 2.54945e+06 4.9912e+08
4.17758e-12 2.5463e+06 4.9657e+08
4.1964e-12 2.54307e+06 4.94024e+08
4.2153e-12 2.53976e+06 4.91481e+08
4.23428e-12 2.53637e+06 4.88941e+08
4.25335e-12 2.5329e+06 4.86405e+08
4.27251e-12 2.52934e+06 4.83872e+08
4.29175e-12 2.52572e+06 4.81343e+08
4.31108e-12 2.52201e+06 4.78817e+08
4.33049e-12 2.51822e+06 4.76295e+08
4.35e-12 2.51436e+06 4.73777e+08
4.36959e-12 2.51042e+06 4.71262e+08
4.38927e-12 2.50641e+06 4.68752e+08
4.40903e-12 2.50231e+06 4.66245e+08
4.42889e-12 2.49814e+06 4.63743e+08
4.44884e-12 2.4939e+06 4.61245e+08
4.46887e-12 2.48958e+06 4.58751e+08
4.489e-12 2.48519e+06 4.56262e+08
4.50922e-12 2.48072e+06 4.53776e+08
4.52953e-12 2.47618e+06 4.51296e+08
4.54993e-12 2.47157e+06 4.48819e+08
4.57042e-12 2.46688e+06 4.46348e+08
4.591e-12 2.46212e+06 4.43881e+08
4.61168e-12 2.4573e+06 4.41419e+08
4.63245e-12 2.4524e+06 4.38962e+08
4.65331e-12 2.44743e+06 4.36509e+08
4.67427e-12 2.44239e+06 4.34062e+08
4.69532e-12 2.43729e+06 4.31619e+08
4.71647e-12 2.43211e+06 4.29182e+08
4.73771e-12 2.42687e+06 4.2675e+08
4.75904e-12 2.42156e+06 4.24323e+08
4.78048e-12 2.41618e+06 4.21902e+08
4.80201e-12 2.41074e+06 4.19485e+08
4.82363e-12 2.40524e+06 4.17075e+08
4.84536e-12 2.39966e+06 4.14669e+08
4.86718e-12 2.39403e+06 4.1227e+08
4.8891e-12 2.38833e+06 4.09876e+08
4.91112e-12 2.38257e+06 4.07487e+08
4.93324e-12 2.37674e+06 4.05105e+08
4.95546e-12 2.37085e+06 4.02728e+08
4.97777e-12 2.3649e+06 4.00357e+08
5.00019e-12 2.3589e+06 3.97992e+08
5.02271e-12 2.35283e+06 3.95633e+08
5.04533e-12 2.3467e+06 3.93281e+08
5.06806e-12 2.34051e+06 3.90934e+08
5.09088e-12 2.33427e+06 3.88593e+08
5.11381e-12 2.32797e+06 3.86259e+08
5.13684e-12 2.32161e+06 3.83931e+08
5.15997e-12 2.31519e+06 3.8161e+08
5.18321e-12 2.30872e+06 3.79294e+08
5.20656e-12 2.3022e+06 3.76986e+08
5.23001e-12 2.29563e+06 3.74683e+08
5.25356e-12 2.28899e+06 3.72388e+08
5.27722e-12 2.2823e+06 3.70099e+08
5.30099e-12 2.27557e+06 3.67816e+08
5.32486e-12 2.26878e+06 3.65541e+08
5.34884e-12 2.26194e+06 3.63272e+08
5.37293e-12 2.25505e+06 3.6101e+08
5.39713e-12 2.24811e+06 3.58755e+08
5.42144e-12 2.24113e+06 3.56507e+08
5.44586e-12 2.23409e+06 3.54266e+08
5.47038e-12 2.22701e+06 3.52032e+08
5.49502e-12 2.21988e+06 3.49805e+08
5.51977e-12 2.2127e+06 3.47585e+08
5.54463e-12 2.20548e+06 3.45372e+08
5.5696e-12 2.19822e+06 3.43167e+08
5.59468e-12 2.19091e+06 3.40969e+08
5.61988e-12 2.18355e+06 3.38778e+08
5.64519e-12 2.17616e+06 3.36594e+08
5.67061e-12 2.16872e+06 3.34418e+08
5.69615e-12 2.16125e+06 3.32249e+08
5.72181e-12 2.15372e+06 3.30088e+08
5.74757e-12 2.14617e+06 3.27934e+08
5.77346e-12 2.13857e+06 3.25788e+08
5.79946e-12 2.13094e+06 3.23649e+08
5.82558e-12 2.12326e+06 3.21519e+08
5.85182e-12 2.11555e+06 3.19395e+08
5.87817e-12 2.1078e+06 3.1728e+08
5.90465e-12 2.10002e+06 3.15172e+08
5.93124e-12 2.0922e+06 3.13072e+08
5.95795e-12 2.08435e+06 3.1098e+08
5.98478e-12 2.07646e+06 3.08895e+08
6.01174e-12 2.06854e+06 3.06819e+08
6.03881e-12 2.06059e+06 3.0475e+08
6.06601e-12 2.05261e+06 3.0269e+08
6.09333e-12 2.0446e+06 3.00637e+08
6.12077e-12 2.03655e+06 2.98593e+08
6.14834e-12 2.02848e+06 2.96556e+08
6.17603e-12 2.02038e+06 2.94528e+08
6.20384e-12 2.01225e+06 2.92507e+08
6.23178e-12 2.00409e+06 2.90495e+08
6.25985e-12 1.99591e+06 2.88491e+08
6.28804e-12 1.9877e+06 2.86495e+08
6.31636e-12 1.97947e+06 2.84507e+08
6.34481e-12 1.97121e+06 2.82528e+08
6.37339e-12 1.96292e+06 2.80556e+08
6.40209e-12 1.95461e+06 2.78594e+08
6.43092e-12 1.94628e+06 2.76639e+08
6.45989e-12 1.93794e+06 2.74693e+08
6.48898e-12 1.92957e+06 2.72755e+08
6.5182e-12 1.92117e+06 2.70825e+08
6.54756e-12 1.91276e+06 2.68904e+08
6.57705e-12 1.90432e+06 2.66991e+08
6.60667e-12 1.89587e+06 2.65087e+08
6.63642e-12 1.88741e+06 2.63191e+08
6.66631e-12 1.87892e+06 2.61304e+08
6.69633e-12 1.87042e+06 2.59425e+08
6.72649e-12 1.8619e+06 2.57554e+08
6.75679e-12 1.85337e+06 2.55692e+08
6.78722e-12 1.84482e+06 2.53839e+08
6.81779e-12 1.83626e+06 2.51994e+08
6.84849e-12 1.82768e+06 2.50158e+08
6.87933e-12 1.81909e+06 2.4833e+08
6.91032e-12 1.81049e+06 2.46511e+08
6.94144e-12 1.80188e+06 2.44701e+08
6.9727e-12 1.79326e+06 2.42899e+08
7.0041e-12 1.78462e+06 2.41106e+08
7.03565e-12 1.77598e+06 2.39321e+08
7.06734e-12 1.76733e+06 2.37545e+08
7.09916e-12 1.75867e+06 2.35778e+08
7.13114e-12 1.75001e+06 2.34019e+08
7.16325e-12 1.74133e+06 2.32269e+08
7.19551e-12 1.73265e+06 2.30528e+08
7.22792e-12 1.72396e+06 2.28795e+08
7.26047e-12 1.71527e+06 2.27071e+08
7.29317e-12 1.70658e+06 2.25356e+08
7.32602e-12 1.69788e+06 2.23649e+08
7.35901e-12 1.68917e+06 2.21951e+08
7.39216e-12 1.68047e+06 2.20262e+08
7.42545e-12 1.67176e+06 2.18582e+08
7.45889e-12 1.66305e+06 2.1691e+08
7.49248e-12 1.65434e+06 2.15247e+08
7.52623e-12 1.64563e+06 2.13592e+08
7.56012e-12 1.63691e+06 2.11947e+08
7.59417e-12 1.6282e+06 2.1031e+08
7.62837e-12 1.6195e+06 2.08682e+08
7.66273e-12 1.61079e+06 2.07062e+08
7.69724e-12 1.60208e+06 2.05451e+08
7.73191e-12 1.59338e+06 2.03849e+08
7.76673e-12 1.58468e+06 2.02256e+08
7.80171e-12 1.57598e+06 2.00671e+08
7.83684e-12 1.5673e+06 1.99095e+08
7.87214e-12 1.55861e+06 1.97528e+08
7.90759e-12 1.54993e+06 1.95969e+08
7.94321e-12 1.54125e+06 1.94419e+08
7.97898e-12 1.53258e+06 1.92878e+08
8.01492e-12 1.52392e+06 1.91346e+08
8.05101e-12 1.51527e+06 1.89822e+08
8.08727e-12 1.50663e+06 1.88306e+08
8.12369e-12 1.49799e+06 1.868e+08
8.16028e-12 1.48936e+06 1.85302e+08
8.19703e-12 1.48074e+06 1.83812e+08
8.23395e-12 1.47214e+06 1.82332e+08
8.27103e-12 1.46354e+06 1.8086e+08
8.30828e-12 1.45495e+06 1.79396e+08
8.3457e-12 1.44638e+06 1.77941e+08
8.38329e-12 1.43782e+06 1.76495e+08
8.42104e-12 1.42927e+06 1.75057e+08
8.45897e-12 1.42073e+06 1.73628e+08
8.49707e-12 1.41221e+06 1.72207e+08
8.53534e-12 1.40369e+06 1.70795e+08
8.57378e-12 1.3952e+06 1.69391e+08
8.61239e-12 1.38672e+06 1.67996e+08
8.65118e-12 1.37825e+06 1.66609e+08
8.69014e-12 1.3698e+06 1.65231e+08
8.72928e-12 1.36137e+06 1.63861e+08
8.76859e-12 1.35295e+06 1.625e+08
8.80808e-12 1.34455e+06 1.61147e+08
8.84775e-12 1.33616e+06 1.59802e+08
8.8876e-12 1.3278e+06 1.58466e+08
8.92763e-12 1.31945e+06 1.57138e+08
8.96783e-12 1.31112e+06 1.55819e+08
9.00822e-12 1.30281e+06 1.54508e+08
9.04879e-12 1.29451e+06 1.53205e+08
9.08955e-12 1.28624e+06 1.5191e+08
9.13048e-12 1.27799e+06 1.50624e+08
9.1716e-12 1.26976e+06 1.49346e+08
9.21291e-12 1.26155e+06 1.48076e+08
9.2544e-12 1.25335e+06 1.46815e+08
9.29608e-12 1.24518e+06 1.45561e+08
9.33795e-12 1.23703e+06 1.44316e+08
9.38e-12 1.22891e+06 1.43079e+08
9.42225e-12 1.22081e+06 1.4185e+08
9.46468e-12 1.21273e+06 1.40629e+08
9.50731e-12 1.20467e+06 1.39417e+08
9.55013e-12 1.19663e+06 1.38212e+08
9.59314e-12 1.18862e+06 1.37015e+08
9.63634e-12 1.18064e+06 1.35827e+08
9.67974e-12 1.17268e+06 1.34646e+08
9.72334e-12 1.16474e+06 1.33474e+08
9.76713e-12 1.15682e+06 1.32309e+08
9.81112e-12 1.14893e+06 1.31152e+08
9.8553e-12 1.14107e+06 1.30003e+08
9.89969e-12 1.13324e+06 1.28862e+08
9.94427e-12 1.12543e+06 1.27729e+08
9.98906e-12 1.11764e+06 1.26603e+08
1.0034e-11 1.10988e+06 1.25486e+08
1.00792e-11 1.10215e+06 1.24376e+08
1.01246e-11 1.09445e+06 1.23274e+08
1.01702e-11 1.08677e+06 1.22179e+08
1.0216e-11 1.07912e+06 1.21092e+08
1.0262e-11 1.0715e+06 1.20013e+08
1.03083e-11 1.06391e+06 1.18942e+08
1.03547e-11 1.05634e+06 1.17878e+08
1.04013e-11 1.0488e+06 1.16822e+08
1.04482e-11 1.0413e+06 1.15773e+08
1.04952e-11 1.03382e+06 1.14731e+08
1.05425e-11 1.02637e+06 1.13698e+08
1.059e-11 1.01895e+06 1.12671e+08
1.06377e-11 1.01156e+06 1.11652e+08
1.06856e-11 1.0042e+06 1.10641e+08
1.07337e-11 996865 1.09637e+08
1.0782e-11 989565 1.0864e+08
1.08306e-11 982296 1.0765e+08
1.08794e-11 975057 1.06668e+08
1.09284e-11 967846 1.05693e+08
1.09776e-11 960666 1.04725e+08
1.1027e-11 953518 1.03764e+08
1.10767e-11 946402 1.02811e+08
1.11266e-11 939318 1.01864e+08
1.11767e-11 932266 1.00925e+08
1.1227e-11 925243 9.99927e+07
1.12776e-11 918251 9.90675e+07
1.13284e-11 911292 9.81492e+07
1.13794e-11 904365 9.7238e+07
1.14307e-11 897471 9.63336e+07
1.14821e-11 890611 9.54361e+07
1.15338e-11 883783 9.45455e+07
1.15858e-11 876984 9.36617e+07
1.1638e-11 870219 9.27847e+07
1.16904e-11 863486 9.19145e+07
1.1743e-11 856788 9.1051e+07
1.17959e-11 850122 9.01943e+07
1.1849e-11 843491 8.93441e+07
1.19024e-11 836892 8.85006e+07
1.1956e-11 830324 8.76637e+07
1.20099e-11 823790 8.68334e+07
1.2064e-11 817289 8.60096e+07
1.21183e-11 810823 8.51923e+07
1.21729e-11 804391 8.43815e+07
1.22277e-11 797993 8.35771e+07
1.22828e-11 791629 8.27791e+07
1.23381e-11 785295 8.19875e+07
1.23936e-11 778996 8.12022e+07
1.24495e-11 772731 8.04232e+07
1.25055e-11 766501 7.96505e+07
1.25618e-11 760305 7.8884e+07
1.26184e-11 754144 7.81237e+07
1.26753e-11 748016 7.73695e+07
1.27323e-11 741920 7.66215e+07
1.27897e-11 735858 7.58796e+07
1.28473e-11 729832 7.51437e+07
1.29051e-11 723839 7.44139e+07
1.29633e-11 717882 7.36901e+07
1.30216e-11 711959 7.29722e+07
1.30803e-11 706070 7.22602e+07
1.31392e-11 700213 7.15542e+07
1.31984e-11 694390 7.08539e+07
1.32578e-11 688603 7.01596e+07
1.33175e-11 682849 6.9471e+07
1.33775e-11 677131 6.87881e+07
1.34378e-11 671447 6.8111e+07
1.34983e-11 665798 6.74395e+07
1.35591e-11 660180 6.67737e+07
1.36201e-11 654596 6.61135e+07
1.36815e-11 649048 6.54589e+07
1.37431e-11 643533 6.48099e+07
1.3805e-11 638053 6.41664e+07
1.38672e-11 632608 6.35283e+07
1.39296e-11 627197 6.28957e+07
1.39923e-11 621819 6.22685e+07
1.40554e-11 616473 6.16467e+07
1.41187e-11 611162 6.10302e+07
1.41823e-11 605885 6.04191e+07
1.42461e-11 600643 5.98132e+07
1.43103e-11 595434 5.92125e+07
1.43747e-11 590260 5.86171e+07
1.44395e-11 585120 5.80268e+07
1.45045e-11 580011 5.74417e+07
1.45698e-11 574935 5.68617e+07
1.46354e-11 569894 5.62868e+07
1.47014e-11 564886 5.57169e+07
1.47676e-11 559912 5.5152e+07
1.48341e-11 554972 5.45921e+07
1.49009e-11 550066 5.40371e+07
1.4968e-11 545192 5.3487e+07
1.50354e-11 540349 5.29418e+07
1.51031e-11 535540 5.24015e+07
1.51711e-11 530764 5.1866e+07
1.52395e-11 526022 5.13352e+07
1.53081e-11 521312 5.08092e+07
1.5377e-11 516636 5.02879e+07
1.54463e-11 511993 4.97712e+07
1.55159e-11 507380 4.92592e+07
1.55857e-11 502800 4.87518e+07
1.56559e-11 498252 4.8249e+07
1.57265e-11 493737 4.77508e+07
1.57973e-11 489254 4.72571e+07
1.58684e-11 484804 4.67678e+07
1.59399e-11 480386 4.6283e+07
1.60117e-11 476000 4.58026e+07
1.60838e-11 471644 4.53266e+07
1.61562e-11 467319 4.4855e+07
1.6229e-11 463027 4.43877e+07
1.63021e-11 458766 4.39246e+07
1.63755e-11 454537 4.34659e+07
1.64493e-11 450339 4.30113e+07
1.65233e-11 446173 4.2561e+07
1.65978e-11 442038 4.21148e+07
1.66725e-11 437933 4.16728e+07
1.67476e-11 433857 4.12348e+07
1.6823e-11 429813 4.0801e+07
1.68988e-11 425800 4.03712e+07
1.69749e-11 421817 3.99454e+07
1.70513e-11 417865 3.95236e+07
1.71281e-11 413944 3.91057e+07
1.72053e-11 410052 3.86917e+07
1.72828e-11 406190 3.82817e+07
1.73606e-11 402356 3.78755e+07
1.74388e-11 398553 3.74731e+07
1.75173e-11 394779 3.70746e+07
1.75962e-11 391035 3.66798e+07
1.76755e-11 387321 3.62888e+07
1.77551e-11 383636 3.59015e+07
1.7835e-11 379981 3.55178e+07
1.79154e-11 376353 3.51378e+07
1.7996e-11 372754 3.47615e+07
1.80771e-11 369183 3.43887e+07
1.81585e-11 365641 3.40195e+07
1.82403e-11 362127 3.36539e+07
1.83224e-11 358642 3.32918e+07
1.8405e-11 355185 3.29331e+07
1.84878e-11 351757 3.2578e+07
1.85711e-11 348356 3.22262e+07
1.86547e-11 344982 3.18778e+07
1.87388e-11 341635 3.15329e+07
1.88232e-11 338316 3.11912e+07
1.89079e-11 335024 3.08529e+07
1.89931e-11 331759 3.05179e+07
1.90786e-11 328522 3.01861e+07
1.91646e-11 325312 2.98576e+07
1.92509e-11 322128 2.95323e+07
1.93376e-11 318971 2.92102e+07
1.94247e-11 315839 2.88912e+07
1.95121e-11 312733 2.85754e+07
1.96e-11 309654 2.82626e+07
1.96883e-11 306601 2.7953e+07
1.9777e-11 303574 2.76464e+07
1.9866e-11 300572 2.73428e+07
1.99555e-11 297597 2.70422e+07
2.00454e-11 294647 2.67446e+07
2.01357e-11 291721 2.645e+07
2.02263e-11 288820 2.61583e+07
2.03174e-11 285944 2.58694e+07
2.04089e-11 283093 2.55835e+07
2.05008e-11 280266 2.53004e+07
2.05932e-11 277465 2.50201e+07
2.06859e-11 274688 2.47427e+07
2.07791e-11 271935 2.4468e+07
2.08727e-11 269206 2.4196e+07
2.09667e-11 266501 2.39268e+07
2.10611e-11 263818 2.36603e+07
2.1156e-11 261160 2.33965e+07
2.12512e-11 258525 2.31354e+07
2.13469e-11 255913 2.28768e+07
2.14431e-11 253325 2.26209e+07
2.15397e-11 250760 2.23676e+07
2.16367e-11 248218 2.21168e+07
2.17341e-11 245698 2.18686e+07
2.1832e-11 243201 2.16229e+07
2.19303e-11 240726 2.13797e+07
2.20291e-11 238272 2.1139e+07
2.21283e-11 235841 2.09007e+07
2.2228e-11 233432 2.06649e+07
2.23281e-11 231045 2.04314e+07
2.24286e-11 228680 2.02004e+07
2.25296e-11 226337 1.99717e+07
2.26311e-11 224015 1.97454e+07
2.2733e-11 221714 1.95214e+07
2.28354e-11 219433 1.92997e+07
2.29383e-11 217173 1.90802e+07
2.30416e-11 214934 1.88631e+07
2.31453e-11 212716 1.86481e+07
2.32496e-11 210518 1.84354e+07
2.33543e-11 208341 1.82249e+07
2.34595e-11 206184 1.80165e+07
2.35651e-11 204048 1.78104e+07
2.36713e-11 201931 1.76063e+07
2.37779e-11 199834 1.74044e+07
2.3885e-11 197755 1.72045e+07
2.39925e-11 195697 1.70068e+07
2.41006e-11 193657 1.68111e+07
2.42091e-11 191637 1.66174e+07
2.43182e-11 189636 1.64258e+07
2.44277e-11 187654 1.62362e+07
2.45377e-11 185691 1.60485e+07
2.46482e-11 183747 1.58628e+07
2.47592e-11 181821 1.56791e+07
2.48707e-11 179913 1.54972e+07
2.49827e-11 178023 1.53173e+07
2.50952e-11 176150 1.51393e+07
2.52083e-11 174296 1.49632e+07
2.53218e-11 172460 1.47889e+07
2.54358e-11 170642 1.46164e+07
2.55504e-11 168841 1.44458e+07
2.56655e-11 167057 1.42769e+07
2.57811e-11 165291 1.41099e+07
2.58972e-11 163542 1.39446e+07
2.60138e-11 161810 1.3781e+07
2.6131e-11 160093 1.36192e+07
2.62486e-11 158394 1.34591e+07
2.63669e-11 156711 1.33007e+07
2.64856e-11 155045 1.3144e+07
2.66049e-11 153395 1.2989e+07
2.67247e-11 151762 1.28356e+07
2.68451e-11 150144 1.26838e+07
2.6966e-11 148543 1.25337e+07
2.70874e-11 146957 1.23851e+07
2.72094e-11 145387 1.22382e+07
2.7332e-11 143831 1.20928e+07
2.74551e-11 142292 1.1949e+07
2.75787e-11 140767 1.18067e+07
2.77029e-11 139258 1.16659e+07
2.78277e-11 137763 1.15266e+07
2.7953e-11 136284 1.13889e+07
2.80789e-11 134819 1.12526e+07
2.82054e-11 133369 1.11178e+07
2.83324e-11 131934 1.09844e+07
2.846e-11 130513 1.08525e+07
2.85882e-11 129106 1.0722e+07
2.87169e-11 127713 1.05929e+07
2.88462e-11 126334 1.04651e+07
2.89762e-11 124968 1.03388e+07
2.91067e-11 123617 1.02138e+07
2.92377e-11 122279 1.00902e+07
2.93694e-11 120955 9.96794e+06
2.95017e-11 119645 9.84699e+06
2.96346e-11 118347 9.72735e+06
2.9768e-11 117063 9.609e+06
2.99021e-11 115792 9.49193e+06
3.00368e-11 114534 9.37614e+06
3.0172e-11 113288 9.26161e+06
3.03079e-11 112055 9.14832e+06
3.04444e-11 110834 9.03627e+06
3.05815e-11 109626 8.92543e+06
3.07193e-11 108431 8.81581e+06
3.08576e-11 107248 8.70737e+06
3.09966e-11 106077 8.60013e+06
3.11362e-11 104918 8.49405e+06
3.12764e-11 103772 8.38913e+06
3.14173e-11 102637 8.28536e+06
3.15588e-11 101513 8.18272e+06
3.17009e-11 100401 8.08121e+06
3.18437e-11 99300.2 7.98081e+06
3.19871e-11 98211 7.88151e+06
3.21312e-11 97133.3 7.7833e+06
3.22759e-11 96066.7 7.68616e+06
3.24212e-11 95011.4 7.5901e+06
3.25672e-11 93967 7.49509e+06
3.27139e-11 92933.6 7.40112e+06
3.28612e-11 91911.1 7.30819e+06
3.30092e-11 90899.2 7.21627e+06
3.31579e-11 89897.5 7.12538e+06
3.33072e-11 88906.2 7.03548e+06
3.34573e-11 87925.3 6.94657e+06
3.36079e-11 86954.8 6.85865e+06
3.37593e-11 85994.5 6.77169e+06
3.39113e-11 85044.3 6.6857e+06
3.40641e-11 84104.2 6.60065e+06
3.42175e-11 83174.1 6.51655e+06
3.43716e-11 82253.8 6.43337e+06
3.45264e-11 81343.3 6.35112e+06
3.46819e-11 80442.5 6.26978e+06
3.48381e-11 79551 6.18934e+06
3.4995e-11 78668.6 6.10978e+06
3.51526e-11 77795.7 6.03112e+06
3.53109e-11 76932 5.95332e+06
3.54699e-11 76077.6 5.87639e+06
3.56297e-11 75232.2 5.80031e+06
3.57901e-11 74396 5.72508e+06
3.59513e-11 73568.6 5.65068e+06
3.61132e-11 72750.2 5.57711e+06
3.62759e-11 71940.5 5.50436e+06
3.64393e-11 71139.5 5.43242e+06
3.66034e-11 70347.1 5.36128e+06
3.67682e-11 69563 5.29094e+06
3.69338e-11 68787 5.22137e+06
3.71002e-11 68019.4 5.15259e+06
3.72672e-11 67260.1 5.08457e+06
3.74351e-11 66509 5.01731e+06
3.76037e-11 65766 4.9508e+06
3.7773e-11 65031 4.88503e+06
3.79432e-11 64303.9 4.82e+06
3.8114e-11 63584.8 4.7557e+06
3.82857e-11 62873.4 4.69211e+06
3.84581e-11 62169.8 4.62924e+06
3.86313e-11 61473.7 4.56707e+06
3.88053e-11 60785.2 4.50559e+06
3.89801e-11 60103.7 4.44481e+06
3.91556e-11 59429.7 4.38471e+06
3.9332e-11 58763 4.32528e+06
3.95091e-11 58103.6 4.26651e+06
3.96871e-11 57451.4 4.20841e+06
3.98658e-11 56806.3 4.15096e+06
4.00453e-11 56168.2 4.09415e+06
4.02257e-11 55537.1 4.03798e+06
4.04069e-11 54912.9 3.98245e+06
4.05888e-11 54295.5 3.92753e+06
4.07716e-11 53685 3.87324e+06
4.09553e-11 53081 3.81955e+06
4.11397e-11 52483.5 3.76647e+06
4.1325e-11 51892.4 3.71399e+06
4.15111e-11 51307.7 3.6621e+06
4.16981e-11 50729.5 3.61079e+06
4.18859e-11 50157.6 3.56006e+06
4.20745e-11 49592.1 3.5099e+06
4.2264e-11 49032.7 3.46031e+06
4.24543e-11 48479.6 3.41128e+06
4.26455e-11 47932.5 3.3628e+06
4.28376e-11 47391.5 3.31486e+06
4.30305e-11 46856.4 3.26747e+06
4.32243e-11 46327.3 3.22062e+06
4.3419e-11 45804 3.17429e+06
4.36146e-11 45286.2 3.12849e+06
4.3811e-11 44774 3.0832e+06
4.40083e-11 44267.6 3.03843e+06
4.42065e-11 43766.7 2.99416e+06
4.44056e-11 43271.4 2.95039e+06
4.46056e-11 42781.6 2.90712e+06
4.48065e-11 42297.2 2.86434e+06
4.50083e-11 41818.3 2.82204e+06
4.5211e-11 41344.6 2.78022e+06
4.54146e-11 40876.2 2.73888e+06
4.56191e-11 40413 2.698e+06
4.58246e-11 39955 2.65759e+06
4.6031e-11 39502.1 2.61763e+06
4.62383e-11 39054 2.57813e+06
4.64465e-11 38610.8 2.53908e+06
4.66557e-11 38172.6 2.50047e+06
4.68658e-11 37739.2 2.46229e+06
4.70769e-11 37310.7 2.42456e+06
4.72889e-11 36886.9 2.38724e+06
4.75019e-11 36467.9 2.35036e+06
4.77158e-11 36053.6 2.31389e+06
4.79307e-11 35643.9 2.27784e+06
4.81466e-11 35238.9 2.24219e+06
4.83634e-11 34838.3 2.20695e+06
4.85812e-11 34442.2 2.17211e+06
4.88e-11 34050.6 2.13767e+06
4.90198e-11 33663.4 2.10362e+06
4.92406e-11 33280.3 2.06996e+06
4.94623e-11 32901.4 2.03668e+06
4.96851e-11 32526.8 2.00378e+06
4.99089e-11 32156.4 1.97125e+06
5.01336e-11 31790.1 1.93909e+06
5.03594e-11 31428 1.9073e+06
5.05862e-11 31070 1.87588e+06
5.08141e-11 30716 1.84481e+06
5.10429e-11 30365.9 1.81409e+06
5.12728e-11 30019.9 1.78372e+06
5.15037e-11 29677.7 1.7537e+06
5.17357e-11 29339.3 1.72403e+06
5.19687e-11 29004.8 1.69469e+06
5.22027e-11 28674.1 1.66568e+06
5.24378e-11 28346.9 1.63701e+06
5.2674e-11 28023.4 1.60866e+06
5.29112e-11 27703.5 1.58064e+06
5.31495e-11 27387.2 1.55293e+06
5.33889e-11 27074.5 1.52555e+06
5.36293e-11 26765.3 1.49847e+06
5.38709e-11 26459.6 1.47171e+06
5.41135e-11 26157.4 1.44525e+06
5.43572e-11 25858.6 1.41909e+06
5.4602e-11 25563.2 1.39323e+06
5.48479e-11 25271.1 1.36767e+06
5.50949e-11 24982.4 1.3424e+06
5.53431e-11 24696.9 1.31741e+06
5.55923e-11 24414.6 1.29272e+06
5.58427e-11 24135.6 1.2683e+06
5.60942e-11 23859.5 1.24417e+06
5.63468e-11 23586.5 1.22031e+06
5.66006e-11 23316.7 1.19672e+06
5.68555e-11 23049.9 1.1734e+06
5.71116e-11 22786.1 1.15036e+06
5.73688e-11 22525.3 1.12757e+06
5.76272e-11 22267.5 1.10504e+06
5.78867e-11 22012.7 1.08278e+06
5.81474e-11 21760.7 1.06076e+06
5.84093e-11 21511.6 1.039e+06
5.86723e-11 21265.3 1.01749e+06
5.89366e-11 21021.8 996226
5.9202e-11 20781.2 975204
5.94686e-11 20543.2 954423
5.97365e-11 20308 933880
6.00055e-11 20075.2 913572
6.02758e-11 19845.1 893497
6.05472e-11 19617.6 873651
6.08199e-11 19392.8 854034
6.10938e-11 19170.4 834641
6.1369e-11 18950.7 815471
6.16454e-11 18733.4 796520
6.1923e-11 18518.6 777787
6.22019e-11 18306.3 759268
6.2482e-11 18096.4 740962
6.27634e-11 17888.9 722865
6.30461e-11 17683.7 704976
6.333e-11 17480.9 687293
6.36152e-11 17280.5 669812
6.39017e-11 17082.3 652531
6.41895e-11 16886.3 635449
6.44786e-11 16692.4 618563
6.4769e-11 16500.8 601870
6.50607e-11 16311.4 585369
6.53537e-11 16124.1 569058
6.56481e-11 15939 552934
6.59437e-11 15756 536995
6.62407e-11 15575.1 521239
6.65391e-11 15396.3 505664
6.68387e-11 15219.5 490267
6.71398e-11 15044.8 475048
6.74421e-11 14872 460003
6.77459e-11 14701.2 445131
6.8051e-11 14532.4 430430
6.83575e-11 14365.5 415898
6.86653e-11 14200.6 401532
6.89746e-11 14037.5 387331
6.92852e-11 13876.2 373294
6.95973e-11 13716.7 359418
6.99107e-11 13559 345701
7.02256e-11 13403.2 332142
7.05418e-11 13249.1 318739
7.08595e-11 13096.8 305490
7.11787e-11 12946.3 292393
7.14992e-11 12797.5 279447
7.18212e-11 12650.3 266649
7.21447e-11 12504.9 253999
7.24696e-11 12361.2 241494
7.2796e-11 12219.1 229133
7.31239e-11 12078.7 216914
7.34532e-11 11939.8 204835
7.3784e-11 11802.6 192895
7.41163e-11 11666.9 181093
7.44501e-11 11532.7 169426
7.47854e-11 11400.1 157893
7.51222e-11 11268.9 146493
7.54605e-11 11139.3 135224
7.58004e-11 11011.1 124085
7.61418e-11 10884.4 113074
7.64847e-11 10759.2 102189
7.68292e-11 10635.4 91430.1
7.71752e-11 10513.1 80794.7
7.75228e-11 10392.1 70281.7
7.78719e-11 10272.5 59889.6
7.82226e-11 10154.4 49617
7.85749e-11 10037.5 39462.7
7.89288e-11 9922.07 29425.1
7.92842e-11 9807.93 19503
7.96413e-11 9695.1 9695.1
