1e-14 0 1.45525e-26
1.0045e-14 0 1.45525e-26
1.00903e-14 0 1.45525e-26
1.01357e-14 0 1.45525e-26
1.01814e-14 0 1.45525e-26
1.02272e-14 0 1.45525e-26
1.02733e-14 0 1.45525e-26
1.03196e-14 0 1.45525e-26
1.0366e-14 0 1.45525e-26
1.04127e-14 0 1.45525e-26
1.04596e-14 0 1.45525e-26
1.05067e-14 0 1.45525e-26
1.0554e-14 0 1.45525e-26
1.06016e-14 0 1.45525e-26
1.06493e-14 0 1.45525e-26
1.06973e-14 0 1.45525e-26
1.07455e-14 0 1.45525e-26
1.07938e-14 0 1.45525e-26
1.08425e-14 0 1.45525e-26
1.08913e-14 0 1.45525e-26
1.09403e-14 0 1.45525e-26
1.09896e-14 0 1.45525e-26
1.10391e-14 0 1.45525e-26
1.10888e-14 0 1.45525e-26
1.11388e-14 0 1.45525e-26
1.11889e-14 0 1.45525e-26
1.12393e-14 0 1.45525e-26
1.12899e-14 0 1.45525e-26
1.13408e-14 0 1.45525e-26
1.13919e-14 0 1.45525e-26
1.14432e-14 0 1.45525e-26
1.14947e-14 0 1.45525e-26
1.15465e-14 0 1.45525e-26
1.15985e-14 0 1.45525e-26
1.16507e-14 0 1.45525e-26
1.17032e-14 0 1.45525e-26
1.17559e-14 0 1.45525e-26
1.18088e-14 0 1.45525e-26
1.1862e-14 0 1.45525e-26
1.19154e-14 0 1.45525e-26
1.19691e-14 0 1.45525e-26
1.2023e-14 0 1.45525e-26
1.20772e-14 0 1.45525e-26
1.21316e-14 0 1.45525e-26
1.21862e-14 0 1.45525e-26
1.22411e-14 0 1.45525e-26
1.22962e-14 0 1.45525e-26
1.23516e-14 0 1.45525e-26
1.24072e-14 0 1.45525e-26
1.24631e-14 0 1.45525e-26
1.25192e-14 0 1.45525e-26
1.25756e-14 0 1.45525e-26
1.26322e-14 0 1.45525e-26
1.26891e-14 0 1.45525e-26
1.27463e-14 0 1.45525e-26
1.28037e-14 0 1.45525e-26
1.28613e-14 0 1.45525e-26
1.29193e-14 0 1.45525e-26
1.29775e-14 0 1.45525e-26
1.30359e-14 0 1.45525e-26
1.30946e-14 0 1.45525e-26
1.31536e-14 0 1.45525e-26
1.32128e-14 0 1.45525e-26
1.32723e-14 0 1.45525e-26
1.33321e-14 0 1.45525e-26
1.33922e-14 0 1.45525e-26
1.34525e-14 0 1.45525e-26
1.35131e-14 0 1.45525e-26
1.35739e-14 0 1.45525e-26
1.3635e-14 0 1.45525e-26
1.36965e-14 0 1.45525e-26
1.37581e-14 0 1.45525e-26
1.38201e-14 0 1.45525e-26
1.38823e-14 0 1.45525e-26
1.39449e-14 0 1.45525e-26
1.40077e-14 0 1.45525e-26
1.40708e-14 0 1.45525e-26
1.41341e-14 0 1.45525e-26
1.41978e-14 0 1.45525e-26
1.42617e-14 0 1.45525e-26
1.4326e-14 0 1.45525e-26
1.43905e-14 0 1.45525e-26
1.44553e-14 0 1.45525e-26
1.45204e-14 0 1.45525e-26
1.45858e-14 0 1.45525e-26
1.46515e-14 0 1.45525e-26
1.47175e-14 0 1.45525e-26
1.47837e-14 0 1.45525e-26
1.48503e-14 0 1.45525e-26
1.49172e-14 0 1.45525e-26
1.49844e-14 0 1.45525e-26
1.50519e-14 0 1.45525e-26
1.51197e-14 0 1.45525e-26
1.51878e-14 0 1.45525e-26
1.52562e-14 0 1.45525e-26
1.53249e-14 0 1.45525e-26
1.53939e-14 0 1.45525e-26
1.54632e-14 0 1.45525e-26
1.55329e-14 0 1.45525e-26
1.56028e-14 0 1.45525e-26
1.56731e-14 0 1.45525e-26
1.57437e-14 0 1.45525e-26
1.58146e-14 0 1.45525e-26
1.58858e-14 0 1.45525e-26
1.59573e-14 0 1.45525e-26
1.60292e-14 0 1.45525e-26
1.61014e-14 0 1.45525e-26
1.61739e-14 0 1.45525e-26
1.62468e-14 0 1.45525e-26
1.63199e-14 0 1.45525e-26
1.63934e-14 0 1.45525e-26
1.64673e-14 0 1.45525e-26
1.65414e-14 0 1.45525e-26
1.66159e-14 0 1.45525e-26
1.66908e-14 0 1.45525e-26
1.67659e-14 0 1.45525e-26
1.68414e-14 0 1.45525e-26
1.69173e-14 0 1.45525e-26
1.69935e-14 0 1.45525e-26
1.707e-14 0 1.45525e-26
1.71469e-14 0 1.45525e-26
1.72241e-14 0 1.45525e-26
1.73017e-14 0 1.45525e-26
1.73796e-14 0 1.45525e-26
1.74579e-14 0 1.45525e-26
1.75365e-14 0 1.45525e-26
1.76155e-14 0 1.45525e-26
1.76948e-14 0 1.45525e-26
1.77745e-14 0 1.45525e-26
1.78546e-14 0 1.45525e-26
1.7935e-14 0 1.45525e-26
1.80158e-14 0 1.45525e-26
1.80969e-14 0 1.45525e-26
1.81784e-14 0 1.45525e-26
1.82603e-14 0 1.45525e-26
1.83425e-14 0 1.45525e-26
1.84251e-14 0 1.45525e-26
1.85081e-14 0 1.45525e-26
1.85914e-14 0 1.45525e-26
1.86752e-14 0 1.45525e-26
1.87593e-14 0 1.45525e-26
1.88438e-14 0 1.45525e-26
1.89286e-14 0 1.45525e-26
1.90139e-14 0 1.45525e-26
1.90995e-14 0 1.45525e-26
1.91855e-14 0 1.45525e-26
1.92719e-14 0 1.45525e-26
1.93587e-14 0 1.45525e-26
1.94459e-14 0 1.45525e-26
1.95335e-14 0 1.45525e-26
1.96215e-14 0 1.45525e-26
1.97098e-14 0 1.45525e-26
1.97986e-14 0 1.45525e-26
1.98878e-14 0 1.45525e-26
1.99774e-14 0 1.45525e-26
2.00673e-14 0 1.45525e-26
2.01577e-14 0 1.45525e-26
2.02485e-14 0 1.45525e-26
2.03397e-14 0 1.45525e-26
2.04313e-14 0 1.45525e-26
2.05233e-14 0 1.45525e-26
2.06157e-14 0 1.45525e-26
2.07086e-14 0 1.45525e-26
2.08018e-14 0 1.45525e-26
2.08955e-14 0 1.45525e-26
2.09896e-14 0 1.45525e-26
2.10842e-14 0 1.45525e-26
2.11791e-14 0 1.45525e-26
2.12745e-14 2.32404e-43 1.45525e-26
2.13703e-14 8.49333e-43 1.45525e-26
2.14666e-14 1.30639e-42 1.45525e-26
2.15632e-14 1.7648e-42 1.45525e-26
2.16604e-14 2.05759e-42 1.45525e-26
2.17579e-14 2.97415e-42 1.45525e-26
2.18559e-14 4.77863e-42 1.45525e-26
2.19543e-14 6.03555e-42 1.45525e-26
2.20532e-14 9.14992e-42 1.45525e-26
2.21525e-14 1.18034e-41 1.45525e-26
2.22523e-14 1.37266e-41 1.45525e-26
2.23525e-14 1.64283e-41 1.45525e-26
2.24532e-14 1.98835e-41 1.45525e-26
2.25543e-14 2.23137e-41 1.45525e-26
2.26559e-14 2.47743e-41 1.45525e-26
2.27579e-14 2.82115e-41 1.45525e-26
2.28604e-14 3.07454e-41 1.45525e-26
2.29634e-14 3.4043e-41 1.45525e-26
2.30668e-14 3.61838e-41 1.45525e-26
2.31707e-14 3.88556e-41 1.45525e-26
2.3275e-14 4.17928e-41 1.45525e-26
2.33799e-14 4.44066e-41 1.45525e-26
2.34852e-14 4.75033e-41 1.45525e-26
2.35909e-14 4.97457e-41 1.45525e-26
2.36972e-14 5.32253e-41 1.45525e-26
2.38039e-14 5.71099e-41 1.45525e-26
2.39111e-14 6.12535e-41 1.45525e-26
2.40188e-14 6.53673e-41 1.45525e-26
2.4127e-14 7.14378e-41 1.45525e-26
2.42356e-14 7.61971e-41 1.45525e-26
2.43448e-14 8.1652e-41 1.45525e-26
2.44544e-14 8.76365e-41 1.45525e-26
2.45646e-14 9.28787e-41 1.45525e-26
2.46752e-14 9.93378e-41 1.45525e-26
2.47863e-14 1.06405e-40 1.45525e-26
2.4898e-14 1.13374e-40 1.45525e-26
2.50101e-14 1.2118e-40 1.45525e-26
2.51227e-14 1.27446e-40 1.45525e-26
2.52359e-14 1.34848e-40 1.45525e-26
2.53495e-14 1.44575e-40 1.45525e-26
2.54637e-14 1.54071e-40 1.45525e-26
2.55784e-14 1.62288e-40 1.45525e-26
2.56936e-14 1.71855e-40 1.45525e-26
2.58093e-14 1.84099e-40 1.45525e-26
2.59255e-14 1.93208e-40 1.45525e-26
2.60423e-14 2.06442e-40 1.45525e-26
2.61596e-14 2.17901e-40 1.45525e-26
2.62774e-14 2.32199e-40 1.45525e-26
2.63957e-14 2.46789e-40 1.45525e-26
2.65146e-14 2.62426e-40 1.45525e-26
2.6634e-14 2.78088e-40 1.45525e-26
2.6754e-14 2.92126e-40 1.45525e-26
2.68745e-14 3.08738e-40 1.45525e-26
2.69955e-14 3.27156e-40 1.45525e-26
2.71171e-14 3.42478e-40 1.45525e-26
2.72392e-14 3.61592e-40 1.45525e-26
2.73619e-14 3.81188e-40 1.45525e-26
2.74851e-14 4.00688e-40 1.45525e-26
2.76089e-14 4.22038e-40 1.45525e-26
2.77332e-14 4.44914e-40 1.45525e-26
2.78581e-14 4.68764e-40 1.45525e-26
2.79836e-14 4.91558e-40 1.45525e-26
2.81096e-14 5.18513e-40 1.45525e-26
2.82362e-14 5.44632e-40 1.45525e-26
2.83634e-14 5.72321e-40 1.45525e-26
2.84912e-14 6.00243e-40 1.45525e-26
2.86195e-14 6.35578e-40 1.45525e-26
2.87484e-14 6.68572e-40 1.45525e-26
2.88778e-14 7.04703e-40 1.45525e-26
2.90079e-14 7.42678e-40 1.45525e-26
2.91385e-14 7.80815e-40 1.45525e-26
2.92698e-14 8.20441e-40 1.45525e-26
2.94016e-14 8.64341e-40 1.45525e-26
2.9534e-14 9.07856e-40 1.45525e-26
2.9667e-14 9.53563e-40 1.45525e-26
2.98006e-14 1.00373e-39 1.45525e-26
2.99348e-14 1.05361e-39 1.45525e-26
3.00697e-14 1.10692e-39 1.45525e-26
3.02051e-14 1.16366e-39 1.45525e-26
3.03411e-14 1.22157e-39 1.45525e-26
3.04778e-14 1.28482e-39 1.45525e-26
3.0615e-14 1.35094e-39 1.45525e-26
3.07529e-14 1.42133e-39 1.45525e-26
3.08914e-14 1.49118e-39 1.45525e-26
3.10305e-14 1.56725e-39 1.45525e-26
3.11703e-14 1.64575e-39 1.45525e-26
3.13107e-14 1.72677e-39 1.45525e-26
3.14517e-14 1.81567e-39 1.45525e-26
3.15933e-14 1.90987e-39 1.45525e-26
3.17356e-14 2.0073e-39 1.45525e-26
3.18786e-14 2.10635e-39 1.45525e-26
3.20221e-14 2.21442e-39 1.45525e-26
3.21663e-14 2.32599e-39 1.45525e-26
3.23112e-14 2.44599e-39 1.45525e-26
3.24567e-14 2.56701e-39 1.45525e-26
3.26029e-14 2.69519e-39 1.45525e-26
3.27497e-14 2.82837e-39 1.45525e-26
3.28972e-14 2.97316e-39 1.45525e-26
3.30454e-14 3.11904e-39 1.45525e-26
3.31942e-14 3.27454e-39 1.45525e-26
3.33437e-14 3.4359e-39 1.45525e-26
3.34939e-14 3.60728e-39 1.45525e-26
3.36447e-14 3.78489e-39 1.45525e-26
3.37963e-14 3.96663e-39 1.45525e-26
3.39485e-14 4.15873e-39 1.45525e-26
3.41014e-14 4.36041e-39 1.45525e-26
3.42549e-14 4.57442e-39 1.45525e-26
3.44092e-14 4.79717e-39 1.45525e-26
3.45642e-14 5.02943e-39 1.45525e-26
3.47199e-14 5.2702e-39 1.45525e-26
3.48762e-14 5.52903e-39 1.45525e-26
3.50333e-14 5.79277e-39 1.45525e-26
3.51911e-14 6.07421e-39 1.45525e-26
3.53496e-14 6.36103e-39 1.45525e-26
3.55088e-14 6.66325e-39 1.45525e-26
3.56687e-14 6.98212e-39 1.45525e-26
3.58293e-14 7.32231e-39 1.45525e-26
3.59907e-14 7.66849e-39 1.45525e-26
3.61528e-14 8.03397e-39 1.45525e-26
3.63156e-14 8.41874e-39 1.45525e-26
3.64792e-14 8.81736e-39 1.45525e-26
3.66435e-14 9.23767e-39 1.45525e-26
3.68085e-14 9.6766e-39 1.45525e-26
3.69743e-14 1.01359e-38 1.45525e-26
3.71408e-14 1.06125e-38 1.45525e-26
3.73081e-14 1.11185e-38 1.45525e-26
3.74761e-14 1.16436e-38 1.45525e-26
3.76449e-14 1.21934e-38 1.45525e-26
3.78144e-14 1.27664e-38 1.45525e-26
3.79847e-14 1.33732e-38 1.45525e-26
3.81558e-14 1.40002e-38 1.45525e-26
3.83276e-14 1.46597e-38 1.45525e-26
3.85002e-14 1.53451e-38 1.45525e-26
3.86736e-14 1.60626e-38 1.45525e-26
3.88478e-14 1.68148e-38 1.45525e-26
3.90228e-14 1.76029e-38 1.45525e-26
3.91985e-14 1.84211e-38 1.45525e-26
3.93751e-14 1.92811e-38 1.45525e-26
3.95524e-14 2.01814e-38 1.45525e-26
3.97305e-14 2.11149e-38 1.45525e-26
3.99095e-14 2.20977e-38 1.45525e-26
4.00892e-14 2.31175e-38 1.45525e-26
4.02698e-14 2.41922e-38 1.45525e-26
4.04511e-14 2.53109e-38 1.45525e-26
4.06333e-14 2.64805e-38 1.45525e-26
4.08163e-14 2.7699e-38 1.45525e-26
4.10001e-14 2.89789e-38 1.45525e-26
4.11848e-14 3.03125e-38 1.45525e-26
4.13703e-14 3.17028e-38 1.45525e-26
4.15566e-14 3.31633e-38 1.45525e-26
4.17437e-14 3.46851e-38 1.45525e-26
4.19317e-14 3.62733e-38 1.45525e-26
4.21206e-14 3.79309e-38 1.45525e-26
4.23103e-14 3.96667e-38 1.45525e-26
4.25008e-14 4.1476e-38 1.45525e-26
4.26922e-14 4.33676e-38 1.45525e-26
4.28845e-14 4.53415e-38 1.45525e-26
4.30777e-14 4.74083e-38 1.45525e-26
4.32717e-14 4.95573e-38 1.45525e-26
4.34666e-14 5.18093e-38 1.45525e-26
4.36623e-14 5.41607e-38 1.45525e-26
4.3859e-14 5.66121e-38 1.45525e-26
4.40565e-14 5.91714e-38 1.45525e-26
4.42549e-14 6.18447e-38 1.45525e-26
4.44542e-14 6.46362e-38 1.45525e-26
4.46544e-14 6.75494e-38 1.45525e-26
4.48555e-14 7.05914e-38 1.45525e-26
4.50575e-14 7.37618e-38 1.45525e-26
4.52605e-14 7.70796e-38 1.45525e-26
4.54643e-14 8.05349e-38 1.45525e-26
4.56691e-14 8.4145e-38 1.45525e-26
4.58748e-14 8.79097e-38 1.45525e-26
4.60814e-14 9.18393e-38 1.45525e-26
4.62889e-14 9.59404e-38 1.45525e-26
4.64974e-14 1.00219e-37 1.45525e-26
4.67068e-14 1.04681e-37 1.45525e-26
4.69171e-14 1.09339e-37 1.45525e-26
4.71284e-14 1.14196e-37 1.45525e-26
4.73407e-14 1.19262e-37 1.45525e-26
4.75539e-14 1.24549e-37 1.45525e-26
4.77681e-14 1.30063e-37 1.45525e-26
4.79832e-14 1.35812e-37 1.45525e-26
4.81993e-14 1.41813e-37 1.45525e-26
4.84164e-14 1.48067e-37 1.45525e-26
4.86344e-14 1.54596e-37 1.45525e-26
4.88535e-14 1.61399e-37 1.45525e-26
4.90735e-14 1.68492e-37 1.45525e-26
4.92945e-14 1.75892e-37 1.45525e-26
4.95165e-14 1.83603e-37 1.45525e-26
4.97395e-14 1.91647e-37 1.45525e-26
4.99635e-14 2.00032e-37 1.45525e-26
5.01886e-14 2.08773e-37 1.45525e-26
5.04146e-14 2.17884e-37 1.45525e-26
5.06416e-14 2.27382e-37 1.45525e-26
5.08697e-14 2.3728e-37 1.45525e-26
5.10988e-14 2.47599e-37 1.45525e-26
5.13289e-14 2.5835e-37 1.45525e-26
5.15601e-14 2.69556e-37 1.45525e-26
5.17923e-14 2.81236e-37 1.45525e-26
5.20256e-14 2.93406e-37 1.45525e-26
5.22599e-14 3.06085e-37 1.45525e-26
5.24953e-14 3.19296e-37 1.45525e-26
5.27317e-14 3.33066e-37 1.45525e-26
5.29692e-14 3.47407e-37 1.45525e-26
5.32077e-14 3.62349e-37 1.45525e-26
5.34474e-14 3.77919e-37 1.45525e-26
5.36881e-14 3.94132e-37 1.45525e-26
5.39299e-14 4.11019e-37 1.45525e-26
5.41728e-14 4.28614e-37 1.45525e-26
5.44167e-14 4.46937e-37 1.45525e-26
5.46618e-14 4.66018e-37 1.45525e-26
5.4908e-14 4.85892e-37 1.45525e-26
5.51553e-14 5.06588e-37 1.45525e-26
5.54037e-14 5.28138e-37 1.45525e-26
5.56532e-14 5.50574e-37 1.45525e-26
5.59039e-14 5.73938e-37 1.45525e-26
5.61556e-14 5.98264e-37 1.45525e-26
5.64085e-14 6.23589e-37 1.45525e-26
5.66626e-14 6.4995e-37 1.45525e-26
5.69178e-14 6.77396e-37 1.45525e-26
5.71741e-14 7.05962e-37 1.45525e-26
5.74316e-14 7.35696e-37 1.45525e-26
5.76903e-14 7.66648e-37 1.45525e-26
5.79501e-14 7.9886e-37 1.45525e-26
5.82111e-14 8.32384e-37 1.45525e-26
5.84732e-14 8.67267e-37 1.45525e-26
5.87366e-14 9.03571e-37 1.45525e-26
5.90011e-14 9.41347e-37 1.45525e-26
5.92668e-14 9.80655e-37 1.45525e-26
5.95338e-14 1.02155e-36 1.45525e-26
5.98019e-14 1.0641e-36 1.45525e-26
6.00712e-14 1.10836e-36 1.45525e-26
6.03418e-14 1.15441e-36 1.45525e-26
6.06135e-14 1.20232e-36 1.45525e-26
6.08865e-14 1.25214e-36 1.45525e-26
6.11607e-14 1.30396e-36 1.45525e-26
6.14362e-14 1.35787e-36 1.45525e-26
6.17129e-14 1.41393e-36 1.45525e-26
6.19908e-14 1.47223e-36 1.45525e-26
6.227e-14 1.53286e-36 1.45525e-26
6.25504e-14 1.59591e-36 1.45525e-26
6.28321e-14 1.66146e-36 1.45525e-26
6.31151e-14 1.72962e-36 1.45525e-26
6.33994e-14 1.80049e-36 1.45525e-26
6.36849e-14 1.87417e-36 1.45525e-26
6.39717e-14 1.95076e-36 1.45525e-26
6.42598e-14 2.03039e-36 1.45525e-26
6.45492e-14 2.11316e-36 1.45525e-26
6.484e-14 2.19919e-36 1.45525e-26
6.5132e-14 2.28861e-36 1.45525e-26
6.54253e-14 2.38155e-36 1.45525e-26
6.572e-14 2.47814e-36 1.45525e-26
6.6016e-14 2.57852e-36 1.45525e-26
6.63133e-14 2.68283e-36 1.45525e-26
6.66119e-14 2.79122e-36 1.45525e-26
6.69119e-14 2.90384e-36 1.45525e-26
6.72133e-14 3.02085e-36 1.45525e-26
6.7516e-14 3.14243e-36 1.45525e-26
6.78201e-14 3.26873e-36 1.45525e-26
6.81255e-14 3.39994e-36 1.45525e-26
6.84323e-14 3.53624e-36 1.45525e-26
6.87405e-14 3.67783e-36 1.45525e-26
6.90501e-14 3.82489e-36 1.45525e-26
6.93611e-14 3.97763e-36 1.45525e-26
6.96735e-14 4.13626e-36 1.45525e-26
6.99873e-14 4.30101e-36 1.45525e-26
7.03025e-14 4.47209e-36 1.45525e-26
7.06191e-14 4.64975e-36 1.45525e-26
7.09371e-14 4.83423e-36 1.45525e-26
7.12566e-14 5.02577e-36 1.45525e-26
7.15775e-14 5.22464e-36 1.45525e-26
7.18999e-14 5.43111e-36 1.45525e-26
7.22237e-14 5.64546e-36 1.45525e-26
7.2549e-14 5.86797e-36 1.45525e-26
7.28757e-14 6.09896e-36 1.45525e-26
7.32039e-14 6.33871e-36 1.45525e-26
7.35336e-14 6.58756e-36 1.45525e-26
7.38648e-14 6.84585e-36 1.45525e-26
7.41975e-14 7.1139e-36 1.45525e-26
7.45316e-14 7.39209e-36 1.45525e-26
7.48673e-14 7.68077e-36 1.45525e-26
7.52045e-14 7.98032e-36 1.45525e-26
7.55432e-14 8.29114e-36 1.45525e-26
7.58834e-14 8.61364e-36 1.45525e-26
7.62252e-14 8.94824e-36 1.45525e-26
7.65685e-14 9.29537e-36 1.45525e-26
7.69133e-14 9.65549e-36 1.45525e-26
7.72597e-14 1.00291e-35 1.45525e-26
7.76076e-14 1.04166e-35 1.45525e-26
7.79572e-14 1.08185e-35 1.45525e-26
7.83083e-14 1.12354e-35 1.45525e-26
7.86609e-14 1.16678e-35 1.45525e-26
7.90152e-14 1.21162e-35 1.45525e-26
7.93711e-14 1.25812e-35 1.45525e-26
7.97285e-14 1.30634e-35 1.45525e-26
8.00876e-14 1.35634e-35 1.45525e-26
8.04483e-14 1.40819e-35 1.45525e-26
8.08106e-14 1.46194e-35 1.45525e-26
8.11746e-14 1.51768e-35 1.45525e-26
8.15402e-14 1.57545e-35 1.45525e-26
8.19074e-14 1.63535e-35 1.45525e-26
8.22763e-14 1.69744e-35 1.45525e-26
8.26468e-14 1.7618e-35 1.45525e-26
8.3019e-14 1.82851e-35 1.45525e-26
8.33929e-14 1.89764e-35 1.45525e-26
8.37685e-14 1.9693e-35 1.45525e-26
8.41458e-14 2.04356e-35 1.45525e-26
8.45247e-14 2.12051e-35 1.45525e-26
8.49054e-14 2.20026e-35 1.45525e-26
8.52878e-14 2.28289e-35 1.45525e-26
8.56719e-14 2.3685e-35 1.45525e-26
8.60578e-14 2.4572e-35 1.45525e-26
8.64453e-14 2.5491e-35 1.45525e-26
8.68347e-14 2.6443e-35 1.45525e-26
8.72257e-14 2.74293e-35 1.45525e-26
8.76186e-14 2.84509e-35 1.45525e-26
8.80132e-14 2.9509e-35 1.45525e-26
8.84096e-14 3.06051e-35 1.45525e-26
8.88077e-14 3.17402e-35 1.45525e-26
8.92077e-14 3.29158e-35 1.45525e-26
8.96095e-14 3.41333e-35 1.45525e-26
9.00131e-14 3.5394e-35 1.45525e-26
9.04184e-14 3.66995e-35 1.45525e-26
9.08257e-14 3.80513e-35 1.45525e-26
9.12347e-14 3.94509e-35 1.45525e-26
9.16456e-14 4.08999e-35 1.45525e-26
9.20584e-14 4.24001e-35 1.45525e-26
9.2473e-14 4.39531e-35 1.45525e-26
9.28894e-14 4.55607e-35 1.45525e-26
9.33078e-14 4.72248e-35 1.45525e-26
9.3728e-14 4.89472e-35 1.45525e-26
9.41501e-14 5.07299e-35 1.45525e-26
9.45742e-14 5.2575e-35 1.45525e-26
9.50001e-14 5.44845e-35 1.45525e-26
9.54279e-14 5.64605e-35 1.45525e-26
9.58577e-14 5.85053e-35 1.45525e-26
9.62894e-14 6.06211e-35 1.45525e-26
9.67231e-14 6.28104e-35 1.45525e-26
9.71587e-14 6.50755e-35 1.45525e-26
9.75963e-14 6.74189e-35 1.45525e-26
9.80358e-14 6.98432e-35 1.45525e-26
9.84774e-14 7.23512e-35 1.45525e-26
9.89209e-14 7.49455e-35 1.45525e-26
9.93664e-14 7.7629e-35 1.45525e-26
9.98139e-14 8.04046e-35 1.45525e-26
1.00263e-13 8.32753e-35 1.45525e-26
1.00715e-13 8.62442e-35 1.45525e-26
1.01169e-13 8.93145e-35 1.45525e-26
1.01624e-13 9.24896e-35 1.45525e-26
1.02082e-13 9.57728e-35 1.45525e-26
1.02542e-13 9.91677e-35 1.45525e-26
1.03003e-13 1.02678e-34 1.45525e-26
1.03467e-13 1.06307e-34 1.45525e-26
1.03933e-13 1.10059e-34 1.45525e-26
1.04401e-13 1.13938e-34 1.45525e-26
1.04872e-13 1.17947e-34 1.45525e-26
1.05344e-13 1.22092e-34 1.45525e-26
1.05818e-13 1.26376e-34 1.45525e-26
1.06295e-13 1.30804e-34 1.45525e-26
1.06774e-13 1.3538e-34 1.45525e-26
1.07255e-13 1.40109e-34 1.45525e-26
1.07738e-13 1.44997e-34 1.45525e-26
1.08223e-13 1.50048e-34 1.45525e-26
1.0871e-13 1.55267e-34 1.45525e-26
1.092e-13 1.60659e-34 1.45525e-26
1.09692e-13 1.66231e-34 1.45525e-26
1.10186e-13 1.71987e-34 1.45525e-26
1.10682e-13 1.77934e-34 1.45525e-26
1.1118e-13 1.84077e-34 1.45525e-26
1.11681e-13 1.90423e-34 1.45525e-26
1.12184e-13 1.96979e-34 1.45525e-26
1.12689e-13 2.03749e-34 1.45525e-26
1.13197e-13 2.10742e-34 1.45525e-26
1.13707e-13 2.17965e-34 1.45525e-26
1.14219e-13 2.25423e-34 1.45525e-26
1.14733e-13 2.33126e-34 1.45525e-26
1.1525e-13 2.4108e-34 1.45525e-26
1.15769e-13 2.49293e-34 1.45525e-26
1.1629e-13 2.57772e-34 1.45525e-26
1.16814e-13 2.66528e-34 1.45525e-26
1.1734e-13 2.75567e-34 1.45525e-26
1.17869e-13 2.84898e-34 1.45525e-26
1.18399e-13 2.94531e-34 1.45525e-26
1.18933e-13 3.04475e-34 1.45525e-26
1.19468e-13 3.14739e-34 1.45525e-26
1.20006e-13 3.25333e-34 1.45525e-26
1.20547e-13 3.36266e-34 1.45525e-26
1.2109e-13 3.47551e-34 1.45525e-26
1.21635e-13 3.59196e-34 1.45525e-26
1.22183e-13 3.71213e-34 1.45525e-26
1.22733e-13 3.83613e-34 1.45525e-26
1.23286e-13 3.96408e-34 1.45525e-26
1.23841e-13 4.0961e-34 1.45525e-26
1.24399e-13 4.2323e-34 1.45525e-26
1.24959e-13 4.37282e-34 1.45525e-26
1.25522e-13 4.51778e-34 1.45525e-26
1.26087e-13 4.66731e-34 1.45525e-26
1.26655e-13 4.82156e-34 1.45525e-26
1.27226e-13 4.98066e-34 1.45525e-26
1.27799e-13 5.14476e-34 1.45525e-26
1.28374e-13 5.314e-34 1.45525e-26
1.28952e-13 5.48854e-34 1.45525e-26
1.29533e-13 5.66854e-34 1.45525e-26
1.30116e-13 5.85414e-34 1.45525e-26
1.30702e-13 6.04553e-34 1.45525e-26
1.31291e-13 6.24287e-34 1.45525e-26
1.31882e-13 6.44634e-34 1.45524e-26
1.32476e-13 6.65611e-34 1.45524e-26
1.33073e-13 6.87237e-34 1.45524e-26
1.33672e-13 7.0953e-34 1.45524e-26
1.34274e-13 7.32511e-34 1.45524e-26
1.34879e-13 7.56199e-34 1.45524e-26
1.35487e-13 7.80614e-34 1.45524e-26
1.36097e-13 8.05778e-34 1.45524e-26
1.3671e-13 8.31713e-34 1.45524e-26
1.37325e-13 8.5844e-34 1.45524e-26
1.37944e-13 8.85983e-34 1.45524e-26
1.38565e-13 9.14364e-34 1.45524e-26
1.39189e-13 9.43608e-34 1.45524e-26
1.39816e-13 9.7374e-34 1.45524e-26
1.40446e-13 1.00478e-33 1.45524e-26
1.41078e-13 1.03677e-33 1.45524e-26
1.41714e-13 1.06972e-33 1.45524e-26
1.42352e-13 1.10366e-33 1.45524e-26
1.42993e-13 1.13862e-33 1.45524e-26
1.43637e-13 1.17464e-33 1.45524e-26
1.44284e-13 1.21173e-33 1.45524e-26
1.44934e-13 1.24993e-33 1.45524e-26
1.45586e-13 1.28928e-33 1.45524e-26
1.46242e-13 1.3298e-33 1.45524e-26
1.46901e-13 1.37152e-33 1.45524e-26
1.47562e-13 1.41448e-33 1.45524e-26
1.48227e-13 1.45872e-33 1.45524e-26
1.48894e-13 1.50427e-33 1.45524e-26
1.49565e-13 1.55116e-33 1.45524e-26
1.50239e-13 1.59944e-33 1.45524e-26
1.50915e-13 1.64914e-33 1.45524e-26
1.51595e-13 1.7003e-33 1.45524e-26
1.52278e-13 1.75296e-33 1.45524e-26
1.52963e-13 1.80717e-33 1.45524e-26
1.53652e-13 1.86296e-33 1.45524e-26
1.54344e-13 1.92037e-33 1.45524e-26
1.5504e-13 1.97947e-33 1.45524e-26
1.55738e-13 2.04027e-33 1.45524e-26
1.56439e-13 2.10285e-33 1.45524e-26
1.57144e-13 2.16724e-33 1.45524e-26
1.57851e-13 2.23349e-33 1.45524e-26
1.58562e-13 2.30165e-33 1.45524e-26
1.59277e-13 2.37178e-33 1.45524e-26
1.59994e-13 2.44392e-33 1.45524e-26
1.60714e-13 2.51813e-33 1.45524e-26
1.61438e-13 2.59448e-33 1.45524e-26
1.62165e-13 2.673e-33 1.45524e-26
1.62896e-13 2.75377e-33 1.45524e-26
1.63629e-13 2.83684e-33 1.45524e-26
1.64366e-13 2.92227e-33 1.45524e-26
1.65106e-13 3.01013e-33 1.45524e-26
1.6585e-13 3.10048e-33 1.45524e-26
1.66597e-13 3.19339e-33 1.45524e-26
1.67347e-13 3.28892e-33 1.45524e-26
1.68101e-13 3.38714e-33 1.45524e-26
1.68858e-13 3.48812e-33 1.45524e-26
1.69619e-13 3.59194e-33 1.45524e-26
1.70382e-13 3.69867e-33 1.45524e-26
1.7115e-13 3.80839e-33 1.45523e-26
1.71921e-13 3.92117e-33 1.45523e-26
1.72695e-13 4.03709e-33 1.45523e-26
1.73473e-13 4.15623e-33 1.45523e-26
1.74254e-13 4.27869e-33 1.45523e-26
1.75039e-13 4.40453e-33 1.45523e-26
1.75827e-13 4.53386e-33 1.45523e-26
1.76619e-13 4.66676e-33 1.45523e-26
1.77414e-13 4.80332e-33 1.45523e-26
1.78213e-13 4.94363e-33 1.45523e-26
1.79016e-13 5.0878e-33 1.45523e-26
1.79822e-13 5.23591e-33 1.45523e-26
1.80632e-13 5.38807e-33 1.45523e-26
1.81446e-13 5.54439e-33 1.45523e-26
1.82263e-13 5.70496e-33 1.45523e-26
1.83084e-13 5.8699e-33 1.45523e-26
1.83908e-13 6.03931e-33 1.45523e-26
1.84736e-13 6.21331e-33 1.45523e-26
1.85568e-13 6.39201e-33 1.45523e-26
1.86404e-13 6.57553e-33 1.45523e-26
1.87244e-13 6.764e-33 1.45522e-26
1.88087e-13 6.95752e-33 1.45522e-26
1.88934e-13 7.15623e-33 1.45522e-26
1.89785e-13 7.36027e-33 1.45522e-26
1.9064e-13 7.56975e-33 1.45522e-26
1.91498e-13 7.78481e-33 1.45522e-26
1.92361e-13 8.0056e-33 1.45522e-26
1.93227e-13 8.23224e-33 1.45522e-26
1.94097e-13 8.4649e-33 1.45522e-26
1.94972e-13 8.7037e-33 1.45522e-26
1.9585e-13 8.94881e-33 1.45522e-26
1.96732e-13 9.20038e-33 1.45522e-26
1.97618e-13 9.45855e-33 1.45521e-26
1.98508e-13 9.7235e-33 1.45521e-26
1.99402e-13 9.99539e-33 1.45521e-26
2.003e-13 1.02744e-32 1.45521e-26
2.01202e-13 1.05606e-32 1.45521e-26
2.02108e-13 1.08544e-32 1.45521e-26
2.03018e-13 1.11557e-32 1.45521e-26
2.03933e-13 1.14649e-32 1.45521e-26
2.04851e-13 1.1782e-32 1.45521e-26
2.05774e-13 1.21073e-32 1.45521e-26
2.067e-13 1.2441e-32 1.4552e-26
2.07631e-13 1.27833e-32 1.4552e-26
2.08566e-13 1.31344e-32 1.4552e-26
2.09506e-13 1.34945e-32 1.4552e-26
2.10449e-13 1.38637e-32 1.4552e-26
2.11397e-13 1.42424e-32 1.4552e-26
2.12349e-13 1.46307e-32 1.4552e-26
2.13306e-13 1.50289e-32 1.45519e-26
2.14266e-13 1.54372e-32 1.45519e-26
2.15231e-13 1.58557e-32 1.45519e-26
2.16201e-13 1.62849e-32 1.45519e-26
2.17174e-13 1.67248e-32 1.45519e-26
2.18152e-13 1.71758e-32 1.45519e-26
2.19135e-13 1.76382e-32 1.45519e-26
2.20122e-13 1.8112e-32 1.45518e-26
2.21113e-13 1.85978e-32 1.45518e-26
2.22109e-13 1.90956e-32 1.45518e-26
2.23109e-13 1.96058e-32 1.45518e-26
2.24114e-13 2.01286e-32 1.45518e-26
2.25123e-13 2.06644e-32 1.45517e-26
2.26137e-13 2.12134e-32 1.45517e-26
2.27156e-13 2.1776e-32 1.45517e-26
2.28179e-13 2.23524e-32 1.45517e-26
2.29206e-13 2.2943e-32 1.45517e-26
2.30239e-13 2.3548e-32 1.45516e-26
2.31276e-13 2.41678e-32 1.45516e-26
2.32317e-13 2.48028e-32 1.45516e-26
2.33364e-13 2.54531e-32 1.45516e-26
2.34415e-13 2.61193e-32 1.45515e-26
2.3547e-13 2.68016e-32 1.45515e-26
2.36531e-13 2.75005e-32 1.45515e-26
2.37596e-13 2.82161e-32 1.45515e-26
2.38666e-13 2.89491e-32 1.45514e-26
2.39741e-13 2.96996e-32 1.45514e-26
2.40821e-13 3.04681e-32 1.45514e-26
2.41905e-13 3.1255e-32 1.45513e-26
2.42995e-13 3.20606e-32 1.45513e-26
2.44089e-13 3.28855e-32 1.45513e-26
2.45188e-13 3.37299e-32 1.45512e-26
2.46293e-13 3.45943e-32 1.45512e-26
2.47402e-13 3.54793e-32 1.45512e-26
2.48516e-13 3.6385e-32 1.45511e-26
2.49635e-13 3.73122e-32 1.45511e-26
2.5076e-13 3.82611e-32 1.45511e-26
2.51889e-13 3.92322e-32 1.4551e-26
2.53023e-13 4.02261e-32 1.4551e-26
2.54163e-13 4.12431e-32 1.45509e-26
2.55308e-13 4.22838e-32 1.45509e-26
2.56458e-13 4.33487e-32 1.45509e-26
2.57613e-13 4.44383e-32 1.45508e-26
2.58773e-13 4.55531e-32 1.45508e-26
2.59938e-13 4.66936e-32 1.45507e-26
2.61109e-13 4.78604e-32 1.45507e-26
2.62285e-13 4.9054e-32 1.45506e-26
2.63466e-13 5.02749e-32 1.45506e-26
2.64653e-13 5.15237e-32 1.45505e-26
2.65845e-13 5.2801e-32 1.45505e-26
2.67042e-13 5.41074e-32 1.45504e-26
2.68245e-13 5.54434e-32 1.45504e-26
2.69453e-13 5.68097e-32 1.45503e-26
2.70666e-13 5.82069e-32 1.45503e-26
2.71885e-13 5.96356e-32 1.45502e-26
2.7311e-13 6.10964e-32 1.45501e-26
2.7434e-13 6.259e-32 1.45501e-26
2.75575e-13 6.41171e-32 1.455e-26
2.76816e-13 6.56782e-32 1.455e-26
2.78063e-13 6.72741e-32 1.45499e-26
2.79315e-13 6.89055e-32 1.45498e-26
2.80573e-13 7.05731e-32 1.45498e-26
2.81837e-13 7.22776e-32 1.45497e-26
2.83106e-13 7.40197e-32 1.45496e-26
2.84381e-13 7.58002e-32 1.45495e-26
2.85662e-13 7.76198e-32 1.45495e-26
2.86949e-13 7.94792e-32 1.45494e-26
2.88241e-13 8.13793e-32 1.45493e-26
2.89539e-13 8.33209e-32 1.45492e-26
2.90843e-13 8.53047e-32 1.45491e-26
2.92153e-13 8.73315e-32 1.45491e-26
2.93469e-13 8.94022e-32 1.4549e-26
2.9479e-13 9.15177e-32 1.45489e-26
2.96118e-13 9.36787e-32 1.45488e-26
2.97452e-13 9.58861e-32 1.45487e-26
2.98791e-13 9.81409e-32 1.45486e-26
3.00137e-13 1.00444e-31 1.45485e-26
3.01489e-13 1.02796e-31 1.45484e-26
3.02847e-13 1.05198e-31 1.45483e-26
3.0421e-13 1.07652e-31 1.45482e-26
3.05581e-13 1.10157e-31 1.45481e-26
3.06957e-13 1.12715e-31 1.4548e-26
3.08339e-13 1.15327e-31 1.45479e-26
3.09728e-13 1.17994e-31 1.45477e-26
3.11123e-13 1.20716e-31 1.45476e-26
3.12524e-13 1.23496e-31 1.45475e-26
3.13932e-13 1.26334e-31 1.45474e-26
3.15345e-13 1.2923e-31 1.45473e-26
3.16766e-13 1.32187e-31 1.45471e-26
3.18192e-13 1.35205e-31 1.4547e-26
3.19625e-13 1.38286e-31 1.45469e-26
3.21065e-13 1.4143e-31 1.45467e-26
3.22511e-13 1.44638e-31 1.45466e-26
3.23963e-13 1.47912e-31 1.45464e-26
3.25422e-13 1.51253e-31 1.45463e-26
3.26888e-13 1.54662e-31 1.45461e-26
3.2836e-13 1.58141e-31 1.4546e-26
3.29839e-13 1.6169e-31 1.45458e-26
3.31324e-13 1.65311e-31 1.45457e-26
3.32817e-13 1.69004e-31 1.45455e-26
3.34316e-13 1.72773e-31 1.45453e-26
3.35821e-13 1.76616e-31 1.45452e-26
3.37334e-13 1.80537e-31 1.4545e-26
3.38853e-13 1.84536e-31 1.45448e-26
3.40379e-13 1.88615e-31 1.45446e-26
3.41912e-13 1.92774e-31 1.45444e-26
3.43452e-13 1.97016e-31 1.45442e-26
3.44999e-13 2.01342e-31 1.4544e-26
3.46552e-13 2.05753e-31 1.45438e-26
3.48113e-13 2.1025e-31 1.45436e-26
3.49681e-13 2.14836e-31 1.45434e-26
3.51256e-13 2.19511e-31 1.45432e-26
3.52838e-13 2.24278e-31 1.4543e-26
3.54427e-13 2.29137e-31 1.45428e-26
3.56023e-13 2.3409e-31 1.45425e-26
3.57627e-13 2.39139e-31 1.45423e-26
3.59237e-13 2.44285e-31 1.45421e-26
3.60855e-13 2.49531e-31 1.45418e-26
3.6248e-13 2.54876e-31 1.45416e-26
3.64113e-13 2.60324e-31 1.45413e-26
3.65753e-13 2.65876e-31 1.4541e-26
3.674e-13 2.71533e-31 1.45408e-26
3.69055e-13 2.77298e-31 1.45405e-26
3.70717e-13 2.83171e-31 1.45402e-26
3.72386e-13 2.89156e-31 1.45399e-26
3.74063e-13 2.95252e-31 1.45397e-26
3.75748e-13 3.01463e-31 1.45394e-26
3.7744e-13 3.07791e-31 1.45391e-26
3.7914e-13 3.14236e-31 1.45388e-26
3.80848e-13 3.208e-31 1.45384e-26
3.82563e-13 3.27487e-31 1.45381e-26
3.84286e-13 3.34297e-31 1.45378e-26
3.86017e-13 3.41233e-31 1.45375e-26
3.87755e-13 3.48296e-31 1.45371e-26
3.89502e-13 3.55488e-31 1.45368e-26
3.91256e-13 3.62812e-31 1.45364e-26
3.93018e-13 3.70269e-31 1.4536e-26
3.94788e-13 3.77862e-31 1.45357e-26
3.96566e-13 3.85592e-31 1.45353e-26
3.98352e-13 3.93462e-31 1.45349e-26
4.00146e-13 4.01473e-31 1.45345e-26
4.01948e-13 4.09629e-31 1.45341e-26
4.03758e-13 4.1793e-31 1.45337e-26
4.05577e-13 4.26379e-31 1.45333e-26
4.07403e-13 4.34979e-31 1.45329e-26
4.09238e-13 4.43731e-31 1.45324e-26
4.11081e-13 4.52638e-31 1.4532e-26
4.12933e-13 4.61702e-31 1.45315e-26
4.14792e-13 4.70926e-31 1.45311e-26
4.16661e-13 4.80311e-31 1.45306e-26
4.18537e-13 4.8986e-31 1.45301e-26
4.20422e-13 4.99575e-31 1.45296e-26
4.22315e-13 5.09459e-31 1.45291e-26
4.24217e-13 5.19514e-31 1.45286e-26
4.26128e-13 5.29743e-31 1.45281e-26
4.28047e-13 5.40148e-31 1.45276e-26
4.29975e-13 5.50731e-31 1.4527e-26
4.31911e-13 5.61495e-31 1.45265e-26
4.33857e-13 5.72443e-31 1.45259e-26
4.35811e-13 5.83577e-31 1.45253e-26
4.37773e-13 5.94899e-31 1.45248e-26
4.39745e-13 6.06413e-31 1.45242e-26
4.41725e-13 6.1812e-31 1.45236e-26
4.43715e-13 6.30024e-31 1.45229e-26
4.45713e-13 6.42127e-31 1.45223e-26
4.47721e-13 6.54432e-31 1.45217e-26
4.49737e-13 6.66941e-31 1.4521e-26
4.51762e-13 6.79657e-31 1.45204e-26
4.53797e-13 6.92584e-31 1.45197e-26
4.55841e-13 7.05723e-31 1.4519e-26
4.57894e-13 7.19078e-31 1.45183e-26
4.59956e-13 7.32652e-31 1.45176e-26
4.62028e-13 7.46446e-31 1.45168e-26
4.64108e-13 7.60465e-31 1.45161e-26
4.66199e-13 7.74711e-31 1.45153e-26
4.68298e-13 7.89186e-31 1.45145e-26
4.70407e-13 8.03895e-31 1.45138e-26
4.72526e-13 8.18839e-31 1.45129e-26
4.74654e-13 8.34023e-31 1.45121e-26
4.76792e-13 8.49448e-31 1.45113e-26
4.78939e-13 8.65117e-31 1.45104e-26
4.81096e-13 8.81035e-31 1.45096e-26
4.83263e-13 8.97204e-31 1.45087e-26
4.85439e-13 9.13627e-31 1.45078e-26
4.87626e-13 9.30307e-31 1.45069e-26
4.89822e-13 9.47247e-31 1.4506e-26
4.92028e-13 9.64451e-31 1.4505e-26
4.94244e-13 9.81921e-31 1.4504e-26
4.9647e-13 9.99662e-31 1.45031e-26
4.98705e-13 1.01767e-30 1.45021e-26
5.00952e-13 1.03596e-30 1.4501e-26
5.03208e-13 1.05453e-30 1.45e-26
5.05474e-13 1.07339e-30 1.4499e-26
5.0775e-13 1.09252e-30 1.44979e-26
5.10037e-13 1.11195e-30 1.44968e-26
5.12334e-13 1.13167e-30 1.44957e-26
5.14642e-13 1.15169e-30 1.44945e-26
5.16959e-13 1.172e-30 1.44934e-26
5.19288e-13 1.19262e-30 1.44922e-26
5.21626e-13 1.21355e-30 1.4491e-26
5.23976e-13 1.23478e-30 1.44898e-26
5.26336e-13 1.25633e-30 1.44886e-26
5.28706e-13 1.2782e-30 1.44873e-26
5.31087e-13 1.30038e-30 1.4486e-26
5.33479e-13 1.32289e-30 1.44847e-26
5.35882e-13 1.34572e-30 1.44834e-26
5.38295e-13 1.36889e-30 1.44821e-26
5.40719e-13 1.39239e-30 1.44807e-26
5.43155e-13 1.41623e-30 1.44793e-26
5.45601e-13 1.44041e-30 1.44779e-26
5.48058e-13 1.46493e-30 1.44765e-26
5.50526e-13 1.4898e-30 1.4475e-26
5.53006e-13 1.51503e-30 1.44735e-26
5.55496e-13 1.54061e-30 1.4472e-26
5.57998e-13 1.56655e-30 1.44705e-26
5.60511e-13 1.59285e-30 1.44689e-26
5.63036e-13 1.61952e-30 1.44673e-26
5.65571e-13 1.64656e-30 1.44657e-26
5.68119e-13 1.67397e-30 1.4464e-26
5.70677e-13 1.70176e-30 1.44624e-26
5.73247e-13 1.72993e-30 1.44607e-26
5.75829e-13 1.75849e-30 1.44589e-26
5.78422e-13 1.78744e-30 1.44572e-26
5.81027e-13 1.81677e-30 1.44554e-26
5.83644e-13 1.84651e-30 1.44536e-26
5.86273e-13 1.87664e-30 1.44517e-26
5.88913e-13 1.90718e-30 1.44498e-26
5.91566e-13 1.93813e-30 1.44479e-26
5.9423e-13 1.96948e-30 1.4446e-26
5.96906e-13 2.00126e-30 1.4444e-26
5.99594e-13 2.03345e-30 1.4442e-26
6.02295e-13 2.06606e-30 1.444e-26
6.05007e-13 2.0991e-30 1.44379e-26
6.07732e-13 2.13257e-30 1.44358e-26
6.10469e-13 2.16647e-30 1.44337e-26
6.13218e-13 2.20081e-30 1.44315e-26
6.1598e-13 2.23559e-30 1.44293e-26
6.18754e-13 2.27082e-30 1.44271e-26
6.21541e-13 2.3065e-30 1.44248e-26
6.2434e-13 2.34263e-30 1.44225e-26
6.27152e-13 2.37921e-30 1.44202e-26
6.29977e-13 2.41626e-30 1.44178e-26
6.32814e-13 2.45377e-30 1.44154e-26
6.35664e-13 2.49174e-30 1.44129e-26
6.38527e-13 2.53019e-30 1.44104e-26
6.41403e-13 2.56912e-30 1.44079e-26
6.44291e-13 2.60852e-30 1.44053e-26
6.47193e-13 2.6484e-30 1.44027e-26
6.50108e-13 2.68878e-30 1.44001e-26
6.53036e-13 2.72964e-30 1.43974e-26
6.55977e-13 2.77099e-30 1.43946e-26
6.58931e-13 2.81285e-30 1.43919e-26
6.61899e-13 2.8552e-30 1.43891e-26
6.6488e-13 2.89806e-30 1.43862e-26
6.67874e-13 2.94143e-30 1.43833e-26
6.70882e-13 2.98531e-30 1.43804e-26
6.73903e-13 3.0297e-30 1.43774e-26
6.76938e-13 3.07462e-30 1.43744e-26
6.79987e-13 3.12006e-30 1.43713e-26
6.8305e-13 3.16602e-30 1.43682e-26
6.86126e-13 3.21252e-30 1.4365e-26
6.89216e-13 3.25955e-30 1.43618e-26
6.9232e-13 3.30711e-30 1.43585e-26
6.95438e-13 3.35522e-30 1.43552e-26
6.9857e-13 3.40387e-30 1.43519e-26
7.01716e-13 3.45307e-30 1.43485e-26
7.04877e-13 3.50282e-30 1.4345e-26
7.08051e-13 3.55312e-30 1.43415e-26
7.1124e-13 3.60398e-30 1.43379e-26
7.14443e-13 3.65541e-30 1.43343e-26
7.17661e-13 3.70739e-30 1.43307e-26
7.20893e-13 3.75995e-30 1.4327e-26
7.2414e-13 3.81308e-30 1.43232e-26
7.27401e-13 3.86678e-30 1.43194e-26
7.30677e-13 3.92106e-30 1.43155e-26
7.33968e-13 3.97592e-30 1.43116e-26
7.37273e-13 4.03136e-30 1.43076e-26
7.40594e-13 4.08739e-30 1.43036e-26
7.43929e-13 4.14401e-30 1.42995e-26
7.4728e-13 4.20123e-30 1.42954e-26
7.50645e-13 4.25904e-30 1.42912e-26
7.54026e-13 4.31745e-30 1.42869e-26
7.57422e-13 4.37646e-30 1.42826e-26
7.60833e-13 4.43608e-30 1.42782e-26
7.6426e-13 4.4963e-30 1.42738e-26
7.67702e-13 4.55713e-30 1.42693e-26
7.71159e-13 4.61858e-30 1.42647e-26
7.74632e-13 4.68065e-30 1.42601e-26
7.78121e-13 4.74333e-30 1.42554e-26
7.81625e-13 4.80664e-30 1.42507e-26
7.85146e-13 4.87057e-30 1.42459e-26
7.88682e-13 4.93512e-30 1.4241e-26
7.92234e-13 5.00031e-30 1.42361e-26
7.95802e-13 5.06612e-30 1.42311e-26
7.99386e-13 5.13257e-30 1.4226e-26
8.02986e-13 5.19966e-30 1.42209e-26
8.06602e-13 5.26738e-30 1.42157e-26
8.10235e-13 5.33575e-30 1.42104e-26
8.13884e-13 5.40475e-30 1.42051e-26
8.1755e-13 5.47441e-30 1.41997e-26
8.21232e-13 5.54471e-30 1.41942e-26
8.2493e-13 5.61566e-30 1.41887e-26
8.28645e-13 5.68726e-30 1.4183e-26
8.32377e-13 5.75951e-30 1.41774e-26
8.36126e-13 5.83242e-30 1.41716e-26
8.39892e-13 5.90598e-30 1.41658e-26
8.43674e-13 5.9802e-30 1.41599e-26
8.47474e-13 6.05508e-30 1.41539e-26
8.51291e-13 6.13062e-30 1.41478e-26
8.55125e-13 6.20683e-30 1.41417e-26
8.58976e-13 6.2837e-30 1.41355e-26
8.62845e-13 6.36123e-30 1.41292e-26
8.66731e-13 6.43944e-30 1.41228e-26
8.70634e-13 6.51831e-30 1.41164e-26
8.74555e-13 6.59784e-30 1.41099e-26
8.78494e-13 6.67805e-30 1.41033e-26
8.82451e-13 6.75893e-30 1.40966e-26
8.86425e-13 6.84049e-30 1.40898e-26
8.90417e-13 6.92271e-30 1.4083e-26
8.94427e-13 7.00561e-30 1.40761e-26
8.98455e-13 7.08918e-30 1.40691e-26
9.02502e-13 7.17343e-30 1.4062e-26
9.06566e-13 7.25835e-30 1.40548e-26
9.10649e-13 7.34395e-30 1.40476e-26
9.14751e-13 7.43023e-30 1.40402e-26
9.1887e-13 7.51718e-30 1.40328e-26
9.23009e-13 7.60481e-30 1.40253e-26
9.27166e-13 7.69312e-30 1.40177e-26
9.31341e-13 7.7821e-30 1.401e-26
9.35536e-13 7.87176e-30 1.40022e-26
9.39749e-13 7.9621e-30 1.39943e-26
9.43982e-13 8.05311e-30 1.39864e-26
9.48233e-13 8.1448e-30 1.39783e-26
9.52504e-13 8.23716e-30 1.39702e-26
9.56793e-13 8.3302e-30 1.39619e-26
9.61103e-13 8.42392e-30 1.39536e-26
9.65431e-13 8.5183e-30 1.39452e-26
9.69779e-13 8.61337e-30 1.39366e-26
9.74147e-13 8.7091e-30 1.3928e-26
9.78534e-13 8.8055e-30 1.39193e-26
9.82941e-13 8.90258e-30 1.39105e-26
9.87368e-13 9.00032e-30 1.39016e-26
9.91815e-13 9.09873e-30 1.38926e-26
9.96282e-13 9.19781e-30 1.38835e-26
1.00077e-12 9.29755e-30 1.38743e-26
1.00528e-12 9.39796e-30 1.3865e-26
1.0098e-12 9.49903e-30 1.38556e-26
1.01435e-12 9.60075e-30 1.38461e-26
1.01892e-12 9.70314e-30 1.38365e-26
1.02351e-12 9.80618e-30 1.38268e-26
1.02812e-12 9.90987e-30 1.3817e-26
1.03275e-12 1.00142e-29 1.38071e-26
1.0374e-12 1.01192e-29 1.37971e-26
1.04207e-12 1.02249e-29 1.3787e-26
1.04676e-12 1.03311e-29 1.37767e-26
1.05148e-12 1.04381e-29 1.37664e-26
1.05621e-12 1.05456e-29 1.3756e-26
1.06097e-12 1.06538e-29 1.37454e-26
1.06575e-12 1.07627e-29 1.37348e-26
1.07055e-12 1.08722e-29 1.3724e-26
1.07537e-12 1.09822e-29 1.37131e-26
1.08021e-12 1.1093e-29 1.37022e-26
1.08508e-12 1.12043e-29 1.36911e-26
1.08997e-12 1.13163e-29 1.36799e-26
1.09487e-12 1.14288e-29 1.36685e-26
1.09981e-12 1.1542e-29 1.36571e-26
1.10476e-12 1.16558e-29 1.36456e-26
1.10973e-12 1.17702e-29 1.36339e-26
1.11473e-12 1.18852e-29 1.36221e-26
1.11975e-12 1.20008e-29 1.36103e-26
1.1248e-12 1.21169e-29 1.35983e-26
1.12986e-12 1.22337e-29 1.35861e-26
1.13495e-12 1.2351e-29 1.35739e-26
1.14006e-12 1.24689e-29 1.35616e-26
1.1452e-12 1.25874e-29 1.35491e-26
1.15035e-12 1.27065e-29 1.35365e-26
1.15553e-12 1.28261e-29 1.35238e-26
1.16074e-12 1.29462e-29 1.3511e-26
1.16597e-12 1.3067e-29 1.3498e-26
1.17122e-12 1.31882e-29 1.3485e-26
1.17649e-12 1.331e-29 1.34718e-26
1.18179e-12 1.34324e-29 1.34585e-26
1.18711e-12 1.35552e-29 1.3445e-26
1.19246e-12 1.36786e-29 1.34315e-26
1.19783e-12 1.38025e-29 1.34178e-26
1.20323e-12 1.3927e-29 1.3404e-26
1.20864e-12 1.40519e-29 1.33901e-26
1.21409e-12 1.41773e-29 1.3376e-26
1.21956e-12 1.43032e-29 1.33618e-26
1.22505e-12 1.44297e-29 1.33475e-26
1.23057e-12 1.45565e-29 1.33331e-26
1.23611e-12 1.46839e-29 1.33185e-26
1.24167e-12 1.48117e-29 1.33039e-26
1.24727e-12 1.494e-29 1.3289e-26
1.25288e-12 1.50688e-29 1.32741e-26
1.25853e-12 1.51979e-29 1.3259e-26
1.26419e-12 1.53276e-29 1.32438e-26
1.26989e-12 1.54576e-29 1.32285e-26
1.27561e-12 1.55881e-29 1.32131e-26
1.28135e-12 1.5719e-29 1.31975e-26
1.28712e-12 1.58503e-29 1.31817e-26
1.29292e-12 1.5982e-29 1.31659e-26
1.29874e-12 1.61141e-29 1.31499e-26
1.30459e-12 1.62466e-29 1.31338e-26
1.31047e-12 1.63795e-29 1.31176e-26
1.31637e-12 1.65127e-29 1.31012e-26
1.3223e-12 1.66463e-29 1.30847e-26
1.32825e-12 1.67802e-29 1.3068e-26
1.33424e-12 1.69145e-29 1.30512e-26
1.34024e-12 1.70491e-29 1.30343e-26
1.34628e-12 1.7184e-29 1.30173e-26
1.35234e-12 1.73193e-29 1.30001e-26
1.35843e-12 1.74549e-29 1.29828e-26
1.36455e-12 1.75907e-29 1.29653e-26
1.3707e-12 1.77269e-29 1.29477e-26
1.37687e-12 1.78633e-29 1.293e-26
1.38307e-12 1.8e-29 1.29121e-26
1.3893e-12 1.8137e-29 1.28941e-26
1.39556e-12 1.82742e-29 1.2876e-26
1.40184e-12 1.84117e-29 1.28577e-26
1.40816e-12 1.85494e-29 1.28393e-26
1.4145e-12 1.86873e-29 1.28208e-26
1.42087e-12 1.88254e-29 1.28021e-26
1.42727e-12 1.89637e-29 1.27833e-26
1.4337e-12 1.91023e-29 1.27643e-26
1.44015e-12 1.9241e-29 1.27452e-26
1.44664e-12 1.93798e-29 1.27259e-26
1.45315e-12 1.95189e-29 1.27066e-26
1.4597e-12 1.96581e-29 1.2687e-26
1.46627e-12 1.97974e-29 1.26674e-26
1.47288e-12 1.99369e-29 1.26476e-26
1.47951e-12 2.00764e-29 1.26277e-26
1.48617e-12 2.02161e-29 1.26076e-26
1.49287e-12 2.03559e-29 1.25874e-26
1.49959e-12 2.04958e-29 1.2567e-26
1.50634e-12 2.06357e-29 1.25465e-26
1.51313e-12 2.07757e-29 1.25259e-26
1.51994e-12 2.09158e-29 1.25051e-26
1.52679e-12 2.10559e-29 1.24842e-26
1.53366e-12 2.1196e-29 1.24631e-26
1.54057e-12 2.13362e-29 1.24419e-26
1.54751e-12 2.14763e-29 1.24206e-26
1.55448e-12 2.16165e-29 1.23991e-26
1.56148e-12 2.17566e-29 1.23775e-26
1.56851e-12 2.18968e-29 1.23557e-26
1.57558e-12 2.20368e-29 1.23338e-26
1.58267e-12 2.21769e-29 1.23118e-26
1.5898e-12 2.23168e-29 1.22896e-26
1.59696e-12 2.24567e-29 1.22673e-26
1.60415e-12 2.25965e-29 1.22449e-26
1.61138e-12 2.27362e-29 1.22223e-26
1.61864e-12 2.28758e-29 1.21995e-26
1.62592e-12 2.30153e-29 1.21767e-26
1.63325e-12 2.31546e-29 1.21536e-26
1.6406e-12 2.32938e-29 1.21305e-26
1.64799e-12 2.34328e-29 1.21072e-26
1.65541e-12 2.35716e-29 1.20838e-26
1.66287e-12 2.37103e-29 1.20602e-26
1.67036e-12 2.38488e-29 1.20365e-26
1.67788e-12 2.3987e-29 1.20126e-26
1.68544e-12 2.41251e-29 1.19886e-26
1.69303e-12 2.42629e-29 1.19645e-26
1.70065e-12 2.44004e-29 1.19402e-26
1.70831e-12 2.45377e-29 1.19158e-26
1.71601e-12 2.46748e-29 1.18913e-26
1.72374e-12 2.48115e-29 1.18666e-26
1.7315e-12 2.49479e-29 1.18418e-26
1.7393e-12 2.50841e-29 1.18169e-26
1.74713e-12 2.52199e-29 1.17918e-26
1.755e-12 2.53553e-29 1.17666e-26
1.7629e-12 2.54905e-29 1.17412e-26
1.77084e-12 2.56252e-29 1.17157e-26
1.77882e-12 2.57596e-29 1.16901e-26
1.78683e-12 2.58936e-29 1.16643e-26
1.79488e-12 2.60272e-29 1.16384e-26
1.80296e-12 2.61604e-29 1.16124e-26
1.81108e-12 2.62932e-29 1.15863e-26
1.81924e-12 2.64255e-29 1.156e-26
1.82743e-12 2.65574e-29 1.15335e-26
1.83566e-12 2.66888e-29 1.1507e-26
1.84393e-12 2.68197e-29 1.14803e-26
1.85223e-12 2.69502e-29 1.14535e-26
1.86057e-12 2.70801e-29 1.14265e-26
1.86895e-12 2.72096e-29 1.13994e-26
1.87737e-12 2.73385e-29 1.13722e-26
1.88583e-12 2.74668e-29 1.13449e-26
1.89432e-12 2.75947e-29 1.13174e-26
1.90285e-12 2.77219e-29 1.12898e-26
1.91142e-12 2.78486e-29 1.12621e-26
1.92003e-12 2.79747e-29 1.12343e-26
1.92868e-12 2.81001e-29 1.12063e-26
1.93736e-12 2.8225e-29 1.11782e-26
1.94609e-12 2.83492e-29 1.115e-26
1.95485e-12 2.84728e-29 1.11216e-26
1.96366e-12 2.85958e-29 1.10931e-26
1.9725e-12 2.8718e-29 1.10645e-26
1.98138e-12 2.88396e-29 1.10358e-26
1.99031e-12 2.89605e-29 1.1007e-26
1.99927e-12 2.90807e-29 1.0978e-26
2.00827e-12 2.92002e-29 1.09489e-26
2.01732e-12 2.9319e-29 1.09197e-26
2.0264e-12 2.9437e-29 1.08904e-26
2.03553e-12 2.95542e-29 1.0861e-26
2.0447e-12 2.96707e-29 1.08314e-26
2.05391e-12 2.97865e-29 1.08018e-26
2.06316e-12 2.99014e-29 1.0772e-26
2.07245e-12 3.00155e-29 1.07421e-26
2.08178e-12 3.01289e-29 1.07121e-26
2.09116e-12 3.02414e-29 1.06819e-26
2.10058e-12 3.0353e-29 1.06517e-26
2.11004e-12 3.04639e-29 1.06213e-26
2.11954e-12 3.05738e-29 1.05909e-26
2.12909e-12 3.06829e-29 1.05603e-26
2.13867e-12 3.07911e-29 1.05296e-26
2.14831e-12 3.08984e-29 1.04988e-26
2.15798e-12 3.10049e-29 1.04679e-26
2.1677e-12 3.11104e-29 1.04369e-26
2.17746e-12 3.12149e-29 1.04058e-26
2.18727e-12 3.13186e-29 1.03746e-26
2.19712e-12 3.14213e-29 1.03433e-26
2.20702e-12 3.1523e-29 1.03119e-26
2.21696e-12 3.16237e-29 1.02803e-26
2.22694e-12 3.17235e-29 1.02487e-26
2.23697e-12 3.18223e-29 1.0217e-26
2.24704e-12 3.19201e-29 1.01852e-26
2.25716e-12 3.20169e-29 1.01532e-26
2.26733e-12 3.21126e-29 1.01212e-26
2.27754e-12 3.22074e-29 1.00891e-26
2.2878e-12 3.2301e-29 1.00569e-26
2.2981e-12 3.23937e-29 1.00246e-26
2.30845e-12 3.24852e-29 9.99222e-27
2.31885e-12 3.25757e-29 9.95973e-27
2.32929e-12 3.26652e-29 9.92716e-27
2.33978e-12 3.27535e-29 9.89449e-27
2.35032e-12 3.28407e-29 9.86174e-27
2.36091e-12 3.29268e-29 9.8289e-27
2.37154e-12 3.30118e-29 9.79597e-27
2.38222e-12 3.30957e-29 9.76296e-27
2.39295e-12 3.31784e-29 9.72986e-27
2.40373e-12 3.326e-29 9.69668e-27
2.41455e-12 3.33405e-29 9.66342e-27
2.42543e-12 3.34198e-29 9.63008e-27
2.43635e-12 3.34979e-29 9.59666e-27
2.44732e-12 3.35748e-29 9.56317e-27
2.45834e-12 3.36505e-29 9.52959e-27
2.46942e-12 3.37251e-29 9.49594e-27
2.48054e-12 3.37984e-29 9.46222e-27
2.49171e-12 3.38706e-29 9.42842e-27
2.50293e-12 3.39415e-29 9.39455e-27
2.5142e-12 3.40112e-29 9.3606e-27
2.52553e-12 3.40796e-29 9.32659e-27
2.5369e-12 3.41469e-29 9.29251e-27
2.54833e-12 3.42128e-29 9.25837e-27
2.5598e-12 3.42776e-29 9.22415e-27
2.57133e-12 3.4341e-29 9.18988e-27
2.58291e-12 3.44032e-29 9.15554e-27
2.59454e-12 3.44642e-29 9.12113e-27
2.60623e-12 3.45238e-29 9.08667e-27
2.61797e-12 3.45822e-29 9.05214e-27
2.62976e-12 3.46392e-29 9.01756e-27
2.6416e-12 3.4695e-29 8.98292e-27
2.6535e-12 3.47495e-29 8.94823e-27
2.66545e-12 3.48026e-29 8.91348e-27
2.67745e-12 3.48545e-29 8.87868e-27
2.68951e-12 3.4905e-29 8.84382e-27
2.70162e-12 3.49542e-29 8.80892e-27
2.71379e-12 3.50021e-29 8.77396e-27
2.72601e-12 3.50486e-29 8.73896e-27
2.73829e-12 3.50938e-29 8.70391e-27
2.75062e-12 3.51377e-29 8.66882e-27
2.76301e-12 3.51802e-29 8.63368e-27
2.77546e-12 3.52214e-29 8.5985e-27
2.78796e-12 3.52612e-29 8.56328e-27
2.80051e-12 3.52996e-29 8.52802e-27
2.81312e-12 3.53367e-29 8.49272e-27
2.82579e-12 3.53725e-29 8.45738e-27
2.83852e-12 3.54068e-29 8.42201e-27
2.8513e-12 3.54398e-29 8.3866e-27
2.86415e-12 3.54714e-29 8.35116e-27
2.87705e-12 3.55017e-29 8.31569e-27
2.89e-12 3.55305e-29 8.28019e-27
2.90302e-12 3.5558e-29 8.24466e-27
2.91609e-12 3.55841e-29 8.2091e-27
2.92923e-12 3.56088e-29 8.17352e-27
2.94242e-12 3.56321e-29 8.13791e-27
2.95567e-12 3.5654e-29 8.10228e-27
2.96898e-12 3.56746e-29 8.06662e-27
2.98235e-12 3.56937e-29 8.03095e-27
2.99578e-12 3.57114e-29 7.99525e-27
3.00928e-12 3.57278e-29 7.95954e-27
3.02283e-12 3.57427e-29 7.92381e-27
3.03644e-12 3.57563e-29 7.88807e-27
3.05012e-12 3.57685e-29 7.85231e-27
3.06386e-12 3.57792e-29 7.81655e-27
3.07765e-12 3.57886e-29 7.78077e-27
3.09152e-12 3.57965e-29 7.74498e-27
3.10544e-12 3.58031e-29 7.70918e-27
3.11942e-12 3.58083e-29 7.67338e-27
3.13347e-12 3.5812e-29 7.63757e-27
3.14759e-12 3.58144e-29 7.60176e-27
3.16176e-12 3.58154e-29 7.56594e-27
3.176e-12 3.5815e-29 7.53013e-27
3.19031e-12 3.58131e-29 7.49431e-27
3.20467e-12 3.58099e-29 7.4585e-27
3.21911e-12 3.58053e-29 7.42269e-27
3.2336e-12 3.57993e-29 7.38689e-27
3.24817e-12 3.5792e-29 7.35109e-27
3.2628e-12 3.57832e-29 7.31529e-27
3.27749e-12 3.57731e-29 7.27951e-27
3.29225e-12 3.57615e-29 7.24374e-27
3.30708e-12 3.57486e-29 7.20798e-27
3.32197e-12 3.57343e-29 7.17223e-27
3.33693e-12 3.57187e-29 7.13649e-27
3.35196e-12 3.57016e-29 7.10077e-27
3.36706e-12 3.56832e-29 7.06507e-27
3.38222e-12 3.56635e-29 7.02939e-27
3.39746e-12 3.56423e-29 6.99373e-27
3.41276e-12 3.56198e-29 6.95808e-27
3.42813e-12 3.5596e-29 6.92246e-27
3.44357e-12 3.55708e-29 6.88687e-27
3.45908e-12 3.55443e-29 6.8513e-27
3.47465e-12 3.55164e-29 6.81575e-27
3.4903e-12 3.54872e-29 6.78024e-27
3.50602e-12 3.54566e-29 6.74475e-27
3.52181e-12 3.54247e-29 6.70929e-27
3.53767e-12 3.53915e-29 6.67387e-27
3.55361e-12 3.5357e-29 6.63848e-27
3.56961e-12 3.53211e-29 6.60312e-27
3.58569e-12 3.5284e-29 6.5678e-27
3.60184e-12 3.52455e-29 6.53251e-27
3.61806e-12 3.52058e-29 6.49727e-27
3.63435e-12 3.51647e-29 6.46206e-27
3.65072e-12 3.51224e-29 6.4269e-27
3.66716e-12 3.50788e-29 6.39178e-27
3.68368e-12 3.50339e-29 6.3567e-27
3.70027e-12 3.49877e-29 6.32166e-27
3.71693e-12 3.49403e-29 6.28668e-27
3.73367e-12 3.48916e-29 6.25174e-27
3.75049e-12 3.48417e-29 6.21684e-27
3.76738e-12 3.47905e-29 6.182e-27
3.78435e-12 3.47381e-29 6.14721e-27
3.80139e-12 3.46844e-29 6.11247e-27
3.81851e-12 3.46296e-29 6.07779e-27
3.83571e-12 3.45735e-29 6.04316e-27
3.85298e-12 3.45162e-29 6.00859e-27
3.87034e-12 3.44577e-29 5.97407e-27
3.88777e-12 3.4398e-29 5.93961e-27
3.90528e-12 3.43371e-29 5.90521e-27
3.92286e-12 3.42751e-29 5.87088e-27
3.94053e-12 3.42119e-29 5.8366e-27
3.95828e-12 3.41475e-29 5.80239e-27
3.97611e-12 3.4082e-29 5.76824e-27
3.99401e-12 3.40153e-29 5.73416e-27
4.012e-12 3.39475e-29 5.70015e-27
4.03007e-12 3.38785e-29 5.6662e-27
4.04822e-12 3.38085e-29 5.63232e-27
4.06645e-12 3.37373e-29 5.59851e-27
4.08477e-12 3.3665e-29 5.56477e-27
4.10316e-12 3.35916e-29 5.53111e-27
4.12164e-12 3.35172e-29 5.49752e-27
4.1402e-12 3.34417e-29 5.464e-27
4.15885e-12 3.33651e-29 5.43056e-27
4.17758e-12 3.32874e-29 5.39719e-27
4.1964e-12 3.32087e-29 5.36391e-27
4.2153e-12 3.3129e-29 5.3307e-27
4.23428e-12 3.30482e-29 5.29757e-27
4.25335e-12 3.29664e-29 5.26452e-27
4.27251e-12 3.28836e-29 5.23155e-27
4.29175e-12 3.27998e-29 5.19867e-27
4.31108e-12 3.2715e-29 5.16587e-27
4.33049e-12 3.26293e-29 5.13316e-27
4.35e-12 3.25425e-29 5.10053e-27
4.36959e-12 3.24548e-29 5.06798e-27
4.38927e-12 3.23662e-29 5.03553e-27
4.40903e-12 3.22766e-29 5.00316e-27
4.42889e-12 3.21861e-29 4.97089e-27
4.44884e-12 3.20947e-29 4.9387e-27
4.46887e-12 3.20023e-29 4.90661e-27
4.489e-12 3.19091e-29 4.8746e-27
4.50922e-12 3.1815e-29 4.84269e-27
4.52953e-12 3.172e-29 4.81088e-27
4.54993e-12 3.16241e-29 4.77916e-27
4.57042e-12 3.15274e-29 4.74753e-27
4.591e-12 3.14298e-29 4.71601e-27
4.61168e-12 3.13314e-29 4.68458e-27
4.63245e-12 3.12322e-29 4.65325e-27
4.65331e-12 3.11321e-29 4.62201e-27
4.67427e-12 3.10313e-29 4.59088e-27
4.69532e-12 3.09297e-29 4.55985e-27
4.71647e-12 3.08273e-29 4.52892e-27
4.73771e-12 3.07241e-29 4.49809e-27
4.75904e-12 3.06202e-29 4.46737e-27
4.78048e-12 3.05155e-29 4.43675e-27
4.80201e-12 3.04101e-29 4.40623e-27
4.82363e-12 3.0304e-29 4.37582e-27
4.84536e-12 3.01971e-29 4.34552e-27
4.86718e-12 3.00896e-29 4.31532e-27
4.8891e-12 2.99814e-29 4.28523e-27
4.91112e-12 2.98724e-29 4.25525e-27
4.93324e-12 2.97629e-29 4.22538e-27
4.95546e-12 2.96526e-29 4.19562e-27
4.97777e-12 2.95418e-29 4.16596e-27
5.00019e-12 2.94303e-29 4.13642e-27
5.02271e-12 2.93181e-29 4.10699e-27
5.04533e-12 2.92054e-29 4.07767e-27
5.06806e-12 2.90921e-29 4.04847e-27
5.09088e-12 2.89782e-29 4.01938e-27
5.11381e-12 2.88637e-29 3.9904e-27
5.13684e-12 2.87486e-29 3.96153e-27
5.15997e-12 2.8633e-29 3.93279e-27
5.18321e-12 2.85169e-29 3.90415e-27
5.20656e-12 2.84002e-29 3.87564e-27
5.23001e-12 2.8283e-29 3.84724e-27
5.25356e-12 2.81653e-29 3.81895e-27
5.27722e-12 2.80471e-29 3.79079e-27
5.30099e-12 2.79285e-29 3.76274e-27
5.32486e-12 2.78093e-29 3.73481e-27
5.34884e-12 2.76897e-29 3.707e-27
5.37293e-12 2.75697e-29 3.67931e-27
5.39713e-12 2.74492e-29 3.65174e-27
5.42144e-12 2.73282e-29 3.62429e-27
5.44586e-12 2.72069e-29 3.59697e-27
5.47038e-12 2.70852e-29 3.56976e-27
5.49502e-12 2.69631e-29 3.54267e-27
5.51977e-12 2.68406e-29 3.51571e-27
5.54463e-12 2.67177e-29 3.48887e-27
5.5696e-12 2.65945e-29 3.46215e-27
5.59468e-12 2.64709e-29 3.43556e-27
5.61988e-12 2.6347e-29 3.40909e-27
5.64519e-12 2.62228e-29 3.38274e-27
5.67061e-12 2.60982e-29 3.35652e-27
5.69615e-12 2.59734e-29 3.33042e-27
5.72181e-12 2.58482e-29 3.30445e-27
5.74757e-12 2.57228e-29 3.2786e-27
5.77346e-12 2.55971e-29 3.25287e-27
5.79946e-12 2.54712e-29 3.22728e-27
5.82558e-12 2.5345e-29 3.20181e-27
5.85182e-12 2.52186e-29 3.17646e-27
5.87817e-12 2.5092e-29 3.15124e-27
5.90465e-12 2.49651e-29 3.12615e-27
5.93124e-12 2.4838e-29 3.10119e-27
5.95795e-12 2.47108e-29 3.07635e-27
5.98478e-12 2.45834e-29 3.05164e-27
6.01174e-12 2.44558e-29 3.02705e-27
6.03881e-12 2.4328e-29 3.0026e-27
6.06601e-12 2.42001e-29 2.97827e-27
6.09333e-12 2.4072e-29 2.95407e-27
6.12077e-12 2.39439e-29 2.93e-27
6.14834e-12 2.38156e-29 2.90605e-27
6.17603e-12 2.36872e-29 2.88224e-27
6.20384e-12 2.35587e-29 2.85855e-27
6.23178e-12 2.34301e-29 2.83499e-27
6.25985e-12 2.33014e-29 2.81156e-27
6.28804e-12 2.31727e-29 2.78826e-27
6.31636e-12 2.30439e-29 2.76509e-27
6.34481e-12 2.2915e-29 2.74204e-27
6.37339e-12 2.27862e-29 2.71913e-27
6.40209e-12 2.26573e-29 2.69634e-27
6.43092e-12 2.25283e-29 2.67369e-27
6.45989e-12 2.23994e-29 2.65116e-27
6.48898e-12 2.22705e-29 2.62876e-27
6.5182e-12 2.21416e-29 2.60649e-27
6.54756e-12 2.20127e-29 2.58435e-27
6.57705e-12 2.18838e-29 2.56233e-27
6.60667e-12 2.1755e-29 2.54045e-27
6.63642e-12 2.16262e-29 2.51869e-27
6.66631e-12 2.14975e-29 2.49707e-27
6.69633e-12 2.13688e-29 2.47557e-27
6.72649e-12 2.12402e-29 2.4542e-27
6.75679e-12 2.11118e-29 2.43296e-27
6.78722e-12 2.09834e-29 2.41185e-27
6.81779e-12 2.08551e-29 2.39087e-27
6.84849e-12 2.07269e-29 2.37001e-27
6.87933e-12 2.05988e-29 2.34928e-27
6.91032e-12 2.04709e-29 2.32869e-27
6.94144e-12 2.03431e-29 2.30821e-27
6.9727e-12 2.02154e-29 2.28787e-27
7.0041e-12 2.00879e-29 2.26766e-27
7.03565e-12 1.99606e-29 2.24757e-27
7.06734e-12 1.98334e-29 2.22761e-27
7.09916e-12 1.97064e-29 2.20777e-27
7.13114e-12 1.95796e-29 2.18807e-27
7.16325e-12 1.9453e-29 2.16849e-27
7.19551e-12 1.93266e-29 2.14904e-27
7.22792e-12 1.92004e-29 2.12971e-27
7.26047e-12 1.90744e-29 2.11051e-27
7.29317e-12 1.89486e-29 2.09143e-27
7.32602e-12 1.88231e-29 2.07249e-27
7.35901e-12 1.86978e-29 2.05366e-27
7.39216e-12 1.85728e-29 2.03496e-27
7.42545e-12 1.8448e-29 2.01639e-27
7.45889e-12 1.83234e-29 1.99794e-27
7.49248e-12 1.81992e-29 1.97962e-27
7.52623e-12 1.80752e-29 1.96142e-27
7.56012e-12 1.79515e-29 1.94335e-27
7.59417e-12 1.78281e-29 1.92539e-27
7.62837e-12 1.7705e-29 1.90757e-27
7.66273e-12 1.75821e-29 1.88986e-27
7.69724e-12 1.74596e-29 1.87228e-27
7.73191e-12 1.73374e-29 1.85482e-27
7.76673e-12 1.72156e-29 1.83748e-27
7.80171e-12 1.7094e-29 1.82027e-27
7.83684e-12 1.69728e-29 1.80317e-27
7.87214e-12 1.68519e-29 1.7862e-27
7.90759e-12 1.67314e-29 1.76935e-27
7.94321e-12 1.66112e-29 1.75262e-27
7.97898e-12 1.64914e-29 1.73601e-27
8.01492e-12 1.63719e-29 1.71951e-27
8.05101e-12 1.62528e-29 1.70314e-27
8.08727e-12 1.61341e-29 1.68689e-27
8.12369e-12 1.60158e-29 1.67076e-27
8.16028e-12 1.58978e-29 1.65474e-27
8.19703e-12 1.57802e-29 1.63884e-27
8.23395e-12 1.56631e-29 1.62306e-27
8.27103e-12 1.55463e-29 1.6074e-27
8.30828e-12 1.54299e-29 1.59185e-27
8.3457e-12 1.5314e-29 1.57642e-27
8.38329e-12 1.51984e-29 1.56111e-27
8.42104e-12 1.50833e-29 1.54591e-27
8.45897e-12 1.49686e-29 1.53083e-27
8.49707e-12 1.48543e-29 1.51586e-27
8.53534e-12 1.47405e-29 1.501e-27
8.57378e-12 1.46271e-29 1.48626e-27
8.61239e-12 1.45141e-29 1.47164e-27
8.65118e-12 1.44016e-29 1.45712e-27
8.69014e-12 1.42895e-29 1.44272e-27
8.72928e-12 1.41779e-29 1.42843e-27
8.76859e-12 1.40667e-29 1.41425e-27
8.80808e-12 1.3956e-29 1.40019e-27
8.84775e-12 1.38458e-29 1.38623e-27
8.8876e-12 1.3736e-29 1.37238e-27
8.92763e-12 1.36267e-29 1.35865e-27
8.96783e-12 1.35179e-29 1.34502e-27
9.00822e-12 1.34095e-29 1.3315e-27
9.04879e-12 1.33016e-29 1.31809e-27
9.08955e-12 1.31943e-29 1.30479e-27
9.13048e-12 1.30874e-29 1.2916e-27
9.1716e-12 1.2981e-29 1.27851e-27
9.21291e-12 1.28751e-29 1.26553e-27
9.2544e-12 1.27696e-29 1.25266e-27
9.29608e-12 1.26647e-29 1.23989e-27
9.33795e-12 1.25603e-29 1.22722e-27
9.38e-12 1.24564e-29 1.21466e-27
9.42225e-12 1.2353e-29 1.2022e-27
9.46468e-12 1.22501e-29 1.18985e-27
9.50731e-12 1.21477e-29 1.1776e-27
9.55013e-12 1.20459e-29 1.16545e-27
9.59314e-12 1.19445e-29 1.15341e-27
9.63634e-12 1.18437e-29 1.14146e-27
9.67974e-12 1.17434e-29 1.12962e-27
9.72334e-12 1.16436e-29 1.11788e-27
9.76713e-12 1.15443e-29 1.10623e-27
9.81112e-12 1.14456e-29 1.09469e-27
9.8553e-12 1.13474e-29 1.08324e-27
9.89969e-12 1.12497e-29 1.0719e-27
9.94427e-12 1.11525e-29 1.06065e-27
9.98906e-12 1.10559e-29 1.04949e-27
1.0034e-11 1.09598e-29 1.03844e-27
1.00792e-11 1.08643e-29 1.02748e-27
1.01246e-11 1.07693e-29 1.01661e-27
1.01702e-11 1.06748e-29 1.00584e-27
1.0216e-11 1.05809e-29 9.95169e-28
1.0262e-11 1.04875e-29 9.84588e-28
1.03083e-11 1.03946e-29 9.741e-28
1.03547e-11 1.03023e-29 9.63706e-28
1.04013e-11 1.02105e-29 9.53404e-28
1.04482e-11 1.01193e-29 9.43193e-28
1.04952e-11 1.00286e-29 9.33074e-28
1.05425e-11 9.93846e-30 9.23045e-28
1.059e-11 9.84887e-30 9.13107e-28
1.06377e-11 9.75982e-30 9.03258e-28
1.06856e-11 9.67132e-30 8.93498e-28
1.07337e-11 9.58337e-30 8.83827e-28
1.0782e-11 9.49596e-30 8.74243e-28
1.08306e-11 9.4091e-30 8.64747e-28
1.08794e-11 9.32279e-30 8.55338e-28
1.09284e-11 9.23703e-30 8.46016e-28
1.09776e-11 9.15181e-30 8.36778e-28
1.1027e-11 9.06714e-30 8.27627e-28
1.10767e-11 8.98302e-30 8.1856e-28
1.11266e-11 8.89945e-30 8.09576e-28
1.11767e-11 8.81643e-30 8.00677e-28
1.1227e-11 8.73395e-30 7.91861e-28
1.12776e-11 8.65202e-30 7.83127e-28
1.13284e-11 8.57064e-30 7.74475e-28
1.13794e-11 8.48981e-30 7.65904e-28
1.14307e-11 8.40952e-30 7.57414e-28
1.14821e-11 8.32978e-30 7.49005e-28
1.15338e-11 8.25058e-30 7.40675e-28
1.15858e-11 8.17193e-30 7.32424e-28
1.1638e-11 8.09382e-30 7.24252e-28
1.16904e-11 8.01625e-30 7.16159e-28
1.1743e-11 7.93923e-30 7.08142e-28
1.17959e-11 7.86275e-30 7.00203e-28
1.1849e-11 7.78681e-30 6.9234e-28
1.19024e-11 7.71141e-30 6.84554e-28
1.1956e-11 7.63655e-30 6.76842e-28
1.20099e-11 7.56223e-30 6.69206e-28
1.2064e-11 7.48844e-30 6.61643e-28
1.21183e-11 7.41519e-30 6.54155e-28
1.21729e-11 7.34248e-30 6.4674e-28
1.22277e-11 7.2703e-30 6.39397e-28
1.22828e-11 7.19865e-30 6.32127e-28
1.23381e-11 7.12754e-30 6.24928e-28
1.23936e-11 7.05695e-30 6.17801e-28
1.24495e-11 6.9869e-30 6.10744e-28
1.25055e-11 6.91737e-30 6.03757e-28
1.25618e-11 6.84837e-30 5.9684e-28
1.26184e-11 6.77989e-30 5.89991e-28
1.26753e-11 6.71194e-30 5.83211e-28
1.27323e-11 6.64451e-30 5.76499e-28
1.27897e-11 6.57759e-30 5.69855e-28
1.28473e-11 6.5112e-30 5.63277e-28
1.29051e-11 6.44533e-30 5.56766e-28
1.29633e-11 6.37997e-30 5.50321e-28
1.30216e-11 6.31512e-30 5.43941e-28
1.30803e-11 6.25079e-30 5.37626e-28
1.31392e-11 6.18697e-30 5.31375e-28
1.31984e-11 6.12365e-30 5.25188e-28
1.32578e-11 6.06084e-30 5.19064e-28
1.33175e-11 5.99854e-30 5.13003e-28
1.33775e-11 5.93674e-30 5.07005e-28
1.34378e-11 5.87544e-30 5.01068e-28
1.34983e-11 5.81464e-30 4.95193e-28
1.35591e-11 5.75434e-30 4.89378e-28
1.36201e-11 5.69454e-30 4.83624e-28
1.36815e-11 5.63522e-30 4.77929e-28
1.37431e-11 5.5764e-30 4.72294e-28
1.3805e-11 5.51807e-30 4.66718e-28
1.38672e-11 5.46023e-30 4.61199e-28
1.39296e-11 5.40287e-30 4.55739e-28
1.39923e-11 5.34599e-30 4.50336e-28
1.40554e-11 5.2896e-30 4.4499e-28
1.41187e-11 5.23368e-30 4.39701e-28
1.41823e-11 5.17824e-30 4.34467e-28
1.42461e-11 5.12328e-30 4.29289e-28
1.43103e-11 5.06878e-30 4.24166e-28
1.43747e-11 5.01476e-30 4.19097e-28
1.44395e-11 4.96121e-30 4.14082e-28
1.45045e-11 4.90812e-30 4.09121e-28
1.45698e-11 4.85549e-30 4.04213e-28
1.46354e-11 4.80332e-30 3.99357e-28
1.47014e-11 4.75161e-30 3.94554e-28
1.47676e-11 4.70036e-30 3.89802e-28
1.48341e-11 4.64956e-30 3.85102e-28
1.49009e-11 4.59922e-30 3.80452e-28
1.4968e-11 4.54932e-30 3.75853e-28
1.50354e-11 4.49987e-30 3.71304e-28
1.51031e-11 4.45086e-30 3.66804e-28
1.51711e-11 4.4023e-30 3.62353e-28
1.52395e-11 4.35417e-30 3.57951e-28
1.53081e-11 4.30648e-30 3.53597e-28
1.5377e-11 4.25923e-30 3.4929e-28
1.54463e-11 4.2124e-30 3.45031e-28
1.55159e-11 4.16601e-30 3.40818e-28
1.55857e-11 4.12004e-30 3.36652e-28
1.56559e-11 4.0745e-30 3.32532e-28
1.57265e-11 4.02938e-30 3.28458e-28
1.57973e-11 3.98468e-30 3.24429e-28
1.58684e-11 3.94039e-30 3.20444e-28
1.59399e-11 3.89652e-30 3.16503e-28
1.60117e-11 3.85306e-30 3.12607e-28
1.60838e-11 3.81001e-30 3.08754e-28
1.61562e-11 3.76737e-30 3.04944e-28
1.6229e-11 3.72513e-30 3.01177e-28
1.63021e-11 3.68329e-30 2.97451e-28
1.63755e-11 3.64185e-30 2.93768e-28
1.64493e-11 3.60081e-30 2.90126e-28
1.65233e-11 3.56016e-30 2.86525e-28
1.65978e-11 3.5199e-30 2.82965e-28
1.66725e-11 3.48004e-30 2.79445e-28
1.67476e-11 3.44055e-30 2.75965e-28
1.6823e-11 3.40145e-30 2.72525e-28
1.68988e-11 3.36273e-30 2.69123e-28
1.69749e-11 3.32439e-30 2.65761e-28
1.70513e-11 3.28642e-30 2.62436e-28
1.71281e-11 3.24883e-30 2.5915e-28
1.72053e-11 3.21161e-30 2.55901e-28
1.72828e-11 3.17475e-30 2.52689e-28
1.73606e-11 3.13826e-30 2.49515e-28
1.74388e-11 3.10214e-30 2.46376e-28
1.75173e-11 3.06637e-30 2.43274e-28
1.75962e-11 3.03096e-30 2.40208e-28
1.76755e-11 2.9959e-30 2.37177e-28
1.77551e-11 2.9612e-30 2.34181e-28
1.7835e-11 2.92685e-30 2.3122e-28
1.79154e-11 2.89284e-30 2.28293e-28
1.7996e-11 2.85918e-30 2.254e-28
1.80771e-11 2.82586e-30 2.22541e-28
1.81585e-11 2.79288e-30 2.19715e-28
1.82403e-11 2.76023e-30 2.16922e-28
1.83224e-11 2.72792e-30 2.14162e-28
1.8405e-11 2.69594e-30 2.11434e-28
1.84878e-11 2.66429e-30 2.08738e-28
1.85711e-11 2.63297e-30 2.06074e-28
1.86547e-11 2.60197e-30 2.03441e-28
1.87388e-11 2.57129e-30 2.00839e-28
1.88232e-11 2.54093e-30 1.98268e-28
1.89079e-11 2.51089e-30 1.95727e-28
1.89931e-11 2.48116e-30 1.93216e-28
1.90786e-11 2.45174e-30 1.90735e-28
1.91646e-11 2.42263e-30 1.88283e-28
1.92509e-11 2.39383e-30 1.8586e-28
1.93376e-11 2.36533e-30 1.83466e-28
1.94247e-11 2.33713e-30 1.81101e-28
1.95121e-11 2.30923e-30 1.78764e-28
1.96e-11 2.28163e-30 1.76455e-28
1.96883e-11 2.25432e-30 1.74173e-28
1.9777e-11 2.2273e-30 1.71919e-28
1.9866e-11 2.20057e-30 1.69691e-28
1.99555e-11 2.17413e-30 1.67491e-28
2.00454e-11 2.14797e-30 1.65317e-28
2.01357e-11 2.12209e-30 1.63169e-28
2.02263e-11 2.09649e-30 1.61047e-28
2.03174e-11 2.07117e-30 1.5895e-28
2.04089e-11 2.04612e-30 1.56879e-28
2.05008e-11 2.02135e-30 1.54833e-28
2.05932e-11 1.99684e-30 1.52812e-28
2.06859e-11 1.9726e-30 1.50815e-28
2.07791e-11 1.94863e-30 1.48842e-28
2.08727e-11 1.92492e-30 1.46893e-28
2.09667e-11 1.90147e-30 1.44969e-28
2.10611e-11 1.87828e-30 1.43067e-28
2.1156e-11 1.85534e-30 1.41189e-28
2.12512e-11 1.83266e-30 1.39333e-28
2.13469e-11 1.81023e-30 1.37501e-28
2.14431e-11 1.78804e-30 1.35691e-28
2.15397e-11 1.76611e-30 1.33903e-28
2.16367e-11 1.74441e-30 1.32136e-28
2.17341e-11 1.72296e-30 1.30392e-28
2.1832e-11 1.70175e-30 1.28669e-28
2.19303e-11 1.68078e-30 1.26967e-28
2.20291e-11 1.66004e-30 1.25286e-28
2.21283e-11 1.63954e-30 1.23626e-28
2.2228e-11 1.61926e-30 1.21987e-28
2.23281e-11 1.59922e-30 1.20368e-28
2.24286e-11 1.5794e-30 1.18768e-28
2.25296e-11 1.55981e-30 1.17189e-28
2.26311e-11 1.54044e-30 1.15629e-28
2.2733e-11 1.52129e-30 1.14089e-28
2.28354e-11 1.50236e-30 1.12567e-28
2.29383e-11 1.48364e-30 1.11065e-28
2.30416e-11 1.46514e-30 1.09581e-28
2.31453e-11 1.44685e-30 1.08116e-28
2.32496e-11 1.42877e-30 1.0667e-28
2.33543e-11 1.41089e-30 1.05241e-28
2.34595e-11 1.39323e-30 1.0383e-28
2.35651e-11 1.37576e-30 1.02437e-28
2.36713e-11 1.3585e-30 1.01061e-28
2.37779e-11 1.34144e-30 9.97024e-29
2.3885e-11 1.32458e-30 9.83609e-29
2.39925e-11 1.30791e-30 9.70363e-29
2.41006e-11 1.29144e-30 9.57284e-29
2.42091e-11 1.27516e-30 9.4437e-29
2.43182e-11 1.25907e-30 9.31618e-29
2.44277e-11 1.24316e-30 9.19028e-29
2.45377e-11 1.22744e-30 9.06596e-29
2.46482e-11 1.21191e-30 8.94322e-29
2.47592e-11 1.19656e-30 8.82202e-29
2.48707e-11 1.18139e-30 8.70237e-29
2.49827e-11 1.1664e-30 8.58423e-29
2.50952e-11 1.15159e-30 8.46759e-29
2.52083e-11 1.13695e-30 8.35243e-29
2.53218e-11 1.12249e-30 8.23873e-29
2.54358e-11 1.10819e-30 8.12649e-29
2.55504e-11 1.09407e-30 8.01567e-29
2.56655e-11 1.08011e-30 7.90626e-29
2.57811e-11 1.06632e-30 7.79825e-29
2.58972e-11 1.0527e-30 7.69162e-29
2.60138e-11 1.03924e-30 7.58635e-29
2.6131e-11 1.02594e-30 7.48242e-29
2.62486e-11 1.01279e-30 7.37983e-29
2.63669e-11 9.9981e-31 7.27855e-29
2.64856e-11 9.86982e-31 7.17857e-29
2.66049e-11 9.74309e-31 7.07987e-29
2.67247e-11 9.61789e-31 6.98244e-29
2.68451e-11 9.4942e-31 6.88626e-29
2.6966e-11 9.372e-31 6.79132e-29
2.70874e-11 9.25128e-31 6.6976e-29
2.72094e-11 9.13202e-31 6.60509e-29
2.7332e-11 9.01422e-31 6.51377e-29
2.74551e-11 8.89784e-31 6.42362e-29
2.75787e-11 8.78288e-31 6.33465e-29
2.77029e-11 8.66932e-31 6.24682e-29
2.78277e-11 8.55715e-31 6.16012e-29
2.7953e-11 8.44635e-31 6.07455e-29
2.80789e-11 8.3369e-31 5.99009e-29
2.82054e-11 8.22879e-31 5.90672e-29
2.83324e-11 8.12201e-31 5.82443e-29
2.846e-11 8.01654e-31 5.74321e-29
2.85882e-11 7.91237e-31 5.66305e-29
2.87169e-11 7.80948e-31 5.58392e-29
2.88462e-11 7.70786e-31 5.50583e-29
2.89762e-11 7.60749e-31 5.42875e-29
2.91067e-11 7.50837e-31 5.35267e-29
2.92377e-11 7.41047e-31 5.27759e-29
2.93694e-11 7.31378e-31 5.20349e-29
2.95017e-11 7.21829e-31 5.13035e-29
2.96346e-11 7.12399e-31 5.05817e-29
2.9768e-11 7.03086e-31 4.98693e-29
2.99021e-11 6.93889e-31 4.91662e-29
3.00368e-11 6.84806e-31 4.84723e-29
3.0172e-11 6.75837e-31 4.77875e-29
3.03079e-11 6.66979e-31 4.71116e-29
3.04444e-11 6.58233e-31 4.64447e-29
3.05815e-11 6.49596e-31 4.57864e-29
3.07193e-11 6.41067e-31 4.51368e-29
3.08576e-11 6.32645e-31 4.44958e-29
3.09966e-11 6.24329e-31 4.38631e-29
3.11362e-11 6.16117e-31 4.32388e-29
3.12764e-11 6.08009e-31 4.26227e-29
3.14173e-11 6.00002e-31 4.20147e-29
3.15588e-11 5.92097e-31 4.14147e-29
3.17009e-11 5.84292e-31 4.08226e-29
3.18437e-11 5.76585e-31 4.02383e-29
3.19871e-11 5.68975e-31 3.96617e-29
3.21312e-11 5.61462e-31 3.90927e-29
3.22759e-11 5.54044e-31 3.85313e-29
3.24212e-11 5.46721e-31 3.79772e-29
3.25672e-11 5.3949e-31 3.74305e-29
3.27139e-11 5.32351e-31 3.6891e-29
3.28612e-11 5.25303e-31 3.63586e-29
3.30092e-11 5.18345e-31 3.58333e-29
3.31579e-11 5.11475e-31 3.5315e-29
3.33072e-11 5.04693e-31 3.48035e-29
3.34573e-11 4.97998e-31 3.42988e-29
3.36079e-11 4.91388e-31 3.38008e-29
3.37593e-11 4.84863e-31 3.33094e-29
3.39113e-11 4.78421e-31 3.28246e-29
3.40641e-11 4.72062e-31 3.23462e-29
3.42175e-11 4.65785e-31 3.18741e-29
3.43716e-11 4.59588e-31 3.14083e-29
3.45264e-11 4.53471e-31 3.09487e-29
3.46819e-11 4.47432e-31 3.04953e-29
3.48381e-11 4.41471e-31 3.00478e-29
3.4995e-11 4.35587e-31 2.96063e-29
3.51526e-11 4.29779e-31 2.91708e-29
3.53109e-11 4.24046e-31 2.8741e-29
3.54699e-11 4.18387e-31 2.83169e-29
3.56297e-11 4.12801e-31 2.78985e-29
3.57901e-11 4.07287e-31 2.74857e-29
3.59513e-11 4.01845e-31 2.70785e-29
3.61132e-11 3.96473e-31 2.66766e-29
3.62759e-11 3.91171e-31 2.62801e-29
3.64393e-11 3.85938e-31 2.5889e-29
3.66034e-11 3.80772e-31 2.5503e-29
3.67682e-11 3.75674e-31 2.51223e-29
3.69338e-11 3.70642e-31 2.47466e-29
3.71002e-11 3.65676e-31 2.43759e-29
3.72672e-11 3.60774e-31 2.40103e-29
3.74351e-11 3.55936e-31 2.36495e-29
3.76037e-11 3.51162e-31 2.32936e-29
3.7773e-11 3.46449e-31 2.29424e-29
3.79432e-11 3.41798e-31 2.25959e-29
3.8114e-11 3.37208e-31 2.22542e-29
3.82857e-11 3.32679e-31 2.19169e-29
3.84581e-11 3.28208e-31 2.15843e-29
3.86313e-11 3.23796e-31 2.12561e-29
3.88053e-11 3.19442e-31 2.09323e-29
3.89801e-11 3.15145e-31 2.06128e-29
3.91556e-11 3.10904e-31 2.02977e-29
3.9332e-11 3.06719e-31 1.99868e-29
3.95091e-11 3.02589e-31 1.96801e-29
3.96871e-11 2.98513e-31 1.93775e-29
3.98658e-11 2.94491e-31 1.90789e-29
4.00453e-11 2.90522e-31 1.87845e-29
4.02257e-11 2.86606e-31 1.84939e-29
4.04069e-11 2.82741e-31 1.82073e-29
4.05888e-11 2.78927e-31 1.79246e-29
4.07716e-11 2.75163e-31 1.76457e-29
4.09553e-11 2.71449e-31 1.73705e-29
4.11397e-11 2.67784e-31 1.7099e-29
4.1325e-11 2.64168e-31 1.68313e-29
4.15111e-11 2.60599e-31 1.65671e-29
4.16981e-11 2.57078e-31 1.63065e-29
4.18859e-11 2.53603e-31 1.60494e-29
4.20745e-11 2.50175e-31 1.57958e-29
4.2264e-11 2.46792e-31 1.55456e-29
4.24543e-11 2.43453e-31 1.52989e-29
4.26455e-11 2.40159e-31 1.50554e-29
4.28376e-11 2.36909e-31 1.48152e-29
4.30305e-11 2.33702e-31 1.45783e-29
4.32243e-11 2.30538e-31 1.43446e-29
4.3419e-11 2.27416e-31 1.41141e-29
4.36146e-11 2.24335e-31 1.38867e-29
4.3811e-11 2.21296e-31 1.36623e-29
4.40083e-11 2.18297e-31 1.3441e-29
4.42065e-11 2.15338e-31 1.32227e-29
4.44056e-11 2.12418e-31 1.30074e-29
4.46056e-11 2.09537e-31 1.2795e-29
4.48065e-11 2.06695e-31 1.25855e-29
4.50083e-11 2.03891e-31 1.23788e-29
4.5211e-11 2.01124e-31 1.21749e-29
4.54146e-11 1.98395e-31 1.19737e-29
4.56191e-11 1.95701e-31 1.17753e-29
4.58246e-11 1.93044e-31 1.15796e-29
4.6031e-11 1.90423e-31 1.13866e-29
4.62383e-11 1.87836e-31 1.11962e-29
4.64465e-11 1.85284e-31 1.10083e-29
4.66557e-11 1.82767e-31 1.08231e-29
4.68658e-11 1.80283e-31 1.06403e-29
4.70769e-11 1.77832e-31 1.046e-29
4.72889e-11 1.75415e-31 1.02822e-29
4.75019e-11 1.7303e-31 1.01068e-29
4.77158e-11 1.70676e-31 9.93373e-30
4.79307e-11 1.68355e-31 9.76306e-30
4.81466e-11 1.66065e-31 9.5947e-30
4.83634e-11 1.63805e-31 9.42864e-30
4.85812e-11 1.61576e-31 9.26483e-30
4.88e-11 1.59377e-31 9.10325e-30
4.90198e-11 1.57208e-31 8.94388e-30
4.92406e-11 1.55068e-31 8.78667e-30
4.94623e-11 1.52956e-31 8.6316e-30
4.96851e-11 1.50873e-31 8.47865e-30
4.99089e-11 1.48818e-31 8.32777e-30
5.01336e-11 1.46791e-31 8.17895e-30
5.03594e-11 1.44792e-31 8.03216e-30
5.05862e-11 1.42819e-31 7.88737e-30
5.08141e-11 1.40873e-31 7.74455e-30
5.10429e-11 1.38953e-31 7.60368e-30
5.12728e-11 1.37059e-31 7.46473e-30
5.15037e-11 1.35191e-31 7.32767e-30
5.17357e-11 1.33348e-31 7.19248e-30
5.19687e-11 1.3153e-31 7.05913e-30
5.22027e-11 1.29736e-31 6.9276e-30
5.24378e-11 1.27967e-31 6.79786e-30
5.2674e-11 1.26222e-31 6.6699e-30
5.29112e-11 1.245e-31 6.54367e-30
5.31495e-11 1.22802e-31 6.41917e-30
5.33889e-11 1.21127e-31 6.29637e-30
5.36293e-11 1.19474e-31 6.17524e-30
5.38709e-11 1.17844e-31 6.05577e-30
5.41135e-11 1.16236e-31 5.93793e-30
5.43572e-11 1.1465e-31 5.82169e-30
5.4602e-11 1.13085e-31 5.70704e-30
5.48479e-11 1.11541e-31 5.59396e-30
5.50949e-11 1.10019e-31 5.48242e-30
5.53431e-11 1.08517e-31 5.3724e-30
5.55923e-11 1.07036e-31 5.26388e-30
5.58427e-11 1.05574e-31 5.15684e-30
5.60942e-11 1.04133e-31 5.05127e-30
5.63468e-11 1.02711e-31 4.94714e-30
5.66006e-11 1.01308e-31 4.84443e-30
5.68555e-11 9.99249e-32 4.74312e-30
5.71116e-11 9.85603e-32 4.64319e-30
5.73688e-11 9.72142e-32 4.54463e-30
5.76272e-11 9.58864e-32 4.44742e-30
5.78867e-11 9.45767e-32 4.35153e-30
5.81474e-11 9.32849e-32 4.25695e-30
5.84093e-11 9.20106e-32 4.16367e-30
5.86723e-11 9.07537e-32 4.07166e-30
5.89366e-11 8.95139e-32 3.98091e-30
5.9202e-11 8.82911e-32 3.89139e-30
5.94686e-11 8.70848e-32 3.8031e-30
5.97365e-11 8.58951e-32 3.71602e-30
6.00055e-11 8.47215e-32 3.63012e-30
6.02758e-11 8.3564e-32 3.5454e-30
6.05472e-11 8.24222e-32 3.46184e-30
6.08199e-11 8.1296e-32 3.37941e-30
6.10938e-11 8.01852e-32 3.29812e-30
6.1369e-11 7.90895e-32 3.21793e-30
6.16454e-11 7.80088e-32 3.13884e-30
6.1923e-11 7.69428e-32 3.06083e-30
6.22019e-11 7.58914e-32 2.98389e-30
6.2482e-11 7.48544e-32 2.908e-30
6.27634e-11 7.38315e-32 2.83314e-30
6.30461e-11 7.28226e-32 2.75931e-30
6.333e-11 7.18275e-32 2.68649e-30
6.36152e-11 7.0846e-32 2.61466e-30
6.39017e-11 6.98778e-32 2.54382e-30
6.41895e-11 6.8923e-32 2.47394e-30
6.44786e-11 6.79811e-32 2.40502e-30
6.4769e-11 6.70522e-32 2.33704e-30
6.50607e-11 6.61359e-32 2.26998e-30
6.53537e-11 6.52322e-32 2.20385e-30
6.56481e-11 6.43408e-32 2.13862e-30
6.59437e-11 6.34617e-32 2.07427e-30
6.62407e-11 6.25945e-32 2.01081e-30
6.65391e-11 6.17392e-32 1.94822e-30
6.68387e-11 6.08957e-32 1.88648e-30
6.71398e-11 6.00636e-32 1.82558e-30
6.74421e-11 5.9243e-32 1.76552e-30
6.77459e-11 5.84336e-32 1.70628e-30
6.8051e-11 5.76353e-32 1.64784e-30
6.83575e-11 5.68479e-32 1.59021e-30
6.86653e-11 5.60713e-32 1.53336e-30
6.89746e-11 5.53053e-32 1.47729e-30
6.92852e-11 5.45498e-32 1.42198e-30
6.95973e-11 5.38046e-32 1.36743e-30
6.99107e-11 5.30697e-32 1.31363e-30
7.02256e-11 5.23448e-32 1.26056e-30
7.05418e-11 5.16299e-32 1.20821e-30
7.08595e-11 5.09247e-32 1.15658e-30
7.11787e-11 5.02293e-32 1.10566e-30
7.14992e-11 4.95433e-32 1.05543e-30
7.18212e-11 4.88668e-32 1.00589e-30
7.21447e-11 4.81995e-32 9.5702e-31
7.24696e-11 4.75414e-32 9.08821e-31
7.2796e-11 4.68922e-32 8.6128e-31
7.31239e-11 4.6252e-32 8.14387e-31
7.34532e-11 4.56206e-32 7.68135e-31
7.3784e-11 4.49978e-32 7.22515e-31
7.41163e-11 4.43836e-32 6.77517e-31
7.44501e-11 4.37777e-32 6.33133e-31
7.47854e-11 4.31802e-32 5.89356e-31
7.51222e-11 4.25909e-32 5.46175e-31
7.54605e-11 4.20097e-32 5.03584e-31
7.58004e-11 4.14364e-32 4.61575e-31
7.61418e-11 4.0871e-32 4.20138e-31
7.64847e-11 4.03133e-32 3.79267e-31
7.68292e-11 3.97633e-32 3.38954e-31
7.71752e-11 3.92209e-32 2.99191e-31
7.75228e-11 3.86859e-32 2.5997e-31
7.78719e-11 3.81582e-32 2.21284e-31
7.82226e-11 3.76378e-32 1.83126e-31
7.85749e-11 3.71244e-32 1.45488e-31
7.89288e-11 3.66182e-32 1.08363e-31
7.92842e-11 3.61189e-32 7.17453e-32
7.96413e-11 3.56264e-32 3.56264e-32
