1e-14 0 4.07201e-23
1.0045e-14 0 4.07201e-23
1.00903e-14 0 4.07201e-23
1.01357e-14 0 4.07201e-23
1.01814e-14 0 4.07201e-23
1.02272e-14 0 4.07201e-23
1.02733e-14 0 4.07201e-23
1.03196e-14 0 4.07201e-23
1.0366e-14 0 4.07201e-23
1.04127e-14 0 4.07201e-23
1.04596e-14 0 4.07201e-23
1.05067e-14 0 4.07201e-23
1.0554e-14 0 4.07201e-23
1.06016e-14 0 4.07201e-23
1.06493e-14 0 4.07201e-23
1.06973e-14 0 4.07201e-23
1.07455e-14 0 4.07201e-23
1.07938e-14 0 4.07201e-23
1.08425e-14 0 4.07201e-23
1.08913e-14 0 4.07201e-23
1.09403e-14 0 4.07201e-23
1.09896e-14 0 4.07201e-23
1.10391e-14 0 4.07201e-23
1.10888e-14 0 4.07201e-23
1.11388e-14 0 4.07201e-23
1.11889e-14 0 4.07201e-23
1.12393e-14 0 4.07201e-23
1.12899e-14 0 4.07201e-23
1.13408e-14 0 4.07201e-23
1.13919e-14 0 4.07201e-23
1.14432e-14 0 4.07201e-23
1.14947e-14 0 4.07201e-23
1.15465e-14 0 4.07201e-23
1.15985e-14 0 4.07201e-23
1.16507e-14 0 4.07201e-23
1.17032e-14 0 4.07201e-23
1.17559e-14 0 4.07201e-23
1.18088e-14 0 4.07201e-23
1.1862e-14 0 4.07201e-23
1.19154e-14 0 4.07201e-23
1.19691e-14 0 4.07201e-23
1.2023e-14 0 4.07201e-23
1.20772e-14 0 4.07201e-23
1.21316e-14 0 4.07201e-23
1.21862e-14 0 4.07201e-23
1.22411e-14 0 4.07201e-23
1.22962e-14 0 4.07201e-23
1.23516e-14 0 4.07201e-23
1.24072e-14 0 4.07201e-23
1.24631e-14 0 4.07201e-23
1.25192e-14 0 4.07201e-23
1.25756e-14 0 4.07201e-23
1.26322e-14 0 4.07201e-23
1.26891e-14 0 4.07201e-23
1.27463e-14 0 4.07201e-23
1.28037e-14 0 4.07201e-23
1.28613e-14 0 4.07201e-23
1.29193e-14 0 4.07201e-23
1.29775e-14 0 4.07201e-23
1.30359e-14 0 4.07201e-23
1.30946e-14 0 4.07201e-23
1.31536e-14 0 4.07201e-23
1.32128e-14 0 4.07201e-23
1.32723e-14 0 4.07201e-23
1.33321e-14 0 4.07201e-23
1.33922e-14 0 4.07201e-23
1.34525e-14 0 4.07201e-23
1.35131e-14 0 4.07201e-23
1.35739e-14 0 4.07201e-23
1.3635e-14 0 4.07201e-23
1.36965e-14 0 4.07201e-23
1.37581e-14 0 4.07201e-23
1.38201e-14 0 4.07201e-23
1.38823e-14 0 4.07201e-23
1.39449e-14 0 4.07201e-23
1.40077e-14 0 4.07201e-23
1.40708e-14 0 4.07201e-23
1.41341e-14 0 4.07201e-23
1.41978e-14 0 4.07201e-23
1.42617e-14 0 4.07201e-23
1.4326e-14 0 4.07201e-23
1.43905e-14 0 4.07201e-23
1.44553e-14 0 4.07201e-23
1.45204e-14 0 4.07201e-23
1.45858e-14 0 4.07201e-23
1.46515e-14 0 4.07201e-23
1.47175e-14 0 4.07201e-23
1.47837e-14 0 4.07201e-23
1.48503e-14 0 4.07201e-23
1.49172e-14 0 4.07201e-23
1.49844e-14 0 4.07201e-23
1.50519e-14 0 4.07201e-23
1.51197e-14 0 4.07201e-23
1.51878e-14 0 4.07201e-23
1.52562e-14 0 4.07201e-23
1.53249e-14 0 4.07201e-23
1.53939e-14 0 4.07201e-23
1.54632e-14 0 4.07201e-23
1.55329e-14 0 4.07201e-23
1.56028e-14 0 4.07201e-23
1.56731e-14 0 4.07201e-23
1.57437e-14 0 4.07201e-23
1.58146e-14 0 4.07201e-23
1.58858e-14 0 4.07201e-23
1.59573e-14 0 4.07201e-23
1.60292e-14 0 4.07201e-23
1.61014e-14 0 4.07201e-23
1.61739e-14 0 4.07201e-23
1.62468e-14 0 4.07201e-23
1.63199e-14 0 4.07201e-23
1.63934e-14 0 4.07201e-23
1.64673e-14 0 4.07201e-23
1.65414e-14 0 4.07201e-23
1.66159e-14 0 4.07201e-23
1.66908e-14 0 4.07201e-23
1.67659e-14 0 4.07201e-23
1.68414e-14 0 4.07201e-23
1.69173e-14 0 4.07201e-23
1.69935e-14 0 4.07201e-23
1.707e-14 0 4.07201e-23
1.71469e-14 0 4.07201e-23
1.72241e-14 0 4.07201e-23
1.73017e-14 0 4.07201e-23
1.73796e-14 0 4.07201e-23
1.74579e-14 0 4.07201e-23
1.75365e-14 0 4.07201e-23
1.76155e-14 0 4.07201e-23
1.76948e-14 0 4.07201e-23
1.77745e-14 0 4.07201e-23
1.78546e-14 0 4.07201e-23
1.7935e-14 0 4.07201e-23
1.80158e-14 0 4.07201e-23
1.80969e-14 0 4.07201e-23
1.81784e-14 0 4.07201e-23
1.82603e-14 0 4.07201e-23
1.83425e-14 0 4.07201e-23
1.84251e-14 0 4.07201e-23
1.85081e-14 0 4.07201e-23
1.85914e-14 0 4.07201e-23
1.86752e-14 0 4.07201e-23
1.87593e-14 0 4.07201e-23
1.88438e-14 0 4.07201e-23
1.89286e-14 0 4.07201e-23
1.90139e-14 0 4.07201e-23
1.90995e-14 0 4.07201e-23
1.91855e-14 0 4.07201e-23
1.92719e-14 0 4.07201e-23
1.93587e-14 0 4.07201e-23
1.94459e-14 0 4.07201e-23
1.95335e-14 0 4.07201e-23
1.96215e-14 0 4.07201e-23
1.97098e-14 0 4.07201e-23
1.97986e-14 0 4.07201e-23
1.98878e-14 0 4.07201e-23
1.99774e-14 0 4.07201e-23
2.00673e-14 0 4.07201e-23
2.01577e-14 0 4.07201e-23
2.02485e-14 0 4.07201e-23
2.03397e-14 0 4.07201e-23
2.04313e-14 0 4.07201e-23
2.05233e-14 0 4.07201e-23
2.06157e-14 0 4.07201e-23
2.07086e-14 0 4.07201e-23
2.08018e-14 0 4.07201e-23
2.08955e-14 0 4.07201e-23
2.09896e-14 0 4.07201e-23
2.10842e-14 0 4.07201e-23
2.11791e-14 0 4.07201e-23
2.12745e-14 1.46837e-43 4.07201e-23
2.13703e-14 5.45887e-43 4.07201e-23
2.14666e-14 8.42556e-43 4.07201e-23
2.15632e-14 1.14252e-42 4.07201e-23
2.16604e-14 1.33565e-42 4.07201e-23
2.17579e-14 1.87959e-42 4.07201e-23
2.18559e-14 2.95906e-42 4.07201e-23
2.19543e-14 3.76048e-42 4.07201e-23
2.20532e-14 5.54418e-42 4.07201e-23
2.21525e-14 7.12309e-42 4.07201e-23
2.22523e-14 8.26778e-42 4.07201e-23
2.23525e-14 9.89399e-42 4.07201e-23
2.24532e-14 1.20029e-41 4.07201e-23
2.25543e-14 1.34691e-41 4.07201e-23
2.26559e-14 1.49978e-41 4.07201e-23
2.27579e-14 1.71878e-41 4.07201e-23
2.28604e-14 1.88325e-41 4.07201e-23
2.29634e-14 2.08865e-41 4.07201e-23
2.30668e-14 2.23314e-41 4.07201e-23
2.31707e-14 2.41546e-41 4.07201e-23
2.3275e-14 2.62397e-41 4.07201e-23
2.33799e-14 2.80518e-41 4.07201e-23
2.34852e-14 3.01918e-41 4.07201e-23
2.35909e-14 3.18577e-41 4.07201e-23
2.36972e-14 3.42511e-41 4.07201e-23
2.38039e-14 3.70869e-41 4.07201e-23
2.39111e-14 4.00521e-41 4.07201e-23
2.40188e-14 4.30213e-41 4.07201e-23
2.4127e-14 4.73692e-41 4.07201e-23
2.42356e-14 5.07922e-41 4.07201e-23
2.43448e-14 5.47821e-41 4.07201e-23
2.44544e-14 5.91942e-41 4.07201e-23
2.45646e-14 6.30778e-41 4.07201e-23
2.46752e-14 6.78704e-41 4.07201e-23
2.47863e-14 7.34024e-41 4.07201e-23
2.4898e-14 7.87707e-41 4.07201e-23
2.50101e-14 8.46122e-41 4.07201e-23
2.51227e-14 8.98373e-41 4.07201e-23
2.52359e-14 9.56533e-41 4.07201e-23
2.53495e-14 1.03424e-40 4.07201e-23
2.54637e-14 1.10989e-40 4.07201e-23
2.55784e-14 1.17627e-40 4.07201e-23
2.56936e-14 1.25414e-40 4.07201e-23
2.58093e-14 1.35244e-40 4.07201e-23
2.59255e-14 1.42975e-40 4.07201e-23
2.60423e-14 1.53876e-40 4.07201e-23
2.61596e-14 1.63524e-40 4.07201e-23
2.62774e-14 1.75591e-40 4.07201e-23
2.63957e-14 1.87688e-40 4.07201e-23
2.65146e-14 2.01202e-40 4.07201e-23
2.6634e-14 2.1491e-40 4.07201e-23
2.6754e-14 2.27567e-40 4.07201e-23
2.68745e-14 2.42519e-40 4.07201e-23
2.69955e-14 2.59315e-40 4.07201e-23
2.71171e-14 2.7363e-40 4.07201e-23
2.72392e-14 2.91068e-40 4.07201e-23
2.73619e-14 3.09717e-40 4.07201e-23
2.74851e-14 3.28222e-40 4.07201e-23
2.76089e-14 3.4866e-40 4.07201e-23
2.77332e-14 3.70706e-40 4.07201e-23
2.78581e-14 3.93619e-40 4.07201e-23
2.79836e-14 4.16e-40 4.07201e-23
2.81096e-14 4.42629e-40 4.07201e-23
2.82362e-14 4.68734e-40 4.07201e-23
2.83634e-14 4.96729e-40 4.07201e-23
2.84912e-14 5.25476e-40 4.07201e-23
2.86195e-14 5.61077e-40 4.07201e-23
2.87484e-14 5.94589e-40 4.07201e-23
2.88778e-14 6.31535e-40 4.07201e-23
2.90079e-14 6.71051e-40 4.07201e-23
2.91385e-14 7.11421e-40 4.07201e-23
2.92698e-14 7.53583e-40 4.07201e-23
2.94016e-14 8.00543e-40 4.07201e-23
2.9534e-14 8.47579e-40 4.07201e-23
2.9667e-14 8.97432e-40 4.07201e-23
2.98006e-14 9.52591e-40 4.07201e-23
2.99348e-14 1.00832e-39 4.07201e-23
3.00697e-14 1.0685e-39 4.07201e-23
3.02051e-14 1.13241e-39 4.07201e-23
3.03411e-14 1.19892e-39 4.07201e-23
3.04778e-14 1.27141e-39 4.07201e-23
3.0615e-14 1.34751e-39 4.07201e-23
3.07529e-14 1.42938e-39 4.07201e-23
3.08914e-14 1.51204e-39 4.07201e-23
3.10305e-14 1.60267e-39 4.07201e-23
3.11703e-14 1.69679e-39 4.07201e-23
3.13107e-14 1.79572e-39 4.07201e-23
3.14517e-14 1.90314e-39 4.07201e-23
3.15933e-14 2.01789e-39 4.07201e-23
3.17356e-14 2.13801e-39 4.07201e-23
3.18786e-14 2.26263e-39 4.07201e-23
3.20221e-14 2.39823e-39 4.07201e-23
3.21663e-14 2.53964e-39 4.07201e-23
3.23112e-14 2.69179e-39 4.07201e-23
3.24567e-14 2.84897e-39 4.07201e-23
3.26029e-14 3.0162e-39 4.07201e-23
3.27497e-14 3.19161e-39 4.07201e-23
3.28972e-14 3.38208e-39 4.07201e-23
3.30454e-14 3.57832e-39 4.07201e-23
3.31942e-14 3.78799e-39 4.07201e-23
3.33437e-14 4.00812e-39 4.07201e-23
3.34939e-14 4.24331e-39 4.07201e-23
3.36447e-14 4.48985e-39 4.07201e-23
3.37963e-14 4.7457e-39 4.07201e-23
3.39485e-14 5.0185e-39 4.07201e-23
3.41014e-14 5.30689e-39 4.07201e-23
3.42549e-14 5.61483e-39 4.07201e-23
3.44092e-14 5.93868e-39 4.07201e-23
3.45642e-14 6.27873e-39 4.07201e-23
3.47199e-14 6.63668e-39 4.07201e-23
3.48762e-14 7.02112e-39 4.07201e-23
3.50333e-14 7.42005e-39 4.07201e-23
3.51911e-14 7.84539e-39 4.07201e-23
3.53496e-14 8.28809e-39 4.07201e-23
3.55088e-14 8.75757e-39 4.07201e-23
3.56687e-14 9.25461e-39 4.07201e-23
3.58293e-14 9.78657e-39 4.07201e-23
3.59907e-14 1.03382e-38 4.07201e-23
3.61528e-14 1.0924e-38 4.07201e-23
3.63156e-14 1.1545e-38 4.07201e-23
3.64792e-14 1.21961e-38 4.07201e-23
3.66435e-14 1.28863e-38 4.07201e-23
3.68085e-14 1.36136e-38 4.07201e-23
3.69743e-14 1.43832e-38 4.07201e-23
3.71408e-14 1.51896e-38 4.07201e-23
3.73081e-14 1.60481e-38 4.07201e-23
3.74761e-14 1.69507e-38 4.07201e-23
3.76449e-14 1.79033e-38 4.07201e-23
3.78144e-14 1.89056e-38 4.07201e-23
3.79847e-14 1.99734e-38 4.07201e-23
3.81558e-14 2.10889e-38 4.07201e-23
3.83276e-14 2.22705e-38 4.07201e-23
3.85002e-14 2.35126e-38 4.07201e-23
3.86736e-14 2.48236e-38 4.07201e-23
3.88478e-14 2.6209e-38 4.07201e-23
3.90228e-14 2.76715e-38 4.07201e-23
3.91985e-14 2.9207e-38 4.07201e-23
3.93751e-14 3.08334e-38 4.07201e-23
3.95524e-14 3.25491e-38 4.07201e-23
3.97305e-14 3.43487e-38 4.07201e-23
3.99095e-14 3.62556e-38 4.07201e-23
4.00892e-14 3.82567e-38 4.07201e-23
4.02698e-14 4.0378e-38 4.07201e-23
4.04511e-14 4.2608e-38 4.07201e-23
4.06333e-14 4.4959e-38 4.07201e-23
4.08163e-14 4.74328e-38 4.07201e-23
4.10001e-14 5.00501e-38 4.07201e-23
4.11848e-14 5.28027e-38 4.07201e-23
4.13703e-14 5.57e-38 4.07201e-23
4.15566e-14 5.87638e-38 4.07201e-23
4.17437e-14 6.19876e-38 4.07201e-23
4.19317e-14 6.53834e-38 4.07201e-23
4.21206e-14 6.89594e-38 4.07201e-23
4.23103e-14 7.27323e-38 4.07201e-23
4.25008e-14 7.67035e-38 4.07201e-23
4.26922e-14 8.08902e-38 4.07201e-23
4.28845e-14 8.52977e-38 4.07201e-23
4.30777e-14 8.99485e-38 4.07201e-23
4.32717e-14 9.48353e-38 4.07201e-23
4.34666e-14 9.99951e-38 4.07201e-23
4.36623e-14 1.05428e-37 4.07201e-23
4.3859e-14 1.11145e-37 4.07201e-23
4.40565e-14 1.17168e-37 4.07201e-23
4.42549e-14 1.23511e-37 4.07201e-23
4.44542e-14 1.30192e-37 4.07201e-23
4.46544e-14 1.37226e-37 4.07201e-23
4.48555e-14 1.44635e-37 4.07201e-23
4.50575e-14 1.52428e-37 4.07201e-23
4.52605e-14 1.60646e-37 4.07201e-23
4.54643e-14 1.69287e-37 4.07201e-23
4.56691e-14 1.78389e-37 4.07201e-23
4.58748e-14 1.87968e-37 4.07201e-23
4.60814e-14 1.98051e-37 4.07201e-23
4.62889e-14 2.08666e-37 4.07201e-23
4.64974e-14 2.19837e-37 4.07201e-23
4.67068e-14 2.31594e-37 4.07201e-23
4.69171e-14 2.43967e-37 4.07201e-23
4.71284e-14 2.56988e-37 4.07201e-23
4.73407e-14 2.70686e-37 4.07201e-23
4.75539e-14 2.85105e-37 4.07201e-23
4.77681e-14 3.00274e-37 4.07201e-23
4.79832e-14 3.16232e-37 4.07201e-23
4.81993e-14 3.33027e-37 4.07201e-23
4.84164e-14 3.5069e-37 4.07201e-23
4.86344e-14 3.69279e-37 4.07201e-23
4.88535e-14 3.88825e-37 4.07201e-23
4.90735e-14 4.09384e-37 4.07201e-23
4.92945e-14 4.31014e-37 4.07201e-23
4.95165e-14 4.53757e-37 4.07201e-23
4.97395e-14 4.77682e-37 4.07201e-23
4.99635e-14 5.02839e-37 4.07201e-23
5.01886e-14 5.29296e-37 4.07201e-23
5.04146e-14 5.57111e-37 4.07201e-23
5.06416e-14 5.86361e-37 4.07201e-23
5.08697e-14 6.17111e-37 4.07201e-23
5.10988e-14 6.49445e-37 4.07201e-23
5.13289e-14 6.8343e-37 4.07201e-23
5.15601e-14 7.1916e-37 4.07201e-23
5.17923e-14 7.56723e-37 4.07201e-23
5.20256e-14 7.96205e-37 4.07201e-23
5.22599e-14 8.37698e-37 4.07201e-23
5.24953e-14 8.81308e-37 4.07201e-23
5.27317e-14 9.27151e-37 4.07201e-23
5.29692e-14 9.75319e-37 4.07201e-23
5.32077e-14 1.02594e-36 4.07201e-23
5.34474e-14 1.07914e-36 4.07201e-23
5.36881e-14 1.13503e-36 4.07201e-23
5.39299e-14 1.19375e-36 4.07201e-23
5.41728e-14 1.25545e-36 4.07201e-23
5.44167e-14 1.32027e-36 4.07201e-23
5.46618e-14 1.38836e-36 4.07201e-23
5.4908e-14 1.45989e-36 4.07201e-23
5.51553e-14 1.53503e-36 4.07201e-23
5.54037e-14 1.61395e-36 4.07201e-23
5.56532e-14 1.69683e-36 4.07201e-23
5.59039e-14 1.78388e-36 4.07201e-23
5.61556e-14 1.87531e-36 4.07201e-23
5.64085e-14 1.97132e-36 4.07201e-23
5.66626e-14 2.07213e-36 4.07201e-23
5.69178e-14 2.17799e-36 4.07201e-23
5.71741e-14 2.28913e-36 4.07201e-23
5.74316e-14 2.40582e-36 4.07201e-23
5.76903e-14 2.52833e-36 4.07201e-23
5.79501e-14 2.65695e-36 4.07201e-23
5.82111e-14 2.79196e-36 4.07201e-23
5.84732e-14 2.93367e-36 4.07201e-23
5.87366e-14 3.08243e-36 4.07201e-23
5.90011e-14 3.23856e-36 4.07201e-23
5.92668e-14 3.40242e-36 4.07201e-23
5.95338e-14 3.57439e-36 4.07201e-23
5.98019e-14 3.75485e-36 4.07201e-23
6.00712e-14 3.94422e-36 4.07201e-23
6.03418e-14 4.14293e-36 4.07201e-23
6.06135e-14 4.35143e-36 4.07201e-23
6.08865e-14 4.57017e-36 4.07201e-23
6.11607e-14 4.79967e-36 4.07201e-23
6.14362e-14 5.04044e-36 4.07201e-23
6.17129e-14 5.293e-36 4.07201e-23
6.19908e-14 5.55794e-36 4.07201e-23
6.227e-14 5.83583e-36 4.07201e-23
6.25504e-14 6.1273e-36 4.07201e-23
6.28321e-14 6.43299e-36 4.07201e-23
6.31151e-14 6.7536e-36 4.07201e-23
6.33994e-14 7.0898e-36 4.07201e-23
6.36849e-14 7.44236e-36 4.07201e-23
6.39717e-14 7.81204e-36 4.07201e-23
6.42598e-14 8.19967e-36 4.07201e-23
6.45492e-14 8.6061e-36 4.07201e-23
6.484e-14 9.03217e-36 4.07201e-23
6.5132e-14 9.47888e-36 4.07201e-23
6.54253e-14 9.94715e-36 4.07201e-23
6.572e-14 1.0438e-35 4.07201e-23
6.6016e-14 1.09525e-35 4.07201e-23
6.63133e-14 1.14918e-35 4.07201e-23
6.66119e-14 1.20571e-35 4.07201e-23
6.69119e-14 1.26494e-35 4.07201e-23
6.72133e-14 1.32702e-35 4.07201e-23
6.7516e-14 1.39207e-35 4.07201e-23
6.78201e-14 1.46024e-35 4.07201e-23
6.81255e-14 1.53167e-35 4.07201e-23
6.84323e-14 1.6065e-35 4.07201e-23
6.87405e-14 1.68491e-35 4.07201e-23
6.90501e-14 1.76705e-35 4.07201e-23
6.93611e-14 1.85309e-35 4.07201e-23
6.96735e-14 1.94323e-35 4.07201e-23
6.99873e-14 2.03765e-35 4.07201e-23
7.03025e-14 2.13654e-35 4.07201e-23
7.06191e-14 2.24012e-35 4.07201e-23
7.09371e-14 2.3486e-35 4.07201e-23
7.12566e-14 2.4622e-35 4.07201e-23
7.15775e-14 2.58116e-35 4.07201e-23
7.18999e-14 2.70573e-35 4.07201e-23
7.22237e-14 2.83617e-35 4.07201e-23
7.2549e-14 2.97274e-35 4.07201e-23
7.28757e-14 3.11573e-35 4.07201e-23
7.32039e-14 3.26542e-35 4.07201e-23
7.35336e-14 3.42213e-35 4.07201e-23
7.38648e-14 3.58617e-35 4.07201e-23
7.41975e-14 3.75788e-35 4.07201e-23
7.45316e-14 3.93762e-35 4.07201e-23
7.48673e-14 4.12573e-35 4.07201e-23
7.52045e-14 4.32261e-35 4.07201e-23
7.55432e-14 4.52864e-35 4.07201e-23
7.58834e-14 4.74425e-35 4.07201e-23
7.62252e-14 4.96987e-35 4.07201e-23
7.65685e-14 5.20595e-35 4.07201e-23
7.69133e-14 5.45296e-35 4.07201e-23
7.72597e-14 5.7114e-35 4.07201e-23
7.76076e-14 5.98177e-35 4.07201e-23
7.79572e-14 6.26462e-35 4.07201e-23
7.83083e-14 6.5605e-35 4.07201e-23
7.86609e-14 6.87e-35 4.07201e-23
7.90152e-14 7.19374e-35 4.07201e-23
7.93711e-14 7.53233e-35 4.07201e-23
7.97285e-14 7.88646e-35 4.07201e-23
8.00876e-14 8.2568e-35 4.07201e-23
8.04483e-14 8.64409e-35 4.07201e-23
8.08106e-14 9.04907e-35 4.07201e-23
8.11746e-14 9.47254e-35 4.07201e-23
8.15402e-14 9.91531e-35 4.07201e-23
8.19074e-14 1.03782e-34 4.07201e-23
8.22763e-14 1.08622e-34 4.07201e-23
8.26468e-14 1.13682e-34 4.07201e-23
8.3019e-14 1.18971e-34 4.07201e-23
8.33929e-14 1.245e-34 4.07201e-23
8.37685e-14 1.30279e-34 4.07201e-23
8.41458e-14 1.36319e-34 4.07201e-23
8.45247e-14 1.42632e-34 4.07201e-23
8.49054e-14 1.49229e-34 4.07201e-23
8.52878e-14 1.56124e-34 4.07201e-23
8.56719e-14 1.63328e-34 4.07201e-23
8.60578e-14 1.70856e-34 4.07201e-23
8.64453e-14 1.78722e-34 4.07201e-23
8.68347e-14 1.8694e-34 4.07201e-23
8.72257e-14 1.95526e-34 4.07201e-23
8.76186e-14 2.04496e-34 4.07201e-23
8.80132e-14 2.13866e-34 4.07201e-23
8.84096e-14 2.23654e-34 4.07201e-23
8.88077e-14 2.33878e-34 4.07201e-23
8.92077e-14 2.44557e-34 4.07201e-23
8.96095e-14 2.5571e-34 4.07201e-23
9.00131e-14 2.67357e-34 4.07201e-23
9.04184e-14 2.79521e-34 4.07201e-23
9.08257e-14 2.92223e-34 4.07201e-23
9.12347e-14 3.05486e-34 4.07201e-23
9.16456e-14 3.19335e-34 4.07201e-23
9.20584e-14 3.33794e-34 4.07201e-23
9.2473e-14 3.4889e-34 4.07201e-23
9.28894e-14 3.6465e-34 4.07201e-23
9.33078e-14 3.81102e-34 4.07201e-23
9.3728e-14 3.98275e-34 4.07201e-23
9.41501e-14 4.16201e-34 4.07201e-23
9.45742e-14 4.34911e-34 4.07201e-23
9.50001e-14 4.54439e-34 4.07201e-23
9.54279e-14 4.74819e-34 4.07201e-23
9.58577e-14 4.96087e-34 4.07201e-23
9.62894e-14 5.1828e-34 4.07201e-23
9.67231e-14 5.41439e-34 4.07201e-23
9.71587e-14 5.65603e-34 4.07201e-23
9.75963e-14 5.90815e-34 4.07201e-23
9.80358e-14 6.17119e-34 4.07201e-23
9.84774e-14 6.44561e-34 4.07201e-23
9.89209e-14 6.73188e-34 4.07201e-23
9.93664e-14 7.03049e-34 4.07201e-23
9.98139e-14 7.34198e-34 4.07201e-23
1.00263e-13 7.66687e-34 4.07201e-23
1.00715e-13 8.00571e-34 4.07201e-23
1.01169e-13 8.35911e-34 4.07201e-23
1.01624e-13 8.72765e-34 4.07201e-23
1.02082e-13 9.11196e-34 4.07201e-23
1.02542e-13 9.51271e-34 4.07201e-23
1.03003e-13 9.93056e-34 4.07201e-23
1.03467e-13 1.03662e-33 4.07201e-23
1.03933e-13 1.08205e-33 4.07201e-23
1.04401e-13 1.1294e-33 4.07201e-23
1.04872e-13 1.17877e-33 4.07201e-23
1.05344e-13 1.23023e-33 4.07201e-23
1.05818e-13 1.28387e-33 4.07201e-23
1.06295e-13 1.33977e-33 4.07201e-23
1.06774e-13 1.39805e-33 4.07201e-23
1.07255e-13 1.45878e-33 4.07201e-23
1.07738e-13 1.52207e-33 4.07201e-23
1.08223e-13 1.58802e-33 4.07201e-23
1.0871e-13 1.65674e-33 4.07201e-23
1.092e-13 1.72835e-33 4.07201e-23
1.09692e-13 1.80296e-33 4.07201e-23
1.10186e-13 1.8807e-33 4.07201e-23
1.10682e-13 1.96168e-33 4.07201e-23
1.1118e-13 2.04605e-33 4.07201e-23
1.11681e-13 2.13393e-33 4.07201e-23
1.12184e-13 2.22548e-33 4.07201e-23
1.12689e-13 2.32083e-33 4.07201e-23
1.13197e-13 2.42014e-33 4.07201e-23
1.13707e-13 2.52357e-33 4.07201e-23
1.14219e-13 2.63128e-33 4.07201e-23
1.14733e-13 2.74345e-33 4.07201e-23
1.1525e-13 2.86025e-33 4.07201e-23
1.15769e-13 2.98187e-33 4.07201e-23
1.1629e-13 3.1085e-33 4.07201e-23
1.16814e-13 3.24034e-33 4.07201e-23
1.1734e-13 3.3776e-33 4.07201e-23
1.17869e-13 3.52049e-33 4.07201e-23
1.18399e-13 3.66923e-33 4.07201e-23
1.18933e-13 3.82406e-33 4.07201e-23
1.19468e-13 3.98522e-33 4.07201e-23
1.20006e-13 4.15295e-33 4.07201e-23
1.20547e-13 4.32752e-33 4.07201e-23
1.2109e-13 4.50919e-33 4.07201e-23
1.21635e-13 4.69825e-33 4.07201e-23
1.22183e-13 4.89498e-33 4.07201e-23
1.22733e-13 5.09968e-33 4.07201e-23
1.23286e-13 5.31267e-33 4.07201e-23
1.23841e-13 5.53427e-33 4.07201e-23
1.24399e-13 5.76481e-33 4.07201e-23
1.24959e-13 6.00465e-33 4.07201e-23
1.25522e-13 6.25414e-33 4.07201e-23
1.26087e-13 6.51365e-33 4.07201e-23
1.26655e-13 6.78359e-33 4.07201e-23
1.27226e-13 7.06435e-33 4.07201e-23
1.27799e-13 7.35634e-33 4.07201e-23
1.28374e-13 7.66001e-33 4.07201e-23
1.28952e-13 7.9758e-33 4.07201e-23
1.29533e-13 8.30418e-33 4.07201e-23
1.30116e-13 8.64563e-33 4.07201e-23
1.30702e-13 9.00066e-33 4.07201e-23
1.31291e-13 9.36978e-33 4.07201e-23
1.31882e-13 9.75353e-33 4.07201e-23
1.32476e-13 1.01525e-32 4.07201e-23
1.33073e-13 1.05672e-32 4.07201e-23
1.33672e-13 1.09983e-32 4.07201e-23
1.34274e-13 1.14464e-32 4.07201e-23
1.34879e-13 1.19121e-32 4.07201e-23
1.35487e-13 1.23961e-32 4.07201e-23
1.36097e-13 1.28991e-32 4.07201e-23
1.3671e-13 1.34219e-32 4.07201e-23
1.37325e-13 1.39651e-32 4.07201e-23
1.37944e-13 1.45295e-32 4.07201e-23
1.38565e-13 1.5116e-32 4.07201e-23
1.39189e-13 1.57253e-32 4.07201e-23
1.39816e-13 1.63584e-32 4.07201e-23
1.40446e-13 1.7016e-32 4.07201e-23
1.41078e-13 1.76992e-32 4.07201e-23
1.41714e-13 1.84088e-32 4.07201e-23
1.42352e-13 1.91459e-32 4.07201e-23
1.42993e-13 1.99115e-32 4.07201e-23
1.43637e-13 2.07067e-32 4.07201e-23
1.44284e-13 2.15324e-32 4.07201e-23
1.44934e-13 2.239e-32 4.07201e-23
1.45586e-13 2.32805e-32 4.07201e-23
1.46242e-13 2.42052e-32 4.07201e-23
1.46901e-13 2.51652e-32 4.07201e-23
1.47562e-13 2.61621e-32 4.07201e-23
1.48227e-13 2.7197e-32 4.07201e-23
1.48894e-13 2.82713e-32 4.07201e-23
1.49565e-13 2.93866e-32 4.07201e-23
1.50239e-13 3.05443e-32 4.07201e-23
1.50915e-13 3.1746e-32 4.07201e-23
1.51595e-13 3.29933e-32 4.07201e-23
1.52278e-13 3.42877e-32 4.07201e-23
1.52963e-13 3.56312e-32 4.07201e-23
1.53652e-13 3.70253e-32 4.07201e-23
1.54344e-13 3.8472e-32 4.07201e-23
1.5504e-13 3.99732e-32 4.07201e-23
1.55738e-13 4.15308e-32 4.07201e-23
1.56439e-13 4.31469e-32 4.07201e-23
1.57144e-13 4.48235e-32 4.07201e-23
1.57851e-13 4.65629e-32 4.07201e-23
1.58562e-13 4.83672e-32 4.07201e-23
1.59277e-13 5.0239e-32 4.07201e-23
1.59994e-13 5.21804e-32 4.07201e-23
1.60714e-13 5.41941e-32 4.07201e-23
1.61438e-13 5.62825e-32 4.07201e-23
1.62165e-13 5.84484e-32 4.07201e-23
1.62896e-13 6.06946e-32 4.07201e-23
1.63629e-13 6.30238e-32 4.07201e-23
1.64366e-13 6.5439e-32 4.07201e-23
1.65106e-13 6.79432e-32 4.07201e-23
1.6585e-13 7.05397e-32 4.07201e-23
1.66597e-13 7.32316e-32 4.07201e-23
1.67347e-13 7.60223e-32 4.07201e-23
1.68101e-13 7.89152e-32 4.07201e-23
1.68858e-13 8.1914e-32 4.07201e-23
1.69619e-13 8.50224e-32 4.07201e-23
1.70382e-13 8.82442e-32 4.07201e-23
1.7115e-13 9.15833e-32 4.07201e-23
1.71921e-13 9.50439e-32 4.07201e-23
1.72695e-13 9.86302e-32 4.07201e-23
1.73473e-13 1.02346e-31 4.07201e-23
1.74254e-13 1.06197e-31 4.07201e-23
1.75039e-13 1.10187e-31 4.07201e-23
1.75827e-13 1.14321e-31 4.07201e-23
1.76619e-13 1.18604e-31 4.07201e-23
1.77414e-13 1.23042e-31 4.07201e-23
1.78213e-13 1.27638e-31 4.07201e-23
1.79016e-13 1.324e-31 4.07201e-23
1.79822e-13 1.37332e-31 4.07201e-23
1.80632e-13 1.4244e-31 4.07201e-23
1.81446e-13 1.47731e-31 4.07201e-23
1.82263e-13 1.5321e-31 4.07201e-23
1.83084e-13 1.58884e-31 4.07201e-23
1.83908e-13 1.64761e-31 4.07201e-23
1.84736e-13 1.70845e-31 4.07201e-23
1.85568e-13 1.77145e-31 4.07201e-23
1.86404e-13 1.83668e-31 4.07201e-23
1.87244e-13 1.90422e-31 4.07201e-23
1.88087e-13 1.97413e-31 4.07201e-23
1.88934e-13 2.04651e-31 4.07201e-23
1.89785e-13 2.12143e-31 4.07201e-23
1.9064e-13 2.19898e-31 4.07201e-23
1.91498e-13 2.27925e-31 4.07201e-23
1.92361e-13 2.36232e-31 4.07201e-23
1.93227e-13 2.4483e-31 4.07201e-23
1.94097e-13 2.53728e-31 4.07201e-23
1.94972e-13 2.62935e-31 4.07201e-23
1.9585e-13 2.72463e-31 4.07201e-23
1.96732e-13 2.82321e-31 4.07201e-23
1.97618e-13 2.92521e-31 4.07201e-23
1.98508e-13 3.03073e-31 4.07201e-23
1.99402e-13 3.1399e-31 4.07201e-23
2.003e-13 3.25284e-31 4.07201e-23
2.01202e-13 3.36967e-31 4.07201e-23
2.02108e-13 3.49051e-31 4.07201e-23
2.03018e-13 3.6155e-31 4.07201e-23
2.03933e-13 3.74477e-31 4.07201e-23
2.04851e-13 3.87846e-31 4.07201e-23
2.05774e-13 4.01673e-31 4.07201e-23
2.067e-13 4.1597e-31 4.07201e-23
2.07631e-13 4.30754e-31 4.07201e-23
2.08566e-13 4.46041e-31 4.07201e-23
2.09506e-13 4.61847e-31 4.07201e-23
2.10449e-13 4.78188e-31 4.07201e-23
2.11397e-13 4.95081e-31 4.07201e-23
2.12349e-13 5.12546e-31 4.07201e-23
2.13306e-13 5.30598e-31 4.07201e-23
2.14266e-13 5.49259e-31 4.07201e-23
2.15231e-13 5.68547e-31 4.07201e-23
2.16201e-13 5.88481e-31 4.07201e-23
2.17174e-13 6.09083e-31 4.07201e-23
2.18152e-13 6.30374e-31 4.07201e-23
2.19135e-13 6.52376e-31 4.07201e-23
2.20122e-13 6.75111e-31 4.07201e-23
2.21113e-13 6.98602e-31 4.07201e-23
2.22109e-13 7.22874e-31 4.07201e-23
2.23109e-13 7.4795e-31 4.07201e-23
2.24114e-13 7.73857e-31 4.07201e-23
2.25123e-13 8.00619e-31 4.07201e-23
2.26137e-13 8.28265e-31 4.07201e-23
2.27156e-13 8.56821e-31 4.07201e-23
2.28179e-13 8.86317e-31 4.07201e-23
2.29206e-13 9.1678e-31 4.07201e-23
2.30239e-13 9.48242e-31 4.07201e-23
2.31276e-13 9.80733e-31 4.07201e-23
2.32317e-13 1.01429e-30 4.07201e-23
2.33364e-13 1.04893e-30 4.07201e-23
2.34415e-13 1.08471e-30 4.07201e-23
2.3547e-13 1.12164e-30 4.07201e-23
2.36531e-13 1.15978e-30 4.07201e-23
2.37596e-13 1.19915e-30 4.072e-23
2.38666e-13 1.23979e-30 4.072e-23
2.39741e-13 1.28174e-30 4.072e-23
2.40821e-13 1.32505e-30 4.072e-23
2.41905e-13 1.36975e-30 4.072e-23
2.42995e-13 1.41588e-30 4.072e-23
2.44089e-13 1.4635e-30 4.072e-23
2.45188e-13 1.51263e-30 4.072e-23
2.46293e-13 1.56334e-30 4.072e-23
2.47402e-13 1.61566e-30 4.072e-23
2.48516e-13 1.66965e-30 4.072e-23
2.49635e-13 1.72535e-30 4.072e-23
2.5076e-13 1.78282e-30 4.072e-23
2.51889e-13 1.84211e-30 4.072e-23
2.53023e-13 1.90328e-30 4.072e-23
2.54163e-13 1.96637e-30 4.072e-23
2.55308e-13 2.03146e-30 4.072e-23
2.56458e-13 2.09859e-30 4.072e-23
2.57613e-13 2.16782e-30 4.072e-23
2.58773e-13 2.23923e-30 4.072e-23
2.59938e-13 2.31287e-30 4.072e-23
2.61109e-13 2.38881e-30 4.072e-23
2.62285e-13 2.46711e-30 4.072e-23
2.63466e-13 2.54785e-30 4.072e-23
2.64653e-13 2.6311e-30 4.072e-23
2.65845e-13 2.71693e-30 4.072e-23
2.67042e-13 2.80542e-30 4.072e-23
2.68245e-13 2.89664e-30 4.072e-23
2.69453e-13 2.99067e-30 4.072e-23
2.70666e-13 3.0876e-30 4.072e-23
2.71885e-13 3.18751e-30 4.072e-23
2.7311e-13 3.29048e-30 4.072e-23
2.7434e-13 3.3966e-30 4.072e-23
2.75575e-13 3.50597e-30 4.072e-23
2.76816e-13 3.61867e-30 4.072e-23
2.78063e-13 3.73481e-30 4.072e-23
2.79315e-13 3.85447e-30 4.072e-23
2.80573e-13 3.97777e-30 4.072e-23
2.81837e-13 4.1048e-30 4.072e-23
2.83106e-13 4.23566e-30 4.072e-23
2.84381e-13 4.37048e-30 4.072e-23
2.85662e-13 4.50936e-30 4.07199e-23
2.86949e-13 4.65242e-30 4.07199e-23
2.88241e-13 4.79976e-30 4.07199e-23
2.89539e-13 4.95152e-30 4.07199e-23
2.90843e-13 5.10782e-30 4.07199e-23
2.92153e-13 5.26879e-30 4.07199e-23
2.93469e-13 5.43454e-30 4.07199e-23
2.9479e-13 5.60523e-30 4.07199e-23
2.96118e-13 5.78098e-30 4.07199e-23
2.97452e-13 5.96194e-30 4.07199e-23
2.98791e-13 6.14825e-30 4.07199e-23
3.00137e-13 6.34005e-30 4.07199e-23
3.01489e-13 6.53751e-30 4.07199e-23
3.02847e-13 6.74077e-30 4.07199e-23
3.0421e-13 6.95e-30 4.07199e-23
3.05581e-13 7.16535e-30 4.07199e-23
3.06957e-13 7.38701e-30 4.07199e-23
3.08339e-13 7.61513e-30 4.07198e-23
3.09728e-13 7.84989e-30 4.07198e-23
3.11123e-13 8.09148e-30 4.07198e-23
3.12524e-13 8.34008e-30 4.07198e-23
3.13932e-13 8.59588e-30 4.07198e-23
3.15345e-13 8.85907e-30 4.07198e-23
3.16766e-13 9.12986e-30 4.07198e-23
3.18192e-13 9.40844e-30 4.07198e-23
3.19625e-13 9.69503e-30 4.07198e-23
3.21065e-13 9.98984e-30 4.07198e-23
3.22511e-13 1.02931e-29 4.07198e-23
3.23963e-13 1.0605e-29 4.07198e-23
3.25422e-13 1.09258e-29 4.07197e-23
3.26888e-13 1.12558e-29 4.07197e-23
3.2836e-13 1.15951e-29 4.07197e-23
3.29839e-13 1.1944e-29 4.07197e-23
3.31324e-13 1.23028e-29 4.07197e-23
3.32817e-13 1.26718e-29 4.07197e-23
3.34316e-13 1.30511e-29 4.07197e-23
3.35821e-13 1.34411e-29 4.07197e-23
3.37334e-13 1.38421e-29 4.07196e-23
3.38853e-13 1.42543e-29 4.07196e-23
3.40379e-13 1.4678e-29 4.07196e-23
3.41912e-13 1.51136e-29 4.07196e-23
3.43452e-13 1.55613e-29 4.07196e-23
3.44999e-13 1.60214e-29 4.07196e-23
3.46552e-13 1.64943e-29 4.07196e-23
3.48113e-13 1.69803e-29 4.07195e-23
3.49681e-13 1.74798e-29 4.07195e-23
3.51256e-13 1.7993e-29 4.07195e-23
3.52838e-13 1.85203e-29 4.07195e-23
3.54427e-13 1.90621e-29 4.07195e-23
3.56023e-13 1.96188e-29 4.07194e-23
3.57627e-13 2.01907e-29 4.07194e-23
3.59237e-13 2.07782e-29 4.07194e-23
3.60855e-13 2.13818e-29 4.07194e-23
3.6248e-13 2.20017e-29 4.07194e-23
3.64113e-13 2.26385e-29 4.07193e-23
3.65753e-13 2.32925e-29 4.07193e-23
3.674e-13 2.39642e-29 4.07193e-23
3.69055e-13 2.4654e-29 4.07193e-23
3.70717e-13 2.53624e-29 4.07192e-23
3.72386e-13 2.60898e-29 4.07192e-23
3.74063e-13 2.68368e-29 4.07192e-23
3.75748e-13 2.76037e-29 4.07192e-23
3.7744e-13 2.83911e-29 4.07191e-23
3.7914e-13 2.91994e-29 4.07191e-23
3.80848e-13 3.00293e-29 4.07191e-23
3.82563e-13 3.08811e-29 4.07191e-23
3.84286e-13 3.17556e-29 4.0719e-23
3.86017e-13 3.26531e-29 4.0719e-23
3.87755e-13 3.35743e-29 4.0719e-23
3.89502e-13 3.45198e-29 4.07189e-23
3.91256e-13 3.549e-29 4.07189e-23
3.93018e-13 3.64857e-29 4.07189e-23
3.94788e-13 3.75075e-29 4.07188e-23
3.96566e-13 3.85558e-29 4.07188e-23
3.98352e-13 3.96315e-29 4.07187e-23
4.00146e-13 4.07352e-29 4.07187e-23
4.01948e-13 4.18674e-29 4.07187e-23
4.03758e-13 4.3029e-29 4.07186e-23
4.05577e-13 4.42205e-29 4.07186e-23
4.07403e-13 4.54427e-29 4.07185e-23
4.09238e-13 4.66964e-29 4.07185e-23
4.11081e-13 4.79822e-29 4.07184e-23
4.12933e-13 4.93009e-29 4.07184e-23
4.14792e-13 5.06533e-29 4.07183e-23
4.16661e-13 5.20402e-29 4.07183e-23
4.18537e-13 5.34624e-29 4.07182e-23
4.20422e-13 5.49206e-29 4.07182e-23
4.22315e-13 5.64158e-29 4.07181e-23
4.24217e-13 5.79487e-29 4.07181e-23
4.26128e-13 5.95203e-29 4.0718e-23
4.28047e-13 6.11314e-29 4.0718e-23
4.29975e-13 6.2783e-29 4.07179e-23
4.31911e-13 6.44759e-29 4.07178e-23
4.33857e-13 6.62112e-29 4.07178e-23
4.35811e-13 6.79897e-29 4.07177e-23
4.37773e-13 6.98125e-29 4.07176e-23
4.39745e-13 7.16805e-29 4.07176e-23
4.41725e-13 7.35948e-29 4.07175e-23
4.43715e-13 7.55564e-29 4.07174e-23
4.45713e-13 7.75663e-29 4.07173e-23
4.47721e-13 7.96258e-29 4.07173e-23
4.49737e-13 8.17358e-29 4.07172e-23
4.51762e-13 8.38974e-29 4.07171e-23
4.53797e-13 8.6112e-29 4.0717e-23
4.55841e-13 8.83805e-29 4.07169e-23
4.57894e-13 9.07042e-29 4.07168e-23
4.59956e-13 9.30843e-29 4.07168e-23
4.62028e-13 9.5522e-29 4.07167e-23
4.64108e-13 9.80187e-29 4.07166e-23
4.66199e-13 1.00576e-28 4.07165e-23
4.68298e-13 1.03194e-28 4.07164e-23
4.70407e-13 1.05875e-28 4.07163e-23
4.72526e-13 1.08621e-28 4.07162e-23
4.74654e-13 1.11432e-28 4.07161e-23
4.76792e-13 1.1431e-28 4.07159e-23
4.78939e-13 1.17256e-28 4.07158e-23
4.81096e-13 1.20272e-28 4.07157e-23
4.83263e-13 1.2336e-28 4.07156e-23
4.85439e-13 1.26521e-28 4.07155e-23
4.87626e-13 1.29756e-28 4.07153e-23
4.89822e-13 1.33067e-28 4.07152e-23
4.92028e-13 1.36456e-28 4.07151e-23
4.94244e-13 1.39924e-28 4.07149e-23
4.9647e-13 1.43473e-28 4.07148e-23
4.98705e-13 1.47104e-28 4.07147e-23
5.00952e-13 1.5082e-28 4.07145e-23
5.03208e-13 1.54622e-28 4.07144e-23
5.05474e-13 1.58512e-28 4.07142e-23
5.0775e-13 1.62492e-28 4.0714e-23
5.10037e-13 1.66563e-28 4.07139e-23
5.12334e-13 1.70728e-28 4.07137e-23
5.14642e-13 1.74988e-28 4.07135e-23
5.16959e-13 1.79346e-28 4.07134e-23
5.19288e-13 1.83802e-28 4.07132e-23
5.21626e-13 1.8836e-28 4.0713e-23
5.23976e-13 1.93022e-28 4.07128e-23
5.26336e-13 1.97788e-28 4.07126e-23
5.28706e-13 2.02663e-28 4.07124e-23
5.31087e-13 2.07647e-28 4.07122e-23
5.33479e-13 2.12743e-28 4.0712e-23
5.35882e-13 2.17953e-28 4.07118e-23
5.38295e-13 2.2328e-28 4.07116e-23
5.40719e-13 2.28725e-28 4.07114e-23
5.43155e-13 2.34291e-28 4.07111e-23
5.45601e-13 2.39981e-28 4.07109e-23
5.48058e-13 2.45797e-28 4.07107e-23
5.50526e-13 2.51741e-28 4.07104e-23
5.53006e-13 2.57816e-28 4.07102e-23
5.55496e-13 2.64025e-28 4.07099e-23
5.57998e-13 2.70369e-28 4.07096e-23
5.60511e-13 2.76852e-28 4.07094e-23
5.63036e-13 2.83477e-28 4.07091e-23
5.65571e-13 2.90245e-28 4.07088e-23
5.68119e-13 2.9716e-28 4.07085e-23
5.70677e-13 3.04225e-28 4.07082e-23
5.73247e-13 3.11442e-28 4.07079e-23
5.75829e-13 3.18815e-28 4.07076e-23
5.78422e-13 3.26345e-28 4.07073e-23
5.81027e-13 3.34037e-28 4.0707e-23
5.83644e-13 3.41894e-28 4.07066e-23
5.86273e-13 3.49917e-28 4.07063e-23
5.88913e-13 3.58111e-28 4.07059e-23
5.91566e-13 3.66479e-28 4.07056e-23
5.9423e-13 3.75023e-28 4.07052e-23
5.96906e-13 3.83748e-28 4.07048e-23
5.99594e-13 3.92656e-28 4.07045e-23
6.02295e-13 4.0175e-28 4.07041e-23
6.05007e-13 4.11035e-28 4.07037e-23
6.07732e-13 4.20514e-28 4.07032e-23
6.10469e-13 4.3019e-28 4.07028e-23
6.13218e-13 4.40066e-28 4.07024e-23
6.1598e-13 4.50147e-28 4.0702e-23
6.18754e-13 4.60436e-28 4.07015e-23
6.21541e-13 4.70937e-28 4.0701e-23
6.2434e-13 4.81653e-28 4.07006e-23
6.27152e-13 4.92589e-28 4.07001e-23
6.29977e-13 5.03747e-28 4.06996e-23
6.32814e-13 5.15134e-28 4.06991e-23
6.35664e-13 5.26751e-28 4.06986e-23
6.38527e-13 5.38603e-28 4.06981e-23
6.41403e-13 5.50695e-28 4.06975e-23
6.44291e-13 5.63031e-28 4.0697e-23
6.47193e-13 5.75614e-28 4.06964e-23
6.50108e-13 5.88449e-28 4.06958e-23
6.53036e-13 6.01541e-28 4.06952e-23
6.55977e-13 6.14893e-28 4.06946e-23
6.58931e-13 6.28511e-28 4.0694e-23
6.61899e-13 6.42398e-28 4.06934e-23
6.6488e-13 6.5656e-28 4.06928e-23
6.67874e-13 6.71e-28 4.06921e-23
6.70882e-13 6.85725e-28 4.06914e-23
6.73903e-13 7.00737e-28 4.06907e-23
6.76938e-13 7.16043e-28 4.069e-23
6.79987e-13 7.31648e-28 4.06893e-23
6.8305e-13 7.47555e-28 4.06886e-23
6.86126e-13 7.6377e-28 4.06878e-23
6.89216e-13 7.80298e-28 4.06871e-23
6.9232e-13 7.97145e-28 4.06863e-23
6.95438e-13 8.14315e-28 4.06855e-23
6.9857e-13 8.31814e-28 4.06847e-23
7.01716e-13 8.49646e-28 4.06839e-23
7.04877e-13 8.67819e-28 4.0683e-23
7.08051e-13 8.86336e-28 4.06821e-23
7.1124e-13 9.05203e-28 4.06813e-23
7.14443e-13 9.24427e-28 4.06803e-23
7.17661e-13 9.44012e-28 4.06794e-23
7.20893e-13 9.63965e-28 4.06785e-23
7.2414e-13 9.84291e-28 4.06775e-23
7.27401e-13 1.005e-27 4.06765e-23
7.30677e-13 1.02609e-27 4.06755e-23
7.33968e-13 1.04757e-27 4.06745e-23
7.37273e-13 1.06944e-27 4.06735e-23
7.40594e-13 1.09172e-27 4.06724e-23
7.43929e-13 1.11441e-27 4.06713e-23
7.4728e-13 1.13752e-27 4.06702e-23
7.50645e-13 1.16105e-27 4.0669e-23
7.54026e-13 1.185e-27 4.06679e-23
7.57422e-13 1.20939e-27 4.06667e-23
7.60833e-13 1.23423e-27 4.06655e-23
7.6426e-13 1.25951e-27 4.06642e-23
7.67702e-13 1.28524e-27 4.0663e-23
7.71159e-13 1.31144e-27 4.06617e-23
7.74632e-13 1.3381e-27 4.06604e-23
7.78121e-13 1.36524e-27 4.06591e-23
7.81625e-13 1.39286e-27 4.06577e-23
7.85146e-13 1.42097e-27 4.06563e-23
7.88682e-13 1.44958e-27 4.06549e-23
7.92234e-13 1.47869e-27 4.06534e-23
7.95802e-13 1.50831e-27 4.06519e-23
7.99386e-13 1.53844e-27 4.06504e-23
8.02986e-13 1.56911e-27 4.06489e-23
8.06602e-13 1.6003e-27 4.06473e-23
8.10235e-13 1.63204e-27 4.06457e-23
8.13884e-13 1.66432e-27 4.06441e-23
8.1755e-13 1.69716e-27 4.06424e-23
8.21232e-13 1.73056e-27 4.06407e-23
8.2493e-13 1.76454e-27 4.0639e-23
8.28645e-13 1.79909e-27 4.06372e-23
8.32377e-13 1.83423e-27 4.06354e-23
8.36126e-13 1.86996e-27 4.06336e-23
8.39892e-13 1.9063e-27 4.06317e-23
8.43674e-13 1.94325e-27 4.06298e-23
8.47474e-13 1.98082e-27 4.06279e-23
8.51291e-13 2.01901e-27 4.06259e-23
8.55125e-13 2.05784e-27 4.06239e-23
8.58976e-13 2.09732e-27 4.06218e-23
8.62845e-13 2.13744e-27 4.06197e-23
8.66731e-13 2.17823e-27 4.06176e-23
8.70634e-13 2.21969e-27 4.06154e-23
8.74555e-13 2.26183e-27 4.06132e-23
8.78494e-13 2.30465e-27 4.06109e-23
8.82451e-13 2.34818e-27 4.06086e-23
8.86425e-13 2.3924e-27 4.06063e-23
8.90417e-13 2.43734e-27 4.06039e-23
8.94427e-13 2.48301e-27 4.06015e-23
8.98455e-13 2.5294e-27 4.0599e-23
9.02502e-13 2.57654e-27 4.05964e-23
9.06566e-13 2.62443e-27 4.05939e-23
9.10649e-13 2.67308e-27 4.05912e-23
9.14751e-13 2.7225e-27 4.05886e-23
9.1887e-13 2.77269e-27 4.05858e-23
9.23009e-13 2.82368e-27 4.05831e-23
9.27166e-13 2.87546e-27 4.05803e-23
9.31341e-13 2.92805e-27 4.05774e-23
9.35536e-13 2.98145e-27 4.05744e-23
9.39749e-13 3.03569e-27 4.05715e-23
9.43982e-13 3.09076e-27 4.05684e-23
9.48233e-13 3.14667e-27 4.05653e-23
9.52504e-13 3.20344e-27 4.05622e-23
9.56793e-13 3.26108e-27 4.0559e-23
9.61103e-13 3.31959e-27 4.05557e-23
9.65431e-13 3.37899e-27 4.05524e-23
9.69779e-13 3.43929e-27 4.0549e-23
9.74147e-13 3.50049e-27 4.05456e-23
9.78534e-13 3.56261e-27 4.05421e-23
9.82941e-13 3.62565e-27 4.05385e-23
9.87368e-13 3.68963e-27 4.05349e-23
9.91815e-13 3.75456e-27 4.05312e-23
9.96282e-13 3.82045e-27 4.05275e-23
1.00077e-12 3.8873e-27 4.05236e-23
1.00528e-12 3.95513e-27 4.05197e-23
1.0098e-12 4.02395e-27 4.05158e-23
1.01435e-12 4.09378e-27 4.05118e-23
1.01892e-12 4.16461e-27 4.05077e-23
1.02351e-12 4.23646e-27 4.05035e-23
1.02812e-12 4.30934e-27 4.04993e-23
1.03275e-12 4.38327e-27 4.0495e-23
1.0374e-12 4.45825e-27 4.04906e-23
1.04207e-12 4.53429e-27 4.04861e-23
1.04676e-12 4.61141e-27 4.04816e-23
1.05148e-12 4.68961e-27 4.0477e-23
1.05621e-12 4.76891e-27 4.04723e-23
1.06097e-12 4.84931e-27 4.04675e-23
1.06575e-12 4.93084e-27 4.04627e-23
1.07055e-12 5.01349e-27 4.04577e-23
1.07537e-12 5.09728e-27 4.04527e-23
1.08021e-12 5.18222e-27 4.04476e-23
1.08508e-12 5.26833e-27 4.04424e-23
1.08997e-12 5.3556e-27 4.04372e-23
1.09487e-12 5.44407e-27 4.04318e-23
1.09981e-12 5.53372e-27 4.04264e-23
1.10476e-12 5.62459e-27 4.04208e-23
1.10973e-12 5.71667e-27 4.04152e-23
1.11473e-12 5.80997e-27 4.04095e-23
1.11975e-12 5.90452e-27 4.04037e-23
1.1248e-12 6.00032e-27 4.03978e-23
1.12986e-12 6.09738e-27 4.03918e-23
1.13495e-12 6.19571e-27 4.03857e-23
1.14006e-12 6.29533e-27 4.03795e-23
1.1452e-12 6.39624e-27 4.03732e-23
1.15035e-12 6.49845e-27 4.03668e-23
1.15553e-12 6.60199e-27 4.03603e-23
1.16074e-12 6.70685e-27 4.03537e-23
1.16597e-12 6.81305e-27 4.0347e-23
1.17122e-12 6.9206e-27 4.03402e-23
1.17649e-12 7.02951e-27 4.03333e-23
1.18179e-12 7.1398e-27 4.03262e-23
1.18711e-12 7.25146e-27 4.03191e-23
1.19246e-12 7.36453e-27 4.03118e-23
1.19783e-12 7.47899e-27 4.03045e-23
1.20323e-12 7.59488e-27 4.0297e-23
1.20864e-12 7.71219e-27 4.02894e-23
1.21409e-12 7.83094e-27 4.02817e-23
1.21956e-12 7.95113e-27 4.02739e-23
1.22505e-12 8.07279e-27 4.02659e-23
1.23057e-12 8.19592e-27 4.02578e-23
1.23611e-12 8.32052e-27 4.02496e-23
1.24167e-12 8.44662e-27 4.02413e-23
1.24727e-12 8.57423e-27 4.02329e-23
1.25288e-12 8.70334e-27 4.02243e-23
1.25853e-12 8.83398e-27 4.02156e-23
1.26419e-12 8.96615e-27 4.02068e-23
1.26989e-12 9.09987e-27 4.01978e-23
1.27561e-12 9.23514e-27 4.01887e-23
1.28135e-12 9.37197e-27 4.01795e-23
1.28712e-12 9.51039e-27 4.01701e-23
1.29292e-12 9.65038e-27 4.01606e-23
1.29874e-12 9.79197e-27 4.01509e-23
1.30459e-12 9.93517e-27 4.01411e-23
1.31047e-12 1.008e-26 4.01312e-23
1.31637e-12 1.02264e-26 4.01211e-23
1.3223e-12 1.03745e-26 4.01109e-23
1.32825e-12 1.05242e-26 4.01005e-23
1.33424e-12 1.06756e-26 4.009e-23
1.34024e-12 1.08286e-26 4.00793e-23
1.34628e-12 1.09833e-26 4.00685e-23
1.35234e-12 1.11397e-26 4.00575e-23
1.35843e-12 1.12978e-26 4.00464e-23
1.36455e-12 1.14576e-26 4.00351e-23
1.3707e-12 1.16191e-26 4.00236e-23
1.37687e-12 1.17823e-26 4.0012e-23
1.38307e-12 1.19472e-26 4.00002e-23
1.3893e-12 1.21139e-26 3.99883e-23
1.39556e-12 1.22823e-26 3.99762e-23
1.40184e-12 1.24525e-26 3.99639e-23
1.40816e-12 1.26244e-26 3.99514e-23
1.4145e-12 1.27981e-26 3.99388e-23
1.42087e-12 1.29736e-26 3.9926e-23
1.42727e-12 1.31509e-26 3.9913e-23
1.4337e-12 1.33299e-26 3.98999e-23
1.44015e-12 1.35108e-26 3.98865e-23
1.44664e-12 1.36935e-26 3.9873e-23
1.45315e-12 1.3878e-26 3.98593e-23
1.4597e-12 1.40643e-26 3.98455e-23
1.46627e-12 1.42524e-26 3.98314e-23
1.47288e-12 1.44424e-26 3.98171e-23
1.47951e-12 1.46342e-26 3.98027e-23
1.48617e-12 1.48279e-26 3.97881e-23
1.49287e-12 1.50234e-26 3.97732e-23
1.49959e-12 1.52208e-26 3.97582e-23
1.50634e-12 1.54201e-26 3.9743e-23
1.51313e-12 1.56212e-26 3.97276e-23
1.51994e-12 1.58242e-26 3.9712e-23
1.52679e-12 1.60291e-26 3.96961e-23
1.53366e-12 1.62359e-26 3.96801e-23
1.54057e-12 1.64446e-26 3.96639e-23
1.54751e-12 1.66552e-26 3.96474e-23
1.55448e-12 1.68677e-26 3.96308e-23
1.56148e-12 1.70821e-26 3.96139e-23
1.56851e-12 1.72984e-26 3.95968e-23
1.57558e-12 1.75167e-26 3.95795e-23
1.58267e-12 1.77368e-26 3.9562e-23
1.5898e-12 1.79589e-26 3.95443e-23
1.59696e-12 1.8183e-26 3.95263e-23
1.60415e-12 1.84089e-26 3.95081e-23
1.61138e-12 1.86368e-26 3.94897e-23
1.61864e-12 1.88667e-26 3.94711e-23
1.62592e-12 1.90984e-26 3.94522e-23
1.63325e-12 1.93322e-26 3.94331e-23
1.6406e-12 1.95678e-26 3.94138e-23
1.64799e-12 1.98055e-26 3.93942e-23
1.65541e-12 2.0045e-26 3.93744e-23
1.66287e-12 2.02866e-26 3.93544e-23
1.67036e-12 2.053e-26 3.93341e-23
1.67788e-12 2.07755e-26 3.93135e-23
1.68544e-12 2.10229e-26 3.92928e-23
1.69303e-12 2.12722e-26 3.92717e-23
1.70065e-12 2.15235e-26 3.92505e-23
1.70831e-12 2.17768e-26 3.92289e-23
1.71601e-12 2.2032e-26 3.92072e-23
1.72374e-12 2.22892e-26 3.91851e-23
1.7315e-12 2.25483e-26 3.91628e-23
1.7393e-12 2.28094e-26 3.91403e-23
1.74713e-12 2.30724e-26 3.91175e-23
1.755e-12 2.33374e-26 3.90944e-23
1.7629e-12 2.36044e-26 3.90711e-23
1.77084e-12 2.38733e-26 3.90475e-23
1.77882e-12 2.41441e-26 3.90236e-23
1.78683e-12 2.44169e-26 3.89995e-23
1.79488e-12 2.46916e-26 3.8975e-23
1.80296e-12 2.49682e-26 3.89504e-23
1.81108e-12 2.52468e-26 3.89254e-23
1.81924e-12 2.55273e-26 3.89001e-23
1.82743e-12 2.58097e-26 3.88746e-23
1.83566e-12 2.60941e-26 3.88488e-23
1.84393e-12 2.63804e-26 3.88227e-23
1.85223e-12 2.66685e-26 3.87963e-23
1.86057e-12 2.69586e-26 3.87697e-23
1.86895e-12 2.72506e-26 3.87427e-23
1.87737e-12 2.75445e-26 3.87154e-23
1.88583e-12 2.78402e-26 3.86879e-23
1.89432e-12 2.81379e-26 3.86601e-23
1.90285e-12 2.84374e-26 3.86319e-23
1.91142e-12 2.87388e-26 3.86035e-23
1.92003e-12 2.9042e-26 3.85747e-23
1.92868e-12 2.93471e-26 3.85457e-23
1.93736e-12 2.96541e-26 3.85164e-23
1.94609e-12 2.99628e-26 3.84867e-23
1.95485e-12 3.02734e-26 3.84567e-23
1.96366e-12 3.05858e-26 3.84265e-23
1.9725e-12 3.09e-26 3.83959e-23
1.98138e-12 3.1216e-26 3.8365e-23
1.99031e-12 3.15338e-26 3.83338e-23
1.99927e-12 3.18534e-26 3.83022e-23
2.00827e-12 3.21748e-26 3.82704e-23
2.01732e-12 3.24979e-26 3.82382e-23
2.0264e-12 3.28227e-26 3.82057e-23
2.03553e-12 3.31493e-26 3.81729e-23
2.0447e-12 3.34775e-26 3.81397e-23
2.05391e-12 3.38075e-26 3.81063e-23
2.06316e-12 3.41392e-26 3.80724e-23
2.07245e-12 3.44726e-26 3.80383e-23
2.08178e-12 3.48076e-26 3.80038e-23
2.09116e-12 3.51443e-26 3.7969e-23
2.10058e-12 3.54827e-26 3.79339e-23
2.11004e-12 3.58226e-26 3.78984e-23
2.11954e-12 3.61642e-26 3.78626e-23
2.12909e-12 3.65073e-26 3.78264e-23
2.13867e-12 3.68521e-26 3.77899e-23
2.14831e-12 3.71984e-26 3.77531e-23
2.15798e-12 3.75462e-26 3.77159e-23
2.1677e-12 3.78956e-26 3.76783e-23
2.17746e-12 3.82465e-26 3.76404e-23
2.18727e-12 3.85989e-26 3.76022e-23
2.19712e-12 3.89527e-26 3.75636e-23
2.20702e-12 3.93081e-26 3.75246e-23
2.21696e-12 3.96648e-26 3.74853e-23
2.22694e-12 4.0023e-26 3.74456e-23
2.23697e-12 4.03826e-26 3.74056e-23
2.24704e-12 4.07436e-26 3.73652e-23
2.25716e-12 4.1106e-26 3.73245e-23
2.26733e-12 4.14697e-26 3.72834e-23
2.27754e-12 4.18347e-26 3.72419e-23
2.2878e-12 4.2201e-26 3.72001e-23
2.2981e-12 4.25687e-26 3.71579e-23
2.30845e-12 4.29375e-26 3.71153e-23
2.31885e-12 4.33077e-26 3.70724e-23
2.32929e-12 4.3679e-26 3.70291e-23
2.33978e-12 4.40516e-26 3.69854e-23
2.35032e-12 4.44253e-26 3.69413e-23
2.36091e-12 4.48002e-26 3.68969e-23
2.37154e-12 4.51762e-26 3.68521e-23
2.38222e-12 4.55533e-26 3.68069e-23
2.39295e-12 4.59315e-26 3.67614e-23
2.40373e-12 4.63107e-26 3.67155e-23
2.41455e-12 4.6691e-26 3.66691e-23
2.42543e-12 4.70723e-26 3.66225e-23
2.43635e-12 4.74546e-26 3.65754e-23
2.44732e-12 4.78378e-26 3.65279e-23
2.45834e-12 4.82219e-26 3.64801e-23
2.46942e-12 4.8607e-26 3.64319e-23
2.48054e-12 4.8993e-26 3.63833e-23
2.49171e-12 4.93798e-26 3.63343e-23
2.50293e-12 4.97674e-26 3.62849e-23
2.5142e-12 5.01558e-26 3.62351e-23
2.52553e-12 5.0545e-26 3.6185e-23
2.5369e-12 5.0935e-26 3.61344e-23
2.54833e-12 5.13256e-26 3.60835e-23
2.5598e-12 5.1717e-26 3.60322e-23
2.57133e-12 5.2109e-26 3.59804e-23
2.58291e-12 5.25016e-26 3.59283e-23
2.59454e-12 5.28949e-26 3.58758e-23
2.60623e-12 5.32887e-26 3.58229e-23
2.61797e-12 5.3683e-26 3.57696e-23
2.62976e-12 5.40779e-26 3.5716e-23
2.6416e-12 5.44732e-26 3.56619e-23
2.6535e-12 5.4869e-26 3.56074e-23
2.66545e-12 5.52653e-26 3.55525e-23
2.67745e-12 5.56619e-26 3.54973e-23
2.68951e-12 5.60588e-26 3.54416e-23
2.70162e-12 5.64561e-26 3.53856e-23
2.71379e-12 5.68537e-26 3.53291e-23
2.72601e-12 5.72515e-26 3.52722e-23
2.73829e-12 5.76496e-26 3.5215e-23
2.75062e-12 5.80479e-26 3.51573e-23
2.76301e-12 5.84463e-26 3.50993e-23
2.77546e-12 5.88449e-26 3.50409e-23
2.78796e-12 5.92435e-26 3.4982e-23
2.80051e-12 5.96423e-26 3.49228e-23
2.81312e-12 6.0041e-26 3.48631e-23
2.82579e-12 6.04398e-26 3.48031e-23
2.83852e-12 6.08385e-26 3.47426e-23
2.8513e-12 6.12372e-26 3.46818e-23
2.86415e-12 6.16357e-26 3.46206e-23
2.87705e-12 6.20342e-26 3.45589e-23
2.89e-12 6.24324e-26 3.44969e-23
2.90302e-12 6.28304e-26 3.44345e-23
2.91609e-12 6.32282e-26 3.43716e-23
2.92923e-12 6.36258e-26 3.43084e-23
2.94242e-12 6.4023e-26 3.42448e-23
2.95567e-12 6.44198e-26 3.41808e-23
2.96898e-12 6.48163e-26 3.41163e-23
2.98235e-12 6.52123e-26 3.40515e-23
2.99578e-12 6.56079e-26 3.39863e-23
3.00928e-12 6.6003e-26 3.39207e-23
3.02283e-12 6.63976e-26 3.38547e-23
3.03644e-12 6.67916e-26 3.37883e-23
3.05012e-12 6.71851e-26 3.37215e-23
3.06386e-12 6.75778e-26 3.36543e-23
3.07765e-12 6.79699e-26 3.35867e-23
3.09152e-12 6.83613e-26 3.35188e-23
3.10544e-12 6.8752e-26 3.34504e-23
3.11942e-12 6.91419e-26 3.33817e-23
3.13347e-12 6.95309e-26 3.33125e-23
3.14759e-12 6.99191e-26 3.3243e-23
3.16176e-12 7.03064e-26 3.31731e-23
3.176e-12 7.06928e-26 3.31028e-23
3.19031e-12 7.10782e-26 3.30321e-23
3.20467e-12 7.14626e-26 3.2961e-23
3.21911e-12 7.1846e-26 3.28895e-23
3.2336e-12 7.22282e-26 3.28177e-23
3.24817e-12 7.26094e-26 3.27455e-23
3.2628e-12 7.29894e-26 3.26728e-23
3.27749e-12 7.33682e-26 3.25999e-23
3.29225e-12 7.37458e-26 3.25265e-23
3.30708e-12 7.41222e-26 3.24527e-23
3.32197e-12 7.44972e-26 3.23786e-23
3.33693e-12 7.48709e-26 3.23041e-23
3.35196e-12 7.52432e-26 3.22292e-23
3.36706e-12 7.56141e-26 3.2154e-23
3.38222e-12 7.59836e-26 3.20784e-23
3.39746e-12 7.63515e-26 3.20024e-23
3.41276e-12 7.6718e-26 3.19261e-23
3.42813e-12 7.70829e-26 3.18493e-23
3.44357e-12 7.74462e-26 3.17723e-23
3.45908e-12 7.78078e-26 3.16948e-23
3.47465e-12 7.81678e-26 3.1617e-23
3.4903e-12 7.85261e-26 3.15388e-23
3.50602e-12 7.88826e-26 3.14603e-23
3.52181e-12 7.92373e-26 3.13814e-23
3.53767e-12 7.95903e-26 3.13022e-23
3.55361e-12 7.99413e-26 3.12226e-23
3.56961e-12 8.02905e-26 3.11427e-23
3.58569e-12 8.06378e-26 3.10624e-23
3.60184e-12 8.09831e-26 3.09817e-23
3.61806e-12 8.13264e-26 3.09007e-23
3.63435e-12 8.16676e-26 3.08194e-23
3.65072e-12 8.20068e-26 3.07378e-23
3.66716e-12 8.23439e-26 3.06557e-23
3.68368e-12 8.26789e-26 3.05734e-23
3.70027e-12 8.30117e-26 3.04907e-23
3.71693e-12 8.33422e-26 3.04077e-23
3.73367e-12 8.36705e-26 3.03244e-23
3.75049e-12 8.39966e-26 3.02407e-23
3.76738e-12 8.43203e-26 3.01567e-23
3.78435e-12 8.46417e-26 3.00724e-23
3.80139e-12 8.49607e-26 2.99877e-23
3.81851e-12 8.52773e-26 2.99028e-23
3.83571e-12 8.55914e-26 2.98175e-23
3.85298e-12 8.59031e-26 2.97319e-23
3.87034e-12 8.62122e-26 2.9646e-23
3.88777e-12 8.65188e-26 2.95598e-23
3.90528e-12 8.68228e-26 2.94733e-23
3.92286e-12 8.71242e-26 2.93865e-23
3.94053e-12 8.7423e-26 2.92993e-23
3.95828e-12 8.77191e-26 2.92119e-23
3.97611e-12 8.80125e-26 2.91242e-23
3.99401e-12 8.83031e-26 2.90362e-23
4.012e-12 8.85909e-26 2.89479e-23
4.03007e-12 8.8876e-26 2.88593e-23
4.04822e-12 8.91582e-26 2.87704e-23
4.06645e-12 8.94376e-26 2.86812e-23
4.08477e-12 8.97141e-26 2.85918e-23
4.10316e-12 8.99876e-26 2.85021e-23
4.12164e-12 9.02582e-26 2.84121e-23
4.1402e-12 9.05259e-26 2.83218e-23
4.15885e-12 9.07905e-26 2.82313e-23
4.17758e-12 9.10521e-26 2.81405e-23
4.1964e-12 9.13106e-26 2.80495e-23
4.2153e-12 9.1566e-26 2.79582e-23
4.23428e-12 9.18183e-26 2.78666e-23
4.25335e-12 9.20675e-26 2.77748e-23
4.27251e-12 9.23135e-26 2.76827e-23
4.29175e-12 9.25562e-26 2.75904e-23
4.31108e-12 9.27958e-26 2.74978e-23
4.33049e-12 9.30321e-26 2.74051e-23
4.35e-12 9.32651e-26 2.7312e-23
4.36959e-12 9.34949e-26 2.72188e-23
4.38927e-12 9.37213e-26 2.71253e-23
4.40903e-12 9.39443e-26 2.70315e-23
4.42889e-12 9.4164e-26 2.69376e-23
4.44884e-12 9.43803e-26 2.68434e-23
4.46887e-12 9.45932e-26 2.6749e-23
4.489e-12 9.48026e-26 2.66545e-23
4.50922e-12 9.50086e-26 2.65597e-23
4.52953e-12 9.52111e-26 2.64646e-23
4.54993e-12 9.541e-26 2.63694e-23
4.57042e-12 9.56055e-26 2.6274e-23
4.591e-12 9.57974e-26 2.61784e-23
4.61168e-12 9.59857e-26 2.60826e-23
4.63245e-12 9.61705e-26 2.59866e-23
4.65331e-12 9.63516e-26 2.58905e-23
4.67427e-12 9.65291e-26 2.57941e-23
4.69532e-12 9.6703e-26 2.56976e-23
4.71647e-12 9.68732e-26 2.56009e-23
4.73771e-12 9.70398e-26 2.5504e-23
4.75904e-12 9.72026e-26 2.5407e-23
4.78048e-12 9.73618e-26 2.53098e-23
4.80201e-12 9.75172e-26 2.52124e-23
4.82363e-12 9.76688e-26 2.51149e-23
4.84536e-12 9.78167e-26 2.50172e-23
4.86718e-12 9.79609e-26 2.49194e-23
4.8891e-12 9.81012e-26 2.48214e-23
4.91112e-12 9.82378e-26 2.47233e-23
4.93324e-12 9.83705e-26 2.46251e-23
4.95546e-12 9.84994e-26 2.45267e-23
4.97777e-12 9.86245e-26 2.44282e-23
5.00019e-12 9.87457e-26 2.43296e-23
5.02271e-12 9.8863e-26 2.42309e-23
5.04533e-12 9.89765e-26 2.4132e-23
5.06806e-12 9.90861e-26 2.4033e-23
5.09088e-12 9.91919e-26 2.39339e-23
5.11381e-12 9.92937e-26 2.38347e-23
5.13684e-12 9.93916e-26 2.37355e-23
5.15997e-12 9.94855e-26 2.36361e-23
5.18321e-12 9.95756e-26 2.35366e-23
5.20656e-12 9.96617e-26 2.3437e-23
5.23001e-12 9.97439e-26 2.33373e-23
5.25356e-12 9.98221e-26 2.32376e-23
5.27722e-12 9.98964e-26 2.31378e-23
5.30099e-12 9.99667e-26 2.30379e-23
5.32486e-12 1.00033e-25 2.29379e-23
5.34884e-12 1.00095e-25 2.28379e-23
5.37293e-12 1.00154e-25 2.27378e-23
5.39713e-12 1.00208e-25 2.26376e-23
5.42144e-12 1.00259e-25 2.25374e-23
5.44586e-12 1.00305e-25 2.24372e-23
5.47038e-12 1.00348e-25 2.23369e-23
5.49502e-12 1.00386e-25 2.22365e-23
5.51977e-12 1.00421e-25 2.21361e-23
5.54463e-12 1.00451e-25 2.20357e-23
5.5696e-12 1.00478e-25 2.19352e-23
5.59468e-12 1.005e-25 2.18348e-23
5.61988e-12 1.00519e-25 2.17343e-23
5.64519e-12 1.00534e-25 2.16337e-23
5.67061e-12 1.00544e-25 2.15332e-23
5.69615e-12 1.00551e-25 2.14327e-23
5.72181e-12 1.00553e-25 2.13321e-23
5.74757e-12 1.00552e-25 2.12316e-23
5.77346e-12 1.00547e-25 2.1131e-23
5.79946e-12 1.00538e-25 2.10305e-23
5.82558e-12 1.00524e-25 2.09299e-23
5.85182e-12 1.00507e-25 2.08294e-23
5.87817e-12 1.00486e-25 2.07289e-23
5.90465e-12 1.00461e-25 2.06284e-23
5.93124e-12 1.00432e-25 2.0528e-23
5.95795e-12 1.00399e-25 2.04275e-23
5.98478e-12 1.00362e-25 2.03271e-23
6.01174e-12 1.00321e-25 2.02268e-23
6.03881e-12 1.00277e-25 2.01264e-23
6.06601e-12 1.00228e-25 2.00262e-23
6.09333e-12 1.00176e-25 1.99259e-23
6.12077e-12 1.00119e-25 1.98258e-23
6.14834e-12 1.00059e-25 1.97256e-23
6.17603e-12 9.9995e-26 1.96256e-23
6.20384e-12 9.99271e-26 1.95256e-23
6.23178e-12 9.98554e-26 1.94257e-23
6.25985e-12 9.97798e-26 1.93258e-23
6.28804e-12 9.97004e-26 1.9226e-23
6.31636e-12 9.96173e-26 1.91263e-23
6.34481e-12 9.95303e-26 1.90267e-23
6.37339e-12 9.94396e-26 1.89272e-23
6.40209e-12 9.93451e-26 1.88277e-23
6.43092e-12 9.92469e-26 1.87284e-23
6.45989e-12 9.9145e-26 1.86291e-23
6.48898e-12 9.90394e-26 1.853e-23
6.5182e-12 9.893e-26 1.8431e-23
6.54756e-12 9.8817e-26 1.8332e-23
6.57705e-12 9.87004e-26 1.82332e-23
6.60667e-12 9.85801e-26 1.81345e-23
6.63642e-12 9.84561e-26 1.80359e-23
6.66631e-12 9.83286e-26 1.79375e-23
6.69633e-12 9.81975e-26 1.78391e-23
6.72649e-12 9.80628e-26 1.77409e-23
6.75679e-12 9.79246e-26 1.76429e-23
6.78722e-12 9.77828e-26 1.7545e-23
6.81779e-12 9.76375e-26 1.74472e-23
6.84849e-12 9.74888e-26 1.73495e-23
6.87933e-12 9.73365e-26 1.72521e-23
6.91032e-12 9.71809e-26 1.71547e-23
6.94144e-12 9.70218e-26 1.70575e-23
6.9727e-12 9.68592e-26 1.69605e-23
7.0041e-12 9.66933e-26 1.68637e-23
7.03565e-12 9.65241e-26 1.6767e-23
7.06734e-12 9.63515e-26 1.66704e-23
7.09916e-12 9.61756e-26 1.65741e-23
7.13114e-12 9.59964e-26 1.64779e-23
7.16325e-12 9.5814e-26 1.63819e-23
7.19551e-12 9.56282e-26 1.62861e-23
7.22792e-12 9.54393e-26 1.61905e-23
7.26047e-12 9.52472e-26 1.6095e-23
7.29317e-12 9.50519e-26 1.59998e-23
7.32602e-12 9.48535e-26 1.59047e-23
7.35901e-12 9.4652e-26 1.58099e-23
7.39216e-12 9.44473e-26 1.57152e-23
7.42545e-12 9.42396e-26 1.56208e-23
7.45889e-12 9.40289e-26 1.55265e-23
7.49248e-12 9.38151e-26 1.54325e-23
7.52623e-12 9.35984e-26 1.53387e-23
7.56012e-12 9.33787e-26 1.52451e-23
7.59417e-12 9.3156e-26 1.51517e-23
7.62837e-12 9.29305e-26 1.50586e-23
7.66273e-12 9.27021e-26 1.49656e-23
7.69724e-12 9.24708e-26 1.48729e-23
7.73191e-12 9.22367e-26 1.47805e-23
7.76673e-12 9.19998e-26 1.46882e-23
7.80171e-12 9.17602e-26 1.45962e-23
7.83684e-12 9.15178e-26 1.45045e-23
7.87214e-12 9.12727e-26 1.44129e-23
7.90759e-12 9.1025e-26 1.43217e-23
7.94321e-12 9.07746e-26 1.42306e-23
7.97898e-12 9.05216e-26 1.41399e-23
8.01492e-12 9.0266e-26 1.40494e-23
8.05101e-12 9.00078e-26 1.39591e-23
8.08727e-12 8.97471e-26 1.38691e-23
8.12369e-12 8.94839e-26 1.37793e-23
8.16028e-12 8.92183e-26 1.36898e-23
8.19703e-12 8.89502e-26 1.36006e-23
8.23395e-12 8.86797e-26 1.35117e-23
8.27103e-12 8.84069e-26 1.3423e-23
8.30828e-12 8.81317e-26 1.33346e-23
8.3457e-12 8.78542e-26 1.32465e-23
8.38329e-12 8.75744e-26 1.31586e-23
8.42104e-12 8.72924e-26 1.3071e-23
8.45897e-12 8.70082e-26 1.29837e-23
8.49707e-12 8.67218e-26 1.28967e-23
8.53534e-12 8.64332e-26 1.281e-23
8.57378e-12 8.61425e-26 1.27236e-23
8.61239e-12 8.58497e-26 1.26374e-23
8.65118e-12 8.55549e-26 1.25516e-23
8.69014e-12 8.52581e-26 1.2466e-23
8.72928e-12 8.49592e-26 1.23808e-23
8.76859e-12 8.46584e-26 1.22958e-23
8.80808e-12 8.43557e-26 1.22112e-23
8.84775e-12 8.40511e-26 1.21268e-23
8.8876e-12 8.37446e-26 1.20427e-23
8.92763e-12 8.34363e-26 1.1959e-23
8.96783e-12 8.31262e-26 1.18756e-23
9.00822e-12 8.28144e-26 1.17924e-23
9.04879e-12 8.25008e-26 1.17096e-23
9.08955e-12 8.21855e-26 1.16271e-23
9.13048e-12 8.18686e-26 1.15449e-23
9.1716e-12 8.155e-26 1.14631e-23
9.21291e-12 8.12299e-26 1.13815e-23
9.2544e-12 8.09081e-26 1.13003e-23
9.29608e-12 8.05849e-26 1.12194e-23
9.33795e-12 8.02601e-26 1.11388e-23
9.38e-12 7.99339e-26 1.10585e-23
9.42225e-12 7.96062e-26 1.09786e-23
9.46468e-12 7.92771e-26 1.0899e-23
9.50731e-12 7.89467e-26 1.08197e-23
9.55013e-12 7.8615e-26 1.07408e-23
9.59314e-12 7.82819e-26 1.06622e-23
9.63634e-12 7.79475e-26 1.05839e-23
9.67974e-12 7.7612e-26 1.05059e-23
9.72334e-12 7.72752e-26 1.04283e-23
9.76713e-12 7.69372e-26 1.0351e-23
9.81112e-12 7.65982e-26 1.02741e-23
9.8553e-12 7.6258e-26 1.01975e-23
9.89969e-12 7.59167e-26 1.01212e-23
9.94427e-12 7.55744e-26 1.00453e-23
9.98906e-12 7.5231e-26 9.96976e-24
1.0034e-11 7.48867e-26 9.89453e-24
1.00792e-11 7.45415e-26 9.81964e-24
1.01246e-11 7.41953e-26 9.7451e-24
1.01702e-11 7.38482e-26 9.6709e-24
1.0216e-11 7.35003e-26 9.59705e-24
1.0262e-11 7.31516e-26 9.52355e-24
1.03083e-11 7.28021e-26 9.4504e-24
1.03547e-11 7.24518e-26 9.3776e-24
1.04013e-11 7.21008e-26 9.30515e-24
1.04482e-11 7.17491e-26 9.23305e-24
1.04952e-11 7.13968e-26 9.1613e-24
1.05425e-11 7.10438e-26 9.0899e-24
1.059e-11 7.06902e-26 9.01886e-24
1.06377e-11 7.0336e-26 8.94817e-24
1.06856e-11 6.99813e-26 8.87783e-24
1.07337e-11 6.96261e-26 8.80785e-24
1.0782e-11 6.92704e-26 8.73822e-24
1.08306e-11 6.89142e-26 8.66895e-24
1.08794e-11 6.85577e-26 8.60004e-24
1.09284e-11 6.82007e-26 8.53148e-24
1.09776e-11 6.78433e-26 8.46328e-24
1.1027e-11 6.74857e-26 8.39544e-24
1.10767e-11 6.71277e-26 8.32795e-24
1.11266e-11 6.67695e-26 8.26082e-24
1.11767e-11 6.6411e-26 8.19405e-24
1.1227e-11 6.60522e-26 8.12764e-24
1.12776e-11 6.56933e-26 8.06159e-24
1.13284e-11 6.53343e-26 7.9959e-24
1.13794e-11 6.49751e-26 7.93056e-24
1.14307e-11 6.46158e-26 7.86559e-24
1.14821e-11 6.42564e-26 7.80097e-24
1.15338e-11 6.38969e-26 7.73672e-24
1.15858e-11 6.35375e-26 7.67282e-24
1.1638e-11 6.3178e-26 7.60928e-24
1.16904e-11 6.28186e-26 7.5461e-24
1.1743e-11 6.24592e-26 7.48329e-24
1.17959e-11 6.20999e-26 7.42083e-24
1.1849e-11 6.17407e-26 7.35873e-24
1.19024e-11 6.13817e-26 7.29699e-24
1.1956e-11 6.10228e-26 7.2356e-24
1.20099e-11 6.06641e-26 7.17458e-24
1.2064e-11 6.03056e-26 7.11392e-24
1.21183e-11 5.99473e-26 7.05361e-24
1.21729e-11 5.95894e-26 6.99366e-24
1.22277e-11 5.92316e-26 6.93407e-24
1.22828e-11 5.88742e-26 6.87484e-24
1.23381e-11 5.85172e-26 6.81597e-24
1.23936e-11 5.81605e-26 6.75745e-24
1.24495e-11 5.78041e-26 6.69929e-24
1.25055e-11 5.74482e-26 6.64149e-24
1.25618e-11 5.70927e-26 6.58404e-24
1.26184e-11 5.67377e-26 6.52695e-24
1.26753e-11 5.63831e-26 6.47021e-24
1.27323e-11 5.60291e-26 6.41382e-24
1.27897e-11 5.56755e-26 6.3578e-24
1.28473e-11 5.53225e-26 6.30212e-24
1.29051e-11 5.497e-26 6.2468e-24
1.29633e-11 5.46182e-26 6.19183e-24
1.30216e-11 5.42669e-26 6.13721e-24
1.30803e-11 5.39163e-26 6.08294e-24
1.31392e-11 5.35663e-26 6.02903e-24
1.31984e-11 5.3217e-26 5.97546e-24
1.32578e-11 5.28683e-26 5.92224e-24
1.33175e-11 5.25204e-26 5.86937e-24
1.33775e-11 5.21732e-26 5.81685e-24
1.34378e-11 5.18267e-26 5.76468e-24
1.34983e-11 5.1481e-26 5.71285e-24
1.35591e-11 5.11361e-26 5.66137e-24
1.36201e-11 5.0792e-26 5.61024e-24
1.36815e-11 5.04487e-26 5.55945e-24
1.37431e-11 5.01063e-26 5.509e-24
1.3805e-11 4.97647e-26 5.45889e-24
1.38672e-11 4.9424e-26 5.40913e-24
1.39296e-11 4.90842e-26 5.3597e-24
1.39923e-11 4.87453e-26 5.31062e-24
1.40554e-11 4.84073e-26 5.26187e-24
1.41187e-11 4.80702e-26 5.21347e-24
1.41823e-11 4.77341e-26 5.16539e-24
1.42461e-11 4.7399e-26 5.11766e-24
1.43103e-11 4.70649e-26 5.07026e-24
1.43747e-11 4.67318e-26 5.0232e-24
1.44395e-11 4.63997e-26 4.97646e-24
1.45045e-11 4.60687e-26 4.93007e-24
1.45698e-11 4.57387e-26 4.884e-24
1.46354e-11 4.54097e-26 4.83826e-24
1.47014e-11 4.50819e-26 4.79285e-24
1.47676e-11 4.47551e-26 4.74777e-24
1.48341e-11 4.44295e-26 4.70301e-24
1.49009e-11 4.41049e-26 4.65858e-24
1.4968e-11 4.37815e-26 4.61448e-24
1.50354e-11 4.34593e-26 4.5707e-24
1.51031e-11 4.31382e-26 4.52724e-24
1.51711e-11 4.28183e-26 4.4841e-24
1.52395e-11 4.24995e-26 4.44128e-24
1.53081e-11 4.2182e-26 4.39878e-24
1.5377e-11 4.18657e-26 4.3566e-24
1.54463e-11 4.15506e-26 4.31473e-24
1.55159e-11 4.12367e-26 4.27318e-24
1.55857e-11 4.09241e-26 4.23195e-24
1.56559e-11 4.06127e-26 4.19102e-24
1.57265e-11 4.03026e-26 4.15041e-24
1.57973e-11 3.99937e-26 4.11011e-24
1.58684e-11 3.96862e-26 4.07011e-24
1.59399e-11 3.93799e-26 4.03043e-24
1.60117e-11 3.90749e-26 3.99105e-24
1.60838e-11 3.87713e-26 3.95197e-24
1.61562e-11 3.8469e-26 3.9132e-24
1.6229e-11 3.8168e-26 3.87473e-24
1.63021e-11 3.78683e-26 3.83656e-24
1.63755e-11 3.757e-26 3.79869e-24
1.64493e-11 3.7273e-26 3.76112e-24
1.65233e-11 3.69774e-26 3.72385e-24
1.65978e-11 3.66832e-26 3.68687e-24
1.66725e-11 3.63904e-26 3.65019e-24
1.67476e-11 3.60989e-26 3.6138e-24
1.6823e-11 3.58088e-26 3.5777e-24
1.68988e-11 3.55202e-26 3.54189e-24
1.69749e-11 3.52329e-26 3.50637e-24
1.70513e-11 3.4947e-26 3.47114e-24
1.71281e-11 3.46626e-26 3.43619e-24
1.72053e-11 3.43796e-26 3.40153e-24
1.72828e-11 3.4098e-26 3.36715e-24
1.73606e-11 3.38179e-26 3.33305e-24
1.74388e-11 3.35391e-26 3.29923e-24
1.75173e-11 3.32619e-26 3.2657e-24
1.75962e-11 3.2986e-26 3.23243e-24
1.76755e-11 3.27117e-26 3.19945e-24
1.77551e-11 3.24388e-26 3.16674e-24
1.7835e-11 3.21673e-26 3.1343e-24
1.79154e-11 3.18973e-26 3.10213e-24
1.7996e-11 3.16288e-26 3.07023e-24
1.80771e-11 3.13618e-26 3.0386e-24
1.81585e-11 3.10962e-26 3.00724e-24
1.82403e-11 3.08321e-26 2.97615e-24
1.83224e-11 3.05695e-26 2.94531e-24
1.8405e-11 3.03084e-26 2.91474e-24
1.84878e-11 3.00487e-26 2.88444e-24
1.85711e-11 2.97906e-26 2.85439e-24
1.86547e-11 2.95339e-26 2.8246e-24
1.87388e-11 2.92788e-26 2.79506e-24
1.88232e-11 2.90251e-26 2.76578e-24
1.89079e-11 2.8773e-26 2.73676e-24
1.89931e-11 2.85223e-26 2.70799e-24
1.90786e-11 2.82731e-26 2.67946e-24
1.91646e-11 2.80254e-26 2.65119e-24
1.92509e-11 2.77793e-26 2.62316e-24
1.93376e-11 2.75346e-26 2.59539e-24
1.94247e-11 2.72915e-26 2.56785e-24
1.95121e-11 2.70498e-26 2.54056e-24
1.96e-11 2.68096e-26 2.51351e-24
1.96883e-11 2.6571e-26 2.4867e-24
1.9777e-11 2.63338e-26 2.46013e-24
1.9866e-11 2.60982e-26 2.43379e-24
1.99555e-11 2.5864e-26 2.4077e-24
2.00454e-11 2.56314e-26 2.38183e-24
2.01357e-11 2.54003e-26 2.3562e-24
2.02263e-11 2.51706e-26 2.3308e-24
2.03174e-11 2.49425e-26 2.30563e-24
2.04089e-11 2.47158e-26 2.28069e-24
2.05008e-11 2.44907e-26 2.25597e-24
2.05932e-11 2.4267e-26 2.23148e-24
2.06859e-11 2.40449e-26 2.20721e-24
2.07791e-11 2.38242e-26 2.18317e-24
2.08727e-11 2.36051e-26 2.15935e-24
2.09667e-11 2.33874e-26 2.13574e-24
2.10611e-11 2.31712e-26 2.11235e-24
2.1156e-11 2.29565e-26 2.08918e-24
2.12512e-11 2.27432e-26 2.06623e-24
2.13469e-11 2.25315e-26 2.04348e-24
2.14431e-11 2.23212e-26 2.02095e-24
2.15397e-11 2.21124e-26 1.99863e-24
2.16367e-11 2.1905e-26 1.97652e-24
2.17341e-11 2.16992e-26 1.95461e-24
2.1832e-11 2.14948e-26 1.93291e-24
2.19303e-11 2.12918e-26 1.91142e-24
2.20291e-11 2.10903e-26 1.89013e-24
2.21283e-11 2.08903e-26 1.86904e-24
2.2228e-11 2.06917e-26 1.84815e-24
2.23281e-11 2.04946e-26 1.82745e-24
2.24286e-11 2.02989e-26 1.80696e-24
2.25296e-11 2.01047e-26 1.78666e-24
2.26311e-11 1.99119e-26 1.76656e-24
2.2733e-11 1.97205e-26 1.74664e-24
2.28354e-11 1.95305e-26 1.72692e-24
2.29383e-11 1.9342e-26 1.70739e-24
2.30416e-11 1.91549e-26 1.68805e-24
2.31453e-11 1.89692e-26 1.6689e-24
2.32496e-11 1.87849e-26 1.64993e-24
2.33543e-11 1.8602e-26 1.63114e-24
2.34595e-11 1.84205e-26 1.61254e-24
2.35651e-11 1.82404e-26 1.59412e-24
2.36713e-11 1.80617e-26 1.57588e-24
2.37779e-11 1.78844e-26 1.55782e-24
2.3885e-11 1.77085e-26 1.53993e-24
2.39925e-11 1.75339e-26 1.52222e-24
2.41006e-11 1.73607e-26 1.50469e-24
2.42091e-11 1.71889e-26 1.48733e-24
2.43182e-11 1.70184e-26 1.47014e-24
2.44277e-11 1.68493e-26 1.45312e-24
2.45377e-11 1.66816e-26 1.43627e-24
2.46482e-11 1.65152e-26 1.41959e-24
2.47592e-11 1.63501e-26 1.40308e-24
2.48707e-11 1.61863e-26 1.38673e-24
2.49827e-11 1.60239e-26 1.37054e-24
2.50952e-11 1.58628e-26 1.35452e-24
2.52083e-11 1.5703e-26 1.33865e-24
2.53218e-11 1.55445e-26 1.32295e-24
2.54358e-11 1.53874e-26 1.30741e-24
2.55504e-11 1.52315e-26 1.29202e-24
2.56655e-11 1.50769e-26 1.27679e-24
2.57811e-11 1.49236e-26 1.26171e-24
2.58972e-11 1.47716e-26 1.24679e-24
2.60138e-11 1.46208e-26 1.23201e-24
2.6131e-11 1.44713e-26 1.21739e-24
2.62486e-11 1.43231e-26 1.20292e-24
2.63669e-11 1.41761e-26 1.1886e-24
2.64856e-11 1.40304e-26 1.17442e-24
2.66049e-11 1.38859e-26 1.16039e-24
2.67247e-11 1.37426e-26 1.14651e-24
2.68451e-11 1.36006e-26 1.13276e-24
2.6966e-11 1.34598e-26 1.11916e-24
2.70874e-11 1.33202e-26 1.1057e-24
2.72094e-11 1.31818e-26 1.09238e-24
2.7332e-11 1.30446e-26 1.0792e-24
2.74551e-11 1.29087e-26 1.06616e-24
2.75787e-11 1.27739e-26 1.05325e-24
2.77029e-11 1.26402e-26 1.04047e-24
2.78277e-11 1.25078e-26 1.02783e-24
2.7953e-11 1.23765e-26 1.01533e-24
2.80789e-11 1.22464e-26 1.00295e-24
2.82054e-11 1.21174e-26 9.90704e-25
2.83324e-11 1.19896e-26 9.78587e-25
2.846e-11 1.1863e-26 9.66597e-25
2.85882e-11 1.17374e-26 9.54734e-25
2.87169e-11 1.1613e-26 9.42997e-25
2.88462e-11 1.14897e-26 9.31384e-25
2.89762e-11 1.13676e-26 9.19894e-25
2.91067e-11 1.12465e-26 9.08526e-25
2.92377e-11 1.11265e-26 8.9728e-25
2.93694e-11 1.10076e-26 8.86153e-25
2.95017e-11 1.08899e-26 8.75146e-25
2.96346e-11 1.07731e-26 8.64256e-25
2.9768e-11 1.06575e-26 8.53483e-25
2.99021e-11 1.05429e-26 8.42825e-25
3.00368e-11 1.04294e-26 8.32282e-25
3.0172e-11 1.0317e-26 8.21853e-25
3.03079e-11 1.02055e-26 8.11536e-25
3.04444e-11 1.00952e-26 8.0133e-25
3.05815e-11 9.9858e-27 7.91235e-25
3.07193e-11 9.87748e-27 7.81249e-25
3.08576e-11 9.77016e-27 7.71372e-25
3.09966e-11 9.66386e-27 7.61602e-25
3.11362e-11 9.55857e-27 7.51938e-25
3.12764e-11 9.45426e-27 7.42379e-25
3.14173e-11 9.35095e-27 7.32925e-25
3.15588e-11 9.24862e-27 7.23574e-25
3.17009e-11 9.14726e-27 7.14325e-25
3.18437e-11 9.04687e-27 7.05178e-25
3.19871e-11 8.94745e-27 6.96131e-25
3.21312e-11 8.84898e-27 6.87184e-25
3.22759e-11 8.75145e-27 6.78335e-25
3.24212e-11 8.65487e-27 6.69583e-25
3.25672e-11 8.55922e-27 6.60929e-25
3.27139e-11 8.46449e-27 6.52369e-25
3.28612e-11 8.37069e-27 6.43905e-25
3.30092e-11 8.2778e-27 6.35534e-25
3.31579e-11 8.18582e-27 6.27256e-25
3.33072e-11 8.09473e-27 6.1907e-25
3.34573e-11 8.00454e-27 6.10976e-25
3.36079e-11 7.91524e-27 6.02971e-25
3.37593e-11 7.82682e-27 5.95056e-25
3.39113e-11 7.73926e-27 5.87229e-25
3.40641e-11 7.65258e-27 5.7949e-25
3.42175e-11 7.56675e-27 5.71837e-25
3.43716e-11 7.48178e-27 5.64271e-25
3.45264e-11 7.39765e-27 5.56789e-25
3.46819e-11 7.31436e-27 5.49391e-25
3.48381e-11 7.23191e-27 5.42077e-25
3.4995e-11 7.15028e-27 5.34845e-25
3.51526e-11 7.06947e-27 5.27695e-25
3.53109e-11 6.98947e-27 5.20625e-25
3.54699e-11 6.91028e-27 5.13636e-25
3.56297e-11 6.8319e-27 5.06725e-25
3.57901e-11 6.7543e-27 4.99893e-25
3.59513e-11 6.67749e-27 4.93139e-25
3.61132e-11 6.60146e-27 4.86462e-25
3.62759e-11 6.52621e-27 4.7986e-25
3.64393e-11 6.45173e-27 4.73334e-25
3.66034e-11 6.378e-27 4.66882e-25
3.67682e-11 6.30504e-27 4.60504e-25
3.69338e-11 6.23282e-27 4.54199e-25
3.71002e-11 6.16134e-27 4.47966e-25
3.72672e-11 6.0906e-27 4.41805e-25
3.74351e-11 6.0206e-27 4.35714e-25
3.76037e-11 5.95131e-27 4.29694e-25
3.7773e-11 5.88275e-27 4.23743e-25
3.79432e-11 5.81489e-27 4.1786e-25
3.8114e-11 5.74774e-27 4.12045e-25
3.82857e-11 5.6813e-27 4.06297e-25
3.84581e-11 5.61554e-27 4.00616e-25
3.86313e-11 5.55048e-27 3.95e-25
3.88053e-11 5.48609e-27 3.8945e-25
3.89801e-11 5.42238e-27 3.83964e-25
3.91556e-11 5.35934e-27 3.78541e-25
3.9332e-11 5.29697e-27 3.73182e-25
3.95091e-11 5.23525e-27 3.67885e-25
3.96871e-11 5.17419e-27 3.6265e-25
3.98658e-11 5.11377e-27 3.57476e-25
4.00453e-11 5.054e-27 3.52362e-25
4.02257e-11 4.99486e-27 3.47308e-25
4.04069e-11 4.93634e-27 3.42313e-25
4.05888e-11 4.87846e-27 3.37377e-25
4.07716e-11 4.82119e-27 3.32498e-25
4.09553e-11 4.76453e-27 3.27677e-25
4.11397e-11 4.70848e-27 3.22912e-25
4.1325e-11 4.65303e-27 3.18204e-25
4.15111e-11 4.59818e-27 3.13551e-25
4.16981e-11 4.54392e-27 3.08953e-25
4.18859e-11 4.49025e-27 3.04409e-25
4.20745e-11 4.43715e-27 2.99919e-25
4.2264e-11 4.38463e-27 2.95481e-25
4.24543e-11 4.33268e-27 2.91097e-25
4.26455e-11 4.28129e-27 2.86764e-25
4.28376e-11 4.23046e-27 2.82483e-25
4.30305e-11 4.18018e-27 2.78252e-25
4.32243e-11 4.13045e-27 2.74072e-25
4.3419e-11 4.08127e-27 2.69942e-25
4.36146e-11 4.03262e-27 2.65861e-25
4.3811e-11 3.9845e-27 2.61828e-25
4.40083e-11 3.93692e-27 2.57843e-25
4.42065e-11 3.88985e-27 2.53906e-25
4.44056e-11 3.84331e-27 2.50017e-25
4.46056e-11 3.79727e-27 2.46173e-25
4.48065e-11 3.75175e-27 2.42376e-25
4.50083e-11 3.70673e-27 2.38624e-25
4.5211e-11 3.6622e-27 2.34918e-25
4.54146e-11 3.61817e-27 2.31255e-25
4.56191e-11 3.57463e-27 2.27637e-25
4.58246e-11 3.53157e-27 2.24063e-25
4.6031e-11 3.48899e-27 2.20531e-25
4.62383e-11 3.44689e-27 2.17042e-25
4.64465e-11 3.40525e-27 2.13595e-25
4.66557e-11 3.36408e-27 2.1019e-25
4.68658e-11 3.32337e-27 2.06826e-25
4.70769e-11 3.28312e-27 2.03502e-25
4.72889e-11 3.24332e-27 2.00219e-25
4.75019e-11 3.20396e-27 1.96976e-25
4.77158e-11 3.16505e-27 1.93772e-25
4.79307e-11 3.12658e-27 1.90607e-25
4.81466e-11 3.08854e-27 1.8748e-25
4.83634e-11 3.05093e-27 1.84392e-25
4.85812e-11 3.01374e-27 1.81341e-25
4.88e-11 2.97698e-27 1.78327e-25
4.90198e-11 2.94063e-27 1.7535e-25
4.92406e-11 2.9047e-27 1.7241e-25
4.94623e-11 2.86917e-27 1.69505e-25
4.96851e-11 2.83405e-27 1.66636e-25
4.99089e-11 2.79933e-27 1.63802e-25
5.01336e-11 2.76501e-27 1.61002e-25
5.03594e-11 2.73107e-27 1.58237e-25
5.05862e-11 2.69753e-27 1.55506e-25
5.08141e-11 2.66437e-27 1.52809e-25
5.10429e-11 2.63159e-27 1.50144e-25
5.12728e-11 2.59918e-27 1.47513e-25
5.15037e-11 2.56715e-27 1.44914e-25
5.17357e-11 2.53549e-27 1.42346e-25
5.19687e-11 2.50419e-27 1.39811e-25
5.22027e-11 2.47325e-27 1.37307e-25
5.24378e-11 2.44267e-27 1.34833e-25
5.2674e-11 2.41244e-27 1.32391e-25
5.29112e-11 2.38257e-27 1.29978e-25
5.31495e-11 2.35304e-27 1.27596e-25
5.33889e-11 2.32385e-27 1.25243e-25
5.36293e-11 2.295e-27 1.22919e-25
5.38709e-11 2.26649e-27 1.20624e-25
5.41135e-11 2.2383e-27 1.18357e-25
5.43572e-11 2.21045e-27 1.16119e-25
5.4602e-11 2.18292e-27 1.13909e-25
5.48479e-11 2.15571e-27 1.11726e-25
5.50949e-11 2.12882e-27 1.0957e-25
5.53431e-11 2.10225e-27 1.07441e-25
5.55923e-11 2.07599e-27 1.05339e-25
5.58427e-11 2.05003e-27 1.03263e-25
5.60942e-11 2.02438e-27 1.01213e-25
5.63468e-11 1.99903e-27 9.91886e-26
5.66006e-11 1.97398e-27 9.71895e-26
5.68555e-11 1.94923e-27 9.52155e-26
5.71116e-11 1.92476e-27 9.32663e-26
5.73688e-11 1.90059e-27 9.13416e-26
5.76272e-11 1.8767e-27 8.9441e-26
5.78867e-11 1.85309e-27 8.75643e-26
5.81474e-11 1.82976e-27 8.57112e-26
5.84093e-11 1.80671e-27 8.38814e-26
5.86723e-11 1.78394e-27 8.20747e-26
5.89366e-11 1.76143e-27 8.02908e-26
5.9202e-11 1.73919e-27 7.85293e-26
5.94686e-11 1.71722e-27 7.67902e-26
5.97365e-11 1.6955e-27 7.50729e-26
6.00055e-11 1.67405e-27 7.33774e-26
6.02758e-11 1.65285e-27 7.17034e-26
6.05472e-11 1.63191e-27 7.00505e-26
6.08199e-11 1.61121e-27 6.84186e-26
6.10938e-11 1.59077e-27 6.68074e-26
6.1369e-11 1.57056e-27 6.52167e-26
6.16454e-11 1.55061e-27 6.36461e-26
6.1923e-11 1.53089e-27 6.20955e-26
6.22019e-11 1.5114e-27 6.05646e-26
6.2482e-11 1.49216e-27 5.90532e-26
6.27634e-11 1.47314e-27 5.7561e-26
6.30461e-11 1.45435e-27 5.60879e-26
6.333e-11 1.43579e-27 5.46335e-26
6.36152e-11 1.41746e-27 5.31977e-26
6.39017e-11 1.39934e-27 5.17803e-26
6.41895e-11 1.38145e-27 5.0381e-26
6.44786e-11 1.36377e-27 4.89995e-26
6.4769e-11 1.3463e-27 4.76357e-26
6.50607e-11 1.32905e-27 4.62894e-26
6.53537e-11 1.31201e-27 4.49604e-26
6.56481e-11 1.29517e-27 4.36484e-26
6.59437e-11 1.27854e-27 4.23532e-26
6.62407e-11 1.26211e-27 4.10747e-26
6.65391e-11 1.24588e-27 3.98126e-26
6.68387e-11 1.22985e-27 3.85667e-26
6.71398e-11 1.21401e-27 3.73368e-26
6.74421e-11 1.19837e-27 3.61228e-26
6.77459e-11 1.18292e-27 3.49245e-26
6.8051e-11 1.16766e-27 3.37415e-26
6.83575e-11 1.15258e-27 3.25739e-26
6.86653e-11 1.13769e-27 3.14213e-26
6.89746e-11 1.12299e-27 3.02836e-26
6.92852e-11 1.10846e-27 2.91606e-26
6.95973e-11 1.09411e-27 2.80522e-26
6.99107e-11 1.07994e-27 2.69581e-26
7.02256e-11 1.06594e-27 2.58781e-26
7.05418e-11 1.05212e-27 2.48122e-26
7.08595e-11 1.03846e-27 2.37601e-26
7.11787e-11 1.02498e-27 2.27216e-26
7.14992e-11 1.01166e-27 2.16966e-26
7.18212e-11 9.98503e-28 2.0685e-26
7.21447e-11 9.85512e-28 1.96865e-26
7.24696e-11 9.72681e-28 1.87009e-26
7.2796e-11 9.60009e-28 1.77283e-26
7.31239e-11 9.47494e-28 1.67683e-26
7.34532e-11 9.35135e-28 1.58208e-26
7.3784e-11 9.22929e-28 1.48856e-26
7.41163e-11 9.10875e-28 1.39627e-26
7.44501e-11 8.9897e-28 1.30518e-26
7.47854e-11 8.87214e-28 1.21529e-26
7.51222e-11 8.75605e-28 1.12656e-26
7.54605e-11 8.6414e-28 1.039e-26
7.58004e-11 8.52819e-28 9.52589e-27
7.61418e-11 8.41639e-28 8.67307e-27
7.64847e-11 8.30598e-28 7.83143e-27
7.68292e-11 8.19696e-28 7.00084e-27
7.71752e-11 8.08931e-28 6.18114e-27
7.75228e-11 7.983e-28 5.37221e-27
7.78719e-11 7.87802e-28 4.57391e-27
7.82226e-11 7.77437e-28 3.78611e-27
7.85749e-11 7.67201e-28 3.00867e-27
7.89288e-11 7.57094e-28 2.24147e-27
7.92842e-11 7.47114e-28 1.48437e-27
7.96413e-11 7.3726e-28 7.3726e-28
