1e-14 0 1.45188e-22
1.0045e-14 0 1.45188e-22
1.00903e-14 0 1.45188e-22
1.01357e-14 0 1.45188e-22
1.01814e-14 0 1.45188e-22
1.02272e-14 0 1.45188e-22
1.02733e-14 0 1.45188e-22
1.03196e-14 0 1.45188e-22
1.0366e-14 0 1.45188e-22
1.04127e-14 0 1.45188e-22
1.04596e-14 0 1.45188e-22
1.05067e-14 0 1.45188e-22
1.0554e-14 0 1.45188e-22
1.06016e-14 0 1.45188e-22
1.06493e-14 0 1.45188e-22
1.06973e-14 0 1.45188e-22
1.07455e-14 0 1.45188e-22
1.07938e-14 0 1.45188e-22
1.08425e-14 0 1.45188e-22
1.08913e-14 0 1.45188e-22
1.09403e-14 0 1.45188e-22
1.09896e-14 0 1.45188e-22
1.10391e-14 0 1.45188e-22
1.10888e-14 0 1.45188e-22
1.11388e-14 0 1.45188e-22
1.11889e-14 0 1.45188e-22
1.12393e-14 0 1.45188e-22
1.12899e-14 0 1.45188e-22
1.13408e-14 0 1.45188e-22
1.13919e-14 0 1.45188e-22
1.14432e-14 0 1.45188e-22
1.14947e-14 0 1.45188e-22
1.15465e-14 0 1.45188e-22
1.15985e-14 0 1.45188e-22
1.16507e-14 0 1.45188e-22
1.17032e-14 0 1.45188e-22
1.17559e-14 0 1.45188e-22
1.18088e-14 0 1.45188e-22
1.1862e-14 0 1.45188e-22
1.19154e-14 0 1.45188e-22
1.19691e-14 0 1.45188e-22
1.2023e-14 0 1.45188e-22
1.20772e-14 0 1.45188e-22
1.21316e-14 0 1.45188e-22
1.21862e-14 0 1.45188e-22
1.22411e-14 0 1.45188e-22
1.22962e-14 0 1.45188e-22
1.23516e-14 0 1.45188e-22
1.24072e-14 0 1.45188e-22
1.24631e-14 0 1.45188e-22
1.25192e-14 0 1.45188e-22
1.25756e-14 0 1.45188e-22
1.26322e-14 0 1.45188e-22
1.26891e-14 0 1.45188e-22
1.27463e-14 0 1.45188e-22
1.28037e-14 0 1.45188e-22
1.28613e-14 0 1.45188e-22
1.29193e-14 0 1.45188e-22
1.29775e-14 0 1.45188e-22
1.30359e-14 0 1.45188e-22
1.30946e-14 0 1.45188e-22
1.31536e-14 0 1.45188e-22
1.32128e-14 0 1.45188e-22
1.32723e-14 0 1.45188e-22
1.33321e-14 0 1.45188e-22
1.33922e-14 0 1.45188e-22
1.34525e-14 0 1.45188e-22
1.35131e-14 0 1.45188e-22
1.35739e-14 0 1.45188e-22
1.3635e-14 0 1.45188e-22
1.36965e-14 0 1.45188e-22
1.37581e-14 0 1.45188e-22
1.38201e-14 0 1.45188e-22
1.38823e-14 0 1.45188e-22
1.39449e-14 0 1.45188e-22
1.40077e-14 0 1.45188e-22
1.40708e-14 0 1.45188e-22
1.41341e-14 0 1.45188e-22
1.41978e-14 0 1.45188e-22
1.42617e-14 0 1.45188e-22
1.4326e-14 0 1.45188e-22
1.43905e-14 0 1.45188e-22
1.44553e-14 0 1.45188e-22
1.45204e-14 0 1.45188e-22
1.45858e-14 0 1.45188e-22
1.46515e-14 0 1.45188e-22
1.47175e-14 0 1.45188e-22
1.47837e-14 0 1.45188e-22
1.48503e-14 0 1.45188e-22
1.49172e-14 0 1.45188e-22
1.49844e-14 0 1.45188e-22
1.50519e-14 0 1.45188e-22
1.51197e-14 0 1.45188e-22
1.51878e-14 0 1.45188e-22
1.52562e-14 0 1.45188e-22
1.53249e-14 0 1.45188e-22
1.53939e-14 0 1.45188e-22
1.54632e-14 0 1.45188e-22
1.55329e-14 0 1.45188e-22
1.56028e-14 0 1.45188e-22
1.56731e-14 0 1.45188e-22
1.57437e-14 0 1.45188e-22
1.58146e-14 0 1.45188e-22
1.58858e-14 0 1.45188e-22
1.59573e-14 0 1.45188e-22
1.60292e-14 0 1.45188e-22
1.61014e-14 0 1.45188e-22
1.61739e-14 0 1.45188e-22
1.62468e-14 0 1.45188e-22
1.63199e-14 0 1.45188e-22
1.63934e-14 0 1.45188e-22
1.64673e-14 0 1.45188e-22
1.65414e-14 0 1.45188e-22
1.66159e-14 0 1.45188e-22
1.66908e-14 0 1.45188e-22
1.67659e-14 0 1.45188e-22
1.68414e-14 0 1.45188e-22
1.69173e-14 0 1.45188e-22
1.69935e-14 0 1.45188e-22
1.707e-14 0 1.45188e-22
1.71469e-14 0 1.45188e-22
1.72241e-14 0 1.45188e-22
1.73017e-14 0 1.45188e-22
1.73796e-14 0 1.45188e-22
1.74579e-14 0 1.45188e-22
1.75365e-14 0 1.45188e-22
1.76155e-14 0 1.45188e-22
1.76948e-14 0 1.45188e-22
1.77745e-14 0 1.45188e-22
1.78546e-14 0 1.45188e-22
1.7935e-14 0 1.45188e-22
1.80158e-14 0 1.45188e-22
1.80969e-14 0 1.45188e-22
1.81784e-14 0 1.45188e-22
1.82603e-14 0 1.45188e-22
1.83425e-14 0 1.45188e-22
1.84251e-14 0 1.45188e-22
1.85081e-14 0 1.45188e-22
1.85914e-14 0 1.45188e-22
1.86752e-14 0 1.45188e-22
1.87593e-14 0 1.45188e-22
1.88438e-14 0 1.45188e-22
1.89286e-14 0 1.45188e-22
1.90139e-14 0 1.45188e-22
1.90995e-14 0 1.45188e-22
1.91855e-14 0 1.45188e-22
1.92719e-14 0 1.45188e-22
1.93587e-14 0 1.45188e-22
1.94459e-14 0 1.45188e-22
1.95335e-14 0 1.45188e-22
1.96215e-14 0 1.45188e-22
1.97098e-14 0 1.45188e-22
1.97986e-14 0 1.45188e-22
1.98878e-14 0 1.45188e-22
1.99774e-14 0 1.45188e-22
2.00673e-14 0 1.45188e-22
2.01577e-14 0 1.45188e-22
2.02485e-14 0 1.45188e-22
2.03397e-14 0 1.45188e-22
2.04313e-14 0 1.45188e-22
2.05233e-14 0 1.45188e-22
2.06157e-14 0 1.45188e-22
2.07086e-14 0 1.45188e-22
2.08018e-14 0 1.45188e-22
2.08955e-14 0 1.45188e-22
2.09896e-14 0 1.45188e-22
2.10842e-14 0 1.45188e-22
2.11791e-14 0 1.45188e-22
2.12745e-14 0 1.45188e-22
2.13703e-14 0 1.45188e-22
2.14666e-14 0 1.45188e-22
2.15632e-14 0 1.45188e-22
2.16604e-14 0 1.45188e-22
2.17579e-14 0 1.45188e-22
2.18559e-14 0 1.45188e-22
2.19543e-14 0 1.45188e-22
2.20532e-14 0 1.45188e-22
2.21525e-14 0 1.45188e-22
2.22523e-14 0 1.45188e-22
2.23525e-14 0 1.45188e-22
2.24532e-14 0 1.45188e-22
2.25543e-14 0 1.45188e-22
2.26559e-14 0 1.45188e-22
2.27579e-14 0 1.45188e-22
2.28604e-14 0 1.45188e-22
2.29634e-14 0 1.45188e-22
2.30668e-14 0 1.45188e-22
2.31707e-14 0 1.45188e-22
2.3275e-14 0 1.45188e-22
2.33799e-14 0 1.45188e-22
2.34852e-14 0 1.45188e-22
2.35909e-14 0 1.45188e-22
2.36972e-14 0 1.45188e-22
2.38039e-14 0 1.45188e-22
2.39111e-14 0 1.45188e-22
2.40188e-14 0 1.45188e-22
2.4127e-14 0 1.45188e-22
2.42356e-14 0 1.45188e-22
2.43448e-14 0 1.45188e-22
2.44544e-14 0 1.45188e-22
2.45646e-14 0 1.45188e-22
2.46752e-14 0 1.45188e-22
2.47863e-14 0 1.45188e-22
2.4898e-14 0 1.45188e-22
2.50101e-14 0 1.45188e-22
2.51227e-14 0 1.45188e-22
2.52359e-14 0 1.45188e-22
2.53495e-14 0 1.45188e-22
2.54637e-14 0 1.45188e-22
2.55784e-14 0 1.45188e-22
2.56936e-14 0 1.45188e-22
2.58093e-14 0 1.45188e-22
2.59255e-14 0 1.45188e-22
2.60423e-14 0 1.45188e-22
2.61596e-14 0 1.45188e-22
2.62774e-14 0 1.45188e-22
2.63957e-14 0 1.45188e-22
2.65146e-14 0 1.45188e-22
2.6634e-14 0 1.45188e-22
2.6754e-14 0 1.45188e-22
2.68745e-14 0 1.45188e-22
2.69955e-14 0 1.45188e-22
2.71171e-14 0 1.45188e-22
2.72392e-14 0 1.45188e-22
2.73619e-14 0 1.45188e-22
2.74851e-14 0 1.45188e-22
2.76089e-14 0 1.45188e-22
2.77332e-14 0 1.45188e-22
2.78581e-14 0 1.45188e-22
2.79836e-14 0 1.45188e-22
2.81096e-14 0 1.45188e-22
2.82362e-14 0 1.45188e-22
2.83634e-14 0 1.45188e-22
2.84912e-14 0 1.45188e-22
2.86195e-14 0 1.45188e-22
2.87484e-14 0 1.45188e-22
2.88778e-14 0 1.45188e-22
2.90079e-14 0 1.45188e-22
2.91385e-14 0 1.45188e-22
2.92698e-14 0 1.45188e-22
2.94016e-14 0 1.45188e-22
2.9534e-14 0 1.45188e-22
2.9667e-14 0 1.45188e-22
2.98006e-14 0 1.45188e-22
2.99348e-14 0 1.45188e-22
3.00697e-14 0 1.45188e-22
3.02051e-14 0 1.45188e-22
3.03411e-14 0 1.45188e-22
3.04778e-14 0 1.45188e-22
3.0615e-14 0 1.45188e-22
3.07529e-14 0 1.45188e-22
3.08914e-14 0 1.45188e-22
3.10305e-14 0 1.45188e-22
3.11703e-14 0 1.45188e-22
3.13107e-14 0 1.45188e-22
3.14517e-14 0 1.45188e-22
3.15933e-14 0 1.45188e-22
3.17356e-14 0 1.45188e-22
3.18786e-14 0 1.45188e-22
3.20221e-14 0 1.45188e-22
3.21663e-14 0 1.45188e-22
3.23112e-14 0 1.45188e-22
3.24567e-14 0 1.45188e-22
3.26029e-14 0 1.45188e-22
3.27497e-14 0 1.45188e-22
3.28972e-14 0 1.45188e-22
3.30454e-14 0 1.45188e-22
3.31942e-14 0 1.45188e-22
3.33437e-14 0 1.45188e-22
3.34939e-14 0 1.45188e-22
3.36447e-14 0 1.45188e-22
3.37963e-14 0 1.45188e-22
3.39485e-14 0 1.45188e-22
3.41014e-14 0 1.45188e-22
3.42549e-14 0 1.45188e-22
3.44092e-14 0 1.45188e-22
3.45642e-14 0 1.45188e-22
3.47199e-14 0 1.45188e-22
3.48762e-14 0 1.45188e-22
3.50333e-14 0 1.45188e-22
3.51911e-14 0 1.45188e-22
3.53496e-14 0 1.45188e-22
3.55088e-14 0 1.45188e-22
3.56687e-14 0 1.45188e-22
3.58293e-14 0 1.45188e-22
3.59907e-14 0 1.45188e-22
3.61528e-14 0 1.45188e-22
3.63156e-14 0 1.45188e-22
3.64792e-14 0 1.45188e-22
3.66435e-14 0 1.45188e-22
3.68085e-14 0 1.45188e-22
3.69743e-14 0 1.45188e-22
3.71408e-14 0 1.45188e-22
3.73081e-14 0 1.45188e-22
3.74761e-14 0 1.45188e-22
3.76449e-14 0 1.45188e-22
3.78144e-14 0 1.45188e-22
3.79847e-14 0 1.45188e-22
3.81558e-14 0 1.45188e-22
3.83276e-14 0 1.45188e-22
3.85002e-14 0 1.45188e-22
3.86736e-14 0 1.45188e-22
3.88478e-14 0 1.45188e-22
3.90228e-14 0 1.45188e-22
3.91985e-14 0 1.45188e-22
3.93751e-14 0 1.45188e-22
3.95524e-14 0 1.45188e-22
3.97305e-14 0 1.45188e-22
3.99095e-14 0 1.45188e-22
4.00892e-14 0 1.45188e-22
4.02698e-14 0 1.45188e-22
4.04511e-14 0 1.45188e-22
4.06333e-14 0 1.45188e-22
4.08163e-14 0 1.45188e-22
4.10001e-14 0 1.45188e-22
4.11848e-14 0 1.45188e-22
4.13703e-14 0 1.45188e-22
4.15566e-14 0 1.45188e-22
4.17437e-14 0 1.45188e-22
4.19317e-14 0 1.45188e-22
4.21206e-14 0 1.45188e-22
4.23103e-14 0 1.45188e-22
4.25008e-14 0 1.45188e-22
4.26922e-14 0 1.45188e-22
4.28845e-14 0 1.45188e-22
4.30777e-14 0 1.45188e-22
4.32717e-14 0 1.45188e-22
4.34666e-14 0 1.45188e-22
4.36623e-14 0 1.45188e-22
4.3859e-14 0 1.45188e-22
4.40565e-14 0 1.45188e-22
4.42549e-14 0 1.45188e-22
4.44542e-14 0 1.45188e-22
4.46544e-14 0 1.45188e-22
4.48555e-14 0 1.45188e-22
4.50575e-14 0 1.45188e-22
4.52605e-14 0 1.45188e-22
4.54643e-14 0 1.45188e-22
4.56691e-14 0 1.45188e-22
4.58748e-14 0 1.45188e-22
4.60814e-14 0 1.45188e-22
4.62889e-14 0 1.45188e-22
4.64974e-14 0 1.45188e-22
4.67068e-14 0 1.45188e-22
4.69171e-14 0 1.45188e-22
4.71284e-14 0 1.45188e-22
4.73407e-14 0 1.45188e-22
4.75539e-14 0 1.45188e-22
4.77681e-14 0 1.45188e-22
4.79832e-14 0 1.45188e-22
4.81993e-14 0 1.45188e-22
4.84164e-14 0 1.45188e-22
4.86344e-14 0 1.45188e-22
4.88535e-14 0 1.45188e-22
4.90735e-14 0 1.45188e-22
4.92945e-14 0 1.45188e-22
4.95165e-14 0 1.45188e-22
4.97395e-14 0 1.45188e-22
4.99635e-14 0 1.45188e-22
5.01886e-14 0 1.45188e-22
5.04146e-14 0 1.45188e-22
5.06416e-14 0 1.45188e-22
5.08697e-14 0 1.45188e-22
5.10988e-14 0 1.45188e-22
5.13289e-14 0 1.45188e-22
5.15601e-14 0 1.45188e-22
5.17923e-14 0 1.45188e-22
5.20256e-14 0 1.45188e-22
5.22599e-14 0 1.45188e-22
5.24953e-14 0 1.45188e-22
5.27317e-14 0 1.45188e-22
5.29692e-14 0 1.45188e-22
5.32077e-14 0 1.45188e-22
5.34474e-14 0 1.45188e-22
5.36881e-14 0 1.45188e-22
5.39299e-14 0 1.45188e-22
5.41728e-14 0 1.45188e-22
5.44167e-14 0 1.45188e-22
5.46618e-14 0 1.45188e-22
5.4908e-14 0 1.45188e-22
5.51553e-14 0 1.45188e-22
5.54037e-14 0 1.45188e-22
5.56532e-14 0 1.45188e-22
5.59039e-14 0 1.45188e-22
5.61556e-14 0 1.45188e-22
5.64085e-14 0 1.45188e-22
5.66626e-14 0 1.45188e-22
5.69178e-14 0 1.45188e-22
5.71741e-14 0 1.45188e-22
5.74316e-14 0 1.45188e-22
5.76903e-14 0 1.45188e-22
5.79501e-14 0 1.45188e-22
5.82111e-14 0 1.45188e-22
5.84732e-14 0 1.45188e-22
5.87366e-14 0 1.45188e-22
5.90011e-14 0 1.45188e-22
5.92668e-14 0 1.45188e-22
5.95338e-14 0 1.45188e-22
5.98019e-14 0 1.45188e-22
6.00712e-14 0 1.45188e-22
6.03418e-14 0 1.45188e-22
6.06135e-14 0 1.45188e-22
6.08865e-14 0 1.45188e-22
6.11607e-14 0 1.45188e-22
6.14362e-14 0 1.45188e-22
6.17129e-14 0 1.45188e-22
6.19908e-14 0 1.45188e-22
6.227e-14 0 1.45188e-22
6.25504e-14 0 1.45188e-22
6.28321e-14 0 1.45188e-22
6.31151e-14 0 1.45188e-22
6.33994e-14 0 1.45188e-22
6.36849e-14 0 1.45188e-22
6.39717e-14 0 1.45188e-22
6.42598e-14 0 1.45188e-22
6.45492e-14 0 1.45188e-22
6.484e-14 0 1.45188e-22
6.5132e-14 0 1.45188e-22
6.54253e-14 0 1.45188e-22
6.572e-14 0 1.45188e-22
6.6016e-14 0 1.45188e-22
6.63133e-14 0 1.45188e-22
6.66119e-14 0 1.45188e-22
6.69119e-14 0 1.45188e-22
6.72133e-14 0 1.45188e-22
6.7516e-14 0 1.45188e-22
6.78201e-14 0 1.45188e-22
6.81255e-14 0 1.45188e-22
6.84323e-14 0 1.45188e-22
6.87405e-14 0 1.45188e-22
6.90501e-14 0 1.45188e-22
6.93611e-14 0 1.45188e-22
6.96735e-14 0 1.45188e-22
6.99873e-14 0 1.45188e-22
7.03025e-14 0 1.45188e-22
7.06191e-14 0 1.45188e-22
7.09371e-14 0 1.45188e-22
7.12566e-14 0 1.45188e-22
7.15775e-14 0 1.45188e-22
7.18999e-14 0 1.45188e-22
7.22237e-14 0 1.45188e-22
7.2549e-14 0 1.45188e-22
7.28757e-14 0 1.45188e-22
7.32039e-14 0 1.45188e-22
7.35336e-14 0 1.45188e-22
7.38648e-14 0 1.45188e-22
7.41975e-14 0 1.45188e-22
7.45316e-14 0 1.45188e-22
7.48673e-14 0 1.45188e-22
7.52045e-14 0 1.45188e-22
7.55432e-14 0 1.45188e-22
7.58834e-14 0 1.45188e-22
7.62252e-14 0 1.45188e-22
7.65685e-14 0 1.45188e-22
7.69133e-14 0 1.45188e-22
7.72597e-14 0 1.45188e-22
7.76076e-14 0 1.45188e-22
7.79572e-14 0 1.45188e-22
7.83083e-14 0 1.45188e-22
7.86609e-14 0 1.45188e-22
7.90152e-14 0 1.45188e-22
7.93711e-14 0 1.45188e-22
7.97285e-14 0 1.45188e-22
8.00876e-14 0 1.45188e-22
8.04483e-14 0 1.45188e-22
8.08106e-14 0 1.45188e-22
8.11746e-14 0 1.45188e-22
8.15402e-14 0 1.45188e-22
8.19074e-14 0 1.45188e-22
8.22763e-14 0 1.45188e-22
8.26468e-14 0 1.45188e-22
8.3019e-14 0 1.45188e-22
8.33929e-14 0 1.45188e-22
8.37685e-14 0 1.45188e-22
8.41458e-14 0 1.45188e-22
8.45247e-14 0 1.45188e-22
8.49054e-14 0 1.45188e-22
8.52878e-14 0 1.45188e-22
8.56719e-14 0 1.45188e-22
8.60578e-14 0 1.45188e-22
8.64453e-14 0 1.45188e-22
8.68347e-14 0 1.45188e-22
8.72257e-14 0 1.45188e-22
8.76186e-14 0 1.45188e-22
8.80132e-14 0 1.45188e-22
8.84096e-14 0 1.45188e-22
8.88077e-14 0 1.45188e-22
8.92077e-14 0 1.45188e-22
8.96095e-14 0 1.45188e-22
9.00131e-14 0 1.45188e-22
9.04184e-14 0 1.45188e-22
9.08257e-14 0 1.45188e-22
9.12347e-14 0 1.45188e-22
9.16456e-14 0 1.45188e-22
9.20584e-14 0 1.45188e-22
9.2473e-14 0 1.45188e-22
9.28894e-14 0 1.45188e-22
9.33078e-14 0 1.45188e-22
9.3728e-14 0 1.45188e-22
9.41501e-14 0 1.45188e-22
9.45742e-14 0 1.45188e-22
9.50001e-14 0 1.45188e-22
9.54279e-14 0 1.45188e-22
9.58577e-14 0 1.45188e-22
9.62894e-14 0 1.45188e-22
9.67231e-14 0 1.45188e-22
9.71587e-14 0 1.45188e-22
9.75963e-14 0 1.45188e-22
9.80358e-14 0 1.45188e-22
9.84774e-14 0 1.45188e-22
9.89209e-14 0 1.45188e-22
9.93664e-14 0 1.45188e-22
9.98139e-14 0 1.45188e-22
1.00263e-13 0 1.45188e-22
1.00715e-13 0 1.45188e-22
1.01169e-13 0 1.45188e-22
1.01624e-13 0 1.45188e-22
1.02082e-13 0 1.45188e-22
1.02542e-13 0 1.45188e-22
1.03003e-13 0 1.45188e-22
1.03467e-13 0 1.45188e-22
1.03933e-13 0 1.45188e-22
1.04401e-13 0 1.45188e-22
1.04872e-13 0 1.45188e-22
1.05344e-13 0 1.45188e-22
1.05818e-13 0 1.45188e-22
1.06295e-13 0 1.45188e-22
1.06774e-13 0 1.45188e-22
1.07255e-13 0 1.45188e-22
1.07738e-13 0 1.45188e-22
1.08223e-13 0 1.45188e-22
1.0871e-13 0 1.45188e-22
1.092e-13 0 1.45188e-22
1.09692e-13 0 1.45188e-22
1.10186e-13 0 1.45188e-22
1.10682e-13 0 1.45188e-22
1.1118e-13 0 1.45188e-22
1.11681e-13 0 1.45188e-22
1.12184e-13 0 1.45188e-22
1.12689e-13 0 1.45188e-22
1.13197e-13 0 1.45188e-22
1.13707e-13 0 1.45188e-22
1.14219e-13 0 1.45188e-22
1.14733e-13 0 1.45188e-22
1.1525e-13 0 1.45188e-22
1.15769e-13 0 1.45188e-22
1.1629e-13 0 1.45188e-22
1.16814e-13 0 1.45188e-22
1.1734e-13 0 1.45188e-22
1.17869e-13 0 1.45188e-22
1.18399e-13 0 1.45188e-22
1.18933e-13 0 1.45188e-22
1.19468e-13 0 1.45188e-22
1.20006e-13 0 1.45188e-22
1.20547e-13 0 1.45188e-22
1.2109e-13 0 1.45188e-22
1.21635e-13 0 1.45188e-22
1.22183e-13 0 1.45188e-22
1.22733e-13 0 1.45188e-22
1.23286e-13 0 1.45188e-22
1.23841e-13 0 1.45188e-22
1.24399e-13 0 1.45188e-22
1.24959e-13 0 1.45188e-22
1.25522e-13 0 1.45188e-22
1.26087e-13 0 1.45188e-22
1.26655e-13 0 1.45188e-22
1.27226e-13 0 1.45188e-22
1.27799e-13 0 1.45188e-22
1.28374e-13 0 1.45188e-22
1.28952e-13 0 1.45188e-22
1.29533e-13 0 1.45188e-22
1.30116e-13 0 1.45188e-22
1.30702e-13 0 1.45188e-22
1.31291e-13 0 1.45188e-22
1.31882e-13 0 1.45188e-22
1.32476e-13 0 1.45188e-22
1.33073e-13 0 1.45188e-22
1.33672e-13 0 1.45188e-22
1.34274e-13 0 1.45188e-22
1.34879e-13 0 1.45188e-22
1.35487e-13 0 1.45188e-22
1.36097e-13 0 1.45188e-22
1.3671e-13 0 1.45188e-22
1.37325e-13 0 1.45188e-22
1.37944e-13 0 1.45188e-22
1.38565e-13 0 1.45188e-22
1.39189e-13 0 1.45188e-22
1.39816e-13 0 1.45188e-22
1.40446e-13 0 1.45188e-22
1.41078e-13 0 1.45188e-22
1.41714e-13 0 1.45188e-22
1.42352e-13 0 1.45188e-22
1.42993e-13 0 1.45188e-22
1.43637e-13 0 1.45188e-22
1.44284e-13 0 1.45188e-22
1.44934e-13 0 1.45188e-22
1.45586e-13 0 1.45188e-22
1.46242e-13 0 1.45188e-22
1.46901e-13 0 1.45188e-22
1.47562e-13 0 1.45188e-22
1.48227e-13 0 1.45188e-22
1.48894e-13 0 1.45188e-22
1.49565e-13 0 1.45188e-22
1.50239e-13 0 1.45188e-22
1.50915e-13 0 1.45188e-22
1.51595e-13 0 1.45188e-22
1.52278e-13 0 1.45188e-22
1.52963e-13 0 1.45188e-22
1.53652e-13 0 1.45188e-22
1.54344e-13 0 1.45188e-22
1.5504e-13 0 1.45188e-22
1.55738e-13 0 1.45188e-22
1.56439e-13 0 1.45188e-22
1.57144e-13 0 1.45188e-22
1.57851e-13 0 1.45188e-22
1.58562e-13 0 1.45188e-22
1.59277e-13 0 1.45188e-22
1.59994e-13 0 1.45188e-22
1.60714e-13 0 1.45188e-22
1.61438e-13 0 1.45188e-22
1.62165e-13 0 1.45188e-22
1.62896e-13 0 1.45188e-22
1.63629e-13 0 1.45188e-22
1.64366e-13 0 1.45188e-22
1.65106e-13 0 1.45188e-22
1.6585e-13 0 1.45188e-22
1.66597e-13 0 1.45188e-22
1.67347e-13 0 1.45188e-22
1.68101e-13 0 1.45188e-22
1.68858e-13 0 1.45188e-22
1.69619e-13 0 1.45188e-22
1.70382e-13 0 1.45188e-22
1.7115e-13 0 1.45188e-22
1.71921e-13 0 1.45188e-22
1.72695e-13 0 1.45188e-22
1.73473e-13 0 1.45188e-22
1.74254e-13 0 1.45188e-22
1.75039e-13 0 1.45188e-22
1.75827e-13 0 1.45188e-22
1.76619e-13 0 1.45188e-22
1.77414e-13 0 1.45188e-22
1.78213e-13 0 1.45188e-22
1.79016e-13 0 1.45188e-22
1.79822e-13 0 1.45188e-22
1.80632e-13 0 1.45188e-22
1.81446e-13 0 1.45188e-22
1.82263e-13 0 1.45188e-22
1.83084e-13 0 1.45188e-22
1.83908e-13 0 1.45188e-22
1.84736e-13 0 1.45188e-22
1.85568e-13 0 1.45188e-22
1.86404e-13 0 1.45188e-22
1.87244e-13 0 1.45188e-22
1.88087e-13 0 1.45188e-22
1.88934e-13 0 1.45188e-22
1.89785e-13 0 1.45188e-22
1.9064e-13 0 1.45188e-22
1.91498e-13 0 1.45188e-22
1.92361e-13 0 1.45188e-22
1.93227e-13 0 1.45188e-22
1.94097e-13 0 1.45188e-22
1.94972e-13 0 1.45188e-22
1.9585e-13 0 1.45188e-22
1.96732e-13 0 1.45188e-22
1.97618e-13 0 1.45188e-22
1.98508e-13 0 1.45188e-22
1.99402e-13 0 1.45188e-22
2.003e-13 0 1.45188e-22
2.01202e-13 0 1.45188e-22
2.02108e-13 0 1.45188e-22
2.03018e-13 0 1.45188e-22
2.03933e-13 0 1.45188e-22
2.04851e-13 0 1.45188e-22
2.05774e-13 0 1.45188e-22
2.067e-13 0 1.45188e-22
2.07631e-13 0 1.45188e-22
2.08566e-13 0 1.45188e-22
2.09506e-13 0 1.45188e-22
2.10449e-13 0 1.45188e-22
2.11397e-13 0 1.45188e-22
2.12349e-13 0 1.45188e-22
2.13306e-13 0 1.45188e-22
2.14266e-13 0 1.45188e-22
2.15231e-13 0 1.45188e-22
2.16201e-13 0 1.45188e-22
2.17174e-13 0 1.45188e-22
2.18152e-13 0 1.45188e-22
2.19135e-13 0 1.45188e-22
2.20122e-13 0 1.45188e-22
2.21113e-13 0 1.45188e-22
2.22109e-13 0 1.45188e-22
2.23109e-13 0 1.45188e-22
2.24114e-13 0 1.45188e-22
2.25123e-13 0 1.45188e-22
2.26137e-13 0 1.45188e-22
2.27156e-13 0 1.45188e-22
2.28179e-13 0 1.45188e-22
2.29206e-13 0 1.45188e-22
2.30239e-13 0 1.45188e-22
2.31276e-13 0 1.45188e-22
2.32317e-13 0 1.45188e-22
2.33364e-13 0 1.45188e-22
2.34415e-13 0 1.45188e-22
2.3547e-13 0 1.45188e-22
2.36531e-13 0 1.45188e-22
2.37596e-13 0 1.45188e-22
2.38666e-13 0 1.45188e-22
2.39741e-13 0 1.45188e-22
2.40821e-13 0 1.45188e-22
2.41905e-13 0 1.45188e-22
2.42995e-13 0 1.45188e-22
2.44089e-13 0 1.45188e-22
2.45188e-13 0 1.45188e-22
2.46293e-13 0 1.45188e-22
2.47402e-13 0 1.45188e-22
2.48516e-13 0 1.45188e-22
2.49635e-13 0 1.45188e-22
2.5076e-13 0 1.45188e-22
2.51889e-13 0 1.45188e-22
2.53023e-13 0 1.45188e-22
2.54163e-13 0 1.45188e-22
2.55308e-13 0 1.45188e-22
2.56458e-13 0 1.45188e-22
2.57613e-13 0 1.45188e-22
2.58773e-13 0 1.45188e-22
2.59938e-13 0 1.45188e-22
2.61109e-13 0 1.45188e-22
2.62285e-13 0 1.45188e-22
2.63466e-13 0 1.45188e-22
2.64653e-13 0 1.45188e-22
2.65845e-13 0 1.45188e-22
2.67042e-13 0 1.45188e-22
2.68245e-13 0 1.45188e-22
2.69453e-13 0 1.45188e-22
2.70666e-13 0 1.45188e-22
2.71885e-13 0 1.45188e-22
2.7311e-13 0 1.45188e-22
2.7434e-13 0 1.45188e-22
2.75575e-13 0 1.45188e-22
2.76816e-13 0 1.45188e-22
2.78063e-13 0 1.45188e-22
2.79315e-13 0 1.45188e-22
2.80573e-13 0 1.45188e-22
2.81837e-13 0 1.45188e-22
2.83106e-13 0 1.45188e-22
2.84381e-13 0 1.45188e-22
2.85662e-13 0 1.45188e-22
2.86949e-13 0 1.45188e-22
2.88241e-13 0 1.45188e-22
2.89539e-13 0 1.45188e-22
2.90843e-13 0 1.45188e-22
2.92153e-13 0 1.45188e-22
2.93469e-13 0 1.45188e-22
2.9479e-13 0 1.45188e-22
2.96118e-13 0 1.45188e-22
2.97452e-13 0 1.45188e-22
2.98791e-13 0 1.45188e-22
3.00137e-13 0 1.45188e-22
3.01489e-13 0 1.45188e-22
3.02847e-13 0 1.45188e-22
3.0421e-13 0 1.45188e-22
3.05581e-13 0 1.45188e-22
3.06957e-13 0 1.45188e-22
3.08339e-13 0 1.45188e-22
3.09728e-13 0 1.45188e-22
3.11123e-13 0 1.45188e-22
3.12524e-13 0 1.45188e-22
3.13932e-13 0 1.45188e-22
3.15345e-13 0 1.45188e-22
3.16766e-13 0 1.45188e-22
3.18192e-13 0 1.45188e-22
3.19625e-13 0 1.45188e-22
3.21065e-13 0 1.45188e-22
3.22511e-13 0 1.45188e-22
3.23963e-13 0 1.45188e-22
3.25422e-13 0 1.45188e-22
3.26888e-13 0 1.45188e-22
3.2836e-13 0 1.45188e-22
3.29839e-13 0 1.45188e-22
3.31324e-13 0 1.45188e-22
3.32817e-13 0 1.45188e-22
3.34316e-13 0 1.45188e-22
3.35821e-13 0 1.45188e-22
3.37334e-13 0 1.45188e-22
3.38853e-13 0 1.45188e-22
3.40379e-13 0 1.45188e-22
3.41912e-13 0 1.45188e-22
3.43452e-13 0 1.45188e-22
3.44999e-13 0 1.45188e-22
3.46552e-13 0 1.45188e-22
3.48113e-13 0 1.45188e-22
3.49681e-13 0 1.45188e-22
3.51256e-13 0 1.45188e-22
3.52838e-13 0 1.45188e-22
3.54427e-13 0 1.45188e-22
3.56023e-13 0 1.45188e-22
3.57627e-13 0 1.45188e-22
3.59237e-13 0 1.45188e-22
3.60855e-13 0 1.45188e-22
3.6248e-13 0 1.45188e-22
3.64113e-13 0 1.45188e-22
3.65753e-13 0 1.45188e-22
3.674e-13 0 1.45188e-22
3.69055e-13 0 1.45188e-22
3.70717e-13 0 1.45188e-22
3.72386e-13 0 1.45188e-22
3.74063e-13 0 1.45188e-22
3.75748e-13 0 1.45188e-22
3.7744e-13 0 1.45188e-22
3.7914e-13 0 1.45188e-22
3.80848e-13 0 1.45188e-22
3.82563e-13 0 1.45188e-22
3.84286e-13 0 1.45188e-22
3.86017e-13 0 1.45188e-22
3.87755e-13 0 1.45188e-22
3.89502e-13 0 1.45188e-22
3.91256e-13 0 1.45188e-22
3.93018e-13 0 1.45188e-22
3.94788e-13 0 1.45188e-22
3.96566e-13 0 1.45188e-22
3.98352e-13 0 1.45188e-22
4.00146e-13 0 1.45188e-22
4.01948e-13 0 1.45188e-22
4.03758e-13 0 1.45188e-22
4.05577e-13 0 1.45188e-22
4.07403e-13 0 1.45188e-22
4.09238e-13 0 1.45188e-22
4.11081e-13 0 1.45188e-22
4.12933e-13 0 1.45188e-22
4.14792e-13 0 1.45188e-22
4.16661e-13 0 1.45188e-22
4.18537e-13 0 1.45188e-22
4.20422e-13 0 1.45188e-22
4.22315e-13 0 1.45188e-22
4.24217e-13 0 1.45188e-22
4.26128e-13 0 1.45188e-22
4.28047e-13 0 1.45188e-22
4.29975e-13 0 1.45188e-22
4.31911e-13 0 1.45188e-22
4.33857e-13 0 1.45188e-22
4.35811e-13 0 1.45188e-22
4.37773e-13 0 1.45188e-22
4.39745e-13 0 1.45188e-22
4.41725e-13 0 1.45188e-22
4.43715e-13 0 1.45188e-22
4.45713e-13 0 1.45188e-22
4.47721e-13 0 1.45188e-22
4.49737e-13 0 1.45188e-22
4.51762e-13 0 1.45188e-22
4.53797e-13 0 1.45188e-22
4.55841e-13 0 1.45188e-22
4.57894e-13 0 1.45188e-22
4.59956e-13 0 1.45188e-22
4.62028e-13 0 1.45188e-22
4.64108e-13 0 1.45188e-22
4.66199e-13 0 1.45188e-22
4.68298e-13 0 1.45188e-22
4.70407e-13 0 1.45188e-22
4.72526e-13 0 1.45188e-22
4.74654e-13 0 1.45188e-22
4.76792e-13 0 1.45188e-22
4.78939e-13 0 1.45188e-22
4.81096e-13 0 1.45188e-22
4.83263e-13 0 1.45188e-22
4.85439e-13 0 1.45188e-22
4.87626e-13 0 1.45188e-22
4.89822e-13 0 1.45188e-22
4.92028e-13 0 1.45188e-22
4.94244e-13 0 1.45188e-22
4.9647e-13 0 1.45188e-22
4.98705e-13 0 1.45188e-22
5.00952e-13 0 1.45188e-22
5.03208e-13 0 1.45188e-22
5.05474e-13 0 1.45188e-22
5.0775e-13 0 1.45188e-22
5.10037e-13 0 1.45188e-22
5.12334e-13 0 1.45188e-22
5.14642e-13 0 1.45188e-22
5.16959e-13 0 1.45188e-22
5.19288e-13 0 1.45188e-22
5.21626e-13 0 1.45188e-22
5.23976e-13 0 1.45188e-22
5.26336e-13 0 1.45188e-22
5.28706e-13 0 1.45188e-22
5.31087e-13 0 1.45188e-22
5.33479e-13 0 1.45188e-22
5.35882e-13 0 1.45188e-22
5.38295e-13 0 1.45188e-22
5.40719e-13 0 1.45188e-22
5.43155e-13 0 1.45188e-22
5.45601e-13 0 1.45188e-22
5.48058e-13 0 1.45188e-22
5.50526e-13 0 1.45188e-22
5.53006e-13 0 1.45188e-22
5.55496e-13 0 1.45188e-22
5.57998e-13 0 1.45188e-22
5.60511e-13 0 1.45188e-22
5.63036e-13 0 1.45188e-22
5.65571e-13 0 1.45188e-22
5.68119e-13 0 1.45188e-22
5.70677e-13 0 1.45188e-22
5.73247e-13 0 1.45188e-22
5.75829e-13 0 1.45188e-22
5.78422e-13 0 1.45188e-22
5.81027e-13 0 1.45188e-22
5.83644e-13 0 1.45188e-22
5.86273e-13 0 1.45188e-22
5.88913e-13 0 1.45188e-22
5.91566e-13 0 1.45188e-22
5.9423e-13 0 1.45188e-22
5.96906e-13 0 1.45188e-22
5.99594e-13 0 1.45188e-22
6.02295e-13 0 1.45188e-22
6.05007e-13 0 1.45188e-22
6.07732e-13 0 1.45188e-22
6.10469e-13 0 1.45188e-22
6.13218e-13 0 1.45188e-22
6.1598e-13 0 1.45188e-22
6.18754e-13 0 1.45188e-22
6.21541e-13 0 1.45188e-22
6.2434e-13 0 1.45188e-22
6.27152e-13 0 1.45188e-22
6.29977e-13 0 1.45188e-22
6.32814e-13 0 1.45188e-22
6.35664e-13 0 1.45188e-22
6.38527e-13 0 1.45188e-22
6.41403e-13 0 1.45188e-22
6.44291e-13 0 1.45188e-22
6.47193e-13 0 1.45188e-22
6.50108e-13 0 1.45188e-22
6.53036e-13 0 1.45188e-22
6.55977e-13 0 1.45188e-22
6.58931e-13 0 1.45188e-22
6.61899e-13 0 1.45188e-22
6.6488e-13 0 1.45188e-22
6.67874e-13 0 1.45188e-22
6.70882e-13 0 1.45188e-22
6.73903e-13 0 1.45188e-22
6.76938e-13 0 1.45188e-22
6.79987e-13 0 1.45188e-22
6.8305e-13 0 1.45188e-22
6.86126e-13 0 1.45188e-22
6.89216e-13 0 1.45188e-22
6.9232e-13 0 1.45188e-22
6.95438e-13 0 1.45188e-22
6.9857e-13 0 1.45188e-22
7.01716e-13 0 1.45188e-22
7.04877e-13 0 1.45188e-22
7.08051e-13 0 1.45188e-22
7.1124e-13 0 1.45188e-22
7.14443e-13 0 1.45188e-22
7.17661e-13 0 1.45188e-22
7.20893e-13 0 1.45188e-22
7.2414e-13 0 1.45188e-22
7.27401e-13 0 1.45188e-22
7.30677e-13 0 1.45188e-22
7.33968e-13 0 1.45188e-22
7.37273e-13 0 1.45188e-22
7.40594e-13 0 1.45188e-22
7.43929e-13 0 1.45188e-22
7.4728e-13 0 1.45188e-22
7.50645e-13 0 1.45188e-22
7.54026e-13 0 1.45188e-22
7.57422e-13 0 1.45188e-22
7.60833e-13 0 1.45188e-22
7.6426e-13 0 1.45188e-22
7.67702e-13 0 1.45188e-22
7.71159e-13 0 1.45188e-22
7.74632e-13 0 1.45188e-22
7.78121e-13 0 1.45188e-22
7.81625e-13 0 1.45188e-22
7.85146e-13 0 1.45188e-22
7.88682e-13 0 1.45188e-22
7.92234e-13 0 1.45188e-22
7.95802e-13 0 1.45188e-22
7.99386e-13 0 1.45188e-22
8.02986e-13 0 1.45188e-22
8.06602e-13 0 1.45188e-22
8.10235e-13 0 1.45188e-22
8.13884e-13 0 1.45188e-22
8.1755e-13 0 1.45188e-22
8.21232e-13 0 1.45188e-22
8.2493e-13 0 1.45188e-22
8.28645e-13 0 1.45188e-22
8.32377e-13 0 1.45188e-22
8.36126e-13 0 1.45188e-22
8.39892e-13 0 1.45188e-22
8.43674e-13 0 1.45188e-22
8.47474e-13 0 1.45188e-22
8.51291e-13 0 1.45188e-22
8.55125e-13 0 1.45188e-22
8.58976e-13 0 1.45188e-22
8.62845e-13 0 1.45188e-22
8.66731e-13 0 1.45188e-22
8.70634e-13 0 1.45188e-22
8.74555e-13 0 1.45188e-22
8.78494e-13 0 1.45188e-22
8.82451e-13 0 1.45188e-22
8.86425e-13 0 1.45188e-22
8.90417e-13 0 1.45188e-22
8.94427e-13 0 1.45188e-22
8.98455e-13 0 1.45188e-22
9.02502e-13 0 1.45188e-22
9.06566e-13 0 1.45188e-22
9.10649e-13 0 1.45188e-22
9.14751e-13 0 1.45188e-22
9.1887e-13 0 1.45188e-22
9.23009e-13 0 1.45188e-22
9.27166e-13 0 1.45188e-22
9.31341e-13 0 1.45188e-22
9.35536e-13 0 1.45188e-22
9.39749e-13 0 1.45188e-22
9.43982e-13 0 1.45188e-22
9.48233e-13 0 1.45188e-22
9.52504e-13 0 1.45188e-22
9.56793e-13 0 1.45188e-22
9.61103e-13 0 1.45188e-22
9.65431e-13 0 1.45188e-22
9.69779e-13 0 1.45188e-22
9.74147e-13 0 1.45188e-22
9.78534e-13 0 1.45188e-22
9.82941e-13 0 1.45188e-22
9.87368e-13 0 1.45188e-22
9.91815e-13 0 1.45188e-22
9.96282e-13 0 1.45188e-22
1.00077e-12 0 1.45188e-22
1.00528e-12 0 1.45188e-22
1.0098e-12 0 1.45188e-22
1.01435e-12 0 1.45188e-22
1.01892e-12 0 1.45188e-22
1.02351e-12 0 1.45188e-22
1.02812e-12 0 1.45188e-22
1.03275e-12 0 1.45188e-22
1.0374e-12 0 1.45188e-22
1.04207e-12 0 1.45188e-22
1.04676e-12 0 1.45188e-22
1.05148e-12 0 1.45188e-22
1.05621e-12 0 1.45188e-22
1.06097e-12 0 1.45188e-22
1.06575e-12 0 1.45188e-22
1.07055e-12 0 1.45188e-22
1.07537e-12 0 1.45188e-22
1.08021e-12 0 1.45188e-22
1.08508e-12 0 1.45188e-22
1.08997e-12 0 1.45188e-22
1.09487e-12 0 1.45188e-22
1.09981e-12 0 1.45188e-22
1.10476e-12 0 1.45188e-22
1.10973e-12 0 1.45188e-22
1.11473e-12 0 1.45188e-22
1.11975e-12 0 1.45188e-22
1.1248e-12 0 1.45188e-22
1.12986e-12 0 1.45188e-22
1.13495e-12 0 1.45188e-22
1.14006e-12 0 1.45188e-22
1.1452e-12 0 1.45188e-22
1.15035e-12 0 1.45188e-22
1.15553e-12 0 1.45188e-22
1.16074e-12 0 1.45188e-22
1.16597e-12 0 1.45188e-22
1.17122e-12 0 1.45188e-22
1.17649e-12 0 1.45188e-22
1.18179e-12 0 1.45188e-22
1.18711e-12 0 1.45188e-22
1.19246e-12 0 1.45188e-22
1.19783e-12 0 1.45188e-22
1.20323e-12 0 1.45188e-22
1.20864e-12 0 1.45188e-22
1.21409e-12 0 1.45188e-22
1.21956e-12 0 1.45188e-22
1.22505e-12 0 1.45188e-22
1.23057e-12 0 1.45188e-22
1.23611e-12 0 1.45188e-22
1.24167e-12 0 1.45188e-22
1.24727e-12 0 1.45188e-22
1.25288e-12 0 1.45188e-22
1.25853e-12 0 1.45188e-22
1.26419e-12 0 1.45188e-22
1.26989e-12 0 1.45188e-22
1.27561e-12 0 1.45188e-22
1.28135e-12 0 1.45188e-22
1.28712e-12 0 1.45188e-22
1.29292e-12 0 1.45188e-22
1.29874e-12 0 1.45188e-22
1.30459e-12 0 1.45188e-22
1.31047e-12 0 1.45188e-22
1.31637e-12 0 1.45188e-22
1.3223e-12 0 1.45188e-22
1.32825e-12 0 1.45188e-22
1.33424e-12 0 1.45188e-22
1.34024e-12 0 1.45188e-22
1.34628e-12 0 1.45188e-22
1.35234e-12 0 1.45188e-22
1.35843e-12 0 1.45188e-22
1.36455e-12 0 1.45188e-22
1.3707e-12 0 1.45188e-22
1.37687e-12 0 1.45188e-22
1.38307e-12 0 1.45188e-22
1.3893e-12 0 1.45188e-22
1.39556e-12 0 1.45188e-22
1.40184e-12 0 1.45188e-22
1.40816e-12 0 1.45188e-22
1.4145e-12 0 1.45188e-22
1.42087e-12 0 1.45188e-22
1.42727e-12 0 1.45188e-22
1.4337e-12 0 1.45188e-22
1.44015e-12 0 1.45188e-22
1.44664e-12 0 1.45188e-22
1.45315e-12 0 1.45188e-22
1.4597e-12 0 1.45188e-22
1.46627e-12 0 1.45188e-22
1.47288e-12 0 1.45188e-22
1.47951e-12 0 1.45188e-22
1.48617e-12 0 1.45188e-22
1.49287e-12 0 1.45188e-22
1.49959e-12 0 1.45188e-22
1.50634e-12 0 1.45188e-22
1.51313e-12 0 1.45188e-22
1.51994e-12 0 1.45188e-22
1.52679e-12 0 1.45188e-22
1.53366e-12 0 1.45188e-22
1.54057e-12 0 1.45188e-22
1.54751e-12 0 1.45188e-22
1.55448e-12 0 1.45188e-22
1.56148e-12 0 1.45188e-22
1.56851e-12 0 1.45188e-22
1.57558e-12 0 1.45188e-22
1.58267e-12 0 1.45188e-22
1.5898e-12 0 1.45188e-22
1.59696e-12 0 1.45188e-22
1.60415e-12 0 1.45188e-22
1.61138e-12 0 1.45188e-22
1.61864e-12 0 1.45188e-22
1.62592e-12 0 1.45188e-22
1.63325e-12 0 1.45188e-22
1.6406e-12 0 1.45188e-22
1.64799e-12 0 1.45188e-22
1.65541e-12 0 1.45188e-22
1.66287e-12 0 1.45188e-22
1.67036e-12 2.19392e-28 1.45188e-22
1.67788e-12 8.02982e-28 1.45187e-22
1.68544e-12 1.29519e-27 1.45187e-22
1.69303e-12 1.67612e-27 1.45185e-22
1.70065e-12 2.10379e-27 1.45184e-22
1.70831e-12 2.97661e-27 1.45182e-22
1.71601e-12 4.72471e-27 1.45179e-22
1.72374e-12 5.80212e-27 1.45174e-22
1.7315e-12 8.83118e-27 1.45168e-22
1.7393e-12 1.14229e-26 1.45159e-22
1.74713e-12 1.34016e-26 1.45148e-22
1.755e-12 1.63323e-26 1.45134e-22
1.7629e-12 1.95789e-26 1.45118e-22
1.77084e-12 2.2066e-26 1.45098e-22
1.77882e-12 2.45066e-26 1.45076e-22
1.78683e-12 2.80408e-26 1.45052e-22
1.79488e-12 3.04092e-26 1.45024e-22
1.80296e-12 3.36682e-26 1.44993e-22
1.81108e-12 3.57633e-26 1.4496e-22
1.81924e-12 3.85012e-26 1.44924e-22
1.82743e-12 4.05562e-26 1.44885e-22
1.83566e-12 4.32326e-26 1.44845e-22
1.84393e-12 4.60025e-26 1.44802e-22
1.85223e-12 4.77985e-26 1.44756e-22
1.86057e-12 5.07787e-26 1.44708e-22
1.86895e-12 5.30747e-26 1.44657e-22
1.87737e-12 5.55675e-26 1.44604e-22
1.88583e-12 5.7426e-26 1.44548e-22
1.89432e-12 6.14046e-26 1.44491e-22
1.90285e-12 6.40845e-26 1.4443e-22
1.91142e-12 6.677e-26 1.44366e-22
1.92003e-12 7.02553e-26 1.44299e-22
1.92868e-12 7.28598e-26 1.44229e-22
1.93736e-12 7.61318e-26 1.44156e-22
1.94609e-12 7.80618e-26 1.4408e-22
1.95485e-12 8.13415e-26 1.44001e-22
1.96366e-12 8.45412e-26 1.4392e-22
1.9725e-12 8.66979e-26 1.43836e-22
1.98138e-12 9.01937e-26 1.43749e-22
1.99031e-12 9.41109e-26 1.43659e-22
1.99927e-12 9.70855e-26 1.43565e-22
2.00827e-12 1.00149e-25 1.43468e-22
2.01732e-12 1.02957e-25 1.43367e-22
2.0264e-12 1.07249e-25 1.43264e-22
2.03553e-12 1.10427e-25 1.43157e-22
2.0447e-12 1.14448e-25 1.43047e-22
2.05391e-12 1.18522e-25 1.42932e-22
2.06316e-12 1.22348e-25 1.42814e-22
2.07245e-12 1.27711e-25 1.42691e-22
2.08178e-12 1.31434e-25 1.42564e-22
2.09116e-12 1.35535e-25 1.42432e-22
2.10058e-12 1.38949e-25 1.42297e-22
2.11004e-12 1.41973e-25 1.42158e-22
2.11954e-12 1.45855e-25 1.42016e-22
2.12909e-12 1.49508e-25 1.4187e-22
2.13867e-12 1.52453e-25 1.4172e-22
2.14831e-12 1.56204e-25 1.41568e-22
2.15798e-12 1.58618e-25 1.41412e-22
2.1677e-12 1.60441e-25 1.41253e-22
2.17746e-12 1.64132e-25 1.41093e-22
2.18727e-12 1.67799e-25 1.40929e-22
2.19712e-12 1.70068e-25 1.40761e-22
2.20702e-12 1.72049e-25 1.40591e-22
2.21696e-12 1.74305e-25 1.40419e-22
2.22694e-12 1.76315e-25 1.40244e-22
2.23697e-12 1.7851e-25 1.40068e-22
2.24704e-12 1.81185e-25 1.3989e-22
2.25716e-12 1.84465e-25 1.39708e-22
2.26733e-12 1.88227e-25 1.39524e-22
2.27754e-12 1.93045e-25 1.39336e-22
2.2878e-12 1.94977e-25 1.39143e-22
2.2981e-12 1.98587e-25 1.38948e-22
2.30845e-12 2.02488e-25 1.38749e-22
2.31885e-12 2.04598e-25 1.38547e-22
2.32929e-12 2.0793e-25 1.38342e-22
2.33978e-12 2.10738e-25 1.38134e-22
2.35032e-12 2.1188e-25 1.37923e-22
2.36091e-12 2.14627e-25 1.37711e-22
2.37154e-12 2.18449e-25 1.37497e-22
2.38222e-12 2.21133e-25 1.37278e-22
2.39295e-12 2.25109e-25 1.37057e-22
2.40373e-12 2.2917e-25 1.36832e-22
2.41455e-12 2.33277e-25 1.36603e-22
2.42543e-12 2.3762e-25 1.3637e-22
2.43635e-12 2.40142e-25 1.36132e-22
2.44732e-12 2.43854e-25 1.35892e-22
2.45834e-12 2.45718e-25 1.35648e-22
2.46942e-12 2.50656e-25 1.35402e-22
2.48054e-12 2.57331e-25 1.35152e-22
2.49171e-12 2.63203e-25 1.34894e-22
2.50293e-12 2.67293e-25 1.34631e-22
2.5142e-12 2.75111e-25 1.34364e-22
2.52553e-12 2.82117e-25 1.34089e-22
2.5369e-12 2.89724e-25 1.33807e-22
2.54833e-12 2.96463e-25 1.33517e-22
2.5598e-12 3.03102e-25 1.3322e-22
2.57133e-12 3.10898e-25 1.32917e-22
2.58291e-12 3.19768e-25 1.32606e-22
2.59454e-12 3.26148e-25 1.32287e-22
2.60623e-12 3.33608e-25 1.31961e-22
2.61797e-12 3.40894e-25 1.31627e-22
2.62976e-12 3.4692e-25 1.31286e-22
2.6416e-12 3.54293e-25 1.30939e-22
2.6535e-12 3.61375e-25 1.30585e-22
2.66545e-12 3.67919e-25 1.30223e-22
2.67745e-12 3.7385e-25 1.29856e-22
2.68951e-12 3.80538e-25 1.29482e-22
2.70162e-12 3.85351e-25 1.29101e-22
2.71379e-12 3.91928e-25 1.28716e-22
2.72601e-12 3.97338e-25 1.28324e-22
2.73829e-12 4.02309e-25 1.27927e-22
2.75062e-12 4.04812e-25 1.27524e-22
2.76301e-12 4.10181e-25 1.27119e-22
2.77546e-12 4.12354e-25 1.26709e-22
2.78796e-12 4.14771e-25 1.26297e-22
2.80051e-12 4.17805e-25 1.25882e-22
2.81312e-12 4.21766e-25 1.25464e-22
2.82579e-12 4.24705e-25 1.25043e-22
2.83852e-12 4.27189e-25 1.24618e-22
2.8513e-12 4.31163e-25 1.24191e-22
2.86415e-12 4.33349e-25 1.23759e-22
2.87705e-12 4.35822e-25 1.23326e-22
2.89e-12 4.39131e-25 1.2289e-22
2.90302e-12 4.41516e-25 1.22451e-22
2.91609e-12 4.43999e-25 1.2201e-22
2.92923e-12 4.4613e-25 1.21566e-22
2.94242e-12 4.48096e-25 1.2112e-22
2.95567e-12 4.52298e-25 1.20671e-22
2.96898e-12 4.56132e-25 1.20219e-22
2.98235e-12 4.60095e-25 1.19763e-22
2.99578e-12 4.64048e-25 1.19303e-22
3.00928e-12 4.67414e-25 1.18839e-22
3.02283e-12 4.69971e-25 1.18371e-22
3.03644e-12 4.73483e-25 1.17901e-22
3.05012e-12 4.76738e-25 1.17428e-22
3.06386e-12 4.79104e-25 1.16951e-22
3.07765e-12 4.81257e-25 1.16472e-22
3.09152e-12 4.82709e-25 1.15991e-22
3.10544e-12 4.86072e-25 1.15508e-22
3.11942e-12 4.87759e-25 1.15022e-22
3.13347e-12 4.9016e-25 1.14534e-22
3.14759e-12 4.9084e-25 1.14044e-22
3.16176e-12 4.92064e-25 1.13553e-22
3.176e-12 4.94268e-25 1.13061e-22
3.19031e-12 4.96927e-25 1.12567e-22
3.20467e-12 4.98196e-25 1.1207e-22
3.21911e-12 4.99504e-25 1.11572e-22
3.2336e-12 4.99761e-25 1.11072e-22
3.24817e-12 5.00657e-25 1.10573e-22
3.2628e-12 5.03066e-25 1.10072e-22
3.27749e-12 5.04219e-25 1.09569e-22
3.29225e-12 5.04082e-25 1.09065e-22
3.30708e-12 5.04609e-25 1.08561e-22
3.32197e-12 5.04867e-25 1.08056e-22
3.33693e-12 5.05255e-25 1.07551e-22
3.35196e-12 5.05839e-25 1.07046e-22
3.36706e-12 5.06086e-25 1.0654e-22
3.38222e-12 5.07366e-25 1.06034e-22
3.39746e-12 5.0815e-25 1.05527e-22
3.41276e-12 5.07901e-25 1.05018e-22
3.42813e-12 5.08328e-25 1.04511e-22
3.44357e-12 5.08838e-25 1.04002e-22
3.45908e-12 5.0912e-25 1.03493e-22
3.47465e-12 5.09098e-25 1.02984e-22
3.4903e-12 5.10509e-25 1.02475e-22
3.50602e-12 5.11335e-25 1.01965e-22
3.52181e-12 5.10838e-25 1.01453e-22
3.53767e-12 5.12685e-25 1.00942e-22
3.55361e-12 5.13286e-25 1.0043e-22
3.56961e-12 5.1322e-25 9.99165e-23
3.58569e-12 5.14613e-25 9.94033e-23
3.60184e-12 5.17153e-25 9.88886e-23
3.61806e-12 5.18628e-25 9.83715e-23
3.63435e-12 5.18141e-25 9.78529e-23
3.65072e-12 5.19827e-25 9.73347e-23
3.66716e-12 5.2132e-25 9.68149e-23
3.68368e-12 5.20776e-25 9.62936e-23
3.70027e-12 5.21667e-25 9.57728e-23
3.71693e-12 5.20485e-25 9.52511e-23
3.73367e-12 5.21068e-25 9.47306e-23
3.75049e-12 5.21168e-25 9.42096e-23
3.76738e-12 5.21705e-25 9.36884e-23
3.78435e-12 5.21573e-25 9.31667e-23
3.80139e-12 5.20445e-25 9.26451e-23
3.81851e-12 5.24897e-25 9.21247e-23
3.83571e-12 5.25117e-25 9.15998e-23
3.85298e-12 5.25772e-25 9.10747e-23
3.87034e-12 5.27349e-25 9.05489e-23
3.88777e-12 5.27439e-25 9.00216e-23
3.90528e-12 5.29637e-25 8.94941e-23
3.92286e-12 5.31016e-25 8.89645e-23
3.94053e-12 5.31532e-25 8.84335e-23
3.95828e-12 5.33044e-25 8.79019e-23
3.97611e-12 5.32775e-25 8.73689e-23
3.99401e-12 5.3274e-25 8.68361e-23
4.012e-12 5.33991e-25 8.63034e-23
4.03007e-12 5.33666e-25 8.57694e-23
4.04822e-12 5.33007e-25 8.52357e-23
4.06645e-12 5.33489e-25 8.47027e-23
4.08477e-12 5.32096e-25 8.41692e-23
4.10316e-12 5.3242e-25 8.36371e-23
4.12164e-12 5.32396e-25 8.31047e-23
4.1402e-12 5.34705e-25 8.25723e-23
4.15885e-12 5.33159e-25 8.20376e-23
4.17758e-12 5.35071e-25 8.15044e-23
4.1964e-12 5.35754e-25 8.09694e-23
4.2153e-12 5.3449e-25 8.04336e-23
4.23428e-12 5.32867e-25 7.98991e-23
4.25335e-12 5.34559e-25 7.93663e-23
4.27251e-12 5.32459e-25 7.88317e-23
4.29175e-12 5.34034e-25 7.82992e-23
4.31108e-12 5.33519e-25 7.77652e-23
4.33049e-12 5.32921e-25 7.72317e-23
4.35e-12 5.32627e-25 7.66988e-23
4.36959e-12 5.31832e-25 7.61661e-23
4.38927e-12 5.32513e-25 7.56343e-23
4.40903e-12 5.32464e-25 7.51018e-23
4.42889e-12 5.3302e-25 7.45693e-23
4.44884e-12 5.31901e-25 7.40363e-23
4.46887e-12 5.30995e-25 7.35044e-23
4.489e-12 5.29439e-25 7.29734e-23
4.50922e-12 5.27456e-25 7.2444e-23
4.52953e-12 5.2594e-25 7.19165e-23
4.54993e-12 5.25314e-25 7.13906e-23
4.57042e-12 5.23474e-25 7.08653e-23
4.591e-12 5.21146e-25 7.03418e-23
4.61168e-12 5.22507e-25 6.98206e-23
4.63245e-12 5.21192e-25 6.92981e-23
4.65331e-12 5.21644e-25 6.87769e-23
4.67427e-12 5.20483e-25 6.82553e-23
4.69532e-12 5.17231e-25 6.77348e-23
4.71647e-12 5.14967e-25 6.72176e-23
4.73771e-12 5.12998e-25 6.67026e-23
4.75904e-12 5.12816e-25 6.61896e-23
4.78048e-12 5.11881e-25 6.56768e-23
4.80201e-12 5.1013e-25 6.51649e-23
4.82363e-12 5.08554e-25 6.46548e-23
4.84536e-12 5.07748e-25 6.41462e-23
4.86718e-12 5.05434e-25 6.36385e-23
4.8891e-12 5.05505e-25 6.31331e-23
4.91112e-12 5.03478e-25 6.26276e-23
4.93324e-12 5.01903e-25 6.21241e-23
4.95546e-12 5.00687e-25 6.16222e-23
4.97777e-12 4.99416e-25 6.11215e-23
5.00019e-12 4.97949e-25 6.06221e-23
5.02271e-12 4.95621e-25 6.01241e-23
5.04533e-12 4.94381e-25 5.96285e-23
5.06806e-12 4.93604e-25 5.91341e-23
5.09088e-12 4.91549e-25 5.86405e-23
5.11381e-12 4.89233e-25 5.8149e-23
5.13684e-12 4.87749e-25 5.76597e-23
5.15997e-12 4.87049e-25 5.7172e-23
5.18321e-12 4.86496e-25 5.66849e-23
5.20656e-12 4.84152e-25 5.61984e-23
5.23001e-12 4.81662e-25 5.57143e-23
5.25356e-12 4.795e-25 5.52326e-23
5.27722e-12 4.76867e-25 5.47531e-23
5.30099e-12 4.75758e-25 5.42763e-23
5.32486e-12 4.72654e-25 5.38005e-23
5.34884e-12 4.69348e-25 5.33278e-23
5.37293e-12 4.66155e-25 5.28585e-23
5.39713e-12 4.63243e-25 5.23923e-23
5.42144e-12 4.60691e-25 5.19291e-23
5.44586e-12 4.58358e-25 5.14684e-23
5.47038e-12 4.54655e-25 5.10101e-23
5.49502e-12 4.51862e-25 5.05554e-23
5.51977e-12 4.48403e-25 5.01035e-23
5.54463e-12 4.46441e-25 4.96551e-23
5.5696e-12 4.44104e-25 4.92087e-23
5.59468e-12 4.40474e-25 4.87646e-23
5.61988e-12 4.37803e-25 4.83241e-23
5.64519e-12 4.34217e-25 4.78863e-23
5.67061e-12 4.31324e-25 4.74521e-23
5.69615e-12 4.2783e-25 4.70208e-23
5.72181e-12 4.24314e-25 4.65929e-23
5.74757e-12 4.20823e-25 4.61686e-23
5.77346e-12 4.17784e-25 4.57478e-23
5.79946e-12 4.14339e-25 4.533e-23
5.82558e-12 4.10919e-25 4.49157e-23
5.85182e-12 4.07524e-25 4.45048e-23
5.87817e-12 4.04153e-25 4.40972e-23
5.90465e-12 4.01123e-25 4.36931e-23
5.93124e-12 3.97797e-25 4.3292e-23
5.95795e-12 3.94496e-25 4.28942e-23
5.98478e-12 3.91219e-25 4.24997e-23
6.01174e-12 3.87965e-25 4.21084e-23
6.03881e-12 3.84735e-25 4.17205e-23
6.06601e-12 3.81528e-25 4.13357e-23
6.09333e-12 3.78345e-25 4.09542e-23
6.12077e-12 3.75521e-25 4.05759e-23
6.14834e-12 3.72381e-25 4.02004e-23
6.17603e-12 3.69264e-25 3.9828e-23
6.20384e-12 3.6617e-25 3.94587e-23
6.23178e-12 3.63098e-25 3.90925e-23
6.25985e-12 3.60049e-25 3.87294e-23
6.28804e-12 3.57022e-25 3.83694e-23
6.31636e-12 3.54017e-25 3.80124e-23
6.34481e-12 3.51035e-25 3.76584e-23
6.37339e-12 3.48074e-25 3.73073e-23
6.40209e-12 3.45136e-25 3.69592e-23
6.43092e-12 3.42219e-25 3.66141e-23
6.45989e-12 3.39323e-25 3.62719e-23
6.48898e-12 3.3645e-25 3.59326e-23
6.5182e-12 3.33597e-25 3.55961e-23
6.54756e-12 3.30766e-25 3.52625e-23
6.57705e-12 3.27955e-25 3.49318e-23
6.60667e-12 3.25166e-25 3.46038e-23
6.63642e-12 3.22397e-25 3.42786e-23
6.66631e-12 3.19649e-25 3.39562e-23
6.69633e-12 3.16922e-25 3.36366e-23
6.72649e-12 3.14215e-25 3.33197e-23
6.75679e-12 3.11528e-25 3.30054e-23
6.78722e-12 3.08862e-25 3.26939e-23
6.81779e-12 3.06215e-25 3.23851e-23
6.84849e-12 3.03589e-25 3.20788e-23
6.87933e-12 3.00982e-25 3.17753e-23
6.91032e-12 2.98395e-25 3.14743e-23
6.94144e-12 2.95828e-25 3.11759e-23
6.9727e-12 2.9328e-25 3.088e-23
7.0041e-12 2.90751e-25 3.05868e-23
7.03565e-12 2.88242e-25 3.0296e-23
7.06734e-12 2.85751e-25 3.00078e-23
7.09916e-12 2.8328e-25 2.9722e-23
7.13114e-12 2.80827e-25 2.94387e-23
7.16325e-12 2.78393e-25 2.91579e-23
7.19551e-12 2.75978e-25 2.88795e-23
7.22792e-12 2.73581e-25 2.86035e-23
7.26047e-12 2.71203e-25 2.833e-23
7.29317e-12 2.68842e-25 2.80588e-23
7.32602e-12 2.665e-25 2.77899e-23
7.35901e-12 2.64176e-25 2.75234e-23
7.39216e-12 2.6187e-25 2.72592e-23
7.42545e-12 2.59582e-25 2.69974e-23
7.45889e-12 2.57311e-25 2.67378e-23
7.49248e-12 2.55058e-25 2.64805e-23
7.52623e-12 2.52822e-25 2.62254e-23
7.56012e-12 2.50604e-25 2.59726e-23
7.59417e-12 2.48402e-25 2.5722e-23
7.62837e-12 2.46218e-25 2.54736e-23
7.66273e-12 2.44051e-25 2.52274e-23
7.69724e-12 2.41901e-25 2.49833e-23
7.73191e-12 2.39768e-25 2.47414e-23
7.76673e-12 2.37651e-25 2.45017e-23
7.80171e-12 2.35551e-25 2.4264e-23
7.83684e-12 2.33467e-25 2.40285e-23
7.87214e-12 2.314e-25 2.3795e-23
7.90759e-12 2.29349e-25 2.35636e-23
7.94321e-12 2.27314e-25 2.33342e-23
7.97898e-12 2.25295e-25 2.31069e-23
8.01492e-12 2.23292e-25 2.28816e-23
8.05101e-12 2.21304e-25 2.26583e-23
8.08727e-12 2.19333e-25 2.2437e-23
8.12369e-12 2.17377e-25 2.22177e-23
8.16028e-12 2.15436e-25 2.20003e-23
8.19703e-12 2.13511e-25 2.17849e-23
8.23395e-12 2.11601e-25 2.15714e-23
8.27103e-12 2.09707e-25 2.13598e-23
8.30828e-12 2.07827e-25 2.11501e-23
8.3457e-12 2.05963e-25 2.09422e-23
8.38329e-12 2.04113e-25 2.07363e-23
8.42104e-12 2.02278e-25 2.05322e-23
8.45897e-12 2.00458e-25 2.03299e-23
8.49707e-12 1.98653e-25 2.01294e-23
8.53534e-12 1.96862e-25 1.99308e-23
8.57378e-12 1.95085e-25 1.97339e-23
8.61239e-12 1.93323e-25 1.95388e-23
8.65118e-12 1.91574e-25 1.93455e-23
8.69014e-12 1.8984e-25 1.91539e-23
8.72928e-12 1.8812e-25 1.89641e-23
8.76859e-12 1.86414e-25 1.8776e-23
8.80808e-12 1.84722e-25 1.85896e-23
8.84775e-12 1.83043e-25 1.84048e-23
8.8876e-12 1.81378e-25 1.82218e-23
8.92763e-12 1.79726e-25 1.80404e-23
8.96783e-12 1.78088e-25 1.78607e-23
9.00822e-12 1.76463e-25 1.76826e-23
9.04879e-12 1.74852e-25 1.75061e-23
9.08955e-12 1.73254e-25 1.73313e-23
9.13048e-12 1.71668e-25 1.7158e-23
9.1716e-12 1.70096e-25 1.69864e-23
9.21291e-12 1.68536e-25 1.68163e-23
9.2544e-12 1.6699e-25 1.66477e-23
9.29608e-12 1.65456e-25 1.64807e-23
9.33795e-12 1.63935e-25 1.63153e-23
9.38e-12 1.62426e-25 1.61514e-23
9.42225e-12 1.60929e-25 1.59889e-23
9.46468e-12 1.59445e-25 1.5828e-23
9.50731e-12 1.57974e-25 1.56686e-23
9.55013e-12 1.56514e-25 1.55106e-23
9.59314e-12 1.55067e-25 1.53541e-23
9.63634e-12 1.53631e-25 1.5199e-23
9.67974e-12 1.52208e-25 1.50454e-23
9.72334e-12 1.50796e-25 1.48932e-23
9.76713e-12 1.49396e-25 1.47424e-23
9.81112e-12 1.48008e-25 1.4593e-23
9.8553e-12 1.46631e-25 1.4445e-23
9.89969e-12 1.45266e-25 1.42983e-23
9.94427e-12 1.43912e-25 1.41531e-23
9.98906e-12 1.42569e-25 1.40092e-23
1.0034e-11 1.41238e-25 1.38666e-23
1.00792e-11 1.39918e-25 1.37253e-23
1.01246e-11 1.38609e-25 1.35854e-23
1.01702e-11 1.37311e-25 1.34468e-23
1.0216e-11 1.36024e-25 1.33095e-23
1.0262e-11 1.34748e-25 1.31735e-23
1.03083e-11 1.33482e-25 1.30387e-23
1.03547e-11 1.32228e-25 1.29053e-23
1.04013e-11 1.30984e-25 1.2773e-23
1.04482e-11 1.2975e-25 1.2642e-23
1.04952e-11 1.28527e-25 1.25123e-23
1.05425e-11 1.27314e-25 1.23838e-23
1.059e-11 1.26112e-25 1.22565e-23
1.06377e-11 1.2492e-25 1.21303e-23
1.06856e-11 1.23738e-25 1.20054e-23
1.07337e-11 1.22566e-25 1.18817e-23
1.0782e-11 1.21404e-25 1.17591e-23
1.08306e-11 1.20252e-25 1.16377e-23
1.08794e-11 1.1911e-25 1.15175e-23
1.09284e-11 1.17978e-25 1.13983e-23
1.09776e-11 1.16855e-25 1.12804e-23
1.1027e-11 1.15742e-25 1.11635e-23
1.10767e-11 1.14639e-25 1.10478e-23
1.11266e-11 1.13545e-25 1.09331e-23
1.11767e-11 1.1246e-25 1.08196e-23
1.1227e-11 1.11385e-25 1.07071e-23
1.12776e-11 1.1032e-25 1.05957e-23
1.13284e-11 1.09263e-25 1.04854e-23
1.13794e-11 1.08215e-25 1.03762e-23
1.14307e-11 1.07177e-25 1.02679e-23
1.14821e-11 1.06148e-25 1.01608e-23
1.15338e-11 1.05127e-25 1.00546e-23
1.15858e-11 1.04116e-25 9.94949e-24
1.1638e-11 1.03113e-25 9.84538e-24
1.16904e-11 1.02119e-25 9.74227e-24
1.1743e-11 1.01134e-25 9.64015e-24
1.17959e-11 1.00157e-25 9.53901e-24
1.1849e-11 9.9189e-26 9.43885e-24
1.19024e-11 9.82294e-26 9.33967e-24
1.1956e-11 9.72781e-26 9.24144e-24
1.20099e-11 9.63352e-26 9.14416e-24
1.2064e-11 9.54006e-26 9.04782e-24
1.21183e-11 9.44742e-26 8.95242e-24
1.21729e-11 9.35559e-26 8.85795e-24
1.22277e-11 9.26458e-26 8.76439e-24
1.22828e-11 9.17437e-26 8.67175e-24
1.23381e-11 9.08496e-26 8.58e-24
1.23936e-11 8.99633e-26 8.48915e-24
1.24495e-11 8.90849e-26 8.39919e-24
1.25055e-11 8.82144e-26 8.31011e-24
1.25618e-11 8.73515e-26 8.22189e-24
1.26184e-11 8.64963e-26 8.13454e-24
1.26753e-11 8.56487e-26 8.04804e-24
1.27323e-11 8.48087e-26 7.96239e-24
1.27897e-11 8.39761e-26 7.87759e-24
1.28473e-11 8.3151e-26 7.79361e-24
1.29051e-11 8.23332e-26 7.71046e-24
1.29633e-11 8.15228e-26 7.62813e-24
1.30216e-11 8.07196e-26 7.5466e-24
1.30803e-11 7.99236e-26 7.46588e-24
1.31392e-11 7.91348e-26 7.38596e-24
1.31984e-11 7.8353e-26 7.30682e-24
1.32578e-11 7.75783e-26 7.22847e-24
1.33175e-11 7.68106e-26 7.15089e-24
1.33775e-11 7.60497e-26 7.07408e-24
1.34378e-11 7.52958e-26 6.99803e-24
1.34983e-11 7.45486e-26 6.92274e-24
1.35591e-11 7.38082e-26 6.84819e-24
1.36201e-11 7.30745e-26 6.77438e-24
1.36815e-11 7.23475e-26 6.70131e-24
1.37431e-11 7.1627e-26 6.62896e-24
1.3805e-11 7.09131e-26 6.55733e-24
1.38672e-11 7.02057e-26 6.48642e-24
1.39296e-11 6.95047e-26 6.41621e-24
1.39923e-11 6.88101e-26 6.34671e-24
1.40554e-11 6.81218e-26 6.2779e-24
1.41187e-11 6.74398e-26 6.20978e-24
1.41823e-11 6.67641e-26 6.14234e-24
1.42461e-11 6.60945e-26 6.07557e-24
1.43103e-11 6.54311e-26 6.00948e-24
1.43747e-11 6.47737e-26 5.94405e-24
1.44395e-11 6.41224e-26 5.87927e-24
1.45045e-11 6.34771e-26 5.81515e-24
1.45698e-11 6.28377e-26 5.75167e-24
1.46354e-11 6.22042e-26 5.68884e-24
1.47014e-11 6.15765e-26 5.62663e-24
1.47676e-11 6.09546e-26 5.56506e-24
1.48341e-11 6.03385e-26 5.5041e-24
1.49009e-11 5.9728e-26 5.44376e-24
1.4968e-11 5.91232e-26 5.38403e-24
1.50354e-11 5.85241e-26 5.32491e-24
1.51031e-11 5.79304e-26 5.26639e-24
1.51711e-11 5.73423e-26 5.20846e-24
1.52395e-11 5.67597e-26 5.15111e-24
1.53081e-11 5.61824e-26 5.09435e-24
1.5377e-11 5.56106e-26 5.03817e-24
1.54463e-11 5.5044e-26 4.98256e-24
1.55159e-11 5.44828e-26 4.92752e-24
1.55857e-11 5.39268e-26 4.87303e-24
1.56559e-11 5.3376e-26 4.81911e-24
1.57265e-11 5.28304e-26 4.76573e-24
1.57973e-11 5.22899e-26 4.7129e-24
1.58684e-11 5.17544e-26 4.66061e-24
1.59399e-11 5.1224e-26 4.60886e-24
1.60117e-11 5.06986e-26 4.55763e-24
1.60838e-11 5.01781e-26 4.50693e-24
1.61562e-11 4.96625e-26 4.45676e-24
1.6229e-11 4.91518e-26 4.40709e-24
1.63021e-11 4.86459e-26 4.35794e-24
1.63755e-11 4.81447e-26 4.3093e-24
1.64493e-11 4.76484e-26 4.26115e-24
1.65233e-11 4.71567e-26 4.2135e-24
1.65978e-11 4.66696e-26 4.16635e-24
1.66725e-11 4.61872e-26 4.11968e-24
1.67476e-11 4.57094e-26 4.07349e-24
1.6823e-11 4.52361e-26 4.02778e-24
1.68988e-11 4.47674e-26 3.98254e-24
1.69749e-11 4.43031e-26 3.93778e-24
1.70513e-11 4.38432e-26 3.89347e-24
1.71281e-11 4.33877e-26 3.84963e-24
1.72053e-11 4.29366e-26 3.80624e-24
1.72828e-11 4.24897e-26 3.76331e-24
1.73606e-11 4.20472e-26 3.72082e-24
1.74388e-11 4.16089e-26 3.67877e-24
1.75173e-11 4.11748e-26 3.63716e-24
1.75962e-11 4.07449e-26 3.59599e-24
1.76755e-11 4.03191e-26 3.55524e-24
1.77551e-11 3.98974e-26 3.51492e-24
1.7835e-11 3.94797e-26 3.47502e-24
1.79154e-11 3.90661e-26 3.43554e-24
1.7996e-11 3.86565e-26 3.39648e-24
1.80771e-11 3.82508e-26 3.35782e-24
1.81585e-11 3.78491e-26 3.31957e-24
1.82403e-11 3.74512e-26 3.28172e-24
1.83224e-11 3.70572e-26 3.24427e-24
1.8405e-11 3.66671e-26 3.20721e-24
1.84878e-11 3.62807e-26 3.17055e-24
1.85711e-11 3.58981e-26 3.13427e-24
1.86547e-11 3.55191e-26 3.09837e-24
1.87388e-11 3.51439e-26 3.06285e-24
1.88232e-11 3.47724e-26 3.0277e-24
1.89079e-11 3.44044e-26 2.99293e-24
1.89931e-11 3.40401e-26 2.95853e-24
1.90786e-11 3.36793e-26 2.92449e-24
1.91646e-11 3.33221e-26 2.89081e-24
1.92509e-11 3.29683e-26 2.85749e-24
1.93376e-11 3.2618e-26 2.82452e-24
1.94247e-11 3.22712e-26 2.7919e-24
1.95121e-11 3.19277e-26 2.75963e-24
1.96e-11 3.15877e-26 2.7277e-24
1.96883e-11 3.1251e-26 2.69611e-24
1.9777e-11 3.09176e-26 2.66486e-24
1.9866e-11 3.05875e-26 2.63394e-24
1.99555e-11 3.02606e-26 2.60336e-24
2.00454e-11 2.9937e-26 2.5731e-24
2.01357e-11 2.96166e-26 2.54316e-24
2.02263e-11 2.92993e-26 2.51354e-24
2.03174e-11 2.89852e-26 2.48424e-24
2.04089e-11 2.86742e-26 2.45526e-24
2.05008e-11 2.83663e-26 2.42658e-24
2.05932e-11 2.80615e-26 2.39822e-24
2.06859e-11 2.77597e-26 2.37016e-24
2.07791e-11 2.74609e-26 2.3424e-24
2.08727e-11 2.71651e-26 2.31494e-24
2.09667e-11 2.68722e-26 2.28777e-24
2.10611e-11 2.65823e-26 2.2609e-24
2.1156e-11 2.62952e-26 2.23432e-24
2.12512e-11 2.6011e-26 2.20802e-24
2.13469e-11 2.57297e-26 2.18201e-24
2.14431e-11 2.54512e-26 2.15628e-24
2.15397e-11 2.51755e-26 2.13083e-24
2.16367e-11 2.49025e-26 2.10565e-24
2.17341e-11 2.46323e-26 2.08075e-24
2.1832e-11 2.43648e-26 2.05612e-24
2.19303e-11 2.41e-26 2.03175e-24
2.20291e-11 2.38379e-26 2.00765e-24
2.21283e-11 2.35784e-26 1.98382e-24
2.2228e-11 2.33216e-26 1.96024e-24
2.23281e-11 2.30673e-26 1.93692e-24
2.24286e-11 2.28156e-26 1.91385e-24
2.25296e-11 2.25665e-26 1.89103e-24
2.26311e-11 2.23199e-26 1.86847e-24
2.2733e-11 2.20758e-26 1.84615e-24
2.28354e-11 2.18341e-26 1.82407e-24
2.29383e-11 2.15949e-26 1.80224e-24
2.30416e-11 2.13582e-26 1.78064e-24
2.31453e-11 2.11239e-26 1.75928e-24
2.32496e-11 2.08919e-26 1.73816e-24
2.33543e-11 2.06624e-26 1.71727e-24
2.34595e-11 2.04351e-26 1.69661e-24
2.35651e-11 2.02102e-26 1.67617e-24
2.36713e-11 1.99876e-26 1.65596e-24
2.37779e-11 1.97673e-26 1.63597e-24
2.3885e-11 1.95492e-26 1.61621e-24
2.39925e-11 1.93334e-26 1.59666e-24
2.41006e-11 1.91198e-26 1.57732e-24
2.42091e-11 1.89083e-26 1.5582e-24
2.43182e-11 1.86991e-26 1.53929e-24
2.44277e-11 1.8492e-26 1.5206e-24
2.45377e-11 1.82871e-26 1.5021e-24
2.46482e-11 1.80842e-26 1.48382e-24
2.47592e-11 1.78835e-26 1.46573e-24
2.48707e-11 1.76848e-26 1.44785e-24
2.49827e-11 1.74882e-26 1.43016e-24
2.50952e-11 1.72936e-26 1.41268e-24
2.52083e-11 1.7101e-26 1.39538e-24
2.53218e-11 1.69105e-26 1.37828e-24
2.54358e-11 1.67219e-26 1.36137e-24
2.55504e-11 1.65353e-26 1.34465e-24
2.56655e-11 1.63506e-26 1.32811e-24
2.57811e-11 1.61678e-26 1.31176e-24
2.58972e-11 1.59869e-26 1.2956e-24
2.60138e-11 1.5808e-26 1.27961e-24
2.6131e-11 1.56309e-26 1.2638e-24
2.62486e-11 1.54556e-26 1.24817e-24
2.63669e-11 1.52822e-26 1.23271e-24
2.64856e-11 1.51106e-26 1.21743e-24
2.66049e-11 1.49408e-26 1.20232e-24
2.67247e-11 1.47728e-26 1.18738e-24
2.68451e-11 1.46065e-26 1.17261e-24
2.6966e-11 1.4442e-26 1.158e-24
2.70874e-11 1.42792e-26 1.14356e-24
2.72094e-11 1.41181e-26 1.12928e-24
2.7332e-11 1.39587e-26 1.11516e-24
2.74551e-11 1.3801e-26 1.1012e-24
2.75787e-11 1.3645e-26 1.0874e-24
2.77029e-11 1.34906e-26 1.07376e-24
2.78277e-11 1.33378e-26 1.06027e-24
2.7953e-11 1.31867e-26 1.04693e-24
2.80789e-11 1.30372e-26 1.03374e-24
2.82054e-11 1.28892e-26 1.0207e-24
2.83324e-11 1.27428e-26 1.00782e-24
2.846e-11 1.2598e-26 9.95073e-25
2.85882e-11 1.24547e-26 9.82475e-25
2.87169e-11 1.23129e-26 9.7002e-25
2.88462e-11 1.21727e-26 9.57707e-25
2.89762e-11 1.20339e-26 9.45535e-25
2.91067e-11 1.18966e-26 9.33501e-25
2.92377e-11 1.17608e-26 9.21604e-25
2.93694e-11 1.16264e-26 9.09843e-25
2.95017e-11 1.14935e-26 8.98217e-25
2.96346e-11 1.1362e-26 8.86723e-25
2.9768e-11 1.12319e-26 8.75361e-25
2.99021e-11 1.11032e-26 8.64129e-25
3.00368e-11 1.09759e-26 8.53026e-25
3.0172e-11 1.08499e-26 8.4205e-25
3.03079e-11 1.07253e-26 8.31201e-25
3.04444e-11 1.0602e-26 8.20475e-25
3.05815e-11 1.04801e-26 8.09873e-25
3.07193e-11 1.03595e-26 7.99393e-25
3.08576e-11 1.02401e-26 7.89034e-25
3.09966e-11 1.01221e-26 7.78794e-25
3.11362e-11 1.00053e-26 7.68671e-25
3.12764e-11 9.88983e-27 7.58666e-25
3.14173e-11 9.77558e-27 7.48776e-25
3.15588e-11 9.66256e-27 7.39001e-25
3.17009e-11 9.55078e-27 7.29338e-25
3.18437e-11 9.4402e-27 7.19787e-25
3.19871e-11 9.33083e-27 7.10347e-25
3.21312e-11 9.22264e-27 7.01016e-25
3.22759e-11 9.11563e-27 6.91794e-25
3.24212e-11 9.00979e-27 6.82678e-25
3.25672e-11 8.90509e-27 6.73668e-25
3.27139e-11 8.80154e-27 6.64763e-25
3.28612e-11 8.69912e-27 6.55962e-25
3.30092e-11 8.59782e-27 6.47263e-25
3.31579e-11 8.49763e-27 6.38665e-25
3.33072e-11 8.39853e-27 6.30167e-25
3.34573e-11 8.30052e-27 6.21769e-25
3.36079e-11 8.20358e-27 6.13468e-25
3.37593e-11 8.1077e-27 6.05264e-25
3.39113e-11 8.01288e-27 5.97157e-25
3.40641e-11 7.9191e-27 5.89144e-25
3.42175e-11 7.82634e-27 5.81225e-25
3.43716e-11 7.73461e-27 5.73398e-25
3.45264e-11 7.64389e-27 5.65664e-25
3.46819e-11 7.55418e-27 5.5802e-25
3.48381e-11 7.46545e-27 5.50466e-25
3.4995e-11 7.37769e-27 5.43e-25
3.51526e-11 7.29091e-27 5.35623e-25
3.53109e-11 7.20509e-27 5.28332e-25
3.54699e-11 7.12022e-27 5.21127e-25
3.56297e-11 7.03629e-27 5.14006e-25
3.57901e-11 6.95329e-27 5.0697e-25
3.59513e-11 6.87121e-27 5.00017e-25
3.61132e-11 6.79004e-27 4.93146e-25
3.62759e-11 6.70978e-27 4.86356e-25
3.64393e-11 6.63041e-27 4.79646e-25
3.66034e-11 6.55192e-27 4.73015e-25
3.67682e-11 6.4743e-27 4.66463e-25
3.69338e-11 6.39755e-27 4.59989e-25
3.71002e-11 6.32166e-27 4.53592e-25
3.72672e-11 6.24662e-27 4.4727e-25
3.74351e-11 6.17241e-27 4.41023e-25
3.76037e-11 6.09903e-27 4.34851e-25
3.7773e-11 6.02648e-27 4.28752e-25
3.79432e-11 5.95474e-27 4.22725e-25
3.8114e-11 5.8838e-27 4.16771e-25
3.82857e-11 5.81366e-27 4.10887e-25
3.84581e-11 5.74431e-27 4.05073e-25
3.86313e-11 5.67573e-27 3.99329e-25
3.88053e-11 5.60793e-27 3.93653e-25
3.89801e-11 5.54089e-27 3.88045e-25
3.91556e-11 5.47461e-27 3.82504e-25
3.9332e-11 5.40908e-27 3.7703e-25
3.95091e-11 5.34428e-27 3.71621e-25
3.96871e-11 5.28022e-27 3.66276e-25
3.98658e-11 5.21688e-27 3.60996e-25
4.00453e-11 5.15426e-27 3.55779e-25
4.02257e-11 5.09234e-27 3.50625e-25
4.04069e-11 5.03113e-27 3.45533e-25
4.05888e-11 4.97061e-27 3.40502e-25
4.07716e-11 4.91078e-27 3.35531e-25
4.09553e-11 4.85163e-27 3.3062e-25
4.11397e-11 4.79315e-27 3.25769e-25
4.1325e-11 4.73534e-27 3.20975e-25
4.15111e-11 4.67818e-27 3.1624e-25
4.16981e-11 4.62168e-27 3.11562e-25
4.18859e-11 4.56582e-27 3.0694e-25
4.20745e-11 4.5106e-27 3.02374e-25
4.2264e-11 4.45601e-27 2.97864e-25
4.24543e-11 4.40204e-27 2.93408e-25
4.26455e-11 4.34869e-27 2.89006e-25
4.28376e-11 4.29595e-27 2.84657e-25
4.30305e-11 4.24382e-27 2.80361e-25
4.32243e-11 4.19228e-27 2.76117e-25
4.3419e-11 4.14134e-27 2.71925e-25
4.36146e-11 4.09098e-27 2.67784e-25
4.3811e-11 4.0412e-27 2.63693e-25
4.40083e-11 3.99199e-27 2.59651e-25
4.42065e-11 3.94335e-27 2.55659e-25
4.44056e-11 3.89527e-27 2.51716e-25
4.46056e-11 3.84774e-27 2.47821e-25
4.48065e-11 3.80076e-27 2.43973e-25
4.50083e-11 3.75433e-27 2.40172e-25
4.5211e-11 3.70843e-27 2.36418e-25
4.54146e-11 3.66306e-27 2.3271e-25
4.56191e-11 3.61822e-27 2.29047e-25
4.58246e-11 3.57389e-27 2.25428e-25
4.6031e-11 3.53008e-27 2.21854e-25
4.62383e-11 3.48678e-27 2.18324e-25
4.64465e-11 3.44398e-27 2.14838e-25
4.66557e-11 3.40168e-27 2.11394e-25
4.68658e-11 3.35987e-27 2.07992e-25
4.70769e-11 3.31855e-27 2.04632e-25
4.72889e-11 3.27771e-27 2.01313e-25
4.75019e-11 3.23734e-27 1.98036e-25
4.77158e-11 3.19745e-27 1.94798e-25
4.79307e-11 3.15802e-27 1.91601e-25
4.81466e-11 3.11905e-27 1.88443e-25
4.83634e-11 3.08054e-27 1.85324e-25
4.85812e-11 3.04247e-27 1.82243e-25
4.88e-11 3.00486e-27 1.79201e-25
4.90198e-11 2.96768e-27 1.76196e-25
4.92406e-11 2.93094e-27 1.73228e-25
4.94623e-11 2.89463e-27 1.70297e-25
4.96851e-11 2.85875e-27 1.67403e-25
4.99089e-11 2.82329e-27 1.64544e-25
5.01336e-11 2.78825e-27 1.61721e-25
5.03594e-11 2.75362e-27 1.58932e-25
5.05862e-11 2.71939e-27 1.56179e-25
5.08141e-11 2.68558e-27 1.53459e-25
5.10429e-11 2.65216e-27 1.50774e-25
5.12728e-11 2.61913e-27 1.48122e-25
5.15037e-11 2.58649e-27 1.45503e-25
5.17357e-11 2.55424e-27 1.42916e-25
5.19687e-11 2.52238e-27 1.40362e-25
5.22027e-11 2.49089e-27 1.3784e-25
5.24378e-11 2.45977e-27 1.35349e-25
5.2674e-11 2.42902e-27 1.32889e-25
5.29112e-11 2.39864e-27 1.3046e-25
5.31495e-11 2.36861e-27 1.28061e-25
5.33889e-11 2.33895e-27 1.25693e-25
5.36293e-11 2.30963e-27 1.23354e-25
5.38709e-11 2.28067e-27 1.21044e-25
5.41135e-11 2.25205e-27 1.18763e-25
5.43572e-11 2.22377e-27 1.16511e-25
5.4602e-11 2.19583e-27 1.14288e-25
5.48479e-11 2.16823e-27 1.12092e-25
5.50949e-11 2.14095e-27 1.09923e-25
5.53431e-11 2.114e-27 1.07782e-25
5.55923e-11 2.08737e-27 1.05668e-25
5.58427e-11 2.06106e-27 1.03581e-25
5.60942e-11 2.03507e-27 1.0152e-25
5.63468e-11 2.00938e-27 9.9485e-26
5.66006e-11 1.98401e-27 9.74756e-26
5.68555e-11 1.95894e-27 9.54916e-26
5.71116e-11 1.93417e-27 9.35327e-26
5.73688e-11 1.9097e-27 9.15985e-26
5.76272e-11 1.88552e-27 8.96888e-26
5.78867e-11 1.86164e-27 8.78033e-26
5.81474e-11 1.83804e-27 8.59416e-26
5.84093e-11 1.81473e-27 8.41036e-26
5.86723e-11 1.7917e-27 8.22889e-26
5.89366e-11 1.76895e-27 8.04972e-26
5.9202e-11 1.74647e-27 7.87282e-26
5.94686e-11 1.72426e-27 7.69817e-26
5.97365e-11 1.70233e-27 7.52575e-26
6.00055e-11 1.68065e-27 7.35552e-26
6.02758e-11 1.65924e-27 7.18745e-26
6.05472e-11 1.6381e-27 7.02153e-26
6.08199e-11 1.6172e-27 6.85772e-26
6.10938e-11 1.59656e-27 6.696e-26
6.1369e-11 1.57618e-27 6.53634e-26
6.16454e-11 1.55604e-27 6.37872e-26
6.1923e-11 1.53614e-27 6.22312e-26
6.22019e-11 1.51649e-27 6.0695e-26
6.2482e-11 1.49708e-27 5.91785e-26
6.27634e-11 1.4779e-27 5.76815e-26
6.30461e-11 1.45896e-27 5.62036e-26
6.333e-11 1.44025e-27 5.47446e-26
6.36152e-11 1.42177e-27 5.33044e-26
6.39017e-11 1.40351e-27 5.18826e-26
6.41895e-11 1.38548e-27 5.04791e-26
6.44786e-11 1.36767e-27 4.90936e-26
6.4769e-11 1.35008e-27 4.77259e-26
6.50607e-11 1.3327e-27 4.63758e-26
6.53537e-11 1.31554e-27 4.50431e-26
6.56481e-11 1.29859e-27 4.37276e-26
6.59437e-11 1.28184e-27 4.2429e-26
6.62407e-11 1.2653e-27 4.11472e-26
6.65391e-11 1.24897e-27 3.98819e-26
6.68387e-11 1.23284e-27 3.86329e-26
6.71398e-11 1.2169e-27 3.74001e-26
6.74421e-11 1.20116e-27 3.61832e-26
6.77459e-11 1.18562e-27 3.4982e-26
6.8051e-11 1.17027e-27 3.37964e-26
6.83575e-11 1.15511e-27 3.26261e-26
6.86653e-11 1.14013e-27 3.1471e-26
6.89746e-11 1.12534e-27 3.03309e-26
6.92852e-11 1.11074e-27 2.92055e-26
6.95973e-11 1.09631e-27 2.80948e-26
6.99107e-11 1.08207e-27 2.69985e-26
7.02256e-11 1.068e-27 2.59164e-26
7.05418e-11 1.05411e-27 2.48484e-26
7.08595e-11 1.04038e-27 2.37943e-26
7.11787e-11 1.02683e-27 2.27539e-26
7.14992e-11 1.01345e-27 2.17271e-26
7.18212e-11 1.00024e-27 2.07136e-26
7.21447e-11 9.87186e-28 1.97134e-26
7.24696e-11 9.74298e-28 1.87262e-26
7.2796e-11 9.61571e-28 1.77519e-26
7.31239e-11 9.49003e-28 1.67903e-26
7.34532e-11 9.36592e-28 1.58413e-26
7.3784e-11 9.24336e-28 1.49047e-26
7.41163e-11 9.12234e-28 1.39804e-26
7.44501e-11 9.00283e-28 1.30682e-26
7.47854e-11 8.88482e-28 1.21679e-26
7.51222e-11 8.76829e-28 1.12794e-26
7.54605e-11 8.65323e-28 1.04026e-26
7.58004e-11 8.53961e-28 9.53726e-27
7.61418e-11 8.42741e-28 8.6833e-27
7.64847e-11 8.31663e-28 7.84056e-27
7.68292e-11 8.20724e-28 7.0089e-27
7.71752e-11 8.09922e-28 6.18817e-27
7.75228e-11 7.99257e-28 5.37825e-27
7.78719e-11 7.88726e-28 4.57899e-27
7.82226e-11 7.78329e-28 3.79027e-27
7.85749e-11 7.68062e-28 3.01194e-27
7.89288e-11 7.57925e-28 2.24388e-27
7.92842e-11 7.47916e-28 1.48595e-27
7.96413e-11 7.38034e-28 7.38034e-28
