1e-14 0 1.57544e+11
1.0045e-14 0 1.57544e+11
1.00903e-14 0 1.57544e+11
1.01357e-14 0 1.57544e+11
1.01814e-14 0 1.57544e+11
1.02272e-14 0 1.57544e+11
1.02733e-14 0 1.57544e+11
1.03196e-14 0 1.57544e+11
1.0366e-14 0 1.57544e+11
1.04127e-14 0 1.57544e+11
1.04596e-14 0 1.57544e+11
1.05067e-14 0 1.57544e+11
1.0554e-14 0 1.57544e+11
1.06016e-14 0 1.57544e+11
1.06493e-14 0 1.57544e+11
1.06973e-14 0 1.57544e+11
1.07455e-14 0 1.57544e+11
1.07938e-14 0 1.57544e+11
1.08425e-14 0 1.57544e+11
1.08913e-14 0 1.57544e+11
1.09403e-14 0 1.57544e+11
1.09896e-14 0 1.57544e+11
1.10391e-14 0 1.57544e+11
1.10888e-14 0 1.57544e+11
1.11388e-14 0 1.57544e+11
1.11889e-14 0 1.57544e+11
1.12393e-14 0 1.57544e+11
1.12899e-14 0 1.57544e+11
1.13408e-14 0 1.57544e+11
1.13919e-14 0 1.57544e+11
1.14432e-14 0 1.57544e+11
1.14947e-14 0 1.57544e+11
1.15465e-14 0 1.57544e+11
1.15985e-14 0 1.57544e+11
1.16507e-14 0 1.57544e+11
1.17032e-14 0 1.57544e+11
1.17559e-14 0 1.57544e+11
1.18088e-14 0 1.57544e+11
1.1862e-14 0 1.57544e+11
1.19154e-14 0 1.57544e+11
1.19691e-14 0 1.57544e+11
1.2023e-14 0 1.57544e+11
1.20772e-14 0 1.57544e+11
1.21316e-14 0 1.57544e+11
1.21862e-14 0 1.57544e+11
1.22411e-14 0 1.57544e+11
1.22962e-14 0 1.57544e+11
1.23516e-14 0 1.57544e+11
1.24072e-14 0 1.57544e+11
1.24631e-14 0 1.57544e+11
1.25192e-14 0 1.57544e+11
1.25756e-14 0 1.57544e+11
1.26322e-14 0 1.57544e+11
1.26891e-14 0 1.57544e+11
1.27463e-14 0 1.57544e+11
1.28037e-14 0 1.57544e+11
1.28613e-14 0 1.57544e+11
1.29193e-14 0 1.57544e+11
1.29775e-14 0 1.57544e+11
1.30359e-14 0 1.57544e+11
1.30946e-14 0 1.57544e+11
1.31536e-14 0 1.57544e+11
1.32128e-14 0 1.57544e+11
1.32723e-14 0 1.57544e+11
1.33321e-14 0 1.57544e+11
1.33922e-14 0 1.57544e+11
1.34525e-14 0 1.57544e+11
1.35131e-14 0 1.57544e+11
1.35739e-14 0 1.57544e+11
1.3635e-14 0 1.57544e+11
1.36965e-14 0 1.57544e+11
1.37581e-14 0 1.57544e+11
1.38201e-14 0 1.57544e+11
1.38823e-14 0 1.57544e+11
1.39449e-14 0 1.57544e+11
1.40077e-14 0 1.57544e+11
1.40708e-14 0 1.57544e+11
1.41341e-14 0 1.57544e+11
1.41978e-14 0 1.57544e+11
1.42617e-14 0 1.57544e+11
1.4326e-14 0 1.57544e+11
1.43905e-14 0 1.57544e+11
1.44553e-14 0 1.57544e+11
1.45204e-14 0 1.57544e+11
1.45858e-14 0 1.57544e+11
1.46515e-14 0 1.57544e+11
1.47175e-14 0 1.57544e+11
1.47837e-14 0 1.57544e+11
1.48503e-14 0 1.57544e+11
1.49172e-14 0 1.57544e+11
1.49844e-14 0 1.57544e+11
1.50519e-14 0 1.57544e+11
1.51197e-14 0 1.57544e+11
1.51878e-14 0 1.57544e+11
1.52562e-14 0 1.57544e+11
1.53249e-14 0 1.57544e+11
1.53939e-14 0 1.57544e+11
1.54632e-14 0 1.57544e+11
1.55329e-14 0 1.57544e+11
1.56028e-14 0 1.57544e+11
1.56731e-14 0 1.57544e+11
1.57437e-14 0 1.57544e+11
1.58146e-14 0 1.57544e+11
1.58858e-14 0 1.57544e+11
1.59573e-14 0 1.57544e+11
1.60292e-14 0 1.57544e+11
1.61014e-14 0 1.57544e+11
1.61739e-14 0 1.57544e+11
1.62468e-14 0 1.57544e+11
1.63199e-14 0 1.57544e+11
1.63934e-14 0 1.57544e+11
1.64673e-14 0 1.57544e+11
1.65414e-14 0 1.57544e+11
1.66159e-14 0 1.57544e+11
1.66908e-14 0 1.57544e+11
1.67659e-14 0 1.57544e+11
1.68414e-14 0 1.57544e+11
1.69173e-14 0 1.57544e+11
1.69935e-14 0 1.57544e+11
1.707e-14 0 1.57544e+11
1.71469e-14 0 1.57544e+11
1.72241e-14 0 1.57544e+11
1.73017e-14 0 1.57544e+11
1.73796e-14 0 1.57544e+11
1.74579e-14 0 1.57544e+11
1.75365e-14 0 1.57544e+11
1.76155e-14 0 1.57544e+11
1.76948e-14 0 1.57544e+11
1.77745e-14 0 1.57544e+11
1.78546e-14 0 1.57544e+11
1.7935e-14 0 1.57544e+11
1.80158e-14 0 1.57544e+11
1.80969e-14 0 1.57544e+11
1.81784e-14 0 1.57544e+11
1.82603e-14 0 1.57544e+11
1.83425e-14 0 1.57544e+11
1.84251e-14 0 1.57544e+11
1.85081e-14 0 1.57544e+11
1.85914e-14 0 1.57544e+11
1.86752e-14 0 1.57544e+11
1.87593e-14 0 1.57544e+11
1.88438e-14 0 1.57544e+11
1.89286e-14 0 1.57544e+11
1.90139e-14 0 1.57544e+11
1.90995e-14 0 1.57544e+11
1.91855e-14 0 1.57544e+11
1.92719e-14 0 1.57544e+11
1.93587e-14 0 1.57544e+11
1.94459e-14 0 1.57544e+11
1.95335e-14 0 1.57544e+11
1.96215e-14 0 1.57544e+11
1.97098e-14 0 1.57544e+11
1.97986e-14 0 1.57544e+11
1.98878e-14 0 1.57544e+11
1.99774e-14 0 1.57544e+11
2.00673e-14 0 1.57544e+11
2.01577e-14 0 1.57544e+11
2.02485e-14 0 1.57544e+11
2.03397e-14 0 1.57544e+11
2.04313e-14 0 1.57544e+11
2.05233e-14 0 1.57544e+11
2.06157e-14 0 1.57544e+11
2.07086e-14 0 1.57544e+11
2.08018e-14 0 1.57544e+11
2.08955e-14 0 1.57544e+11
2.09896e-14 0 1.57544e+11
2.10842e-14 0 1.57544e+11
2.11791e-14 0 1.57544e+11
2.12745e-14 1.35089e-10 1.57544e+11
2.13703e-14 5.05293e-10 1.57544e+11
2.14666e-14 7.78339e-10 1.57544e+11
2.15632e-14 1.05357e-09 1.57544e+11
2.16604e-14 1.22872e-09 1.57544e+11
2.17579e-14 1.69809e-09 1.57544e+11
2.18559e-14 2.63396e-09 1.57544e+11
2.19543e-14 3.34558e-09 1.57544e+11
2.20532e-14 4.83792e-09 1.57544e+11
2.21525e-14 6.17545e-09 1.57544e+11
2.22523e-14 7.12806e-09 1.57544e+11
2.23525e-14 8.49038e-09 1.57544e+11
2.24532e-14 1.02664e-08 1.57544e+11
2.25543e-14 1.14712e-08 1.57544e+11
2.26559e-14 1.27439e-08 1.57544e+11
2.27579e-14 1.46006e-08 1.57544e+11
2.28604e-14 1.59837e-08 1.57544e+11
2.29634e-14 1.76723e-08 1.57544e+11
2.30668e-14 1.88819e-08 1.57544e+11
2.31707e-14 2.04275e-08 1.57544e+11
2.3275e-14 2.2238e-08 1.57544e+11
2.33799e-14 2.37631e-08 1.57544e+11
2.34852e-14 2.55639e-08 1.57544e+11
2.35909e-14 2.69782e-08 1.57544e+11
2.36972e-14 2.8964e-08 1.57544e+11
2.38039e-14 3.13968e-08 1.57544e+11
2.39111e-14 3.3903e-08 1.57544e+11
2.40188e-14 3.63956e-08 1.57544e+11
2.4127e-14 4.0074e-08 1.57544e+11
2.42356e-14 4.29193e-08 1.57544e+11
2.43448e-14 4.62612e-08 1.57544e+11
2.44544e-14 4.99633e-08 1.57544e+11
2.45646e-14 5.31773e-08 1.57544e+11
2.46752e-14 5.7167e-08 1.57544e+11
2.47863e-14 6.19277e-08 1.57544e+11
2.4898e-14 6.6454e-08 1.57544e+11
2.50101e-14 7.12751e-08 1.57544e+11
2.51227e-14 7.57845e-08 1.57544e+11
2.52359e-14 8.06375e-08 1.57544e+11
2.53495e-14 8.72386e-08 1.57544e+11
2.54637e-14 9.36147e-08 1.57544e+11
2.55784e-14 9.91357e-08 1.57544e+11
2.56936e-14 1.05667e-07 1.57544e+11
2.58093e-14 1.13926e-07 1.57544e+11
2.59255e-14 1.2043e-07 1.57544e+11
2.60423e-14 1.29621e-07 1.57544e+11
2.61596e-14 1.37689e-07 1.57544e+11
2.62774e-14 1.47879e-07 1.57544e+11
2.63957e-14 1.57919e-07 1.57544e+11
2.65146e-14 1.69356e-07 1.57544e+11
2.6634e-14 1.80943e-07 1.57544e+11
2.6754e-14 1.91667e-07 1.57544e+11
2.68745e-14 2.04375e-07 1.57544e+11
2.69955e-14 2.18766e-07 1.57544e+11
2.71171e-14 2.30914e-07 1.57544e+11
2.72392e-14 2.45666e-07 1.57544e+11
2.73619e-14 2.61727e-07 1.57544e+11
2.74851e-14 2.77473e-07 1.57544e+11
2.76089e-14 2.94945e-07 1.57544e+11
2.77332e-14 3.13863e-07 1.57544e+11
2.78581e-14 3.33356e-07 1.57544e+11
2.79836e-14 3.52402e-07 1.57544e+11
2.81096e-14 3.7529e-07 1.57544e+11
2.82362e-14 3.97623e-07 1.57544e+11
2.83634e-14 4.21665e-07 1.57544e+11
2.84912e-14 4.46424e-07 1.57544e+11
2.86195e-14 4.76993e-07 1.57544e+11
2.87484e-14 5.05518e-07 1.57544e+11
2.88778e-14 5.3704e-07 1.57544e+11
2.90079e-14 5.70992e-07 1.57544e+11
2.91385e-14 6.05731e-07 1.57544e+11
2.92698e-14 6.41971e-07 1.57544e+11
2.94016e-14 6.82448e-07 1.57544e+11
2.9534e-14 7.22817e-07 1.57544e+11
2.9667e-14 7.65742e-07 1.57544e+11
2.98006e-14 8.1337e-07 1.57544e+11
2.99348e-14 8.61518e-07 1.57544e+11
3.00697e-14 9.13689e-07 1.57544e+11
3.02051e-14 9.68896e-07 1.57544e+11
3.03411e-14 1.02658e-06 1.57544e+11
3.04778e-14 1.08933e-06 1.57544e+11
3.0615e-14 1.15507e-06 1.57544e+11
3.07529e-14 1.22598e-06 1.57544e+11
3.08914e-14 1.2977e-06 1.57544e+11
3.10305e-14 1.37655e-06 1.57544e+11
3.11703e-14 1.45828e-06 1.57544e+11
3.13107e-14 1.54471e-06 1.57544e+11
3.14517e-14 1.63774e-06 1.57544e+11
3.15933e-14 1.73735e-06 1.57544e+11
3.17356e-14 1.84175e-06 1.57544e+11
3.18786e-14 1.95067e-06 1.57544e+11
3.20221e-14 2.06885e-06 1.57544e+11
3.21663e-14 2.19213e-06 1.57544e+11
3.23112e-14 2.32452e-06 1.57544e+11
3.24567e-14 2.46218e-06 1.57544e+11
3.26029e-14 2.60852e-06 1.57544e+11
3.27497e-14 2.76218e-06 1.57544e+11
3.28972e-14 2.92858e-06 1.57544e+11
3.30454e-14 3.1011e-06 1.57544e+11
3.31942e-14 3.28512e-06 1.57544e+11
3.33437e-14 3.47868e-06 1.57544e+11
3.34939e-14 3.6855e-06 1.57544e+11
3.36447e-14 3.90273e-06 1.57544e+11
3.37963e-14 4.12877e-06 1.57544e+11
3.39485e-14 4.37008e-06 1.57544e+11
3.41014e-14 4.62523e-06 1.57544e+11
3.42549e-14 4.89781e-06 1.57544e+11
3.44092e-14 5.18486e-06 1.57544e+11
3.45642e-14 5.48625e-06 1.57544e+11
3.47199e-14 5.80477e-06 1.57544e+11
3.48762e-14 6.14577e-06 1.57544e+11
3.50333e-14 6.50147e-06 1.57544e+11
3.51911e-14 6.8794e-06 1.57544e+11
3.53496e-14 7.27522e-06 1.57544e+11
3.55088e-14 7.69515e-06 1.57544e+11
3.56687e-14 8.13904e-06 1.57544e+11
3.58293e-14 8.61364e-06 1.57544e+11
3.59907e-14 9.10838e-06 1.57544e+11
3.61528e-14 9.63346e-06 1.57544e+11
3.63156e-14 1.01906e-05 1.57544e+11
3.64792e-14 1.07759e-05 1.57544e+11
3.66435e-14 1.13961e-05 1.57544e+11
3.68085e-14 1.20504e-05 1.57544e+11
3.69743e-14 1.27442e-05 1.57544e+11
3.71408e-14 1.34723e-05 1.57544e+11
3.73081e-14 1.42462e-05 1.57544e+11
3.74761e-14 1.50625e-05 1.57544e+11
3.76449e-14 1.59244e-05 1.57544e+11
3.78144e-14 1.68327e-05 1.57544e+11
3.79847e-14 1.78002e-05 1.57544e+11
3.81558e-14 1.8813e-05 1.57544e+11
3.83276e-14 1.9886e-05 1.57544e+11
3.85002e-14 2.10165e-05 1.57544e+11
3.86736e-14 2.22108e-05 1.57544e+11
3.88478e-14 2.34741e-05 1.57544e+11
3.90228e-14 2.48083e-05 1.57544e+11
3.91985e-14 2.6212e-05 1.57544e+11
3.93751e-14 2.77001e-05 1.57544e+11
3.95524e-14 2.92708e-05 1.57544e+11
3.97305e-14 3.09222e-05 1.57544e+11
3.99095e-14 3.26724e-05 1.57544e+11
4.00892e-14 3.45129e-05 1.57544e+11
4.02698e-14 3.64642e-05 1.57544e+11
4.04511e-14 3.85185e-05 1.57544e+11
4.06333e-14 4.06865e-05 1.57544e+11
4.08163e-14 4.29714e-05 1.57544e+11
4.10001e-14 4.53904e-05 1.57544e+11
4.11848e-14 4.79379e-05 1.57544e+11
4.13703e-14 5.06234e-05 1.57544e+11
4.15566e-14 5.34643e-05 1.57544e+11
4.17437e-14 5.64582e-05 1.57544e+11
4.19317e-14 5.96164e-05 1.57544e+11
4.21206e-14 6.29466e-05 1.57544e+11
4.23103e-14 6.64621e-05 1.57544e+11
4.25008e-14 7.01688e-05 1.57544e+11
4.26922e-14 7.40807e-05 1.57544e+11
4.28845e-14 7.82039e-05 1.57544e+11
4.30777e-14 8.25582e-05 1.57544e+11
4.32717e-14 8.71425e-05 1.57544e+11
4.34666e-14 9.19864e-05 1.57544e+11
4.36623e-14 9.70922e-05 1.57544e+11
4.3859e-14 0.000102473 1.57544e+11
4.40565e-14 0.00010815 1.57544e+11
4.42549e-14 0.000114134 1.57544e+11
4.44542e-14 0.000120445 1.57544e+11
4.46544e-14 0.000127098 1.57544e+11
4.48555e-14 0.000134113 1.57544e+11
4.50575e-14 0.000141504 1.57544e+11
4.52605e-14 0.000149304 1.57544e+11
4.54643e-14 0.000157519 1.57544e+11
4.56691e-14 0.000166182 1.57544e+11
4.58748e-14 0.000175311 1.57544e+11
4.60814e-14 0.000184932 1.57544e+11
4.62889e-14 0.000195074 1.57544e+11
4.64974e-14 0.00020576 1.57544e+11
4.67068e-14 0.000217023 1.57544e+11
4.69171e-14 0.00022889 1.57544e+11
4.71284e-14 0.000241395 1.57544e+11
4.73407e-14 0.000254569 1.57544e+11
4.75539e-14 0.000268452 1.57544e+11
4.77681e-14 0.000283079 1.57544e+11
4.79832e-14 0.000298486 1.57544e+11
4.81993e-14 0.00031472 1.57544e+11
4.84164e-14 0.00033182 1.57544e+11
4.86344e-14 0.000349834 1.57544e+11
4.88535e-14 0.000368805 1.57544e+11
4.90735e-14 0.000388787 1.57544e+11
4.92945e-14 0.000409834 1.57544e+11
4.95165e-14 0.000431998 1.57544e+11
4.97395e-14 0.000455345 1.57544e+11
4.99635e-14 0.000479925 1.57544e+11
5.01886e-14 0.00050581 1.57544e+11
5.04146e-14 0.000533064 1.57544e+11
5.06416e-14 0.000561761 1.57544e+11
5.08697e-14 0.000591973 1.57544e+11
5.10988e-14 0.000623785 1.57544e+11
5.13289e-14 0.00065727 1.57544e+11
5.15601e-14 0.00069252 1.57544e+11
5.17923e-14 0.00072963 1.57544e+11
5.20256e-14 0.000768691 1.57544e+11
5.22599e-14 0.000809802 1.57544e+11
5.24953e-14 0.000853069 1.57544e+11
5.27317e-14 0.000898614 1.57544e+11
5.29692e-14 0.000946541 1.57544e+11
5.32077e-14 0.000996976 1.57544e+11
5.34474e-14 0.00105005 1.57544e+11
5.36881e-14 0.0011059 1.57544e+11
5.39299e-14 0.00116466 1.57544e+11
5.41728e-14 0.00122649 1.57544e+11
5.44167e-14 0.00129154 1.57544e+11
5.46618e-14 0.00135997 1.57544e+11
5.4908e-14 0.00143197 1.57544e+11
5.51553e-14 0.0015077 1.57544e+11
5.54037e-14 0.00158736 1.57544e+11
5.56532e-14 0.00167115 1.57544e+11
5.59039e-14 0.00175928 1.57544e+11
5.61556e-14 0.00185198 1.57544e+11
5.64085e-14 0.00194946 1.57544e+11
5.66626e-14 0.00205198 1.57544e+11
5.69178e-14 0.00215979 1.57544e+11
5.71741e-14 0.00227315 1.57544e+11
5.74316e-14 0.00239235 1.57544e+11
5.76903e-14 0.00251769 1.57544e+11
5.79501e-14 0.00264946 1.57544e+11
5.82111e-14 0.00278801 1.57544e+11
5.84732e-14 0.00293365 1.57544e+11
5.87366e-14 0.00308676 1.57544e+11
5.90011e-14 0.00324771 1.57544e+11
5.92668e-14 0.00341689 1.57544e+11
5.95338e-14 0.00359471 1.57544e+11
5.98019e-14 0.0037816 1.57544e+11
6.00712e-14 0.00397802 1.57544e+11
6.03418e-14 0.00418446 1.57544e+11
6.06135e-14 0.0044014 1.57544e+11
6.08865e-14 0.00462936 1.57544e+11
6.11607e-14 0.0048689 1.57544e+11
6.14362e-14 0.0051206 1.57544e+11
6.17129e-14 0.00538506 1.57544e+11
6.19908e-14 0.00566291 1.57544e+11
6.227e-14 0.00595481 1.57544e+11
6.25504e-14 0.00626145 1.57544e+11
6.28321e-14 0.00658359 1.57544e+11
6.31151e-14 0.00692197 1.57544e+11
6.33994e-14 0.00727739 1.57544e+11
6.36849e-14 0.00765071 1.57544e+11
6.39717e-14 0.0080428 1.57544e+11
6.42598e-14 0.00845458 1.57544e+11
6.45492e-14 0.00888704 1.57544e+11
6.484e-14 0.00934116 1.57544e+11
6.5132e-14 0.00981804 1.57544e+11
6.54253e-14 0.0103188 1.57544e+11
6.572e-14 0.0108445 1.57544e+11
6.6016e-14 0.0113965 1.57544e+11
6.63133e-14 0.0119761 1.57544e+11
6.66119e-14 0.0125845 1.57544e+11
6.69119e-14 0.0132232 1.57544e+11
6.72133e-14 0.0138937 1.57544e+11
6.7516e-14 0.0145975 1.57544e+11
6.78201e-14 0.0153362 1.57544e+11
6.81255e-14 0.0161115 1.57544e+11
6.84323e-14 0.0169253 1.57544e+11
6.87405e-14 0.0177793 1.57544e+11
6.90501e-14 0.0186755 1.57544e+11
6.93611e-14 0.019616 1.57544e+11
6.96735e-14 0.0206028 1.57544e+11
6.99873e-14 0.0216383 1.57544e+11
7.03025e-14 0.0227248 1.57544e+11
7.06191e-14 0.0238647 1.57544e+11
7.09371e-14 0.0250606 1.57544e+11
7.12566e-14 0.0263152 1.57544e+11
7.15775e-14 0.0276313 1.57544e+11
7.18999e-14 0.0290118 1.57544e+11
7.22237e-14 0.0304599 1.57544e+11
7.2549e-14 0.0319788 1.57544e+11
7.28757e-14 0.0335719 1.57544e+11
7.32039e-14 0.0352426 1.57544e+11
7.35336e-14 0.0369948 1.57544e+11
7.38648e-14 0.0388322 1.57544e+11
7.41975e-14 0.040759 1.57544e+11
7.45316e-14 0.0427794 1.57544e+11
7.48673e-14 0.0448978 1.57544e+11
7.52045e-14 0.0471189 1.57544e+11
7.55432e-14 0.0494476 1.57544e+11
7.58834e-14 0.0518889 1.57544e+11
7.62252e-14 0.0544482 1.57544e+11
7.65685e-14 0.0571311 1.57544e+11
7.69133e-14 0.0599433 1.57544e+11
7.72597e-14 0.0628911 1.57544e+11
7.76076e-14 0.0659806 1.57544e+11
7.79572e-14 0.0692187 1.57544e+11
7.83083e-14 0.0726124 1.57544e+11
7.86609e-14 0.0761688 1.57544e+11
7.90152e-14 0.0798956 1.57544e+11
7.93711e-14 0.0838009 1.57544e+11
7.97285e-14 0.0878929 1.57544e+11
8.00876e-14 0.0921805 1.57544e+11
8.04483e-14 0.0966727 1.57544e+11
8.08106e-14 0.101379 1.57544e+11
8.11746e-14 0.106309 1.57544e+11
8.15402e-14 0.111474 1.57544e+11
8.19074e-14 0.116885 1.57544e+11
8.22763e-14 0.122552 1.57544e+11
8.26468e-14 0.128488 1.57544e+11
8.3019e-14 0.134706 1.57544e+11
8.33929e-14 0.141217 1.57544e+11
8.37685e-14 0.148037 1.57544e+11
8.41458e-14 0.155178 1.57544e+11
8.45247e-14 0.162656 1.57544e+11
8.49054e-14 0.170487 1.57544e+11
8.52878e-14 0.178687 1.57544e+11
8.56719e-14 0.187271 1.57544e+11
8.60578e-14 0.19626 1.57544e+11
8.64453e-14 0.20567 1.57544e+11
8.68347e-14 0.215521 1.57544e+11
8.72257e-14 0.225833 1.57544e+11
8.76186e-14 0.236628 1.57544e+11
8.80132e-14 0.247927 1.57544e+11
8.84096e-14 0.259753 1.57544e+11
8.88077e-14 0.272131 1.57544e+11
8.92077e-14 0.285085 1.57544e+11
8.96095e-14 0.298642 1.57544e+11
9.00131e-14 0.312829 1.57544e+11
9.04184e-14 0.327675 1.57544e+11
9.08257e-14 0.343209 1.57544e+11
9.12347e-14 0.359463 1.57544e+11
9.16456e-14 0.376469 1.57544e+11
9.20584e-14 0.394261 1.57544e+11
9.2473e-14 0.412875 1.57544e+11
9.28894e-14 0.432347 1.57544e+11
9.33078e-14 0.452717 1.57544e+11
9.3728e-14 0.474024 1.57544e+11
9.41501e-14 0.49631 1.57544e+11
9.45742e-14 0.51962 1.57544e+11
9.50001e-14 0.544 1.57544e+11
9.54279e-14 0.569497 1.57544e+11
9.58577e-14 0.596161 1.57544e+11
9.62894e-14 0.624044 1.57544e+11
9.67231e-14 0.653201 1.57544e+11
9.71587e-14 0.683688 1.57544e+11
9.75963e-14 0.715565 1.57544e+11
9.80358e-14 0.748893 1.57544e+11
9.84774e-14 0.783736 1.57544e+11
9.89209e-14 0.820163 1.57544e+11
9.93664e-14 0.858243 1.57544e+11
9.98139e-14 0.898049 1.57544e+11
1.00263e-13 0.939657 1.57544e+11
1.00715e-13 0.983147 1.57544e+11
1.01169e-13 1.0286 1.57544e+11
1.01624e-13 1.07611 1.57544e+11
1.02082e-13 1.12576 1.57544e+11
1.02542e-13 1.17764 1.57544e+11
1.03003e-13 1.23186 1.57544e+11
1.03467e-13 1.28851 1.57544e+11
1.03933e-13 1.34771 1.57544e+11
1.04401e-13 1.40956 1.57544e+11
1.04872e-13 1.47418 1.57544e+11
1.05344e-13 1.54169 1.57544e+11
1.05818e-13 1.61221 1.57544e+11
1.06295e-13 1.68589 1.57544e+11
1.06774e-13 1.76285 1.57544e+11
1.07255e-13 1.84323 1.57544e+11
1.07738e-13 1.92719 1.57544e+11
1.08223e-13 2.01489 1.57544e+11
1.0871e-13 2.10647 1.57544e+11
1.092e-13 2.20212 1.57544e+11
1.09692e-13 2.302 1.57544e+11
1.10186e-13 2.4063 1.57544e+11
1.10682e-13 2.51521 1.57544e+11
1.1118e-13 2.62892 1.57544e+11
1.11681e-13 2.74765 1.57544e+11
1.12184e-13 2.87161 1.57544e+11
1.12689e-13 3.00102 1.57544e+11
1.13197e-13 3.13611 1.57544e+11
1.13707e-13 3.27714 1.57544e+11
1.14219e-13 3.42435 1.57544e+11
1.14733e-13 3.578 1.57544e+11
1.1525e-13 3.73837 1.57544e+11
1.15769e-13 3.90575 1.57544e+11
1.1629e-13 4.08044 1.57544e+11
1.16814e-13 4.26274 1.57544e+11
1.1734e-13 4.45298 1.57544e+11
1.17869e-13 4.65149 1.57544e+11
1.18399e-13 4.85862 1.57544e+11
1.18933e-13 5.07474 1.57544e+11
1.19468e-13 5.30024 1.57544e+11
1.20006e-13 5.53549 1.57544e+11
1.20547e-13 5.78091 1.57544e+11
1.2109e-13 6.03694 1.57544e+11
1.21635e-13 6.30401 1.57544e+11
1.22183e-13 6.5826 1.57544e+11
1.22733e-13 6.87317 1.57544e+11
1.23286e-13 7.17624 1.57544e+11
1.23841e-13 7.49232 1.57544e+11
1.24399e-13 7.82197 1.57544e+11
1.24959e-13 8.16573 1.57544e+11
1.25522e-13 8.52421 1.57544e+11
1.26087e-13 8.89802 1.57544e+11
1.26655e-13 9.28779 1.57544e+11
1.27226e-13 9.69418 1.57544e+11
1.27799e-13 10.1179 1.57544e+11
1.28374e-13 10.5596 1.57544e+11
1.28952e-13 11.0201 1.57544e+11
1.29533e-13 11.5002 1.57544e+11
1.30116e-13 12.0006 1.57544e+11
1.30702e-13 12.5222 1.57544e+11
1.31291e-13 13.0659 1.57544e+11
1.31882e-13 13.6325 1.57544e+11
1.32476e-13 14.2231 1.57544e+11
1.33073e-13 14.8385 1.57544e+11
1.33672e-13 15.4799 1.57544e+11
1.34274e-13 16.1482 1.57544e+11
1.34879e-13 16.8447 1.57544e+11
1.35487e-13 17.5703 1.57544e+11
1.36097e-13 18.3264 1.57544e+11
1.3671e-13 19.1141 1.57544e+11
1.37325e-13 19.9347 1.57544e+11
1.37944e-13 20.7896 1.57544e+11
1.38565e-13 21.6802 1.57544e+11
1.39189e-13 22.6078 1.57544e+11
1.39816e-13 23.5741 1.57544e+11
1.40446e-13 24.5805 1.57544e+11
1.41078e-13 25.6288 1.57544e+11
1.41714e-13 26.7204 1.57544e+11
1.42352e-13 27.8573 1.57544e+11
1.42993e-13 29.0412 1.57544e+11
1.43637e-13 30.2741 1.57544e+11
1.44284e-13 31.5578 1.57544e+11
1.44934e-13 32.8944 1.57544e+11
1.45586e-13 34.286 1.57544e+11
1.46242e-13 35.7349 1.57544e+11
1.46901e-13 37.2433 1.57544e+11
1.47562e-13 38.8136 1.57544e+11
1.48227e-13 40.4482 1.57544e+11
1.48894e-13 42.1496 1.57544e+11
1.49565e-13 43.9207 1.57544e+11
1.50239e-13 45.764 1.57544e+11
1.50915e-13 47.6825 1.57544e+11
1.51595e-13 49.6791 1.57544e+11
1.52278e-13 51.757 1.57544e+11
1.52963e-13 53.9193 1.57544e+11
1.53652e-13 56.1693 1.57544e+11
1.54344e-13 58.5105 1.57544e+11
1.5504e-13 60.9465 1.57544e+11
1.55738e-13 63.4809 1.57544e+11
1.56439e-13 66.1177 1.57544e+11
1.57144e-13 68.8608 1.57544e+11
1.57851e-13 71.7145 1.57544e+11
1.58562e-13 74.6829 1.57544e+11
1.59277e-13 77.7707 1.57544e+11
1.59994e-13 80.9824 1.57544e+11
1.60714e-13 84.3228 1.57544e+11
1.61438e-13 87.797 1.57544e+11
1.62165e-13 91.4101 1.57544e+11
1.62896e-13 95.1675 1.57544e+11
1.63629e-13 99.0748 1.57544e+11
1.64366e-13 103.138 1.57544e+11
1.65106e-13 107.362 1.57544e+11
1.6585e-13 111.755 1.57544e+11
1.66597e-13 116.322 1.57544e+11
1.67347e-13 121.07 1.57544e+11
1.68101e-13 126.006 1.57544e+11
1.68858e-13 131.137 1.57544e+11
1.69619e-13 136.47 1.57544e+11
1.70382e-13 142.015 1.57544e+11
1.7115e-13 147.777 1.57544e+11
1.71921e-13 153.767 1.57544e+11
1.72695e-13 159.991 1.57544e+11
1.73473e-13 166.46 1.57544e+11
1.74254e-13 173.183 1.57544e+11
1.75039e-13 180.169 1.57544e+11
1.75827e-13 187.428 1.57544e+11
1.76619e-13 194.971 1.57544e+11
1.77414e-13 202.808 1.57544e+11
1.78213e-13 210.95 1.57544e+11
1.79016e-13 219.409 1.57544e+11
1.79822e-13 228.196 1.57544e+11
1.80632e-13 237.325 1.57544e+11
1.81446e-13 246.807 1.57544e+11
1.82263e-13 256.657 1.57544e+11
1.83084e-13 266.887 1.57544e+11
1.83908e-13 277.513 1.57544e+11
1.84736e-13 288.548 1.57544e+11
1.85568e-13 300.008 1.57544e+11
1.86404e-13 311.909 1.57544e+11
1.87244e-13 324.268 1.57544e+11
1.88087e-13 337.1 1.57544e+11
1.88934e-13 350.424 1.57544e+11
1.89785e-13 364.258 1.57544e+11
1.9064e-13 378.621 1.57544e+11
1.91498e-13 393.533 1.57544e+11
1.92361e-13 409.012 1.57544e+11
1.93227e-13 425.081 1.57544e+11
1.94097e-13 441.761 1.57544e+11
1.94972e-13 459.075 1.57544e+11
1.9585e-13 477.046 1.57544e+11
1.96732e-13 495.696 1.57544e+11
1.97618e-13 515.053 1.57544e+11
1.98508e-13 535.141 1.57544e+11
1.99402e-13 555.987 1.57544e+11
2.003e-13 577.618 1.57544e+11
2.01202e-13 600.064 1.57544e+11
2.02108e-13 623.353 1.57544e+11
2.03018e-13 647.516 1.57544e+11
2.03933e-13 672.586 1.57544e+11
2.04851e-13 698.594 1.57544e+11
2.05774e-13 725.574 1.57544e+11
2.067e-13 753.561 1.57544e+11
2.07631e-13 782.593 1.57544e+11
2.08566e-13 812.707 1.57544e+11
2.09506e-13 843.939 1.57544e+11
2.10449e-13 876.332 1.57544e+11
2.11397e-13 909.927 1.57544e+11
2.12349e-13 944.766 1.57544e+11
2.13306e-13 980.895 1.57544e+11
2.14266e-13 1018.36 1.57544e+11
2.15231e-13 1057.2 1.57544e+11
2.16201e-13 1097.48 1.57544e+11
2.17174e-13 1139.24 1.57544e+11
2.18152e-13 1182.54 1.57544e+11
2.19135e-13 1227.42 1.57544e+11
2.20122e-13 1273.95 1.57544e+11
2.21113e-13 1322.18 1.57544e+11
2.22109e-13 1372.18 1.57544e+11
2.23109e-13 1424 1.57544e+11
2.24114e-13 1477.71 1.57544e+11
2.25123e-13 1533.38 1.57544e+11
2.26137e-13 1591.07 1.57544e+11
2.27156e-13 1650.86 1.57544e+11
2.28179e-13 1712.81 1.57544e+11
2.29206e-13 1777.01 1.57544e+11
2.30239e-13 1843.53 1.57544e+11
2.31276e-13 1912.46 1.57544e+11
2.32317e-13 1983.87 1.57544e+11
2.33364e-13 2057.85 1.57544e+11
2.34415e-13 2134.5 1.57544e+11
2.3547e-13 2213.89 1.57544e+11
2.36531e-13 2296.14 1.57544e+11
2.37596e-13 2381.34 1.57544e+11
2.38666e-13 2469.58 1.57544e+11
2.39741e-13 2560.97 1.57544e+11
2.40821e-13 2655.63 1.57544e+11
2.41905e-13 2753.66 1.57544e+11
2.42995e-13 2855.18 1.57544e+11
2.44089e-13 2960.3 1.57544e+11
2.45188e-13 3069.16 1.57544e+11
2.46293e-13 3181.87 1.57544e+11
2.47402e-13 3298.57 1.57544e+11
2.48516e-13 3419.4 1.57544e+11
2.49635e-13 3544.49 1.57544e+11
2.5076e-13 3674 1.57544e+11
2.51889e-13 3808.05 1.57544e+11
2.53023e-13 3946.82 1.57544e+11
2.54163e-13 4090.46 1.57544e+11
2.55308e-13 4239.13 1.57544e+11
2.56458e-13 4393.02 1.57544e+11
2.57613e-13 4552.28 1.57544e+11
2.58773e-13 4717.09 1.57544e+11
2.59938e-13 4887.65 1.57544e+11
2.61109e-13 5064.15 1.57544e+11
2.62285e-13 5246.78 1.57544e+11
2.63466e-13 5435.75 1.57544e+11
2.64653e-13 5631.27 1.57544e+11
2.65845e-13 5833.56 1.57544e+11
2.67042e-13 6042.85 1.57544e+11
2.68245e-13 6259.34 1.57544e+11
2.69453e-13 6483.31 1.57544e+11
2.70666e-13 6714.99 1.57544e+11
2.71885e-13 6954.62 1.57544e+11
2.7311e-13 7202.48 1.57544e+11
2.7434e-13 7458.84 1.57544e+11
2.75575e-13 7723.97 1.57544e+11
2.76816e-13 7998.15 1.57544e+11
2.78063e-13 8281.7 1.57544e+11
2.79315e-13 8574.91 1.57544e+11
2.80573e-13 8878.09 1.57544e+11
2.81837e-13 9191.58 1.57544e+11
2.83106e-13 9515.7 1.57544e+11
2.84381e-13 9850.8 1.57544e+11
2.85662e-13 10197.3 1.57544e+11
2.86949e-13 10555.4 1.57544e+11
2.88241e-13 10925.6 1.57544e+11
2.89539e-13 11308.3 1.57544e+11
2.90843e-13 11703.9 1.57544e+11
2.92153e-13 12112.8 1.57544e+11
2.93469e-13 12535.4 1.57544e+11
2.9479e-13 12972.1 1.57544e+11
2.96118e-13 13423.4 1.57544e+11
2.97452e-13 13889.9 1.57544e+11
2.98791e-13 14371.8 1.57544e+11
3.00137e-13 14869.8 1.57544e+11
3.01489e-13 15384.4 1.57544e+11
3.02847e-13 15916.1 1.57544e+11
3.0421e-13 16465.4 1.57544e+11
3.05581e-13 17032.8 1.57544e+11
3.06957e-13 17619.1 1.57544e+11
3.08339e-13 18224.7 1.57544e+11
3.09728e-13 18850.2 1.57544e+11
3.11123e-13 19496.3 1.57544e+11
3.12524e-13 20163.7 1.57544e+11
3.13932e-13 20852.9 1.57544e+11
3.15345e-13 21564.8 1.57544e+11
3.16766e-13 22299.9 1.57544e+11
3.18192e-13 23059.1 1.57543e+11
3.19625e-13 23842.9 1.57543e+11
3.21065e-13 24652.4 1.57543e+11
3.22511e-13 25488.1 1.57543e+11
3.23963e-13 26351 1.57543e+11
3.25422e-13 27242 1.57543e+11
3.26888e-13 28161.6 1.57543e+11
3.2836e-13 29111.1 1.57543e+11
3.29839e-13 30091.2 1.57543e+11
3.31324e-13 31102.9 1.57543e+11
3.32817e-13 32147.2 1.57543e+11
3.34316e-13 33225 1.57543e+11
3.35821e-13 34337.4 1.57543e+11
3.37334e-13 35485.4 1.57543e+11
3.38853e-13 36670.2 1.57543e+11
3.40379e-13 37892.7 1.57543e+11
3.41912e-13 39154.3 1.57543e+11
3.43452e-13 40456.1 1.57543e+11
3.44999e-13 41799.2 1.57543e+11
3.46552e-13 43185 1.57543e+11
3.48113e-13 44614.7 1.57543e+11
3.49681e-13 46089.7 1.57543e+11
3.51256e-13 47611.2 1.57543e+11
3.52838e-13 49180.7 1.57543e+11
3.54427e-13 50799.8 1.57543e+11
3.56023e-13 52469.7 1.57543e+11
3.57627e-13 54192 1.57543e+11
3.59237e-13 55968.4 1.57542e+11
3.60855e-13 57800.4 1.57542e+11
3.6248e-13 59689.7 1.57542e+11
3.64113e-13 61637.9 1.57542e+11
3.65753e-13 63646.8 1.57542e+11
3.674e-13 65718.2 1.57542e+11
3.69055e-13 67854 1.57542e+11
3.70717e-13 70056 1.57542e+11
3.72386e-13 72326.3 1.57542e+11
3.74063e-13 74666.7 1.57542e+11
3.75748e-13 77079.3 1.57542e+11
3.7744e-13 79566.3 1.57542e+11
3.7914e-13 82129.8 1.57542e+11
3.80848e-13 84772.1 1.57542e+11
3.82563e-13 87495.5 1.57542e+11
3.84286e-13 90302.4 1.57541e+11
3.86017e-13 93195 1.57541e+11
3.87755e-13 96175.9 1.57541e+11
3.89502e-13 99247.6 1.57541e+11
3.91256e-13 102413 1.57541e+11
3.93018e-13 105674 1.57541e+11
3.94788e-13 109035 1.57541e+11
3.96566e-13 112497 1.57541e+11
3.98352e-13 116063 1.57541e+11
4.00146e-13 119738 1.57541e+11
4.01948e-13 123523 1.5754e+11
4.03758e-13 127422 1.5754e+11
4.05577e-13 131439 1.5754e+11
4.07403e-13 135575 1.5754e+11
4.09238e-13 139836 1.5754e+11
4.11081e-13 144224 1.5754e+11
4.12933e-13 148743 1.5754e+11
4.14792e-13 153397 1.57539e+11
4.16661e-13 158189 1.57539e+11
4.18537e-13 163123 1.57539e+11
4.20422e-13 168204 1.57539e+11
4.22315e-13 173435 1.57539e+11
4.24217e-13 178821 1.57539e+11
4.26128e-13 184366 1.57538e+11
4.28047e-13 190074 1.57538e+11
4.29975e-13 195950 1.57538e+11
4.31911e-13 201998 1.57538e+11
4.33857e-13 208224 1.57538e+11
4.35811e-13 214632 1.57537e+11
4.37773e-13 221227 1.57537e+11
4.39745e-13 228015 1.57537e+11
4.41725e-13 235000 1.57537e+11
4.43715e-13 242188 1.57537e+11
4.45713e-13 249585 1.57536e+11
4.47721e-13 257196 1.57536e+11
4.49737e-13 265027 1.57536e+11
4.51762e-13 273084 1.57536e+11
4.53797e-13 281374 1.57535e+11
4.55841e-13 289903 1.57535e+11
4.57894e-13 298675 1.57535e+11
4.59956e-13 307700 1.57534e+11
4.62028e-13 316983 1.57534e+11
4.64108e-13 326531 1.57534e+11
4.66199e-13 336352 1.57533e+11
4.68298e-13 346453 1.57533e+11
4.70407e-13 356840 1.57533e+11
4.72526e-13 367523 1.57532e+11
4.74654e-13 378508 1.57532e+11
4.76792e-13 389804 1.57532e+11
4.78939e-13 401420 1.57531e+11
4.81096e-13 413361 1.57531e+11
4.83263e-13 425639 1.5753e+11
4.85439e-13 438263 1.5753e+11
4.87626e-13 451241 1.5753e+11
4.89822e-13 464581 1.57529e+11
4.92028e-13 478294 1.57529e+11
4.94244e-13 492390 1.57528e+11
4.9647e-13 506880 1.57528e+11
4.98705e-13 521770 1.57527e+11
5.00952e-13 537074 1.57527e+11
5.03208e-13 552803 1.57526e+11
5.05474e-13 568966 1.57526e+11
5.0775e-13 585574 1.57525e+11
5.10037e-13 602641 1.57524e+11
5.12334e-13 620179 1.57524e+11
5.14642e-13 638195 1.57523e+11
5.16959e-13 656707 1.57523e+11
5.19288e-13 675726 1.57522e+11
5.21626e-13 695261 1.57521e+11
5.23976e-13 715331 1.57521e+11
5.26336e-13 735949 1.5752e+11
5.28706e-13 757122 1.57519e+11
5.31087e-13 778872 1.57518e+11
5.33479e-13 801212 1.57518e+11
5.35882e-13 824151 1.57517e+11
5.38295e-13 847711 1.57516e+11
5.40719e-13 871906 1.57515e+11
5.43155e-13 896748 1.57514e+11
5.45601e-13 922261 1.57513e+11
5.48058e-13 948451 1.57512e+11
5.50526e-13 975344 1.57511e+11
5.53006e-13 1.00295e+06 1.5751e+11
5.55496e-13 1.0313e+06 1.57509e+11
5.57998e-13 1.0604e+06 1.57508e+11
5.60511e-13 1.09026e+06 1.57507e+11
5.63036e-13 1.12092e+06 1.57506e+11
5.65571e-13 1.15239e+06 1.57505e+11
5.68119e-13 1.18469e+06 1.57504e+11
5.70677e-13 1.21784e+06 1.57503e+11
5.73247e-13 1.25186e+06 1.57502e+11
5.75829e-13 1.28677e+06 1.575e+11
5.78422e-13 1.3226e+06 1.57499e+11
5.81027e-13 1.35936e+06 1.57498e+11
5.83644e-13 1.39708e+06 1.57496e+11
5.86273e-13 1.43578e+06 1.57495e+11
5.88913e-13 1.47548e+06 1.57494e+11
5.91566e-13 1.51623e+06 1.57492e+11
5.9423e-13 1.55801e+06 1.57491e+11
5.96906e-13 1.60088e+06 1.57489e+11
5.99594e-13 1.64485e+06 1.57487e+11
6.02295e-13 1.68996e+06 1.57486e+11
6.05007e-13 1.73622e+06 1.57484e+11
6.07732e-13 1.78367e+06 1.57482e+11
6.10469e-13 1.83232e+06 1.57481e+11
6.13218e-13 1.88223e+06 1.57479e+11
6.1598e-13 1.9334e+06 1.57477e+11
6.18754e-13 1.98588e+06 1.57475e+11
6.21541e-13 2.03968e+06 1.57473e+11
6.2434e-13 2.09485e+06 1.57471e+11
6.27152e-13 2.15142e+06 1.57469e+11
6.29977e-13 2.2094e+06 1.57467e+11
6.32814e-13 2.26886e+06 1.57464e+11
6.35664e-13 2.32979e+06 1.57462e+11
6.38527e-13 2.39227e+06 1.5746e+11
6.41403e-13 2.4563e+06 1.57457e+11
6.44291e-13 2.52193e+06 1.57455e+11
6.47193e-13 2.58921e+06 1.57452e+11
6.50108e-13 2.65814e+06 1.5745e+11
6.53036e-13 2.72879e+06 1.57447e+11
6.55977e-13 2.8012e+06 1.57444e+11
6.58931e-13 2.87539e+06 1.57442e+11
6.61899e-13 2.95142e+06 1.57439e+11
6.6488e-13 3.02931e+06 1.57436e+11
6.67874e-13 3.10911e+06 1.57433e+11
6.70882e-13 3.19089e+06 1.5743e+11
6.73903e-13 3.27464e+06 1.57427e+11
6.76938e-13 3.36045e+06 1.57423e+11
6.79987e-13 3.44837e+06 1.5742e+11
6.8305e-13 3.53839e+06 1.57416e+11
6.86126e-13 3.63061e+06 1.57413e+11
6.89216e-13 3.72508e+06 1.57409e+11
6.9232e-13 3.82181e+06 1.57406e+11
6.95438e-13 3.92088e+06 1.57402e+11
6.9857e-13 4.02234e+06 1.57398e+11
7.01716e-13 4.12623e+06 1.57394e+11
7.04877e-13 4.2326e+06 1.5739e+11
7.08051e-13 4.34153e+06 1.57385e+11
7.1124e-13 4.45306e+06 1.57381e+11
7.14443e-13 4.56722e+06 1.57377e+11
7.17661e-13 4.68411e+06 1.57372e+11
7.20893e-13 4.80378e+06 1.57367e+11
7.2414e-13 4.92627e+06 1.57363e+11
7.27401e-13 5.05164e+06 1.57358e+11
7.30677e-13 5.17997e+06 1.57353e+11
7.33968e-13 5.31134e+06 1.57347e+11
7.37273e-13 5.44576e+06 1.57342e+11
7.40594e-13 5.58332e+06 1.57337e+11
7.43929e-13 5.7241e+06 1.57331e+11
7.4728e-13 5.86818e+06 1.57325e+11
7.50645e-13 6.0156e+06 1.57319e+11
7.54026e-13 6.16641e+06 1.57313e+11
7.57422e-13 6.32073e+06 1.57307e+11
7.60833e-13 6.47862e+06 1.57301e+11
7.6426e-13 6.64016e+06 1.57295e+11
7.67702e-13 6.80538e+06 1.57288e+11
7.71159e-13 6.97438e+06 1.57281e+11
7.74632e-13 7.14726e+06 1.57274e+11
7.78121e-13 7.3241e+06 1.57267e+11
7.81625e-13 7.50498e+06 1.5726e+11
7.85146e-13 7.68996e+06 1.57252e+11
7.88682e-13 7.8791e+06 1.57244e+11
7.92234e-13 8.07252e+06 1.57237e+11
7.95802e-13 8.27033e+06 1.57228e+11
7.99386e-13 8.47259e+06 1.5722e+11
8.02986e-13 8.67941e+06 1.57212e+11
8.06602e-13 8.89087e+06 1.57203e+11
8.10235e-13 9.10701e+06 1.57194e+11
8.13884e-13 9.32797e+06 1.57185e+11
8.1755e-13 9.55385e+06 1.57176e+11
8.21232e-13 9.78476e+06 1.57166e+11
8.2493e-13 1.00208e+07 1.57156e+11
8.28645e-13 1.0262e+07 1.57146e+11
8.32377e-13 1.05086e+07 1.57136e+11
8.36126e-13 1.07606e+07 1.57126e+11
8.39892e-13 1.10181e+07 1.57115e+11
8.43674e-13 1.12812e+07 1.57104e+11
8.47474e-13 1.15501e+07 1.57093e+11
8.51291e-13 1.18248e+07 1.57081e+11
8.55125e-13 1.21055e+07 1.57069e+11
8.58976e-13 1.23923e+07 1.57057e+11
8.62845e-13 1.26852e+07 1.57045e+11
8.66731e-13 1.29845e+07 1.57032e+11
8.70634e-13 1.32903e+07 1.57019e+11
8.74555e-13 1.36026e+07 1.57006e+11
8.78494e-13 1.39215e+07 1.56992e+11
8.82451e-13 1.42473e+07 1.56978e+11
8.86425e-13 1.45801e+07 1.56964e+11
8.90417e-13 1.49198e+07 1.56949e+11
8.94427e-13 1.52668e+07 1.56934e+11
8.98455e-13 1.56211e+07 1.56919e+11
9.02502e-13 1.59828e+07 1.56904e+11
9.06566e-13 1.63522e+07 1.56888e+11
9.10649e-13 1.67292e+07 1.56871e+11
9.14751e-13 1.71142e+07 1.56854e+11
9.1887e-13 1.75072e+07 1.56837e+11
9.23009e-13 1.79084e+07 1.5682e+11
9.27166e-13 1.83179e+07 1.56802e+11
9.31341e-13 1.87359e+07 1.56784e+11
9.35536e-13 1.91625e+07 1.56765e+11
9.39749e-13 1.95978e+07 1.56746e+11
9.43982e-13 2.00422e+07 1.56726e+11
9.48233e-13 2.04956e+07 1.56706e+11
9.52504e-13 2.09582e+07 1.56686e+11
9.56793e-13 2.14303e+07 1.56665e+11
9.61103e-13 2.1912e+07 1.56643e+11
9.65431e-13 2.24034e+07 1.56621e+11
9.69779e-13 2.29046e+07 1.56599e+11
9.74147e-13 2.3416e+07 1.56576e+11
9.78534e-13 2.39376e+07 1.56553e+11
9.82941e-13 2.44697e+07 1.56529e+11
9.87368e-13 2.50124e+07 1.56504e+11
9.91815e-13 2.55659e+07 1.56479e+11
9.96282e-13 2.61303e+07 1.56454e+11
1.00077e-12 2.6706e+07 1.56427e+11
1.00528e-12 2.7293e+07 1.56401e+11
1.0098e-12 2.78916e+07 1.56373e+11
1.01435e-12 2.85019e+07 1.56346e+11
1.01892e-12 2.91242e+07 1.56317e+11
1.02351e-12 2.97586e+07 1.56288e+11
1.02812e-12 3.04054e+07 1.56258e+11
1.03275e-12 3.10646e+07 1.56228e+11
1.0374e-12 3.17364e+07 1.56197e+11
1.04207e-12 3.24213e+07 1.56165e+11
1.04676e-12 3.31193e+07 1.56133e+11
1.05148e-12 3.38307e+07 1.56099e+11
1.05621e-12 3.45558e+07 1.56066e+11
1.06097e-12 3.52947e+07 1.56031e+11
1.06575e-12 3.60476e+07 1.55996e+11
1.07055e-12 3.68147e+07 1.5596e+11
1.07537e-12 3.7596e+07 1.55923e+11
1.08021e-12 3.83921e+07 1.55885e+11
1.08508e-12 3.92032e+07 1.55847e+11
1.08997e-12 4.00295e+07 1.55808e+11
1.09487e-12 4.08713e+07 1.55768e+11
1.09981e-12 4.17288e+07 1.55727e+11
1.10476e-12 4.26016e+07 1.55685e+11
1.10973e-12 4.34907e+07 1.55642e+11
1.11473e-12 4.43961e+07 1.55599e+11
1.11975e-12 4.53183e+07 1.55555e+11
1.1248e-12 4.62574e+07 1.55509e+11
1.12986e-12 4.72135e+07 1.55463e+11
1.13495e-12 4.81865e+07 1.55416e+11
1.14006e-12 4.91773e+07 1.55368e+11
1.1452e-12 5.0186e+07 1.55318e+11
1.15035e-12 5.1213e+07 1.55268e+11
1.15553e-12 5.22584e+07 1.55217e+11
1.16074e-12 5.33218e+07 1.55165e+11
1.16597e-12 5.44043e+07 1.55111e+11
1.17122e-12 5.55062e+07 1.55057e+11
1.17649e-12 5.66278e+07 1.55002e+11
1.18179e-12 5.77685e+07 1.54945e+11
1.18711e-12 5.8929e+07 1.54887e+11
1.19246e-12 6.01101e+07 1.54828e+11
1.19783e-12 6.1312e+07 1.54768e+11
1.20323e-12 6.25344e+07 1.54707e+11
1.20864e-12 6.37774e+07 1.54644e+11
1.21409e-12 6.50421e+07 1.5458e+11
1.21956e-12 6.63288e+07 1.54515e+11
1.22505e-12 6.76372e+07 1.54449e+11
1.23057e-12 6.89672e+07 1.54381e+11
1.23611e-12 7.03202e+07 1.54312e+11
1.24167e-12 7.16965e+07 1.54242e+11
1.24727e-12 7.3095e+07 1.5417e+11
1.25288e-12 7.45168e+07 1.54097e+11
1.25853e-12 7.59628e+07 1.54023e+11
1.26419e-12 7.74333e+07 1.53947e+11
1.26989e-12 7.89265e+07 1.53869e+11
1.27561e-12 8.04449e+07 1.53791e+11
1.28135e-12 8.1989e+07 1.5371e+11
1.28712e-12 8.35572e+07 1.53628e+11
1.29292e-12 8.51507e+07 1.53545e+11
1.29874e-12 8.67709e+07 1.53459e+11
1.30459e-12 8.84168e+07 1.53373e+11
1.31047e-12 9.00882e+07 1.53284e+11
1.31637e-12 9.17873e+07 1.53194e+11
1.3223e-12 9.35135e+07 1.53102e+11
1.32825e-12 9.52655e+07 1.53009e+11
1.33424e-12 9.70463e+07 1.52914e+11
1.34024e-12 9.88553e+07 1.52817e+11
1.34628e-12 1.00691e+08 1.52718e+11
1.35234e-12 1.02556e+08 1.52617e+11
1.35843e-12 1.0445e+08 1.52514e+11
1.36455e-12 1.06372e+08 1.5241e+11
1.3707e-12 1.08325e+08 1.52304e+11
1.37687e-12 1.10307e+08 1.52195e+11
1.38307e-12 1.12318e+08 1.52085e+11
1.3893e-12 1.14361e+08 1.51973e+11
1.39556e-12 1.16433e+08 1.51858e+11
1.40184e-12 1.18536e+08 1.51742e+11
1.40816e-12 1.20673e+08 1.51623e+11
1.4145e-12 1.22837e+08 1.51503e+11
1.42087e-12 1.25036e+08 1.5138e+11
1.42727e-12 1.27266e+08 1.51255e+11
1.4337e-12 1.29527e+08 1.51127e+11
1.44015e-12 1.31824e+08 1.50998e+11
1.44664e-12 1.3415e+08 1.50866e+11
1.45315e-12 1.36512e+08 1.50732e+11
1.4597e-12 1.38907e+08 1.50595e+11
1.46627e-12 1.41334e+08 1.50457e+11
1.47288e-12 1.43799e+08 1.50315e+11
1.47951e-12 1.46293e+08 1.50171e+11
1.48617e-12 1.48825e+08 1.50025e+11
1.49287e-12 1.5139e+08 1.49876e+11
1.49959e-12 1.53991e+08 1.49725e+11
1.50634e-12 1.56629e+08 1.49571e+11
1.51313e-12 1.59299e+08 1.49414e+11
1.51994e-12 1.6201e+08 1.49255e+11
1.52679e-12 1.64751e+08 1.49093e+11
1.53366e-12 1.67532e+08 1.48928e+11
1.54057e-12 1.70348e+08 1.48761e+11
1.54751e-12 1.73202e+08 1.4859e+11
1.55448e-12 1.76093e+08 1.48417e+11
1.56148e-12 1.79019e+08 1.48241e+11
1.56851e-12 1.81986e+08 1.48062e+11
1.57558e-12 1.84987e+08 1.4788e+11
1.58267e-12 1.8803e+08 1.47695e+11
1.5898e-12 1.91105e+08 1.47507e+11
1.59696e-12 1.94226e+08 1.47316e+11
1.60415e-12 1.97377e+08 1.47122e+11
1.61138e-12 2.00574e+08 1.46924e+11
1.61864e-12 2.03802e+08 1.46724e+11
1.62592e-12 2.07077e+08 1.4652e+11
1.63325e-12 2.10383e+08 1.46313e+11
1.6406e-12 2.13735e+08 1.46103e+11
1.64799e-12 2.17119e+08 1.45889e+11
1.65541e-12 2.2055e+08 1.45672e+11
1.66287e-12 2.24013e+08 1.45451e+11
1.67036e-12 2.27523e+08 1.45227e+11
1.67788e-12 2.31064e+08 1.45e+11
1.68544e-12 2.34654e+08 1.44769e+11
1.69303e-12 2.38273e+08 1.44534e+11
1.70065e-12 2.41943e+08 1.44296e+11
1.70831e-12 2.45641e+08 1.44054e+11
1.71601e-12 2.4939e+08 1.43808e+11
1.72374e-12 2.53167e+08 1.43559e+11
1.7315e-12 2.56994e+08 1.43305e+11
1.7393e-12 2.60853e+08 1.43048e+11
1.74713e-12 2.64756e+08 1.42788e+11
1.755e-12 2.68697e+08 1.42523e+11
1.7629e-12 2.72677e+08 1.42254e+11
1.77084e-12 2.76699e+08 1.41981e+11
1.77882e-12 2.80755e+08 1.41705e+11
1.78683e-12 2.8486e+08 1.41424e+11
1.79488e-12 2.88989e+08 1.41139e+11
1.80296e-12 2.93171e+08 1.4085e+11
1.81108e-12 2.97379e+08 1.40557e+11
1.81924e-12 3.01634e+08 1.4026e+11
1.82743e-12 3.05925e+08 1.39958e+11
1.83566e-12 3.1025e+08 1.39652e+11
1.84393e-12 3.14623e+08 1.39342e+11
1.85223e-12 3.19017e+08 1.39027e+11
1.86057e-12 3.23462e+08 1.38708e+11
1.86895e-12 3.27935e+08 1.38385e+11
1.87737e-12 3.32446e+08 1.38057e+11
1.88583e-12 3.37001e+08 1.37724e+11
1.89432e-12 3.41576e+08 1.37387e+11
1.90285e-12 3.46201e+08 1.37046e+11
1.91142e-12 3.50849e+08 1.367e+11
1.92003e-12 3.55535e+08 1.36349e+11
1.92868e-12 3.60263e+08 1.35993e+11
1.93736e-12 3.65006e+08 1.35633e+11
1.94609e-12 3.69796e+08 1.35268e+11
1.95485e-12 3.74612e+08 1.34898e+11
1.96366e-12 3.79454e+08 1.34523e+11
1.9725e-12 3.84343e+08 1.34144e+11
1.98138e-12 3.89241e+08 1.3376e+11
1.99031e-12 3.94177e+08 1.3337e+11
1.99927e-12 3.99152e+08 1.32976e+11
2.00827e-12 4.0413e+08 1.32577e+11
2.01732e-12 4.09152e+08 1.32173e+11
2.0264e-12 4.14201e+08 1.31764e+11
2.03553e-12 4.19258e+08 1.3135e+11
2.0447e-12 4.24356e+08 1.3093e+11
2.05391e-12 4.29472e+08 1.30506e+11
2.06316e-12 4.34598e+08 1.30077e+11
2.07245e-12 4.39763e+08 1.29642e+11
2.08178e-12 4.44938e+08 1.29202e+11
2.09116e-12 4.50123e+08 1.28757e+11
2.10058e-12 4.55343e+08 1.28307e+11
2.11004e-12 4.60569e+08 1.27852e+11
2.11954e-12 4.658e+08 1.27391e+11
2.12909e-12 4.71063e+08 1.26925e+11
2.13867e-12 4.76332e+08 1.26454e+11
2.14831e-12 4.81596e+08 1.25978e+11
2.15798e-12 4.86887e+08 1.25496e+11
2.1677e-12 4.92192e+08 1.2501e+11
2.17746e-12 4.97472e+08 1.24517e+11
2.18727e-12 5.02776e+08 1.2402e+11
2.19712e-12 5.08101e+08 1.23517e+11
2.20702e-12 5.13388e+08 1.23009e+11
2.21696e-12 5.18687e+08 1.22496e+11
2.22694e-12 5.24003e+08 1.21977e+11
2.23697e-12 5.293e+08 1.21453e+11
2.24704e-12 5.34576e+08 1.20924e+11
2.25716e-12 5.39862e+08 1.20389e+11
2.26733e-12 5.45158e+08 1.19849e+11
2.27754e-12 5.50392e+08 1.19304e+11
2.2878e-12 5.55629e+08 1.18754e+11
2.2981e-12 5.60868e+08 1.18198e+11
2.30845e-12 5.66085e+08 1.17637e+11
2.31885e-12 5.71249e+08 1.17071e+11
2.32929e-12 5.76408e+08 1.165e+11
2.33978e-12 5.8156e+08 1.15923e+11
2.35032e-12 5.86665e+08 1.15342e+11
2.36091e-12 5.91719e+08 1.14755e+11
2.37154e-12 5.96758e+08 1.14163e+11
2.38222e-12 6.0178e+08 1.13567e+11
2.39295e-12 6.0674e+08 1.12965e+11
2.40373e-12 6.11638e+08 1.12358e+11
2.41455e-12 6.1651e+08 1.11747e+11
2.42543e-12 6.21354e+08 1.1113e+11
2.43635e-12 6.26136e+08 1.10509e+11
2.44732e-12 6.30827e+08 1.09883e+11
2.45834e-12 6.3548e+08 1.09252e+11
2.46942e-12 6.40092e+08 1.08616e+11
2.48054e-12 6.44659e+08 1.07976e+11
2.49171e-12 6.49092e+08 1.07331e+11
2.50293e-12 6.5347e+08 1.06682e+11
2.5142e-12 6.57792e+08 1.06029e+11
2.52553e-12 6.62056e+08 1.05371e+11
2.5369e-12 6.66226e+08 1.04709e+11
2.54833e-12 6.70267e+08 1.04043e+11
2.5598e-12 6.74238e+08 1.03373e+11
2.57133e-12 6.78135e+08 1.02698e+11
2.58291e-12 6.81953e+08 1.0202e+11
2.59454e-12 6.8565e+08 1.01338e+11
2.60623e-12 6.89203e+08 1.00653e+11
2.61797e-12 6.92665e+08 9.99634e+10
2.62976e-12 6.96032e+08 9.92707e+10
2.6416e-12 6.993e+08 9.85747e+10
2.6535e-12 7.02452e+08 9.78754e+10
2.66545e-12 7.05409e+08 9.71729e+10
2.67745e-12 7.08254e+08 9.64675e+10
2.68951e-12 7.10981e+08 9.57593e+10
2.70162e-12 7.13588e+08 9.50483e+10
2.71379e-12 7.16069e+08 9.43347e+10
2.72601e-12 7.1838e+08 9.36186e+10
2.73829e-12 7.20495e+08 9.29003e+10
2.75062e-12 7.22471e+08 9.21798e+10
2.76301e-12 7.24304e+08 9.14573e+10
2.77546e-12 7.2599e+08 9.0733e+10
2.78796e-12 7.27525e+08 9.0007e+10
2.80051e-12 7.28896e+08 8.92795e+10
2.81312e-12 7.30015e+08 8.85506e+10
2.82579e-12 7.30971e+08 8.78206e+10
2.83852e-12 7.31762e+08 8.70896e+10
2.8513e-12 7.32385e+08 8.63578e+10
2.86415e-12 7.32837e+08 8.56254e+10
2.87705e-12 7.33116e+08 8.48926e+10
2.89e-12 7.33218e+08 8.41595e+10
2.90302e-12 7.33044e+08 8.34263e+10
2.91609e-12 7.32693e+08 8.26932e+10
2.92923e-12 7.32165e+08 8.19605e+10
2.94242e-12 7.3146e+08 8.12284e+10
2.95567e-12 7.30578e+08 8.04969e+10
2.96898e-12 7.2952e+08 7.97663e+10
2.98235e-12 7.28289e+08 7.90368e+10
2.99578e-12 7.26885e+08 7.83085e+10
3.00928e-12 7.25234e+08 7.75816e+10
3.02283e-12 7.23403e+08 7.68564e+10
3.03644e-12 7.2141e+08 7.6133e+10
3.05012e-12 7.19259e+08 7.54116e+10
3.06386e-12 7.16955e+08 7.46923e+10
3.07765e-12 7.14501e+08 7.39754e+10
3.09152e-12 7.11901e+08 7.32609e+10
3.10544e-12 7.09161e+08 7.2549e+10
3.11942e-12 7.06286e+08 7.18398e+10
3.13347e-12 7.0328e+08 7.11335e+10
3.14759e-12 7.0009e+08 7.04303e+10
3.16176e-12 6.96764e+08 6.97302e+10
3.176e-12 6.93325e+08 6.90334e+10
3.19031e-12 6.89777e+08 6.83401e+10
3.20467e-12 6.86125e+08 6.76503e+10
3.21911e-12 6.82374e+08 6.69642e+10
3.2336e-12 6.7853e+08 6.62818e+10
3.24817e-12 6.74596e+08 6.56033e+10
3.2628e-12 6.70577e+08 6.49287e+10
3.27749e-12 6.66478e+08 6.42581e+10
3.29225e-12 6.62304e+08 6.35916e+10
3.30708e-12 6.58058e+08 6.29293e+10
3.32197e-12 6.53745e+08 6.22713e+10
3.33693e-12 6.49369e+08 6.16175e+10
3.35196e-12 6.44917e+08 6.09681e+10
3.36706e-12 6.40385e+08 6.03232e+10
3.38222e-12 6.35803e+08 5.96828e+10
3.39746e-12 6.31176e+08 5.9047e+10
3.41276e-12 6.26508e+08 5.84159e+10
3.42813e-12 6.21801e+08 5.77893e+10
3.44357e-12 6.17059e+08 5.71675e+10
3.45908e-12 6.12285e+08 5.65505e+10
3.47465e-12 6.07483e+08 5.59382e+10
3.4903e-12 6.02654e+08 5.53307e+10
3.50602e-12 5.97803e+08 5.47281e+10
3.52181e-12 5.92931e+08 5.41303e+10
3.53767e-12 5.88042e+08 5.35373e+10
3.55361e-12 5.83138e+08 5.29493e+10
3.56961e-12 5.78221e+08 5.23662e+10
3.58569e-12 5.73295e+08 5.17879e+10
3.60184e-12 5.6836e+08 5.12146e+10
3.61806e-12 5.6342e+08 5.06463e+10
3.63435e-12 5.58477e+08 5.00829e+10
3.65072e-12 5.53532e+08 4.95244e+10
3.66716e-12 5.48588e+08 4.89708e+10
3.68368e-12 5.43646e+08 4.84223e+10
3.70027e-12 5.38708e+08 4.78786e+10
3.71693e-12 5.33777e+08 4.73399e+10
3.73367e-12 5.28853e+08 4.68061e+10
3.75049e-12 5.23938e+08 4.62773e+10
3.76738e-12 5.19034e+08 4.57533e+10
3.78435e-12 5.14143e+08 4.52343e+10
3.80139e-12 5.09266e+08 4.47202e+10
3.81851e-12 5.04403e+08 4.42109e+10
3.83571e-12 4.99557e+08 4.37065e+10
3.85298e-12 4.94729e+08 4.32069e+10
3.87034e-12 4.8992e+08 4.27122e+10
3.88777e-12 4.85131e+08 4.22223e+10
3.90528e-12 4.80363e+08 4.17372e+10
3.92286e-12 4.75617e+08 4.12568e+10
3.94053e-12 4.70895e+08 4.07812e+10
3.95828e-12 4.66197e+08 4.03103e+10
3.97611e-12 4.61524e+08 3.98441e+10
3.99401e-12 4.56877e+08 3.93826e+10
4.012e-12 4.52258e+08 3.89257e+10
4.03007e-12 4.47666e+08 3.84734e+10
4.04822e-12 4.43103e+08 3.80258e+10
4.06645e-12 4.38569e+08 3.75827e+10
4.08477e-12 4.34065e+08 3.71441e+10
4.10316e-12 4.29592e+08 3.671e+10
4.12164e-12 4.25131e+08 3.62804e+10
4.1402e-12 4.20686e+08 3.58553e+10
4.15885e-12 4.16273e+08 3.54346e+10
4.17758e-12 4.11892e+08 3.50183e+10
4.1964e-12 4.07544e+08 3.46064e+10
4.2153e-12 4.03229e+08 3.41989e+10
4.23428e-12 3.98948e+08 3.37957e+10
4.25335e-12 3.94701e+08 3.33967e+10
4.27251e-12 3.90489e+08 3.3002e+10
4.29175e-12 3.86312e+08 3.26115e+10
4.31108e-12 3.82171e+08 3.22252e+10
4.33049e-12 3.78066e+08 3.18431e+10
4.35e-12 3.73998e+08 3.1465e+10
4.36959e-12 3.69966e+08 3.1091e+10
4.38927e-12 3.65972e+08 3.0721e+10
4.40903e-12 3.6199e+08 3.03551e+10
4.42889e-12 3.5802e+08 2.99931e+10
4.44884e-12 3.54087e+08 2.9635e+10
4.46887e-12 3.50192e+08 2.9281e+10
4.489e-12 3.46336e+08 2.89308e+10
4.50922e-12 3.42517e+08 2.85844e+10
4.52953e-12 3.38737e+08 2.82419e+10
4.54993e-12 3.34996e+08 2.79032e+10
4.57042e-12 3.31294e+08 2.75682e+10
4.591e-12 3.27631e+08 2.72369e+10
4.61168e-12 3.24008e+08 2.69093e+10
4.63245e-12 3.20378e+08 2.65852e+10
4.65331e-12 3.16775e+08 2.62649e+10
4.67427e-12 3.1321e+08 2.59481e+10
4.69532e-12 3.09686e+08 2.56349e+10
4.71647e-12 3.06201e+08 2.53252e+10
4.73771e-12 3.02756e+08 2.5019e+10
4.75904e-12 2.99351e+08 2.47162e+10
4.78048e-12 2.95987e+08 2.44169e+10
4.80201e-12 2.92662e+08 2.41209e+10
4.82363e-12 2.89319e+08 2.38282e+10
4.84536e-12 2.86011e+08 2.35389e+10
4.86718e-12 2.82742e+08 2.32529e+10
4.8891e-12 2.79514e+08 2.29702e+10
4.91112e-12 2.76326e+08 2.26907e+10
4.93324e-12 2.73179e+08 2.24143e+10
4.95546e-12 2.70072e+08 2.21411e+10
4.97777e-12 2.66994e+08 2.18711e+10
5.00019e-12 2.639e+08 2.16041e+10
5.02271e-12 2.60846e+08 2.13402e+10
5.04533e-12 2.57833e+08 2.10793e+10
5.06806e-12 2.5486e+08 2.08215e+10
5.09088e-12 2.51928e+08 2.05666e+10
5.11381e-12 2.49036e+08 2.03147e+10
5.13684e-12 2.4617e+08 2.00657e+10
5.15997e-12 2.43288e+08 1.98195e+10
5.18321e-12 2.40446e+08 1.95762e+10
5.20656e-12 2.37645e+08 1.93358e+10
5.23001e-12 2.34885e+08 1.90981e+10
5.25356e-12 2.32164e+08 1.88632e+10
5.27722e-12 2.29485e+08 1.86311e+10
5.30099e-12 2.26786e+08 1.84016e+10
5.32486e-12 2.24113e+08 1.81748e+10
5.34884e-12 2.21481e+08 1.79507e+10
5.37293e-12 2.18889e+08 1.77292e+10
5.39713e-12 2.16337e+08 1.75103e+10
5.42144e-12 2.13826e+08 1.7294e+10
5.44586e-12 2.1129e+08 1.70802e+10
5.47038e-12 2.08784e+08 1.68689e+10
5.49502e-12 2.06318e+08 1.66601e+10
5.51977e-12 2.03892e+08 1.64538e+10
5.54463e-12 2.01506e+08 1.62499e+10
5.5696e-12 1.99139e+08 1.60484e+10
5.59468e-12 1.96757e+08 1.58492e+10
5.61988e-12 1.94415e+08 1.56525e+10
5.64519e-12 1.92112e+08 1.54581e+10
5.67061e-12 1.89848e+08 1.52659e+10
5.69615e-12 1.87625e+08 1.50761e+10
5.72181e-12 1.85367e+08 1.48885e+10
5.74757e-12 1.83146e+08 1.47031e+10
5.77346e-12 1.80964e+08 1.452e+10
5.79946e-12 1.78822e+08 1.4339e+10
5.82558e-12 1.76719e+08 1.41602e+10
5.85182e-12 1.74585e+08 1.39835e+10
5.87817e-12 1.72483e+08 1.38089e+10
5.90465e-12 1.7042e+08 1.36364e+10
5.93124e-12 1.68396e+08 1.3466e+10
5.95795e-12 1.66405e+08 1.32976e+10
5.98478e-12 1.64382e+08 1.31312e+10
6.01174e-12 1.62398e+08 1.29668e+10
6.03881e-12 1.60452e+08 1.28044e+10
6.06601e-12 1.58545e+08 1.26439e+10
6.09333e-12 1.56643e+08 1.24854e+10
6.12077e-12 1.54736e+08 1.23287e+10
6.14834e-12 1.52867e+08 1.2174e+10
6.17603e-12 1.51036e+08 1.20211e+10
6.20384e-12 1.49244e+08 1.18701e+10
6.23178e-12 1.47416e+08 1.17209e+10
6.25985e-12 1.45623e+08 1.15734e+10
6.28804e-12 1.43867e+08 1.14278e+10
6.31636e-12 1.4215e+08 1.1284e+10
6.34481e-12 1.40422e+08 1.11418e+10
6.37339e-12 1.38703e+08 1.10014e+10
6.40209e-12 1.37022e+08 1.08627e+10
6.43092e-12 1.35379e+08 1.07257e+10
6.45989e-12 1.3374e+08 1.05903e+10
6.48898e-12 1.32094e+08 1.04565e+10
6.5182e-12 1.30486e+08 1.03244e+10
6.54756e-12 1.28916e+08 1.0194e+10
6.57705e-12 1.27355e+08 1.0065e+10
6.60667e-12 1.25782e+08 9.93769e+09
6.63642e-12 1.24247e+08 9.81191e+09
6.66631e-12 1.22747e+08 9.68766e+09
6.69633e-12 1.21256e+08 9.56491e+09
6.72649e-12 1.19755e+08 9.44366e+09
6.75679e-12 1.1829e+08 9.3239e+09
6.78722e-12 1.16862e+08 9.20561e+09
6.81779e-12 1.15431e+08 9.08875e+09
6.84849e-12 1.14001e+08 8.97332e+09
6.87933e-12 1.12607e+08 8.85932e+09
6.91032e-12 1.11248e+08 8.74671e+09
6.94144e-12 1.09871e+08 8.63546e+09
6.9727e-12 1.0851e+08 8.52559e+09
7.0041e-12 1.07185e+08 8.41708e+09
7.03565e-12 1.05892e+08 8.3099e+09
7.06734e-12 1.04564e+08 8.20401e+09
7.09916e-12 1.03273e+08 8.09944e+09
7.13114e-12 1.02016e+08 7.99617e+09
7.16325e-12 1.00762e+08 7.89415e+09
7.19551e-12 9.95036e+07 7.79339e+09
7.22792e-12 9.82797e+07 7.69389e+09
7.26047e-12 9.70909e+07 7.59561e+09
7.29317e-12 9.58711e+07 7.49852e+09
7.32602e-12 9.46798e+07 7.40264e+09
7.35901e-12 9.3523e+07 7.30796e+09
7.39216e-12 9.2369e+07 7.21444e+09
7.42545e-12 9.12101e+07 7.12207e+09
7.45889e-12 9.00853e+07 7.03086e+09
7.49248e-12 8.89915e+07 6.94078e+09
7.52623e-12 8.78649e+07 6.85179e+09
7.56012e-12 8.6772e+07 6.76392e+09
7.59417e-12 8.5713e+07 6.67715e+09
7.62837e-12 8.46389e+07 6.59144e+09
7.66273e-12 8.35778e+07 6.5068e+09
7.69724e-12 8.25502e+07 6.42322e+09
7.73191e-12 8.15272e+07 6.34067e+09
7.76673e-12 8.04977e+07 6.25914e+09
7.80171e-12 7.95013e+07 6.17864e+09
7.83684e-12 7.85252e+07 6.09914e+09
7.87214e-12 7.75272e+07 6.02062e+09
7.90759e-12 7.65619e+07 5.94309e+09
7.94321e-12 7.56287e+07 5.86653e+09
7.97898e-12 7.4662e+07 5.7909e+09
8.01492e-12 7.37277e+07 5.71624e+09
8.05101e-12 7.28259e+07 5.64251e+09
8.08727e-12 7.18982e+07 5.56968e+09
8.12369e-12 7.09946e+07 5.49779e+09
8.16028e-12 7.01233e+07 5.42679e+09
8.19703e-12 6.92321e+07 5.35667e+09
8.23395e-12 6.83592e+07 5.28744e+09
8.27103e-12 6.75181e+07 5.21908e+09
8.30828e-12 6.66603e+07 5.15156e+09
8.3457e-12 6.58178e+07 5.0849e+09
8.38329e-12 6.50069e+07 5.01908e+09
8.42104e-12 6.41795e+07 4.95407e+09
8.45897e-12 6.33673e+07 4.88989e+09
8.49707e-12 6.25863e+07 4.82653e+09
8.53534e-12 6.17867e+07 4.76394e+09
8.57378e-12 6.10047e+07 4.70215e+09
8.61239e-12 6.02535e+07 4.64115e+09
8.65118e-12 5.94792e+07 4.5809e+09
8.69014e-12 5.87271e+07 4.52142e+09
8.72928e-12 5.80055e+07 4.46269e+09
8.76859e-12 5.72542e+07 4.40468e+09
8.80808e-12 5.65318e+07 4.34743e+09
8.84775e-12 5.5832e+07 4.2909e+09
8.8876e-12 5.51093e+07 4.23507e+09
8.92763e-12 5.44164e+07 4.17996e+09
8.96783e-12 5.37351e+07 4.12554e+09
9.00822e-12 5.3042e+07 4.0718e+09
9.04879e-12 5.23784e+07 4.01876e+09
9.08955e-12 5.17138e+07 3.96638e+09
9.13048e-12 5.10502e+07 3.91467e+09
9.1716e-12 5.04157e+07 3.86362e+09
9.21291e-12 4.97662e+07 3.8132e+09
9.2544e-12 4.91317e+07 3.76344e+09
9.29608e-12 4.85241e+07 3.71431e+09
9.33795e-12 4.789e+07 3.66578e+09
9.38e-12 4.72845e+07 3.61789e+09
9.42225e-12 4.66886e+07 3.57061e+09
9.46468e-12 4.60835e+07 3.52392e+09
9.50731e-12 4.55067e+07 3.47784e+09
9.55013e-12 4.49212e+07 3.43233e+09
9.59314e-12 4.43449e+07 3.38741e+09
9.63634e-12 4.37955e+07 3.34306e+09
9.67974e-12 4.32201e+07 3.29927e+09
9.72334e-12 4.26723e+07 3.25605e+09
9.76713e-12 4.21307e+07 3.21338e+09
9.81112e-12 4.15838e+07 3.17124e+09
9.8553e-12 4.10642e+07 3.12966e+09
9.89969e-12 4.05291e+07 3.0886e+09
9.94427e-12 4.00105e+07 3.04807e+09
9.98906e-12 3.95068e+07 3.00806e+09
1.0034e-11 3.89895e+07 2.96855e+09
1.00792e-11 3.84989e+07 2.92956e+09
1.01246e-11 3.79996e+07 2.89106e+09
1.01702e-11 3.75103e+07 2.85306e+09
1.0216e-11 3.70395e+07 2.81555e+09
1.0262e-11 3.65517e+07 2.77851e+09
1.03083e-11 3.60901e+07 2.74196e+09
1.03547e-11 3.56218e+07 2.70587e+09
1.04013e-11 3.51618e+07 2.67025e+09
1.04482e-11 3.47194e+07 2.63509e+09
1.04952e-11 3.42612e+07 2.60037e+09
1.05425e-11 3.38285e+07 2.56611e+09
1.059e-11 3.3387e+07 2.53228e+09
1.06377e-11 3.29562e+07 2.49889e+09
1.06856e-11 3.25382e+07 2.46593e+09
1.07337e-11 3.21095e+07 2.4334e+09
1.0782e-11 3.17058e+07 2.40129e+09
1.08306e-11 3.12873e+07 2.36958e+09
1.08794e-11 3.08856e+07 2.33829e+09
1.09284e-11 3.04886e+07 2.30741e+09
1.09776e-11 3.00891e+07 2.27692e+09
1.1027e-11 2.97124e+07 2.24683e+09
1.10767e-11 2.93155e+07 2.21712e+09
1.11266e-11 2.89427e+07 2.1878e+09
1.11767e-11 2.85637e+07 2.15886e+09
1.1227e-11 2.81933e+07 2.1303e+09
1.12776e-11 2.78328e+07 2.1021e+09
1.13284e-11 2.74651e+07 2.07427e+09
1.13794e-11 2.71211e+07 2.04681e+09
1.14307e-11 2.67572e+07 2.01968e+09
1.14821e-11 2.64157e+07 1.99293e+09
1.15338e-11 2.60689e+07 1.96651e+09
1.15858e-11 2.57301e+07 1.94044e+09
1.1638e-11 2.53995e+07 1.91471e+09
1.16904e-11 2.50636e+07 1.88931e+09
1.1743e-11 2.47481e+07 1.86425e+09
1.17959e-11 2.44153e+07 1.8395e+09
1.1849e-11 2.41052e+07 1.81509e+09
1.19024e-11 2.37847e+07 1.79098e+09
1.1956e-11 2.34776e+07 1.7672e+09
1.20099e-11 2.31711e+07 1.74372e+09
1.2064e-11 2.28671e+07 1.72055e+09
1.21183e-11 2.25738e+07 1.69768e+09
1.21729e-11 2.22731e+07 1.67511e+09
1.22277e-11 2.19924e+07 1.65283e+09
1.22828e-11 2.16951e+07 1.63084e+09
1.23381e-11 2.14195e+07 1.60915e+09
1.23936e-11 2.11325e+07 1.58773e+09
1.24495e-11 2.08601e+07 1.56659e+09
1.25055e-11 2.05848e+07 1.54573e+09
1.25618e-11 2.03158e+07 1.52515e+09
1.26184e-11 2.00515e+07 1.50483e+09
1.26753e-11 1.97861e+07 1.48478e+09
1.27323e-11 1.9532e+07 1.465e+09
1.27897e-11 1.92703e+07 1.44546e+09
1.28473e-11 1.90261e+07 1.42619e+09
1.29051e-11 1.87681e+07 1.40717e+09
1.29633e-11 1.85307e+07 1.3884e+09
1.30216e-11 1.82791e+07 1.36987e+09
1.30803e-11 1.80452e+07 1.35159e+09
1.31392e-11 1.78028e+07 1.33354e+09
1.31984e-11 1.75726e+07 1.31574e+09
1.32578e-11 1.73389e+07 1.29817e+09
1.33175e-11 1.71125e+07 1.28083e+09
1.33775e-11 1.68869e+07 1.26372e+09
1.34378e-11 1.66644e+07 1.24683e+09
1.34983e-11 1.64465e+07 1.23017e+09
1.35591e-11 1.6228e+07 1.21372e+09
1.36201e-11 1.60174e+07 1.19749e+09
1.36815e-11 1.5803e+07 1.18147e+09
1.37431e-11 1.55993e+07 1.16567e+09
1.3805e-11 1.53889e+07 1.15007e+09
1.38672e-11 1.51918e+07 1.13468e+09
1.39296e-11 1.49856e+07 1.11949e+09
1.39923e-11 1.47947e+07 1.10451e+09
1.40554e-11 1.45927e+07 1.08971e+09
1.41187e-11 1.44076e+07 1.07512e+09
1.41823e-11 1.42099e+07 1.06071e+09
1.42461e-11 1.40304e+07 1.0465e+09
1.43103e-11 1.3837e+07 1.03247e+09
1.43747e-11 1.36616e+07 1.01863e+09
1.44395e-11 1.34737e+07 1.00497e+09
1.45045e-11 1.33024e+07 9.91498e+08
1.45698e-11 1.31196e+07 9.78195e+08
1.46354e-11 1.29526e+07 9.65076e+08
1.47014e-11 1.27747e+07 9.52123e+08
1.47676e-11 1.26119e+07 9.39348e+08
1.48341e-11 1.24387e+07 9.26736e+08
1.49009e-11 1.22801e+07 9.14298e+08
1.4968e-11 1.21113e+07 9.02018e+08
1.50354e-11 1.1957e+07 8.89906e+08
1.51031e-11 1.17924e+07 8.77949e+08
1.51711e-11 1.16423e+07 8.66157e+08
1.52395e-11 1.14816e+07 8.54515e+08
1.53081e-11 1.13359e+07 8.43033e+08
1.5377e-11 1.1179e+07 8.31697e+08
1.54463e-11 1.10374e+07 8.20518e+08
1.55159e-11 1.08841e+07 8.09481e+08
1.55857e-11 1.07457e+07 7.98597e+08
1.56559e-11 1.05969e+07 7.87851e+08
1.57265e-11 1.04614e+07 7.77254e+08
1.57973e-11 1.03172e+07 7.66793e+08
1.58684e-11 1.01845e+07 7.56475e+08
1.59399e-11 1.00449e+07 7.46291e+08
1.60117e-11 9.91477e+06 7.36246e+08
1.60838e-11 9.77966e+06 7.26331e+08
1.61562e-11 9.65202e+06 7.16551e+08
1.6229e-11 9.52145e+06 7.06899e+08
1.63021e-11 9.39612e+06 6.97378e+08
1.63755e-11 9.27008e+06 6.87982e+08
1.64493e-11 9.14693e+06 6.78712e+08
1.65233e-11 9.02542e+06 6.69565e+08
1.65978e-11 8.9043e+06 6.60539e+08
1.66725e-11 8.78732e+06 6.51635e+08
1.67476e-11 8.6681e+06 6.42848e+08
1.6823e-11 8.55564e+06 6.3418e+08
1.68988e-11 8.4382e+06 6.25624e+08
1.69749e-11 8.33024e+06 6.17186e+08
1.70513e-11 8.21447e+06 6.08856e+08
1.71281e-11 8.10992e+06 6.00641e+08
1.72053e-11 7.99679e+06 5.92531e+08
1.72828e-11 7.89359e+06 5.84534e+08
1.73606e-11 7.78503e+06 5.76641e+08
1.74388e-11 7.68308e+06 5.68856e+08
1.75173e-11 7.57909e+06 5.61173e+08
1.75962e-11 7.47829e+06 5.53594e+08
1.76755e-11 7.37884e+06 5.46115e+08
1.77551e-11 7.2791e+06 5.38737e+08
1.7835e-11 7.18418e+06 5.31457e+08
1.79154e-11 7.08541e+06 5.24273e+08
1.7996e-11 6.99501e+06 5.17188e+08
1.80771e-11 6.89712e+06 5.10193e+08
1.81585e-11 6.80865e+06 5.03296e+08
1.82403e-11 6.71412e+06 4.96487e+08
1.83224e-11 6.62632e+06 4.89773e+08
1.8405e-11 6.53633e+06 4.83147e+08
1.84878e-11 6.44912e+06 4.7661e+08
1.85711e-11 6.36365e+06 4.70161e+08
1.86547e-11 6.27696e+06 4.63798e+08
1.87388e-11 6.19598e+06 4.57521e+08
1.88232e-11 6.10974e+06 4.51325e+08
1.89079e-11 6.03179e+06 4.45215e+08
1.89931e-11 5.94739e+06 4.39183e+08
1.90786e-11 5.86972e+06 4.33236e+08
1.91646e-11 5.78981e+06 4.27366e+08
1.92509e-11 5.71237e+06 4.21576e+08
1.93376e-11 5.63692e+06 4.15864e+08
1.94247e-11 5.55966e+06 4.10227e+08
1.95121e-11 5.48866e+06 4.04667e+08
1.96e-11 5.41151e+06 3.99179e+08
1.96883e-11 5.34172e+06 3.93767e+08
1.9777e-11 5.26783e+06 3.88425e+08
1.9866e-11 5.19805e+06 3.83157e+08
1.99555e-11 5.12857e+06 3.77959e+08
2.00454e-11 5.05873e+06 3.72831e+08
2.01357e-11 4.99365e+06 3.67772e+08
2.02263e-11 4.9237e+06 3.62778e+08
2.03174e-11 4.86041e+06 3.57855e+08
2.04089e-11 4.79289e+06 3.52994e+08
2.05008e-11 4.72941e+06 3.48201e+08
2.05932e-11 4.66623e+06 3.43472e+08
2.06859e-11 4.60251e+06 3.38806e+08
2.07791e-11 4.54367e+06 3.34203e+08
2.08727e-11 4.47965e+06 3.2966e+08
2.09667e-11 4.42172e+06 3.2518e+08
2.10611e-11 4.36078e+06 3.20758e+08
2.1156e-11 4.30249e+06 3.16397e+08
2.12512e-11 4.24584e+06 3.12095e+08
2.13469e-11 4.18714e+06 3.07849e+08
2.14431e-11 4.13404e+06 3.03662e+08
2.15397e-11 4.07562e+06 2.99528e+08
2.16367e-11 4.02207e+06 2.95452e+08
2.17341e-11 3.96788e+06 2.9143e+08
2.1832e-11 3.91383e+06 2.87462e+08
2.19303e-11 3.86385e+06 2.83549e+08
2.20291e-11 3.80927e+06 2.79685e+08
2.21283e-11 3.75984e+06 2.75875e+08
2.2228e-11 3.70834e+06 2.72116e+08
2.23281e-11 3.65834e+06 2.68407e+08
2.24286e-11 3.61099e+06 2.64749e+08
2.25296e-11 3.56038e+06 2.61138e+08
2.26311e-11 3.51456e+06 2.57578e+08
2.2733e-11 3.46591e+06 2.54063e+08
2.28354e-11 3.41946e+06 2.50597e+08
2.29383e-11 3.3749e+06 2.47178e+08
2.30416e-11 3.32777e+06 2.43803e+08
2.31453e-11 3.28509e+06 2.40475e+08
2.32496e-11 3.23945e+06 2.3719e+08
2.33543e-11 3.19608e+06 2.3395e+08
2.34595e-11 3.15446e+06 2.30754e+08
2.35651e-11 3.11035e+06 2.276e+08
2.36713e-11 3.07042e+06 2.2449e+08
2.37779e-11 3.02789e+06 2.21419e+08
2.3885e-11 2.9872e+06 2.18391e+08
2.39925e-11 2.94863e+06 2.15404e+08
2.41006e-11 2.90717e+06 2.12455e+08
2.42091e-11 2.86961e+06 2.09548e+08
2.43182e-11 2.83028e+06 2.06679e+08
2.44277e-11 2.79194e+06 2.03848e+08
2.45377e-11 2.75651e+06 2.01056e+08
2.46482e-11 2.71734e+06 1.983e+08
2.47592e-11 2.68184e+06 1.95583e+08
2.48707e-11 2.64578e+06 1.92901e+08
2.49827e-11 2.60946e+06 1.90255e+08
2.50952e-11 2.57657e+06 1.87645e+08
2.52083e-11 2.54005e+06 1.85069e+08
2.53218e-11 2.50633e+06 1.82529e+08
2.54358e-11 2.47359e+06 1.80023e+08
2.55504e-11 2.43901e+06 1.77549e+08
2.56655e-11 2.40768e+06 1.7511e+08
2.57811e-11 2.37458e+06 1.72702e+08
2.58972e-11 2.34239e+06 1.70328e+08
2.60138e-11 2.313e+06 1.67985e+08
2.6131e-11 2.27992e+06 1.65672e+08
2.62486e-11 2.24993e+06 1.63392e+08
2.63669e-11 2.22025e+06 1.61142e+08
2.64856e-11 2.18937e+06 1.58922e+08
2.66049e-11 2.16139e+06 1.56733e+08
2.67247e-11 2.13155e+06 1.54571e+08
2.68451e-11 2.1027e+06 1.5244e+08
2.6966e-11 2.07646e+06 1.50337e+08
2.70874e-11 2.04668e+06 1.48261e+08
2.72094e-11 2.01968e+06 1.46214e+08
2.7332e-11 1.99334e+06 1.44194e+08
2.74551e-11 1.96543e+06 1.42201e+08
2.75787e-11 1.94013e+06 1.40236e+08
2.77029e-11 1.91378e+06 1.38295e+08
2.78277e-11 1.88759e+06 1.36382e+08
2.7953e-11 1.86386e+06 1.34494e+08
2.80789e-11 1.83761e+06 1.3263e+08
2.82054e-11 1.81299e+06 1.30793e+08
2.83324e-11 1.79017e+06 1.2898e+08
2.846e-11 1.76463e+06 1.27189e+08
2.85882e-11 1.74146e+06 1.25425e+08
2.87169e-11 1.71877e+06 1.23683e+08
2.88462e-11 1.69469e+06 1.21965e+08
2.89762e-11 1.67286e+06 1.2027e+08
2.91067e-11 1.65036e+06 1.18597e+08
2.92377e-11 1.62763e+06 1.16947e+08
2.93694e-11 1.60703e+06 1.15319e+08
2.95017e-11 1.5848e+06 1.13712e+08
2.96346e-11 1.56331e+06 1.12127e+08
2.9768e-11 1.54384e+06 1.10564e+08
2.99021e-11 1.52194e+06 1.0902e+08
3.00368e-11 1.5016e+06 1.07498e+08
3.0172e-11 1.48293e+06 1.05997e+08
3.03079e-11 1.46166e+06 1.04514e+08
3.04444e-11 1.44238e+06 1.03052e+08
3.05815e-11 1.42404e+06 1.0161e+08
3.07193e-11 1.40384e+06 1.00186e+08
3.08576e-11 1.38553e+06 9.87817e+07
3.09966e-11 1.36757e+06 9.73962e+07
3.11362e-11 1.34836e+06 9.60286e+07
3.12764e-11 1.33094e+06 9.46802e+07
3.14173e-11 1.31342e+06 9.33493e+07
3.15588e-11 1.29512e+06 9.20359e+07
3.17009e-11 1.27853e+06 9.07408e+07
3.18437e-11 1.26148e+06 8.94622e+07
3.19871e-11 1.24402e+06 8.82007e+07
3.21312e-11 1.22819e+06 8.69567e+07
3.22759e-11 1.21166e+06 8.57285e+07
3.24212e-11 1.19496e+06 8.45169e+07
3.25672e-11 1.17983e+06 8.33219e+07
3.27139e-11 1.16385e+06 8.21421e+07
3.28612e-11 1.14787e+06 8.09782e+07
3.30092e-11 1.13338e+06 7.98304e+07
3.31579e-11 1.11798e+06 7.8697e+07
3.33072e-11 1.10265e+06 7.7579e+07
3.34573e-11 1.08876e+06 7.64764e+07
3.36079e-11 1.07396e+06 7.53876e+07
3.37593e-11 1.05924e+06 7.43136e+07
3.39113e-11 1.0459e+06 7.32544e+07
3.40641e-11 1.03173e+06 7.22085e+07
3.42175e-11 1.01756e+06 7.11768e+07
3.43716e-11 1.00472e+06 7.01592e+07
3.45264e-11 991197 6.91545e+07
3.46819e-11 977543 6.81633e+07
3.48381e-11 965162 6.71857e+07
3.4995e-11 952311 6.62206e+07
3.51526e-11 939126 6.52683e+07
3.53109e-11 927168 6.43292e+07
3.54699e-11 915003 6.3402e+07
3.56297e-11 902249 6.2487e+07
3.57901e-11 890680 6.15847e+07
3.59513e-11 879216 6.06941e+07
3.61132e-11 866856 5.98148e+07
3.62759e-11 855642 5.8948e+07
3.64393e-11 844892 5.80923e+07
3.66034e-11 832892 5.72474e+07
3.67682e-11 822003 5.64146e+07
3.69338e-11 811978 5.55926e+07
3.71002e-11 800308 5.47806e+07
3.72672e-11 789714 5.39803e+07
3.74351e-11 780115 5.31905e+07
3.76037e-11 769054 5.24104e+07
3.7773e-11 758729 5.16414e+07
3.79432e-11 749370 5.08827e+07
3.8114e-11 739087 5.01333e+07
3.82857e-11 729005 4.93942e+07
3.84581e-11 719862 4.86652e+07
3.86313e-11 710362 4.79453e+07
3.88053e-11 700498 4.7235e+07
3.89801e-11 691550 4.65345e+07
3.91556e-11 682839 4.58429e+07
3.9332e-11 673171 4.51601e+07
3.95091e-11 664397 4.44869e+07
3.96871e-11 656447 4.38225e+07
3.98658e-11 646985 4.31661e+07
4.00453e-11 638365 4.25191e+07
4.02257e-11 630551 4.18807e+07
4.04069e-11 621905 4.12502e+07
4.05888e-11 613420 4.06283e+07
4.07716e-11 605724 4.00148e+07
4.09553e-11 597898 3.94091e+07
4.11397e-11 589529 3.88112e+07
4.1325e-11 581936 3.82217e+07
4.15111e-11 574932 3.76398e+07
4.16981e-11 566662 3.70648e+07
4.18859e-11 559154 3.64982e+07
4.20745e-11 552349 3.5939e+07
4.2264e-11 544789 3.53867e+07
4.24543e-11 537351 3.48419e+07
4.26455e-11 530606 3.43045e+07
4.28376e-11 523881 3.37739e+07
4.30305e-11 516499 3.325e+07
4.32243e-11 509800 3.27335e+07
4.3419e-11 503729 3.22237e+07
4.36146e-11 496572 3.172e+07
4.3811e-11 489905 3.12234e+07
4.40083e-11 483860 3.07335e+07
4.42065e-11 477545 3.02497e+07
4.44056e-11 470898 2.97721e+07
4.46056e-11 464867 2.93012e+07
4.48065e-11 459396 2.88363e+07
4.50083e-11 452756 2.8377e+07
4.5211e-11 446726 2.79242e+07
4.54146e-11 441259 2.74775e+07
4.56191e-11 435456 2.70362e+07
4.58246e-11 429416 2.66008e+07
4.6031e-11 423935 2.61713e+07
4.62383e-11 418971 2.57474e+07
4.64465e-11 412918 2.53284e+07
4.66557e-11 407413 2.49155e+07
4.68658e-11 402421 2.45081e+07
4.70769e-11 397212 2.41057e+07
4.72889e-11 391672 2.37085e+07
4.75019e-11 386644 2.33168e+07
4.77158e-11 382089 2.29302e+07
4.79307e-11 376695 2.25481e+07
4.81466e-11 371620 2.21714e+07
4.83634e-11 367019 2.17998e+07
4.85812e-11 362466 2.14327e+07
4.88e-11 357335 2.10703e+07
4.90198e-11 352677 2.07129e+07
4.92406e-11 348455 2.03603e+07
4.94623e-11 343771 2.00118e+07
4.96851e-11 339048 1.9668e+07
4.99089e-11 334762 1.9329e+07
5.01336e-11 330881 1.89942e+07
5.03594e-11 326118 1.86633e+07
5.05862e-11 321759 1.83372e+07
5.08141e-11 317807 1.80155e+07
5.10429e-11 313874 1.76977e+07
5.12728e-11 309432 1.73838e+07
5.15037e-11 305400 1.70743e+07
5.17357e-11 301746 1.67689e+07
5.19687e-11 297771 1.64672e+07
5.22027e-11 293650 1.61694e+07
5.24378e-11 289911 1.58758e+07
5.2674e-11 286523 1.55859e+07
5.29112e-11 282544 1.52993e+07
5.31495e-11 278711 1.50168e+07
5.33889e-11 275234 1.47381e+07
5.36293e-11 272073 1.44629e+07
5.38709e-11 268137 1.41908e+07
5.41135e-11 264562 1.39227e+07
5.43572e-11 261320 1.36581e+07
5.4602e-11 258180 1.33968e+07
5.48479e-11 254498 1.31386e+07
5.50949e-11 251154 1.28841e+07
5.53431e-11 248124 1.26329e+07
5.55923e-11 245034 1.23848e+07
5.58427e-11 241580 1.21398e+07
5.60942e-11 238444 1.18982e+07
5.63468e-11 235602 1.16598e+07
5.66006e-11 232589 1.14242e+07
5.68555e-11 229340 1.11916e+07
5.71116e-11 226391 1.09622e+07
5.73688e-11 223718 1.07358e+07
5.76272e-11 220805 1.05121e+07
5.78867e-11 217739 1.02913e+07
5.81474e-11 214957 1.00736e+07
5.84093e-11 212436 9.85861e+06
5.86723e-11 209643 9.64618e+06
5.89366e-11 206742 9.43653e+06
5.9202e-11 204109 9.22979e+06
5.94686e-11 201724 9.02568e+06
5.97365e-11 199069 8.82396e+06
6.00055e-11 196315 8.62489e+06
6.02758e-11 193816 8.42857e+06
6.05472e-11 191552 8.23476e+06
6.08199e-11 189050 8.04321e+06
6.10938e-11 186429 7.85416e+06
6.1369e-11 184049 7.66773e+06
6.16454e-11 181893 7.48368e+06
6.1923e-11 179559 7.30178e+06
6.22019e-11 177055 7.12223e+06
6.2482e-11 174782 6.94517e+06
6.27634e-11 172723 6.77039e+06
6.30461e-11 170568 6.59767e+06
6.333e-11 168169 6.4271e+06
6.36152e-11 165991 6.25893e+06
6.39017e-11 164017 6.09294e+06
6.41895e-11 162052 5.92892e+06
6.44786e-11 159746 5.76687e+06
6.4769e-11 157652 5.60712e+06
6.50607e-11 155753 5.44947e+06
6.53537e-11 153989 5.29372e+06
6.56481e-11 151765 5.13973e+06
6.59437e-11 149745 4.98797e+06
6.62407e-11 147913 4.83822e+06
6.65391e-11 146254 4.69031e+06
6.68387e-11 144206 4.54405e+06
6.71398e-11 142250 4.39985e+06
6.74421e-11 140477 4.2576e+06
6.77459e-11 138870 4.11712e+06
6.8051e-11 137049 3.97825e+06
6.83575e-11 135150 3.8412e+06
6.86653e-11 133427 3.70605e+06
6.89746e-11 131866 3.57262e+06
6.92852e-11 130279 3.44076e+06
6.95973e-11 128429 3.31048e+06
6.99107e-11 126748 3.18205e+06
7.02256e-11 125225 3.0553e+06
7.05418e-11 123847 2.93008e+06
7.08595e-11 122069 2.80623e+06
7.11787e-11 120425 2.68416e+06
7.14992e-11 118934 2.56374e+06
7.18212e-11 117584 2.4448e+06
7.21447e-11 116058 2.32722e+06
7.24696e-11 114444 2.21116e+06
7.2796e-11 112979 2.09672e+06
7.31239e-11 111652 1.98374e+06
7.34532e-11 110382 1.87209e+06
7.3784e-11 108792 1.7617e+06
7.41163e-11 107348 1.65291e+06
7.44501e-11 106038 1.54556e+06
7.47854e-11 104853 1.43953e+06
7.51222e-11 103456 1.33467e+06
7.54605e-11 102028 1.23122e+06
7.58004e-11 100731 1.12919e+06
7.61418e-11 99556.6 1.02846e+06
7.64847e-11 98427 928902
7.68292e-11 97008.7 830475
7.71752e-11 95720.5 733466
7.75228e-11 94552.4 637746
7.78719e-11 93494.8 543194
7.82226e-11 92280.6 449699
7.85749e-11 90996.1 357418
7.89288e-11 89830.2 266422
7.92842e-11 88773.7 176592
7.96413e-11 87818.1 87818.1
