1e-14 0 7.04666e+11
1.0045e-14 0 7.04666e+11
1.00903e-14 0 7.04666e+11
1.01357e-14 0 7.04666e+11
1.01814e-14 0 7.04666e+11
1.02272e-14 0 7.04666e+11
1.02733e-14 0 7.04666e+11
1.03196e-14 0 7.04666e+11
1.0366e-14 0 7.04666e+11
1.04127e-14 0 7.04666e+11
1.04596e-14 0 7.04666e+11
1.05067e-14 0 7.04666e+11
1.0554e-14 0 7.04666e+11
1.06016e-14 0 7.04666e+11
1.06493e-14 0 7.04666e+11
1.06973e-14 0 7.04666e+11
1.07455e-14 0 7.04666e+11
1.07938e-14 0 7.04666e+11
1.08425e-14 0 7.04666e+11
1.08913e-14 0 7.04666e+11
1.09403e-14 0 7.04666e+11
1.09896e-14 0 7.04666e+11
1.10391e-14 0 7.04666e+11
1.10888e-14 0 7.04666e+11
1.11388e-14 0 7.04666e+11
1.11889e-14 0 7.04666e+11
1.12393e-14 0 7.04666e+11
1.12899e-14 0 7.04666e+11
1.13408e-14 0 7.04666e+11
1.13919e-14 0 7.04666e+11
1.14432e-14 0 7.04666e+11
1.14947e-14 0 7.04666e+11
1.15465e-14 0 7.04666e+11
1.15985e-14 0 7.04666e+11
1.16507e-14 0 7.04666e+11
1.17032e-14 0 7.04666e+11
1.17559e-14 0 7.04666e+11
1.18088e-14 0 7.04666e+11
1.1862e-14 0 7.04666e+11
1.19154e-14 0 7.04666e+11
1.19691e-14 0 7.04666e+11
1.2023e-14 0 7.04666e+11
1.20772e-14 0 7.04666e+11
1.21316e-14 0 7.04666e+11
1.21862e-14 0 7.04666e+11
1.22411e-14 0 7.04666e+11
1.22962e-14 0 7.04666e+11
1.23516e-14 0 7.04666e+11
1.24072e-14 0 7.04666e+11
1.24631e-14 0 7.04666e+11
1.25192e-14 0 7.04666e+11
1.25756e-14 0 7.04666e+11
1.26322e-14 0 7.04666e+11
1.26891e-14 0 7.04666e+11
1.27463e-14 0 7.04666e+11
1.28037e-14 0 7.04666e+11
1.28613e-14 0 7.04666e+11
1.29193e-14 0 7.04666e+11
1.29775e-14 0 7.04666e+11
1.30359e-14 0 7.04666e+11
1.30946e-14 0 7.04666e+11
1.31536e-14 0 7.04666e+11
1.32128e-14 0 7.04666e+11
1.32723e-14 0 7.04666e+11
1.33321e-14 0 7.04666e+11
1.33922e-14 0 7.04666e+11
1.34525e-14 0 7.04666e+11
1.35131e-14 0 7.04666e+11
1.35739e-14 0 7.04666e+11
1.3635e-14 0 7.04666e+11
1.36965e-14 0 7.04666e+11
1.37581e-14 0 7.04666e+11
1.38201e-14 0 7.04666e+11
1.38823e-14 0 7.04666e+11
1.39449e-14 0 7.04666e+11
1.40077e-14 0 7.04666e+11
1.40708e-14 0 7.04666e+11
1.41341e-14 0 7.04666e+11
1.41978e-14 0 7.04666e+11
1.42617e-14 0 7.04666e+11
1.4326e-14 0 7.04666e+11
1.43905e-14 0 7.04666e+11
1.44553e-14 0 7.04666e+11
1.45204e-14 0 7.04666e+11
1.45858e-14 0 7.04666e+11
1.46515e-14 0 7.04666e+11
1.47175e-14 0 7.04666e+11
1.47837e-14 0 7.04666e+11
1.48503e-14 0 7.04666e+11
1.49172e-14 0 7.04666e+11
1.49844e-14 0 7.04666e+11
1.50519e-14 0 7.04666e+11
1.51197e-14 0 7.04666e+11
1.51878e-14 0 7.04666e+11
1.52562e-14 0 7.04666e+11
1.53249e-14 0 7.04666e+11
1.53939e-14 0 7.04666e+11
1.54632e-14 0 7.04666e+11
1.55329e-14 0 7.04666e+11
1.56028e-14 0 7.04666e+11
1.56731e-14 0 7.04666e+11
1.57437e-14 0 7.04666e+11
1.58146e-14 0 7.04666e+11
1.58858e-14 0 7.04666e+11
1.59573e-14 0 7.04666e+11
1.60292e-14 0 7.04666e+11
1.61014e-14 0 7.04666e+11
1.61739e-14 0 7.04666e+11
1.62468e-14 0 7.04666e+11
1.63199e-14 0 7.04666e+11
1.63934e-14 0 7.04666e+11
1.64673e-14 0 7.04666e+11
1.65414e-14 0 7.04666e+11
1.66159e-14 0 7.04666e+11
1.66908e-14 0 7.04666e+11
1.67659e-14 0 7.04666e+11
1.68414e-14 0 7.04666e+11
1.69173e-14 0 7.04666e+11
1.69935e-14 0 7.04666e+11
1.707e-14 0 7.04666e+11
1.71469e-14 0 7.04666e+11
1.72241e-14 0 7.04666e+11
1.73017e-14 0 7.04666e+11
1.73796e-14 0 7.04666e+11
1.74579e-14 0 7.04666e+11
1.75365e-14 0 7.04666e+11
1.76155e-14 0 7.04666e+11
1.76948e-14 0 7.04666e+11
1.77745e-14 0 7.04666e+11
1.78546e-14 0 7.04666e+11
1.7935e-14 0 7.04666e+11
1.80158e-14 0 7.04666e+11
1.80969e-14 0 7.04666e+11
1.81784e-14 0 7.04666e+11
1.82603e-14 0 7.04666e+11
1.83425e-14 0 7.04666e+11
1.84251e-14 0 7.04666e+11
1.85081e-14 0 7.04666e+11
1.85914e-14 0 7.04666e+11
1.86752e-14 0 7.04666e+11
1.87593e-14 0 7.04666e+11
1.88438e-14 0 7.04666e+11
1.89286e-14 0 7.04666e+11
1.90139e-14 0 7.04666e+11
1.90995e-14 0 7.04666e+11
1.91855e-14 0 7.04666e+11
1.92719e-14 0 7.04666e+11
1.93587e-14 0 7.04666e+11
1.94459e-14 0 7.04666e+11
1.95335e-14 0 7.04666e+11
1.96215e-14 0 7.04666e+11
1.97098e-14 0 7.04666e+11
1.97986e-14 0 7.04666e+11
1.98878e-14 0 7.04666e+11
1.99774e-14 0 7.04666e+11
2.00673e-14 0 7.04666e+11
2.01577e-14 0 7.04666e+11
2.02485e-14 0 7.04666e+11
2.03397e-14 0 7.04666e+11
2.04313e-14 0 7.04666e+11
2.05233e-14 0 7.04666e+11
2.06157e-14 0 7.04666e+11
2.07086e-14 0 7.04666e+11
2.08018e-14 0 7.04666e+11
2.08955e-14 0 7.04666e+11
2.09896e-14 0 7.04666e+11
2.10842e-14 0 7.04666e+11
2.11791e-14 0 7.04666e+11
2.12745e-14 0 7.04666e+11
2.13703e-14 0 7.04666e+11
2.14666e-14 0 7.04666e+11
2.15632e-14 0 7.04666e+11
2.16604e-14 0 7.04666e+11
2.17579e-14 0 7.04666e+11
2.18559e-14 0 7.04666e+11
2.19543e-14 0 7.04666e+11
2.20532e-14 0 7.04666e+11
2.21525e-14 0 7.04666e+11
2.22523e-14 0 7.04666e+11
2.23525e-14 0 7.04666e+11
2.24532e-14 0 7.04666e+11
2.25543e-14 0 7.04666e+11
2.26559e-14 0 7.04666e+11
2.27579e-14 0 7.04666e+11
2.28604e-14 0 7.04666e+11
2.29634e-14 0 7.04666e+11
2.30668e-14 0 7.04666e+11
2.31707e-14 0 7.04666e+11
2.3275e-14 0 7.04666e+11
2.33799e-14 0 7.04666e+11
2.34852e-14 0 7.04666e+11
2.35909e-14 0 7.04666e+11
2.36972e-14 0 7.04666e+11
2.38039e-14 0 7.04666e+11
2.39111e-14 0 7.04666e+11
2.40188e-14 0 7.04666e+11
2.4127e-14 0 7.04666e+11
2.42356e-14 0 7.04666e+11
2.43448e-14 0 7.04666e+11
2.44544e-14 0 7.04666e+11
2.45646e-14 0 7.04666e+11
2.46752e-14 0 7.04666e+11
2.47863e-14 0 7.04666e+11
2.4898e-14 0 7.04666e+11
2.50101e-14 0 7.04666e+11
2.51227e-14 0 7.04666e+11
2.52359e-14 0 7.04666e+11
2.53495e-14 0 7.04666e+11
2.54637e-14 0 7.04666e+11
2.55784e-14 0 7.04666e+11
2.56936e-14 0 7.04666e+11
2.58093e-14 0 7.04666e+11
2.59255e-14 0 7.04666e+11
2.60423e-14 0 7.04666e+11
2.61596e-14 0 7.04666e+11
2.62774e-14 0 7.04666e+11
2.63957e-14 0 7.04666e+11
2.65146e-14 0 7.04666e+11
2.6634e-14 0 7.04666e+11
2.6754e-14 0 7.04666e+11
2.68745e-14 0 7.04666e+11
2.69955e-14 0 7.04666e+11
2.71171e-14 0 7.04666e+11
2.72392e-14 0 7.04666e+11
2.73619e-14 0 7.04666e+11
2.74851e-14 0 7.04666e+11
2.76089e-14 0 7.04666e+11
2.77332e-14 0 7.04666e+11
2.78581e-14 0 7.04666e+11
2.79836e-14 0 7.04666e+11
2.81096e-14 0 7.04666e+11
2.82362e-14 0 7.04666e+11
2.83634e-14 0 7.04666e+11
2.84912e-14 0 7.04666e+11
2.86195e-14 0 7.04666e+11
2.87484e-14 0 7.04666e+11
2.88778e-14 0 7.04666e+11
2.90079e-14 0 7.04666e+11
2.91385e-14 0 7.04666e+11
2.92698e-14 0 7.04666e+11
2.94016e-14 0 7.04666e+11
2.9534e-14 0 7.04666e+11
2.9667e-14 0 7.04666e+11
2.98006e-14 0 7.04666e+11
2.99348e-14 0 7.04666e+11
3.00697e-14 0 7.04666e+11
3.02051e-14 0 7.04666e+11
3.03411e-14 0 7.04666e+11
3.04778e-14 0 7.04666e+11
3.0615e-14 0 7.04666e+11
3.07529e-14 0 7.04666e+11
3.08914e-14 0 7.04666e+11
3.10305e-14 0 7.04666e+11
3.11703e-14 0 7.04666e+11
3.13107e-14 0 7.04666e+11
3.14517e-14 0 7.04666e+11
3.15933e-14 0 7.04666e+11
3.17356e-14 0 7.04666e+11
3.18786e-14 0 7.04666e+11
3.20221e-14 0 7.04666e+11
3.21663e-14 0 7.04666e+11
3.23112e-14 0 7.04666e+11
3.24567e-14 0 7.04666e+11
3.26029e-14 0 7.04666e+11
3.27497e-14 0 7.04666e+11
3.28972e-14 0 7.04666e+11
3.30454e-14 0 7.04666e+11
3.31942e-14 0 7.04666e+11
3.33437e-14 0 7.04666e+11
3.34939e-14 0 7.04666e+11
3.36447e-14 0 7.04666e+11
3.37963e-14 0 7.04666e+11
3.39485e-14 0 7.04666e+11
3.41014e-14 0 7.04666e+11
3.42549e-14 0 7.04666e+11
3.44092e-14 0 7.04666e+11
3.45642e-14 0 7.04666e+11
3.47199e-14 0 7.04666e+11
3.48762e-14 0 7.04666e+11
3.50333e-14 0 7.04666e+11
3.51911e-14 0 7.04666e+11
3.53496e-14 0 7.04666e+11
3.55088e-14 0 7.04666e+11
3.56687e-14 0 7.04666e+11
3.58293e-14 0 7.04666e+11
3.59907e-14 0 7.04666e+11
3.61528e-14 0 7.04666e+11
3.63156e-14 0 7.04666e+11
3.64792e-14 0 7.04666e+11
3.66435e-14 0 7.04666e+11
3.68085e-14 0 7.04666e+11
3.69743e-14 0 7.04666e+11
3.71408e-14 0 7.04666e+11
3.73081e-14 0 7.04666e+11
3.74761e-14 0 7.04666e+11
3.76449e-14 0 7.04666e+11
3.78144e-14 0 7.04666e+11
3.79847e-14 0 7.04666e+11
3.81558e-14 0 7.04666e+11
3.83276e-14 0 7.04666e+11
3.85002e-14 0 7.04666e+11
3.86736e-14 0 7.04666e+11
3.88478e-14 0 7.04666e+11
3.90228e-14 0 7.04666e+11
3.91985e-14 0 7.04666e+11
3.93751e-14 0 7.04666e+11
3.95524e-14 0 7.04666e+11
3.97305e-14 0 7.04666e+11
3.99095e-14 0 7.04666e+11
4.00892e-14 0 7.04666e+11
4.02698e-14 0 7.04666e+11
4.04511e-14 0 7.04666e+11
4.06333e-14 0 7.04666e+11
4.08163e-14 0 7.04666e+11
4.10001e-14 0 7.04666e+11
4.11848e-14 0 7.04666e+11
4.13703e-14 0 7.04666e+11
4.15566e-14 0 7.04666e+11
4.17437e-14 0 7.04666e+11
4.19317e-14 0 7.04666e+11
4.21206e-14 0 7.04666e+11
4.23103e-14 0 7.04666e+11
4.25008e-14 0 7.04666e+11
4.26922e-14 0 7.04666e+11
4.28845e-14 0 7.04666e+11
4.30777e-14 0 7.04666e+11
4.32717e-14 0 7.04666e+11
4.34666e-14 0 7.04666e+11
4.36623e-14 0 7.04666e+11
4.3859e-14 0 7.04666e+11
4.40565e-14 0 7.04666e+11
4.42549e-14 0 7.04666e+11
4.44542e-14 0 7.04666e+11
4.46544e-14 0 7.04666e+11
4.48555e-14 0 7.04666e+11
4.50575e-14 0 7.04666e+11
4.52605e-14 0 7.04666e+11
4.54643e-14 0 7.04666e+11
4.56691e-14 0 7.04666e+11
4.58748e-14 0 7.04666e+11
4.60814e-14 0 7.04666e+11
4.62889e-14 0 7.04666e+11
4.64974e-14 0 7.04666e+11
4.67068e-14 0 7.04666e+11
4.69171e-14 0 7.04666e+11
4.71284e-14 0 7.04666e+11
4.73407e-14 0 7.04666e+11
4.75539e-14 0 7.04666e+11
4.77681e-14 0 7.04666e+11
4.79832e-14 0 7.04666e+11
4.81993e-14 0 7.04666e+11
4.84164e-14 0 7.04666e+11
4.86344e-14 0 7.04666e+11
4.88535e-14 0 7.04666e+11
4.90735e-14 0 7.04666e+11
4.92945e-14 0 7.04666e+11
4.95165e-14 0 7.04666e+11
4.97395e-14 0 7.04666e+11
4.99635e-14 0 7.04666e+11
5.01886e-14 0 7.04666e+11
5.04146e-14 0 7.04666e+11
5.06416e-14 0 7.04666e+11
5.08697e-14 0 7.04666e+11
5.10988e-14 0 7.04666e+11
5.13289e-14 0 7.04666e+11
5.15601e-14 0 7.04666e+11
5.17923e-14 0 7.04666e+11
5.20256e-14 0 7.04666e+11
5.22599e-14 0 7.04666e+11
5.24953e-14 0 7.04666e+11
5.27317e-14 0 7.04666e+11
5.29692e-14 0 7.04666e+11
5.32077e-14 0 7.04666e+11
5.34474e-14 0 7.04666e+11
5.36881e-14 0 7.04666e+11
5.39299e-14 0 7.04666e+11
5.41728e-14 0 7.04666e+11
5.44167e-14 0 7.04666e+11
5.46618e-14 0 7.04666e+11
5.4908e-14 0 7.04666e+11
5.51553e-14 0 7.04666e+11
5.54037e-14 0 7.04666e+11
5.56532e-14 0 7.04666e+11
5.59039e-14 0 7.04666e+11
5.61556e-14 0 7.04666e+11
5.64085e-14 0 7.04666e+11
5.66626e-14 0 7.04666e+11
5.69178e-14 0 7.04666e+11
5.71741e-14 0 7.04666e+11
5.74316e-14 0 7.04666e+11
5.76903e-14 0 7.04666e+11
5.79501e-14 0 7.04666e+11
5.82111e-14 0 7.04666e+11
5.84732e-14 0 7.04666e+11
5.87366e-14 0 7.04666e+11
5.90011e-14 0 7.04666e+11
5.92668e-14 0 7.04666e+11
5.95338e-14 0 7.04666e+11
5.98019e-14 0 7.04666e+11
6.00712e-14 0 7.04666e+11
6.03418e-14 0 7.04666e+11
6.06135e-14 0 7.04666e+11
6.08865e-14 0 7.04666e+11
6.11607e-14 0 7.04666e+11
6.14362e-14 0 7.04666e+11
6.17129e-14 0 7.04666e+11
6.19908e-14 0 7.04666e+11
6.227e-14 0 7.04666e+11
6.25504e-14 0 7.04666e+11
6.28321e-14 0 7.04666e+11
6.31151e-14 0 7.04666e+11
6.33994e-14 0 7.04666e+11
6.36849e-14 0 7.04666e+11
6.39717e-14 0 7.04666e+11
6.42598e-14 0 7.04666e+11
6.45492e-14 0 7.04666e+11
6.484e-14 0 7.04666e+11
6.5132e-14 0 7.04666e+11
6.54253e-14 0 7.04666e+11
6.572e-14 0 7.04666e+11
6.6016e-14 0 7.04666e+11
6.63133e-14 0 7.04666e+11
6.66119e-14 0 7.04666e+11
6.69119e-14 0 7.04666e+11
6.72133e-14 0 7.04666e+11
6.7516e-14 0 7.04666e+11
6.78201e-14 0 7.04666e+11
6.81255e-14 0 7.04666e+11
6.84323e-14 0 7.04666e+11
6.87405e-14 0 7.04666e+11
6.90501e-14 0 7.04666e+11
6.93611e-14 0 7.04666e+11
6.96735e-14 0 7.04666e+11
6.99873e-14 0 7.04666e+11
7.03025e-14 0 7.04666e+11
7.06191e-14 0 7.04666e+11
7.09371e-14 0 7.04666e+11
7.12566e-14 0 7.04666e+11
7.15775e-14 0 7.04666e+11
7.18999e-14 0 7.04666e+11
7.22237e-14 0 7.04666e+11
7.2549e-14 0 7.04666e+11
7.28757e-14 0 7.04666e+11
7.32039e-14 0 7.04666e+11
7.35336e-14 0 7.04666e+11
7.38648e-14 0 7.04666e+11
7.41975e-14 0 7.04666e+11
7.45316e-14 0 7.04666e+11
7.48673e-14 0 7.04666e+11
7.52045e-14 0 7.04666e+11
7.55432e-14 0 7.04666e+11
7.58834e-14 0 7.04666e+11
7.62252e-14 0 7.04666e+11
7.65685e-14 0 7.04666e+11
7.69133e-14 0 7.04666e+11
7.72597e-14 0 7.04666e+11
7.76076e-14 0 7.04666e+11
7.79572e-14 0 7.04666e+11
7.83083e-14 0 7.04666e+11
7.86609e-14 0 7.04666e+11
7.90152e-14 0 7.04666e+11
7.93711e-14 0 7.04666e+11
7.97285e-14 0 7.04666e+11
8.00876e-14 0 7.04666e+11
8.04483e-14 0 7.04666e+11
8.08106e-14 0 7.04666e+11
8.11746e-14 0 7.04666e+11
8.15402e-14 0 7.04666e+11
8.19074e-14 0 7.04666e+11
8.22763e-14 0 7.04666e+11
8.26468e-14 0 7.04666e+11
8.3019e-14 0 7.04666e+11
8.33929e-14 0 7.04666e+11
8.37685e-14 0 7.04666e+11
8.41458e-14 0 7.04666e+11
8.45247e-14 0 7.04666e+11
8.49054e-14 0 7.04666e+11
8.52878e-14 0 7.04666e+11
8.56719e-14 0 7.04666e+11
8.60578e-14 0 7.04666e+11
8.64453e-14 0 7.04666e+11
8.68347e-14 0 7.04666e+11
8.72257e-14 0 7.04666e+11
8.76186e-14 0 7.04666e+11
8.80132e-14 0 7.04666e+11
8.84096e-14 0 7.04666e+11
8.88077e-14 0 7.04666e+11
8.92077e-14 0 7.04666e+11
8.96095e-14 0 7.04666e+11
9.00131e-14 0 7.04666e+11
9.04184e-14 0 7.04666e+11
9.08257e-14 0 7.04666e+11
9.12347e-14 0 7.04666e+11
9.16456e-14 0 7.04666e+11
9.20584e-14 0 7.04666e+11
9.2473e-14 0 7.04666e+11
9.28894e-14 0 7.04666e+11
9.33078e-14 0 7.04666e+11
9.3728e-14 0 7.04666e+11
9.41501e-14 0 7.04666e+11
9.45742e-14 0 7.04666e+11
9.50001e-14 0 7.04666e+11
9.54279e-14 0 7.04666e+11
9.58577e-14 0 7.04666e+11
9.62894e-14 0 7.04666e+11
9.67231e-14 0 7.04666e+11
9.71587e-14 0 7.04666e+11
9.75963e-14 0 7.04666e+11
9.80358e-14 0 7.04666e+11
9.84774e-14 0 7.04666e+11
9.89209e-14 0 7.04666e+11
9.93664e-14 0 7.04666e+11
9.98139e-14 0 7.04666e+11
1.00263e-13 0 7.04666e+11
1.00715e-13 0 7.04666e+11
1.01169e-13 0 7.04666e+11
1.01624e-13 0 7.04666e+11
1.02082e-13 0 7.04666e+11
1.02542e-13 0 7.04666e+11
1.03003e-13 0 7.04666e+11
1.03467e-13 0 7.04666e+11
1.03933e-13 0 7.04666e+11
1.04401e-13 0 7.04666e+11
1.04872e-13 0 7.04666e+11
1.05344e-13 0 7.04666e+11
1.05818e-13 0 7.04666e+11
1.06295e-13 0 7.04666e+11
1.06774e-13 0 7.04666e+11
1.07255e-13 0 7.04666e+11
1.07738e-13 0 7.04666e+11
1.08223e-13 0 7.04666e+11
1.0871e-13 0 7.04666e+11
1.092e-13 0 7.04666e+11
1.09692e-13 0 7.04666e+11
1.10186e-13 0 7.04666e+11
1.10682e-13 0 7.04666e+11
1.1118e-13 0 7.04666e+11
1.11681e-13 0 7.04666e+11
1.12184e-13 0 7.04666e+11
1.12689e-13 0 7.04666e+11
1.13197e-13 0 7.04666e+11
1.13707e-13 0 7.04666e+11
1.14219e-13 0 7.04666e+11
1.14733e-13 0 7.04666e+11
1.1525e-13 0 7.04666e+11
1.15769e-13 0 7.04666e+11
1.1629e-13 0 7.04666e+11
1.16814e-13 0 7.04666e+11
1.1734e-13 0 7.04666e+11
1.17869e-13 0 7.04666e+11
1.18399e-13 0 7.04666e+11
1.18933e-13 0 7.04666e+11
1.19468e-13 0 7.04666e+11
1.20006e-13 0 7.04666e+11
1.20547e-13 0 7.04666e+11
1.2109e-13 0 7.04666e+11
1.21635e-13 0 7.04666e+11
1.22183e-13 0 7.04666e+11
1.22733e-13 0 7.04666e+11
1.23286e-13 0 7.04666e+11
1.23841e-13 0 7.04666e+11
1.24399e-13 0 7.04666e+11
1.24959e-13 0 7.04666e+11
1.25522e-13 0 7.04666e+11
1.26087e-13 0 7.04666e+11
1.26655e-13 0 7.04666e+11
1.27226e-13 0 7.04666e+11
1.27799e-13 0 7.04666e+11
1.28374e-13 0 7.04666e+11
1.28952e-13 0 7.04666e+11
1.29533e-13 0 7.04666e+11
1.30116e-13 0 7.04666e+11
1.30702e-13 0 7.04666e+11
1.31291e-13 0 7.04666e+11
1.31882e-13 0 7.04666e+11
1.32476e-13 0 7.04666e+11
1.33073e-13 0 7.04666e+11
1.33672e-13 0 7.04666e+11
1.34274e-13 0 7.04666e+11
1.34879e-13 0 7.04666e+11
1.35487e-13 0 7.04666e+11
1.36097e-13 0 7.04666e+11
1.3671e-13 0 7.04666e+11
1.37325e-13 0 7.04666e+11
1.37944e-13 0 7.04666e+11
1.38565e-13 0 7.04666e+11
1.39189e-13 0 7.04666e+11
1.39816e-13 0 7.04666e+11
1.40446e-13 0 7.04666e+11
1.41078e-13 0 7.04666e+11
1.41714e-13 0 7.04666e+11
1.42352e-13 0 7.04666e+11
1.42993e-13 0 7.04666e+11
1.43637e-13 0 7.04666e+11
1.44284e-13 0 7.04666e+11
1.44934e-13 0 7.04666e+11
1.45586e-13 0 7.04666e+11
1.46242e-13 0 7.04666e+11
1.46901e-13 0 7.04666e+11
1.47562e-13 0 7.04666e+11
1.48227e-13 0 7.04666e+11
1.48894e-13 0 7.04666e+11
1.49565e-13 0 7.04666e+11
1.50239e-13 0 7.04666e+11
1.50915e-13 0 7.04666e+11
1.51595e-13 0 7.04666e+11
1.52278e-13 0 7.04666e+11
1.52963e-13 0 7.04666e+11
1.53652e-13 0 7.04666e+11
1.54344e-13 0 7.04666e+11
1.5504e-13 0 7.04666e+11
1.55738e-13 0 7.04666e+11
1.56439e-13 0 7.04666e+11
1.57144e-13 0 7.04666e+11
1.57851e-13 0 7.04666e+11
1.58562e-13 0 7.04666e+11
1.59277e-13 0 7.04666e+11
1.59994e-13 0 7.04666e+11
1.60714e-13 0 7.04666e+11
1.61438e-13 0 7.04666e+11
1.62165e-13 0 7.04666e+11
1.62896e-13 0 7.04666e+11
1.63629e-13 0 7.04666e+11
1.64366e-13 0 7.04666e+11
1.65106e-13 0 7.04666e+11
1.6585e-13 0 7.04666e+11
1.66597e-13 0 7.04666e+11
1.67347e-13 0 7.04666e+11
1.68101e-13 0 7.04666e+11
1.68858e-13 0 7.04666e+11
1.69619e-13 0 7.04666e+11
1.70382e-13 0 7.04666e+11
1.7115e-13 0 7.04666e+11
1.71921e-13 0 7.04666e+11
1.72695e-13 0 7.04666e+11
1.73473e-13 0 7.04666e+11
1.74254e-13 0 7.04666e+11
1.75039e-13 0 7.04666e+11
1.75827e-13 0 7.04666e+11
1.76619e-13 0 7.04666e+11
1.77414e-13 0 7.04666e+11
1.78213e-13 0 7.04666e+11
1.79016e-13 0 7.04666e+11
1.79822e-13 0 7.04666e+11
1.80632e-13 0 7.04666e+11
1.81446e-13 0 7.04666e+11
1.82263e-13 0 7.04666e+11
1.83084e-13 0 7.04666e+11
1.83908e-13 0 7.04666e+11
1.84736e-13 0 7.04666e+11
1.85568e-13 0 7.04666e+11
1.86404e-13 0 7.04666e+11
1.87244e-13 0 7.04666e+11
1.88087e-13 0 7.04666e+11
1.88934e-13 0 7.04666e+11
1.89785e-13 0 7.04666e+11
1.9064e-13 0 7.04666e+11
1.91498e-13 0 7.04666e+11
1.92361e-13 0 7.04666e+11
1.93227e-13 0 7.04666e+11
1.94097e-13 0 7.04666e+11
1.94972e-13 0 7.04666e+11
1.9585e-13 0 7.04666e+11
1.96732e-13 0 7.04666e+11
1.97618e-13 0 7.04666e+11
1.98508e-13 0 7.04666e+11
1.99402e-13 0 7.04666e+11
2.003e-13 0 7.04666e+11
2.01202e-13 0 7.04666e+11
2.02108e-13 0 7.04666e+11
2.03018e-13 0 7.04666e+11
2.03933e-13 0 7.04666e+11
2.04851e-13 0 7.04666e+11
2.05774e-13 0 7.04666e+11
2.067e-13 0 7.04666e+11
2.07631e-13 0 7.04666e+11
2.08566e-13 0 7.04666e+11
2.09506e-13 0 7.04666e+11
2.10449e-13 0 7.04666e+11
2.11397e-13 0 7.04666e+11
2.12349e-13 0 7.04666e+11
2.13306e-13 0 7.04666e+11
2.14266e-13 0 7.04666e+11
2.15231e-13 0 7.04666e+11
2.16201e-13 0 7.04666e+11
2.17174e-13 0 7.04666e+11
2.18152e-13 0 7.04666e+11
2.19135e-13 0 7.04666e+11
2.20122e-13 0 7.04666e+11
2.21113e-13 0 7.04666e+11
2.22109e-13 0 7.04666e+11
2.23109e-13 0 7.04666e+11
2.24114e-13 0 7.04666e+11
2.25123e-13 0 7.04666e+11
2.26137e-13 0 7.04666e+11
2.27156e-13 0 7.04666e+11
2.28179e-13 0 7.04666e+11
2.29206e-13 0 7.04666e+11
2.30239e-13 0 7.04666e+11
2.31276e-13 0 7.04666e+11
2.32317e-13 0 7.04666e+11
2.33364e-13 0 7.04666e+11
2.34415e-13 0 7.04666e+11
2.3547e-13 0 7.04666e+11
2.36531e-13 0 7.04666e+11
2.37596e-13 0 7.04666e+11
2.38666e-13 0 7.04666e+11
2.39741e-13 0 7.04666e+11
2.40821e-13 0 7.04666e+11
2.41905e-13 0 7.04666e+11
2.42995e-13 0 7.04666e+11
2.44089e-13 0 7.04666e+11
2.45188e-13 0 7.04666e+11
2.46293e-13 0 7.04666e+11
2.47402e-13 0 7.04666e+11
2.48516e-13 0 7.04666e+11
2.49635e-13 0 7.04666e+11
2.5076e-13 0 7.04666e+11
2.51889e-13 0 7.04666e+11
2.53023e-13 0 7.04666e+11
2.54163e-13 0 7.04666e+11
2.55308e-13 0 7.04666e+11
2.56458e-13 0 7.04666e+11
2.57613e-13 0 7.04666e+11
2.58773e-13 0 7.04666e+11
2.59938e-13 0 7.04666e+11
2.61109e-13 0 7.04666e+11
2.62285e-13 0 7.04666e+11
2.63466e-13 0 7.04666e+11
2.64653e-13 0 7.04666e+11
2.65845e-13 0 7.04666e+11
2.67042e-13 0 7.04666e+11
2.68245e-13 0 7.04666e+11
2.69453e-13 0 7.04666e+11
2.70666e-13 0 7.04666e+11
2.71885e-13 0 7.04666e+11
2.7311e-13 0 7.04666e+11
2.7434e-13 0 7.04666e+11
2.75575e-13 0 7.04666e+11
2.76816e-13 0 7.04666e+11
2.78063e-13 0 7.04666e+11
2.79315e-13 0 7.04666e+11
2.80573e-13 0 7.04666e+11
2.81837e-13 0 7.04666e+11
2.83106e-13 0 7.04666e+11
2.84381e-13 0 7.04666e+11
2.85662e-13 0 7.04666e+11
2.86949e-13 0 7.04666e+11
2.88241e-13 0 7.04666e+11
2.89539e-13 0 7.04666e+11
2.90843e-13 0 7.04666e+11
2.92153e-13 0 7.04666e+11
2.93469e-13 0 7.04666e+11
2.9479e-13 0 7.04666e+11
2.96118e-13 0 7.04666e+11
2.97452e-13 0 7.04666e+11
2.98791e-13 0 7.04666e+11
3.00137e-13 0 7.04666e+11
3.01489e-13 0 7.04666e+11
3.02847e-13 0 7.04666e+11
3.0421e-13 0 7.04666e+11
3.05581e-13 0 7.04666e+11
3.06957e-13 0 7.04666e+11
3.08339e-13 0 7.04666e+11
3.09728e-13 0 7.04666e+11
3.11123e-13 0 7.04666e+11
3.12524e-13 0 7.04666e+11
3.13932e-13 0 7.04666e+11
3.15345e-13 0 7.04666e+11
3.16766e-13 0 7.04666e+11
3.18192e-13 0 7.04666e+11
3.19625e-13 0 7.04666e+11
3.21065e-13 0 7.04666e+11
3.22511e-13 0 7.04666e+11
3.23963e-13 0 7.04666e+11
3.25422e-13 0 7.04666e+11
3.26888e-13 0 7.04666e+11
3.2836e-13 0 7.04666e+11
3.29839e-13 0 7.04666e+11
3.31324e-13 0 7.04666e+11
3.32817e-13 0 7.04666e+11
3.34316e-13 0 7.04666e+11
3.35821e-13 0 7.04666e+11
3.37334e-13 0 7.04666e+11
3.38853e-13 0 7.04666e+11
3.40379e-13 0 7.04666e+11
3.41912e-13 0 7.04666e+11
3.43452e-13 0 7.04666e+11
3.44999e-13 0 7.04666e+11
3.46552e-13 0 7.04666e+11
3.48113e-13 0 7.04666e+11
3.49681e-13 0 7.04666e+11
3.51256e-13 0 7.04666e+11
3.52838e-13 0 7.04666e+11
3.54427e-13 0 7.04666e+11
3.56023e-13 0 7.04666e+11
3.57627e-13 0 7.04666e+11
3.59237e-13 0 7.04666e+11
3.60855e-13 0 7.04666e+11
3.6248e-13 0 7.04666e+11
3.64113e-13 0 7.04666e+11
3.65753e-13 0 7.04666e+11
3.674e-13 0 7.04666e+11
3.69055e-13 0 7.04666e+11
3.70717e-13 0 7.04666e+11
3.72386e-13 0 7.04666e+11
3.74063e-13 0 7.04666e+11
3.75748e-13 0 7.04666e+11
3.7744e-13 0 7.04666e+11
3.7914e-13 0 7.04666e+11
3.80848e-13 0 7.04666e+11
3.82563e-13 0 7.04666e+11
3.84286e-13 0 7.04666e+11
3.86017e-13 0 7.04666e+11
3.87755e-13 0 7.04666e+11
3.89502e-13 0 7.04666e+11
3.91256e-13 0 7.04666e+11
3.93018e-13 0 7.04666e+11
3.94788e-13 0 7.04666e+11
3.96566e-13 0 7.04666e+11
3.98352e-13 0 7.04666e+11
4.00146e-13 0 7.04666e+11
4.01948e-13 0 7.04666e+11
4.03758e-13 0 7.04666e+11
4.05577e-13 0 7.04666e+11
4.07403e-13 0 7.04666e+11
4.09238e-13 0 7.04666e+11
4.11081e-13 0 7.04666e+11
4.12933e-13 0 7.04666e+11
4.14792e-13 0 7.04666e+11
4.16661e-13 0 7.04666e+11
4.18537e-13 0 7.04666e+11
4.20422e-13 0 7.04666e+11
4.22315e-13 0 7.04666e+11
4.24217e-13 0 7.04666e+11
4.26128e-13 0 7.04666e+11
4.28047e-13 0 7.04666e+11
4.29975e-13 0 7.04666e+11
4.31911e-13 0 7.04666e+11
4.33857e-13 0 7.04666e+11
4.35811e-13 0 7.04666e+11
4.37773e-13 0 7.04666e+11
4.39745e-13 0 7.04666e+11
4.41725e-13 0 7.04666e+11
4.43715e-13 0 7.04666e+11
4.45713e-13 0 7.04666e+11
4.47721e-13 0 7.04666e+11
4.49737e-13 0 7.04666e+11
4.51762e-13 0 7.04666e+11
4.53797e-13 0 7.04666e+11
4.55841e-13 0 7.04666e+11
4.57894e-13 0 7.04666e+11
4.59956e-13 0 7.04666e+11
4.62028e-13 0 7.04666e+11
4.64108e-13 0 7.04666e+11
4.66199e-13 0 7.04666e+11
4.68298e-13 0 7.04666e+11
4.70407e-13 0 7.04666e+11
4.72526e-13 0 7.04666e+11
4.74654e-13 0 7.04666e+11
4.76792e-13 0 7.04666e+11
4.78939e-13 0 7.04666e+11
4.81096e-13 0 7.04666e+11
4.83263e-13 0 7.04666e+11
4.85439e-13 0 7.04666e+11
4.87626e-13 0 7.04666e+11
4.89822e-13 0 7.04666e+11
4.92028e-13 0 7.04666e+11
4.94244e-13 0 7.04666e+11
4.9647e-13 0 7.04666e+11
4.98705e-13 0 7.04666e+11
5.00952e-13 0 7.04666e+11
5.03208e-13 0 7.04666e+11
5.05474e-13 0 7.04666e+11
5.0775e-13 0 7.04666e+11
5.10037e-13 0 7.04666e+11
5.12334e-13 0 7.04666e+11
5.14642e-13 0 7.04666e+11
5.16959e-13 0 7.04666e+11
5.19288e-13 0 7.04666e+11
5.21626e-13 0 7.04666e+11
5.23976e-13 0 7.04666e+11
5.26336e-13 0 7.04666e+11
5.28706e-13 0 7.04666e+11
5.31087e-13 0 7.04666e+11
5.33479e-13 0 7.04666e+11
5.35882e-13 0 7.04666e+11
5.38295e-13 0 7.04666e+11
5.40719e-13 0 7.04666e+11
5.43155e-13 0 7.04666e+11
5.45601e-13 0 7.04666e+11
5.48058e-13 0 7.04666e+11
5.50526e-13 0 7.04666e+11
5.53006e-13 0 7.04666e+11
5.55496e-13 0 7.04666e+11
5.57998e-13 0 7.04666e+11
5.60511e-13 0 7.04666e+11
5.63036e-13 0 7.04666e+11
5.65571e-13 0 7.04666e+11
5.68119e-13 0 7.04666e+11
5.70677e-13 0 7.04666e+11
5.73247e-13 0 7.04666e+11
5.75829e-13 0 7.04666e+11
5.78422e-13 0 7.04666e+11
5.81027e-13 0 7.04666e+11
5.83644e-13 0 7.04666e+11
5.86273e-13 0 7.04666e+11
5.88913e-13 0 7.04666e+11
5.91566e-13 0 7.04666e+11
5.9423e-13 0 7.04666e+11
5.96906e-13 0 7.04666e+11
5.99594e-13 0 7.04666e+11
6.02295e-13 0 7.04666e+11
6.05007e-13 0 7.04666e+11
6.07732e-13 0 7.04666e+11
6.10469e-13 0 7.04666e+11
6.13218e-13 0 7.04666e+11
6.1598e-13 0 7.04666e+11
6.18754e-13 0 7.04666e+11
6.21541e-13 0 7.04666e+11
6.2434e-13 0 7.04666e+11
6.27152e-13 0 7.04666e+11
6.29977e-13 0 7.04666e+11
6.32814e-13 0 7.04666e+11
6.35664e-13 0 7.04666e+11
6.38527e-13 0 7.04666e+11
6.41403e-13 0 7.04666e+11
6.44291e-13 0 7.04666e+11
6.47193e-13 0 7.04666e+11
6.50108e-13 0 7.04666e+11
6.53036e-13 0 7.04666e+11
6.55977e-13 0 7.04666e+11
6.58931e-13 0 7.04666e+11
6.61899e-13 0 7.04666e+11
6.6488e-13 0 7.04666e+11
6.67874e-13 0 7.04666e+11
6.70882e-13 0 7.04666e+11
6.73903e-13 0 7.04666e+11
6.76938e-13 0 7.04666e+11
6.79987e-13 0 7.04666e+11
6.8305e-13 0 7.04666e+11
6.86126e-13 0 7.04666e+11
6.89216e-13 0 7.04666e+11
6.9232e-13 0 7.04666e+11
6.95438e-13 0 7.04666e+11
6.9857e-13 0 7.04666e+11
7.01716e-13 0 7.04666e+11
7.04877e-13 0 7.04666e+11
7.08051e-13 0 7.04666e+11
7.1124e-13 0 7.04666e+11
7.14443e-13 0 7.04666e+11
7.17661e-13 0 7.04666e+11
7.20893e-13 0 7.04666e+11
7.2414e-13 0 7.04666e+11
7.27401e-13 0 7.04666e+11
7.30677e-13 0 7.04666e+11
7.33968e-13 0 7.04666e+11
7.37273e-13 0 7.04666e+11
7.40594e-13 0 7.04666e+11
7.43929e-13 0 7.04666e+11
7.4728e-13 0 7.04666e+11
7.50645e-13 0 7.04666e+11
7.54026e-13 0 7.04666e+11
7.57422e-13 0 7.04666e+11
7.60833e-13 0 7.04666e+11
7.6426e-13 0 7.04666e+11
7.67702e-13 0 7.04666e+11
7.71159e-13 0 7.04666e+11
7.74632e-13 0 7.04666e+11
7.78121e-13 0 7.04666e+11
7.81625e-13 0 7.04666e+11
7.85146e-13 0 7.04666e+11
7.88682e-13 0 7.04666e+11
7.92234e-13 0 7.04666e+11
7.95802e-13 0 7.04666e+11
7.99386e-13 0 7.04666e+11
8.02986e-13 0 7.04666e+11
8.06602e-13 0 7.04666e+11
8.10235e-13 0 7.04666e+11
8.13884e-13 0 7.04666e+11
8.1755e-13 0 7.04666e+11
8.21232e-13 0 7.04666e+11
8.2493e-13 0 7.04666e+11
8.28645e-13 0 7.04666e+11
8.32377e-13 0 7.04666e+11
8.36126e-13 0 7.04666e+11
8.39892e-13 0 7.04666e+11
8.43674e-13 0 7.04666e+11
8.47474e-13 0 7.04666e+11
8.51291e-13 0 7.04666e+11
8.55125e-13 0 7.04666e+11
8.58976e-13 0 7.04666e+11
8.62845e-13 0 7.04666e+11
8.66731e-13 0 7.04666e+11
8.70634e-13 0 7.04666e+11
8.74555e-13 0 7.04666e+11
8.78494e-13 0 7.04666e+11
8.82451e-13 0 7.04666e+11
8.86425e-13 0 7.04666e+11
8.90417e-13 0 7.04666e+11
8.94427e-13 0 7.04666e+11
8.98455e-13 0 7.04666e+11
9.02502e-13 0 7.04666e+11
9.06566e-13 0 7.04666e+11
9.10649e-13 0 7.04666e+11
9.14751e-13 0 7.04666e+11
9.1887e-13 0 7.04666e+11
9.23009e-13 0 7.04666e+11
9.27166e-13 0 7.04666e+11
9.31341e-13 0 7.04666e+11
9.35536e-13 0 7.04666e+11
9.39749e-13 0 7.04666e+11
9.43982e-13 0 7.04666e+11
9.48233e-13 0 7.04666e+11
9.52504e-13 0 7.04666e+11
9.56793e-13 0 7.04666e+11
9.61103e-13 0 7.04666e+11
9.65431e-13 0 7.04666e+11
9.69779e-13 0 7.04666e+11
9.74147e-13 0 7.04666e+11
9.78534e-13 0 7.04666e+11
9.82941e-13 0 7.04666e+11
9.87368e-13 0 7.04666e+11
9.91815e-13 0 7.04666e+11
9.96282e-13 0 7.04666e+11
1.00077e-12 0 7.04666e+11
1.00528e-12 0 7.04666e+11
1.0098e-12 0 7.04666e+11
1.01435e-12 0 7.04666e+11
1.01892e-12 0 7.04666e+11
1.02351e-12 0 7.04666e+11
1.02812e-12 0 7.04666e+11
1.03275e-12 0 7.04666e+11
1.0374e-12 0 7.04666e+11
1.04207e-12 0 7.04666e+11
1.04676e-12 0 7.04666e+11
1.05148e-12 0 7.04666e+11
1.05621e-12 0 7.04666e+11
1.06097e-12 0 7.04666e+11
1.06575e-12 0 7.04666e+11
1.07055e-12 0 7.04666e+11
1.07537e-12 0 7.04666e+11
1.08021e-12 0 7.04666e+11
1.08508e-12 0 7.04666e+11
1.08997e-12 0 7.04666e+11
1.09487e-12 0 7.04666e+11
1.09981e-12 0 7.04666e+11
1.10476e-12 0 7.04666e+11
1.10973e-12 0 7.04666e+11
1.11473e-12 0 7.04666e+11
1.11975e-12 0 7.04666e+11
1.1248e-12 0 7.04666e+11
1.12986e-12 0 7.04666e+11
1.13495e-12 0 7.04666e+11
1.14006e-12 0 7.04666e+11
1.1452e-12 0 7.04666e+11
1.15035e-12 0 7.04666e+11
1.15553e-12 0 7.04666e+11
1.16074e-12 0 7.04666e+11
1.16597e-12 0 7.04666e+11
1.17122e-12 0 7.04666e+11
1.17649e-12 0 7.04666e+11
1.18179e-12 0 7.04666e+11
1.18711e-12 0 7.04666e+11
1.19246e-12 0 7.04666e+11
1.19783e-12 0 7.04666e+11
1.20323e-12 0 7.04666e+11
1.20864e-12 0 7.04666e+11
1.21409e-12 0 7.04666e+11
1.21956e-12 0 7.04666e+11
1.22505e-12 0 7.04666e+11
1.23057e-12 0 7.04666e+11
1.23611e-12 0 7.04666e+11
1.24167e-12 0 7.04666e+11
1.24727e-12 0 7.04666e+11
1.25288e-12 0 7.04666e+11
1.25853e-12 0 7.04666e+11
1.26419e-12 0 7.04666e+11
1.26989e-12 0 7.04666e+11
1.27561e-12 0 7.04666e+11
1.28135e-12 0 7.04666e+11
1.28712e-12 0 7.04666e+11
1.29292e-12 0 7.04666e+11
1.29874e-12 0 7.04666e+11
1.30459e-12 0 7.04666e+11
1.31047e-12 0 7.04666e+11
1.31637e-12 0 7.04666e+11
1.3223e-12 0 7.04666e+11
1.32825e-12 0 7.04666e+11
1.33424e-12 0 7.04666e+11
1.34024e-12 0 7.04666e+11
1.34628e-12 0 7.04666e+11
1.35234e-12 0 7.04666e+11
1.35843e-12 0 7.04666e+11
1.36455e-12 0 7.04666e+11
1.3707e-12 0 7.04666e+11
1.37687e-12 0 7.04666e+11
1.38307e-12 0 7.04666e+11
1.3893e-12 0 7.04666e+11
1.39556e-12 0 7.04666e+11
1.40184e-12 0 7.04666e+11
1.40816e-12 0 7.04666e+11
1.4145e-12 0 7.04666e+11
1.42087e-12 0 7.04666e+11
1.42727e-12 0 7.04666e+11
1.4337e-12 0 7.04666e+11
1.44015e-12 0 7.04666e+11
1.44664e-12 0 7.04666e+11
1.45315e-12 0 7.04666e+11
1.4597e-12 0 7.04666e+11
1.46627e-12 0 7.04666e+11
1.47288e-12 0 7.04666e+11
1.47951e-12 0 7.04666e+11
1.48617e-12 0 7.04666e+11
1.49287e-12 0 7.04666e+11
1.49959e-12 0 7.04666e+11
1.50634e-12 0 7.04666e+11
1.51313e-12 0 7.04666e+11
1.51994e-12 0 7.04666e+11
1.52679e-12 0 7.04666e+11
1.53366e-12 0 7.04666e+11
1.54057e-12 0 7.04666e+11
1.54751e-12 0 7.04666e+11
1.55448e-12 0 7.04666e+11
1.56148e-12 0 7.04666e+11
1.56851e-12 0 7.04666e+11
1.57558e-12 0 7.04666e+11
1.58267e-12 0 7.04666e+11
1.5898e-12 0 7.04666e+11
1.59696e-12 0 7.04666e+11
1.60415e-12 0 7.04666e+11
1.61138e-12 0 7.04666e+11
1.61864e-12 0 7.04666e+11
1.62592e-12 0 7.04666e+11
1.63325e-12 0 7.04666e+11
1.6406e-12 0 7.04666e+11
1.64799e-12 0 7.04666e+11
1.65541e-12 0 7.04666e+11
1.66287e-12 0 7.04666e+11
1.67036e-12 2.16684e+06 7.04666e+11
1.67788e-12 7.91922e+06 7.04664e+11
1.68544e-12 1.28103e+07 7.04656e+11
1.69303e-12 1.66124e+07 7.04644e+11
1.70065e-12 2.09681e+07 7.04627e+11
1.70831e-12 2.99728e+07 7.04606e+11
1.71601e-12 4.80477e+07 7.04576e+11
1.72374e-12 5.90837e+07 7.04528e+11
1.7315e-12 9.10691e+07 7.04469e+11
1.7393e-12 1.18401e+08 7.04378e+11
1.74713e-12 1.39553e+08 7.04259e+11
1.755e-12 1.70829e+08 7.0412e+11
1.7629e-12 2.05374e+08 7.03949e+11
1.77084e-12 2.32371e+08 7.03744e+11
1.77882e-12 2.58737e+08 7.03511e+11
1.78683e-12 2.96663e+08 7.03253e+11
1.79488e-12 3.22613e+08 7.02956e+11
1.80296e-12 3.58502e+08 7.02633e+11
1.81108e-12 3.81596e+08 7.02275e+11
1.81924e-12 4.1155e+08 7.01893e+11
1.82743e-12 4.34509e+08 7.01482e+11
1.83566e-12 4.6419e+08 7.01047e+11
1.84393e-12 4.95422e+08 7.00583e+11
1.85223e-12 5.1559e+08 7.00088e+11
1.86057e-12 5.492e+08 6.99572e+11
1.86895e-12 5.74846e+08 6.99023e+11
1.87737e-12 6.03423e+08 6.98448e+11
1.88583e-12 6.24695e+08 6.97844e+11
1.89432e-12 6.69256e+08 6.9722e+11
1.90285e-12 7.00696e+08 6.96551e+11
1.91142e-12 7.31796e+08 6.9585e+11
1.92003e-12 7.7126e+08 6.95118e+11
1.92868e-12 8.02e+08 6.94347e+11
1.93736e-12 8.39784e+08 6.93545e+11
1.94609e-12 8.6264e+08 6.92705e+11
1.95485e-12 9.00714e+08 6.91842e+11
1.96366e-12 9.38481e+08 6.90942e+11
1.9725e-12 9.6355e+08 6.90003e+11
1.98138e-12 1.005e+09 6.8904e+11
1.99031e-12 1.05018e+09 6.88035e+11
1.99927e-12 1.08595e+09 6.86984e+11
2.00827e-12 1.12246e+09 6.85898e+11
2.01732e-12 1.1564e+09 6.84776e+11
2.0264e-12 1.2087e+09 6.8362e+11
2.03553e-12 1.24703e+09 6.82411e+11
2.0447e-12 1.29578e+09 6.81164e+11
2.05391e-12 1.34457e+09 6.79868e+11
2.06316e-12 1.39093e+09 6.78524e+11
2.07245e-12 1.45569e+09 6.77133e+11
2.08178e-12 1.50095e+09 6.75677e+11
2.09116e-12 1.54925e+09 6.74176e+11
2.10058e-12 1.59023e+09 6.72627e+11
2.11004e-12 1.6266e+09 6.71036e+11
2.11954e-12 1.67275e+09 6.6941e+11
2.12909e-12 1.71645e+09 6.67737e+11
2.13867e-12 1.75302e+09 6.66021e+11
2.14831e-12 1.79702e+09 6.64268e+11
2.15798e-12 1.82549e+09 6.62471e+11
2.1677e-12 1.84745e+09 6.60645e+11
2.17746e-12 1.89254e+09 6.58798e+11
2.18727e-12 1.93694e+09 6.56905e+11
2.19712e-12 1.96482e+09 6.54968e+11
2.20702e-12 1.98823e+09 6.53003e+11
2.21696e-12 2.01547e+09 6.51015e+11
2.22694e-12 2.03909e+09 6.49e+11
2.23697e-12 2.06432e+09 6.46961e+11
2.24704e-12 2.0973e+09 6.44896e+11
2.25716e-12 2.13822e+09 6.42799e+11
2.26733e-12 2.18421e+09 6.40661e+11
2.27754e-12 2.24367e+09 6.38477e+11
2.2878e-12 2.2661e+09 6.36233e+11
2.2981e-12 2.31123e+09 6.33967e+11
2.30845e-12 2.35978e+09 6.31656e+11
2.31885e-12 2.38524e+09 6.29296e+11
2.32929e-12 2.4278e+09 6.26911e+11
2.33978e-12 2.46229e+09 6.24483e+11
2.35032e-12 2.47488e+09 6.2202e+11
2.36091e-12 2.50733e+09 6.19546e+11
2.37154e-12 2.55425e+09 6.17038e+11
2.38222e-12 2.58633e+09 6.14484e+11
2.39295e-12 2.6351e+09 6.11898e+11
2.40373e-12 2.68648e+09 6.09263e+11
2.41455e-12 2.73704e+09 6.06576e+11
2.42543e-12 2.79297e+09 6.03839e+11
2.43635e-12 2.82375e+09 6.01046e+11
2.44732e-12 2.86851e+09 5.98222e+11
2.45834e-12 2.88898e+09 5.95354e+11
2.46942e-12 2.94971e+09 5.92465e+11
2.48054e-12 3.03279e+09 5.89515e+11
2.49171e-12 3.1049e+09 5.86482e+11
2.50293e-12 3.15272e+09 5.83377e+11
2.5142e-12 3.24587e+09 5.80225e+11
2.52553e-12 3.33327e+09 5.76979e+11
2.5369e-12 3.42797e+09 5.73646e+11
2.54833e-12 3.50615e+09 5.70218e+11
2.5598e-12 3.58335e+09 5.66711e+11
2.57133e-12 3.67649e+09 5.63128e+11
2.58291e-12 3.78336e+09 5.59452e+11
2.59454e-12 3.85746e+09 5.55668e+11
2.60623e-12 3.94123e+09 5.51811e+11
2.61797e-12 4.02243e+09 5.4787e+11
2.62976e-12 4.08558e+09 5.43847e+11
2.6416e-12 4.16558e+09 5.39762e+11
2.6535e-12 4.24588e+09 5.35596e+11
2.66545e-12 4.31295e+09 5.3135e+11
2.67745e-12 4.3726e+09 5.27037e+11
2.68951e-12 4.43936e+09 5.22665e+11
2.70162e-12 4.48281e+09 5.18225e+11
2.71379e-12 4.55077e+09 5.13742e+11
2.72601e-12 4.60052e+09 5.09192e+11
2.73829e-12 4.64292e+09 5.04591e+11
2.75062e-12 4.65456e+09 4.99948e+11
2.76301e-12 4.70458e+09 4.95294e+11
2.77546e-12 4.70957e+09 4.90589e+11
2.78796e-12 4.71935e+09 4.85879e+11
2.80051e-12 4.73855e+09 4.8116e+11
2.81312e-12 4.76597e+09 4.76422e+11
2.82579e-12 4.78222e+09 4.71656e+11
2.83852e-12 4.78993e+09 4.66873e+11
2.8513e-12 4.81513e+09 4.62083e+11
2.86415e-12 4.81885e+09 4.57268e+11
2.87705e-12 4.82474e+09 4.52449e+11
2.89e-12 4.84171e+09 4.47625e+11
2.90302e-12 4.8433e+09 4.42783e+11
2.91609e-12 4.84592e+09 4.3794e+11
2.92923e-12 4.8431e+09 4.33094e+11
2.94242e-12 4.83967e+09 4.28251e+11
2.95567e-12 4.86127e+09 4.23411e+11
2.96898e-12 4.87836e+09 4.1855e+11
2.98235e-12 4.89345e+09 4.13671e+11
2.99578e-12 4.90974e+09 4.08778e+11
3.00928e-12 4.91511e+09 4.03868e+11
3.02283e-12 4.91224e+09 3.98953e+11
3.03644e-12 4.91946e+09 3.94041e+11
3.05012e-12 4.92215e+09 3.89121e+11
3.06386e-12 4.91305e+09 3.84199e+11
3.07765e-12 4.90133e+09 3.79286e+11
3.09152e-12 4.87957e+09 3.74385e+11
3.10544e-12 4.8798e+09 3.69505e+11
3.11942e-12 4.85952e+09 3.64626e+11
3.13347e-12 4.84511e+09 3.59766e+11
3.14759e-12 4.81176e+09 3.54921e+11
3.16176e-12 4.78478e+09 3.50109e+11
3.176e-12 4.76714e+09 3.45324e+11
3.19031e-12 4.75432e+09 3.40557e+11
3.20467e-12 4.72538e+09 3.35803e+11
3.21911e-12 4.69663e+09 3.31078e+11
3.2336e-12 4.65677e+09 3.26381e+11
3.24817e-12 4.62233e+09 3.21724e+11
3.2628e-12 4.60379e+09 3.17102e+11
3.27749e-12 4.57141e+09 3.12498e+11
3.29225e-12 4.52565e+09 3.07927e+11
3.30708e-12 4.4864e+09 3.03401e+11
3.32197e-12 4.44429e+09 2.98915e+11
3.33693e-12 4.40287e+09 2.9447e+11
3.35196e-12 4.36314e+09 2.90067e+11
3.36706e-12 4.31963e+09 2.85704e+11
3.38222e-12 4.28521e+09 2.81385e+11
3.39746e-12 4.24563e+09 2.77099e+11
3.41276e-12 4.19719e+09 2.72854e+11
3.42813e-12 4.15432e+09 2.68657e+11
3.44357e-12 4.11202e+09 2.64502e+11
3.45908e-12 4.06753e+09 2.6039e+11
3.47465e-12 4.02084e+09 2.56323e+11
3.4903e-12 3.98462e+09 2.52302e+11
3.50602e-12 3.94379e+09 2.48317e+11
3.52181e-12 3.89319e+09 2.44373e+11
3.53767e-12 3.85941e+09 2.4048e+11
3.55361e-12 3.81639e+09 2.36621e+11
3.56961e-12 3.76888e+09 2.32804e+11
3.58569e-12 3.7307e+09 2.29036e+11
3.60184e-12 3.69994e+09 2.25305e+11
3.61806e-12 3.66234e+09 2.21605e+11
3.63435e-12 3.61167e+09 2.17943e+11
3.65072e-12 3.57494e+09 2.14331e+11
3.66716e-12 3.53828e+09 2.10756e+11
3.68368e-12 3.4881e+09 2.07218e+11
3.70027e-12 3.446e+09 2.0373e+11
3.71693e-12 3.39286e+09 2.00284e+11
3.73367e-12 3.34958e+09 1.96891e+11
3.75049e-12 3.30453e+09 1.93541e+11
3.76738e-12 3.26095e+09 1.90237e+11
3.78435e-12 3.21504e+09 1.86976e+11
3.80139e-12 3.16444e+09 1.83761e+11
3.81851e-12 3.13806e+09 1.80596e+11
3.83571e-12 3.09511e+09 1.77458e+11
3.85298e-12 3.05083e+09 1.74363e+11
3.87034e-12 3.01258e+09 1.71312e+11
3.88777e-12 2.96948e+09 1.683e+11
3.90528e-12 2.93405e+09 1.6533e+11
3.92286e-12 2.89308e+09 1.62396e+11
3.94053e-12 2.85021e+09 1.59503e+11
3.95828e-12 2.81251e+09 1.56653e+11
3.97611e-12 2.76736e+09 1.5384e+11
3.99401e-12 2.72316e+09 1.51073e+11
4.012e-12 2.68489e+09 1.4835e+11
4.03007e-12 2.64078e+09 1.45665e+11
4.04822e-12 2.59689e+09 1.43024e+11
4.06645e-12 2.55613e+09 1.40427e+11
4.08477e-12 2.5109e+09 1.37871e+11
4.10316e-12 2.47224e+09 1.3536e+11
4.12164e-12 2.43179e+09 1.32888e+11
4.1402e-12 2.39615e+09 1.30456e+11
4.15885e-12 2.35385e+09 1.2806e+11
4.17758e-12 2.3188e+09 1.25706e+11
4.1964e-12 2.2828e+09 1.23387e+11
4.2153e-12 2.24158e+09 1.21105e+11
4.23428e-12 2.20085e+09 1.18863e+11
4.25335e-12 2.16986e+09 1.16662e+11
4.27251e-12 2.129e+09 1.14492e+11
4.29175e-12 2.09596e+09 1.12363e+11
4.31108e-12 2.05971e+09 1.10267e+11
4.33049e-12 2.02259e+09 1.08208e+11
4.35e-12 1.9879e+09 1.06185e+11
4.36959e-12 1.95182e+09 1.04197e+11
4.38927e-12 1.91892e+09 1.02245e+11
4.40903e-12 1.88504e+09 1.00326e+11
4.42889e-12 1.85217e+09 9.84413e+10
4.44884e-12 1.81947e+09 9.65892e+10
4.46887e-12 1.7865e+09 9.47697e+10
4.489e-12 1.75414e+09 9.29832e+10
4.50922e-12 1.72115e+09 9.1229e+10
4.52953e-12 1.68885e+09 8.95079e+10
4.54993e-12 1.65812e+09 8.7819e+10
4.57042e-12 1.62594e+09 8.61609e+10
4.591e-12 1.59478e+09 8.4535e+10
4.61168e-12 1.5682e+09 8.29402e+10
4.63245e-12 1.53965e+09 8.1372e+10
4.65331e-12 1.51292e+09 7.98324e+10
4.67427e-12 1.48391e+09 7.83194e+10
4.69532e-12 1.45347e+09 7.68355e+10
4.71647e-12 1.42557e+09 7.5382e+10
4.73771e-12 1.39933e+09 7.39565e+10
4.75904e-12 1.37528e+09 7.25571e+10
4.78048e-12 1.34967e+09 7.11819e+10
4.80201e-12 1.32438e+09 6.98322e+10
4.82363e-12 1.29893e+09 6.85078e+10
4.84536e-12 1.27492e+09 6.72089e+10
4.86718e-12 1.24927e+09 6.5934e+10
4.8891e-12 1.22626e+09 6.46847e+10
4.91112e-12 1.2025e+09 6.34584e+10
4.93324e-12 1.17891e+09 6.22559e+10
4.95546e-12 1.15623e+09 6.1077e+10
4.97777e-12 1.13373e+09 5.99208e+10
5.00019e-12 1.1114e+09 5.87871e+10
5.02271e-12 1.0896e+09 5.76757e+10
5.04533e-12 1.0686e+09 5.65861e+10
5.06806e-12 1.04913e+09 5.55175e+10
5.09088e-12 1.02875e+09 5.44683e+10
5.11381e-12 1.00809e+09 5.34396e+10
5.13684e-12 9.88789e+08 5.24315e+10
5.15997e-12 9.70182e+08 5.14427e+10
5.18321e-12 9.51748e+08 5.04725e+10
5.20656e-12 9.32886e+08 4.95208e+10
5.23001e-12 9.14411e+08 4.85879e+10
5.25356e-12 8.9642e+08 4.76735e+10
5.27722e-12 8.78709e+08 4.67771e+10
5.30099e-12 8.6198e+08 4.58984e+10
5.32486e-12 8.45065e+08 4.50364e+10
5.34884e-12 8.28344e+08 4.41913e+10
5.37293e-12 8.11956e+08 4.3363e+10
5.39713e-12 7.95748e+08 4.2551e+10
5.42144e-12 7.80128e+08 4.17553e+10
5.44586e-12 7.64739e+08 4.09751e+10
5.47038e-12 7.49201e+08 4.02104e+10
5.49502e-12 7.34372e+08 3.94612e+10
5.51977e-12 7.19723e+08 3.87268e+10
5.54463e-12 7.05717e+08 3.80071e+10
5.5696e-12 6.92037e+08 3.73014e+10
5.59468e-12 6.78009e+08 3.66094e+10
5.61988e-12 6.64685e+08 3.59313e+10
5.64519e-12 6.51351e+08 3.52667e+10
5.67061e-12 6.38475e+08 3.46153e+10
5.69615e-12 6.25927e+08 3.39768e+10
5.72181e-12 6.1334e+08 3.33509e+10
5.74757e-12 6.01064e+08 3.27376e+10
5.77346e-12 5.89209e+08 3.21365e+10
5.79946e-12 5.77554e+08 3.15473e+10
5.82558e-12 5.66201e+08 3.09697e+10
5.85182e-12 5.54917e+08 3.04035e+10
5.87817e-12 5.43904e+08 2.98486e+10
5.90465e-12 5.33267e+08 2.93047e+10
5.93124e-12 5.22817e+08 2.87714e+10
5.95795e-12 5.12622e+08 2.82486e+10
5.98478e-12 5.02475e+08 2.7736e+10
6.01174e-12 4.92594e+08 2.72335e+10
6.03881e-12 4.82973e+08 2.67409e+10
6.06601e-12 4.73607e+08 2.6258e+10
6.09333e-12 4.64389e+08 2.57844e+10
6.12077e-12 4.55362e+08 2.532e+10
6.14834e-12 4.465e+08 2.48646e+10
6.17603e-12 4.37874e+08 2.44181e+10
6.20384e-12 4.29481e+08 2.39802e+10
6.23178e-12 4.21102e+08 2.35508e+10
6.25985e-12 4.12938e+08 2.31297e+10
6.28804e-12 4.04995e+08 2.27167e+10
6.31636e-12 3.97269e+08 2.23117e+10
6.34481e-12 3.89619e+08 2.19144e+10
6.37339e-12 3.82099e+08 2.15248e+10
6.40209e-12 3.74784e+08 2.11427e+10
6.43092e-12 3.67671e+08 2.07679e+10
6.45989e-12 3.60666e+08 2.04003e+10
6.48898e-12 3.53739e+08 2.00396e+10
6.5182e-12 3.47003e+08 1.96859e+10
6.54756e-12 3.40456e+08 1.93389e+10
6.57705e-12 3.34022e+08 1.89984e+10
6.60667e-12 3.27642e+08 1.86644e+10
6.63642e-12 3.2144e+08 1.83367e+10
6.66631e-12 3.15415e+08 1.80153e+10
6.69633e-12 3.09488e+08 1.76999e+10
6.72649e-12 3.03612e+08 1.73904e+10
6.75679e-12 2.97904e+08 1.70868e+10
6.78722e-12 2.92362e+08 1.67889e+10
6.81779e-12 2.86883e+08 1.64965e+10
6.84849e-12 2.81475e+08 1.62096e+10
6.87933e-12 2.76224e+08 1.59282e+10
6.91032e-12 2.71128e+08 1.56519e+10
6.94144e-12 2.66048e+08 1.53808e+10
6.9727e-12 2.61072e+08 1.51148e+10
7.0041e-12 2.56244e+08 1.48537e+10
7.03565e-12 2.51551e+08 1.45975e+10
7.06734e-12 2.46836e+08 1.43459e+10
7.09916e-12 2.42262e+08 1.40991e+10
7.13114e-12 2.37826e+08 1.38568e+10
7.16325e-12 2.3345e+08 1.3619e+10
7.19551e-12 2.29116e+08 1.33855e+10
7.22792e-12 2.24914e+08 1.31564e+10
7.26047e-12 2.20842e+08 1.29315e+10
7.29317e-12 2.16749e+08 1.27107e+10
7.32602e-12 2.12768e+08 1.24939e+10
7.35901e-12 2.08912e+08 1.22811e+10
7.39216e-12 2.05107e+08 1.20722e+10
7.42545e-12 2.01336e+08 1.18671e+10
7.45889e-12 1.97685e+08 1.16658e+10
7.49248e-12 1.94143e+08 1.14681e+10
7.52623e-12 1.90571e+08 1.1274e+10
7.56012e-12 1.87112e+08 1.10834e+10
7.59417e-12 1.83767e+08 1.08963e+10
7.62837e-12 1.80427e+08 1.07125e+10
7.66273e-12 1.77152e+08 1.05321e+10
7.69724e-12 1.73986e+08 1.03549e+10
7.73191e-12 1.70864e+08 1.01809e+10
7.76673e-12 1.67764e+08 1.00101e+10
7.80171e-12 1.64767e+08 9.84231e+09
7.83684e-12 1.61846e+08 9.67755e+09
7.87214e-12 1.58911e+08 9.5157e+09
7.90759e-12 1.56076e+08 9.35679e+09
7.94321e-12 1.53337e+08 9.20071e+09
7.97898e-12 1.5056e+08 9.04737e+09
8.01492e-12 1.47878e+08 8.89682e+09
8.05101e-12 1.4529e+08 8.74894e+09
8.08727e-12 1.42679e+08 8.60365e+09
8.12369e-12 1.40143e+08 8.46097e+09
8.16028e-12 1.37697e+08 8.32083e+09
8.19703e-12 1.35238e+08 8.18313e+09
8.23395e-12 1.32841e+08 8.04789e+09
8.27103e-12 1.30531e+08 7.91505e+09
8.30828e-12 1.28212e+08 7.78452e+09
8.3457e-12 1.25947e+08 7.65631e+09
8.38329e-12 1.23766e+08 7.53036e+09
8.42104e-12 1.21576e+08 7.40659e+09
8.45897e-12 1.19436e+08 7.28502e+09
8.49707e-12 1.17378e+08 7.16558e+09
8.53534e-12 1.15305e+08 7.0482e+09
8.57378e-12 1.13286e+08 6.9329e+09
8.61239e-12 1.11345e+08 6.81961e+09
8.65118e-12 1.0938e+08 6.70827e+09
8.69014e-12 1.07475e+08 6.59889e+09
8.72928e-12 1.05645e+08 6.49141e+09
8.76859e-12 1.03779e+08 6.38577e+09
8.80808e-12 1.01984e+08 6.28199e+09
8.84775e-12 1.00247e+08 6.18e+09
8.8876e-12 9.84853e+07 6.07976e+09
8.92763e-12 9.67941e+07 5.98127e+09
8.96783e-12 9.51397e+07 5.88448e+09
9.00822e-12 9.34803e+07 5.78934e+09
9.04879e-12 9.18886e+07 5.69586e+09
9.08955e-12 9.03102e+07 5.60397e+09
9.13048e-12 8.87483e+07 5.51366e+09
9.1716e-12 8.72518e+07 5.42491e+09
9.21291e-12 8.5743e+07 5.33766e+09
9.2544e-12 8.42742e+07 5.25192e+09
9.29608e-12 8.28651e+07 5.16764e+09
9.33795e-12 8.14238e+07 5.08478e+09
9.38e-12 8.0044e+07 5.00335e+09
9.42225e-12 7.86932e+07 4.92331e+09
9.46468e-12 7.73391e+07 4.84462e+09
9.50731e-12 7.60446e+07 4.76728e+09
9.55013e-12 7.47471e+07 4.69123e+09
9.59314e-12 7.34764e+07 4.61648e+09
9.63634e-12 7.22618e+07 4.54301e+09
9.67974e-12 7.10148e+07 4.47075e+09
9.72334e-12 6.98241e+07 4.39973e+09
9.76713e-12 6.86539e+07 4.32991e+09
9.81112e-12 6.74853e+07 4.26125e+09
9.8553e-12 6.63712e+07 4.19377e+09
9.89969e-12 6.52415e+07 4.1274e+09
9.94427e-12 6.4148e+07 4.06216e+09
9.98906e-12 6.30877e+07 3.99801e+09
1.0034e-11 6.20146e+07 3.93492e+09
1.00792e-11 6.09931e+07 3.87291e+09
1.01246e-11 5.99664e+07 3.81191e+09
1.01702e-11 5.89638e+07 3.75195e+09
1.0216e-11 5.79988e+07 3.69298e+09
1.0262e-11 5.70151e+07 3.63498e+09
1.03083e-11 5.60803e+07 3.57797e+09
1.03547e-11 5.51428e+07 3.52189e+09
1.04013e-11 5.42256e+07 3.46674e+09
1.04482e-11 5.3343e+07 3.41252e+09
1.04952e-11 5.24433e+07 3.35918e+09
1.05425e-11 5.15899e+07 3.30673e+09
1.059e-11 5.07297e+07 3.25514e+09
1.06377e-11 4.98925e+07 3.20441e+09
1.06856e-11 4.90814e+07 3.15452e+09
1.07337e-11 4.82603e+07 3.10544e+09
1.0782e-11 4.74833e+07 3.05718e+09
1.08306e-11 4.66902e+07 3.0097e+09
1.08794e-11 4.59281e+07 2.96301e+09
1.09284e-11 4.5179e+07 2.91708e+09
1.09776e-11 4.44318e+07 2.8719e+09
1.1027e-11 4.37239e+07 2.82747e+09
1.10767e-11 4.29916e+07 2.78374e+09
1.11266e-11 4.23002e+07 2.74075e+09
1.11767e-11 4.16048e+07 2.69845e+09
1.1227e-11 4.09271e+07 2.65685e+09
1.12776e-11 4.02688e+07 2.61592e+09
1.13284e-11 3.96048e+07 2.57565e+09
1.13794e-11 3.89799e+07 2.53605e+09
1.14307e-11 3.8331e+07 2.49707e+09
1.14821e-11 3.77187e+07 2.45873e+09
1.15338e-11 3.71033e+07 2.42102e+09
1.15858e-11 3.65036e+07 2.38391e+09
1.1638e-11 3.59197e+07 2.34741e+09
1.16904e-11 3.53326e+07 2.31149e+09
1.1743e-11 3.47782e+07 2.27616e+09
1.17959e-11 3.42035e+07 2.24138e+09
1.1849e-11 3.36645e+07 2.20717e+09
1.19024e-11 3.31147e+07 2.17351e+09
1.1956e-11 3.25872e+07 2.1404e+09
1.20099e-11 3.20642e+07 2.10781e+09
1.2064e-11 3.15482e+07 2.07574e+09
1.21183e-11 3.10505e+07 2.0442e+09
1.21729e-11 3.05458e+07 2.01315e+09
1.22277e-11 3.00719e+07 1.9826e+09
1.22828e-11 2.95785e+07 1.95253e+09
1.23381e-11 2.91178e+07 1.92295e+09
1.23936e-11 2.86448e+07 1.89383e+09
1.24495e-11 2.81946e+07 1.86519e+09
1.25055e-11 2.77433e+07 1.83699e+09
1.25618e-11 2.73035e+07 1.80925e+09
1.26184e-11 2.68726e+07 1.78195e+09
1.26753e-11 2.64431e+07 1.75507e+09
1.27323e-11 2.60315e+07 1.72863e+09
1.27897e-11 2.56122e+07 1.7026e+09
1.28473e-11 2.52187e+07 1.67699e+09
1.29051e-11 2.48095e+07 1.65177e+09
1.29633e-11 2.44299e+07 1.62696e+09
1.30216e-11 2.40341e+07 1.60253e+09
1.30803e-11 2.36638e+07 1.57849e+09
1.31392e-11 2.32846e+07 1.55483e+09
1.31984e-11 2.29237e+07 1.53155e+09
1.32578e-11 2.25602e+07 1.50862e+09
1.33175e-11 2.22086e+07 1.48606e+09
1.33775e-11 2.18599e+07 1.46385e+09
1.34378e-11 2.15174e+07 1.44199e+09
1.34983e-11 2.11828e+07 1.42048e+09
1.35591e-11 2.08493e+07 1.39929e+09
1.36201e-11 2.05279e+07 1.37844e+09
1.36815e-11 2.02033e+07 1.35792e+09
1.37431e-11 1.98944e+07 1.33771e+09
1.3805e-11 1.95787e+07 1.31782e+09
1.38672e-11 1.92816e+07 1.29824e+09
1.39296e-11 1.89747e+07 1.27896e+09
1.39923e-11 1.86887e+07 1.25998e+09
1.40554e-11 1.83904e+07 1.24129e+09
1.41187e-11 1.8115e+07 1.2229e+09
1.41823e-11 1.78252e+07 1.20479e+09
1.42461e-11 1.75597e+07 1.18696e+09
1.43103e-11 1.72784e+07 1.1694e+09
1.43747e-11 1.7021e+07 1.15213e+09
1.44395e-11 1.67493e+07 1.1351e+09
1.45045e-11 1.64997e+07 1.11836e+09
1.45698e-11 1.62372e+07 1.10186e+09
1.46354e-11 1.59955e+07 1.08562e+09
1.47014e-11 1.57417e+07 1.06962e+09
1.47676e-11 1.55077e+07 1.05388e+09
1.48341e-11 1.52622e+07 1.03837e+09
1.49009e-11 1.50357e+07 1.02311e+09
1.4968e-11 1.4798e+07 1.00808e+09
1.50354e-11 1.4579e+07 9.93278e+08
1.51031e-11 1.43487e+07 9.78699e+08
1.51711e-11 1.41371e+07 9.6435e+08
1.52395e-11 1.39137e+07 9.50213e+08
1.53081e-11 1.37095e+07 9.36299e+08
1.5377e-11 1.34927e+07 9.2259e+08
1.54463e-11 1.32954e+07 9.09097e+08
1.55159e-11 1.3085e+07 8.95802e+08
1.55857e-11 1.28934e+07 8.82717e+08
1.56559e-11 1.26904e+07 8.69823e+08
1.57265e-11 1.25042e+07 8.57133e+08
1.57973e-11 1.23084e+07 8.44629e+08
1.58684e-11 1.21272e+07 8.3232e+08
1.59399e-11 1.19386e+07 8.20193e+08
1.60117e-11 1.17621e+07 8.08254e+08
1.60838e-11 1.15805e+07 7.96492e+08
1.61562e-11 1.14086e+07 7.84912e+08
1.6229e-11 1.12339e+07 7.73503e+08
1.63021e-11 1.10662e+07 7.62269e+08
1.63755e-11 1.08984e+07 7.51203e+08
1.64493e-11 1.07347e+07 7.40305e+08
1.65233e-11 1.05736e+07 7.2957e+08
1.65978e-11 1.04137e+07 7.18996e+08
1.66725e-11 1.02592e+07 7.08583e+08
1.67476e-11 1.01028e+07 6.98324e+08
1.6823e-11 9.95495e+06 6.88221e+08
1.68988e-11 9.80191e+06 6.78266e+08
1.69749e-11 9.66048e+06 6.68464e+08
1.70513e-11 9.51058e+06 6.58803e+08
1.71281e-11 9.37426e+06 6.49293e+08
1.72053e-11 9.22858e+06 6.39919e+08
1.72828e-11 9.09492e+06 6.3069e+08
1.73606e-11 8.95563e+06 6.21595e+08
1.74388e-11 8.82447e+06 6.12639e+08
1.75173e-11 8.69148e+06 6.03815e+08
1.75962e-11 8.56266e+06 5.95123e+08
1.76755e-11 8.43588e+06 5.86561e+08
1.77551e-11 8.30924e+06 5.78125e+08
1.7835e-11 8.18858e+06 5.69816e+08
1.79154e-11 8.06398e+06 5.61627e+08
1.7996e-11 7.94936e+06 5.53563e+08
1.80771e-11 7.82666e+06 5.45614e+08
1.81585e-11 7.71508e+06 5.37787e+08
1.82403e-11 7.59706e+06 5.30072e+08
1.83224e-11 7.48706e+06 5.22475e+08
1.8405e-11 7.37498e+06 5.14988e+08
1.84878e-11 7.26643e+06 5.07613e+08
1.85711e-11 7.16021e+06 5.00346e+08
1.86547e-11 7.053e+06 4.93186e+08
1.87388e-11 6.95257e+06 4.86133e+08
1.88232e-11 6.84658e+06 4.79181e+08
1.89079e-11 6.75023e+06 4.72334e+08
1.89931e-11 6.64699e+06 4.65584e+08
1.90786e-11 6.55162e+06 4.58937e+08
1.91646e-11 6.45406e+06 4.52385e+08
1.92509e-11 6.35958e+06 4.45931e+08
1.93376e-11 6.26761e+06 4.39572e+08
1.94247e-11 6.17393e+06 4.33304e+08
1.95121e-11 6.08749e+06 4.2713e+08
1.96e-11 5.99451e+06 4.21043e+08
1.96883e-11 5.90998e+06 4.15048e+08
1.9777e-11 5.82118e+06 4.09138e+08
1.9866e-11 5.73718e+06 4.03317e+08
1.99555e-11 5.65378e+06 3.9758e+08
2.00454e-11 5.57023e+06 3.91926e+08
2.01357e-11 5.49217e+06 3.86356e+08
2.02263e-11 5.40899e+06 3.80864e+08
2.03174e-11 5.33338e+06 3.75455e+08
2.04089e-11 5.25334e+06 3.70121e+08
2.05008e-11 5.17796e+06 3.64868e+08
2.05932e-11 5.10314e+06 3.5969e+08
2.06859e-11 5.02792e+06 3.54587e+08
2.07791e-11 4.95826e+06 3.49559e+08
2.08727e-11 4.88314e+06 3.44601e+08
2.09667e-11 4.81486e+06 3.39717e+08
2.10611e-11 4.74351e+06 3.34903e+08
2.1156e-11 4.67521e+06 3.30159e+08
2.12512e-11 4.60889e+06 3.25484e+08
2.13469e-11 4.54053e+06 3.20875e+08
2.14431e-11 4.47841e+06 3.16334e+08
2.15397e-11 4.41071e+06 3.11856e+08
2.16367e-11 4.34844e+06 3.07445e+08
2.17341e-11 4.28564e+06 3.03097e+08
2.1832e-11 4.22316e+06 2.98811e+08
2.19303e-11 4.16523e+06 2.94588e+08
2.20291e-11 4.10248e+06 2.90423e+08
2.21283e-11 4.04545e+06 2.8632e+08
2.2228e-11 3.98631e+06 2.82275e+08
2.23281e-11 3.92894e+06 2.78289e+08
2.24286e-11 3.87455e+06 2.7436e+08
2.25296e-11 3.8168e+06 2.70485e+08
2.26311e-11 3.76432e+06 2.66668e+08
2.2733e-11 3.70893e+06 2.62904e+08
2.28354e-11 3.65602e+06 2.59195e+08
2.29383e-11 3.60526e+06 2.55539e+08
2.30416e-11 3.55187e+06 2.51934e+08
2.31453e-11 3.50335e+06 2.48382e+08
2.32496e-11 3.45178e+06 2.44879e+08
2.33543e-11 3.40275e+06 2.41427e+08
2.34595e-11 3.35569e+06 2.38024e+08
2.35651e-11 3.30609e+06 2.34668e+08
2.36713e-11 3.26102e+06 2.31362e+08
2.37779e-11 3.2133e+06 2.28101e+08
2.3885e-11 3.16764e+06 2.24888e+08
2.39925e-11 3.12431e+06 2.2172e+08
2.41006e-11 3.07802e+06 2.18596e+08
2.42091e-11 3.03594e+06 2.15518e+08
2.43182e-11 2.99209e+06 2.12482e+08
2.44277e-11 2.94936e+06 2.0949e+08
2.45377e-11 2.90979e+06 2.06541e+08
2.46482e-11 2.86636e+06 2.03631e+08
2.47592e-11 2.82689e+06 2.00764e+08
2.48707e-11 2.7869e+06 1.97938e+08
2.49827e-11 2.74671e+06 1.95151e+08
2.50952e-11 2.7102e+06 1.92404e+08
2.52083e-11 2.66996e+06 1.89694e+08
2.53218e-11 2.63273e+06 1.87024e+08
2.54358e-11 2.5966e+06 1.84391e+08
2.55504e-11 2.5586e+06 1.81794e+08
2.56655e-11 2.52408e+06 1.79236e+08
2.57811e-11 2.48776e+06 1.76712e+08
2.58972e-11 2.45247e+06 1.74224e+08
2.60138e-11 2.42017e+06 1.71772e+08
2.6131e-11 2.38406e+06 1.69351e+08
2.62486e-11 2.35124e+06 1.66967e+08
2.63669e-11 2.31881e+06 1.64616e+08
2.64856e-11 2.28518e+06 1.62297e+08
2.66049e-11 2.25463e+06 1.60012e+08
2.67247e-11 2.22219e+06 1.57757e+08
2.68451e-11 2.19082e+06 1.55535e+08
2.6966e-11 2.16224e+06 1.53344e+08
2.70874e-11 2.13002e+06 1.51182e+08
2.72094e-11 2.10074e+06 1.49052e+08
2.7332e-11 2.07218e+06 1.46951e+08
2.74551e-11 2.04204e+06 1.44879e+08
2.75787e-11 2.01466e+06 1.42837e+08
2.77029e-11 1.98624e+06 1.40823e+08
2.78277e-11 1.95802e+06 1.38836e+08
2.7953e-11 1.93239e+06 1.36878e+08
2.80789e-11 1.90418e+06 1.34946e+08
2.82054e-11 1.87772e+06 1.33042e+08
2.83324e-11 1.85315e+06 1.31164e+08
2.846e-11 1.82579e+06 1.29311e+08
2.85882e-11 1.80094e+06 1.27485e+08
2.87169e-11 1.7766e+06 1.25684e+08
2.88462e-11 1.75087e+06 1.23908e+08
2.89762e-11 1.7275e+06 1.22157e+08
2.91067e-11 1.70346e+06 1.20429e+08
2.92377e-11 1.67922e+06 1.18726e+08
2.93694e-11 1.65721e+06 1.17046e+08
2.95017e-11 1.63355e+06 1.15389e+08
2.96346e-11 1.61068e+06 1.13756e+08
2.9768e-11 1.58992e+06 1.12145e+08
2.99021e-11 1.56669e+06 1.10555e+08
3.00368e-11 1.54508e+06 1.08988e+08
3.0172e-11 1.52522e+06 1.07443e+08
3.03079e-11 1.50272e+06 1.05918e+08
3.04444e-11 1.48228e+06 1.04415e+08
3.05815e-11 1.46284e+06 1.02933e+08
3.07193e-11 1.44151e+06 1.0147e+08
3.08576e-11 1.42214e+06 1.00029e+08
3.09966e-11 1.40316e+06 9.86066e+07
3.11362e-11 1.38291e+06 9.72035e+07
3.12764e-11 1.36452e+06 9.58206e+07
3.14173e-11 1.34605e+06 9.4456e+07
3.15588e-11 1.3268e+06 9.311e+07
3.17009e-11 1.30932e+06 9.17832e+07
3.18437e-11 1.2914e+06 9.04739e+07
3.19871e-11 1.27306e+06 8.91825e+07
3.21312e-11 1.25642e+06 8.79094e+07
3.22759e-11 1.23907e+06 8.6653e+07
3.24212e-11 1.22158e+06 8.54139e+07
3.25672e-11 1.2057e+06 8.41923e+07
3.27139e-11 1.18897e+06 8.29866e+07
3.28612e-11 1.17226e+06 8.17976e+07
3.30092e-11 1.15709e+06 8.06254e+07
3.31579e-11 1.14099e+06 7.94683e+07
3.33072e-11 1.125e+06 7.83273e+07
3.34573e-11 1.11047e+06 7.72023e+07
3.36079e-11 1.09504e+06 7.60918e+07
3.37593e-11 1.0797e+06 7.49968e+07
3.39113e-11 1.06578e+06 7.39171e+07
3.40641e-11 1.05103e+06 7.28513e+07
3.42175e-11 1.03629e+06 7.18003e+07
3.43716e-11 1.02292e+06 7.0764e+07
3.45264e-11 1.00886e+06 6.97411e+07
3.46819e-11 994687 6.87322e+07
3.48381e-11 981816 6.77375e+07
3.4995e-11 968479 6.67557e+07
3.51526e-11 954813 6.57872e+07
3.53109e-11 942405 6.48324e+07
3.54699e-11 929797 6.389e+07
3.56297e-11 916599 6.29602e+07
3.57901e-11 904616 6.20436e+07
3.59513e-11 892748 6.1139e+07
3.61132e-11 879980 6.02463e+07
3.62759e-11 868384 5.93663e+07
3.64393e-11 857267 5.84979e+07
3.66034e-11 844891 5.76406e+07
3.67682e-11 833651 5.67957e+07
3.69338e-11 823294 5.59621e+07
3.71002e-11 811276 5.51388e+07
3.72672e-11 800358 5.43275e+07
3.74351e-11 790455 5.35272e+07
3.76037e-11 779078 5.27367e+07
3.7773e-11 768454 5.19576e+07
3.79432e-11 758814 5.11892e+07
3.8114e-11 748245 5.04304e+07
3.82857e-11 737887 4.96821e+07
3.84581e-11 728485 4.89442e+07
3.86313e-11 718728 4.82157e+07
3.88053e-11 708609 4.7497e+07
3.89801e-11 699422 4.67884e+07
3.91556e-11 690480 4.6089e+07
3.9332e-11 680576 4.53985e+07
3.95091e-11 671581 4.47179e+07
3.96871e-11 663424 4.40463e+07
3.98658e-11 653744 4.33829e+07
4.00453e-11 644920 4.27292e+07
4.02257e-11 636915 4.20843e+07
4.04069e-11 628074 4.14473e+07
4.05888e-11 619400 4.08193e+07
4.07716e-11 611528 4.01999e+07
4.09553e-11 603527 3.95883e+07
4.11397e-11 594984 3.89848e+07
4.1325e-11 587226 3.83898e+07
4.15111e-11 580068 3.78026e+07
4.16981e-11 571636 3.72225e+07
4.18859e-11 563977 3.66509e+07
4.20745e-11 557030 3.60869e+07
4.2264e-11 549324 3.55299e+07
4.24543e-11 541746 3.49806e+07
4.26455e-11 534869 3.44388e+07
4.28376e-11 528016 3.3904e+07
4.30305e-11 520504 3.33759e+07
4.32243e-11 513683 3.28554e+07
4.3419e-11 507498 3.23417e+07
4.36146e-11 500221 3.18342e+07
4.3811e-11 493441 3.1334e+07
4.40083e-11 487290 3.08406e+07
4.42065e-11 480870 3.03533e+07
4.44056e-11 474118 2.98724e+07
4.46056e-11 467988 2.93983e+07
4.48065e-11 462425 2.89303e+07
4.50083e-11 455687 2.84679e+07
4.5211e-11 449566 2.80122e+07
4.54146e-11 444014 2.75626e+07
4.56191e-11 438126 2.71186e+07
4.58246e-11 432001 2.66805e+07
4.6031e-11 426441 2.62485e+07
4.62383e-11 421402 2.58221e+07
4.64465e-11 415269 2.54007e+07
4.66557e-11 409691 2.49854e+07
4.68658e-11 404630 2.45757e+07
4.70769e-11 399352 2.41711e+07
4.72889e-11 393743 2.37717e+07
4.75019e-11 388651 2.3378e+07
4.77158e-11 384035 2.29893e+07
4.79307e-11 378578 2.26053e+07
4.81466e-11 373444 2.22267e+07
4.83634e-11 368786 2.18533e+07
4.85812e-11 364179 2.14845e+07
4.88e-11 358992 2.11203e+07
4.90198e-11 354282 2.07613e+07
4.92406e-11 350012 2.0407e+07
4.94623e-11 345278 2.0057e+07
4.96851e-11 340506 1.97117e+07
4.99089e-11 336175 1.93712e+07
5.01336e-11 332250 1.90351e+07
5.03594e-11 327442 1.87028e+07
5.05862e-11 323041 1.83754e+07
5.08141e-11 319049 1.80523e+07
5.10429e-11 315078 1.77333e+07
5.12728e-11 310596 1.74182e+07
5.15037e-11 306527 1.71076e+07
5.17357e-11 302838 1.68011e+07
5.19687e-11 298828 1.64982e+07
5.22027e-11 294672 1.61994e+07
5.24378e-11 290900 1.59047e+07
5.2674e-11 287482 1.56138e+07
5.29112e-11 283472 1.53263e+07
5.31495e-11 279608 1.50429e+07
5.33889e-11 276103 1.47633e+07
5.36293e-11 272916 1.44872e+07
5.38709e-11 268951 1.42143e+07
5.41135e-11 265350 1.39453e+07
5.43572e-11 262083 1.36799e+07
5.4602e-11 258919 1.34179e+07
5.48479e-11 255212 1.31589e+07
5.50949e-11 251845 1.29037e+07
5.53431e-11 248793 1.26519e+07
5.55923e-11 245682 1.24031e+07
5.58427e-11 242206 1.21574e+07
5.60942e-11 239050 1.19152e+07
5.63468e-11 236189 1.16762e+07
5.66006e-11 233157 1.144e+07
5.68555e-11 229888 1.12068e+07
5.71116e-11 226921 1.09769e+07
5.73688e-11 224232 1.075e+07
5.76272e-11 221302 1.05258e+07
5.78867e-11 218219 1.03045e+07
5.81474e-11 215421 1.00863e+07
5.84093e-11 212886 9.87083e+06
5.86723e-11 210078 9.65794e+06
5.89366e-11 207162 9.44787e+06
5.9202e-11 204516 9.2407e+06
5.94686e-11 202117 9.03619e+06
5.97365e-11 199449 8.83407e+06
6.00055e-11 196683 8.63462e+06
6.02758e-11 194172 8.43794e+06
6.05472e-11 191896 8.24377e+06
6.08199e-11 189383 8.05187e+06
6.10938e-11 186750 7.86249e+06
6.1369e-11 184360 7.67574e+06
6.16454e-11 182194 7.49138e+06
6.1923e-11 179850 7.30918e+06
6.22019e-11 177336 7.12933e+06
6.2482e-11 175054 6.952e+06
6.27634e-11 172985 6.77694e+06
6.30461e-11 170822 6.60396e+06
6.333e-11 168414 6.43314e+06
6.36152e-11 166228 6.26472e+06
6.39017e-11 164246 6.0985e+06
6.41895e-11 162274 5.93425e+06
6.44786e-11 159960 5.77198e+06
6.4769e-11 157859 5.61202e+06
6.50607e-11 155953 5.45416e+06
6.53537e-11 154183 5.2982e+06
6.56481e-11 151952 5.14402e+06
6.59437e-11 149925 4.99207e+06
6.62407e-11 148087 4.84215e+06
6.65391e-11 146423 4.69406e+06
6.68387e-11 144368 4.54763e+06
6.71398e-11 142408 4.40327e+06
6.74421e-11 140629 4.26086e+06
6.77459e-11 139017 4.12023e+06
6.8051e-11 137191 3.98121e+06
6.83575e-11 135287 3.84402e+06
6.86653e-11 133559 3.70873e+06
6.89746e-11 131994 3.57517e+06
6.92852e-11 130403 3.44318e+06
6.95973e-11 128548 3.31278e+06
6.99107e-11 126864 3.18423e+06
7.02256e-11 125337 3.05737e+06
7.05418e-11 123954 2.93203e+06
7.08595e-11 122173 2.80808e+06
7.11787e-11 120526 2.6859e+06
7.14992e-11 119031 2.56538e+06
7.18212e-11 117678 2.44635e+06
7.21447e-11 116148 2.32867e+06
7.24696e-11 114531 2.21252e+06
7.2796e-11 113063 2.09799e+06
7.31239e-11 111733 1.98493e+06
7.34532e-11 110460 1.87319e+06
7.3784e-11 108867 1.76273e+06
7.41163e-11 107421 1.65386e+06
7.44501e-11 106109 1.54644e+06
7.47854e-11 104921 1.44034e+06
7.51222e-11 103522 1.33541e+06
7.54605e-11 102091 1.23189e+06
7.58004e-11 100793 1.1298e+06
7.61418e-11 99615.9 1.02901e+06
7.64847e-11 98484.2 929392
7.68292e-11 97063.8 830908
7.71752e-11 95773.7 733844
7.75228e-11 94603.7 638070
7.78719e-11 93544.5 543466
7.82226e-11 92328.5 449922
7.85749e-11 91042.3 357593
7.89288e-11 89874.8 266551
7.92842e-11 88816.8 176676
7.96413e-11 87859.6 87859.6
