1e-14 0 1.95807e-25
1.0045e-14 0 1.95807e-25
1.00903e-14 0 1.95807e-25
1.01357e-14 0 1.95807e-25
1.01814e-14 0 1.95807e-25
1.02272e-14 0 1.95807e-25
1.02733e-14 0 1.95807e-25
1.03196e-14 0 1.95807e-25
1.0366e-14 0 1.95807e-25
1.04127e-14 0 1.95807e-25
1.04596e-14 0 1.95807e-25
1.05067e-14 0 1.95807e-25
1.0554e-14 0 1.95807e-25
1.06016e-14 0 1.95807e-25
1.06493e-14 0 1.95807e-25
1.06973e-14 0 1.95807e-25
1.07455e-14 0 1.95807e-25
1.07938e-14 0 1.95807e-25
1.08425e-14 0 1.95807e-25
1.08913e-14 0 1.95807e-25
1.09403e-14 0 1.95807e-25
1.09896e-14 0 1.95807e-25
1.10391e-14 0 1.95807e-25
1.10888e-14 0 1.95807e-25
1.11388e-14 0 1.95807e-25
1.11889e-14 0 1.95807e-25
1.12393e-14 0 1.95807e-25
1.12899e-14 0 1.95807e-25
1.13408e-14 0 1.95807e-25
1.13919e-14 0 1.95807e-25
1.14432e-14 0 1.95807e-25
1.14947e-14 0 1.95807e-25
1.15465e-14 0 1.95807e-25
1.15985e-14 0 1.95807e-25
1.16507e-14 0 1.95807e-25
1.17032e-14 0 1.95807e-25
1.17559e-14 0 1.95807e-25
1.18088e-14 0 1.95807e-25
1.1862e-14 0 1.95807e-25
1.19154e-14 0 1.95807e-25
1.19691e-14 0 1.95807e-25
1.2023e-14 0 1.95807e-25
1.20772e-14 0 1.95807e-25
1.21316e-14 0 1.95807e-25
1.21862e-14 0 1.95807e-25
1.22411e-14 0 1.95807e-25
1.22962e-14 0 1.95807e-25
1.23516e-14 0 1.95807e-25
1.24072e-14 0 1.95807e-25
1.24631e-14 0 1.95807e-25
1.25192e-14 0 1.95807e-25
1.25756e-14 0 1.95807e-25
1.26322e-14 0 1.95807e-25
1.26891e-14 0 1.95807e-25
1.27463e-14 0 1.95807e-25
1.28037e-14 0 1.95807e-25
1.28613e-14 0 1.95807e-25
1.29193e-14 0 1.95807e-25
1.29775e-14 0 1.95807e-25
1.30359e-14 0 1.95807e-25
1.30946e-14 0 1.95807e-25
1.31536e-14 0 1.95807e-25
1.32128e-14 0 1.95807e-25
1.32723e-14 0 1.95807e-25
1.33321e-14 0 1.95807e-25
1.33922e-14 0 1.95807e-25
1.34525e-14 0 1.95807e-25
1.35131e-14 0 1.95807e-25
1.35739e-14 0 1.95807e-25
1.3635e-14 0 1.95807e-25
1.36965e-14 0 1.95807e-25
1.37581e-14 0 1.95807e-25
1.38201e-14 0 1.95807e-25
1.38823e-14 0 1.95807e-25
1.39449e-14 0 1.95807e-25
1.40077e-14 0 1.95807e-25
1.40708e-14 0 1.95807e-25
1.41341e-14 0 1.95807e-25
1.41978e-14 0 1.95807e-25
1.42617e-14 0 1.95807e-25
1.4326e-14 0 1.95807e-25
1.43905e-14 0 1.95807e-25
1.44553e-14 0 1.95807e-25
1.45204e-14 0 1.95807e-25
1.45858e-14 0 1.95807e-25
1.46515e-14 0 1.95807e-25
1.47175e-14 0 1.95807e-25
1.47837e-14 0 1.95807e-25
1.48503e-14 0 1.95807e-25
1.49172e-14 0 1.95807e-25
1.49844e-14 0 1.95807e-25
1.50519e-14 0 1.95807e-25
1.51197e-14 0 1.95807e-25
1.51878e-14 0 1.95807e-25
1.52562e-14 0 1.95807e-25
1.53249e-14 0 1.95807e-25
1.53939e-14 0 1.95807e-25
1.54632e-14 0 1.95807e-25
1.55329e-14 0 1.95807e-25
1.56028e-14 0 1.95807e-25
1.56731e-14 0 1.95807e-25
1.57437e-14 0 1.95807e-25
1.58146e-14 0 1.95807e-25
1.58858e-14 0 1.95807e-25
1.59573e-14 0 1.95807e-25
1.60292e-14 0 1.95807e-25
1.61014e-14 0 1.95807e-25
1.61739e-14 0 1.95807e-25
1.62468e-14 0 1.95807e-25
1.63199e-14 0 1.95807e-25
1.63934e-14 0 1.95807e-25
1.64673e-14 0 1.95807e-25
1.65414e-14 0 1.95807e-25
1.66159e-14 0 1.95807e-25
1.66908e-14 0 1.95807e-25
1.67659e-14 0 1.95807e-25
1.68414e-14 0 1.95807e-25
1.69173e-14 0 1.95807e-25
1.69935e-14 0 1.95807e-25
1.707e-14 0 1.95807e-25
1.71469e-14 0 1.95807e-25
1.72241e-14 0 1.95807e-25
1.73017e-14 0 1.95807e-25
1.73796e-14 0 1.95807e-25
1.74579e-14 0 1.95807e-25
1.75365e-14 0 1.95807e-25
1.76155e-14 0 1.95807e-25
1.76948e-14 0 1.95807e-25
1.77745e-14 0 1.95807e-25
1.78546e-14 0 1.95807e-25
1.7935e-14 0 1.95807e-25
1.80158e-14 0 1.95807e-25
1.80969e-14 0 1.95807e-25
1.81784e-14 0 1.95807e-25
1.82603e-14 0 1.95807e-25
1.83425e-14 0 1.95807e-25
1.84251e-14 0 1.95807e-25
1.85081e-14 0 1.95807e-25
1.85914e-14 0 1.95807e-25
1.86752e-14 0 1.95807e-25
1.87593e-14 0 1.95807e-25
1.88438e-14 0 1.95807e-25
1.89286e-14 0 1.95807e-25
1.90139e-14 0 1.95807e-25
1.90995e-14 0 1.95807e-25
1.91855e-14 0 1.95807e-25
1.92719e-14 0 1.95807e-25
1.93587e-14 0 1.95807e-25
1.94459e-14 0 1.95807e-25
1.95335e-14 0 1.95807e-25
1.96215e-14 0 1.95807e-25
1.97098e-14 0 1.95807e-25
1.97986e-14 0 1.95807e-25
1.98878e-14 0 1.95807e-25
1.99774e-14 0 1.95807e-25
2.00673e-14 0 1.95807e-25
2.01577e-14 0 1.95807e-25
2.02485e-14 0 1.95807e-25
2.03397e-14 0 1.95807e-25
2.04313e-14 0 1.95807e-25
2.05233e-14 0 1.95807e-25
2.06157e-14 0 1.95807e-25
2.07086e-14 0 1.95807e-25
2.08018e-14 0 1.95807e-25
2.08955e-14 0 1.95807e-25
2.09896e-14 0 1.95807e-25
2.10842e-14 0 1.95807e-25
2.11791e-14 0 1.95807e-25
2.12745e-14 1.04328e-42 1.95807e-25
2.13703e-14 3.82153e-42 1.95807e-25
2.14666e-14 5.8931e-42 1.95807e-25
2.15632e-14 7.98137e-42 1.95807e-25
2.16604e-14 9.32949e-42 1.95807e-25
2.17579e-14 1.35263e-41 1.95807e-25
2.18559e-14 2.17964e-41 1.95807e-25
2.19543e-14 2.75992e-41 1.95807e-25
2.20532e-14 4.19666e-41 1.95807e-25
2.21525e-14 5.42823e-41 1.95807e-25
2.22523e-14 6.32953e-41 1.95807e-25
2.23525e-14 7.59538e-41 1.95807e-25
2.24532e-14 9.21691e-41 1.95807e-25
2.25543e-14 1.03706e-40 1.95807e-25
2.26559e-14 1.15439e-40 1.95807e-25
2.27579e-14 1.31788e-40 1.95807e-25
2.28604e-14 1.4399e-40 1.95807e-25
2.29634e-14 1.59848e-40 1.95807e-25
2.30668e-14 1.70332e-40 1.95807e-25
2.31707e-14 1.83369e-40 1.95807e-25
2.3275e-14 1.97716e-40 1.95807e-25
2.33799e-14 2.10612e-40 1.95807e-25
2.34852e-14 2.25869e-40 1.95807e-25
2.35909e-14 2.37126e-40 1.95807e-25
2.36972e-14 2.5436e-40 1.95807e-25
2.38039e-14 2.73602e-40 1.95807e-25
2.39111e-14 2.94191e-40 1.95807e-25
2.40188e-14 3.14742e-40 1.95807e-25
2.4127e-14 3.44835e-40 1.95807e-25
2.42356e-14 3.68744e-40 1.95807e-25
2.43448e-14 3.9614e-40 1.95807e-25
2.44544e-14 4.26246e-40 1.95807e-25
2.45646e-14 4.52891e-40 1.95807e-25
2.46752e-14 4.85613e-40 1.95807e-25
2.47863e-14 5.21436e-40 1.95807e-25
2.4898e-14 5.56973e-40 1.95807e-25
2.50101e-14 5.96839e-40 1.95807e-25
2.51227e-14 6.29234e-40 1.95807e-25
2.52359e-14 6.67454e-40 1.95807e-25
2.53495e-14 7.17371e-40 1.95807e-25
2.54637e-14 7.66394e-40 1.95807e-25
2.55784e-14 8.09298e-40 1.95807e-25
2.56936e-14 8.59149e-40 1.95807e-25
2.58093e-14 9.22654e-40 1.95807e-25
2.59255e-14 9.70709e-40 1.95807e-25
2.60423e-14 1.03977e-39 1.95807e-25
2.61596e-14 1.10023e-39 1.95807e-25
2.62774e-14 1.17532e-39 1.95807e-25
2.63957e-14 1.25231e-39 1.95807e-25
2.65146e-14 1.33493e-39 1.95807e-25
2.6634e-14 1.41809e-39 1.95807e-25
2.6754e-14 1.49333e-39 1.95807e-25
2.68745e-14 1.58211e-39 1.95807e-25
2.69955e-14 1.68056e-39 1.95807e-25
2.71171e-14 1.76357e-39 1.95807e-25
2.72392e-14 1.86658e-39 1.95807e-25
2.73619e-14 1.97247e-39 1.95807e-25
2.74851e-14 2.07844e-39 1.95807e-25
2.76089e-14 2.1945e-39 1.95807e-25
2.77332e-14 2.31905e-39 1.95807e-25
2.78581e-14 2.44933e-39 1.95807e-25
2.79836e-14 2.57469e-39 1.95807e-25
2.81096e-14 2.72241e-39 1.95807e-25
2.82362e-14 2.86648e-39 1.95807e-25
2.83634e-14 3.01948e-39 1.95807e-25
2.84912e-14 3.17441e-39 1.95807e-25
2.86195e-14 3.36938e-39 1.95807e-25
2.87484e-14 3.55292e-39 1.95807e-25
2.88778e-14 3.75402e-39 1.95807e-25
2.90079e-14 3.96583e-39 1.95807e-25
2.91385e-14 4.17949e-39 1.95807e-25
2.92698e-14 4.40216e-39 1.95807e-25
2.94016e-14 4.64882e-39 1.95807e-25
2.9534e-14 4.89461e-39 1.95807e-25
2.9667e-14 5.15337e-39 1.95807e-25
2.98006e-14 5.43746e-39 1.95807e-25
2.99348e-14 5.72128e-39 1.95807e-25
3.00697e-14 6.02504e-39 1.95807e-25
3.02051e-14 6.34897e-39 1.95807e-25
3.03411e-14 6.68074e-39 1.95807e-25
3.04778e-14 7.0434e-39 1.95807e-25
3.0615e-14 7.42353e-39 1.95807e-25
3.07529e-14 7.82887e-39 1.95807e-25
3.08914e-14 8.23312e-39 1.95807e-25
3.10305e-14 8.67358e-39 1.95807e-25
3.11703e-14 9.12958e-39 1.95807e-25
3.13107e-14 9.60155e-39 1.95807e-25
3.14517e-14 1.01198e-38 1.95807e-25
3.15933e-14 1.06701e-38 1.95807e-25
3.17356e-14 1.1241e-38 1.95807e-25
3.18786e-14 1.18233e-38 1.95807e-25
3.20221e-14 1.24592e-38 1.95807e-25
3.21663e-14 1.31177e-38 1.95807e-25
3.23112e-14 1.3827e-38 1.95807e-25
3.24567e-14 1.45451e-38 1.95807e-25
3.26029e-14 1.53071e-38 1.95807e-25
3.27497e-14 1.61011e-38 1.95807e-25
3.28972e-14 1.6965e-38 1.95807e-25
3.30454e-14 1.78388e-38 1.95807e-25
3.31942e-14 1.87718e-38 1.95807e-25
3.33437e-14 1.97426e-38 1.95807e-25
3.34939e-14 2.07755e-38 1.95807e-25
3.36447e-14 2.1849e-38 1.95807e-25
3.37963e-14 2.2951e-38 1.95807e-25
3.39485e-14 2.41179e-38 1.95807e-25
3.41014e-14 2.53458e-38 1.95807e-25
3.42549e-14 2.66511e-38 1.95807e-25
3.44092e-14 2.80131e-38 1.95807e-25
3.45642e-14 2.9437e-38 1.95807e-25
3.47199e-14 3.09168e-38 1.95807e-25
3.48762e-14 3.25097e-38 1.95807e-25
3.50333e-14 3.41382e-38 1.95807e-25
3.51911e-14 3.5879e-38 1.95807e-25
3.53496e-14 3.76586e-38 1.95807e-25
3.55088e-14 3.95374e-38 1.95807e-25
3.56687e-14 4.15239e-38 1.95807e-25
3.58293e-14 4.36467e-38 1.95807e-25
3.59907e-14 4.58137e-38 1.95807e-25
3.61528e-14 4.81061e-38 1.95807e-25
3.63156e-14 5.05243e-38 1.95807e-25
3.64792e-14 5.30362e-38 1.95807e-25
3.66435e-14 5.56901e-38 1.95807e-25
3.68085e-14 5.84681e-38 1.95807e-25
3.69743e-14 6.13812e-38 1.95807e-25
3.71408e-14 6.4412e-38 1.95807e-25
3.73081e-14 6.76354e-38 1.95807e-25
3.74761e-14 7.09887e-38 1.95807e-25
3.76449e-14 7.45075e-38 1.95807e-25
3.78144e-14 7.81832e-38 1.95807e-25
3.79847e-14 8.20833e-38 1.95807e-25
3.81558e-14 8.61238e-38 1.95807e-25
3.83276e-14 9.03821e-38 1.95807e-25
3.85002e-14 9.48188e-38 1.95807e-25
3.86736e-14 9.94733e-38 1.95807e-25
3.88478e-14 1.04363e-37 1.95807e-25
3.90228e-14 1.09498e-37 1.95807e-25
3.91985e-14 1.14841e-37 1.95807e-25
3.93751e-14 1.20469e-37 1.95807e-25
3.95524e-14 1.26373e-37 1.95807e-25
3.97305e-14 1.3251e-37 1.95807e-25
3.99095e-14 1.38984e-37 1.95807e-25
4.00892e-14 1.45718e-37 1.95807e-25
4.02698e-14 1.52829e-37 1.95807e-25
4.04511e-14 1.60247e-37 1.95807e-25
4.06333e-14 1.6802e-37 1.95807e-25
4.08163e-14 1.76137e-37 1.95807e-25
4.10001e-14 1.8468e-37 1.95807e-25
4.11848e-14 1.93601e-37 1.95807e-25
4.13703e-14 2.02923e-37 1.95807e-25
4.15566e-14 2.12735e-37 1.95807e-25
4.17437e-14 2.22982e-37 1.95807e-25
4.19317e-14 2.33699e-37 1.95807e-25
4.21206e-14 2.44909e-37 1.95807e-25
4.23103e-14 2.56673e-37 1.95807e-25
4.25008e-14 2.68962e-37 1.95807e-25
4.26922e-14 2.81838e-37 1.95807e-25
4.28845e-14 2.95303e-37 1.95807e-25
4.30777e-14 3.09431e-37 1.95807e-25
4.32717e-14 3.24154e-37 1.95807e-25
4.34666e-14 3.39614e-37 1.95807e-25
4.36623e-14 3.55792e-37 1.95807e-25
4.3859e-14 3.72695e-37 1.95807e-25
4.40565e-14 3.90378e-37 1.95807e-25
4.42549e-14 4.08889e-37 1.95807e-25
4.44542e-14 4.2826e-37 1.95807e-25
4.46544e-14 4.48519e-37 1.95807e-25
4.48555e-14 4.69718e-37 1.95807e-25
4.50575e-14 4.91859e-37 1.95807e-25
4.52605e-14 5.15078e-37 1.95807e-25
4.54643e-14 5.39311e-37 1.95807e-25
4.56691e-14 5.64683e-37 1.95807e-25
4.58748e-14 5.91198e-37 1.95807e-25
4.60814e-14 6.18933e-37 1.95807e-25
4.62889e-14 6.47939e-37 1.95807e-25
4.64974e-14 6.78262e-37 1.95807e-25
4.67068e-14 7.09958e-37 1.95807e-25
4.69171e-14 7.4311e-37 1.95807e-25
4.71284e-14 7.77754e-37 1.95807e-25
4.73407e-14 8.1396e-37 1.95807e-25
4.75539e-14 8.51827e-37 1.95807e-25
4.77681e-14 8.914e-37 1.95807e-25
4.79832e-14 9.32753e-37 1.95807e-25
4.81993e-14 9.76003e-37 1.95807e-25
4.84164e-14 1.02117e-36 1.95807e-25
4.86344e-14 1.06842e-36 1.95807e-25
4.88535e-14 1.11776e-36 1.95807e-25
4.90735e-14 1.1693e-36 1.95807e-25
4.92945e-14 1.22319e-36 1.95807e-25
4.95165e-14 1.27946e-36 1.95807e-25
4.97395e-14 1.33828e-36 1.95807e-25
4.99635e-14 1.39972e-36 1.95807e-25
5.01886e-14 1.46391e-36 1.95807e-25
5.04146e-14 1.53094e-36 1.95807e-25
5.06416e-14 1.60097e-36 1.95807e-25
5.08697e-14 1.6741e-36 1.95807e-25
5.10988e-14 1.75048e-36 1.95807e-25
5.13289e-14 1.83023e-36 1.95807e-25
5.15601e-14 1.91353e-36 1.95807e-25
5.17923e-14 2.00053e-36 1.95807e-25
5.20256e-14 2.09136e-36 1.95807e-25
5.22599e-14 2.18618e-36 1.95807e-25
5.24953e-14 2.28519e-36 1.95807e-25
5.27317e-14 2.38858e-36 1.95807e-25
5.29692e-14 2.49649e-36 1.95807e-25
5.32077e-14 2.60915e-36 1.95807e-25
5.34474e-14 2.72677e-36 1.95807e-25
5.36881e-14 2.8495e-36 1.95807e-25
5.39299e-14 2.97759e-36 1.95807e-25
5.41728e-14 3.11132e-36 1.95807e-25
5.44167e-14 3.25086e-36 1.95807e-25
5.46618e-14 3.39647e-36 1.95807e-25
5.4908e-14 3.54843e-36 1.95807e-25
5.51553e-14 3.70699e-36 1.95807e-25
5.54037e-14 3.87242e-36 1.95807e-25
5.56532e-14 4.045e-36 1.95807e-25
5.59039e-14 4.22507e-36 1.95807e-25
5.61556e-14 4.41293e-36 1.95807e-25
5.64085e-14 4.60889e-36 1.95807e-25
5.66626e-14 4.81328e-36 1.95807e-25
5.69178e-14 5.0265e-36 1.95807e-25
5.71741e-14 5.24885e-36 1.95807e-25
5.74316e-14 5.48076e-36 1.95807e-25
5.76903e-14 5.72263e-36 1.95807e-25
5.79501e-14 5.97486e-36 1.95807e-25
5.82111e-14 6.23787e-36 1.95807e-25
5.84732e-14 6.51207e-36 1.95807e-25
5.87366e-14 6.79801e-36 1.95807e-25
5.90011e-14 7.09612e-36 1.95807e-25
5.92668e-14 7.40694e-36 1.95807e-25
5.95338e-14 7.73094e-36 1.95807e-25
5.98019e-14 8.06866e-36 1.95807e-25
6.00712e-14 8.4207e-36 1.95807e-25
6.03418e-14 8.78765e-36 1.95807e-25
6.06135e-14 9.17013e-36 1.95807e-25
6.08865e-14 9.5687e-36 1.95807e-25
6.11607e-14 9.98408e-36 1.95807e-25
6.14362e-14 1.0417e-35 1.95807e-25
6.17129e-14 1.0868e-35 1.95807e-25
6.19908e-14 1.1338e-35 1.95807e-25
6.227e-14 1.18277e-35 1.95807e-25
6.25504e-14 1.23379e-35 1.95807e-25
6.28321e-14 1.28694e-35 1.95807e-25
6.31151e-14 1.34232e-35 1.95807e-25
6.33994e-14 1.39999e-35 1.95807e-25
6.36849e-14 1.46008e-35 1.95807e-25
6.39717e-14 1.52266e-35 1.95807e-25
6.42598e-14 1.58783e-35 1.95807e-25
6.45492e-14 1.65571e-35 1.95807e-25
6.484e-14 1.7264e-35 1.95807e-25
6.5132e-14 1.80002e-35 1.95807e-25
6.54253e-14 1.87667e-35 1.95807e-25
6.572e-14 1.95648e-35 1.95807e-25
6.6016e-14 2.03959e-35 1.95807e-25
6.63133e-14 2.1261e-35 1.95807e-25
6.66119e-14 2.21618e-35 1.95807e-25
6.69119e-14 2.30994e-35 1.95807e-25
6.72133e-14 2.40755e-35 1.95807e-25
6.7516e-14 2.50915e-35 1.95807e-25
6.78201e-14 2.61489e-35 1.95807e-25
6.81255e-14 2.72496e-35 1.95807e-25
6.84323e-14 2.8395e-35 1.95807e-25
6.87405e-14 2.9587e-35 1.95807e-25
6.90501e-14 3.08274e-35 1.95807e-25
6.93611e-14 3.21182e-35 1.95807e-25
6.96735e-14 3.34612e-35 1.95807e-25
6.99873e-14 3.48585e-35 1.95807e-25
7.03025e-14 3.63123e-35 1.95807e-25
7.06191e-14 3.78247e-35 1.95807e-25
7.09371e-14 3.93981e-35 1.95807e-25
7.12566e-14 4.10347e-35 1.95807e-25
7.15775e-14 4.2737e-35 1.95807e-25
7.18999e-14 4.45077e-35 1.95807e-25
7.22237e-14 4.63492e-35 1.95807e-25
7.2549e-14 4.82644e-35 1.95807e-25
7.28757e-14 5.02561e-35 1.95807e-25
7.32039e-14 5.23272e-35 1.95807e-25
7.35336e-14 5.44808e-35 1.95807e-25
7.38648e-14 5.67201e-35 1.95807e-25
7.41975e-14 5.90483e-35 1.95807e-25
7.45316e-14 6.14688e-35 1.95807e-25
7.48673e-14 6.39852e-35 1.95807e-25
7.52045e-14 6.6601e-35 1.95807e-25
7.55432e-14 6.93202e-35 1.95807e-25
7.58834e-14 7.21465e-35 1.95807e-25
7.62252e-14 7.50842e-35 1.95807e-25
7.65685e-14 7.81374e-35 1.95807e-25
7.69133e-14 8.13105e-35 1.95807e-25
7.72597e-14 8.46079e-35 1.95807e-25
7.76076e-14 8.80344e-35 1.95807e-25
7.79572e-14 9.15949e-35 1.95807e-25
7.83083e-14 9.52944e-35 1.95807e-25
7.86609e-14 9.91381e-35 1.95807e-25
7.90152e-14 1.03131e-34 1.95807e-25
7.93711e-14 1.0728e-34 1.95807e-25
7.97285e-14 1.11589e-34 1.95807e-25
8.00876e-14 1.16066e-34 1.95807e-25
8.04483e-14 1.20716e-34 1.95807e-25
8.08106e-14 1.25545e-34 1.95807e-25
8.11746e-14 1.30561e-34 1.95807e-25
8.15402e-14 1.3577e-34 1.95807e-25
8.19074e-14 1.41179e-34 1.95807e-25
8.22763e-14 1.46797e-34 1.95807e-25
8.26468e-14 1.52629e-34 1.95807e-25
8.3019e-14 1.58686e-34 1.95807e-25
8.33929e-14 1.64973e-34 1.95807e-25
8.37685e-14 1.71501e-34 1.95807e-25
8.41458e-14 1.78278e-34 1.95807e-25
8.45247e-14 1.85313e-34 1.95807e-25
8.49054e-14 1.92615e-34 1.95807e-25
8.52878e-14 2.00195e-34 1.95807e-25
8.56719e-14 2.08062e-34 1.95807e-25
8.60578e-14 2.16227e-34 1.95807e-25
8.64453e-14 2.247e-34 1.95807e-25
8.68347e-14 2.33493e-34 1.95807e-25
8.72257e-14 2.42618e-34 1.95807e-25
8.76186e-14 2.52086e-34 1.95807e-25
8.80132e-14 2.61909e-34 1.95807e-25
8.84096e-14 2.72101e-34 1.95807e-25
8.88077e-14 2.82675e-34 1.95807e-25
8.92077e-14 2.93645e-34 1.95807e-25
8.96095e-14 3.05024e-34 1.95807e-25
9.00131e-14 3.16827e-34 1.95807e-25
9.04184e-14 3.2907e-34 1.95807e-25
9.08257e-14 3.41768e-34 1.95807e-25
9.12347e-14 3.54938e-34 1.95807e-25
9.16456e-14 3.68595e-34 1.95807e-25
9.20584e-14 3.82759e-34 1.95807e-25
9.2473e-14 3.97445e-34 1.95807e-25
9.28894e-14 4.12673e-34 1.95807e-25
9.33078e-14 4.28463e-34 1.95807e-25
9.3728e-14 4.44833e-34 1.95807e-25
9.41501e-14 4.61804e-34 1.95807e-25
9.45742e-14 4.79398e-34 1.95807e-25
9.50001e-14 4.97636e-34 1.95807e-25
9.54279e-14 5.16541e-34 1.95807e-25
9.58577e-14 5.36135e-34 1.95807e-25
9.62894e-14 5.56444e-34 1.95807e-25
9.67231e-14 5.77493e-34 1.95807e-25
9.71587e-14 5.99305e-34 1.95807e-25
9.75963e-14 6.2191e-34 1.95807e-25
9.80358e-14 6.45332e-34 1.95807e-25
9.84774e-14 6.69603e-34 1.95807e-25
9.89209e-14 6.94749e-34 1.95807e-25
9.93664e-14 7.20802e-34 1.95807e-25
9.98139e-14 7.47793e-34 1.95807e-25
1.00263e-13 7.75754e-34 1.95807e-25
1.00715e-13 8.04718e-34 1.95807e-25
1.01169e-13 8.34721e-34 1.95807e-25
1.01624e-13 8.65796e-34 1.95807e-25
1.02082e-13 8.97981e-34 1.95807e-25
1.02542e-13 9.31314e-34 1.95807e-25
1.03003e-13 9.65834e-34 1.95807e-25
1.03467e-13 1.00158e-33 1.95807e-25
1.03933e-13 1.0386e-33 1.95807e-25
1.04401e-13 1.07692e-33 1.95807e-25
1.04872e-13 1.11661e-33 1.95807e-25
1.05344e-13 1.15769e-33 1.95807e-25
1.05818e-13 1.20023e-33 1.95807e-25
1.06295e-13 1.24426e-33 1.95807e-25
1.06774e-13 1.28984e-33 1.95807e-25
1.07255e-13 1.33702e-33 1.95807e-25
1.07738e-13 1.38585e-33 1.95807e-25
1.08223e-13 1.43639e-33 1.95807e-25
1.0871e-13 1.4887e-33 1.95807e-25
1.092e-13 1.54283e-33 1.95807e-25
1.09692e-13 1.59885e-33 1.95807e-25
1.10186e-13 1.65681e-33 1.95807e-25
1.10682e-13 1.71678e-33 1.95807e-25
1.1118e-13 1.77884e-33 1.95807e-25
1.11681e-13 1.84304e-33 1.95807e-25
1.12184e-13 1.90945e-33 1.95807e-25
1.12689e-13 1.97816e-33 1.95807e-25
1.13197e-13 2.04923e-33 1.95807e-25
1.13707e-13 2.12275e-33 1.95807e-25
1.14219e-13 2.19879e-33 1.95807e-25
1.14733e-13 2.27743e-33 1.95807e-25
1.1525e-13 2.35876e-33 1.95807e-25
1.15769e-13 2.44287e-33 1.95807e-25
1.1629e-13 2.52985e-33 1.95807e-25
1.16814e-13 2.61978e-33 1.95807e-25
1.1734e-13 2.71278e-33 1.95807e-25
1.17869e-13 2.80892e-33 1.95807e-25
1.18399e-13 2.90833e-33 1.95807e-25
1.18933e-13 3.01109e-33 1.95807e-25
1.19468e-13 3.11732e-33 1.95807e-25
1.20006e-13 3.22713e-33 1.95807e-25
1.20547e-13 3.34064e-33 1.95807e-25
1.2109e-13 3.45796e-33 1.95807e-25
1.21635e-13 3.57921e-33 1.95807e-25
1.22183e-13 3.70452e-33 1.95807e-25
1.22733e-13 3.83402e-33 1.95807e-25
1.23286e-13 3.96783e-33 1.95807e-25
1.23841e-13 4.10611e-33 1.95807e-25
1.24399e-13 4.24898e-33 1.95807e-25
1.24959e-13 4.3966e-33 1.95807e-25
1.25522e-13 4.5491e-33 1.95807e-25
1.26087e-13 4.70665e-33 1.95807e-25
1.26655e-13 4.86941e-33 1.95807e-25
1.27226e-13 5.03752e-33 1.95807e-25
1.27799e-13 5.21118e-33 1.95807e-25
1.28374e-13 5.39054e-33 1.95807e-25
1.28952e-13 5.57578e-33 1.95807e-25
1.29533e-13 5.76708e-33 1.95807e-25
1.30116e-13 5.96464e-33 1.95807e-25
1.30702e-13 6.16865e-33 1.95807e-25
1.31291e-13 6.37931e-33 1.95807e-25
1.31882e-13 6.59681e-33 1.95807e-25
1.32476e-13 6.82137e-33 1.95807e-25
1.33073e-13 7.05322e-33 1.95807e-25
1.33672e-13 7.29256e-33 1.95807e-25
1.34274e-13 7.53963e-33 1.95807e-25
1.34879e-13 7.79467e-33 1.95807e-25
1.35487e-13 8.05792e-33 1.95807e-25
1.36097e-13 8.32963e-33 1.95807e-25
1.3671e-13 8.61005e-33 1.95807e-25
1.37325e-13 8.89944e-33 1.95807e-25
1.37944e-13 9.19809e-33 1.95807e-25
1.38565e-13 9.50627e-33 1.95807e-25
1.39189e-13 9.82426e-33 1.95807e-25
1.39816e-13 1.01524e-32 1.95807e-25
1.40446e-13 1.04909e-32 1.95807e-25
1.41078e-13 1.08401e-32 1.95807e-25
1.41714e-13 1.12004e-32 1.95807e-25
1.42352e-13 1.1572e-32 1.95807e-25
1.42993e-13 1.19554e-32 1.95807e-25
1.43637e-13 1.23508e-32 1.95807e-25
1.44284e-13 1.27587e-32 1.95807e-25
1.44934e-13 1.31793e-32 1.95807e-25
1.45586e-13 1.36131e-32 1.95807e-25
1.46242e-13 1.40604e-32 1.95807e-25
1.46901e-13 1.45217e-32 1.95807e-25
1.47562e-13 1.49974e-32 1.95807e-25
1.48227e-13 1.54878e-32 1.95807e-25
1.48894e-13 1.59934e-32 1.95807e-25
1.49565e-13 1.65147e-32 1.95807e-25
1.50239e-13 1.70521e-32 1.95807e-25
1.50915e-13 1.7606e-32 1.95807e-25
1.51595e-13 1.8177e-32 1.95807e-25
1.52278e-13 1.87656e-32 1.95807e-25
1.52963e-13 1.93722e-32 1.95807e-25
1.53652e-13 1.99974e-32 1.95807e-25
1.54344e-13 2.06417e-32 1.95807e-25
1.5504e-13 2.13056e-32 1.95807e-25
1.55738e-13 2.19898e-32 1.95807e-25
1.56439e-13 2.26948e-32 1.95807e-25
1.57144e-13 2.34211e-32 1.95807e-25
1.57851e-13 2.41695e-32 1.95807e-25
1.58562e-13 2.49404e-32 1.95807e-25
1.59277e-13 2.57347e-32 1.95806e-25
1.59994e-13 2.65528e-32 1.95806e-25
1.60714e-13 2.73955e-32 1.95806e-25
1.61438e-13 2.82636e-32 1.95806e-25
1.62165e-13 2.91576e-32 1.95806e-25
1.62896e-13 3.00783e-32 1.95806e-25
1.63629e-13 3.10265e-32 1.95806e-25
1.64366e-13 3.2003e-32 1.95806e-25
1.65106e-13 3.30085e-32 1.95806e-25
1.6585e-13 3.40438e-32 1.95806e-25
1.66597e-13 3.51097e-32 1.95806e-25
1.67347e-13 3.62072e-32 1.95806e-25
1.68101e-13 3.73371e-32 1.95806e-25
1.68858e-13 3.85002e-32 1.95806e-25
1.69619e-13 3.96975e-32 1.95806e-25
1.70382e-13 4.09299e-32 1.95806e-25
1.7115e-13 4.21984e-32 1.95806e-25
1.71921e-13 4.3504e-32 1.95806e-25
1.72695e-13 4.48476e-32 1.95806e-25
1.73473e-13 4.62304e-32 1.95806e-25
1.74254e-13 4.76533e-32 1.95806e-25
1.75039e-13 4.91175e-32 1.95806e-25
1.75827e-13 5.06241e-32 1.95806e-25
1.76619e-13 5.21741e-32 1.95806e-25
1.77414e-13 5.37689e-32 1.95806e-25
1.78213e-13 5.54096e-32 1.95806e-25
1.79016e-13 5.70974e-32 1.95805e-25
1.79822e-13 5.88336e-32 1.95805e-25
1.80632e-13 6.06194e-32 1.95805e-25
1.81446e-13 6.24562e-32 1.95805e-25
1.82263e-13 6.43454e-32 1.95805e-25
1.83084e-13 6.62883e-32 1.95805e-25
1.83908e-13 6.82863e-32 1.95805e-25
1.84736e-13 7.03409e-32 1.95805e-25
1.85568e-13 7.24537e-32 1.95805e-25
1.86404e-13 7.4626e-32 1.95805e-25
1.87244e-13 7.68595e-32 1.95805e-25
1.88087e-13 7.91558e-32 1.95805e-25
1.88934e-13 8.15165e-32 1.95805e-25
1.89785e-13 8.39433e-32 1.95805e-25
1.9064e-13 8.64378e-32 1.95804e-25
1.91498e-13 8.9002e-32 1.95804e-25
1.92361e-13 9.16374e-32 1.95804e-25
1.93227e-13 9.43461e-32 1.95804e-25
1.94097e-13 9.71298e-32 1.95804e-25
1.94972e-13 9.99905e-32 1.95804e-25
1.9585e-13 1.0293e-31 1.95804e-25
1.96732e-13 1.05951e-31 1.95804e-25
1.97618e-13 1.09055e-31 1.95804e-25
1.98508e-13 1.12243e-31 1.95804e-25
1.99402e-13 1.1552e-31 1.95804e-25
2.003e-13 1.18885e-31 1.95803e-25
2.01202e-13 1.22343e-31 1.95803e-25
2.02108e-13 1.25894e-31 1.95803e-25
2.03018e-13 1.29542e-31 1.95803e-25
2.03933e-13 1.33289e-31 1.95803e-25
2.04851e-13 1.37137e-31 1.95803e-25
2.05774e-13 1.41089e-31 1.95803e-25
2.067e-13 1.45148e-31 1.95802e-25
2.07631e-13 1.49315e-31 1.95802e-25
2.08566e-13 1.53595e-31 1.95802e-25
2.09506e-13 1.57988e-31 1.95802e-25
2.10449e-13 1.625e-31 1.95802e-25
2.11397e-13 1.67131e-31 1.95802e-25
2.12349e-13 1.71886e-31 1.95802e-25
2.13306e-13 1.76767e-31 1.95801e-25
2.14266e-13 1.81777e-31 1.95801e-25
2.15231e-13 1.86919e-31 1.95801e-25
2.16201e-13 1.92197e-31 1.95801e-25
2.17174e-13 1.97614e-31 1.95801e-25
2.18152e-13 2.03174e-31 1.958e-25
2.19135e-13 2.08879e-31 1.958e-25
2.20122e-13 2.14733e-31 1.958e-25
2.21113e-13 2.2074e-31 1.958e-25
2.22109e-13 2.26903e-31 1.958e-25
2.23109e-13 2.33227e-31 1.95799e-25
2.24114e-13 2.39714e-31 1.95799e-25
2.25123e-13 2.4637e-31 1.95799e-25
2.26137e-13 2.53197e-31 1.95799e-25
2.27156e-13 2.602e-31 1.95798e-25
2.28179e-13 2.67383e-31 1.95798e-25
2.29206e-13 2.7475e-31 1.95798e-25
2.30239e-13 2.82306e-31 1.95798e-25
2.31276e-13 2.90055e-31 1.95797e-25
2.32317e-13 2.98001e-31 1.95797e-25
2.33364e-13 3.0615e-31 1.95797e-25
2.34415e-13 3.14505e-31 1.95796e-25
2.3547e-13 3.23071e-31 1.95796e-25
2.36531e-13 3.31854e-31 1.95796e-25
2.37596e-13 3.40859e-31 1.95795e-25
2.38666e-13 3.50089e-31 1.95795e-25
2.39741e-13 3.59552e-31 1.95795e-25
2.40821e-13 3.69251e-31 1.95794e-25
2.41905e-13 3.79192e-31 1.95794e-25
2.42995e-13 3.89382e-31 1.95794e-25
2.44089e-13 3.99824e-31 1.95793e-25
2.45188e-13 4.10526e-31 1.95793e-25
2.46293e-13 4.21493e-31 1.95792e-25
2.47402e-13 4.3273e-31 1.95792e-25
2.48516e-13 4.44245e-31 1.95792e-25
2.49635e-13 4.56042e-31 1.95791e-25
2.5076e-13 4.68129e-31 1.95791e-25
2.51889e-13 4.80512e-31 1.9579e-25
2.53023e-13 4.93198e-31 1.9579e-25
2.54163e-13 5.06192e-31 1.95789e-25
2.55308e-13 5.19502e-31 1.95789e-25
2.56458e-13 5.33135e-31 1.95788e-25
2.57613e-13 5.47098e-31 1.95788e-25
2.58773e-13 5.61399e-31 1.95787e-25
2.59938e-13 5.76043e-31 1.95787e-25
2.61109e-13 5.9104e-31 1.95786e-25
2.62285e-13 6.06396e-31 1.95785e-25
2.63466e-13 6.22119e-31 1.95785e-25
2.64653e-13 6.38217e-31 1.95784e-25
2.65845e-13 6.54699e-31 1.95784e-25
2.67042e-13 6.71572e-31 1.95783e-25
2.68245e-13 6.88846e-31 1.95782e-25
2.69453e-13 7.06527e-31 1.95782e-25
2.70666e-13 7.24625e-31 1.95781e-25
2.71885e-13 7.43149e-31 1.9578e-25
2.7311e-13 7.62108e-31 1.95779e-25
2.7434e-13 7.81511e-31 1.95779e-25
2.75575e-13 8.01368e-31 1.95778e-25
2.76816e-13 8.21687e-31 1.95777e-25
2.78063e-13 8.42478e-31 1.95776e-25
2.79315e-13 8.63751e-31 1.95775e-25
2.80573e-13 8.85517e-31 1.95774e-25
2.81837e-13 9.07785e-31 1.95774e-25
2.83106e-13 9.30566e-31 1.95773e-25
2.84381e-13 9.5387e-31 1.95772e-25
2.85662e-13 9.77708e-31 1.95771e-25
2.86949e-13 1.00209e-30 1.9577e-25
2.88241e-13 1.02703e-30 1.95769e-25
2.89539e-13 1.05254e-30 1.95768e-25
2.90843e-13 1.07862e-30 1.95767e-25
2.92153e-13 1.1053e-30 1.95766e-25
2.93469e-13 1.13257e-30 1.95765e-25
2.9479e-13 1.16047e-30 1.95763e-25
2.96118e-13 1.18898e-30 1.95762e-25
2.97452e-13 1.21814e-30 1.95761e-25
2.98791e-13 1.24795e-30 1.9576e-25
3.00137e-13 1.27843e-30 1.95759e-25
3.01489e-13 1.30958e-30 1.95757e-25
3.02847e-13 1.34142e-30 1.95756e-25
3.0421e-13 1.37397e-30 1.95755e-25
3.05581e-13 1.40724e-30 1.95753e-25
3.06957e-13 1.44123e-30 1.95752e-25
3.08339e-13 1.47598e-30 1.9575e-25
3.09728e-13 1.51149e-30 1.95749e-25
3.11123e-13 1.54777e-30 1.95747e-25
3.12524e-13 1.58484e-30 1.95746e-25
3.13932e-13 1.62272e-30 1.95744e-25
3.15345e-13 1.66142e-30 1.95743e-25
3.16766e-13 1.70096e-30 1.95741e-25
3.18192e-13 1.74135e-30 1.95739e-25
3.19625e-13 1.78261e-30 1.95738e-25
3.21065e-13 1.82476e-30 1.95736e-25
3.22511e-13 1.8678e-30 1.95734e-25
3.23963e-13 1.91177e-30 1.95732e-25
3.25422e-13 1.95667e-30 1.9573e-25
3.26888e-13 2.00253e-30 1.95728e-25
3.2836e-13 2.04936e-30 1.95726e-25
3.29839e-13 2.09717e-30 1.95724e-25
3.31324e-13 2.146e-30 1.95722e-25
3.32817e-13 2.19584e-30 1.9572e-25
3.34316e-13 2.24674e-30 1.95718e-25
3.35821e-13 2.2987e-30 1.95716e-25
3.37334e-13 2.35174e-30 1.95713e-25
3.38853e-13 2.40588e-30 1.95711e-25
3.40379e-13 2.46115e-30 1.95708e-25
3.41912e-13 2.51755e-30 1.95706e-25
3.43452e-13 2.57513e-30 1.95704e-25
3.44999e-13 2.63388e-30 1.95701e-25
3.46552e-13 2.69384e-30 1.95698e-25
3.48113e-13 2.75503e-30 1.95696e-25
3.49681e-13 2.81746e-30 1.95693e-25
3.51256e-13 2.88117e-30 1.9569e-25
3.52838e-13 2.94616e-30 1.95687e-25
3.54427e-13 3.01247e-30 1.95684e-25
3.56023e-13 3.08012e-30 1.95681e-25
3.57627e-13 3.14913e-30 1.95678e-25
3.59237e-13 3.21953e-30 1.95675e-25
3.60855e-13 3.29133e-30 1.95672e-25
3.6248e-13 3.36456e-30 1.95668e-25
3.64113e-13 3.43925e-30 1.95665e-25
3.65753e-13 3.51542e-30 1.95662e-25
3.674e-13 3.5931e-30 1.95658e-25
3.69055e-13 3.67231e-30 1.95655e-25
3.70717e-13 3.75308e-30 1.95651e-25
3.72386e-13 3.83543e-30 1.95647e-25
3.74063e-13 3.91939e-30 1.95643e-25
3.75748e-13 4.00499e-30 1.95639e-25
3.7744e-13 4.09226e-30 1.95635e-25
3.7914e-13 4.18121e-30 1.95631e-25
3.80848e-13 4.27189e-30 1.95627e-25
3.82563e-13 4.36431e-30 1.95623e-25
3.84286e-13 4.45851e-30 1.95618e-25
3.86017e-13 4.55451e-30 1.95614e-25
3.87755e-13 4.65234e-30 1.95609e-25
3.89502e-13 4.75204e-30 1.95605e-25
3.91256e-13 4.85364e-30 1.956e-25
3.93018e-13 4.95715e-30 1.95595e-25
3.94788e-13 5.06263e-30 1.9559e-25
3.96566e-13 5.17008e-30 1.95585e-25
3.98352e-13 5.27956e-30 1.9558e-25
4.00146e-13 5.39108e-30 1.95575e-25
4.01948e-13 5.50468e-30 1.95569e-25
4.03758e-13 5.62039e-30 1.95564e-25
4.05577e-13 5.73825e-30 1.95558e-25
4.07403e-13 5.85829e-30 1.95552e-25
4.09238e-13 5.98054e-30 1.95547e-25
4.11081e-13 6.10504e-30 1.95541e-25
4.12933e-13 6.23181e-30 1.95535e-25
4.14792e-13 6.3609e-30 1.95528e-25
4.16661e-13 6.49234e-30 1.95522e-25
4.18537e-13 6.62617e-30 1.95515e-25
4.20422e-13 6.76242e-30 1.95509e-25
4.22315e-13 6.90112e-30 1.95502e-25
4.24217e-13 7.04232e-30 1.95495e-25
4.26128e-13 7.18604e-30 1.95488e-25
4.28047e-13 7.33234e-30 1.95481e-25
4.29975e-13 7.48124e-30 1.95474e-25
4.31911e-13 7.63278e-30 1.95466e-25
4.33857e-13 7.787e-30 1.95458e-25
4.35811e-13 7.94395e-30 1.95451e-25
4.37773e-13 8.10365e-30 1.95443e-25
4.39745e-13 8.26616e-30 1.95435e-25
4.41725e-13 8.4315e-30 1.95426e-25
4.43715e-13 8.59972e-30 1.95418e-25
4.45713e-13 8.77086e-30 1.95409e-25
4.47721e-13 8.94496e-30 1.95401e-25
4.49737e-13 9.12206e-30 1.95392e-25
4.51762e-13 9.3022e-30 1.95382e-25
4.53797e-13 9.48543e-30 1.95373e-25
4.55841e-13 9.67179e-30 1.95364e-25
4.57894e-13 9.86132e-30 1.95354e-25
4.59956e-13 1.00541e-29 1.95344e-25
4.62028e-13 1.02501e-29 1.95334e-25
4.64108e-13 1.04494e-29 1.95324e-25
4.66199e-13 1.0652e-29 1.95313e-25
4.68298e-13 1.08581e-29 1.95303e-25
4.70407e-13 1.10675e-29 1.95292e-25
4.72526e-13 1.12805e-29 1.95281e-25
4.74654e-13 1.1497e-29 1.9527e-25
4.76792e-13 1.1717e-29 1.95258e-25
4.78939e-13 1.19407e-29 1.95246e-25
4.81096e-13 1.2168e-29 1.95234e-25
4.83263e-13 1.23991e-29 1.95222e-25
4.85439e-13 1.26339e-29 1.9521e-25
4.87626e-13 1.28725e-29 1.95197e-25
4.89822e-13 1.3115e-29 1.95184e-25
4.92028e-13 1.33614e-29 1.95171e-25
4.94244e-13 1.36118e-29 1.95158e-25
4.9647e-13 1.38661e-29 1.95144e-25
4.98705e-13 1.41245e-29 1.9513e-25
5.00952e-13 1.4387e-29 1.95116e-25
5.03208e-13 1.46537e-29 1.95102e-25
5.05474e-13 1.49245e-29 1.95087e-25
5.0775e-13 1.51996e-29 1.95072e-25
5.10037e-13 1.54791e-29 1.95057e-25
5.12334e-13 1.57628e-29 1.95042e-25
5.14642e-13 1.6051e-29 1.95026e-25
5.16959e-13 1.63437e-29 1.9501e-25
5.19288e-13 1.66408e-29 1.94993e-25
5.21626e-13 1.69425e-29 1.94977e-25
5.23976e-13 1.72489e-29 1.9496e-25
5.26336e-13 1.75599e-29 1.94943e-25
5.28706e-13 1.78756e-29 1.94925e-25
5.31087e-13 1.81962e-29 1.94907e-25
5.33479e-13 1.85215e-29 1.94889e-25
5.35882e-13 1.88518e-29 1.9487e-25
5.38295e-13 1.91869e-29 1.94852e-25
5.40719e-13 1.95271e-29 1.94832e-25
5.43155e-13 1.98723e-29 1.94813e-25
5.45601e-13 2.02227e-29 1.94793e-25
5.48058e-13 2.05782e-29 1.94773e-25
5.50526e-13 2.09389e-29 1.94752e-25
5.53006e-13 2.13049e-29 1.94731e-25
5.55496e-13 2.16762e-29 1.9471e-25
5.57998e-13 2.20529e-29 1.94688e-25
5.60511e-13 2.24351e-29 1.94666e-25
5.63036e-13 2.28227e-29 1.94644e-25
5.65571e-13 2.32159e-29 1.94621e-25
5.68119e-13 2.36147e-29 1.94598e-25
5.70677e-13 2.40192e-29 1.94574e-25
5.73247e-13 2.44294e-29 1.9455e-25
5.75829e-13 2.48454e-29 1.94526e-25
5.78422e-13 2.52673e-29 1.94501e-25
5.81027e-13 2.5695e-29 1.94476e-25
5.83644e-13 2.61287e-29 1.9445e-25
5.86273e-13 2.65684e-29 1.94424e-25
5.88913e-13 2.70142e-29 1.94397e-25
5.91566e-13 2.74661e-29 1.9437e-25
5.9423e-13 2.79243e-29 1.94343e-25
5.96906e-13 2.83886e-29 1.94315e-25
5.99594e-13 2.88593e-29 1.94286e-25
6.02295e-13 2.93363e-29 1.94258e-25
6.05007e-13 2.98198e-29 1.94228e-25
6.07732e-13 3.03097e-29 1.94198e-25
6.10469e-13 3.08062e-29 1.94168e-25
6.13218e-13 3.13093e-29 1.94137e-25
6.1598e-13 3.1819e-29 1.94106e-25
6.18754e-13 3.23355e-29 1.94074e-25
6.21541e-13 3.28587e-29 1.94042e-25
6.2434e-13 3.33887e-29 1.94009e-25
6.27152e-13 3.39257e-29 1.93976e-25
6.29977e-13 3.44696e-29 1.93942e-25
6.32814e-13 3.50205e-29 1.93907e-25
6.35664e-13 3.55785e-29 1.93872e-25
6.38527e-13 3.61436e-29 1.93837e-25
6.41403e-13 3.67159e-29 1.938e-25
6.44291e-13 3.72954e-29 1.93764e-25
6.47193e-13 3.78822e-29 1.93726e-25
6.50108e-13 3.84764e-29 1.93689e-25
6.53036e-13 3.9078e-29 1.9365e-25
6.55977e-13 3.9687e-29 1.93611e-25
6.58931e-13 4.03036e-29 1.93571e-25
6.61899e-13 4.09278e-29 1.93531e-25
6.6488e-13 4.15596e-29 1.9349e-25
6.67874e-13 4.21991e-29 1.93449e-25
6.70882e-13 4.28463e-29 1.93406e-25
6.73903e-13 4.35014e-29 1.93363e-25
6.76938e-13 4.41643e-29 1.9332e-25
6.79987e-13 4.48352e-29 1.93276e-25
6.8305e-13 4.5514e-29 1.93231e-25
6.86126e-13 4.62009e-29 1.93185e-25
6.89216e-13 4.68958e-29 1.93139e-25
6.9232e-13 4.75989e-29 1.93092e-25
6.95438e-13 4.83102e-29 1.93045e-25
6.9857e-13 4.90297e-29 1.92996e-25
7.01716e-13 4.97575e-29 1.92947e-25
7.04877e-13 5.04937e-29 1.92898e-25
7.08051e-13 5.12383e-29 1.92847e-25
7.1124e-13 5.19913e-29 1.92796e-25
7.14443e-13 5.27528e-29 1.92744e-25
7.17661e-13 5.35229e-29 1.92691e-25
7.20893e-13 5.43016e-29 1.92638e-25
7.2414e-13 5.5089e-29 1.92583e-25
7.27401e-13 5.5885e-29 1.92528e-25
7.30677e-13 5.66899e-29 1.92472e-25
7.33968e-13 5.75035e-29 1.92416e-25
7.37273e-13 5.8326e-29 1.92358e-25
7.40594e-13 5.91574e-29 1.923e-25
7.43929e-13 5.99977e-29 1.92241e-25
7.4728e-13 6.0847e-29 1.92181e-25
7.50645e-13 6.17054e-29 1.9212e-25
7.54026e-13 6.25728e-29 1.92058e-25
7.57422e-13 6.34494e-29 1.91996e-25
7.60833e-13 6.43351e-29 1.91932e-25
7.6426e-13 6.52301e-29 1.91868e-25
7.67702e-13 6.61343e-29 1.91803e-25
7.71159e-13 6.70478e-29 1.91736e-25
7.74632e-13 6.79706e-29 1.91669e-25
7.78121e-13 6.89028e-29 1.91601e-25
7.81625e-13 6.98444e-29 1.91533e-25
7.85146e-13 7.07955e-29 1.91463e-25
7.88682e-13 7.17561e-29 1.91392e-25
7.92234e-13 7.27262e-29 1.9132e-25
7.95802e-13 7.37058e-29 1.91247e-25
7.99386e-13 7.46951e-29 1.91174e-25
8.02986e-13 7.5694e-29 1.91099e-25
8.06602e-13 7.67025e-29 1.91023e-25
8.10235e-13 7.77208e-29 1.90947e-25
8.13884e-13 7.87488e-29 1.90869e-25
8.1755e-13 7.97865e-29 1.9079e-25
8.21232e-13 8.0834e-29 1.9071e-25
8.2493e-13 8.18914e-29 1.90629e-25
8.28645e-13 8.29586e-29 1.90548e-25
8.32377e-13 8.40356e-29 1.90465e-25
8.36126e-13 8.51226e-29 1.90381e-25
8.39892e-13 8.62194e-29 1.90295e-25
8.43674e-13 8.73262e-29 1.90209e-25
8.47474e-13 8.8443e-29 1.90122e-25
8.51291e-13 8.95698e-29 1.90033e-25
8.55125e-13 9.07065e-29 1.89944e-25
8.58976e-13 9.18533e-29 1.89853e-25
8.62845e-13 9.30101e-29 1.89761e-25
8.66731e-13 9.4177e-29 1.89668e-25
8.70634e-13 9.5354e-29 1.89574e-25
8.74555e-13 9.6541e-29 1.89479e-25
8.78494e-13 9.77381e-29 1.89382e-25
8.82451e-13 9.89454e-29 1.89285e-25
8.86425e-13 1.00163e-28 1.89186e-25
8.90417e-13 1.0139e-28 1.89085e-25
8.94427e-13 1.02628e-28 1.88984e-25
8.98455e-13 1.03876e-28 1.88881e-25
9.02502e-13 1.05134e-28 1.88778e-25
9.06566e-13 1.06402e-28 1.88672e-25
9.10649e-13 1.0768e-28 1.88566e-25
9.14751e-13 1.08968e-28 1.88458e-25
9.1887e-13 1.10267e-28 1.88349e-25
9.23009e-13 1.11575e-28 1.88239e-25
9.27166e-13 1.12894e-28 1.88128e-25
9.31341e-13 1.14223e-28 1.88015e-25
9.35536e-13 1.15562e-28 1.879e-25
9.39749e-13 1.16912e-28 1.87785e-25
9.43982e-13 1.18271e-28 1.87668e-25
9.48233e-13 1.1964e-28 1.8755e-25
9.52504e-13 1.2102e-28 1.8743e-25
9.56793e-13 1.2241e-28 1.87309e-25
9.61103e-13 1.23809e-28 1.87187e-25
9.65431e-13 1.25219e-28 1.87063e-25
9.69779e-13 1.26639e-28 1.86938e-25
9.74147e-13 1.28069e-28 1.86811e-25
9.78534e-13 1.29508e-28 1.86683e-25
9.82941e-13 1.30958e-28 1.86553e-25
9.87368e-13 1.32418e-28 1.86422e-25
9.91815e-13 1.33888e-28 1.8629e-25
9.96282e-13 1.35367e-28 1.86156e-25
1.00077e-12 1.36856e-28 1.86021e-25
1.00528e-12 1.38356e-28 1.85884e-25
1.0098e-12 1.39865e-28 1.85746e-25
1.01435e-12 1.41383e-28 1.85606e-25
1.01892e-12 1.42912e-28 1.85464e-25
1.02351e-12 1.4445e-28 1.85321e-25
1.02812e-12 1.45998e-28 1.85177e-25
1.03275e-12 1.47555e-28 1.85031e-25
1.0374e-12 1.49122e-28 1.84883e-25
1.04207e-12 1.50699e-28 1.84734e-25
1.04676e-12 1.52285e-28 1.84584e-25
1.05148e-12 1.5388e-28 1.84431e-25
1.05621e-12 1.55485e-28 1.84277e-25
1.06097e-12 1.57099e-28 1.84122e-25
1.06575e-12 1.58722e-28 1.83965e-25
1.07055e-12 1.60355e-28 1.83806e-25
1.07537e-12 1.61996e-28 1.83646e-25
1.08021e-12 1.63647e-28 1.83484e-25
1.08508e-12 1.65307e-28 1.8332e-25
1.08997e-12 1.66976e-28 1.83155e-25
1.09487e-12 1.68654e-28 1.82988e-25
1.09981e-12 1.7034e-28 1.82819e-25
1.10476e-12 1.72035e-28 1.82649e-25
1.10973e-12 1.73739e-28 1.82477e-25
1.11473e-12 1.75452e-28 1.82303e-25
1.11975e-12 1.77173e-28 1.82128e-25
1.1248e-12 1.78903e-28 1.8195e-25
1.12986e-12 1.80641e-28 1.81771e-25
1.13495e-12 1.82387e-28 1.81591e-25
1.14006e-12 1.84142e-28 1.81408e-25
1.1452e-12 1.85905e-28 1.81224e-25
1.15035e-12 1.87676e-28 1.81038e-25
1.15553e-12 1.89454e-28 1.80851e-25
1.16074e-12 1.91241e-28 1.80661e-25
1.16597e-12 1.93036e-28 1.8047e-25
1.17122e-12 1.94838e-28 1.80277e-25
1.17649e-12 1.96648e-28 1.80082e-25
1.18179e-12 1.98465e-28 1.79886e-25
1.18711e-12 2.0029e-28 1.79687e-25
1.19246e-12 2.02122e-28 1.79487e-25
1.19783e-12 2.03961e-28 1.79285e-25
1.20323e-12 2.05808e-28 1.79081e-25
1.20864e-12 2.07661e-28 1.78875e-25
1.21409e-12 2.09522e-28 1.78667e-25
1.21956e-12 2.11389e-28 1.78458e-25
1.22505e-12 2.13263e-28 1.78246e-25
1.23057e-12 2.15143e-28 1.78033e-25
1.23611e-12 2.1703e-28 1.77818e-25
1.24167e-12 2.18923e-28 1.77601e-25
1.24727e-12 2.20823e-28 1.77382e-25
1.25288e-12 2.22729e-28 1.77161e-25
1.25853e-12 2.2464e-28 1.76938e-25
1.26419e-12 2.26558e-28 1.76714e-25
1.26989e-12 2.28481e-28 1.76487e-25
1.27561e-12 2.3041e-28 1.76259e-25
1.28135e-12 2.32344e-28 1.76028e-25
1.28712e-12 2.34284e-28 1.75796e-25
1.29292e-12 2.36228e-28 1.75562e-25
1.29874e-12 2.38178e-28 1.75325e-25
1.30459e-12 2.40133e-28 1.75087e-25
1.31047e-12 2.42093e-28 1.74847e-25
1.31637e-12 2.44057e-28 1.74605e-25
1.3223e-12 2.46026e-28 1.74361e-25
1.32825e-12 2.48e-28 1.74115e-25
1.33424e-12 2.49977e-28 1.73867e-25
1.34024e-12 2.51959e-28 1.73617e-25
1.34628e-12 2.53944e-28 1.73365e-25
1.35234e-12 2.55934e-28 1.73111e-25
1.35843e-12 2.57927e-28 1.72855e-25
1.36455e-12 2.59924e-28 1.72597e-25
1.3707e-12 2.61923e-28 1.72337e-25
1.37687e-12 2.63927e-28 1.72075e-25
1.38307e-12 2.65933e-28 1.71811e-25
1.3893e-12 2.67942e-28 1.71545e-25
1.39556e-12 2.69954e-28 1.71278e-25
1.40184e-12 2.71968e-28 1.71008e-25
1.40816e-12 2.73985e-28 1.70736e-25
1.4145e-12 2.76004e-28 1.70462e-25
1.42087e-12 2.78025e-28 1.70186e-25
1.42727e-12 2.80048e-28 1.69908e-25
1.4337e-12 2.82073e-28 1.69628e-25
1.44015e-12 2.84099e-28 1.69345e-25
1.44664e-12 2.86127e-28 1.69061e-25
1.45315e-12 2.88155e-28 1.68775e-25
1.4597e-12 2.90185e-28 1.68487e-25
1.46627e-12 2.92216e-28 1.68197e-25
1.47288e-12 2.94248e-28 1.67905e-25
1.47951e-12 2.9628e-28 1.6761e-25
1.48617e-12 2.98312e-28 1.67314e-25
1.49287e-12 3.00345e-28 1.67016e-25
1.49959e-12 3.02378e-28 1.66716e-25
1.50634e-12 3.0441e-28 1.66413e-25
1.51313e-12 3.06442e-28 1.66109e-25
1.51994e-12 3.08474e-28 1.65802e-25
1.52679e-12 3.10505e-28 1.65494e-25
1.53366e-12 3.12534e-28 1.65183e-25
1.54057e-12 3.14563e-28 1.64871e-25
1.54751e-12 3.16591e-28 1.64556e-25
1.55448e-12 3.18617e-28 1.6424e-25
1.56148e-12 3.20641e-28 1.63921e-25
1.56851e-12 3.22663e-28 1.636e-25
1.57558e-12 3.24684e-28 1.63278e-25
1.58267e-12 3.26702e-28 1.62953e-25
1.5898e-12 3.28718e-28 1.62626e-25
1.59696e-12 3.30731e-28 1.62298e-25
1.60415e-12 3.32741e-28 1.61967e-25
1.61138e-12 3.34748e-28 1.61634e-25
1.61864e-12 3.36753e-28 1.61299e-25
1.62592e-12 3.38753e-28 1.60963e-25
1.63325e-12 3.4075e-28 1.60624e-25
1.6406e-12 3.42744e-28 1.60283e-25
1.64799e-12 3.44733e-28 1.5994e-25
1.65541e-12 3.46718e-28 1.59596e-25
1.66287e-12 3.48699e-28 1.59249e-25
1.67036e-12 3.50675e-28 1.589e-25
1.67788e-12 3.52646e-28 1.5855e-25
1.68544e-12 3.54613e-28 1.58197e-25
1.69303e-12 3.56574e-28 1.57842e-25
1.70065e-12 3.5853e-28 1.57486e-25
1.70831e-12 3.6048e-28 1.57127e-25
1.71601e-12 3.62425e-28 1.56767e-25
1.72374e-12 3.64363e-28 1.56404e-25
1.7315e-12 3.66296e-28 1.5604e-25
1.7393e-12 3.68221e-28 1.55674e-25
1.74713e-12 3.70141e-28 1.55305e-25
1.755e-12 3.72054e-28 1.54935e-25
1.7629e-12 3.73959e-28 1.54563e-25
1.77084e-12 3.75858e-28 1.54189e-25
1.77882e-12 3.77749e-28 1.53813e-25
1.78683e-12 3.79632e-28 1.53436e-25
1.79488e-12 3.81508e-28 1.53056e-25
1.80296e-12 3.83376e-28 1.52675e-25
1.81108e-12 3.85236e-28 1.52291e-25
1.81924e-12 3.87087e-28 1.51906e-25
1.82743e-12 3.8893e-28 1.51519e-25
1.83566e-12 3.90763e-28 1.5113e-25
1.84393e-12 3.92588e-28 1.50739e-25
1.85223e-12 3.94404e-28 1.50347e-25
1.86057e-12 3.96211e-28 1.49952e-25
1.86895e-12 3.98008e-28 1.49556e-25
1.87737e-12 3.99795e-28 1.49158e-25
1.88583e-12 4.01572e-28 1.48758e-25
1.89432e-12 4.03339e-28 1.48357e-25
1.90285e-12 4.05096e-28 1.47953e-25
1.91142e-12 4.06842e-28 1.47548e-25
1.92003e-12 4.08578e-28 1.47141e-25
1.92868e-12 4.10302e-28 1.46733e-25
1.93736e-12 4.12016e-28 1.46322e-25
1.94609e-12 4.13718e-28 1.4591e-25
1.95485e-12 4.15409e-28 1.45497e-25
1.96366e-12 4.17088e-28 1.45081e-25
1.9725e-12 4.18755e-28 1.44664e-25
1.98138e-12 4.2041e-28 1.44245e-25
1.99031e-12 4.22053e-28 1.43825e-25
1.99927e-12 4.23683e-28 1.43403e-25
2.00827e-12 4.25301e-28 1.42979e-25
2.01732e-12 4.26906e-28 1.42554e-25
2.0264e-12 4.28499e-28 1.42127e-25
2.03553e-12 4.30078e-28 1.41699e-25
2.0447e-12 4.31643e-28 1.41268e-25
2.05391e-12 4.33196e-28 1.40837e-25
2.06316e-12 4.34734e-28 1.40404e-25
2.07245e-12 4.36259e-28 1.39969e-25
2.08178e-12 4.3777e-28 1.39533e-25
2.09116e-12 4.39266e-28 1.39095e-25
2.10058e-12 4.40748e-28 1.38656e-25
2.11004e-12 4.42216e-28 1.38215e-25
2.11954e-12 4.43669e-28 1.37773e-25
2.12909e-12 4.45107e-28 1.37329e-25
2.13867e-12 4.4653e-28 1.36884e-25
2.14831e-12 4.47938e-28 1.36437e-25
2.15798e-12 4.4933e-28 1.35989e-25
2.1677e-12 4.50707e-28 1.3554e-25
2.17746e-12 4.52069e-28 1.35089e-25
2.18727e-12 4.53414e-28 1.34637e-25
2.19712e-12 4.54744e-28 1.34184e-25
2.20702e-12 4.56057e-28 1.33729e-25
2.21696e-12 4.57354e-28 1.33273e-25
2.22694e-12 4.58635e-28 1.32816e-25
2.23697e-12 4.59899e-28 1.32357e-25
2.24704e-12 4.61146e-28 1.31897e-25
2.25716e-12 4.62377e-28 1.31436e-25
2.26733e-12 4.6359e-28 1.30974e-25
2.27754e-12 4.64787e-28 1.3051e-25
2.2878e-12 4.65966e-28 1.30045e-25
2.2981e-12 4.67127e-28 1.29579e-25
2.30845e-12 4.68271e-28 1.29112e-25
2.31885e-12 4.69398e-28 1.28644e-25
2.32929e-12 4.70506e-28 1.28175e-25
2.33978e-12 4.71597e-28 1.27704e-25
2.35032e-12 4.72669e-28 1.27232e-25
2.36091e-12 4.73724e-28 1.2676e-25
2.37154e-12 4.7476e-28 1.26286e-25
2.38222e-12 4.75778e-28 1.25811e-25
2.39295e-12 4.76777e-28 1.25335e-25
2.40373e-12 4.77757e-28 1.24859e-25
2.41455e-12 4.78719e-28 1.24381e-25
2.42543e-12 4.79661e-28 1.23902e-25
2.43635e-12 4.80585e-28 1.23423e-25
2.44732e-12 4.8149e-28 1.22942e-25
2.45834e-12 4.82375e-28 1.22461e-25
2.46942e-12 4.83242e-28 1.21978e-25
2.48054e-12 4.84089e-28 1.21495e-25
2.49171e-12 4.84916e-28 1.21011e-25
2.50293e-12 4.85724e-28 1.20526e-25
2.5142e-12 4.86512e-28 1.2004e-25
2.52553e-12 4.8728e-28 1.19554e-25
2.5369e-12 4.88029e-28 1.19066e-25
2.54833e-12 4.88757e-28 1.18578e-25
2.5598e-12 4.89466e-28 1.1809e-25
2.57133e-12 4.90155e-28 1.176e-25
2.58291e-12 4.90823e-28 1.1711e-25
2.59454e-12 4.91471e-28 1.16619e-25
2.60623e-12 4.92099e-28 1.16128e-25
2.61797e-12 4.92707e-28 1.15636e-25
2.62976e-12 4.93294e-28 1.15143e-25
2.6416e-12 4.9386e-28 1.1465e-25
2.6535e-12 4.94407e-28 1.14156e-25
2.66545e-12 4.94932e-28 1.13661e-25
2.67745e-12 4.95437e-28 1.13166e-25
2.68951e-12 4.95921e-28 1.12671e-25
2.70162e-12 4.96385e-28 1.12175e-25
2.71379e-12 4.96827e-28 1.11679e-25
2.72601e-12 4.97249e-28 1.11182e-25
2.73829e-12 4.9765e-28 1.10685e-25
2.75062e-12 4.9803e-28 1.10187e-25
2.76301e-12 4.98389e-28 1.09689e-25
2.77546e-12 4.98727e-28 1.0919e-25
2.78796e-12 4.99044e-28 1.08692e-25
2.80051e-12 4.9934e-28 1.08193e-25
2.81312e-12 4.99615e-28 1.07693e-25
2.82579e-12 4.99869e-28 1.07194e-25
2.83852e-12 5.00102e-28 1.06694e-25
2.8513e-12 5.00314e-28 1.06194e-25
2.86415e-12 5.00505e-28 1.05693e-25
2.87705e-12 5.00674e-28 1.05193e-25
2.89e-12 5.00822e-28 1.04692e-25
2.90302e-12 5.0095e-28 1.04191e-25
2.91609e-12 5.01056e-28 1.03691e-25
2.92923e-12 5.01141e-28 1.03189e-25
2.94242e-12 5.01204e-28 1.02688e-25
2.95567e-12 5.01247e-28 1.02187e-25
2.96898e-12 5.01269e-28 1.01686e-25
2.98235e-12 5.01269e-28 1.01185e-25
2.99578e-12 5.01248e-28 1.00683e-25
3.00928e-12 5.01207e-28 1.00182e-25
3.02283e-12 5.01144e-28 9.96809e-26
3.03644e-12 5.0106e-28 9.91797e-26
3.05012e-12 5.00955e-28 9.86787e-26
3.06386e-12 5.00829e-28 9.81777e-26
3.07765e-12 5.00683e-28 9.76769e-26
3.09152e-12 5.00515e-28 9.71762e-26
3.10544e-12 5.00326e-28 9.66757e-26
3.11942e-12 5.00117e-28 9.61754e-26
3.13347e-12 4.99887e-28 9.56752e-26
3.14759e-12 4.99636e-28 9.51754e-26
3.16176e-12 4.99364e-28 9.46757e-26
3.176e-12 4.99072e-28 9.41764e-26
3.19031e-12 4.98759e-28 9.36773e-26
3.20467e-12 4.98426e-28 9.31785e-26
3.21911e-12 4.98072e-28 9.26801e-26
3.2336e-12 4.97697e-28 9.2182e-26
3.24817e-12 4.97302e-28 9.16843e-26
3.2628e-12 4.96887e-28 9.1187e-26
3.27749e-12 4.96452e-28 9.06901e-26
3.29225e-12 4.95997e-28 9.01937e-26
3.30708e-12 4.95521e-28 8.96977e-26
3.32197e-12 4.95025e-28 8.92022e-26
3.33693e-12 4.9451e-28 8.87071e-26
3.35196e-12 4.93974e-28 8.82126e-26
3.36706e-12 4.93419e-28 8.77187e-26
3.38222e-12 4.92844e-28 8.72252e-26
3.39746e-12 4.9225e-28 8.67324e-26
3.41276e-12 4.91636e-28 8.62402e-26
3.42813e-12 4.91002e-28 8.57485e-26
3.44357e-12 4.90349e-28 8.52575e-26
3.45908e-12 4.89677e-28 8.47672e-26
3.47465e-12 4.88986e-28 8.42775e-26
3.4903e-12 4.88275e-28 8.37885e-26
3.50602e-12 4.87546e-28 8.33002e-26
3.52181e-12 4.86798e-28 8.28127e-26
3.53767e-12 4.86031e-28 8.23259e-26
3.55361e-12 4.85246e-28 8.18398e-26
3.56961e-12 4.84442e-28 8.13546e-26
3.58569e-12 4.83619e-28 8.08702e-26
3.60184e-12 4.82779e-28 8.03865e-26
3.61806e-12 4.8192e-28 7.99038e-26
3.63435e-12 4.81043e-28 7.94218e-26
3.65072e-12 4.80148e-28 7.89408e-26
3.66716e-12 4.79235e-28 7.84607e-26
3.68368e-12 4.78305e-28 7.79814e-26
3.70027e-12 4.77357e-28 7.75031e-26
3.71693e-12 4.76392e-28 7.70258e-26
3.73367e-12 4.75409e-28 7.65494e-26
3.75049e-12 4.74409e-28 7.6074e-26
3.76738e-12 4.73392e-28 7.55995e-26
3.78435e-12 4.72358e-28 7.51262e-26
3.80139e-12 4.71308e-28 7.46538e-26
3.81851e-12 4.70241e-28 7.41825e-26
3.83571e-12 4.69157e-28 7.37122e-26
3.85298e-12 4.68057e-28 7.32431e-26
3.87034e-12 4.66941e-28 7.2775e-26
3.88777e-12 4.65808e-28 7.23081e-26
3.90528e-12 4.6466e-28 7.18423e-26
3.92286e-12 4.63496e-28 7.13776e-26
3.94053e-12 4.62317e-28 7.09141e-26
3.95828e-12 4.61122e-28 7.04518e-26
3.97611e-12 4.59911e-28 6.99907e-26
3.99401e-12 4.58686e-28 6.95308e-26
4.012e-12 4.57445e-28 6.90721e-26
4.03007e-12 4.5619e-28 6.86146e-26
4.04822e-12 4.5492e-28 6.81585e-26
4.06645e-12 4.53635e-28 6.77035e-26
4.08477e-12 4.52336e-28 6.72499e-26
4.10316e-12 4.51023e-28 6.67976e-26
4.12164e-12 4.49696e-28 6.63465e-26
4.1402e-12 4.48354e-28 6.58968e-26
4.15885e-12 4.47e-28 6.54485e-26
4.17758e-12 4.45631e-28 6.50015e-26
4.1964e-12 4.44249e-28 6.45559e-26
4.2153e-12 4.42854e-28 6.41116e-26
4.23428e-12 4.41446e-28 6.36688e-26
4.25335e-12 4.40025e-28 6.32273e-26
4.27251e-12 4.38592e-28 6.27873e-26
4.29175e-12 4.37146e-28 6.23487e-26
4.31108e-12 4.35687e-28 6.19116e-26
4.33049e-12 4.34216e-28 6.14759e-26
4.35e-12 4.32733e-28 6.10416e-26
4.36959e-12 4.31239e-28 6.06089e-26
4.38927e-12 4.29732e-28 6.01777e-26
4.40903e-12 4.28215e-28 5.97479e-26
4.42889e-12 4.26685e-28 5.93197e-26
4.44884e-12 4.25145e-28 5.8893e-26
4.46887e-12 4.23594e-28 5.84679e-26
4.489e-12 4.22032e-28 5.80443e-26
4.50922e-12 4.20459e-28 5.76223e-26
4.52953e-12 4.18876e-28 5.72018e-26
4.54993e-12 4.17283e-28 5.67829e-26
4.57042e-12 4.15679e-28 5.63657e-26
4.591e-12 4.14066e-28 5.595e-26
4.61168e-12 4.12443e-28 5.55359e-26
4.63245e-12 4.1081e-28 5.51235e-26
4.65331e-12 4.09168e-28 5.47127e-26
4.67427e-12 4.07517e-28 5.43035e-26
4.69532e-12 4.05857e-28 5.3896e-26
4.71647e-12 4.04188e-28 5.34901e-26
4.73771e-12 4.02511e-28 5.30859e-26
4.75904e-12 4.00825e-28 5.26834e-26
4.78048e-12 3.9913e-28 5.22826e-26
4.80201e-12 3.97428e-28 5.18835e-26
4.82363e-12 3.95718e-28 5.1486e-26
4.84536e-12 3.94e-28 5.10903e-26
4.86718e-12 3.92274e-28 5.06963e-26
4.8891e-12 3.90541e-28 5.0304e-26
4.91112e-12 3.88801e-28 4.99135e-26
4.93324e-12 3.87054e-28 4.95247e-26
4.95546e-12 3.853e-28 4.91376e-26
4.97777e-12 3.83539e-28 4.87523e-26
5.00019e-12 3.81772e-28 4.83688e-26
5.02271e-12 3.79999e-28 4.7987e-26
5.04533e-12 3.7822e-28 4.7607e-26
5.06806e-12 3.76434e-28 4.72288e-26
5.09088e-12 3.74643e-28 4.68524e-26
5.11381e-12 3.72847e-28 4.64777e-26
5.13684e-12 3.71045e-28 4.61049e-26
5.15997e-12 3.69238e-28 4.57338e-26
5.18321e-12 3.67425e-28 4.53646e-26
5.20656e-12 3.65608e-28 4.49972e-26
5.23001e-12 3.63787e-28 4.46316e-26
5.25356e-12 3.6196e-28 4.42678e-26
5.27722e-12 3.6013e-28 4.39058e-26
5.30099e-12 3.58295e-28 4.35457e-26
5.32486e-12 3.56456e-28 4.31874e-26
5.34884e-12 3.54614e-28 4.28309e-26
5.37293e-12 3.52768e-28 4.24763e-26
5.39713e-12 3.50918e-28 4.21236e-26
5.42144e-12 3.49066e-28 4.17726e-26
5.44586e-12 3.4721e-28 4.14236e-26
5.47038e-12 3.45351e-28 4.10764e-26
5.49502e-12 3.43489e-28 4.0731e-26
5.51977e-12 3.41625e-28 4.03875e-26
5.54463e-12 3.39758e-28 4.00459e-26
5.5696e-12 3.37889e-28 3.97061e-26
5.59468e-12 3.36018e-28 3.93683e-26
5.61988e-12 3.34145e-28 3.90322e-26
5.64519e-12 3.3227e-28 3.86981e-26
5.67061e-12 3.30394e-28 3.83658e-26
5.69615e-12 3.28516e-28 3.80354e-26
5.72181e-12 3.26637e-28 3.77069e-26
5.74757e-12 3.24757e-28 3.73803e-26
5.77346e-12 3.22876e-28 3.70555e-26
5.79946e-12 3.20994e-28 3.67326e-26
5.82558e-12 3.19111e-28 3.64116e-26
5.85182e-12 3.17228e-28 3.60925e-26
5.87817e-12 3.15344e-28 3.57753e-26
5.90465e-12 3.13461e-28 3.546e-26
5.93124e-12 3.11577e-28 3.51465e-26
5.95795e-12 3.09693e-28 3.48349e-26
5.98478e-12 3.0781e-28 3.45252e-26
6.01174e-12 3.05927e-28 3.42174e-26
6.03881e-12 3.04045e-28 3.39115e-26
6.06601e-12 3.02163e-28 3.36075e-26
6.09333e-12 3.00282e-28 3.33053e-26
6.12077e-12 2.98403e-28 3.3005e-26
6.14834e-12 2.96524e-28 3.27066e-26
6.17603e-12 2.94647e-28 3.24101e-26
6.20384e-12 2.92771e-28 3.21154e-26
6.23178e-12 2.90897e-28 3.18227e-26
6.25985e-12 2.89024e-28 3.15318e-26
6.28804e-12 2.87153e-28 3.12427e-26
6.31636e-12 2.85284e-28 3.09556e-26
6.34481e-12 2.83418e-28 3.06703e-26
6.37339e-12 2.81553e-28 3.03869e-26
6.40209e-12 2.79691e-28 3.01053e-26
6.43092e-12 2.77832e-28 2.98256e-26
6.45989e-12 2.75975e-28 2.95478e-26
6.48898e-12 2.74121e-28 2.92718e-26
6.5182e-12 2.7227e-28 2.89977e-26
6.54756e-12 2.70421e-28 2.87254e-26
6.57705e-12 2.68576e-28 2.8455e-26
6.60667e-12 2.66734e-28 2.81864e-26
6.63642e-12 2.64896e-28 2.79197e-26
6.66631e-12 2.63061e-28 2.76548e-26
6.69633e-12 2.6123e-28 2.73918e-26
6.72649e-12 2.59402e-28 2.71305e-26
6.75679e-12 2.57579e-28 2.68711e-26
6.78722e-12 2.55759e-28 2.66135e-26
6.81779e-12 2.53943e-28 2.63578e-26
6.84849e-12 2.52132e-28 2.61038e-26
6.87933e-12 2.50324e-28 2.58517e-26
6.91032e-12 2.48522e-28 2.56014e-26
6.94144e-12 2.46723e-28 2.53529e-26
6.9727e-12 2.4493e-28 2.51061e-26
7.0041e-12 2.43141e-28 2.48612e-26
7.03565e-12 2.41357e-28 2.46181e-26
7.06734e-12 2.39577e-28 2.43767e-26
7.09916e-12 2.37803e-28 2.41371e-26
7.13114e-12 2.36034e-28 2.38993e-26
7.16325e-12 2.3427e-28 2.36633e-26
7.19551e-12 2.32512e-28 2.3429e-26
7.22792e-12 2.30758e-28 2.31965e-26
7.26047e-12 2.29011e-28 2.29658e-26
7.29317e-12 2.27269e-28 2.27368e-26
7.32602e-12 2.25532e-28 2.25095e-26
7.35901e-12 2.23802e-28 2.22839e-26
7.39216e-12 2.22077e-28 2.20601e-26
7.42545e-12 2.20358e-28 2.18381e-26
7.45889e-12 2.18645e-28 2.16177e-26
7.49248e-12 2.16938e-28 2.13991e-26
7.52623e-12 2.15237e-28 2.11821e-26
7.56012e-12 2.13543e-28 2.09669e-26
7.59417e-12 2.11855e-28 2.07534e-26
7.62837e-12 2.10173e-28 2.05415e-26
7.66273e-12 2.08497e-28 2.03313e-26
7.69724e-12 2.06829e-28 2.01228e-26
7.73191e-12 2.05167e-28 1.9916e-26
7.76673e-12 2.03511e-28 1.97108e-26
7.80171e-12 2.01862e-28 1.95073e-26
7.83684e-12 2.0022e-28 1.93055e-26
7.87214e-12 1.98585e-28 1.91052e-26
7.90759e-12 1.96957e-28 1.89067e-26
7.94321e-12 1.95336e-28 1.87097e-26
7.97898e-12 1.93722e-28 1.85144e-26
8.01492e-12 1.92115e-28 1.83206e-26
8.05101e-12 1.90515e-28 1.81285e-26
8.08727e-12 1.88922e-28 1.7938e-26
8.12369e-12 1.87337e-28 1.77491e-26
8.16028e-12 1.85759e-28 1.75617e-26
8.19703e-12 1.84188e-28 1.7376e-26
8.23395e-12 1.82625e-28 1.71918e-26
8.27103e-12 1.8107e-28 1.70092e-26
8.30828e-12 1.79521e-28 1.68281e-26
8.3457e-12 1.77981e-28 1.66486e-26
8.38329e-12 1.76448e-28 1.64706e-26
8.42104e-12 1.74923e-28 1.62942e-26
8.45897e-12 1.73405e-28 1.61192e-26
8.49707e-12 1.71895e-28 1.59458e-26
8.53534e-12 1.70393e-28 1.57739e-26
8.57378e-12 1.68899e-28 1.56035e-26
8.61239e-12 1.67412e-28 1.54346e-26
8.65118e-12 1.65934e-28 1.52672e-26
8.69014e-12 1.64463e-28 1.51013e-26
8.72928e-12 1.63e-28 1.49368e-26
8.76859e-12 1.61546e-28 1.47738e-26
8.80808e-12 1.60099e-28 1.46123e-26
8.84775e-12 1.58661e-28 1.44522e-26
8.8876e-12 1.5723e-28 1.42935e-26
8.92763e-12 1.55808e-28 1.41363e-26
8.96783e-12 1.54393e-28 1.39805e-26
9.00822e-12 1.52987e-28 1.38261e-26
9.04879e-12 1.51589e-28 1.36731e-26
9.08955e-12 1.50199e-28 1.35215e-26
9.13048e-12 1.48818e-28 1.33713e-26
9.1716e-12 1.47445e-28 1.32225e-26
9.21291e-12 1.4608e-28 1.30751e-26
9.2544e-12 1.44723e-28 1.2929e-26
9.29608e-12 1.43374e-28 1.27843e-26
9.33795e-12 1.42034e-28 1.26409e-26
9.38e-12 1.40702e-28 1.24988e-26
9.42225e-12 1.39378e-28 1.23581e-26
9.46468e-12 1.38063e-28 1.22188e-26
9.50731e-12 1.36756e-28 1.20807e-26
9.55013e-12 1.35457e-28 1.19439e-26
9.59314e-12 1.34167e-28 1.18085e-26
9.63634e-12 1.32885e-28 1.16743e-26
9.67974e-12 1.31612e-28 1.15414e-26
9.72334e-12 1.30347e-28 1.14098e-26
9.76713e-12 1.2909e-28 1.12795e-26
9.81112e-12 1.27841e-28 1.11504e-26
9.8553e-12 1.26601e-28 1.10225e-26
9.89969e-12 1.2537e-28 1.08959e-26
9.94427e-12 1.24147e-28 1.07706e-26
9.98906e-12 1.22932e-28 1.06464e-26
1.0034e-11 1.21725e-28 1.05235e-26
1.00792e-11 1.20527e-28 1.04018e-26
1.01246e-11 1.19337e-28 1.02812e-26
1.01702e-11 1.18156e-28 1.01619e-26
1.0216e-11 1.16983e-28 1.00438e-26
1.0262e-11 1.15818e-28 9.92677e-27
1.03083e-11 1.14662e-28 9.81095e-27
1.03547e-11 1.13514e-28 9.69629e-27
1.04013e-11 1.12374e-28 9.58278e-27
1.04482e-11 1.11242e-28 9.4704e-27
1.04952e-11 1.10119e-28 9.35916e-27
1.05425e-11 1.09004e-28 9.24904e-27
1.059e-11 1.07898e-28 9.14004e-27
1.06377e-11 1.068e-28 9.03214e-27
1.06856e-11 1.0571e-28 8.92534e-27
1.07337e-11 1.04628e-28 8.81963e-27
1.0782e-11 1.03554e-28 8.715e-27
1.08306e-11 1.02489e-28 8.61145e-27
1.08794e-11 1.01431e-28 8.50896e-27
1.09284e-11 1.00382e-28 8.40753e-27
1.09776e-11 9.93414e-29 8.30714e-27
1.1027e-11 9.83086e-29 8.2078e-27
1.10767e-11 9.72839e-29 8.10949e-27
1.11266e-11 9.62672e-29 8.01221e-27
1.11767e-11 9.52587e-29 7.91594e-27
1.1227e-11 9.42581e-29 7.82069e-27
1.12776e-11 9.32656e-29 7.72643e-27
1.13284e-11 9.2281e-29 7.63316e-27
1.13794e-11 9.13044e-29 7.54088e-27
1.14307e-11 9.03358e-29 7.44958e-27
1.14821e-11 8.9375e-29 7.35924e-27
1.15338e-11 8.84222e-29 7.26987e-27
1.15858e-11 8.74772e-29 7.18144e-27
1.1638e-11 8.654e-29 7.09397e-27
1.16904e-11 8.56107e-29 7.00743e-27
1.1743e-11 8.46891e-29 6.92182e-27
1.17959e-11 8.37753e-29 6.83713e-27
1.1849e-11 8.28692e-29 6.75335e-27
1.19024e-11 8.19708e-29 6.67048e-27
1.1956e-11 8.108e-29 6.58851e-27
1.20099e-11 8.01969e-29 6.50743e-27
1.2064e-11 7.93214e-29 6.42723e-27
1.21183e-11 7.84534e-29 6.34791e-27
1.21729e-11 7.7593e-29 6.26946e-27
1.22277e-11 7.674e-29 6.19187e-27
1.22828e-11 7.58946e-29 6.11513e-27
1.23381e-11 7.50565e-29 6.03923e-27
1.23936e-11 7.42259e-29 5.96418e-27
1.24495e-11 7.34026e-29 5.88995e-27
1.25055e-11 7.25867e-29 5.81655e-27
1.25618e-11 7.17781e-29 5.74396e-27
1.26184e-11 7.09767e-29 5.67218e-27
1.26753e-11 7.01826e-29 5.60121e-27
1.27323e-11 6.93956e-29 5.53102e-27
1.27897e-11 6.86158e-29 5.46163e-27
1.28473e-11 6.78431e-29 5.39301e-27
1.29051e-11 6.70776e-29 5.32517e-27
1.29633e-11 6.6319e-29 5.25809e-27
1.30216e-11 6.55675e-29 5.19177e-27
1.30803e-11 6.48229e-29 5.1262e-27
1.31392e-11 6.40852e-29 5.06138e-27
1.31984e-11 6.33545e-29 4.9973e-27
1.32578e-11 6.26306e-29 4.93394e-27
1.33175e-11 6.19135e-29 4.87131e-27
1.33775e-11 6.12032e-29 4.8094e-27
1.34378e-11 6.04997e-29 4.74819e-27
1.34983e-11 5.98028e-29 4.68769e-27
1.35591e-11 5.91126e-29 4.62789e-27
1.36201e-11 5.8429e-29 4.56878e-27
1.36815e-11 5.7752e-29 4.51035e-27
1.37431e-11 5.70816e-29 4.4526e-27
1.3805e-11 5.64176e-29 4.39552e-27
1.38672e-11 5.57601e-29 4.3391e-27
1.39296e-11 5.5109e-29 4.28334e-27
1.39923e-11 5.44643e-29 4.22823e-27
1.40554e-11 5.3826e-29 4.17377e-27
1.41187e-11 5.31939e-29 4.11994e-27
1.41823e-11 5.25681e-29 4.06675e-27
1.42461e-11 5.19485e-29 4.01418e-27
1.43103e-11 5.13351e-29 3.96223e-27
1.43747e-11 5.07278e-29 3.91089e-27
1.44395e-11 5.01267e-29 3.86017e-27
1.45045e-11 4.95315e-29 3.81004e-27
1.45698e-11 4.89424e-29 3.76051e-27
1.46354e-11 4.83592e-29 3.71156e-27
1.47014e-11 4.7782e-29 3.66321e-27
1.47676e-11 4.72107e-29 3.61542e-27
1.48341e-11 4.66452e-29 3.56821e-27
1.49009e-11 4.60855e-29 3.52157e-27
1.4968e-11 4.55315e-29 3.47548e-27
1.50354e-11 4.49833e-29 3.42995e-27
1.51031e-11 4.44408e-29 3.38497e-27
1.51711e-11 4.39039e-29 3.34053e-27
1.52395e-11 4.33725e-29 3.29662e-27
1.53081e-11 4.28468e-29 3.25325e-27
1.5377e-11 4.23265e-29 3.2104e-27
1.54463e-11 4.18118e-29 3.16808e-27
1.55159e-11 4.13024e-29 3.12627e-27
1.55857e-11 4.07984e-29 3.08496e-27
1.56559e-11 4.02998e-29 3.04416e-27
1.57265e-11 3.98065e-29 3.00386e-27
1.57973e-11 3.93184e-29 2.96406e-27
1.58684e-11 3.88356e-29 2.92474e-27
1.59399e-11 3.83579e-29 2.8859e-27
1.60117e-11 3.78854e-29 2.84755e-27
1.60838e-11 3.74179e-29 2.80966e-27
1.61562e-11 3.69556e-29 2.77224e-27
1.6229e-11 3.64982e-29 2.73529e-27
1.63021e-11 3.60458e-29 2.69879e-27
1.63755e-11 3.55984e-29 2.66274e-27
1.64493e-11 3.51558e-29 2.62714e-27
1.65233e-11 3.47181e-29 2.59199e-27
1.65978e-11 3.42852e-29 2.55727e-27
1.66725e-11 3.3857e-29 2.52299e-27
1.67476e-11 3.34336e-29 2.48913e-27
1.6823e-11 3.30149e-29 2.4557e-27
1.68988e-11 3.26009e-29 2.42268e-27
1.69749e-11 3.21914e-29 2.39008e-27
1.70513e-11 3.17865e-29 2.35789e-27
1.71281e-11 3.13861e-29 2.3261e-27
1.72053e-11 3.09903e-29 2.29472e-27
1.72828e-11 3.05989e-29 2.26373e-27
1.73606e-11 3.02119e-29 2.23313e-27
1.74388e-11 2.98292e-29 2.20291e-27
1.75173e-11 2.94509e-29 2.17309e-27
1.75962e-11 2.90769e-29 2.14363e-27
1.76755e-11 2.87072e-29 2.11456e-27
1.77551e-11 2.83416e-29 2.08585e-27
1.7835e-11 2.79803e-29 2.05751e-27
1.79154e-11 2.76231e-29 2.02953e-27
1.7996e-11 2.727e-29 2.00191e-27
1.80771e-11 2.69209e-29 1.97464e-27
1.81585e-11 2.65759e-29 1.94771e-27
1.82403e-11 2.62349e-29 1.92114e-27
1.83224e-11 2.58978e-29 1.8949e-27
1.8405e-11 2.55646e-29 1.86901e-27
1.84878e-11 2.52354e-29 1.84344e-27
1.85711e-11 2.49099e-29 1.81821e-27
1.86547e-11 2.45883e-29 1.7933e-27
1.87388e-11 2.42704e-29 1.76871e-27
1.88232e-11 2.39563e-29 1.74444e-27
1.89079e-11 2.36459e-29 1.72048e-27
1.89931e-11 2.33391e-29 1.69683e-27
1.90786e-11 2.30359e-29 1.6735e-27
1.91646e-11 2.27364e-29 1.65046e-27
1.92509e-11 2.24404e-29 1.62772e-27
1.93376e-11 2.21479e-29 1.60528e-27
1.94247e-11 2.18589e-29 1.58314e-27
1.95121e-11 2.15733e-29 1.56128e-27
1.96e-11 2.12912e-29 1.5397e-27
1.96883e-11 2.10124e-29 1.51841e-27
1.9777e-11 2.0737e-29 1.4974e-27
1.9866e-11 2.04649e-29 1.47666e-27
1.99555e-11 2.01961e-29 1.4562e-27
2.00454e-11 1.99306e-29 1.436e-27
2.01357e-11 1.96682e-29 1.41607e-27
2.02263e-11 1.94091e-29 1.3964e-27
2.03174e-11 1.9153e-29 1.37699e-27
2.04089e-11 1.89001e-29 1.35784e-27
2.05008e-11 1.86503e-29 1.33894e-27
2.05932e-11 1.84036e-29 1.32029e-27
2.06859e-11 1.81598e-29 1.30189e-27
2.07791e-11 1.79191e-29 1.28373e-27
2.08727e-11 1.76813e-29 1.26581e-27
2.09667e-11 1.74464e-29 1.24813e-27
2.10611e-11 1.72144e-29 1.23068e-27
2.1156e-11 1.69853e-29 1.21347e-27
2.12512e-11 1.6759e-29 1.19648e-27
2.13469e-11 1.65355e-29 1.17972e-27
2.14431e-11 1.63148e-29 1.16319e-27
2.15397e-11 1.60969e-29 1.14687e-27
2.16367e-11 1.58816e-29 1.13077e-27
2.17341e-11 1.56691e-29 1.11489e-27
2.1832e-11 1.54592e-29 1.09922e-27
2.19303e-11 1.52519e-29 1.08376e-27
2.20291e-11 1.50472e-29 1.06851e-27
2.21283e-11 1.48451e-29 1.05346e-27
2.2228e-11 1.46456e-29 1.03862e-27
2.23281e-11 1.44485e-29 1.02397e-27
2.24286e-11 1.4254e-29 1.00953e-27
2.25296e-11 1.40619e-29 9.95272e-28
2.26311e-11 1.38722e-29 9.8121e-28
2.2733e-11 1.36849e-29 9.67337e-28
2.28354e-11 1.35e-29 9.53653e-28
2.29383e-11 1.33175e-29 9.40152e-28
2.30416e-11 1.31373e-29 9.26835e-28
2.31453e-11 1.29594e-29 9.13698e-28
2.32496e-11 1.27837e-29 9.00738e-28
2.33543e-11 1.26104e-29 8.87955e-28
2.34595e-11 1.24392e-29 8.75344e-28
2.35651e-11 1.22702e-29 8.62905e-28
2.36713e-11 1.21034e-29 8.50635e-28
2.37779e-11 1.19387e-29 8.38531e-28
2.3885e-11 1.17762e-29 8.26593e-28
2.39925e-11 1.16158e-29 8.14816e-28
2.41006e-11 1.14574e-29 8.03201e-28
2.42091e-11 1.13011e-29 7.91743e-28
2.43182e-11 1.11468e-29 7.80442e-28
2.44277e-11 1.09945e-29 7.69296e-28
2.45377e-11 1.08442e-29 7.58301e-28
2.46482e-11 1.06958e-29 7.47457e-28
2.47592e-11 1.05494e-29 7.36761e-28
2.48707e-11 1.04049e-29 7.26212e-28
2.49827e-11 1.02622e-29 7.15807e-28
2.50952e-11 1.01215e-29 7.05545e-28
2.52083e-11 9.98253e-30 6.95423e-28
2.53218e-11 9.84543e-30 6.85441e-28
2.54358e-11 9.71013e-30 6.75595e-28
2.55504e-11 9.5766e-30 6.65885e-28
2.56655e-11 9.44483e-30 6.56308e-28
2.57811e-11 9.3148e-30 6.46864e-28
2.58972e-11 9.18648e-30 6.37549e-28
2.60138e-11 9.05985e-30 6.28362e-28
2.6131e-11 8.9349e-30 6.19303e-28
2.62486e-11 8.81161e-30 6.10368e-28
2.63669e-11 8.68994e-30 6.01556e-28
2.64856e-11 8.56989e-30 5.92866e-28
2.66049e-11 8.45144e-30 5.84296e-28
2.67247e-11 8.33456e-30 5.75845e-28
2.68451e-11 8.21923e-30 5.6751e-28
2.6966e-11 8.10544e-30 5.59291e-28
2.70874e-11 7.99317e-30 5.51186e-28
2.72094e-11 7.8824e-30 5.43192e-28
2.7332e-11 7.77311e-30 5.3531e-28
2.74551e-11 7.66528e-30 5.27537e-28
2.75787e-11 7.55889e-30 5.19872e-28
2.77029e-11 7.45393e-30 5.12313e-28
2.78277e-11 7.35038e-30 5.04859e-28
2.7953e-11 7.24823e-30 4.97508e-28
2.80789e-11 7.14744e-30 4.9026e-28
2.82054e-11 7.04801e-30 4.83113e-28
2.83324e-11 6.94993e-30 4.76065e-28
2.846e-11 6.85316e-30 4.69115e-28
2.85882e-11 6.7577e-30 4.62262e-28
2.87169e-11 6.66354e-30 4.55504e-28
2.88462e-11 6.57064e-30 4.4884e-28
2.89762e-11 6.47901e-30 4.4227e-28
2.91067e-11 6.38861e-30 4.35791e-28
2.92377e-11 6.29944e-30 4.29402e-28
2.93694e-11 6.21149e-30 4.23103e-28
2.95017e-11 6.12473e-30 4.16891e-28
2.96346e-11 6.03914e-30 4.10766e-28
2.9768e-11 5.95473e-30 4.04727e-28
2.99021e-11 5.87146e-30 3.98773e-28
3.00368e-11 5.78933e-30 3.92901e-28
3.0172e-11 5.70832e-30 3.87112e-28
3.03079e-11 5.62842e-30 3.81403e-28
3.04444e-11 5.5496e-30 3.75775e-28
3.05815e-11 5.47187e-30 3.70225e-28
3.07193e-11 5.3952e-30 3.64754e-28
3.08576e-11 5.31959e-30 3.59358e-28
3.09966e-11 5.245e-30 3.54039e-28
3.11362e-11 5.17145e-30 3.48794e-28
3.12764e-11 5.0989e-30 3.43622e-28
3.14173e-11 5.02735e-30 3.38523e-28
3.15588e-11 4.95679e-30 3.33496e-28
3.17009e-11 4.88719e-30 3.28539e-28
3.18437e-11 4.81856e-30 3.23652e-28
3.19871e-11 4.75087e-30 3.18834e-28
3.21312e-11 4.68412e-30 3.14083e-28
3.22759e-11 4.61828e-30 3.09399e-28
3.24212e-11 4.55336e-30 3.0478e-28
3.25672e-11 4.48933e-30 3.00227e-28
3.27139e-11 4.42619e-30 2.95738e-28
3.28612e-11 4.36393e-30 2.91311e-28
3.30092e-11 4.30253e-30 2.86947e-28
3.31579e-11 4.24197e-30 2.82645e-28
3.33072e-11 4.18226e-30 2.78403e-28
3.34573e-11 4.12338e-30 2.74221e-28
3.36079e-11 4.06531e-30 2.70097e-28
3.37593e-11 4.00806e-30 2.66032e-28
3.39113e-11 3.95159e-30 2.62024e-28
3.40641e-11 3.89592e-30 2.58072e-28
3.42175e-11 3.84102e-30 2.54176e-28
3.43716e-11 3.78688e-30 2.50335e-28
3.45264e-11 3.7335e-30 2.46549e-28
3.46819e-11 3.68086e-30 2.42815e-28
3.48381e-11 3.62896e-30 2.39134e-28
3.4995e-11 3.57778e-30 2.35505e-28
3.51526e-11 3.52732e-30 2.31927e-28
3.53109e-11 3.47756e-30 2.284e-28
3.54699e-11 3.4285e-30 2.24923e-28
3.56297e-11 3.38013e-30 2.21494e-28
3.57901e-11 3.33243e-30 2.18114e-28
3.59513e-11 3.2854e-30 2.14781e-28
3.61132e-11 3.23903e-30 2.11496e-28
3.62759e-11 3.19331e-30 2.08257e-28
3.64393e-11 3.14823e-30 2.05064e-28
3.66034e-11 3.10378e-30 2.01916e-28
3.67682e-11 3.05996e-30 1.98812e-28
3.69338e-11 3.01675e-30 1.95752e-28
3.71002e-11 2.97415e-30 1.92735e-28
3.72672e-11 2.93215e-30 1.89761e-28
3.74351e-11 2.89074e-30 1.86829e-28
3.76037e-11 2.84991e-30 1.83938e-28
3.7773e-11 2.80966e-30 1.81088e-28
3.79432e-11 2.76998e-30 1.78278e-28
3.8114e-11 2.73085e-30 1.75508e-28
3.82857e-11 2.69227e-30 1.72778e-28
3.84581e-11 2.65424e-30 1.70085e-28
3.86313e-11 2.61675e-30 1.67431e-28
3.88053e-11 2.57978e-30 1.64814e-28
3.89801e-11 2.54334e-30 1.62235e-28
3.91556e-11 2.50741e-30 1.59691e-28
3.9332e-11 2.47199e-30 1.57184e-28
3.95091e-11 2.43706e-30 1.54712e-28
3.96871e-11 2.40264e-30 1.52275e-28
3.98658e-11 2.3687e-30 1.49872e-28
4.00453e-11 2.33523e-30 1.47503e-28
4.02257e-11 2.30225e-30 1.45168e-28
4.04069e-11 2.26973e-30 1.42866e-28
4.05888e-11 2.23767e-30 1.40596e-28
4.07716e-11 2.20606e-30 1.38359e-28
4.09553e-11 2.1749e-30 1.36152e-28
4.11397e-11 2.14418e-30 1.33978e-28
4.1325e-11 2.1139e-30 1.31833e-28
4.15111e-11 2.08405e-30 1.29719e-28
4.16981e-11 2.05462e-30 1.27635e-28
4.18859e-11 2.02561e-30 1.25581e-28
4.20745e-11 1.99701e-30 1.23555e-28
4.2264e-11 1.96882e-30 1.21558e-28
4.24543e-11 1.94102e-30 1.19589e-28
4.26455e-11 1.91362e-30 1.17648e-28
4.28376e-11 1.88661e-30 1.15735e-28
4.30305e-11 1.85999e-30 1.13848e-28
4.32243e-11 1.83374e-30 1.11988e-28
4.3419e-11 1.80786e-30 1.10154e-28
4.36146e-11 1.78236e-30 1.08347e-28
4.3811e-11 1.75721e-30 1.06564e-28
4.40083e-11 1.73243e-30 1.04807e-28
4.42065e-11 1.70799e-30 1.03075e-28
4.44056e-11 1.6839e-30 1.01367e-28
4.46056e-11 1.66016e-30 9.96826e-29
4.48065e-11 1.63675e-30 9.80225e-29
4.50083e-11 1.61368e-30 9.63857e-29
4.5211e-11 1.59093e-30 9.4772e-29
4.54146e-11 1.56851e-30 9.31811e-29
4.56191e-11 1.54641e-30 9.16126e-29
4.58246e-11 1.52462e-30 9.00662e-29
4.6031e-11 1.50315e-30 8.85416e-29
4.62383e-11 1.48197e-30 8.70384e-29
4.64465e-11 1.4611e-30 8.55564e-29
4.66557e-11 1.44053e-30 8.40953e-29
4.68658e-11 1.42025e-30 8.26548e-29
4.70769e-11 1.40026e-30 8.12345e-29
4.72889e-11 1.38056e-30 7.98343e-29
4.75019e-11 1.36113e-30 7.84537e-29
4.77158e-11 1.34198e-30 7.70926e-29
4.79307e-11 1.32311e-30 7.57506e-29
4.81466e-11 1.3045e-30 7.44275e-29
4.83634e-11 1.28616e-30 7.3123e-29
4.85812e-11 1.26808e-30 7.18368e-29
4.88e-11 1.25026e-30 7.05688e-29
4.90198e-11 1.23269e-30 6.93185e-29
4.92406e-11 1.21537e-30 6.80858e-29
4.94623e-11 1.1983e-30 6.68704e-29
4.96851e-11 1.18148e-30 6.56721e-29
4.99089e-11 1.16489e-30 6.44907e-29
5.01336e-11 1.14854e-30 6.33258e-29
5.03594e-11 1.13242e-30 6.21772e-29
5.05862e-11 1.11653e-30 6.10448e-29
5.08141e-11 1.10087e-30 5.99283e-29
5.10429e-11 1.08543e-30 5.88274e-29
5.12728e-11 1.07022e-30 5.7742e-29
5.15037e-11 1.05522e-30 5.66718e-29
5.17357e-11 1.04043e-30 5.56165e-29
5.19687e-11 1.02585e-30 5.45761e-29
5.22027e-11 1.01148e-30 5.35503e-29
5.24378e-11 9.97321e-31 5.25388e-29
5.2674e-11 9.8336e-31 5.15415e-29
5.29112e-11 9.69597e-31 5.05581e-29
5.31495e-11 9.56031e-31 4.95885e-29
5.33889e-11 9.42658e-31 4.86325e-29
5.36293e-11 9.29476e-31 4.76898e-29
5.38709e-11 9.16481e-31 4.67603e-29
5.41135e-11 9.03672e-31 4.58439e-29
5.43572e-11 8.91045e-31 4.49402e-29
5.4602e-11 8.78599e-31 4.40491e-29
5.48479e-11 8.66329e-31 4.31705e-29
5.50949e-11 8.54235e-31 4.23042e-29
5.53431e-11 8.42312e-31 4.145e-29
5.55923e-11 8.3056e-31 4.06077e-29
5.58427e-11 8.18975e-31 3.97771e-29
5.60942e-11 8.07554e-31 3.89581e-29
5.63468e-11 7.96297e-31 3.81506e-29
5.66006e-11 7.852e-31 3.73543e-29
5.68555e-11 7.74261e-31 3.65691e-29
5.71116e-11 7.63477e-31 3.57948e-29
5.73688e-11 7.52847e-31 3.50313e-29
5.76272e-11 7.42368e-31 3.42785e-29
5.78867e-11 7.32039e-31 3.35361e-29
5.81474e-11 7.21856e-31 3.28041e-29
5.84093e-11 7.11818e-31 3.20822e-29
5.86723e-11 7.01923e-31 3.13704e-29
5.89366e-11 6.92169e-31 3.06685e-29
5.9202e-11 6.82553e-31 2.99763e-29
5.94686e-11 6.73074e-31 2.92938e-29
5.97365e-11 6.6373e-31 2.86207e-29
6.00055e-11 6.54519e-31 2.7957e-29
6.02758e-11 6.45439e-31 2.73024e-29
6.05472e-11 6.36487e-31 2.6657e-29
6.08199e-11 6.27663e-31 2.60205e-29
6.10938e-11 6.18964e-31 2.53929e-29
6.1369e-11 6.10389e-31 2.47739e-29
6.16454e-11 6.01935e-31 2.41635e-29
6.1923e-11 5.93601e-31 2.35616e-29
6.22019e-11 5.85386e-31 2.2968e-29
6.2482e-11 5.77287e-31 2.23826e-29
6.27634e-11 5.69303e-31 2.18053e-29
6.30461e-11 5.61433e-31 2.1236e-29
6.333e-11 5.53674e-31 2.06746e-29
6.36152e-11 5.46024e-31 2.01209e-29
6.39017e-11 5.38484e-31 1.95749e-29
6.41895e-11 5.3105e-31 1.90364e-29
6.44786e-11 5.23722e-31 1.85053e-29
6.4769e-11 5.16497e-31 1.79816e-29
6.50607e-11 5.09375e-31 1.74651e-29
6.53537e-11 5.02353e-31 1.69557e-29
6.56481e-11 4.95431e-31 1.64534e-29
6.59437e-11 4.88607e-31 1.59579e-29
6.62407e-11 4.8188e-31 1.54693e-29
6.65391e-11 4.75247e-31 1.49875e-29
6.68387e-11 4.68709e-31 1.45122e-29
6.71398e-11 4.62262e-31 1.40435e-29
6.74421e-11 4.55907e-31 1.35812e-29
6.77459e-11 4.49642e-31 1.31253e-29
6.8051e-11 4.43465e-31 1.26757e-29
6.83575e-11 4.37376e-31 1.22322e-29
6.86653e-11 4.31372e-31 1.17949e-29
6.89746e-11 4.25454e-31 1.13635e-29
6.92852e-11 4.19618e-31 1.0938e-29
6.95973e-11 4.13865e-31 1.05184e-29
6.99107e-11 4.08194e-31 1.01045e-29
7.02256e-11 4.02602e-31 9.69635e-30
7.05418e-11 3.97089e-31 9.29375e-30
7.08595e-11 3.91654e-31 8.89666e-30
7.11787e-11 3.86295e-31 8.505e-30
7.14992e-11 3.81012e-31 8.11871e-30
7.18212e-11 3.75803e-31 7.7377e-30
7.21447e-11 3.70667e-31 7.36189e-30
7.24696e-11 3.65604e-31 6.99123e-30
7.2796e-11 3.60612e-31 6.62562e-30
7.31239e-11 3.5569e-31 6.26501e-30
7.34532e-11 3.50837e-31 5.90932e-30
7.3784e-11 3.46053e-31 5.55848e-30
7.41163e-11 3.41336e-31 5.21243e-30
7.44501e-11 3.36685e-31 4.87109e-30
7.47854e-11 3.32099e-31 4.53441e-30
7.51222e-11 3.27578e-31 4.20231e-30
7.54605e-11 3.2312e-31 3.87473e-30
7.58004e-11 3.18725e-31 3.55161e-30
7.61418e-11 3.14391e-31 3.23289e-30
7.64847e-11 3.10118e-31 2.9185e-30
7.68292e-11 3.05905e-31 2.60838e-30
7.71752e-11 3.01751e-31 2.30247e-30
7.75228e-11 2.97655e-31 2.00072e-30
7.78719e-11 2.93616e-31 1.70307e-30
7.82226e-11 2.89634e-31 1.40945e-30
7.85749e-11 2.85708e-31 1.11982e-30
7.89288e-11 2.81836e-31 8.34111e-31
7.92842e-11 2.78019e-31 5.52274e-31
7.96413e-11 2.74255e-31 2.74255e-31
