1e-14 0 7.24056e-25
1.0045e-14 0 7.24056e-25
1.00903e-14 0 7.24056e-25
1.01357e-14 0 7.24056e-25
1.01814e-14 0 7.24056e-25
1.02272e-14 0 7.24056e-25
1.02733e-14 0 7.24056e-25
1.03196e-14 0 7.24056e-25
1.0366e-14 0 7.24056e-25
1.04127e-14 0 7.24056e-25
1.04596e-14 0 7.24056e-25
1.05067e-14 0 7.24056e-25
1.0554e-14 0 7.24056e-25
1.06016e-14 0 7.24056e-25
1.06493e-14 0 7.24056e-25
1.06973e-14 0 7.24056e-25
1.07455e-14 0 7.24056e-25
1.07938e-14 0 7.24056e-25
1.08425e-14 0 7.24056e-25
1.08913e-14 0 7.24056e-25
1.09403e-14 0 7.24056e-25
1.09896e-14 0 7.24056e-25
1.10391e-14 0 7.24056e-25
1.10888e-14 0 7.24056e-25
1.11388e-14 0 7.24056e-25
1.11889e-14 0 7.24056e-25
1.12393e-14 0 7.24056e-25
1.12899e-14 0 7.24056e-25
1.13408e-14 0 7.24056e-25
1.13919e-14 0 7.24056e-25
1.14432e-14 0 7.24056e-25
1.14947e-14 0 7.24056e-25
1.15465e-14 0 7.24056e-25
1.15985e-14 0 7.24056e-25
1.16507e-14 0 7.24056e-25
1.17032e-14 0 7.24056e-25
1.17559e-14 0 7.24056e-25
1.18088e-14 0 7.24056e-25
1.1862e-14 0 7.24056e-25
1.19154e-14 0 7.24056e-25
1.19691e-14 0 7.24056e-25
1.2023e-14 0 7.24056e-25
1.20772e-14 0 7.24056e-25
1.21316e-14 0 7.24056e-25
1.21862e-14 0 7.24056e-25
1.22411e-14 0 7.24056e-25
1.22962e-14 0 7.24056e-25
1.23516e-14 0 7.24056e-25
1.24072e-14 0 7.24056e-25
1.24631e-14 0 7.24056e-25
1.25192e-14 0 7.24056e-25
1.25756e-14 0 7.24056e-25
1.26322e-14 0 7.24056e-25
1.26891e-14 0 7.24056e-25
1.27463e-14 0 7.24056e-25
1.28037e-14 0 7.24056e-25
1.28613e-14 0 7.24056e-25
1.29193e-14 0 7.24056e-25
1.29775e-14 0 7.24056e-25
1.30359e-14 0 7.24056e-25
1.30946e-14 0 7.24056e-25
1.31536e-14 0 7.24056e-25
1.32128e-14 0 7.24056e-25
1.32723e-14 0 7.24056e-25
1.33321e-14 0 7.24056e-25
1.33922e-14 0 7.24056e-25
1.34525e-14 0 7.24056e-25
1.35131e-14 0 7.24056e-25
1.35739e-14 0 7.24056e-25
1.3635e-14 0 7.24056e-25
1.36965e-14 0 7.24056e-25
1.37581e-14 0 7.24056e-25
1.38201e-14 0 7.24056e-25
1.38823e-14 0 7.24056e-25
1.39449e-14 0 7.24056e-25
1.40077e-14 0 7.24056e-25
1.40708e-14 0 7.24056e-25
1.41341e-14 0 7.24056e-25
1.41978e-14 0 7.24056e-25
1.42617e-14 0 7.24056e-25
1.4326e-14 0 7.24056e-25
1.43905e-14 0 7.24056e-25
1.44553e-14 0 7.24056e-25
1.45204e-14 0 7.24056e-25
1.45858e-14 0 7.24056e-25
1.46515e-14 0 7.24056e-25
1.47175e-14 0 7.24056e-25
1.47837e-14 0 7.24056e-25
1.48503e-14 0 7.24056e-25
1.49172e-14 0 7.24056e-25
1.49844e-14 0 7.24056e-25
1.50519e-14 0 7.24056e-25
1.51197e-14 0 7.24056e-25
1.51878e-14 0 7.24056e-25
1.52562e-14 0 7.24056e-25
1.53249e-14 0 7.24056e-25
1.53939e-14 0 7.24056e-25
1.54632e-14 0 7.24056e-25
1.55329e-14 0 7.24056e-25
1.56028e-14 0 7.24056e-25
1.56731e-14 0 7.24056e-25
1.57437e-14 0 7.24056e-25
1.58146e-14 0 7.24056e-25
1.58858e-14 0 7.24056e-25
1.59573e-14 0 7.24056e-25
1.60292e-14 0 7.24056e-25
1.61014e-14 0 7.24056e-25
1.61739e-14 0 7.24056e-25
1.62468e-14 0 7.24056e-25
1.63199e-14 0 7.24056e-25
1.63934e-14 0 7.24056e-25
1.64673e-14 0 7.24056e-25
1.65414e-14 0 7.24056e-25
1.66159e-14 0 7.24056e-25
1.66908e-14 0 7.24056e-25
1.67659e-14 0 7.24056e-25
1.68414e-14 0 7.24056e-25
1.69173e-14 0 7.24056e-25
1.69935e-14 0 7.24056e-25
1.707e-14 0 7.24056e-25
1.71469e-14 0 7.24056e-25
1.72241e-14 0 7.24056e-25
1.73017e-14 0 7.24056e-25
1.73796e-14 0 7.24056e-25
1.74579e-14 0 7.24056e-25
1.75365e-14 0 7.24056e-25
1.76155e-14 0 7.24056e-25
1.76948e-14 0 7.24056e-25
1.77745e-14 0 7.24056e-25
1.78546e-14 0 7.24056e-25
1.7935e-14 0 7.24056e-25
1.80158e-14 0 7.24056e-25
1.80969e-14 0 7.24056e-25
1.81784e-14 0 7.24056e-25
1.82603e-14 0 7.24056e-25
1.83425e-14 0 7.24056e-25
1.84251e-14 0 7.24056e-25
1.85081e-14 0 7.24056e-25
1.85914e-14 0 7.24056e-25
1.86752e-14 0 7.24056e-25
1.87593e-14 0 7.24056e-25
1.88438e-14 0 7.24056e-25
1.89286e-14 0 7.24056e-25
1.90139e-14 0 7.24056e-25
1.90995e-14 0 7.24056e-25
1.91855e-14 0 7.24056e-25
1.92719e-14 0 7.24056e-25
1.93587e-14 0 7.24056e-25
1.94459e-14 0 7.24056e-25
1.95335e-14 0 7.24056e-25
1.96215e-14 0 7.24056e-25
1.97098e-14 0 7.24056e-25
1.97986e-14 0 7.24056e-25
1.98878e-14 0 7.24056e-25
1.99774e-14 0 7.24056e-25
2.00673e-14 0 7.24056e-25
2.01577e-14 0 7.24056e-25
2.02485e-14 0 7.24056e-25
2.03397e-14 0 7.24056e-25
2.04313e-14 0 7.24056e-25
2.05233e-14 0 7.24056e-25
2.06157e-14 0 7.24056e-25
2.07086e-14 0 7.24056e-25
2.08018e-14 0 7.24056e-25
2.08955e-14 0 7.24056e-25
2.09896e-14 0 7.24056e-25
2.10842e-14 0 7.24056e-25
2.11791e-14 0 7.24056e-25
2.12745e-14 0 7.24056e-25
2.13703e-14 0 7.24056e-25
2.14666e-14 0 7.24056e-25
2.15632e-14 0 7.24056e-25
2.16604e-14 0 7.24056e-25
2.17579e-14 0 7.24056e-25
2.18559e-14 0 7.24056e-25
2.19543e-14 0 7.24056e-25
2.20532e-14 0 7.24056e-25
2.21525e-14 0 7.24056e-25
2.22523e-14 0 7.24056e-25
2.23525e-14 0 7.24056e-25
2.24532e-14 0 7.24056e-25
2.25543e-14 0 7.24056e-25
2.26559e-14 0 7.24056e-25
2.27579e-14 0 7.24056e-25
2.28604e-14 0 7.24056e-25
2.29634e-14 0 7.24056e-25
2.30668e-14 0 7.24056e-25
2.31707e-14 0 7.24056e-25
2.3275e-14 0 7.24056e-25
2.33799e-14 0 7.24056e-25
2.34852e-14 0 7.24056e-25
2.35909e-14 0 7.24056e-25
2.36972e-14 0 7.24056e-25
2.38039e-14 0 7.24056e-25
2.39111e-14 0 7.24056e-25
2.40188e-14 0 7.24056e-25
2.4127e-14 0 7.24056e-25
2.42356e-14 0 7.24056e-25
2.43448e-14 0 7.24056e-25
2.44544e-14 0 7.24056e-25
2.45646e-14 0 7.24056e-25
2.46752e-14 0 7.24056e-25
2.47863e-14 0 7.24056e-25
2.4898e-14 0 7.24056e-25
2.50101e-14 0 7.24056e-25
2.51227e-14 0 7.24056e-25
2.52359e-14 0 7.24056e-25
2.53495e-14 0 7.24056e-25
2.54637e-14 0 7.24056e-25
2.55784e-14 0 7.24056e-25
2.56936e-14 0 7.24056e-25
2.58093e-14 0 7.24056e-25
2.59255e-14 0 7.24056e-25
2.60423e-14 0 7.24056e-25
2.61596e-14 0 7.24056e-25
2.62774e-14 0 7.24056e-25
2.63957e-14 0 7.24056e-25
2.65146e-14 0 7.24056e-25
2.6634e-14 0 7.24056e-25
2.6754e-14 0 7.24056e-25
2.68745e-14 0 7.24056e-25
2.69955e-14 0 7.24056e-25
2.71171e-14 0 7.24056e-25
2.72392e-14 0 7.24056e-25
2.73619e-14 0 7.24056e-25
2.74851e-14 0 7.24056e-25
2.76089e-14 0 7.24056e-25
2.77332e-14 0 7.24056e-25
2.78581e-14 0 7.24056e-25
2.79836e-14 0 7.24056e-25
2.81096e-14 0 7.24056e-25
2.82362e-14 0 7.24056e-25
2.83634e-14 0 7.24056e-25
2.84912e-14 0 7.24056e-25
2.86195e-14 0 7.24056e-25
2.87484e-14 0 7.24056e-25
2.88778e-14 0 7.24056e-25
2.90079e-14 0 7.24056e-25
2.91385e-14 0 7.24056e-25
2.92698e-14 0 7.24056e-25
2.94016e-14 0 7.24056e-25
2.9534e-14 0 7.24056e-25
2.9667e-14 0 7.24056e-25
2.98006e-14 0 7.24056e-25
2.99348e-14 0 7.24056e-25
3.00697e-14 0 7.24056e-25
3.02051e-14 0 7.24056e-25
3.03411e-14 0 7.24056e-25
3.04778e-14 0 7.24056e-25
3.0615e-14 0 7.24056e-25
3.07529e-14 0 7.24056e-25
3.08914e-14 0 7.24056e-25
3.10305e-14 0 7.24056e-25
3.11703e-14 0 7.24056e-25
3.13107e-14 0 7.24056e-25
3.14517e-14 0 7.24056e-25
3.15933e-14 0 7.24056e-25
3.17356e-14 0 7.24056e-25
3.18786e-14 0 7.24056e-25
3.20221e-14 0 7.24056e-25
3.21663e-14 0 7.24056e-25
3.23112e-14 0 7.24056e-25
3.24567e-14 0 7.24056e-25
3.26029e-14 0 7.24056e-25
3.27497e-14 0 7.24056e-25
3.28972e-14 0 7.24056e-25
3.30454e-14 0 7.24056e-25
3.31942e-14 0 7.24056e-25
3.33437e-14 0 7.24056e-25
3.34939e-14 0 7.24056e-25
3.36447e-14 0 7.24056e-25
3.37963e-14 0 7.24056e-25
3.39485e-14 0 7.24056e-25
3.41014e-14 0 7.24056e-25
3.42549e-14 0 7.24056e-25
3.44092e-14 0 7.24056e-25
3.45642e-14 0 7.24056e-25
3.47199e-14 0 7.24056e-25
3.48762e-14 0 7.24056e-25
3.50333e-14 0 7.24056e-25
3.51911e-14 0 7.24056e-25
3.53496e-14 0 7.24056e-25
3.55088e-14 0 7.24056e-25
3.56687e-14 0 7.24056e-25
3.58293e-14 0 7.24056e-25
3.59907e-14 0 7.24056e-25
3.61528e-14 0 7.24056e-25
3.63156e-14 0 7.24056e-25
3.64792e-14 0 7.24056e-25
3.66435e-14 0 7.24056e-25
3.68085e-14 0 7.24056e-25
3.69743e-14 0 7.24056e-25
3.71408e-14 0 7.24056e-25
3.73081e-14 0 7.24056e-25
3.74761e-14 0 7.24056e-25
3.76449e-14 0 7.24056e-25
3.78144e-14 0 7.24056e-25
3.79847e-14 0 7.24056e-25
3.81558e-14 0 7.24056e-25
3.83276e-14 0 7.24056e-25
3.85002e-14 0 7.24056e-25
3.86736e-14 0 7.24056e-25
3.88478e-14 0 7.24056e-25
3.90228e-14 0 7.24056e-25
3.91985e-14 0 7.24056e-25
3.93751e-14 0 7.24056e-25
3.95524e-14 0 7.24056e-25
3.97305e-14 0 7.24056e-25
3.99095e-14 0 7.24056e-25
4.00892e-14 0 7.24056e-25
4.02698e-14 0 7.24056e-25
4.04511e-14 0 7.24056e-25
4.06333e-14 0 7.24056e-25
4.08163e-14 0 7.24056e-25
4.10001e-14 0 7.24056e-25
4.11848e-14 0 7.24056e-25
4.13703e-14 0 7.24056e-25
4.15566e-14 0 7.24056e-25
4.17437e-14 0 7.24056e-25
4.19317e-14 0 7.24056e-25
4.21206e-14 0 7.24056e-25
4.23103e-14 0 7.24056e-25
4.25008e-14 0 7.24056e-25
4.26922e-14 0 7.24056e-25
4.28845e-14 0 7.24056e-25
4.30777e-14 0 7.24056e-25
4.32717e-14 0 7.24056e-25
4.34666e-14 0 7.24056e-25
4.36623e-14 0 7.24056e-25
4.3859e-14 0 7.24056e-25
4.40565e-14 0 7.24056e-25
4.42549e-14 0 7.24056e-25
4.44542e-14 0 7.24056e-25
4.46544e-14 0 7.24056e-25
4.48555e-14 0 7.24056e-25
4.50575e-14 0 7.24056e-25
4.52605e-14 0 7.24056e-25
4.54643e-14 0 7.24056e-25
4.56691e-14 0 7.24056e-25
4.58748e-14 0 7.24056e-25
4.60814e-14 0 7.24056e-25
4.62889e-14 0 7.24056e-25
4.64974e-14 0 7.24056e-25
4.67068e-14 0 7.24056e-25
4.69171e-14 0 7.24056e-25
4.71284e-14 0 7.24056e-25
4.73407e-14 0 7.24056e-25
4.75539e-14 0 7.24056e-25
4.77681e-14 0 7.24056e-25
4.79832e-14 0 7.24056e-25
4.81993e-14 0 7.24056e-25
4.84164e-14 0 7.24056e-25
4.86344e-14 0 7.24056e-25
4.88535e-14 0 7.24056e-25
4.90735e-14 0 7.24056e-25
4.92945e-14 0 7.24056e-25
4.95165e-14 0 7.24056e-25
4.97395e-14 0 7.24056e-25
4.99635e-14 0 7.24056e-25
5.01886e-14 0 7.24056e-25
5.04146e-14 0 7.24056e-25
5.06416e-14 0 7.24056e-25
5.08697e-14 0 7.24056e-25
5.10988e-14 0 7.24056e-25
5.13289e-14 0 7.24056e-25
5.15601e-14 0 7.24056e-25
5.17923e-14 0 7.24056e-25
5.20256e-14 0 7.24056e-25
5.22599e-14 0 7.24056e-25
5.24953e-14 0 7.24056e-25
5.27317e-14 0 7.24056e-25
5.29692e-14 0 7.24056e-25
5.32077e-14 0 7.24056e-25
5.34474e-14 0 7.24056e-25
5.36881e-14 0 7.24056e-25
5.39299e-14 0 7.24056e-25
5.41728e-14 0 7.24056e-25
5.44167e-14 0 7.24056e-25
5.46618e-14 0 7.24056e-25
5.4908e-14 0 7.24056e-25
5.51553e-14 0 7.24056e-25
5.54037e-14 0 7.24056e-25
5.56532e-14 0 7.24056e-25
5.59039e-14 0 7.24056e-25
5.61556e-14 0 7.24056e-25
5.64085e-14 0 7.24056e-25
5.66626e-14 0 7.24056e-25
5.69178e-14 0 7.24056e-25
5.71741e-14 0 7.24056e-25
5.74316e-14 0 7.24056e-25
5.76903e-14 0 7.24056e-25
5.79501e-14 0 7.24056e-25
5.82111e-14 0 7.24056e-25
5.84732e-14 0 7.24056e-25
5.87366e-14 0 7.24056e-25
5.90011e-14 0 7.24056e-25
5.92668e-14 0 7.24056e-25
5.95338e-14 0 7.24056e-25
5.98019e-14 0 7.24056e-25
6.00712e-14 0 7.24056e-25
6.03418e-14 0 7.24056e-25
6.06135e-14 0 7.24056e-25
6.08865e-14 0 7.24056e-25
6.11607e-14 0 7.24056e-25
6.14362e-14 0 7.24056e-25
6.17129e-14 0 7.24056e-25
6.19908e-14 0 7.24056e-25
6.227e-14 0 7.24056e-25
6.25504e-14 0 7.24056e-25
6.28321e-14 0 7.24056e-25
6.31151e-14 0 7.24056e-25
6.33994e-14 0 7.24056e-25
6.36849e-14 0 7.24056e-25
6.39717e-14 0 7.24056e-25
6.42598e-14 0 7.24056e-25
6.45492e-14 0 7.24056e-25
6.484e-14 0 7.24056e-25
6.5132e-14 0 7.24056e-25
6.54253e-14 0 7.24056e-25
6.572e-14 0 7.24056e-25
6.6016e-14 0 7.24056e-25
6.63133e-14 0 7.24056e-25
6.66119e-14 0 7.24056e-25
6.69119e-14 0 7.24056e-25
6.72133e-14 0 7.24056e-25
6.7516e-14 0 7.24056e-25
6.78201e-14 0 7.24056e-25
6.81255e-14 0 7.24056e-25
6.84323e-14 0 7.24056e-25
6.87405e-14 0 7.24056e-25
6.90501e-14 0 7.24056e-25
6.93611e-14 0 7.24056e-25
6.96735e-14 0 7.24056e-25
6.99873e-14 0 7.24056e-25
7.03025e-14 0 7.24056e-25
7.06191e-14 0 7.24056e-25
7.09371e-14 0 7.24056e-25
7.12566e-14 0 7.24056e-25
7.15775e-14 0 7.24056e-25
7.18999e-14 0 7.24056e-25
7.22237e-14 0 7.24056e-25
7.2549e-14 0 7.24056e-25
7.28757e-14 0 7.24056e-25
7.32039e-14 0 7.24056e-25
7.35336e-14 0 7.24056e-25
7.38648e-14 0 7.24056e-25
7.41975e-14 0 7.24056e-25
7.45316e-14 0 7.24056e-25
7.48673e-14 0 7.24056e-25
7.52045e-14 0 7.24056e-25
7.55432e-14 0 7.24056e-25
7.58834e-14 0 7.24056e-25
7.62252e-14 0 7.24056e-25
7.65685e-14 0 7.24056e-25
7.69133e-14 0 7.24056e-25
7.72597e-14 0 7.24056e-25
7.76076e-14 0 7.24056e-25
7.79572e-14 0 7.24056e-25
7.83083e-14 0 7.24056e-25
7.86609e-14 0 7.24056e-25
7.90152e-14 0 7.24056e-25
7.93711e-14 0 7.24056e-25
7.97285e-14 0 7.24056e-25
8.00876e-14 0 7.24056e-25
8.04483e-14 0 7.24056e-25
8.08106e-14 0 7.24056e-25
8.11746e-14 0 7.24056e-25
8.15402e-14 0 7.24056e-25
8.19074e-14 0 7.24056e-25
8.22763e-14 0 7.24056e-25
8.26468e-14 0 7.24056e-25
8.3019e-14 0 7.24056e-25
8.33929e-14 0 7.24056e-25
8.37685e-14 0 7.24056e-25
8.41458e-14 0 7.24056e-25
8.45247e-14 0 7.24056e-25
8.49054e-14 0 7.24056e-25
8.52878e-14 0 7.24056e-25
8.56719e-14 0 7.24056e-25
8.60578e-14 0 7.24056e-25
8.64453e-14 0 7.24056e-25
8.68347e-14 0 7.24056e-25
8.72257e-14 0 7.24056e-25
8.76186e-14 0 7.24056e-25
8.80132e-14 0 7.24056e-25
8.84096e-14 0 7.24056e-25
8.88077e-14 0 7.24056e-25
8.92077e-14 0 7.24056e-25
8.96095e-14 0 7.24056e-25
9.00131e-14 0 7.24056e-25
9.04184e-14 0 7.24056e-25
9.08257e-14 0 7.24056e-25
9.12347e-14 0 7.24056e-25
9.16456e-14 0 7.24056e-25
9.20584e-14 0 7.24056e-25
9.2473e-14 0 7.24056e-25
9.28894e-14 0 7.24056e-25
9.33078e-14 0 7.24056e-25
9.3728e-14 0 7.24056e-25
9.41501e-14 0 7.24056e-25
9.45742e-14 0 7.24056e-25
9.50001e-14 0 7.24056e-25
9.54279e-14 0 7.24056e-25
9.58577e-14 0 7.24056e-25
9.62894e-14 0 7.24056e-25
9.67231e-14 0 7.24056e-25
9.71587e-14 0 7.24056e-25
9.75963e-14 0 7.24056e-25
9.80358e-14 0 7.24056e-25
9.84774e-14 0 7.24056e-25
9.89209e-14 0 7.24056e-25
9.93664e-14 0 7.24056e-25
9.98139e-14 0 7.24056e-25
1.00263e-13 0 7.24056e-25
1.00715e-13 0 7.24056e-25
1.01169e-13 0 7.24056e-25
1.01624e-13 0 7.24056e-25
1.02082e-13 0 7.24056e-25
1.02542e-13 0 7.24056e-25
1.03003e-13 0 7.24056e-25
1.03467e-13 0 7.24056e-25
1.03933e-13 0 7.24056e-25
1.04401e-13 0 7.24056e-25
1.04872e-13 0 7.24056e-25
1.05344e-13 0 7.24056e-25
1.05818e-13 0 7.24056e-25
1.06295e-13 0 7.24056e-25
1.06774e-13 0 7.24056e-25
1.07255e-13 0 7.24056e-25
1.07738e-13 0 7.24056e-25
1.08223e-13 0 7.24056e-25
1.0871e-13 0 7.24056e-25
1.092e-13 0 7.24056e-25
1.09692e-13 0 7.24056e-25
1.10186e-13 0 7.24056e-25
1.10682e-13 0 7.24056e-25
1.1118e-13 0 7.24056e-25
1.11681e-13 0 7.24056e-25
1.12184e-13 0 7.24056e-25
1.12689e-13 0 7.24056e-25
1.13197e-13 0 7.24056e-25
1.13707e-13 0 7.24056e-25
1.14219e-13 0 7.24056e-25
1.14733e-13 0 7.24056e-25
1.1525e-13 0 7.24056e-25
1.15769e-13 0 7.24056e-25
1.1629e-13 0 7.24056e-25
1.16814e-13 0 7.24056e-25
1.1734e-13 0 7.24056e-25
1.17869e-13 0 7.24056e-25
1.18399e-13 0 7.24056e-25
1.18933e-13 0 7.24056e-25
1.19468e-13 0 7.24056e-25
1.20006e-13 0 7.24056e-25
1.20547e-13 0 7.24056e-25
1.2109e-13 0 7.24056e-25
1.21635e-13 0 7.24056e-25
1.22183e-13 0 7.24056e-25
1.22733e-13 0 7.24056e-25
1.23286e-13 0 7.24056e-25
1.23841e-13 0 7.24056e-25
1.24399e-13 0 7.24056e-25
1.24959e-13 0 7.24056e-25
1.25522e-13 0 7.24056e-25
1.26087e-13 0 7.24056e-25
1.26655e-13 0 7.24056e-25
1.27226e-13 0 7.24056e-25
1.27799e-13 0 7.24056e-25
1.28374e-13 0 7.24056e-25
1.28952e-13 0 7.24056e-25
1.29533e-13 0 7.24056e-25
1.30116e-13 0 7.24056e-25
1.30702e-13 0 7.24056e-25
1.31291e-13 0 7.24056e-25
1.31882e-13 0 7.24056e-25
1.32476e-13 0 7.24056e-25
1.33073e-13 0 7.24056e-25
1.33672e-13 0 7.24056e-25
1.34274e-13 0 7.24056e-25
1.34879e-13 0 7.24056e-25
1.35487e-13 0 7.24056e-25
1.36097e-13 0 7.24056e-25
1.3671e-13 0 7.24056e-25
1.37325e-13 0 7.24056e-25
1.37944e-13 0 7.24056e-25
1.38565e-13 0 7.24056e-25
1.39189e-13 0 7.24056e-25
1.39816e-13 0 7.24056e-25
1.40446e-13 0 7.24056e-25
1.41078e-13 0 7.24056e-25
1.41714e-13 0 7.24056e-25
1.42352e-13 0 7.24056e-25
1.42993e-13 0 7.24056e-25
1.43637e-13 0 7.24056e-25
1.44284e-13 0 7.24056e-25
1.44934e-13 0 7.24056e-25
1.45586e-13 0 7.24056e-25
1.46242e-13 0 7.24056e-25
1.46901e-13 0 7.24056e-25
1.47562e-13 0 7.24056e-25
1.48227e-13 0 7.24056e-25
1.48894e-13 0 7.24056e-25
1.49565e-13 0 7.24056e-25
1.50239e-13 0 7.24056e-25
1.50915e-13 0 7.24056e-25
1.51595e-13 0 7.24056e-25
1.52278e-13 0 7.24056e-25
1.52963e-13 0 7.24056e-25
1.53652e-13 0 7.24056e-25
1.54344e-13 0 7.24056e-25
1.5504e-13 0 7.24056e-25
1.55738e-13 0 7.24056e-25
1.56439e-13 0 7.24056e-25
1.57144e-13 0 7.24056e-25
1.57851e-13 0 7.24056e-25
1.58562e-13 0 7.24056e-25
1.59277e-13 0 7.24056e-25
1.59994e-13 0 7.24056e-25
1.60714e-13 0 7.24056e-25
1.61438e-13 0 7.24056e-25
1.62165e-13 0 7.24056e-25
1.62896e-13 0 7.24056e-25
1.63629e-13 0 7.24056e-25
1.64366e-13 0 7.24056e-25
1.65106e-13 0 7.24056e-25
1.6585e-13 0 7.24056e-25
1.66597e-13 0 7.24056e-25
1.67347e-13 0 7.24056e-25
1.68101e-13 0 7.24056e-25
1.68858e-13 0 7.24056e-25
1.69619e-13 0 7.24056e-25
1.70382e-13 0 7.24056e-25
1.7115e-13 0 7.24056e-25
1.71921e-13 0 7.24056e-25
1.72695e-13 0 7.24056e-25
1.73473e-13 0 7.24056e-25
1.74254e-13 0 7.24056e-25
1.75039e-13 0 7.24056e-25
1.75827e-13 0 7.24056e-25
1.76619e-13 0 7.24056e-25
1.77414e-13 0 7.24056e-25
1.78213e-13 0 7.24056e-25
1.79016e-13 0 7.24056e-25
1.79822e-13 0 7.24056e-25
1.80632e-13 0 7.24056e-25
1.81446e-13 0 7.24056e-25
1.82263e-13 0 7.24056e-25
1.83084e-13 0 7.24056e-25
1.83908e-13 0 7.24056e-25
1.84736e-13 0 7.24056e-25
1.85568e-13 0 7.24056e-25
1.86404e-13 0 7.24056e-25
1.87244e-13 0 7.24056e-25
1.88087e-13 0 7.24056e-25
1.88934e-13 0 7.24056e-25
1.89785e-13 0 7.24056e-25
1.9064e-13 0 7.24056e-25
1.91498e-13 0 7.24056e-25
1.92361e-13 0 7.24056e-25
1.93227e-13 0 7.24056e-25
1.94097e-13 0 7.24056e-25
1.94972e-13 0 7.24056e-25
1.9585e-13 0 7.24056e-25
1.96732e-13 0 7.24056e-25
1.97618e-13 0 7.24056e-25
1.98508e-13 0 7.24056e-25
1.99402e-13 0 7.24056e-25
2.003e-13 0 7.24056e-25
2.01202e-13 0 7.24056e-25
2.02108e-13 0 7.24056e-25
2.03018e-13 0 7.24056e-25
2.03933e-13 0 7.24056e-25
2.04851e-13 0 7.24056e-25
2.05774e-13 0 7.24056e-25
2.067e-13 0 7.24056e-25
2.07631e-13 0 7.24056e-25
2.08566e-13 0 7.24056e-25
2.09506e-13 0 7.24056e-25
2.10449e-13 0 7.24056e-25
2.11397e-13 0 7.24056e-25
2.12349e-13 0 7.24056e-25
2.13306e-13 0 7.24056e-25
2.14266e-13 0 7.24056e-25
2.15231e-13 0 7.24056e-25
2.16201e-13 0 7.24056e-25
2.17174e-13 0 7.24056e-25
2.18152e-13 0 7.24056e-25
2.19135e-13 0 7.24056e-25
2.20122e-13 0 7.24056e-25
2.21113e-13 0 7.24056e-25
2.22109e-13 0 7.24056e-25
2.23109e-13 0 7.24056e-25
2.24114e-13 0 7.24056e-25
2.25123e-13 0 7.24056e-25
2.26137e-13 0 7.24056e-25
2.27156e-13 0 7.24056e-25
2.28179e-13 0 7.24056e-25
2.29206e-13 0 7.24056e-25
2.30239e-13 0 7.24056e-25
2.31276e-13 0 7.24056e-25
2.32317e-13 0 7.24056e-25
2.33364e-13 0 7.24056e-25
2.34415e-13 0 7.24056e-25
2.3547e-13 0 7.24056e-25
2.36531e-13 0 7.24056e-25
2.37596e-13 0 7.24056e-25
2.38666e-13 0 7.24056e-25
2.39741e-13 0 7.24056e-25
2.40821e-13 0 7.24056e-25
2.41905e-13 0 7.24056e-25
2.42995e-13 0 7.24056e-25
2.44089e-13 0 7.24056e-25
2.45188e-13 0 7.24056e-25
2.46293e-13 0 7.24056e-25
2.47402e-13 0 7.24056e-25
2.48516e-13 0 7.24056e-25
2.49635e-13 0 7.24056e-25
2.5076e-13 0 7.24056e-25
2.51889e-13 0 7.24056e-25
2.53023e-13 0 7.24056e-25
2.54163e-13 0 7.24056e-25
2.55308e-13 0 7.24056e-25
2.56458e-13 0 7.24056e-25
2.57613e-13 0 7.24056e-25
2.58773e-13 0 7.24056e-25
2.59938e-13 0 7.24056e-25
2.61109e-13 0 7.24056e-25
2.62285e-13 0 7.24056e-25
2.63466e-13 0 7.24056e-25
2.64653e-13 0 7.24056e-25
2.65845e-13 0 7.24056e-25
2.67042e-13 0 7.24056e-25
2.68245e-13 0 7.24056e-25
2.69453e-13 0 7.24056e-25
2.70666e-13 0 7.24056e-25
2.71885e-13 0 7.24056e-25
2.7311e-13 0 7.24056e-25
2.7434e-13 0 7.24056e-25
2.75575e-13 0 7.24056e-25
2.76816e-13 0 7.24056e-25
2.78063e-13 0 7.24056e-25
2.79315e-13 0 7.24056e-25
2.80573e-13 0 7.24056e-25
2.81837e-13 0 7.24056e-25
2.83106e-13 0 7.24056e-25
2.84381e-13 0 7.24056e-25
2.85662e-13 0 7.24056e-25
2.86949e-13 0 7.24056e-25
2.88241e-13 0 7.24056e-25
2.89539e-13 0 7.24056e-25
2.90843e-13 0 7.24056e-25
2.92153e-13 0 7.24056e-25
2.93469e-13 0 7.24056e-25
2.9479e-13 0 7.24056e-25
2.96118e-13 0 7.24056e-25
2.97452e-13 0 7.24056e-25
2.98791e-13 0 7.24056e-25
3.00137e-13 0 7.24056e-25
3.01489e-13 0 7.24056e-25
3.02847e-13 0 7.24056e-25
3.0421e-13 0 7.24056e-25
3.05581e-13 0 7.24056e-25
3.06957e-13 0 7.24056e-25
3.08339e-13 0 7.24056e-25
3.09728e-13 0 7.24056e-25
3.11123e-13 0 7.24056e-25
3.12524e-13 0 7.24056e-25
3.13932e-13 0 7.24056e-25
3.15345e-13 0 7.24056e-25
3.16766e-13 0 7.24056e-25
3.18192e-13 0 7.24056e-25
3.19625e-13 0 7.24056e-25
3.21065e-13 0 7.24056e-25
3.22511e-13 0 7.24056e-25
3.23963e-13 0 7.24056e-25
3.25422e-13 0 7.24056e-25
3.26888e-13 0 7.24056e-25
3.2836e-13 0 7.24056e-25
3.29839e-13 0 7.24056e-25
3.31324e-13 0 7.24056e-25
3.32817e-13 0 7.24056e-25
3.34316e-13 0 7.24056e-25
3.35821e-13 0 7.24056e-25
3.37334e-13 0 7.24056e-25
3.38853e-13 0 7.24056e-25
3.40379e-13 0 7.24056e-25
3.41912e-13 0 7.24056e-25
3.43452e-13 0 7.24056e-25
3.44999e-13 0 7.24056e-25
3.46552e-13 0 7.24056e-25
3.48113e-13 0 7.24056e-25
3.49681e-13 0 7.24056e-25
3.51256e-13 0 7.24056e-25
3.52838e-13 0 7.24056e-25
3.54427e-13 0 7.24056e-25
3.56023e-13 0 7.24056e-25
3.57627e-13 0 7.24056e-25
3.59237e-13 0 7.24056e-25
3.60855e-13 0 7.24056e-25
3.6248e-13 0 7.24056e-25
3.64113e-13 0 7.24056e-25
3.65753e-13 0 7.24056e-25
3.674e-13 0 7.24056e-25
3.69055e-13 0 7.24056e-25
3.70717e-13 0 7.24056e-25
3.72386e-13 0 7.24056e-25
3.74063e-13 0 7.24056e-25
3.75748e-13 0 7.24056e-25
3.7744e-13 0 7.24056e-25
3.7914e-13 0 7.24056e-25
3.80848e-13 0 7.24056e-25
3.82563e-13 0 7.24056e-25
3.84286e-13 0 7.24056e-25
3.86017e-13 0 7.24056e-25
3.87755e-13 0 7.24056e-25
3.89502e-13 0 7.24056e-25
3.91256e-13 0 7.24056e-25
3.93018e-13 0 7.24056e-25
3.94788e-13 0 7.24056e-25
3.96566e-13 0 7.24056e-25
3.98352e-13 0 7.24056e-25
4.00146e-13 0 7.24056e-25
4.01948e-13 0 7.24056e-25
4.03758e-13 0 7.24056e-25
4.05577e-13 0 7.24056e-25
4.07403e-13 0 7.24056e-25
4.09238e-13 0 7.24056e-25
4.11081e-13 0 7.24056e-25
4.12933e-13 0 7.24056e-25
4.14792e-13 0 7.24056e-25
4.16661e-13 0 7.24056e-25
4.18537e-13 0 7.24056e-25
4.20422e-13 0 7.24056e-25
4.22315e-13 0 7.24056e-25
4.24217e-13 0 7.24056e-25
4.26128e-13 0 7.24056e-25
4.28047e-13 0 7.24056e-25
4.29975e-13 0 7.24056e-25
4.31911e-13 0 7.24056e-25
4.33857e-13 0 7.24056e-25
4.35811e-13 0 7.24056e-25
4.37773e-13 0 7.24056e-25
4.39745e-13 0 7.24056e-25
4.41725e-13 0 7.24056e-25
4.43715e-13 0 7.24056e-25
4.45713e-13 0 7.24056e-25
4.47721e-13 0 7.24056e-25
4.49737e-13 0 7.24056e-25
4.51762e-13 0 7.24056e-25
4.53797e-13 0 7.24056e-25
4.55841e-13 0 7.24056e-25
4.57894e-13 0 7.24056e-25
4.59956e-13 0 7.24056e-25
4.62028e-13 0 7.24056e-25
4.64108e-13 0 7.24056e-25
4.66199e-13 0 7.24056e-25
4.68298e-13 0 7.24056e-25
4.70407e-13 0 7.24056e-25
4.72526e-13 0 7.24056e-25
4.74654e-13 0 7.24056e-25
4.76792e-13 0 7.24056e-25
4.78939e-13 0 7.24056e-25
4.81096e-13 0 7.24056e-25
4.83263e-13 0 7.24056e-25
4.85439e-13 0 7.24056e-25
4.87626e-13 0 7.24056e-25
4.89822e-13 0 7.24056e-25
4.92028e-13 0 7.24056e-25
4.94244e-13 0 7.24056e-25
4.9647e-13 0 7.24056e-25
4.98705e-13 0 7.24056e-25
5.00952e-13 0 7.24056e-25
5.03208e-13 0 7.24056e-25
5.05474e-13 0 7.24056e-25
5.0775e-13 0 7.24056e-25
5.10037e-13 0 7.24056e-25
5.12334e-13 0 7.24056e-25
5.14642e-13 0 7.24056e-25
5.16959e-13 0 7.24056e-25
5.19288e-13 0 7.24056e-25
5.21626e-13 0 7.24056e-25
5.23976e-13 0 7.24056e-25
5.26336e-13 0 7.24056e-25
5.28706e-13 0 7.24056e-25
5.31087e-13 0 7.24056e-25
5.33479e-13 0 7.24056e-25
5.35882e-13 0 7.24056e-25
5.38295e-13 0 7.24056e-25
5.40719e-13 0 7.24056e-25
5.43155e-13 0 7.24056e-25
5.45601e-13 0 7.24056e-25
5.48058e-13 0 7.24056e-25
5.50526e-13 0 7.24056e-25
5.53006e-13 0 7.24056e-25
5.55496e-13 0 7.24056e-25
5.57998e-13 0 7.24056e-25
5.60511e-13 0 7.24056e-25
5.63036e-13 0 7.24056e-25
5.65571e-13 0 7.24056e-25
5.68119e-13 0 7.24056e-25
5.70677e-13 0 7.24056e-25
5.73247e-13 0 7.24056e-25
5.75829e-13 0 7.24056e-25
5.78422e-13 0 7.24056e-25
5.81027e-13 0 7.24056e-25
5.83644e-13 0 7.24056e-25
5.86273e-13 0 7.24056e-25
5.88913e-13 0 7.24056e-25
5.91566e-13 0 7.24056e-25
5.9423e-13 0 7.24056e-25
5.96906e-13 0 7.24056e-25
5.99594e-13 0 7.24056e-25
6.02295e-13 0 7.24056e-25
6.05007e-13 0 7.24056e-25
6.07732e-13 0 7.24056e-25
6.10469e-13 0 7.24056e-25
6.13218e-13 0 7.24056e-25
6.1598e-13 0 7.24056e-25
6.18754e-13 0 7.24056e-25
6.21541e-13 0 7.24056e-25
6.2434e-13 0 7.24056e-25
6.27152e-13 0 7.24056e-25
6.29977e-13 0 7.24056e-25
6.32814e-13 0 7.24056e-25
6.35664e-13 0 7.24056e-25
6.38527e-13 0 7.24056e-25
6.41403e-13 0 7.24056e-25
6.44291e-13 0 7.24056e-25
6.47193e-13 0 7.24056e-25
6.50108e-13 0 7.24056e-25
6.53036e-13 0 7.24056e-25
6.55977e-13 0 7.24056e-25
6.58931e-13 0 7.24056e-25
6.61899e-13 0 7.24056e-25
6.6488e-13 0 7.24056e-25
6.67874e-13 0 7.24056e-25
6.70882e-13 0 7.24056e-25
6.73903e-13 0 7.24056e-25
6.76938e-13 0 7.24056e-25
6.79987e-13 0 7.24056e-25
6.8305e-13 0 7.24056e-25
6.86126e-13 0 7.24056e-25
6.89216e-13 0 7.24056e-25
6.9232e-13 0 7.24056e-25
6.95438e-13 0 7.24056e-25
6.9857e-13 0 7.24056e-25
7.01716e-13 0 7.24056e-25
7.04877e-13 0 7.24056e-25
7.08051e-13 0 7.24056e-25
7.1124e-13 0 7.24056e-25
7.14443e-13 0 7.24056e-25
7.17661e-13 0 7.24056e-25
7.20893e-13 0 7.24056e-25
7.2414e-13 0 7.24056e-25
7.27401e-13 0 7.24056e-25
7.30677e-13 0 7.24056e-25
7.33968e-13 0 7.24056e-25
7.37273e-13 0 7.24056e-25
7.40594e-13 0 7.24056e-25
7.43929e-13 0 7.24056e-25
7.4728e-13 0 7.24056e-25
7.50645e-13 0 7.24056e-25
7.54026e-13 0 7.24056e-25
7.57422e-13 0 7.24056e-25
7.60833e-13 0 7.24056e-25
7.6426e-13 0 7.24056e-25
7.67702e-13 0 7.24056e-25
7.71159e-13 0 7.24056e-25
7.74632e-13 0 7.24056e-25
7.78121e-13 0 7.24056e-25
7.81625e-13 0 7.24056e-25
7.85146e-13 0 7.24056e-25
7.88682e-13 0 7.24056e-25
7.92234e-13 0 7.24056e-25
7.95802e-13 0 7.24056e-25
7.99386e-13 0 7.24056e-25
8.02986e-13 0 7.24056e-25
8.06602e-13 0 7.24056e-25
8.10235e-13 0 7.24056e-25
8.13884e-13 0 7.24056e-25
8.1755e-13 0 7.24056e-25
8.21232e-13 0 7.24056e-25
8.2493e-13 0 7.24056e-25
8.28645e-13 0 7.24056e-25
8.32377e-13 0 7.24056e-25
8.36126e-13 0 7.24056e-25
8.39892e-13 0 7.24056e-25
8.43674e-13 0 7.24056e-25
8.47474e-13 0 7.24056e-25
8.51291e-13 0 7.24056e-25
8.55125e-13 0 7.24056e-25
8.58976e-13 0 7.24056e-25
8.62845e-13 0 7.24056e-25
8.66731e-13 0 7.24056e-25
8.70634e-13 0 7.24056e-25
8.74555e-13 0 7.24056e-25
8.78494e-13 0 7.24056e-25
8.82451e-13 0 7.24056e-25
8.86425e-13 0 7.24056e-25
8.90417e-13 0 7.24056e-25
8.94427e-13 0 7.24056e-25
8.98455e-13 0 7.24056e-25
9.02502e-13 0 7.24056e-25
9.06566e-13 0 7.24056e-25
9.10649e-13 0 7.24056e-25
9.14751e-13 0 7.24056e-25
9.1887e-13 0 7.24056e-25
9.23009e-13 0 7.24056e-25
9.27166e-13 0 7.24056e-25
9.31341e-13 0 7.24056e-25
9.35536e-13 0 7.24056e-25
9.39749e-13 0 7.24056e-25
9.43982e-13 0 7.24056e-25
9.48233e-13 0 7.24056e-25
9.52504e-13 0 7.24056e-25
9.56793e-13 0 7.24056e-25
9.61103e-13 0 7.24056e-25
9.65431e-13 0 7.24056e-25
9.69779e-13 0 7.24056e-25
9.74147e-13 0 7.24056e-25
9.78534e-13 0 7.24056e-25
9.82941e-13 0 7.24056e-25
9.87368e-13 0 7.24056e-25
9.91815e-13 0 7.24056e-25
9.96282e-13 0 7.24056e-25
1.00077e-12 0 7.24056e-25
1.00528e-12 0 7.24056e-25
1.0098e-12 0 7.24056e-25
1.01435e-12 0 7.24056e-25
1.01892e-12 0 7.24056e-25
1.02351e-12 0 7.24056e-25
1.02812e-12 0 7.24056e-25
1.03275e-12 0 7.24056e-25
1.0374e-12 0 7.24056e-25
1.04207e-12 0 7.24056e-25
1.04676e-12 0 7.24056e-25
1.05148e-12 0 7.24056e-25
1.05621e-12 0 7.24056e-25
1.06097e-12 0 7.24056e-25
1.06575e-12 0 7.24056e-25
1.07055e-12 0 7.24056e-25
1.07537e-12 0 7.24056e-25
1.08021e-12 0 7.24056e-25
1.08508e-12 0 7.24056e-25
1.08997e-12 0 7.24056e-25
1.09487e-12 0 7.24056e-25
1.09981e-12 0 7.24056e-25
1.10476e-12 0 7.24056e-25
1.10973e-12 0 7.24056e-25
1.11473e-12 0 7.24056e-25
1.11975e-12 0 7.24056e-25
1.1248e-12 0 7.24056e-25
1.12986e-12 0 7.24056e-25
1.13495e-12 0 7.24056e-25
1.14006e-12 0 7.24056e-25
1.1452e-12 0 7.24056e-25
1.15035e-12 0 7.24056e-25
1.15553e-12 0 7.24056e-25
1.16074e-12 0 7.24056e-25
1.16597e-12 0 7.24056e-25
1.17122e-12 0 7.24056e-25
1.17649e-12 0 7.24056e-25
1.18179e-12 0 7.24056e-25
1.18711e-12 0 7.24056e-25
1.19246e-12 0 7.24056e-25
1.19783e-12 0 7.24056e-25
1.20323e-12 0 7.24056e-25
1.20864e-12 0 7.24056e-25
1.21409e-12 0 7.24056e-25
1.21956e-12 0 7.24056e-25
1.22505e-12 0 7.24056e-25
1.23057e-12 0 7.24056e-25
1.23611e-12 0 7.24056e-25
1.24167e-12 0 7.24056e-25
1.24727e-12 0 7.24056e-25
1.25288e-12 0 7.24056e-25
1.25853e-12 0 7.24056e-25
1.26419e-12 0 7.24056e-25
1.26989e-12 0 7.24056e-25
1.27561e-12 0 7.24056e-25
1.28135e-12 0 7.24056e-25
1.28712e-12 0 7.24056e-25
1.29292e-12 0 7.24056e-25
1.29874e-12 0 7.24056e-25
1.30459e-12 0 7.24056e-25
1.31047e-12 0 7.24056e-25
1.31637e-12 0 7.24056e-25
1.3223e-12 0 7.24056e-25
1.32825e-12 0 7.24056e-25
1.33424e-12 0 7.24056e-25
1.34024e-12 0 7.24056e-25
1.34628e-12 0 7.24056e-25
1.35234e-12 0 7.24056e-25
1.35843e-12 0 7.24056e-25
1.36455e-12 0 7.24056e-25
1.3707e-12 0 7.24056e-25
1.37687e-12 0 7.24056e-25
1.38307e-12 0 7.24056e-25
1.3893e-12 0 7.24056e-25
1.39556e-12 0 7.24056e-25
1.40184e-12 0 7.24056e-25
1.40816e-12 0 7.24056e-25
1.4145e-12 0 7.24056e-25
1.42087e-12 0 7.24056e-25
1.42727e-12 0 7.24056e-25
1.4337e-12 0 7.24056e-25
1.44015e-12 0 7.24056e-25
1.44664e-12 0 7.24056e-25
1.45315e-12 0 7.24056e-25
1.4597e-12 0 7.24056e-25
1.46627e-12 0 7.24056e-25
1.47288e-12 0 7.24056e-25
1.47951e-12 0 7.24056e-25
1.48617e-12 0 7.24056e-25
1.49287e-12 0 7.24056e-25
1.49959e-12 0 7.24056e-25
1.50634e-12 0 7.24056e-25
1.51313e-12 0 7.24056e-25
1.51994e-12 0 7.24056e-25
1.52679e-12 0 7.24056e-25
1.53366e-12 0 7.24056e-25
1.54057e-12 0 7.24056e-25
1.54751e-12 0 7.24056e-25
1.55448e-12 0 7.24056e-25
1.56148e-12 0 7.24056e-25
1.56851e-12 0 7.24056e-25
1.57558e-12 0 7.24056e-25
1.58267e-12 0 7.24056e-25
1.5898e-12 0 7.24056e-25
1.59696e-12 0 7.24056e-25
1.60415e-12 0 7.24056e-25
1.61138e-12 0 7.24056e-25
1.61864e-12 0 7.24056e-25
1.62592e-12 0 7.24056e-25
1.63325e-12 0 7.24056e-25
1.6406e-12 0 7.24056e-25
1.64799e-12 0 7.24056e-25
1.65541e-12 0 7.24056e-25
1.66287e-12 0 7.24056e-25
1.67036e-12 4.4067e-30 7.24056e-25
1.67788e-12 1.60957e-29 7.24052e-25
1.68544e-12 2.57601e-29 7.24036e-25
1.69303e-12 3.31102e-29 7.2401e-25
1.70065e-12 4.10994e-29 7.23977e-25
1.70831e-12 5.71819e-29 7.23936e-25
1.71601e-12 8.93159e-29 7.23879e-25
1.72374e-12 1.09056e-28 7.23789e-25
1.7315e-12 1.62836e-28 7.2368e-25
1.7393e-12 2.08475e-28 7.23517e-25
1.74713e-12 2.4223e-28 7.23309e-25
1.755e-12 2.92416e-28 7.23067e-25
1.7629e-12 3.47888e-28 7.22774e-25
1.77084e-12 3.88685e-28 7.22426e-25
1.77882e-12 4.28637e-28 7.22038e-25
1.78683e-12 4.87335e-28 7.21609e-25
1.79488e-12 5.24606e-28 7.21122e-25
1.80296e-12 5.76046e-28 7.20597e-25
1.81108e-12 6.07885e-28 7.20021e-25
1.81924e-12 6.50349e-28 7.19413e-25
1.82743e-12 6.80433e-28 7.18763e-25
1.83566e-12 7.20491e-28 7.18082e-25
1.84393e-12 7.60849e-28 7.17362e-25
1.85223e-12 7.85623e-28 7.16601e-25
1.86057e-12 8.28563e-28 7.15815e-25
1.86895e-12 8.60799e-28 7.14987e-25
1.87737e-12 8.94691e-28 7.14126e-25
1.88583e-12 9.18731e-28 7.13231e-25
1.89432e-12 9.75813e-28 7.12313e-25
1.90285e-12 1.01035e-27 7.11337e-25
1.91142e-12 1.04522e-27 7.10327e-25
1.92003e-12 1.09265e-27 7.09281e-25
1.92868e-12 1.12478e-27 7.08189e-25
1.93736e-12 1.16706e-27 7.07064e-25
1.94609e-12 1.18871e-27 7.05897e-25
1.95485e-12 1.23012e-27 7.04708e-25
1.96366e-12 1.26913e-27 7.03478e-25
1.9725e-12 1.29361e-27 7.02209e-25
1.98138e-12 1.33568e-27 7.00915e-25
1.99031e-12 1.38459e-27 6.9958e-25
1.99927e-12 1.41806e-27 6.98195e-25
2.00827e-12 1.45254e-27 6.96777e-25
2.01732e-12 1.48266e-27 6.95324e-25
2.0264e-12 1.53185e-27 6.93842e-25
2.03553e-12 1.56612e-27 6.9231e-25
2.0447e-12 1.61087e-27 6.90744e-25
2.05391e-12 1.65633e-27 6.89133e-25
2.06316e-12 1.69731e-27 6.87477e-25
2.07245e-12 1.75827e-27 6.85779e-25
2.08178e-12 1.79679e-27 6.84021e-25
2.09116e-12 1.84094e-27 6.82224e-25
2.10058e-12 1.87488e-27 6.80383e-25
2.11004e-12 1.90329e-27 6.78508e-25
2.11954e-12 1.94257e-27 6.76605e-25
2.12909e-12 1.97807e-27 6.74663e-25
2.13867e-12 2.00309e-27 6.72684e-25
2.14831e-12 2.0396e-27 6.70681e-25
2.15798e-12 2.05838e-27 6.68642e-25
2.1677e-12 2.06909e-27 6.66583e-25
2.17746e-12 2.10191e-27 6.64514e-25
2.18727e-12 2.13433e-27 6.62412e-25
2.19712e-12 2.14893e-27 6.60278e-25
2.20702e-12 2.16042e-27 6.58129e-25
2.21696e-12 2.17446e-27 6.55969e-25
2.22694e-12 2.18588e-27 6.53794e-25
2.23697e-12 2.19961e-27 6.51608e-25
2.24704e-12 2.21715e-27 6.49409e-25
2.25716e-12 2.24121e-27 6.47192e-25
2.26733e-12 2.27069e-27 6.4495e-25
2.27754e-12 2.31143e-27 6.4268e-25
2.2878e-12 2.31985e-27 6.40368e-25
2.2981e-12 2.34556e-27 6.38048e-25
2.30845e-12 2.37421e-27 6.35703e-25
2.31885e-12 2.38282e-27 6.33329e-25
2.32929e-12 2.40353e-27 6.30946e-25
2.33978e-12 2.41895e-27 6.28542e-25
2.35032e-12 2.41669e-27 6.26123e-25
2.36091e-12 2.43139e-27 6.23707e-25
2.37154e-12 2.45669e-27 6.21275e-25
2.38222e-12 2.46975e-27 6.18819e-25
2.39295e-12 2.49568e-27 6.16349e-25
2.40373e-12 2.52098e-27 6.13853e-25
2.41455e-12 2.54695e-27 6.11332e-25
2.42543e-12 2.57365e-27 6.08785e-25
2.43635e-12 2.58248e-27 6.06212e-25
2.44732e-12 2.60343e-27 6.03629e-25
2.45834e-12 2.60569e-27 6.01026e-25
2.46942e-12 2.63754e-27 5.9842e-25
2.48054e-12 2.68566e-27 5.95782e-25
2.49171e-12 2.72521e-27 5.93097e-25
2.50293e-12 2.74768e-27 5.90372e-25
2.5142e-12 2.80656e-27 5.87624e-25
2.52553e-12 2.85407e-27 5.84817e-25
2.5369e-12 2.90669e-27 5.81963e-25
2.54833e-12 2.95213e-27 5.79057e-25
2.5598e-12 2.99561e-27 5.76104e-25
2.57133e-12 3.04893e-27 5.73109e-25
2.58291e-12 3.11061e-27 5.7006e-25
2.59454e-12 3.14904e-27 5.66949e-25
2.60623e-12 3.19757e-27 5.638e-25
2.61797e-12 3.24378e-27 5.60603e-25
2.62976e-12 3.27873e-27 5.57359e-25
2.6416e-12 3.32474e-27 5.5408e-25
2.6535e-12 3.3655e-27 5.50755e-25
2.66545e-12 3.40304e-27 5.4739e-25
2.67745e-12 3.43488e-27 5.43987e-25
2.68951e-12 3.47308e-27 5.40552e-25
2.70162e-12 3.4943e-27 5.37079e-25
2.71379e-12 3.52876e-27 5.33585e-25
2.72601e-12 3.55384e-27 5.30056e-25
2.73829e-12 3.57494e-27 5.26502e-25
2.75062e-12 3.57465e-27 5.22927e-25
2.76301e-12 3.59649e-27 5.19352e-25
2.77546e-12 3.59359e-27 5.15756e-25
2.78796e-12 3.5919e-27 5.12162e-25
2.80051e-12 3.59357e-27 5.0857e-25
2.81312e-12 3.60336e-27 5.04977e-25
2.82579e-12 3.60367e-27 5.01373e-25
2.83852e-12 3.60118e-27 4.9777e-25
2.8513e-12 3.61046e-27 4.94169e-25
2.86415e-12 3.60493e-27 4.90558e-25
2.87705e-12 3.60206e-27 4.86953e-25
2.89e-12 3.60449e-27 4.83351e-25
2.90302e-12 3.60086e-27 4.79747e-25
2.91609e-12 3.5974e-27 4.76146e-25
2.92923e-12 3.59167e-27 4.72548e-25
2.94242e-12 3.58357e-27 4.68957e-25
2.95567e-12 3.59222e-27 4.65373e-25
2.96898e-12 3.59737e-27 4.61781e-25
2.98235e-12 3.60425e-27 4.58184e-25
2.99578e-12 3.60963e-27 4.54579e-25
3.00928e-12 3.61169e-27 4.5097e-25
3.02283e-12 3.60676e-27 4.47358e-25
3.03644e-12 3.60855e-27 4.43751e-25
3.05012e-12 3.60858e-27 4.40143e-25
3.06386e-12 3.60252e-27 4.36534e-25
3.07765e-12 3.59462e-27 4.32932e-25
3.09152e-12 3.5828e-27 4.29337e-25
3.10544e-12 3.58282e-27 4.25754e-25
3.11942e-12 3.57233e-27 4.22171e-25
3.13347e-12 3.56718e-27 4.18599e-25
3.14759e-12 3.55007e-27 4.15032e-25
3.16176e-12 3.53586e-27 4.11482e-25
3.176e-12 3.5281e-27 4.07946e-25
3.19031e-12 3.52245e-27 4.04418e-25
3.20467e-12 3.50846e-27 4.00895e-25
3.21911e-12 3.49452e-27 3.97387e-25
3.2336e-12 3.47401e-27 3.93892e-25
3.24817e-12 3.45817e-27 3.90418e-25
3.2628e-12 3.44993e-27 3.8696e-25
3.27749e-12 3.43465e-27 3.8351e-25
3.29225e-12 3.4125e-27 3.80076e-25
3.30708e-12 3.39372e-27 3.76663e-25
3.32197e-12 3.37323e-27 3.73269e-25
3.33693e-12 3.35401e-27 3.69896e-25
3.35196e-12 3.33503e-27 3.66542e-25
3.36706e-12 3.31466e-27 3.63207e-25
3.38222e-12 3.29984e-27 3.59892e-25
3.39746e-12 3.2836e-27 3.56593e-25
3.41276e-12 3.26069e-27 3.53309e-25
3.42813e-12 3.24184e-27 3.50048e-25
3.44357e-12 3.224e-27 3.46807e-25
3.45908e-12 3.20465e-27 3.43583e-25
3.47465e-12 3.18414e-27 3.40378e-25
3.4903e-12 3.17068e-27 3.37194e-25
3.50602e-12 3.15448e-27 3.34023e-25
3.52181e-12 3.1315e-27 3.30869e-25
3.53767e-12 3.12102e-27 3.27737e-25
3.55361e-12 3.10367e-27 3.24616e-25
3.56961e-12 3.08298e-27 3.21512e-25
3.58569e-12 3.07012e-27 3.18429e-25
3.60184e-12 3.06282e-27 3.15359e-25
3.61806e-12 3.05041e-27 3.12296e-25
3.63435e-12 3.02834e-27 3.09246e-25
3.65072e-12 3.01679e-27 3.06218e-25
3.66716e-12 3.00541e-27 3.03201e-25
3.68368e-12 2.98327e-27 3.00196e-25
3.70027e-12 2.96808e-27 2.97212e-25
3.71693e-12 2.94295e-27 2.94244e-25
3.73367e-12 2.92633e-27 2.91301e-25
3.75049e-12 2.90775e-27 2.88375e-25
3.76738e-12 2.89067e-27 2.85467e-25
3.78435e-12 2.87123e-27 2.82576e-25
3.80139e-12 2.8471e-27 2.79705e-25
3.81851e-12 2.84741e-27 2.76858e-25
3.83571e-12 2.82987e-27 2.74011e-25
3.85298e-12 2.81294e-27 2.71181e-25
3.87034e-12 2.80092e-27 2.68368e-25
3.88777e-12 2.7828e-27 2.65567e-25
3.90528e-12 2.77382e-27 2.62784e-25
3.92286e-12 2.76043e-27 2.6001e-25
3.94053e-12 2.74369e-27 2.5725e-25
3.95828e-12 2.73159e-27 2.54506e-25
3.97611e-12 2.71159e-27 2.51775e-25
3.99401e-12 2.69268e-27 2.49063e-25
4.012e-12 2.67947e-27 2.4637e-25
4.03007e-12 2.65973e-27 2.43691e-25
4.04822e-12 2.63898e-27 2.41031e-25
4.06645e-12 2.62243e-27 2.38392e-25
4.08477e-12 2.5989e-27 2.3577e-25
4.10316e-12 2.5826e-27 2.33171e-25
4.12164e-12 2.56489e-27 2.30588e-25
4.1402e-12 2.55585e-27 2.28023e-25
4.15885e-12 2.53263e-27 2.25468e-25
4.17758e-12 2.52223e-27 2.22935e-25
4.1964e-12 2.50778e-27 2.20413e-25
4.2153e-12 2.48564e-27 2.17905e-25
4.23428e-12 2.46241e-27 2.15419e-25
4.25335e-12 2.45216e-27 2.12957e-25
4.27251e-12 2.42747e-27 2.10505e-25
4.29175e-12 2.41636e-27 2.08077e-25
4.31108e-12 2.39789e-27 2.05661e-25
4.33049e-12 2.37874e-27 2.03263e-25
4.35e-12 2.36122e-27 2.00884e-25
4.36959e-12 2.34166e-27 1.98523e-25
4.38927e-12 2.32756e-27 1.96181e-25
4.40903e-12 2.31098e-27 1.93854e-25
4.42889e-12 2.29647e-27 1.91543e-25
4.44884e-12 2.2768e-27 1.89246e-25
4.46887e-12 2.25783e-27 1.8697e-25
4.489e-12 2.2371e-27 1.84712e-25
4.50922e-12 2.21479e-27 1.82475e-25
4.52953e-12 2.19401e-27 1.8026e-25
4.54993e-12 2.17635e-27 1.78066e-25
4.57042e-12 2.15459e-27 1.75889e-25
4.591e-12 2.13182e-27 1.73735e-25
4.61168e-12 2.12117e-27 1.71603e-25
4.63245e-12 2.10221e-27 1.69482e-25
4.65331e-12 2.08885e-27 1.6738e-25
4.67427e-12 2.07003e-27 1.65291e-25
4.69532e-12 2.04481e-27 1.63221e-25
4.71647e-12 2.02324e-27 1.61176e-25
4.73771e-12 2.00315e-27 1.59153e-25
4.75904e-12 1.98877e-27 1.5715e-25
4.78048e-12 1.97172e-27 1.55161e-25
4.80201e-12 1.95237e-27 1.53189e-25
4.82363e-12 1.93355e-27 1.51237e-25
4.84536e-12 1.91735e-27 1.49303e-25
4.86718e-12 1.89641e-27 1.47386e-25
4.8891e-12 1.88279e-27 1.45489e-25
4.91112e-12 1.86324e-27 1.43607e-25
4.93324e-12 1.84495e-27 1.41743e-25
4.95546e-12 1.82791e-27 1.39898e-25
4.97777e-12 1.81076e-27 1.38071e-25
5.00019e-12 1.79323e-27 1.3626e-25
5.02271e-12 1.77365e-27 1.34467e-25
5.04533e-12 1.75716e-27 1.32693e-25
5.06806e-12 1.74241e-27 1.30936e-25
5.09088e-12 1.724e-27 1.29193e-25
5.11381e-12 1.7048e-27 1.27469e-25
5.13684e-12 1.68829e-27 1.25765e-25
5.15997e-12 1.67404e-27 1.24076e-25
5.18321e-12 1.66017e-27 1.22402e-25
5.20656e-12 1.64166e-27 1.20742e-25
5.23001e-12 1.62295e-27 1.191e-25
5.25356e-12 1.60524e-27 1.17477e-25
5.27722e-12 1.58649e-27 1.15872e-25
5.30099e-12 1.57193e-27 1.14286e-25
5.32486e-12 1.55255e-27 1.12714e-25
5.34884e-12 1.53275e-27 1.11161e-25
5.37293e-12 1.51342e-27 1.09629e-25
5.39713e-12 1.4948e-27 1.08115e-25
5.42144e-12 1.47732e-27 1.0662e-25
5.44586e-12 1.46054e-27 1.05143e-25
5.47038e-12 1.44055e-27 1.03682e-25
5.49502e-12 1.42299e-27 1.02242e-25
5.51977e-12 1.40401e-27 1.00819e-25
5.54463e-12 1.38872e-27 9.94149e-26
5.5696e-12 1.37279e-27 9.80262e-26
5.59468e-12 1.35388e-27 9.66534e-26
5.61988e-12 1.33745e-27 9.52995e-26
5.64519e-12 1.31902e-27 9.3962e-26
5.67061e-12 1.30234e-27 9.2643e-26
5.69615e-12 1.28454e-27 9.13407e-26
5.72181e-12 1.26681e-27 9.00561e-26
5.74757e-12 1.24932e-27 8.87893e-26
5.77346e-12 1.23302e-27 8.754e-26
5.79946e-12 1.21598e-27 8.6307e-26
5.82558e-12 1.19918e-27 8.5091e-26
5.85182e-12 1.18259e-27 8.38918e-26
5.87817e-12 1.16624e-27 8.27093e-26
5.90465e-12 1.1508e-27 8.1543e-26
5.93124e-12 1.13487e-27 8.03922e-26
5.95795e-12 1.11915e-27 7.92573e-26
5.98478e-12 1.10365e-27 7.81382e-26
6.01174e-12 1.08836e-27 7.70345e-26
6.03881e-12 1.07327e-27 7.59462e-26
6.06601e-12 1.05839e-27 7.48729e-26
6.09333e-12 1.0437e-27 7.38145e-26
6.12077e-12 1.02992e-27 7.27708e-26
6.14834e-12 1.01563e-27 7.17409e-26
6.17603e-12 1.00152e-27 7.07253e-26
6.20384e-12 9.87609e-28 6.97238e-26
6.23178e-12 9.73884e-28 6.87361e-26
6.25985e-12 9.60346e-28 6.77623e-26
6.28804e-12 9.46991e-28 6.68019e-26
6.31636e-12 9.33818e-28 6.58549e-26
6.34481e-12 9.20823e-28 6.49211e-26
6.37339e-12 9.08004e-28 6.40003e-26
6.40209e-12 8.9536e-28 6.30923e-26
6.43092e-12 8.82888e-28 6.21969e-26
6.45989e-12 8.70585e-28 6.1314e-26
6.48898e-12 8.5845e-28 6.04434e-26
6.5182e-12 8.46479e-28 5.9585e-26
6.54756e-12 8.34672e-28 5.87385e-26
6.57705e-12 8.23025e-28 5.79038e-26
6.60667e-12 8.11538e-28 5.70808e-26
6.63642e-12 8.00206e-28 5.62693e-26
6.66631e-12 7.89029e-28 5.54691e-26
6.69633e-12 7.78005e-28 5.468e-26
6.72649e-12 7.67131e-28 5.3902e-26
6.75679e-12 7.56406e-28 5.31349e-26
6.78722e-12 7.45827e-28 5.23785e-26
6.81779e-12 7.35392e-28 5.16327e-26
6.84849e-12 7.25101e-28 5.08973e-26
6.87933e-12 7.1495e-28 5.01722e-26
6.91032e-12 7.04937e-28 4.94572e-26
6.94144e-12 6.95062e-28 4.87523e-26
6.9727e-12 6.85322e-28 4.80572e-26
7.0041e-12 6.75715e-28 4.73719e-26
7.03565e-12 6.6624e-28 4.66962e-26
7.06734e-12 6.56895e-28 4.603e-26
7.09916e-12 6.47678e-28 4.53731e-26
7.13114e-12 6.38588e-28 4.47254e-26
7.16325e-12 6.29622e-28 4.40868e-26
7.19551e-12 6.20779e-28 4.34572e-26
7.22792e-12 6.12058e-28 4.28364e-26
7.26047e-12 6.03457e-28 4.22243e-26
7.29317e-12 5.94973e-28 4.16209e-26
7.32602e-12 5.86607e-28 4.10259e-26
7.35901e-12 5.78355e-28 4.04393e-26
7.39216e-12 5.70217e-28 3.98609e-26
7.42545e-12 5.62191e-28 3.92907e-26
7.45889e-12 5.54276e-28 3.87285e-26
7.49248e-12 5.4647e-28 3.81743e-26
7.52623e-12 5.38771e-28 3.76278e-26
7.56012e-12 5.31178e-28 3.7089e-26
7.59417e-12 5.2369e-28 3.65578e-26
7.62837e-12 5.16306e-28 3.60341e-26
7.66273e-12 5.09023e-28 3.55178e-26
7.69724e-12 5.01841e-28 3.50088e-26
7.73191e-12 4.94758e-28 3.4507e-26
7.76673e-12 4.87773e-28 3.40122e-26
7.80171e-12 4.80884e-28 3.35244e-26
7.83684e-12 4.74091e-28 3.30436e-26
7.87214e-12 4.67392e-28 3.25695e-26
7.90759e-12 4.60785e-28 3.21021e-26
7.94321e-12 4.5427e-28 3.16413e-26
7.97898e-12 4.47845e-28 3.1187e-26
8.01492e-12 4.41509e-28 3.07392e-26
8.05101e-12 4.35261e-28 3.02977e-26
8.08727e-12 4.291e-28 2.98624e-26
8.12369e-12 4.23024e-28 2.94333e-26
8.16028e-12 4.17032e-28 2.90103e-26
8.19703e-12 4.11124e-28 2.85933e-26
8.23395e-12 4.05297e-28 2.81821e-26
8.27103e-12 3.99552e-28 2.77768e-26
8.30828e-12 3.93886e-28 2.73773e-26
8.3457e-12 3.88299e-28 2.69834e-26
8.38329e-12 3.8279e-28 2.65951e-26
8.42104e-12 3.77357e-28 2.62123e-26
8.45897e-12 3.72e-28 2.5835e-26
8.49707e-12 3.66718e-28 2.5463e-26
8.53534e-12 3.61509e-28 2.50962e-26
8.57378e-12 3.56373e-28 2.47347e-26
8.61239e-12 3.51308e-28 2.43784e-26
8.65118e-12 3.46314e-28 2.4027e-26
8.69014e-12 3.41389e-28 2.36807e-26
8.72928e-12 3.36534e-28 2.33393e-26
8.76859e-12 3.31746e-28 2.30028e-26
8.80808e-12 3.27024e-28 2.26711e-26
8.84775e-12 3.22369e-28 2.2344e-26
8.8876e-12 3.17779e-28 2.20217e-26
8.92763e-12 3.13253e-28 2.17039e-26
8.96783e-12 3.0879e-28 2.13906e-26
9.00822e-12 3.0439e-28 2.10818e-26
9.04879e-12 3.00051e-28 2.07775e-26
9.08955e-12 2.95773e-28 2.04774e-26
9.13048e-12 2.91555e-28 2.01816e-26
9.1716e-12 2.87395e-28 1.98901e-26
9.21291e-12 2.83295e-28 1.96027e-26
9.2544e-12 2.79251e-28 1.93194e-26
9.29608e-12 2.75264e-28 1.90401e-26
9.33795e-12 2.71334e-28 1.87649e-26
9.38e-12 2.67458e-28 1.84935e-26
9.42225e-12 2.63637e-28 1.82261e-26
9.46468e-12 2.59869e-28 1.79624e-26
9.50731e-12 2.56154e-28 1.77026e-26
9.55013e-12 2.52492e-28 1.74464e-26
9.59314e-12 2.48881e-28 1.71939e-26
9.63634e-12 2.4532e-28 1.6945e-26
9.67974e-12 2.4181e-28 1.66997e-26
9.72334e-12 2.38349e-28 1.64579e-26
9.76713e-12 2.34937e-28 1.62196e-26
9.81112e-12 2.31573e-28 1.59846e-26
9.8553e-12 2.28256e-28 1.57531e-26
9.89969e-12 2.24986e-28 1.55248e-26
9.94427e-12 2.21762e-28 1.52998e-26
9.98906e-12 2.18583e-28 1.50781e-26
1.0034e-11 2.15449e-28 1.48595e-26
1.00792e-11 2.1236e-28 1.4644e-26
1.01246e-11 2.09314e-28 1.44317e-26
1.01702e-11 2.06311e-28 1.42223e-26
1.0216e-11 2.0335e-28 1.4016e-26
1.0262e-11 2.00431e-28 1.38127e-26
1.03083e-11 1.97554e-28 1.36123e-26
1.03547e-11 1.94717e-28 1.34147e-26
1.04013e-11 1.9192e-28 1.322e-26
1.04482e-11 1.89163e-28 1.30281e-26
1.04952e-11 1.86445e-28 1.28389e-26
1.05425e-11 1.83765e-28 1.26525e-26
1.059e-11 1.81123e-28 1.24687e-26
1.06377e-11 1.78518e-28 1.22876e-26
1.06856e-11 1.75951e-28 1.21091e-26
1.07337e-11 1.73419e-28 1.19331e-26
1.0782e-11 1.70924e-28 1.17597e-26
1.08306e-11 1.68464e-28 1.15888e-26
1.08794e-11 1.66039e-28 1.14203e-26
1.09284e-11 1.63648e-28 1.12543e-26
1.09776e-11 1.61291e-28 1.10906e-26
1.1027e-11 1.58968e-28 1.09293e-26
1.10767e-11 1.56678e-28 1.07703e-26
1.11266e-11 1.5442e-28 1.06137e-26
1.11767e-11 1.52194e-28 1.04593e-26
1.1227e-11 1.5e-28 1.03071e-26
1.12776e-11 1.47837e-28 1.01571e-26
1.13284e-11 1.45704e-28 1.00092e-26
1.13794e-11 1.43603e-28 9.86352e-27
1.14307e-11 1.4153e-28 9.71991e-27
1.14821e-11 1.39488e-28 9.57838e-27
1.15338e-11 1.37474e-28 9.4389e-27
1.15858e-11 1.3549e-28 9.30142e-27
1.1638e-11 1.33533e-28 9.16593e-27
1.16904e-11 1.31605e-28 9.0324e-27
1.1743e-11 1.29703e-28 8.90079e-27
1.17959e-11 1.27829e-28 8.77109e-27
1.1849e-11 1.25982e-28 8.64326e-27
1.19024e-11 1.24161e-28 8.51728e-27
1.1956e-11 1.22366e-28 8.39312e-27
1.20099e-11 1.20596e-28 8.27075e-27
1.2064e-11 1.18852e-28 8.15016e-27
1.21183e-11 1.17133e-28 8.0313e-27
1.21729e-11 1.15438e-28 7.91417e-27
1.22277e-11 1.13768e-28 7.79873e-27
1.22828e-11 1.12121e-28 7.68496e-27
1.23381e-11 1.10498e-28 7.57284e-27
1.23936e-11 1.08898e-28 7.46234e-27
1.24495e-11 1.07321e-28 7.35345e-27
1.25055e-11 1.05767e-28 7.24612e-27
1.25618e-11 1.04235e-28 7.14036e-27
1.26184e-11 1.02725e-28 7.03612e-27
1.26753e-11 1.01236e-28 6.9334e-27
1.27323e-11 9.97686e-29 6.83216e-27
1.27897e-11 9.83223e-29 6.73239e-27
1.28473e-11 9.68968e-29 6.63407e-27
1.29051e-11 9.54917e-29 6.53717e-27
1.29633e-11 9.41067e-29 6.44168e-27
1.30216e-11 9.27416e-29 6.34758e-27
1.30803e-11 9.1396e-29 6.25483e-27
1.31392e-11 9.00698e-29 6.16344e-27
1.31984e-11 8.87626e-29 6.07337e-27
1.32578e-11 8.74742e-29 5.98461e-27
1.33175e-11 8.62042e-29 5.89713e-27
1.33775e-11 8.49525e-29 5.81093e-27
1.34378e-11 8.37188e-29 5.72598e-27
1.34983e-11 8.25028e-29 5.64226e-27
1.35591e-11 8.13043e-29 5.55975e-27
1.36201e-11 8.01231e-29 5.47845e-27
1.36815e-11 7.89588e-29 5.39833e-27
1.37431e-11 7.78112e-29 5.31937e-27
1.3805e-11 7.66802e-29 5.24156e-27
1.38672e-11 7.55655e-29 5.16488e-27
1.39296e-11 7.44668e-29 5.08931e-27
1.39923e-11 7.33839e-29 5.01484e-27
1.40554e-11 7.23166e-29 4.94146e-27
1.41187e-11 7.12647e-29 4.86914e-27
1.41823e-11 7.02279e-29 4.79788e-27
1.42461e-11 6.92061e-29 4.72765e-27
1.43103e-11 6.8199e-29 4.65844e-27
1.43747e-11 6.72065e-29 4.59025e-27
1.44395e-11 6.62282e-29 4.52304e-27
1.45045e-11 6.52641e-29 4.45681e-27
1.45698e-11 6.43139e-29 4.39155e-27
1.46354e-11 6.33774e-29 4.32723e-27
1.47014e-11 6.24544e-29 4.26386e-27
1.47676e-11 6.15447e-29 4.2014e-27
1.48341e-11 6.06482e-29 4.13986e-27
1.49009e-11 5.97646e-29 4.07921e-27
1.4968e-11 5.88938e-29 4.01944e-27
1.50354e-11 5.80356e-29 3.96055e-27
1.51031e-11 5.71898e-29 3.90251e-27
1.51711e-11 5.63562e-29 3.84532e-27
1.52395e-11 5.55347e-29 3.78897e-27
1.53081e-11 5.47251e-29 3.73343e-27
1.5377e-11 5.39271e-29 3.67871e-27
1.54463e-11 5.31407e-29 3.62478e-27
1.55159e-11 5.23657e-29 3.57164e-27
1.55857e-11 5.1602e-29 3.51927e-27
1.56559e-11 5.08492e-29 3.46767e-27
1.57265e-11 5.01074e-29 3.41682e-27
1.57973e-11 4.93764e-29 3.36672e-27
1.58684e-11 4.86559e-29 3.31734e-27
1.59399e-11 4.79458e-29 3.26868e-27
1.60117e-11 4.72461e-29 3.22074e-27
1.60838e-11 4.65565e-29 3.17349e-27
1.61562e-11 4.58769e-29 3.12694e-27
1.6229e-11 4.52072e-29 3.08106e-27
1.63021e-11 4.45471e-29 3.03585e-27
1.63755e-11 4.38967e-29 2.9913e-27
1.64493e-11 4.32557e-29 2.94741e-27
1.65233e-11 4.2624e-29 2.90415e-27
1.65978e-11 4.20015e-29 2.86153e-27
1.66725e-11 4.1388e-29 2.81953e-27
1.67476e-11 4.07834e-29 2.77814e-27
1.6823e-11 4.01876e-29 2.73735e-27
1.68988e-11 3.96004e-29 2.69717e-27
1.69749e-11 3.90218e-29 2.65757e-27
1.70513e-11 3.84516e-29 2.61854e-27
1.71281e-11 3.78897e-29 2.58009e-27
1.72053e-11 3.7336e-29 2.5422e-27
1.72828e-11 3.67903e-29 2.50487e-27
1.73606e-11 3.62526e-29 2.46808e-27
1.74388e-11 3.57226e-29 2.43182e-27
1.75173e-11 3.52004e-29 2.3961e-27
1.75962e-11 3.46858e-29 2.3609e-27
1.76755e-11 3.41787e-29 2.32622e-27
1.77551e-11 3.3679e-29 2.29204e-27
1.7835e-11 3.31865e-29 2.25836e-27
1.79154e-11 3.27012e-29 2.22517e-27
1.7996e-11 3.2223e-29 2.19247e-27
1.80771e-11 3.17517e-29 2.16025e-27
1.81585e-11 3.12874e-29 2.1285e-27
1.82403e-11 3.08297e-29 2.09721e-27
1.83224e-11 3.03788e-29 2.06638e-27
1.8405e-11 2.99344e-29 2.036e-27
1.84878e-11 2.94965e-29 2.00607e-27
1.85711e-11 2.9065e-29 1.97657e-27
1.86547e-11 2.86398e-29 1.9475e-27
1.87388e-11 2.82208e-29 1.91886e-27
1.88232e-11 2.78079e-29 1.89064e-27
1.89079e-11 2.7401e-29 1.86284e-27
1.89931e-11 2.70001e-29 1.83543e-27
1.90786e-11 2.6605e-29 1.80843e-27
1.91646e-11 2.62157e-29 1.78183e-27
1.92509e-11 2.58321e-29 1.75561e-27
1.93376e-11 2.5454e-29 1.72978e-27
1.94247e-11 2.50815e-29 1.70433e-27
1.95121e-11 2.47145e-29 1.67925e-27
1.96e-11 2.43528e-29 1.65453e-27
1.96883e-11 2.39963e-29 1.63018e-27
1.9777e-11 2.36451e-29 1.60618e-27
1.9866e-11 2.32991e-29 1.58254e-27
1.99555e-11 2.2958e-29 1.55924e-27
2.00454e-11 2.2622e-29 1.53628e-27
2.01357e-11 2.22909e-29 1.51366e-27
2.02263e-11 2.19646e-29 1.49137e-27
2.03174e-11 2.16431e-29 1.4694e-27
2.04089e-11 2.13263e-29 1.44776e-27
2.05008e-11 2.10141e-29 1.42643e-27
2.05932e-11 2.07065e-29 1.40542e-27
2.06859e-11 2.04034e-29 1.38471e-27
2.07791e-11 2.01048e-29 1.36431e-27
2.08727e-11 1.98105e-29 1.3442e-27
2.09667e-11 1.95205e-29 1.32439e-27
2.10611e-11 1.92347e-29 1.30487e-27
2.1156e-11 1.89532e-29 1.28564e-27
2.12512e-11 1.86758e-29 1.26669e-27
2.13469e-11 1.84024e-29 1.24801e-27
2.14431e-11 1.8133e-29 1.22961e-27
2.15397e-11 1.78676e-29 1.21147e-27
2.16367e-11 1.76061e-29 1.19361e-27
2.17341e-11 1.73484e-29 1.176e-27
2.1832e-11 1.70944e-29 1.15865e-27
2.19303e-11 1.68442e-29 1.14156e-27
2.20291e-11 1.65977e-29 1.12471e-27
2.21283e-11 1.63548e-29 1.10812e-27
2.2228e-11 1.61154e-29 1.09176e-27
2.23281e-11 1.58796e-29 1.07565e-27
2.24286e-11 1.56472e-29 1.05977e-27
2.25296e-11 1.54182e-29 1.04412e-27
2.26311e-11 1.51925e-29 1.0287e-27
2.2733e-11 1.49702e-29 1.01351e-27
2.28354e-11 1.47512e-29 9.98538e-28
2.29383e-11 1.45353e-29 9.83787e-28
2.30416e-11 1.43226e-29 9.69251e-28
2.31453e-11 1.41131e-29 9.54929e-28
2.32496e-11 1.39066e-29 9.40816e-28
2.33543e-11 1.37031e-29 9.26909e-28
2.34595e-11 1.35027e-29 9.13206e-28
2.35651e-11 1.33051e-29 8.99703e-28
2.36713e-11 1.31105e-29 8.86398e-28
2.37779e-11 1.29187e-29 8.73288e-28
2.3885e-11 1.27298e-29 8.60369e-28
2.39925e-11 1.25436e-29 8.47639e-28
2.41006e-11 1.23601e-29 8.35096e-28
2.42091e-11 1.21794e-29 8.22736e-28
2.43182e-11 1.20013e-29 8.10556e-28
2.44277e-11 1.18258e-29 7.98555e-28
2.45377e-11 1.16529e-29 7.86729e-28
2.46482e-11 1.14825e-29 7.75076e-28
2.47592e-11 1.13146e-29 7.63594e-28
2.48707e-11 1.11492e-29 7.52279e-28
2.49827e-11 1.09862e-29 7.4113e-28
2.50952e-11 1.08257e-29 7.30144e-28
2.52083e-11 1.06674e-29 7.19318e-28
2.53218e-11 1.05115e-29 7.08651e-28
2.54358e-11 1.03579e-29 6.98139e-28
2.55504e-11 1.02066e-29 6.87781e-28
2.56655e-11 1.00574e-29 6.77575e-28
2.57811e-11 9.9105e-30 6.67517e-28
2.58972e-11 9.76573e-30 6.57607e-28
2.60138e-11 9.62307e-30 6.47841e-28
2.6131e-11 9.48252e-30 6.38218e-28
2.62486e-11 9.34403e-30 6.28735e-28
2.63669e-11 9.20758e-30 6.19391e-28
2.64856e-11 9.07313e-30 6.10184e-28
2.66049e-11 8.94065e-30 6.01111e-28
2.67247e-11 8.81013e-30 5.9217e-28
2.68451e-11 8.68152e-30 5.8336e-28
2.6966e-11 8.5548e-30 5.74678e-28
2.70874e-11 8.42995e-30 5.66124e-28
2.72094e-11 8.30693e-30 5.57694e-28
2.7332e-11 8.18572e-30 5.49387e-28
2.74551e-11 8.06629e-30 5.41201e-28
2.75787e-11 7.94861e-30 5.33135e-28
2.77029e-11 7.83267e-30 5.25186e-28
2.78277e-11 7.71843e-30 5.17353e-28
2.7953e-11 7.60587e-30 5.09635e-28
2.80789e-11 7.49496e-30 5.02029e-28
2.82054e-11 7.38568e-30 4.94534e-28
2.83324e-11 7.27801e-30 4.87148e-28
2.846e-11 7.17193e-30 4.7987e-28
2.85882e-11 7.0674e-30 4.72699e-28
2.87169e-11 6.96441e-30 4.65631e-28
2.88462e-11 6.86293e-30 4.58667e-28
2.89762e-11 6.76295e-30 4.51804e-28
2.91067e-11 6.66443e-30 4.45041e-28
2.92377e-11 6.56736e-30 4.38376e-28
2.93694e-11 6.47172e-30 4.31809e-28
2.95017e-11 6.37749e-30 4.25337e-28
2.96346e-11 6.28464e-30 4.1896e-28
2.9768e-11 6.19316e-30 4.12675e-28
2.99021e-11 6.10302e-30 4.06482e-28
3.00368e-11 6.0142e-30 4.00379e-28
3.0172e-11 5.92669e-30 3.94365e-28
3.03079e-11 5.84047e-30 3.88438e-28
3.04444e-11 5.75552e-30 3.82598e-28
3.05815e-11 5.67181e-30 3.76842e-28
3.07193e-11 5.58933e-30 3.7117e-28
3.08576e-11 5.50807e-30 3.65581e-28
3.09966e-11 5.428e-30 3.60073e-28
3.11362e-11 5.3491e-30 3.54645e-28
3.12764e-11 5.27137e-30 3.49296e-28
3.14173e-11 5.19478e-30 3.44024e-28
3.15588e-11 5.11931e-30 3.3883e-28
3.17009e-11 5.04496e-30 3.3371e-28
3.18437e-11 4.97169e-30 3.28665e-28
3.19871e-11 4.8995e-30 3.23694e-28
3.21312e-11 4.82838e-30 3.18794e-28
3.22759e-11 4.75829e-30 3.13966e-28
3.24212e-11 4.68924e-30 3.09208e-28
3.25672e-11 4.6212e-30 3.04518e-28
3.27139e-11 4.55416e-30 2.99897e-28
3.28612e-11 4.48811e-30 2.95343e-28
3.30092e-11 4.42302e-30 2.90855e-28
3.31579e-11 4.35889e-30 2.86432e-28
3.33072e-11 4.29571e-30 2.82073e-28
3.34573e-11 4.23345e-30 2.77777e-28
3.36079e-11 4.1721e-30 2.73544e-28
3.37593e-11 4.11166e-30 2.69372e-28
3.39113e-11 4.0521e-30 2.6526e-28
3.40641e-11 3.99342e-30 2.61208e-28
3.42175e-11 3.9356e-30 2.57214e-28
3.43716e-11 3.87863e-30 2.53279e-28
3.45264e-11 3.82249e-30 2.494e-28
3.46819e-11 3.76718e-30 2.45578e-28
3.48381e-11 3.71268e-30 2.41811e-28
3.4995e-11 3.65898e-30 2.38098e-28
3.51526e-11 3.60607e-30 2.34439e-28
3.53109e-11 3.55393e-30 2.30833e-28
3.54699e-11 3.50256e-30 2.27279e-28
3.56297e-11 3.45194e-30 2.23776e-28
3.57901e-11 3.40207e-30 2.20324e-28
3.59513e-11 3.35293e-30 2.16922e-28
3.61132e-11 3.3045e-30 2.13569e-28
3.62759e-11 3.25679e-30 2.10265e-28
3.64393e-11 3.20978e-30 2.07008e-28
3.66034e-11 3.16345e-30 2.03798e-28
3.67682e-11 3.11781e-30 2.00635e-28
3.69338e-11 3.07283e-30 1.97517e-28
3.71002e-11 3.02852e-30 1.94444e-28
3.72672e-11 2.98485e-30 1.91416e-28
3.74351e-11 2.94182e-30 1.88431e-28
3.76037e-11 2.89943e-30 1.85489e-28
3.7773e-11 2.85765e-30 1.8259e-28
3.79432e-11 2.81649e-30 1.79732e-28
3.8114e-11 2.77593e-30 1.76915e-28
3.82857e-11 2.73596e-30 1.7414e-28
3.84581e-11 2.69658e-30 1.71404e-28
3.86313e-11 2.65777e-30 1.68707e-28
3.88053e-11 2.61954e-30 1.66049e-28
3.89801e-11 2.58186e-30 1.6343e-28
3.91556e-11 2.54473e-30 1.60848e-28
3.9332e-11 2.50815e-30 1.58303e-28
3.95091e-11 2.4721e-30 1.55795e-28
3.96871e-11 2.43658e-30 1.53323e-28
3.98658e-11 2.40158e-30 1.50886e-28
4.00453e-11 2.36709e-30 1.48485e-28
4.02257e-11 2.33311e-30 1.46118e-28
4.04069e-11 2.29962e-30 1.43784e-28
4.05888e-11 2.26663e-30 1.41485e-28
4.07716e-11 2.23411e-30 1.39218e-28
4.09553e-11 2.20207e-30 1.36984e-28
4.11397e-11 2.1705e-30 1.34782e-28
4.1325e-11 2.13939e-30 1.32612e-28
4.15111e-11 2.10873e-30 1.30472e-28
4.16981e-11 2.07852e-30 1.28363e-28
4.18859e-11 2.04876e-30 1.26285e-28
4.20745e-11 2.01943e-30 1.24236e-28
4.2264e-11 1.99052e-30 1.22217e-28
4.24543e-11 1.96204e-30 1.20226e-28
4.26455e-11 1.93397e-30 1.18264e-28
4.28376e-11 1.90632e-30 1.1633e-28
4.30305e-11 1.87906e-30 1.14424e-28
4.32243e-11 1.85221e-30 1.12545e-28
4.3419e-11 1.82574e-30 1.10693e-28
4.36146e-11 1.79966e-30 1.08867e-28
4.3811e-11 1.77397e-30 1.07067e-28
4.40083e-11 1.74864e-30 1.05293e-28
4.42065e-11 1.72369e-30 1.03545e-28
4.44056e-11 1.6991e-30 1.01821e-28
4.46056e-11 1.67486e-30 1.00122e-28
4.48065e-11 1.65099e-30 9.84469e-29
4.50083e-11 1.62745e-30 9.67959e-29
4.5211e-11 1.60426e-30 9.51685e-29
4.54146e-11 1.58141e-30 9.35642e-29
4.56191e-11 1.55889e-30 9.19828e-29
4.58246e-11 1.5367e-30 9.04239e-29
4.6031e-11 1.51483e-30 8.88872e-29
4.62383e-11 1.49328e-30 8.73724e-29
4.64465e-11 1.47205e-30 8.58791e-29
4.66557e-11 1.45112e-30 8.44071e-29
4.68658e-11 1.4305e-30 8.29559e-29
4.70769e-11 1.41017e-30 8.15254e-29
4.72889e-11 1.39014e-30 8.01153e-29
4.75019e-11 1.3704e-30 7.87251e-29
4.77158e-11 1.35095e-30 7.73547e-29
4.79307e-11 1.33178e-30 7.60038e-29
4.81466e-11 1.31289e-30 7.4672e-29
4.83634e-11 1.29428e-30 7.33591e-29
4.85812e-11 1.27593e-30 7.20648e-29
4.88e-11 1.25785e-30 7.07889e-29
4.90198e-11 1.24004e-30 6.9531e-29
4.92406e-11 1.22248e-30 6.8291e-29
4.94623e-11 1.20517e-30 6.70685e-29
4.96851e-11 1.18812e-30 6.58633e-29
4.99089e-11 1.17131e-30 6.46752e-29
5.01336e-11 1.15475e-30 6.35039e-29
5.03594e-11 1.13843e-30 6.23492e-29
5.05862e-11 1.12234e-30 6.12107e-29
5.08141e-11 1.10649e-30 6.00884e-29
5.10429e-11 1.09086e-30 5.89819e-29
5.12728e-11 1.07546e-30 5.78911e-29
5.15037e-11 1.06029e-30 5.68156e-29
5.17357e-11 1.04533e-30 5.57553e-29
5.19687e-11 1.03059e-30 5.471e-29
5.22027e-11 1.01607e-30 5.36794e-29
5.24378e-11 1.00175e-30 5.26633e-29
5.2674e-11 9.8764e-31 5.16616e-29
5.29112e-11 9.73734e-31 5.06739e-29
5.31495e-11 9.60029e-31 4.97002e-29
5.33889e-11 9.46522e-31 4.87402e-29
5.36293e-11 9.33209e-31 4.77936e-29
5.38709e-11 9.20089e-31 4.68604e-29
5.41135e-11 9.07159e-31 4.59403e-29
5.43572e-11 8.94415e-31 4.50332e-29
5.4602e-11 8.81854e-31 4.41388e-29
5.48479e-11 8.69475e-31 4.32569e-29
5.50949e-11 8.57274e-31 4.23874e-29
5.53431e-11 8.45248e-31 4.15302e-29
5.55923e-11 8.33396e-31 4.06849e-29
5.58427e-11 8.21715e-31 3.98515e-29
5.60942e-11 8.10202e-31 3.90298e-29
5.63468e-11 7.98854e-31 3.82196e-29
5.66006e-11 7.8767e-31 3.74208e-29
5.68555e-11 7.76647e-31 3.66331e-29
5.71116e-11 7.65782e-31 3.58564e-29
5.73688e-11 7.55073e-31 3.50907e-29
5.76272e-11 7.44518e-31 3.43356e-29
5.78867e-11 7.34115e-31 3.35911e-29
5.81474e-11 7.23861e-31 3.28569e-29
5.84093e-11 7.13755e-31 3.21331e-29
5.86723e-11 7.03793e-31 3.14193e-29
5.89366e-11 6.93975e-31 3.07155e-29
5.9202e-11 6.84297e-31 3.00216e-29
5.94686e-11 6.74758e-31 2.93373e-29
5.97365e-11 6.65356e-31 2.86625e-29
6.00055e-11 6.56089e-31 2.79971e-29
6.02758e-11 6.46954e-31 2.73411e-29
6.05472e-11 6.3795e-31 2.66941e-29
6.08199e-11 6.29076e-31 2.60562e-29
6.10938e-11 6.20328e-31 2.54271e-29
6.1369e-11 6.11705e-31 2.48068e-29
6.16454e-11 6.03206e-31 2.4195e-29
6.1923e-11 5.94828e-31 2.35918e-29
6.22019e-11 5.8657e-31 2.2997e-29
6.2482e-11 5.7843e-31 2.24104e-29
6.27634e-11 5.70406e-31 2.1832e-29
6.30461e-11 5.62497e-31 2.12616e-29
6.333e-11 5.54701e-31 2.06991e-29
6.36152e-11 5.47016e-31 2.01444e-29
6.39017e-11 5.39441e-31 1.95974e-29
6.41895e-11 5.31973e-31 1.9058e-29
6.44786e-11 5.24613e-31 1.8526e-29
6.4769e-11 5.17357e-31 1.80014e-29
6.50607e-11 5.10204e-31 1.7484e-29
6.53537e-11 5.03154e-31 1.69738e-29
6.56481e-11 4.96203e-31 1.64707e-29
6.59437e-11 4.89352e-31 1.59744e-29
6.62407e-11 4.82598e-31 1.54851e-29
6.65391e-11 4.7594e-31 1.50025e-29
6.68387e-11 4.69377e-31 1.45266e-29
6.71398e-11 4.62907e-31 1.40572e-29
6.74421e-11 4.5653e-31 1.35943e-29
6.77459e-11 4.50242e-31 1.31377e-29
6.8051e-11 4.44044e-31 1.26875e-29
6.83575e-11 4.37934e-31 1.22435e-29
6.86653e-11 4.31911e-31 1.18055e-29
6.89746e-11 4.25973e-31 1.13736e-29
6.92852e-11 4.20119e-31 1.09476e-29
6.95973e-11 4.14348e-31 1.05275e-29
6.99107e-11 4.08659e-31 1.01132e-29
7.02256e-11 4.03051e-31 9.70451e-30
7.05418e-11 3.97522e-31 9.30146e-30
7.08595e-11 3.92071e-31 8.90394e-30
7.11787e-11 3.86698e-31 8.51187e-30
7.14992e-11 3.814e-31 8.12517e-30
7.18212e-11 3.76177e-31 7.74377e-30
7.21447e-11 3.71028e-31 7.36759e-30
7.24696e-11 3.65952e-31 6.99657e-30
7.2796e-11 3.60947e-31 6.63061e-30
7.31239e-11 3.56013e-31 6.26967e-30
7.34532e-11 3.51149e-31 5.91365e-30
7.3784e-11 3.46353e-31 5.5625e-30
7.41163e-11 3.41625e-31 5.21615e-30
7.44501e-11 3.36964e-31 4.87453e-30
7.47854e-11 3.32368e-31 4.53756e-30
7.51222e-11 3.27837e-31 4.20519e-30
7.54605e-11 3.2337e-31 3.87736e-30
7.58004e-11 3.18965e-31 3.55399e-30
7.61418e-11 3.14623e-31 3.23502e-30
7.64847e-11 3.10341e-31 2.9204e-30
7.68292e-11 3.0612e-31 2.61006e-30
7.71752e-11 3.01958e-31 2.30394e-30
7.75228e-11 2.97855e-31 2.00198e-30
7.78719e-11 2.93809e-31 1.70412e-30
7.82226e-11 2.8982e-31 1.41032e-30
7.85749e-11 2.85887e-31 1.1205e-30
7.89288e-11 2.82009e-31 8.34609e-31
7.92842e-11 2.78185e-31 5.526e-31
7.96413e-11 2.74415e-31 2.74415e-31
