1e-14 0 1.47319e-55
1.0045e-14 0 1.47319e-55
1.00903e-14 0 1.47319e-55
1.01357e-14 0 1.47319e-55
1.01814e-14 0 1.47319e-55
1.02272e-14 0 1.47319e-55
1.02733e-14 0 1.47319e-55
1.03196e-14 0 1.47319e-55
1.0366e-14 0 1.47319e-55
1.04127e-14 0 1.47319e-55
1.04596e-14 0 1.47319e-55
1.05067e-14 0 1.47319e-55
1.0554e-14 0 1.47319e-55
1.06016e-14 0 1.47319e-55
1.06493e-14 0 1.47319e-55
1.06973e-14 0 1.47319e-55
1.07455e-14 0 1.47319e-55
1.07938e-14 0 1.47319e-55
1.08425e-14 0 1.47319e-55
1.08913e-14 0 1.47319e-55
1.09403e-14 0 1.47319e-55
1.09896e-14 0 1.47319e-55
1.10391e-14 0 1.47319e-55
1.10888e-14 0 1.47319e-55
1.11388e-14 0 1.47319e-55
1.11889e-14 0 1.47319e-55
1.12393e-14 0 1.47319e-55
1.12899e-14 0 1.47319e-55
1.13408e-14 0 1.47319e-55
1.13919e-14 0 1.47319e-55
1.14432e-14 0 1.47319e-55
1.14947e-14 0 1.47319e-55
1.15465e-14 0 1.47319e-55
1.15985e-14 0 1.47319e-55
1.16507e-14 0 1.47319e-55
1.17032e-14 0 1.47319e-55
1.17559e-14 0 1.47319e-55
1.18088e-14 0 1.47319e-55
1.1862e-14 0 1.47319e-55
1.19154e-14 0 1.47319e-55
1.19691e-14 0 1.47319e-55
1.2023e-14 0 1.47319e-55
1.20772e-14 0 1.47319e-55
1.21316e-14 0 1.47319e-55
1.21862e-14 0 1.47319e-55
1.22411e-14 0 1.47319e-55
1.22962e-14 0 1.47319e-55
1.23516e-14 0 1.47319e-55
1.24072e-14 0 1.47319e-55
1.24631e-14 0 1.47319e-55
1.25192e-14 0 1.47319e-55
1.25756e-14 0 1.47319e-55
1.26322e-14 0 1.47319e-55
1.26891e-14 0 1.47319e-55
1.27463e-14 0 1.47319e-55
1.28037e-14 0 1.47319e-55
1.28613e-14 0 1.47319e-55
1.29193e-14 0 1.47319e-55
1.29775e-14 0 1.47319e-55
1.30359e-14 0 1.47319e-55
1.30946e-14 0 1.47319e-55
1.31536e-14 0 1.47319e-55
1.32128e-14 0 1.47319e-55
1.32723e-14 0 1.47319e-55
1.33321e-14 0 1.47319e-55
1.33922e-14 0 1.47319e-55
1.34525e-14 0 1.47319e-55
1.35131e-14 0 1.47319e-55
1.35739e-14 0 1.47319e-55
1.3635e-14 0 1.47319e-55
1.36965e-14 0 1.47319e-55
1.37581e-14 0 1.47319e-55
1.38201e-14 0 1.47319e-55
1.38823e-14 0 1.47319e-55
1.39449e-14 0 1.47319e-55
1.40077e-14 0 1.47319e-55
1.40708e-14 0 1.47319e-55
1.41341e-14 0 1.47319e-55
1.41978e-14 0 1.47319e-55
1.42617e-14 0 1.47319e-55
1.4326e-14 0 1.47319e-55
1.43905e-14 0 1.47319e-55
1.44553e-14 0 1.47319e-55
1.45204e-14 0 1.47319e-55
1.45858e-14 0 1.47319e-55
1.46515e-14 0 1.47319e-55
1.47175e-14 0 1.47319e-55
1.47837e-14 0 1.47319e-55
1.48503e-14 0 1.47319e-55
1.49172e-14 0 1.47319e-55
1.49844e-14 0 1.47319e-55
1.50519e-14 0 1.47319e-55
1.51197e-14 0 1.47319e-55
1.51878e-14 0 1.47319e-55
1.52562e-14 0 1.47319e-55
1.53249e-14 0 1.47319e-55
1.53939e-14 0 1.47319e-55
1.54632e-14 0 1.47319e-55
1.55329e-14 0 1.47319e-55
1.56028e-14 0 1.47319e-55
1.56731e-14 0 1.47319e-55
1.57437e-14 0 1.47319e-55
1.58146e-14 0 1.47319e-55
1.58858e-14 0 1.47319e-55
1.59573e-14 0 1.47319e-55
1.60292e-14 0 1.47319e-55
1.61014e-14 0 1.47319e-55
1.61739e-14 0 1.47319e-55
1.62468e-14 0 1.47319e-55
1.63199e-14 0 1.47319e-55
1.63934e-14 0 1.47319e-55
1.64673e-14 0 1.47319e-55
1.65414e-14 0 1.47319e-55
1.66159e-14 0 1.47319e-55
1.66908e-14 0 1.47319e-55
1.67659e-14 0 1.47319e-55
1.68414e-14 0 1.47319e-55
1.69173e-14 0 1.47319e-55
1.69935e-14 0 1.47319e-55
1.707e-14 0 1.47319e-55
1.71469e-14 0 1.47319e-55
1.72241e-14 0 1.47319e-55
1.73017e-14 0 1.47319e-55
1.73796e-14 0 1.47319e-55
1.74579e-14 0 1.47319e-55
1.75365e-14 0 1.47319e-55
1.76155e-14 0 1.47319e-55
1.76948e-14 0 1.47319e-55
1.77745e-14 0 1.47319e-55
1.78546e-14 0 1.47319e-55
1.7935e-14 0 1.47319e-55
1.80158e-14 0 1.47319e-55
1.80969e-14 0 1.47319e-55
1.81784e-14 0 1.47319e-55
1.82603e-14 0 1.47319e-55
1.83425e-14 0 1.47319e-55
1.84251e-14 0 1.47319e-55
1.85081e-14 0 1.47319e-55
1.85914e-14 0 1.47319e-55
1.86752e-14 0 1.47319e-55
1.87593e-14 0 1.47319e-55
1.88438e-14 0 1.47319e-55
1.89286e-14 0 1.47319e-55
1.90139e-14 0 1.47319e-55
1.90995e-14 0 1.47319e-55
1.91855e-14 0 1.47319e-55
1.92719e-14 0 1.47319e-55
1.93587e-14 0 1.47319e-55
1.94459e-14 0 1.47319e-55
1.95335e-14 0 1.47319e-55
1.96215e-14 0 1.47319e-55
1.97098e-14 0 1.47319e-55
1.97986e-14 0 1.47319e-55
1.98878e-14 0 1.47319e-55
1.99774e-14 0 1.47319e-55
2.00673e-14 0 1.47319e-55
2.01577e-14 0 1.47319e-55
2.02485e-14 0 1.47319e-55
2.03397e-14 0 1.47319e-55
2.04313e-14 0 1.47319e-55
2.05233e-14 0 1.47319e-55
2.06157e-14 0 1.47319e-55
2.07086e-14 0 1.47319e-55
2.08018e-14 0 1.47319e-55
2.08955e-14 0 1.47319e-55
2.09896e-14 0 1.47319e-55
2.10842e-14 0 1.47319e-55
2.11791e-14 0 1.47319e-55
2.12745e-14 5.46786e-73 1.47319e-55
2.13703e-14 1.99916e-72 1.47319e-55
2.14666e-14 3.07086e-72 1.47319e-55
2.15632e-14 4.1431e-72 1.47319e-55
2.16604e-14 4.8236e-72 1.47319e-55
2.17579e-14 6.93678e-72 1.47319e-55
2.18559e-14 1.1099e-71 1.47319e-55
2.19543e-14 1.40051e-71 1.47319e-55
2.20532e-14 2.1127e-71 1.47319e-55
2.21525e-14 2.71964e-71 1.47319e-55
2.22523e-14 3.15692e-71 1.47319e-55
2.23525e-14 3.7721e-71 1.47319e-55
2.24532e-14 4.55929e-71 1.47319e-55
2.25543e-14 5.10834e-71 1.47319e-55
2.26559e-14 5.66452e-71 1.47319e-55
2.27579e-14 6.44481e-71 1.47319e-55
2.28604e-14 7.01682e-71 1.47319e-55
2.29634e-14 7.75868e-71 1.47319e-55
2.30668e-14 8.23909e-71 1.47319e-55
2.31707e-14 8.84073e-71 1.47319e-55
2.3275e-14 9.50468e-71 1.47319e-55
2.33799e-14 1.00903e-70 1.47319e-55
2.34852e-14 1.07845e-70 1.47319e-55
2.35909e-14 1.12856e-70 1.47319e-55
2.36972e-14 1.20629e-70 1.47319e-55
2.38039e-14 1.29363e-70 1.47319e-55
2.39111e-14 1.38641e-70 1.47319e-55
2.40188e-14 1.47832e-70 1.47319e-55
2.4127e-14 1.61447e-70 1.47319e-55
2.42356e-14 1.72042e-70 1.47319e-55
2.43448e-14 1.8421e-70 1.47319e-55
2.44544e-14 1.97558e-70 1.47319e-55
2.45646e-14 2.09185e-70 1.47319e-55
2.46752e-14 2.23544e-70 1.47319e-55
2.47863e-14 2.39342e-70 1.47319e-55
2.4898e-14 2.54836e-70 1.47319e-55
2.50101e-14 2.72126e-70 1.47319e-55
2.51227e-14 2.86067e-70 1.47319e-55
2.52359e-14 3.02442e-70 1.47319e-55
2.53495e-14 3.24077e-70 1.47319e-55
2.54637e-14 3.45119e-70 1.47319e-55
2.55784e-14 3.63236e-70 1.47319e-55
2.56936e-14 3.84374e-70 1.47319e-55
2.58093e-14 4.11459e-70 1.47319e-55
2.59255e-14 4.3153e-70 1.47319e-55
2.60423e-14 4.60785e-70 1.47319e-55
2.61596e-14 4.86018e-70 1.47319e-55
2.62774e-14 5.17591e-70 1.47319e-55
2.63957e-14 5.49668e-70 1.47319e-55
2.65146e-14 5.84171e-70 1.47319e-55
2.6634e-14 6.18682e-70 1.47319e-55
2.6754e-14 6.49548e-70 1.47319e-55
2.68745e-14 6.86127e-70 1.47319e-55
2.69955e-14 7.26736e-70 1.47319e-55
2.71171e-14 7.6035e-70 1.47319e-55
2.72392e-14 8.02307e-70 1.47319e-55
2.73619e-14 8.45447e-70 1.47319e-55
2.74851e-14 8.88232e-70 1.47319e-55
2.76089e-14 9.35111e-70 1.47319e-55
2.77332e-14 9.85332e-70 1.47319e-55
2.78581e-14 1.03758e-69 1.47319e-55
2.79836e-14 1.08745e-69 1.47319e-55
2.81096e-14 1.14657e-69 1.47319e-55
2.82362e-14 1.20373e-69 1.47319e-55
2.83634e-14 1.26433e-69 1.47319e-55
2.84912e-14 1.32544e-69 1.47319e-55
2.86195e-14 1.40281e-69 1.47319e-55
2.87484e-14 1.47481e-69 1.47319e-55
2.88778e-14 1.55369e-69 1.47319e-55
2.90079e-14 1.63665e-69 1.47319e-55
2.91385e-14 1.71992e-69 1.47319e-55
2.92698e-14 1.80635e-69 1.47319e-55
2.94016e-14 1.90216e-69 1.47319e-55
2.9534e-14 1.99697e-69 1.47319e-55
2.9667e-14 2.09653e-69 1.47319e-55
2.98006e-14 2.2059e-69 1.47319e-55
2.99348e-14 2.31453e-69 1.47319e-55
3.00697e-14 2.43068e-69 1.47319e-55
3.02051e-14 2.55413e-69 1.47319e-55
3.03411e-14 2.68017e-69 1.47319e-55
3.04778e-14 2.81776e-69 1.47319e-55
3.0615e-14 2.96144e-69 1.47319e-55
3.07529e-14 3.11444e-69 1.47319e-55
3.08914e-14 3.26616e-69 1.47319e-55
3.10305e-14 3.43148e-69 1.47319e-55
3.11703e-14 3.60188e-69 1.47319e-55
3.13107e-14 3.77785e-69 1.47319e-55
3.14517e-14 3.97062e-69 1.47319e-55
3.15933e-14 4.17489e-69 1.47319e-55
3.17356e-14 4.3861e-69 1.47319e-55
3.18786e-14 4.60087e-69 1.47319e-55
3.20221e-14 4.83507e-69 1.47319e-55
3.21663e-14 5.07673e-69 1.47319e-55
3.23112e-14 5.33646e-69 1.47319e-55
3.24567e-14 5.59857e-69 1.47319e-55
3.26029e-14 5.87603e-69 1.47319e-55
3.27497e-14 6.16422e-69 1.47319e-55
3.28972e-14 6.47735e-69 1.47319e-55
3.30454e-14 6.79295e-69 1.47319e-55
3.31942e-14 7.12918e-69 1.47319e-55
3.33437e-14 7.47803e-69 1.47319e-55
3.34939e-14 7.84845e-69 1.47319e-55
3.36447e-14 8.23227e-69 1.47319e-55
3.37963e-14 8.62495e-69 1.47319e-55
3.39485e-14 9.04002e-69 1.47319e-55
3.41014e-14 9.47562e-69 1.47319e-55
3.42549e-14 9.93776e-69 1.47319e-55
3.44092e-14 1.04187e-68 1.47319e-55
3.45642e-14 1.09199e-68 1.47319e-55
3.47199e-14 1.14397e-68 1.47319e-55
3.48762e-14 1.1998e-68 1.47319e-55
3.50333e-14 1.25671e-68 1.47319e-55
3.51911e-14 1.31738e-68 1.47319e-55
3.53496e-14 1.37926e-68 1.47319e-55
3.55088e-14 1.44444e-68 1.47319e-55
3.56687e-14 1.51317e-68 1.47319e-55
3.58293e-14 1.58646e-68 1.47319e-55
3.59907e-14 1.66108e-68 1.47319e-55
3.61528e-14 1.73982e-68 1.47319e-55
3.63156e-14 1.82271e-68 1.47319e-55
3.64792e-14 1.90858e-68 1.47319e-55
3.66435e-14 1.99909e-68 1.47319e-55
3.68085e-14 2.09359e-68 1.47319e-55
3.69743e-14 2.19249e-68 1.47319e-55
3.71408e-14 2.2951e-68 1.47319e-55
3.73081e-14 2.40398e-68 1.47319e-55
3.74761e-14 2.51699e-68 1.47319e-55
3.76449e-14 2.6353e-68 1.47319e-55
3.78144e-14 2.75857e-68 1.47319e-55
3.79847e-14 2.88912e-68 1.47319e-55
3.81558e-14 3.02398e-68 1.47319e-55
3.83276e-14 3.1658e-68 1.47319e-55
3.85002e-14 3.31321e-68 1.47319e-55
3.86736e-14 3.46751e-68 1.47319e-55
3.88478e-14 3.62925e-68 1.47319e-55
3.90228e-14 3.79866e-68 1.47319e-55
3.91985e-14 3.97455e-68 1.47319e-55
3.93751e-14 4.15942e-68 1.47319e-55
3.95524e-14 4.35292e-68 1.47319e-55
3.97305e-14 4.55357e-68 1.47319e-55
3.99095e-14 4.76477e-68 1.47319e-55
4.00892e-14 4.98395e-68 1.47319e-55
4.02698e-14 5.21487e-68 1.47319e-55
4.04511e-14 5.45524e-68 1.47319e-55
4.06333e-14 5.70652e-68 1.47319e-55
4.08163e-14 5.96833e-68 1.47319e-55
4.10001e-14 6.24329e-68 1.47319e-55
4.11848e-14 6.52977e-68 1.47319e-55
4.13703e-14 6.82845e-68 1.47319e-55
4.15566e-14 7.14214e-68 1.47319e-55
4.17437e-14 7.46901e-68 1.47319e-55
4.19317e-14 7.81016e-68 1.47319e-55
4.21206e-14 8.1662e-68 1.47319e-55
4.23103e-14 8.53901e-68 1.47319e-55
4.25008e-14 8.92761e-68 1.47319e-55
4.26922e-14 9.33389e-68 1.47319e-55
4.28845e-14 9.75782e-68 1.47319e-55
4.30777e-14 1.02017e-67 1.47319e-55
4.32717e-14 1.06633e-67 1.47319e-55
4.34666e-14 1.11469e-67 1.47319e-55
4.36623e-14 1.16519e-67 1.47319e-55
4.3859e-14 1.21784e-67 1.47319e-55
4.40565e-14 1.27281e-67 1.47319e-55
4.42549e-14 1.33023e-67 1.47319e-55
4.44542e-14 1.39019e-67 1.47319e-55
4.46544e-14 1.45276e-67 1.47319e-55
4.48555e-14 1.51811e-67 1.47319e-55
4.50575e-14 1.58621e-67 1.47319e-55
4.52605e-14 1.65748e-67 1.47319e-55
4.54643e-14 1.73171e-67 1.47319e-55
4.56691e-14 1.80927e-67 1.47319e-55
4.58748e-14 1.89015e-67 1.47319e-55
4.60814e-14 1.97458e-67 1.47319e-55
4.62889e-14 2.0627e-67 1.47319e-55
4.64974e-14 2.15464e-67 1.47319e-55
4.67068e-14 2.25054e-67 1.47319e-55
4.69171e-14 2.35064e-67 1.47319e-55
4.71284e-14 2.45504e-67 1.47319e-55
4.73407e-14 2.56392e-67 1.47319e-55
4.75539e-14 2.67758e-67 1.47319e-55
4.77681e-14 2.79611e-67 1.47319e-55
4.79832e-14 2.91973e-67 1.47319e-55
4.81993e-14 3.04877e-67 1.47319e-55
4.84164e-14 3.18327e-67 1.47319e-55
4.86344e-14 3.32366e-67 1.47319e-55
4.88535e-14 3.46999e-67 1.47319e-55
4.90735e-14 3.62257e-67 1.47319e-55
4.92945e-14 3.78178e-67 1.47319e-55
4.95165e-14 3.9477e-67 1.47319e-55
4.97395e-14 4.12079e-67 1.47319e-55
4.99635e-14 4.30125e-67 1.47319e-55
5.01886e-14 4.48941e-67 1.47319e-55
5.04146e-14 4.68554e-67 1.47319e-55
5.06416e-14 4.89005e-67 1.47319e-55
5.08697e-14 5.10319e-67 1.47319e-55
5.10988e-14 5.32542e-67 1.47319e-55
5.13289e-14 5.55699e-67 1.47319e-55
5.15601e-14 5.79842e-67 1.47319e-55
5.17923e-14 6.05009e-67 1.47319e-55
5.20256e-14 6.31237e-67 1.47319e-55
5.22599e-14 6.58565e-67 1.47319e-55
5.24953e-14 6.87045e-67 1.47319e-55
5.27317e-14 7.16735e-67 1.47319e-55
5.29692e-14 7.47661e-67 1.47319e-55
5.32077e-14 7.79891e-67 1.47319e-55
5.34474e-14 8.1348e-67 1.47319e-55
5.36881e-14 8.48463e-67 1.47319e-55
5.39299e-14 8.84909e-67 1.47319e-55
5.41728e-14 9.22891e-67 1.47319e-55
5.44167e-14 9.62451e-67 1.47319e-55
5.46618e-14 1.00366e-66 1.47319e-55
5.4908e-14 1.04658e-66 1.47319e-55
5.51553e-14 1.0913e-66 1.47319e-55
5.54037e-14 1.13786e-66 1.47319e-55
5.56532e-14 1.18636e-66 1.47319e-55
5.59039e-14 1.23687e-66 1.47319e-55
5.61556e-14 1.28947e-66 1.47319e-55
5.64085e-14 1.34424e-66 1.47319e-55
5.66626e-14 1.40127e-66 1.47319e-55
5.69178e-14 1.46066e-66 1.47319e-55
5.71741e-14 1.52249e-66 1.47319e-55
5.74316e-14 1.58687e-66 1.47319e-55
5.76903e-14 1.6539e-66 1.47319e-55
5.79501e-14 1.72367e-66 1.47319e-55
5.82111e-14 1.79631e-66 1.47319e-55
5.84732e-14 1.87191e-66 1.47319e-55
5.87366e-14 1.95061e-66 1.47319e-55
5.90011e-14 2.03253e-66 1.47319e-55
5.92668e-14 2.11779e-66 1.47319e-55
5.95338e-14 2.20653e-66 1.47319e-55
5.98019e-14 2.29886e-66 1.47319e-55
6.00712e-14 2.39496e-66 1.47319e-55
6.03418e-14 2.49496e-66 1.47319e-55
6.06135e-14 2.59902e-66 1.47319e-55
6.08865e-14 2.70728e-66 1.47319e-55
6.11607e-14 2.81993e-66 1.47319e-55
6.14362e-14 2.93713e-66 1.47319e-55
6.17129e-14 3.05906e-66 1.47319e-55
6.19908e-14 3.1859e-66 1.47319e-55
6.227e-14 3.31785e-66 1.47319e-55
6.25504e-14 3.4551e-66 1.47319e-55
6.28321e-14 3.59787e-66 1.47319e-55
6.31151e-14 3.74637e-66 1.47319e-55
6.33994e-14 3.9008e-66 1.47319e-55
6.36849e-14 4.06142e-66 1.47319e-55
6.39717e-14 4.22846e-66 1.47319e-55
6.42598e-14 4.40216e-66 1.47319e-55
6.45492e-14 4.5828e-66 1.47319e-55
6.484e-14 4.77061e-66 1.47319e-55
6.5132e-14 4.9659e-66 1.47319e-55
6.54253e-14 5.16894e-66 1.47319e-55
6.572e-14 5.38004e-66 1.47319e-55
6.6016e-14 5.59949e-66 1.47319e-55
6.63133e-14 5.82764e-66 1.47319e-55
6.66119e-14 6.0648e-66 1.47319e-55
6.69119e-14 6.31131e-66 1.47319e-55
6.72133e-14 6.56754e-66 1.47319e-55
6.7516e-14 6.83387e-66 1.47319e-55
6.78201e-14 7.11065e-66 1.47319e-55
6.81255e-14 7.39832e-66 1.47319e-55
6.84323e-14 7.69726e-66 1.47319e-55
6.87405e-14 8.00792e-66 1.47319e-55
6.90501e-14 8.33072e-66 1.47319e-55
6.93611e-14 8.66614e-66 1.47319e-55
6.96735e-14 9.01465e-66 1.47319e-55
6.99873e-14 9.37674e-66 1.47319e-55
7.03025e-14 9.75293e-66 1.47319e-55
7.06191e-14 1.01437e-65 1.47319e-55
7.09371e-14 1.05497e-65 1.47319e-55
7.12566e-14 1.09715e-65 1.47319e-55
7.15775e-14 1.14095e-65 1.47319e-55
7.18999e-14 1.18645e-65 1.47319e-55
7.22237e-14 1.23371e-65 1.47319e-55
7.2549e-14 1.28279e-65 1.47319e-55
7.28757e-14 1.33376e-65 1.47319e-55
7.32039e-14 1.3867e-65 1.47319e-55
7.35336e-14 1.44167e-65 1.47319e-55
7.38648e-14 1.49874e-65 1.47319e-55
7.41975e-14 1.55801e-65 1.47319e-55
7.45316e-14 1.61955e-65 1.47319e-55
7.48673e-14 1.68344e-65 1.47319e-55
7.52045e-14 1.74976e-65 1.47319e-55
7.55432e-14 1.81862e-65 1.47319e-55
7.58834e-14 1.8901e-65 1.47319e-55
7.62252e-14 1.9643e-65 1.47319e-55
7.65685e-14 2.04132e-65 1.47319e-55
7.69133e-14 2.12126e-65 1.47319e-55
7.72597e-14 2.20423e-65 1.47319e-55
7.76076e-14 2.29034e-65 1.47319e-55
7.79572e-14 2.3797e-65 1.47319e-55
7.83083e-14 2.47244e-65 1.47319e-55
7.86609e-14 2.56867e-65 1.47319e-55
7.90152e-14 2.66853e-65 1.47319e-55
7.93711e-14 2.77214e-65 1.47319e-55
7.97285e-14 2.87964e-65 1.47319e-55
8.00876e-14 2.99117e-65 1.47319e-55
8.04483e-14 3.10688e-65 1.47319e-55
8.08106e-14 3.22691e-65 1.47319e-55
8.11746e-14 3.35143e-65 1.47319e-55
8.15402e-14 3.4806e-65 1.47319e-55
8.19074e-14 3.61457e-65 1.47319e-55
8.22763e-14 3.75354e-65 1.47319e-55
8.26468e-14 3.89766e-65 1.47319e-55
8.3019e-14 4.04713e-65 1.47319e-55
8.33929e-14 4.20214e-65 1.47319e-55
8.37685e-14 4.36289e-65 1.47319e-55
8.41458e-14 4.52958e-65 1.47319e-55
8.45247e-14 4.70242e-65 1.47319e-55
8.49054e-14 4.88163e-65 1.47319e-55
8.52878e-14 5.06744e-65 1.47319e-55
8.56719e-14 5.26008e-65 1.47319e-55
8.60578e-14 5.4598e-65 1.47319e-55
8.64453e-14 5.66683e-65 1.47319e-55
8.68347e-14 5.88145e-65 1.47319e-55
8.72257e-14 6.10391e-65 1.47319e-55
8.76186e-14 6.3345e-65 1.47319e-55
8.80132e-14 6.5735e-65 1.47319e-55
8.84096e-14 6.8212e-65 1.47319e-55
8.88077e-14 7.07791e-65 1.47319e-55
8.92077e-14 7.34395e-65 1.47319e-55
8.96095e-14 7.61963e-65 1.47319e-55
9.00131e-14 7.9053e-65 1.47319e-55
9.04184e-14 8.20131e-65 1.47319e-55
9.08257e-14 8.508e-65 1.47319e-55
9.12347e-14 8.82577e-65 1.47319e-55
9.16456e-14 9.15498e-65 1.47319e-55
9.20584e-14 9.49603e-65 1.47319e-55
9.2473e-14 9.84934e-65 1.47319e-55
9.28894e-14 1.02153e-64 1.47319e-55
9.33078e-14 1.05944e-64 1.47319e-55
9.3728e-14 1.09871e-64 1.47319e-55
9.41501e-14 1.13938e-64 1.47319e-55
9.45742e-14 1.1815e-64 1.47319e-55
9.50001e-14 1.22512e-64 1.47319e-55
9.54279e-14 1.2703e-64 1.47319e-55
9.58577e-14 1.31708e-64 1.47319e-55
9.62894e-14 1.36552e-64 1.47319e-55
9.67231e-14 1.41567e-64 1.47319e-55
9.71587e-14 1.4676e-64 1.47319e-55
9.75963e-14 1.52137e-64 1.47319e-55
9.80358e-14 1.57704e-64 1.47319e-55
9.84774e-14 1.63466e-64 1.47319e-55
9.89209e-14 1.69432e-64 1.47319e-55
9.93664e-14 1.75607e-64 1.47319e-55
9.98139e-14 1.81999e-64 1.47319e-55
1.00263e-13 1.88615e-64 1.47319e-55
1.00715e-13 1.95462e-64 1.47319e-55
1.01169e-13 2.02549e-64 1.47319e-55
1.01624e-13 2.09883e-64 1.47319e-55
1.02082e-13 2.17473e-64 1.47319e-55
1.02542e-13 2.25326e-64 1.47319e-55
1.03003e-13 2.33453e-64 1.47319e-55
1.03467e-13 2.41862e-64 1.47319e-55
1.03933e-13 2.50562e-64 1.47319e-55
1.04401e-13 2.59564e-64 1.47319e-55
1.04872e-13 2.68876e-64 1.47319e-55
1.05344e-13 2.7851e-64 1.47319e-55
1.05818e-13 2.88476e-64 1.47319e-55
1.06295e-13 2.98785e-64 1.47319e-55
1.06774e-13 3.09448e-64 1.47319e-55
1.07255e-13 3.20477e-64 1.47319e-55
1.07738e-13 3.31884e-64 1.47319e-55
1.08223e-13 3.43681e-64 1.47319e-55
1.0871e-13 3.55881e-64 1.47319e-55
1.092e-13 3.68498e-64 1.47319e-55
1.09692e-13 3.81544e-64 1.47319e-55
1.10186e-13 3.95034e-64 1.47319e-55
1.10682e-13 4.08983e-64 1.47319e-55
1.1118e-13 4.23405e-64 1.47319e-55
1.11681e-13 4.38315e-64 1.47319e-55
1.12184e-13 4.53729e-64 1.47319e-55
1.12689e-13 4.69665e-64 1.47319e-55
1.13197e-13 4.86137e-64 1.47319e-55
1.13707e-13 5.03165e-64 1.47319e-55
1.14219e-13 5.20765e-64 1.47319e-55
1.14733e-13 5.38957e-64 1.47319e-55
1.1525e-13 5.57758e-64 1.47319e-55
1.15769e-13 5.77189e-64 1.47319e-55
1.1629e-13 5.97269e-64 1.47319e-55
1.16814e-13 6.1802e-64 1.47319e-55
1.1734e-13 6.39463e-64 1.47319e-55
1.17869e-13 6.61619e-64 1.47319e-55
1.18399e-13 6.84512e-64 1.47319e-55
1.18933e-13 7.08165e-64 1.47319e-55
1.19468e-13 7.32602e-64 1.47319e-55
1.20006e-13 7.57848e-64 1.47319e-55
1.20547e-13 7.83928e-64 1.47319e-55
1.2109e-13 8.10868e-64 1.47319e-55
1.21635e-13 8.38696e-64 1.47319e-55
1.22183e-13 8.67439e-64 1.47319e-55
1.22733e-13 8.97127e-64 1.47319e-55
1.23286e-13 9.27788e-64 1.47319e-55
1.23841e-13 9.59454e-64 1.47319e-55
1.24399e-13 9.92156e-64 1.47319e-55
1.24959e-13 1.02592e-63 1.47319e-55
1.25522e-13 1.0608e-63 1.47319e-55
1.26087e-13 1.0968e-63 1.47319e-55
1.26655e-13 1.13398e-63 1.47319e-55
1.27226e-13 1.17236e-63 1.47319e-55
1.27799e-13 1.21199e-63 1.47319e-55
1.28374e-13 1.2529e-63 1.47319e-55
1.28952e-13 1.29513e-63 1.47319e-55
1.29533e-13 1.33872e-63 1.47319e-55
1.30116e-13 1.38372e-63 1.47319e-55
1.30702e-13 1.43017e-63 1.47319e-55
1.31291e-13 1.4781e-63 1.47319e-55
1.31882e-13 1.52758e-63 1.47319e-55
1.32476e-13 1.57864e-63 1.47319e-55
1.33073e-13 1.63133e-63 1.47319e-55
1.33672e-13 1.6857e-63 1.47319e-55
1.34274e-13 1.74181e-63 1.47319e-55
1.34879e-13 1.7997e-63 1.47319e-55
1.35487e-13 1.85943e-63 1.47319e-55
1.36097e-13 1.92106e-63 1.47319e-55
1.3671e-13 1.98464e-63 1.47319e-55
1.37325e-13 2.05023e-63 1.47319e-55
1.37944e-13 2.1179e-63 1.47319e-55
1.38565e-13 2.18769e-63 1.47319e-55
1.39189e-13 2.25969e-63 1.47319e-55
1.39816e-13 2.33395e-63 1.47319e-55
1.40446e-13 2.41053e-63 1.47319e-55
1.41078e-13 2.48952e-63 1.47319e-55
1.41714e-13 2.57098e-63 1.47319e-55
1.42352e-13 2.65499e-63 1.47319e-55
1.42993e-13 2.74161e-63 1.47319e-55
1.43637e-13 2.83094e-63 1.47319e-55
1.44284e-13 2.92304e-63 1.47319e-55
1.44934e-13 3.018e-63 1.47319e-55
1.45586e-13 3.11591e-63 1.47319e-55
1.46242e-13 3.21684e-63 1.47319e-55
1.46901e-13 3.3209e-63 1.47319e-55
1.47562e-13 3.42816e-63 1.47319e-55
1.48227e-13 3.53873e-63 1.47319e-55
1.48894e-13 3.6527e-63 1.47319e-55
1.49565e-13 3.77017e-63 1.47319e-55
1.50239e-13 3.89124e-63 1.47319e-55
1.50915e-13 4.01602e-63 1.47319e-55
1.51595e-13 4.14461e-63 1.47319e-55
1.52278e-13 4.27712e-63 1.47319e-55
1.52963e-13 4.41367e-63 1.47319e-55
1.53652e-13 4.55437e-63 1.47319e-55
1.54344e-13 4.69935e-63 1.47319e-55
1.5504e-13 4.84872e-63 1.47319e-55
1.55738e-13 5.00262e-63 1.47319e-55
1.56439e-13 5.16116e-63 1.47319e-55
1.57144e-13 5.32449e-63 1.47319e-55
1.57851e-13 5.49274e-63 1.47319e-55
1.58562e-13 5.66605e-63 1.47319e-55
1.59277e-13 5.84456e-63 1.47319e-55
1.59994e-13 6.02843e-63 1.47319e-55
1.60714e-13 6.21779e-63 1.47319e-55
1.61438e-13 6.41282e-63 1.47319e-55
1.62165e-13 6.61366e-63 1.47319e-55
1.62896e-13 6.82049e-63 1.47319e-55
1.63629e-13 7.03347e-63 1.47319e-55
1.64366e-13 7.25277e-63 1.47319e-55
1.65106e-13 7.47856e-63 1.47319e-55
1.6585e-13 7.71104e-63 1.47319e-55
1.66597e-13 7.95039e-63 1.47319e-55
1.67347e-13 8.1968e-63 1.47319e-55
1.68101e-13 8.45046e-63 1.47319e-55
1.68858e-13 8.71158e-63 1.47319e-55
1.69619e-13 8.98036e-63 1.47319e-55
1.70382e-13 9.25702e-63 1.47319e-55
1.7115e-13 9.54177e-63 1.47319e-55
1.71921e-13 9.83483e-63 1.47319e-55
1.72695e-13 1.01364e-62 1.47319e-55
1.73473e-13 1.04468e-62 1.47319e-55
1.74254e-13 1.07662e-62 1.47319e-55
1.75039e-13 1.10949e-62 1.47319e-55
1.75827e-13 1.14331e-62 1.47319e-55
1.76619e-13 1.1781e-62 1.47319e-55
1.77414e-13 1.21391e-62 1.47319e-55
1.78213e-13 1.25074e-62 1.47319e-55
1.79016e-13 1.28863e-62 1.47319e-55
1.79822e-13 1.32761e-62 1.47319e-55
1.80632e-13 1.36771e-62 1.47319e-55
1.81446e-13 1.40895e-62 1.47319e-55
1.82263e-13 1.45137e-62 1.47319e-55
1.83084e-13 1.49501e-62 1.47319e-55
1.83908e-13 1.53988e-62 1.47319e-55
1.84736e-13 1.58603e-62 1.47319e-55
1.85568e-13 1.6335e-62 1.47319e-55
1.86404e-13 1.6823e-62 1.47319e-55
1.87244e-13 1.73249e-62 1.47319e-55
1.88087e-13 1.78409e-62 1.47319e-55
1.88934e-13 1.83715e-62 1.47319e-55
1.89785e-13 1.89169e-62 1.47319e-55
1.9064e-13 1.94778e-62 1.47319e-55
1.91498e-13 2.00543e-62 1.47319e-55
1.92361e-13 2.0647e-62 1.47319e-55
1.93227e-13 2.12562e-62 1.47318e-55
1.94097e-13 2.18824e-62 1.47318e-55
1.94972e-13 2.25261e-62 1.47318e-55
1.9585e-13 2.31876e-62 1.47318e-55
1.96732e-13 2.38676e-62 1.47318e-55
1.97618e-13 2.45663e-62 1.47318e-55
1.98508e-13 2.52844e-62 1.47318e-55
1.99402e-13 2.60222e-62 1.47318e-55
2.003e-13 2.67804e-62 1.47318e-55
2.01202e-13 2.75595e-62 1.47318e-55
2.02108e-13 2.836e-62 1.47318e-55
2.03018e-13 2.91824e-62 1.47318e-55
2.03933e-13 3.00272e-62 1.47318e-55
2.04851e-13 3.08952e-62 1.47318e-55
2.05774e-13 3.17868e-62 1.47318e-55
2.067e-13 3.27027e-62 1.47318e-55
2.07631e-13 3.36435e-62 1.47318e-55
2.08566e-13 3.46098e-62 1.47318e-55
2.09506e-13 3.56022e-62 1.47318e-55
2.10449e-13 3.66215e-62 1.47318e-55
2.11397e-13 3.76682e-62 1.47318e-55
2.12349e-13 3.87431e-62 1.47318e-55
2.13306e-13 3.9847e-62 1.47318e-55
2.14266e-13 4.09804e-62 1.47318e-55
2.15231e-13 4.21442e-62 1.47318e-55
2.16201e-13 4.3339e-62 1.47318e-55
2.17174e-13 4.45658e-62 1.47318e-55
2.18152e-13 4.58252e-62 1.47318e-55
2.19135e-13 4.71181e-62 1.47318e-55
2.20122e-13 4.84454e-62 1.47318e-55
2.21113e-13 4.98077e-62 1.47318e-55
2.22109e-13 5.12061e-62 1.47317e-55
2.23109e-13 5.26414e-62 1.47317e-55
2.24114e-13 5.41145e-62 1.47317e-55
2.25123e-13 5.56264e-62 1.47317e-55
2.26137e-13 5.71779e-62 1.47317e-55
2.27156e-13 5.877e-62 1.47317e-55
2.28179e-13 6.04038e-62 1.47317e-55
2.29206e-13 6.20803e-62 1.47317e-55
2.30239e-13 6.38004e-62 1.47317e-55
2.31276e-13 6.55652e-62 1.47317e-55
2.32317e-13 6.73759e-62 1.47317e-55
2.33364e-13 6.92334e-62 1.47317e-55
2.34415e-13 7.1139e-62 1.47317e-55
2.3547e-13 7.30937e-62 1.47317e-55
2.36531e-13 7.50989e-62 1.47317e-55
2.37596e-13 7.71555e-62 1.47317e-55
2.38666e-13 7.9265e-62 1.47316e-55
2.39741e-13 8.14285e-62 1.47316e-55
2.40821e-13 8.36473e-62 1.47316e-55
2.41905e-13 8.59227e-62 1.47316e-55
2.42995e-13 8.82561e-62 1.47316e-55
2.44089e-13 9.06488e-62 1.47316e-55
2.45188e-13 9.31022e-62 1.47316e-55
2.46293e-13 9.56177e-62 1.47316e-55
2.47402e-13 9.81969e-62 1.47316e-55
2.48516e-13 1.00841e-61 1.47316e-55
2.49635e-13 1.03552e-61 1.47316e-55
2.5076e-13 1.06331e-61 1.47315e-55
2.51889e-13 1.09179e-61 1.47315e-55
2.53023e-13 1.12099e-61 1.47315e-55
2.54163e-13 1.15092e-61 1.47315e-55
2.55308e-13 1.1816e-61 1.47315e-55
2.56458e-13 1.21304e-61 1.47315e-55
2.57613e-13 1.24526e-61 1.47315e-55
2.58773e-13 1.27827e-61 1.47315e-55
2.59938e-13 1.31211e-61 1.47315e-55
2.61109e-13 1.34678e-61 1.47314e-55
2.62285e-13 1.38231e-61 1.47314e-55
2.63466e-13 1.41871e-61 1.47314e-55
2.64653e-13 1.456e-61 1.47314e-55
2.65845e-13 1.49421e-61 1.47314e-55
2.67042e-13 1.53335e-61 1.47314e-55
2.68245e-13 1.57345e-61 1.47314e-55
2.69453e-13 1.61452e-61 1.47313e-55
2.70666e-13 1.65659e-61 1.47313e-55
2.71885e-13 1.69968e-61 1.47313e-55
2.7311e-13 1.74382e-61 1.47313e-55
2.7434e-13 1.78902e-61 1.47313e-55
2.75575e-13 1.83531e-61 1.47313e-55
2.76816e-13 1.88272e-61 1.47312e-55
2.78063e-13 1.93127e-61 1.47312e-55
2.79315e-13 1.98098e-61 1.47312e-55
2.80573e-13 2.03187e-61 1.47312e-55
2.81837e-13 2.08399e-61 1.47312e-55
2.83106e-13 2.13734e-61 1.47311e-55
2.84381e-13 2.19197e-61 1.47311e-55
2.85662e-13 2.24789e-61 1.47311e-55
2.86949e-13 2.30513e-61 1.47311e-55
2.88241e-13 2.36373e-61 1.4731e-55
2.89539e-13 2.42371e-61 1.4731e-55
2.90843e-13 2.4851e-61 1.4731e-55
2.92153e-13 2.54793e-61 1.4731e-55
2.93469e-13 2.61223e-61 1.47309e-55
2.9479e-13 2.67804e-61 1.47309e-55
2.96118e-13 2.74539e-61 1.47309e-55
2.97452e-13 2.8143e-61 1.47309e-55
2.98791e-13 2.88482e-61 1.47308e-55
3.00137e-13 2.95697e-61 1.47308e-55
3.01489e-13 3.03079e-61 1.47308e-55
3.02847e-13 3.10632e-61 1.47307e-55
3.0421e-13 3.18359e-61 1.47307e-55
3.05581e-13 3.26263e-61 1.47307e-55
3.06957e-13 3.34349e-61 1.47307e-55
3.08339e-13 3.42621e-61 1.47306e-55
3.09728e-13 3.51081e-61 1.47306e-55
3.11123e-13 3.59734e-61 1.47305e-55
3.12524e-13 3.68585e-61 1.47305e-55
3.13932e-13 3.77636e-61 1.47305e-55
3.15345e-13 3.86892e-61 1.47304e-55
3.16766e-13 3.96358e-61 1.47304e-55
3.18192e-13 4.06037e-61 1.47304e-55
3.19625e-13 4.15935e-61 1.47303e-55
3.21065e-13 4.26055e-61 1.47303e-55
3.22511e-13 4.36401e-61 1.47302e-55
3.23963e-13 4.4698e-61 1.47302e-55
3.25422e-13 4.57794e-61 1.47301e-55
3.26888e-13 4.68849e-61 1.47301e-55
3.2836e-13 4.8015e-61 1.47301e-55
3.29839e-13 4.91702e-61 1.473e-55
3.31324e-13 5.03509e-61 1.473e-55
3.32817e-13 5.15578e-61 1.47299e-55
3.34316e-13 5.27912e-61 1.47299e-55
3.35821e-13 5.40517e-61 1.47298e-55
3.37334e-13 5.53399e-61 1.47297e-55
3.38853e-13 5.66563e-61 1.47297e-55
3.40379e-13 5.80014e-61 1.47296e-55
3.41912e-13 5.93758e-61 1.47296e-55
3.43452e-13 6.07802e-61 1.47295e-55
3.44999e-13 6.2215e-61 1.47295e-55
3.46552e-13 6.36809e-61 1.47294e-55
3.48113e-13 6.51784e-61 1.47293e-55
3.49681e-13 6.67082e-61 1.47293e-55
3.51256e-13 6.82709e-61 1.47292e-55
3.52838e-13 6.98672e-61 1.47291e-55
3.54427e-13 7.14976e-61 1.47291e-55
3.56023e-13 7.31628e-61 1.4729e-55
3.57627e-13 7.48635e-61 1.47289e-55
3.59237e-13 7.66004e-61 1.47288e-55
3.60855e-13 7.83741e-61 1.47288e-55
3.6248e-13 8.01853e-61 1.47287e-55
3.64113e-13 8.20349e-61 1.47286e-55
3.65753e-13 8.39233e-61 1.47285e-55
3.674e-13 8.58515e-61 1.47284e-55
3.69055e-13 8.78201e-61 1.47284e-55
3.70717e-13 8.98299e-61 1.47283e-55
3.72386e-13 9.18816e-61 1.47282e-55
3.74063e-13 9.39761e-61 1.47281e-55
3.75748e-13 9.61141e-61 1.4728e-55
3.7744e-13 9.82964e-61 1.47279e-55
3.7914e-13 1.00524e-60 1.47278e-55
3.80848e-13 1.02797e-60 1.47277e-55
3.82563e-13 1.05117e-60 1.47276e-55
3.84286e-13 1.07485e-60 1.47275e-55
3.86017e-13 1.09902e-60 1.47274e-55
3.87755e-13 1.12367e-60 1.47273e-55
3.89502e-13 1.14883e-60 1.47272e-55
3.91256e-13 1.1745e-60 1.4727e-55
3.93018e-13 1.2007e-60 1.47269e-55
3.94788e-13 1.22742e-60 1.47268e-55
3.96566e-13 1.25468e-60 1.47267e-55
3.98352e-13 1.28249e-60 1.47266e-55
4.00146e-13 1.31087e-60 1.47264e-55
4.01948e-13 1.3398e-60 1.47263e-55
4.03758e-13 1.36932e-60 1.47262e-55
4.05577e-13 1.39943e-60 1.4726e-55
4.07403e-13 1.43014e-60 1.47259e-55
4.09238e-13 1.46145e-60 1.47257e-55
4.11081e-13 1.49339e-60 1.47256e-55
4.12933e-13 1.52596e-60 1.47255e-55
4.14792e-13 1.55917e-60 1.47253e-55
4.16661e-13 1.59303e-60 1.47251e-55
4.18537e-13 1.62756e-60 1.4725e-55
4.20422e-13 1.66276e-60 1.47248e-55
4.22315e-13 1.69865e-60 1.47247e-55
4.24217e-13 1.73524e-60 1.47245e-55
4.26128e-13 1.77254e-60 1.47243e-55
4.28047e-13 1.81056e-60 1.47241e-55
4.29975e-13 1.84931e-60 1.4724e-55
4.31911e-13 1.88882e-60 1.47238e-55
4.33857e-13 1.92908e-60 1.47236e-55
4.35811e-13 1.97011e-60 1.47234e-55
4.37773e-13 2.01193e-60 1.47232e-55
4.39745e-13 2.05455e-60 1.4723e-55
4.41725e-13 2.09798e-60 1.47228e-55
4.43715e-13 2.14223e-60 1.47226e-55
4.45713e-13 2.18732e-60 1.47224e-55
4.47721e-13 2.23326e-60 1.47221e-55
4.49737e-13 2.28007e-60 1.47219e-55
4.51762e-13 2.32776e-60 1.47217e-55
4.53797e-13 2.37634e-60 1.47215e-55
4.55841e-13 2.42583e-60 1.47212e-55
4.57894e-13 2.47624e-60 1.4721e-55
4.59956e-13 2.52759e-60 1.47207e-55
4.62028e-13 2.57989e-60 1.47205e-55
4.64108e-13 2.63316e-60 1.47202e-55
4.66199e-13 2.68741e-60 1.472e-55
4.68298e-13 2.74265e-60 1.47197e-55
4.70407e-13 2.79892e-60 1.47194e-55
4.72526e-13 2.85621e-60 1.47191e-55
4.74654e-13 2.91455e-60 1.47188e-55
4.76792e-13 2.97395e-60 1.47186e-55
4.78939e-13 3.03443e-60 1.47183e-55
4.81096e-13 3.096e-60 1.4718e-55
4.83263e-13 3.15868e-60 1.47176e-55
4.85439e-13 3.2225e-60 1.47173e-55
4.87626e-13 3.28746e-60 1.4717e-55
4.89822e-13 3.35358e-60 1.47167e-55
4.92028e-13 3.42089e-60 1.47163e-55
4.94244e-13 3.48939e-60 1.4716e-55
4.9647e-13 3.55911e-60 1.47156e-55
4.98705e-13 3.63007e-60 1.47153e-55
5.00952e-13 3.70228e-60 1.47149e-55
5.03208e-13 3.77576e-60 1.47146e-55
5.05474e-13 3.85054e-60 1.47142e-55
5.0775e-13 3.92662e-60 1.47138e-55
5.10037e-13 4.00403e-60 1.47134e-55
5.12334e-13 4.08279e-60 1.4713e-55
5.14642e-13 4.16292e-60 1.47126e-55
5.16959e-13 4.24444e-60 1.47122e-55
5.19288e-13 4.32737e-60 1.47118e-55
5.21626e-13 4.41172e-60 1.47113e-55
5.23976e-13 4.49753e-60 1.47109e-55
5.26336e-13 4.5848e-60 1.47104e-55
5.28706e-13 4.67357e-60 1.471e-55
5.31087e-13 4.76385e-60 1.47095e-55
5.33479e-13 4.85566e-60 1.4709e-55
5.35882e-13 4.94903e-60 1.47085e-55
5.38295e-13 5.04397e-60 1.4708e-55
5.40719e-13 5.14051e-60 1.47075e-55
5.43155e-13 5.23867e-60 1.4707e-55
5.45601e-13 5.33848e-60 1.47065e-55
5.48058e-13 5.43995e-60 1.4706e-55
5.50526e-13 5.54311e-60 1.47054e-55
5.53006e-13 5.64798e-60 1.47049e-55
5.55496e-13 5.75458e-60 1.47043e-55
5.57998e-13 5.86295e-60 1.47037e-55
5.60511e-13 5.9731e-60 1.47031e-55
5.63036e-13 6.08505e-60 1.47026e-55
5.65571e-13 6.19883e-60 1.47019e-55
5.68119e-13 6.31447e-60 1.47013e-55
5.70677e-13 6.43199e-60 1.47007e-55
5.73247e-13 6.55141e-60 1.47e-55
5.75829e-13 6.67276e-60 1.46994e-55
5.78422e-13 6.79606e-60 1.46987e-55
5.81027e-13 6.92134e-60 1.4698e-55
5.83644e-13 7.04863e-60 1.46974e-55
5.86273e-13 7.17795e-60 1.46966e-55
5.88913e-13 7.30933e-60 1.46959e-55
5.91566e-13 7.44278e-60 1.46952e-55
5.9423e-13 7.57835e-60 1.46945e-55
5.96906e-13 7.71606e-60 1.46937e-55
5.99594e-13 7.85593e-60 1.46929e-55
6.02295e-13 7.99799e-60 1.46921e-55
6.05007e-13 8.14226e-60 1.46913e-55
6.07732e-13 8.28878e-60 1.46905e-55
6.10469e-13 8.43758e-60 1.46897e-55
6.13218e-13 8.58867e-60 1.46889e-55
6.1598e-13 8.7421e-60 1.4688e-55
6.18754e-13 8.89788e-60 1.46871e-55
6.21541e-13 9.05605e-60 1.46862e-55
6.2434e-13 9.21663e-60 1.46853e-55
6.27152e-13 9.37966e-60 1.46844e-55
6.29977e-13 9.54515e-60 1.46835e-55
6.32814e-13 9.71316e-60 1.46825e-55
6.35664e-13 9.88369e-60 1.46815e-55
6.38527e-13 1.00568e-59 1.46806e-55
6.41403e-13 1.02325e-59 1.46795e-55
6.44291e-13 1.04108e-59 1.46785e-55
6.47193e-13 1.05917e-59 1.46775e-55
6.50108e-13 1.07754e-59 1.46764e-55
6.53036e-13 1.09617e-59 1.46753e-55
6.55977e-13 1.11508e-59 1.46742e-55
6.58931e-13 1.13427e-59 1.46731e-55
6.61899e-13 1.15374e-59 1.4672e-55
6.6488e-13 1.17349e-59 1.46708e-55
6.67874e-13 1.19353e-59 1.46697e-55
6.70882e-13 1.21385e-59 1.46685e-55
6.73903e-13 1.23448e-59 1.46673e-55
6.76938e-13 1.25539e-59 1.4666e-55
6.79987e-13 1.27661e-59 1.46648e-55
6.8305e-13 1.29813e-59 1.46635e-55
6.86126e-13 1.31996e-59 1.46622e-55
6.89216e-13 1.3421e-59 1.46609e-55
6.9232e-13 1.36454e-59 1.46595e-55
6.95438e-13 1.38731e-59 1.46582e-55
6.9857e-13 1.41039e-59 1.46568e-55
7.01716e-13 1.4338e-59 1.46554e-55
7.04877e-13 1.45753e-59 1.46539e-55
7.08051e-13 1.4816e-59 1.46525e-55
7.1124e-13 1.50599e-59 1.4651e-55
7.14443e-13 1.53072e-59 1.46495e-55
7.17661e-13 1.55579e-59 1.4648e-55
7.20893e-13 1.58121e-59 1.46464e-55
7.2414e-13 1.60697e-59 1.46448e-55
7.27401e-13 1.63308e-59 1.46432e-55
7.30677e-13 1.65954e-59 1.46416e-55
7.33968e-13 1.68636e-59 1.46399e-55
7.37273e-13 1.71354e-59 1.46382e-55
7.40594e-13 1.74109e-59 1.46365e-55
7.43929e-13 1.769e-59 1.46348e-55
7.4728e-13 1.79728e-59 1.4633e-55
7.50645e-13 1.82594e-59 1.46312e-55
7.54026e-13 1.85497e-59 1.46294e-55
7.57422e-13 1.88439e-59 1.46275e-55
7.60833e-13 1.91419e-59 1.46257e-55
7.6426e-13 1.94437e-59 1.46237e-55
7.67702e-13 1.97495e-59 1.46218e-55
7.71159e-13 2.00593e-59 1.46198e-55
7.74632e-13 2.0373e-59 1.46178e-55
7.78121e-13 2.06908e-59 1.46158e-55
7.81625e-13 2.10126e-59 1.46137e-55
7.85146e-13 2.13385e-59 1.46116e-55
7.88682e-13 2.16686e-59 1.46095e-55
7.92234e-13 2.20028e-59 1.46073e-55
7.95802e-13 2.23412e-59 1.46051e-55
7.99386e-13 2.26839e-59 1.46029e-55
8.02986e-13 2.30308e-59 1.46006e-55
8.06602e-13 2.33821e-59 1.45983e-55
8.10235e-13 2.37377e-59 1.4596e-55
8.13884e-13 2.40977e-59 1.45936e-55
8.1755e-13 2.44621e-59 1.45912e-55
8.21232e-13 2.48309e-59 1.45887e-55
8.2493e-13 2.52043e-59 1.45863e-55
8.28645e-13 2.55821e-59 1.45837e-55
8.32377e-13 2.59646e-59 1.45812e-55
8.36126e-13 2.63516e-59 1.45786e-55
8.39892e-13 2.67433e-59 1.45759e-55
8.43674e-13 2.71396e-59 1.45733e-55
8.47474e-13 2.75406e-59 1.45706e-55
8.51291e-13 2.79464e-59 1.45678e-55
8.55125e-13 2.83569e-59 1.4565e-55
8.58976e-13 2.87723e-59 1.45622e-55
8.62845e-13 2.91925e-59 1.45593e-55
8.66731e-13 2.96176e-59 1.45564e-55
8.70634e-13 3.00476e-59 1.45534e-55
8.74555e-13 3.04825e-59 1.45504e-55
8.78494e-13 3.09225e-59 1.45474e-55
8.82451e-13 3.13674e-59 1.45443e-55
8.86425e-13 3.18174e-59 1.45411e-55
8.90417e-13 3.22725e-59 1.45379e-55
8.94427e-13 3.27327e-59 1.45347e-55
8.98455e-13 3.31981e-59 1.45314e-55
9.02502e-13 3.36687e-59 1.45281e-55
9.06566e-13 3.41445e-59 1.45248e-55
9.10649e-13 3.46255e-59 1.45213e-55
9.14751e-13 3.51119e-59 1.45179e-55
9.1887e-13 3.56035e-59 1.45144e-55
9.23009e-13 3.61006e-59 1.45108e-55
9.27166e-13 3.6603e-59 1.45072e-55
9.31341e-13 3.71108e-59 1.45035e-55
9.35536e-13 3.76241e-59 1.44998e-55
9.39749e-13 3.81429e-59 1.44961e-55
9.43982e-13 3.86672e-59 1.44923e-55
9.48233e-13 3.91971e-59 1.44884e-55
9.52504e-13 3.97325e-59 1.44845e-55
9.56793e-13 4.02735e-59 1.44805e-55
9.61103e-13 4.08202e-59 1.44765e-55
9.65431e-13 4.13726e-59 1.44724e-55
9.69779e-13 4.19307e-59 1.44682e-55
9.74147e-13 4.24945e-59 1.44641e-55
9.78534e-13 4.30641e-59 1.44598e-55
9.82941e-13 4.36394e-59 1.44555e-55
9.87368e-13 4.42206e-59 1.44511e-55
9.91815e-13 4.48077e-59 1.44467e-55
9.96282e-13 4.54006e-59 1.44422e-55
1.00077e-12 4.59994e-59 1.44377e-55
1.00528e-12 4.66042e-59 1.44331e-55
1.0098e-12 4.72149e-59 1.44284e-55
1.01435e-12 4.78316e-59 1.44237e-55
1.01892e-12 4.84544e-59 1.44189e-55
1.02351e-12 4.90831e-59 1.44141e-55
1.02812e-12 4.9718e-59 1.44092e-55
1.03275e-12 5.03589e-59 1.44042e-55
1.0374e-12 5.1006e-59 1.43992e-55
1.04207e-12 5.16592e-59 1.43941e-55
1.04676e-12 5.23186e-59 1.43889e-55
1.05148e-12 5.29841e-59 1.43837e-55
1.05621e-12 5.36559e-59 1.43784e-55
1.06097e-12 5.43339e-59 1.4373e-55
1.06575e-12 5.50181e-59 1.43676e-55
1.07055e-12 5.57087e-59 1.43621e-55
1.07537e-12 5.64055e-59 1.43565e-55
1.08021e-12 5.71087e-59 1.43509e-55
1.08508e-12 5.78182e-59 1.43451e-55
1.08997e-12 5.8534e-59 1.43394e-55
1.09487e-12 5.92562e-59 1.43335e-55
1.09981e-12 5.99849e-59 1.43276e-55
1.10476e-12 6.07199e-59 1.43216e-55
1.10973e-12 6.14614e-59 1.43155e-55
1.11473e-12 6.22093e-59 1.43094e-55
1.11975e-12 6.29637e-59 1.43031e-55
1.1248e-12 6.37245e-59 1.42969e-55
1.12986e-12 6.44919e-59 1.42905e-55
1.13495e-12 6.52658e-59 1.4284e-55
1.14006e-12 6.60461e-59 1.42775e-55
1.1452e-12 6.68331e-59 1.42709e-55
1.15035e-12 6.76265e-59 1.42642e-55
1.15553e-12 6.84265e-59 1.42575e-55
1.16074e-12 6.92331e-59 1.42506e-55
1.16597e-12 7.00463e-59 1.42437e-55
1.17122e-12 7.08661e-59 1.42367e-55
1.17649e-12 7.16924e-59 1.42296e-55
1.18179e-12 7.25254e-59 1.42224e-55
1.18711e-12 7.3365e-59 1.42152e-55
1.19246e-12 7.42112e-59 1.42078e-55
1.19783e-12 7.5064e-59 1.42004e-55
1.20323e-12 7.59235e-59 1.41929e-55
1.20864e-12 7.67895e-59 1.41853e-55
1.21409e-12 7.76623e-59 1.41776e-55
1.21956e-12 7.85416e-59 1.41699e-55
1.22505e-12 7.94277e-59 1.4162e-55
1.23057e-12 8.03203e-59 1.41541e-55
1.23611e-12 8.12196e-59 1.4146e-55
1.24167e-12 8.21256e-59 1.41379e-55
1.24727e-12 8.30382e-59 1.41297e-55
1.25288e-12 8.39574e-59 1.41214e-55
1.25853e-12 8.48833e-59 1.4113e-55
1.26419e-12 8.58158e-59 1.41045e-55
1.26989e-12 8.6755e-59 1.40959e-55
1.27561e-12 8.77008e-59 1.40873e-55
1.28135e-12 8.86532e-59 1.40785e-55
1.28712e-12 8.96122e-59 1.40696e-55
1.29292e-12 9.05778e-59 1.40607e-55
1.29874e-12 9.15501e-59 1.40516e-55
1.30459e-12 9.25289e-59 1.40425e-55
1.31047e-12 9.35143e-59 1.40332e-55
1.31637e-12 9.45062e-59 1.40238e-55
1.3223e-12 9.55047e-59 1.40144e-55
1.32825e-12 9.65098e-59 1.40048e-55
1.33424e-12 9.75214e-59 1.39952e-55
1.34024e-12 9.85395e-59 1.39854e-55
1.34628e-12 9.95641e-59 1.39756e-55
1.35234e-12 1.00595e-58 1.39656e-55
1.35843e-12 1.01633e-58 1.39556e-55
1.36455e-12 1.02677e-58 1.39454e-55
1.3707e-12 1.03727e-58 1.39351e-55
1.37687e-12 1.04784e-58 1.39248e-55
1.38307e-12 1.05847e-58 1.39143e-55
1.3893e-12 1.06917e-58 1.39037e-55
1.39556e-12 1.07992e-58 1.3893e-55
1.40184e-12 1.09075e-58 1.38822e-55
1.40816e-12 1.10163e-58 1.38713e-55
1.4145e-12 1.11258e-58 1.38603e-55
1.42087e-12 1.12359e-58 1.38492e-55
1.42727e-12 1.13466e-58 1.38379e-55
1.4337e-12 1.14579e-58 1.38266e-55
1.44015e-12 1.15699e-58 1.38151e-55
1.44664e-12 1.16824e-58 1.38036e-55
1.45315e-12 1.17956e-58 1.37919e-55
1.4597e-12 1.19093e-58 1.37801e-55
1.46627e-12 1.20237e-58 1.37682e-55
1.47288e-12 1.21387e-58 1.37561e-55
1.47951e-12 1.22542e-58 1.3744e-55
1.48617e-12 1.23704e-58 1.37318e-55
1.49287e-12 1.24871e-58 1.37194e-55
1.49959e-12 1.26044e-58 1.37069e-55
1.50634e-12 1.27223e-58 1.36943e-55
1.51313e-12 1.28408e-58 1.36816e-55
1.51994e-12 1.29598e-58 1.36687e-55
1.52679e-12 1.30794e-58 1.36558e-55
1.53366e-12 1.31995e-58 1.36427e-55
1.54057e-12 1.33203e-58 1.36295e-55
1.54751e-12 1.34415e-58 1.36162e-55
1.55448e-12 1.35633e-58 1.36027e-55
1.56148e-12 1.36857e-58 1.35892e-55
1.56851e-12 1.38085e-58 1.35755e-55
1.57558e-12 1.39319e-58 1.35617e-55
1.58267e-12 1.40559e-58 1.35477e-55
1.5898e-12 1.41803e-58 1.35337e-55
1.59696e-12 1.43053e-58 1.35195e-55
1.60415e-12 1.44308e-58 1.35052e-55
1.61138e-12 1.45567e-58 1.34908e-55
1.61864e-12 1.46832e-58 1.34762e-55
1.62592e-12 1.48102e-58 1.34615e-55
1.63325e-12 1.49376e-58 1.34467e-55
1.6406e-12 1.50655e-58 1.34318e-55
1.64799e-12 1.51939e-58 1.34167e-55
1.65541e-12 1.53228e-58 1.34015e-55
1.66287e-12 1.54521e-58 1.33862e-55
1.67036e-12 1.55819e-58 1.33707e-55
1.67788e-12 1.57121e-58 1.33552e-55
1.68544e-12 1.58427e-58 1.33395e-55
1.69303e-12 1.59738e-58 1.33236e-55
1.70065e-12 1.61053e-58 1.33076e-55
1.70831e-12 1.62372e-58 1.32915e-55
1.71601e-12 1.63696e-58 1.32753e-55
1.72374e-12 1.65023e-58 1.32589e-55
1.7315e-12 1.66354e-58 1.32424e-55
1.7393e-12 1.67689e-58 1.32258e-55
1.74713e-12 1.69028e-58 1.3209e-55
1.755e-12 1.70371e-58 1.31921e-55
1.7629e-12 1.71717e-58 1.31751e-55
1.77084e-12 1.73067e-58 1.31579e-55
1.77882e-12 1.7442e-58 1.31406e-55
1.78683e-12 1.75777e-58 1.31232e-55
1.79488e-12 1.77137e-58 1.31056e-55
1.80296e-12 1.785e-58 1.30879e-55
1.81108e-12 1.79867e-58 1.307e-55
1.81924e-12 1.81236e-58 1.3052e-55
1.82743e-12 1.82608e-58 1.30339e-55
1.83566e-12 1.83984e-58 1.30156e-55
1.84393e-12 1.85362e-58 1.29972e-55
1.85223e-12 1.86742e-58 1.29787e-55
1.86057e-12 1.88126e-58 1.296e-55
1.86895e-12 1.89512e-58 1.29412e-55
1.87737e-12 1.909e-58 1.29223e-55
1.88583e-12 1.9229e-58 1.29032e-55
1.89432e-12 1.93683e-58 1.2884e-55
1.90285e-12 1.95078e-58 1.28646e-55
1.91142e-12 1.96475e-58 1.28451e-55
1.92003e-12 1.97874e-58 1.28254e-55
1.92868e-12 1.99275e-58 1.28056e-55
1.93736e-12 2.00677e-58 1.27857e-55
1.94609e-12 2.02082e-58 1.27656e-55
1.95485e-12 2.03487e-58 1.27454e-55
1.96366e-12 2.04894e-58 1.27251e-55
1.9725e-12 2.06303e-58 1.27046e-55
1.98138e-12 2.07713e-58 1.2684e-55
1.99031e-12 2.09123e-58 1.26632e-55
1.99927e-12 2.10535e-58 1.26423e-55
2.00827e-12 2.11948e-58 1.26212e-55
2.01732e-12 2.13361e-58 1.26e-55
2.0264e-12 2.14776e-58 1.25787e-55
2.03553e-12 2.1619e-58 1.25572e-55
2.0447e-12 2.17606e-58 1.25356e-55
2.05391e-12 2.19021e-58 1.25138e-55
2.06316e-12 2.20437e-58 1.24919e-55
2.07245e-12 2.21853e-58 1.24699e-55
2.08178e-12 2.23269e-58 1.24477e-55
2.09116e-12 2.24685e-58 1.24254e-55
2.10058e-12 2.26101e-58 1.24029e-55
2.11004e-12 2.27517e-58 1.23803e-55
2.11954e-12 2.28932e-58 1.23576e-55
2.12909e-12 2.30346e-58 1.23347e-55
2.13867e-12 2.3176e-58 1.23116e-55
2.14831e-12 2.33173e-58 1.22885e-55
2.15798e-12 2.34586e-58 1.22651e-55
2.1677e-12 2.35997e-58 1.22417e-55
2.17746e-12 2.37407e-58 1.22181e-55
2.18727e-12 2.38816e-58 1.21943e-55
2.19712e-12 2.40223e-58 1.21705e-55
2.20702e-12 2.41629e-58 1.21464e-55
2.21696e-12 2.43034e-58 1.21223e-55
2.22694e-12 2.44436e-58 1.2098e-55
2.23697e-12 2.45837e-58 1.20735e-55
2.24704e-12 2.47236e-58 1.20489e-55
2.25716e-12 2.48632e-58 1.20242e-55
2.26733e-12 2.50027e-58 1.19994e-55
2.27754e-12 2.51419e-58 1.19743e-55
2.2878e-12 2.52809e-58 1.19492e-55
2.2981e-12 2.54196e-58 1.19239e-55
2.30845e-12 2.5558e-58 1.18985e-55
2.31885e-12 2.56962e-58 1.18729e-55
2.32929e-12 2.5834e-58 1.18473e-55
2.33978e-12 2.59716e-58 1.18214e-55
2.35032e-12 2.61088e-58 1.17954e-55
2.36091e-12 2.62457e-58 1.17693e-55
2.37154e-12 2.63823e-58 1.17431e-55
2.38222e-12 2.65185e-58 1.17167e-55
2.39295e-12 2.66543e-58 1.16902e-55
2.40373e-12 2.67897e-58 1.16635e-55
2.41455e-12 2.69247e-58 1.16367e-55
2.42543e-12 2.70594e-58 1.16098e-55
2.43635e-12 2.71936e-58 1.15828e-55
2.44732e-12 2.73273e-58 1.15556e-55
2.45834e-12 2.74607e-58 1.15282e-55
2.46942e-12 2.75935e-58 1.15008e-55
2.48054e-12 2.77259e-58 1.14732e-55
2.49171e-12 2.78578e-58 1.14455e-55
2.50293e-12 2.79892e-58 1.14176e-55
2.5142e-12 2.81201e-58 1.13896e-55
2.52553e-12 2.82504e-58 1.13615e-55
2.5369e-12 2.83803e-58 1.13332e-55
2.54833e-12 2.85096e-58 1.13049e-55
2.5598e-12 2.86383e-58 1.12764e-55
2.57133e-12 2.87664e-58 1.12477e-55
2.58291e-12 2.8894e-58 1.12189e-55
2.59454e-12 2.90209e-58 1.11901e-55
2.60623e-12 2.91473e-58 1.1161e-55
2.61797e-12 2.9273e-58 1.11319e-55
2.62976e-12 2.93981e-58 1.11026e-55
2.6416e-12 2.95225e-58 1.10732e-55
2.6535e-12 2.96462e-58 1.10437e-55
2.66545e-12 2.97693e-58 1.1014e-55
2.67745e-12 2.98917e-58 1.09843e-55
2.68951e-12 3.00134e-58 1.09544e-55
2.70162e-12 3.01344e-58 1.09244e-55
2.71379e-12 3.02547e-58 1.08942e-55
2.72601e-12 3.03742e-58 1.0864e-55
2.73829e-12 3.0493e-58 1.08336e-55
2.75062e-12 3.0611e-58 1.08031e-55
2.76301e-12 3.07282e-58 1.07725e-55
2.77546e-12 3.08447e-58 1.07418e-55
2.78796e-12 3.09603e-58 1.07109e-55
2.80051e-12 3.10752e-58 1.068e-55
2.81312e-12 3.11892e-58 1.06489e-55
2.82579e-12 3.13024e-58 1.06177e-55
2.83852e-12 3.14147e-58 1.05864e-55
2.8513e-12 3.15262e-58 1.0555e-55
2.86415e-12 3.16368e-58 1.05235e-55
2.87705e-12 3.17465e-58 1.04918e-55
2.89e-12 3.18554e-58 1.04601e-55
2.90302e-12 3.19633e-58 1.04282e-55
2.91609e-12 3.20703e-58 1.03963e-55
2.92923e-12 3.21764e-58 1.03642e-55
2.94242e-12 3.22816e-58 1.0332e-55
2.95567e-12 3.23858e-58 1.02997e-55
2.96898e-12 3.2489e-58 1.02673e-55
2.98235e-12 3.25913e-58 1.02349e-55
2.99578e-12 3.26926e-58 1.02023e-55
3.00928e-12 3.27929e-58 1.01696e-55
3.02283e-12 3.28922e-58 1.01368e-55
3.03644e-12 3.29905e-58 1.01039e-55
3.05012e-12 3.30877e-58 1.00709e-55
3.06386e-12 3.31839e-58 1.00378e-55
3.07765e-12 3.32791e-58 1.00046e-55
3.09152e-12 3.33732e-58 9.97135e-56
3.10544e-12 3.34662e-58 9.93798e-56
3.11942e-12 3.35582e-58 9.90451e-56
3.13347e-12 3.36491e-58 9.87095e-56
3.14759e-12 3.37389e-58 9.8373e-56
3.16176e-12 3.38275e-58 9.80356e-56
3.176e-12 3.39151e-58 9.76974e-56
3.19031e-12 3.40015e-58 9.73582e-56
3.20467e-12 3.40868e-58 9.70182e-56
3.21911e-12 3.4171e-58 9.66773e-56
3.2336e-12 3.42539e-58 9.63356e-56
3.24817e-12 3.43358e-58 9.59931e-56
3.2628e-12 3.44164e-58 9.56497e-56
3.27749e-12 3.44959e-58 9.53056e-56
3.29225e-12 3.45742e-58 9.49606e-56
3.30708e-12 3.46513e-58 9.46149e-56
3.32197e-12 3.47271e-58 9.42683e-56
3.33693e-12 3.48018e-58 9.39211e-56
3.35196e-12 3.48752e-58 9.35731e-56
3.36706e-12 3.49474e-58 9.32243e-56
3.38222e-12 3.50184e-58 9.28748e-56
3.39746e-12 3.50881e-58 9.25246e-56
3.41276e-12 3.51566e-58 9.21738e-56
3.42813e-12 3.52238e-58 9.18222e-56
3.44357e-12 3.52897e-58 9.147e-56
3.45908e-12 3.53543e-58 9.11171e-56
3.47465e-12 3.54177e-58 9.07635e-56
3.4903e-12 3.54797e-58 9.04093e-56
3.50602e-12 3.55405e-58 9.00545e-56
3.52181e-12 3.55999e-58 8.96991e-56
3.53767e-12 3.56581e-58 8.93431e-56
3.55361e-12 3.57149e-58 8.89866e-56
3.56961e-12 3.57704e-58 8.86294e-56
3.58569e-12 3.58246e-58 8.82717e-56
3.60184e-12 3.58774e-58 8.79135e-56
3.61806e-12 3.59289e-58 8.75547e-56
3.63435e-12 3.5979e-58 8.71954e-56
3.65072e-12 3.60278e-58 8.68356e-56
3.66716e-12 3.60752e-58 8.64753e-56
3.68368e-12 3.61212e-58 8.61146e-56
3.70027e-12 3.61659e-58 8.57534e-56
3.71693e-12 3.62092e-58 8.53917e-56
3.73367e-12 3.62511e-58 8.50296e-56
3.75049e-12 3.62916e-58 8.46671e-56
3.76738e-12 3.63307e-58 8.43042e-56
3.78435e-12 3.63685e-58 8.39409e-56
3.80139e-12 3.64048e-58 8.35772e-56
3.81851e-12 3.64398e-58 8.32131e-56
3.83571e-12 3.64733e-58 8.28488e-56
3.85298e-12 3.65054e-58 8.2484e-56
3.87034e-12 3.65361e-58 8.2119e-56
3.88777e-12 3.65654e-58 8.17536e-56
3.90528e-12 3.65933e-58 8.13879e-56
3.92286e-12 3.66197e-58 8.1022e-56
3.94053e-12 3.66447e-58 8.06558e-56
3.95828e-12 3.66683e-58 8.02894e-56
3.97611e-12 3.66905e-58 7.99227e-56
3.99401e-12 3.67112e-58 7.95558e-56
4.012e-12 3.67305e-58 7.91887e-56
4.03007e-12 3.67483e-58 7.88214e-56
4.04822e-12 3.67647e-58 7.84539e-56
4.06645e-12 3.67797e-58 7.80862e-56
4.08477e-12 3.67932e-58 7.77184e-56
4.10316e-12 3.68053e-58 7.73505e-56
4.12164e-12 3.68159e-58 7.69825e-56
4.1402e-12 3.68251e-58 7.66143e-56
4.15885e-12 3.68328e-58 7.6246e-56
4.17758e-12 3.68391e-58 7.58777e-56
4.1964e-12 3.68439e-58 7.55093e-56
4.2153e-12 3.68473e-58 7.51409e-56
4.23428e-12 3.68493e-58 7.47724e-56
4.25335e-12 3.68497e-58 7.44039e-56
4.27251e-12 3.68488e-58 7.40354e-56
4.29175e-12 3.68464e-58 7.36669e-56
4.31108e-12 3.68425e-58 7.32985e-56
4.33049e-12 3.68372e-58 7.293e-56
4.35e-12 3.68304e-58 7.25617e-56
4.36959e-12 3.68222e-58 7.21934e-56
4.38927e-12 3.68126e-58 7.18251e-56
4.40903e-12 3.68015e-58 7.1457e-56
4.42889e-12 3.6789e-58 7.1089e-56
4.44884e-12 3.6775e-58 7.07211e-56
4.46887e-12 3.67596e-58 7.03534e-56
4.489e-12 3.67427e-58 6.99858e-56
4.50922e-12 3.67244e-58 6.96183e-56
4.52953e-12 3.67047e-58 6.92511e-56
4.54993e-12 3.66836e-58 6.88841e-56
4.57042e-12 3.6661e-58 6.85172e-56
4.591e-12 3.6637e-58 6.81506e-56
4.61168e-12 3.66116e-58 6.77842e-56
4.63245e-12 3.65848e-58 6.74181e-56
4.65331e-12 3.65565e-58 6.70523e-56
4.67427e-12 3.65269e-58 6.66867e-56
4.69532e-12 3.64958e-58 6.63214e-56
4.71647e-12 3.64633e-58 6.59565e-56
4.73771e-12 3.64295e-58 6.55918e-56
4.75904e-12 3.63942e-58 6.52276e-56
4.78048e-12 3.63575e-58 6.48636e-56
4.80201e-12 3.63195e-58 6.45e-56
4.82363e-12 3.62801e-58 6.41368e-56
4.84536e-12 3.62393e-58 6.3774e-56
4.86718e-12 3.61971e-58 6.34116e-56
4.8891e-12 3.61536e-58 6.30497e-56
4.91112e-12 3.61087e-58 6.26881e-56
4.93324e-12 3.60625e-58 6.23271e-56
4.95546e-12 3.60149e-58 6.19664e-56
4.97777e-12 3.59659e-58 6.16063e-56
5.00019e-12 3.59156e-58 6.12466e-56
5.02271e-12 3.5864e-58 6.08875e-56
5.04533e-12 3.58111e-58 6.05288e-56
5.06806e-12 3.57568e-58 6.01707e-56
5.09088e-12 3.57013e-58 5.98131e-56
5.11381e-12 3.56444e-58 5.94561e-56
5.13684e-12 3.55862e-58 5.90997e-56
5.15997e-12 3.55267e-58 5.87438e-56
5.18321e-12 3.5466e-58 5.83886e-56
5.20656e-12 3.54039e-58 5.80339e-56
5.23001e-12 3.53406e-58 5.76799e-56
5.25356e-12 3.5276e-58 5.73265e-56
5.27722e-12 3.52102e-58 5.69737e-56
5.30099e-12 3.51431e-58 5.66216e-56
5.32486e-12 3.50748e-58 5.62702e-56
5.34884e-12 3.50053e-58 5.59194e-56
5.37293e-12 3.49345e-58 5.55694e-56
5.39713e-12 3.48625e-58 5.522e-56
5.42144e-12 3.47893e-58 5.48714e-56
5.44586e-12 3.47149e-58 5.45235e-56
5.47038e-12 3.46393e-58 5.41763e-56
5.49502e-12 3.45625e-58 5.383e-56
5.51977e-12 3.44845e-58 5.34843e-56
5.54463e-12 3.44054e-58 5.31395e-56
5.5696e-12 3.43251e-58 5.27954e-56
5.59468e-12 3.42437e-58 5.24522e-56
5.61988e-12 3.41611e-58 5.21097e-56
5.64519e-12 3.40775e-58 5.17681e-56
5.67061e-12 3.39926e-58 5.14274e-56
5.69615e-12 3.39067e-58 5.10874e-56
5.72181e-12 3.38197e-58 5.07484e-56
5.74757e-12 3.37316e-58 5.04102e-56
5.77346e-12 3.36424e-58 5.00729e-56
5.79946e-12 3.35522e-58 4.97364e-56
5.82558e-12 3.34608e-58 4.94009e-56
5.85182e-12 3.33685e-58 4.90663e-56
5.87817e-12 3.32751e-58 4.87326e-56
5.90465e-12 3.31806e-58 4.83999e-56
5.93124e-12 3.30852e-58 4.80681e-56
5.95795e-12 3.29887e-58 4.77372e-56
5.98478e-12 3.28913e-58 4.74073e-56
6.01174e-12 3.27928e-58 4.70784e-56
6.03881e-12 3.26934e-58 4.67505e-56
6.06601e-12 3.2593e-58 4.64235e-56
6.09333e-12 3.24917e-58 4.60976e-56
6.12077e-12 3.23894e-58 4.57727e-56
6.14834e-12 3.22862e-58 4.54488e-56
6.17603e-12 3.2182e-58 4.51259e-56
6.20384e-12 3.2077e-58 4.48041e-56
6.23178e-12 3.1971e-58 4.44833e-56
6.25985e-12 3.18642e-58 4.41636e-56
6.28804e-12 3.17565e-58 4.3845e-56
6.31636e-12 3.16479e-58 4.35274e-56
6.34481e-12 3.15385e-58 4.3211e-56
6.37339e-12 3.14282e-58 4.28956e-56
6.40209e-12 3.13171e-58 4.25813e-56
6.43092e-12 3.12052e-58 4.22681e-56
6.45989e-12 3.10925e-58 4.19561e-56
6.48898e-12 3.0979e-58 4.16451e-56
6.5182e-12 3.08647e-58 4.13353e-56
6.54756e-12 3.07496e-58 4.10267e-56
6.57705e-12 3.06338e-58 4.07192e-56
6.60667e-12 3.05172e-58 4.04129e-56
6.63642e-12 3.03999e-58 4.01077e-56
6.66631e-12 3.02819e-58 3.98037e-56
6.69633e-12 3.01632e-58 3.95009e-56
6.72649e-12 3.00437e-58 3.91992e-56
6.75679e-12 2.99236e-58 3.88988e-56
6.78722e-12 2.98028e-58 3.85996e-56
6.81779e-12 2.96814e-58 3.83015e-56
6.84849e-12 2.95593e-58 3.80047e-56
6.87933e-12 2.94366e-58 3.77091e-56
6.91032e-12 2.93132e-58 3.74148e-56
6.94144e-12 2.91892e-58 3.71216e-56
6.9727e-12 2.90646e-58 3.68297e-56
7.0041e-12 2.89395e-58 3.65391e-56
7.03565e-12 2.88138e-58 3.62497e-56
7.06734e-12 2.86875e-58 3.59616e-56
7.09916e-12 2.85606e-58 3.56747e-56
7.13114e-12 2.84332e-58 3.53891e-56
7.16325e-12 2.83053e-58 3.51048e-56
7.19551e-12 2.81769e-58 3.48217e-56
7.22792e-12 2.8048e-58 3.45399e-56
7.26047e-12 2.79186e-58 3.42595e-56
7.29317e-12 2.77887e-58 3.39803e-56
7.32602e-12 2.76583e-58 3.37024e-56
7.35901e-12 2.75275e-58 3.34258e-56
7.39216e-12 2.73963e-58 3.31505e-56
7.42545e-12 2.72646e-58 3.28766e-56
7.45889e-12 2.71326e-58 3.26039e-56
7.49248e-12 2.70001e-58 3.23326e-56
7.52623e-12 2.68672e-58 3.20626e-56
7.56012e-12 2.6734e-58 3.17939e-56
7.59417e-12 2.66004e-58 3.15266e-56
7.62837e-12 2.64664e-58 3.12606e-56
7.66273e-12 2.63321e-58 3.09959e-56
7.69724e-12 2.61975e-58 3.07326e-56
7.73191e-12 2.60625e-58 3.04706e-56
7.76673e-12 2.59273e-58 3.021e-56
7.80171e-12 2.57918e-58 2.99507e-56
7.83684e-12 2.56559e-58 2.96928e-56
7.87214e-12 2.55199e-58 2.94362e-56
7.90759e-12 2.53835e-58 2.9181e-56
7.94321e-12 2.5247e-58 2.89272e-56
7.97898e-12 2.51101e-58 2.86747e-56
8.01492e-12 2.49731e-58 2.84236e-56
8.05101e-12 2.48359e-58 2.81739e-56
8.08727e-12 2.46984e-58 2.79255e-56
8.12369e-12 2.45608e-58 2.76786e-56
8.16028e-12 2.44231e-58 2.74329e-56
8.19703e-12 2.42851e-58 2.71887e-56
8.23395e-12 2.4147e-58 2.69459e-56
8.27103e-12 2.40088e-58 2.67044e-56
8.30828e-12 2.38704e-58 2.64643e-56
8.3457e-12 2.3732e-58 2.62256e-56
8.38329e-12 2.35934e-58 2.59883e-56
8.42104e-12 2.34547e-58 2.57523e-56
8.45897e-12 2.3316e-58 2.55178e-56
8.49707e-12 2.31772e-58 2.52846e-56
8.53534e-12 2.30383e-58 2.50529e-56
8.57378e-12 2.28994e-58 2.48225e-56
8.61239e-12 2.27605e-58 2.45935e-56
8.65118e-12 2.26215e-58 2.43659e-56
8.69014e-12 2.24825e-58 2.41397e-56
8.72928e-12 2.23435e-58 2.39148e-56
8.76859e-12 2.22046e-58 2.36914e-56
8.80808e-12 2.20656e-58 2.34694e-56
8.84775e-12 2.19267e-58 2.32487e-56
8.8876e-12 2.17878e-58 2.30294e-56
8.92763e-12 2.1649e-58 2.28116e-56
8.96783e-12 2.15102e-58 2.25951e-56
9.00822e-12 2.13715e-58 2.238e-56
9.04879e-12 2.12329e-58 2.21663e-56
9.08955e-12 2.10944e-58 2.19539e-56
9.13048e-12 2.0956e-58 2.1743e-56
9.1716e-12 2.08177e-58 2.15334e-56
9.21291e-12 2.06795e-58 2.13252e-56
9.2544e-12 2.05415e-58 2.11185e-56
9.29608e-12 2.04036e-58 2.0913e-56
9.33795e-12 2.02658e-58 2.0709e-56
9.38e-12 2.01282e-58 2.05063e-56
9.42225e-12 1.99908e-58 2.03051e-56
9.46468e-12 1.98536e-58 2.01052e-56
9.50731e-12 1.97165e-58 1.99066e-56
9.55013e-12 1.95797e-58 1.97095e-56
9.59314e-12 1.94431e-58 1.95137e-56
9.63634e-12 1.93066e-58 1.93192e-56
9.67974e-12 1.91705e-58 1.91262e-56
9.72334e-12 1.90345e-58 1.89345e-56
9.76713e-12 1.88988e-58 1.87441e-56
9.81112e-12 1.87633e-58 1.85551e-56
9.8553e-12 1.86282e-58 1.83675e-56
9.89969e-12 1.84932e-58 1.81812e-56
9.94427e-12 1.83586e-58 1.79963e-56
9.98906e-12 1.82242e-58 1.78127e-56
1.0034e-11 1.80902e-58 1.76304e-56
1.00792e-11 1.79564e-58 1.74495e-56
1.01246e-11 1.7823e-58 1.727e-56
1.01702e-11 1.76899e-58 1.70917e-56
1.0216e-11 1.75571e-58 1.69148e-56
1.0262e-11 1.74246e-58 1.67393e-56
1.03083e-11 1.72925e-58 1.6565e-56
1.03547e-11 1.71608e-58 1.63921e-56
1.04013e-11 1.70294e-58 1.62205e-56
1.04482e-11 1.68984e-58 1.60502e-56
1.04952e-11 1.67677e-58 1.58812e-56
1.05425e-11 1.66374e-58 1.57135e-56
1.059e-11 1.65075e-58 1.55472e-56
1.06377e-11 1.6378e-58 1.53821e-56
1.06856e-11 1.62489e-58 1.52183e-56
1.07337e-11 1.61203e-58 1.50558e-56
1.0782e-11 1.5992e-58 1.48946e-56
1.08306e-11 1.58641e-58 1.47347e-56
1.08794e-11 1.57367e-58 1.45761e-56
1.09284e-11 1.56097e-58 1.44187e-56
1.09776e-11 1.54832e-58 1.42626e-56
1.1027e-11 1.53571e-58 1.41078e-56
1.10767e-11 1.52314e-58 1.39542e-56
1.11266e-11 1.51063e-58 1.38019e-56
1.11767e-11 1.49815e-58 1.36508e-56
1.1227e-11 1.48573e-58 1.3501e-56
1.12776e-11 1.47335e-58 1.33524e-56
1.13284e-11 1.46102e-58 1.32051e-56
1.13794e-11 1.44874e-58 1.3059e-56
1.14307e-11 1.43651e-58 1.29141e-56
1.14821e-11 1.42433e-58 1.27705e-56
1.15338e-11 1.4122e-58 1.2628e-56
1.15858e-11 1.40012e-58 1.24868e-56
1.1638e-11 1.38809e-58 1.23468e-56
1.16904e-11 1.37611e-58 1.2208e-56
1.1743e-11 1.36418e-58 1.20704e-56
1.17959e-11 1.35231e-58 1.1934e-56
1.1849e-11 1.34049e-58 1.17987e-56
1.19024e-11 1.32873e-58 1.16647e-56
1.1956e-11 1.31701e-58 1.15318e-56
1.20099e-11 1.30536e-58 1.14001e-56
1.2064e-11 1.29375e-58 1.12696e-56
1.21183e-11 1.28221e-58 1.11402e-56
1.21729e-11 1.27071e-58 1.1012e-56
1.22277e-11 1.25928e-58 1.08849e-56
1.22828e-11 1.2479e-58 1.0759e-56
1.23381e-11 1.23658e-58 1.06342e-56
1.23936e-11 1.22531e-58 1.05105e-56
1.24495e-11 1.2141e-58 1.0388e-56
1.25055e-11 1.20295e-58 1.02666e-56
1.25618e-11 1.19186e-58 1.01463e-56
1.26184e-11 1.18082e-58 1.00271e-56
1.26753e-11 1.16985e-58 9.90903e-57
1.27323e-11 1.15893e-58 9.79204e-57
1.27897e-11 1.14807e-58 9.67615e-57
1.28473e-11 1.13728e-58 9.56134e-57
1.29051e-11 1.12654e-58 9.44762e-57
1.29633e-11 1.11586e-58 9.33496e-57
1.30216e-11 1.10524e-58 9.22338e-57
1.30803e-11 1.09468e-58 9.11285e-57
1.31392e-11 1.08419e-58 9.00338e-57
1.31984e-11 1.07375e-58 8.89496e-57
1.32578e-11 1.06338e-58 8.78759e-57
1.33175e-11 1.05306e-58 8.68125e-57
1.33775e-11 1.04281e-58 8.57595e-57
1.34378e-11 1.03262e-58 8.47166e-57
1.34983e-11 1.02249e-58 8.3684e-57
1.35591e-11 1.01243e-58 8.26615e-57
1.36201e-11 1.00242e-58 8.16491e-57
1.36815e-11 9.92481e-59 8.06467e-57
1.37431e-11 9.82602e-59 7.96542e-57
1.3805e-11 9.72785e-59 7.86716e-57
1.38672e-11 9.63031e-59 7.76988e-57
1.39296e-11 9.5334e-59 7.67358e-57
1.39923e-11 9.43712e-59 7.57824e-57
1.40554e-11 9.34146e-59 7.48387e-57
1.41187e-11 9.24644e-59 7.39046e-57
1.41823e-11 9.15205e-59 7.29799e-57
1.42461e-11 9.05829e-59 7.20647e-57
1.43103e-11 8.96516e-59 7.11589e-57
1.43747e-11 8.87267e-59 7.02624e-57
1.44395e-11 8.78081e-59 6.93751e-57
1.45045e-11 8.68958e-59 6.8497e-57
1.45698e-11 8.59899e-59 6.76281e-57
1.46354e-11 8.50903e-59 6.67682e-57
1.47014e-11 8.41971e-59 6.59173e-57
1.47676e-11 8.33102e-59 6.50753e-57
1.48341e-11 8.24297e-59 6.42422e-57
1.49009e-11 8.15555e-59 6.34179e-57
1.4968e-11 8.06876e-59 6.26023e-57
1.50354e-11 7.98261e-59 6.17955e-57
1.51031e-11 7.89709e-59 6.09972e-57
1.51711e-11 7.81221e-59 6.02075e-57
1.52395e-11 7.72796e-59 5.94263e-57
1.53081e-11 7.64434e-59 5.86535e-57
1.5377e-11 7.56135e-59 5.78891e-57
1.54463e-11 7.47899e-59 5.71329e-57
1.55159e-11 7.39727e-59 5.6385e-57
1.55857e-11 7.31617e-59 5.56453e-57
1.56559e-11 7.2357e-59 5.49137e-57
1.57265e-11 7.15586e-59 5.41901e-57
1.57973e-11 7.07665e-59 5.34745e-57
1.58684e-11 6.99806e-59 5.27669e-57
1.59399e-11 6.92009e-59 5.2067e-57
1.60117e-11 6.84275e-59 5.1375e-57
1.60838e-11 6.76604e-59 5.06908e-57
1.61562e-11 6.68994e-59 5.00142e-57
1.6229e-11 6.61446e-59 4.93452e-57
1.63021e-11 6.5396e-59 4.86837e-57
1.63755e-11 6.46536e-59 4.80298e-57
1.64493e-11 6.39173e-59 4.73832e-57
1.65233e-11 6.31872e-59 4.67441e-57
1.65978e-11 6.24631e-59 4.61122e-57
1.66725e-11 6.17452e-59 4.54875e-57
1.67476e-11 6.10334e-59 4.48701e-57
1.6823e-11 6.03276e-59 4.42598e-57
1.68988e-11 5.96279e-59 4.36565e-57
1.69749e-11 5.89342e-59 4.30602e-57
1.70513e-11 5.82465e-59 4.24709e-57
1.71281e-11 5.75649e-59 4.18884e-57
1.72053e-11 5.68892e-59 4.13128e-57
1.72828e-11 5.62194e-59 4.07439e-57
1.73606e-11 5.55556e-59 4.01817e-57
1.74388e-11 5.48977e-59 3.96261e-57
1.75173e-11 5.42457e-59 3.90771e-57
1.75962e-11 5.35995e-59 3.85347e-57
1.76755e-11 5.29592e-59 3.79987e-57
1.77551e-11 5.23247e-59 3.74691e-57
1.7835e-11 5.1696e-59 3.69458e-57
1.79154e-11 5.10731e-59 3.64289e-57
1.7996e-11 5.04559e-59 3.59182e-57
1.80771e-11 4.98444e-59 3.54136e-57
1.81585e-11 4.92387e-59 3.49152e-57
1.82403e-11 4.86386e-59 3.44228e-57
1.83224e-11 4.80442e-59 3.39364e-57
1.8405e-11 4.74554e-59 3.34559e-57
1.84878e-11 4.68722e-59 3.29814e-57
1.85711e-11 4.62945e-59 3.25127e-57
1.86547e-11 4.57224e-59 3.20497e-57
1.87388e-11 4.51558e-59 3.15925e-57
1.88232e-11 4.45947e-59 3.11409e-57
1.89079e-11 4.40391e-59 3.0695e-57
1.89931e-11 4.34889e-59 3.02546e-57
1.90786e-11 4.29441e-59 2.98197e-57
1.91646e-11 4.24047e-59 2.93903e-57
1.92509e-11 4.18706e-59 2.89662e-57
1.93376e-11 4.13419e-59 2.85475e-57
1.94247e-11 4.08184e-59 2.81341e-57
1.95121e-11 4.03002e-59 2.77259e-57
1.96e-11 3.97872e-59 2.73229e-57
1.96883e-11 3.92794e-59 2.6925e-57
1.9777e-11 3.87768e-59 2.65322e-57
1.9866e-11 3.82794e-59 2.61445e-57
1.99555e-11 3.7787e-59 2.57617e-57
2.00454e-11 3.72997e-59 2.53838e-57
2.01357e-11 3.68175e-59 2.50108e-57
2.02263e-11 3.63403e-59 2.46426e-57
2.03174e-11 3.58681e-59 2.42792e-57
2.04089e-11 3.54008e-59 2.39206e-57
2.05008e-11 3.49384e-59 2.35665e-57
2.05932e-11 3.4481e-59 2.32172e-57
2.06859e-11 3.40284e-59 2.28724e-57
2.07791e-11 3.35806e-59 2.25321e-57
2.08727e-11 3.31376e-59 2.21963e-57
2.09667e-11 3.26994e-59 2.18649e-57
2.10611e-11 3.22659e-59 2.15379e-57
2.1156e-11 3.18371e-59 2.12152e-57
2.12512e-11 3.1413e-59 2.08969e-57
2.13469e-11 3.09935e-59 2.05827e-57
2.14431e-11 3.05786e-59 2.02728e-57
2.15397e-11 3.01683e-59 1.9967e-57
2.16367e-11 2.97625e-59 1.96653e-57
2.17341e-11 2.93613e-59 1.93677e-57
2.1832e-11 2.89645e-59 1.90741e-57
2.19303e-11 2.85721e-59 1.87844e-57
2.20291e-11 2.81841e-59 1.84987e-57
2.21283e-11 2.78005e-59 1.82169e-57
2.2228e-11 2.74213e-59 1.79389e-57
2.23281e-11 2.70464e-59 1.76647e-57
2.24286e-11 2.66757e-59 1.73942e-57
2.25296e-11 2.63092e-59 1.71274e-57
2.26311e-11 2.5947e-59 1.68643e-57
2.2733e-11 2.5589e-59 1.66049e-57
2.28354e-11 2.52351e-59 1.6349e-57
2.29383e-11 2.48853e-59 1.60966e-57
2.30416e-11 2.45395e-59 1.58478e-57
2.31453e-11 2.41978e-59 1.56024e-57
2.32496e-11 2.38602e-59 1.53604e-57
2.33543e-11 2.35265e-59 1.51218e-57
2.34595e-11 2.31967e-59 1.48865e-57
2.35651e-11 2.28708e-59 1.46546e-57
2.36713e-11 2.25489e-59 1.44259e-57
2.37779e-11 2.22307e-59 1.42004e-57
2.3885e-11 2.19164e-59 1.39781e-57
2.39925e-11 2.16059e-59 1.37589e-57
2.41006e-11 2.12991e-59 1.35429e-57
2.42091e-11 2.0996e-59 1.33299e-57
2.43182e-11 2.06966e-59 1.31199e-57
2.44277e-11 2.04008e-59 1.29129e-57
2.45377e-11 2.01087e-59 1.27089e-57
2.46482e-11 1.98201e-59 1.25078e-57
2.47592e-11 1.95351e-59 1.23096e-57
2.48707e-11 1.92536e-59 1.21143e-57
2.49827e-11 1.89756e-59 1.19218e-57
2.50952e-11 1.87011e-59 1.1732e-57
2.52083e-11 1.843e-59 1.1545e-57
2.53218e-11 1.81622e-59 1.13607e-57
2.54358e-11 1.78979e-59 1.11791e-57
2.55504e-11 1.76368e-59 1.10001e-57
2.56655e-11 1.73791e-59 1.08237e-57
2.57811e-11 1.71246e-59 1.06499e-57
2.58972e-11 1.68733e-59 1.04787e-57
2.60138e-11 1.66253e-59 1.03099e-57
2.6131e-11 1.63804e-59 1.01437e-57
2.62486e-11 1.61387e-59 9.97989e-58
2.63669e-11 1.59e-59 9.8185e-58
2.64856e-11 1.56645e-59 9.6595e-58
2.66049e-11 1.5432e-59 9.50286e-58
2.67247e-11 1.52025e-59 9.34854e-58
2.68451e-11 1.4976e-59 9.19651e-58
2.6966e-11 1.47524e-59 9.04675e-58
2.70874e-11 1.45318e-59 8.89923e-58
2.72094e-11 1.43141e-59 8.75391e-58
2.7332e-11 1.40993e-59 8.61077e-58
2.74551e-11 1.38873e-59 8.46978e-58
2.75787e-11 1.36781e-59 8.3309e-58
2.77029e-11 1.34716e-59 8.19412e-58
2.78277e-11 1.3268e-59 8.05941e-58
2.7953e-11 1.3067e-59 7.92673e-58
2.80789e-11 1.28688e-59 7.79606e-58
2.82054e-11 1.26732e-59 7.66737e-58
2.83324e-11 1.24802e-59 7.54064e-58
2.846e-11 1.22899e-59 7.41584e-58
2.85882e-11 1.21021e-59 7.29294e-58
2.87169e-11 1.19169e-59 7.17192e-58
2.88462e-11 1.17342e-59 7.05275e-58
2.89762e-11 1.1554e-59 6.9354e-58
2.91067e-11 1.13763e-59 6.81986e-58
2.92377e-11 1.1201e-59 6.7061e-58
2.93694e-11 1.10282e-59 6.59409e-58
2.95017e-11 1.08577e-59 6.48381e-58
2.96346e-11 1.06896e-59 6.37523e-58
2.9768e-11 1.05238e-59 6.26834e-58
2.99021e-11 1.03603e-59 6.1631e-58
3.00368e-11 1.01991e-59 6.05949e-58
3.0172e-11 1.00402e-59 5.9575e-58
3.03079e-11 9.88348e-60 5.8571e-58
3.04444e-11 9.72898e-60 5.75827e-58
3.05815e-11 9.57666e-60 5.66098e-58
3.07193e-11 9.42649e-60 5.56521e-58
3.08576e-11 9.27845e-60 5.47095e-58
3.09966e-11 9.13251e-60 5.37816e-58
3.11362e-11 8.98866e-60 5.28684e-58
3.12764e-11 8.84685e-60 5.19695e-58
3.14173e-11 8.70708e-60 5.10848e-58
3.15588e-11 8.56932e-60 5.02141e-58
3.17009e-11 8.43353e-60 4.93572e-58
3.18437e-11 8.29971e-60 4.85138e-58
3.19871e-11 8.16782e-60 4.76838e-58
3.21312e-11 8.03784e-60 4.68671e-58
3.22759e-11 7.90975e-60 4.60633e-58
3.24212e-11 7.78352e-60 4.52723e-58
3.25672e-11 7.65914e-60 4.4494e-58
3.27139e-11 7.53657e-60 4.3728e-58
3.28612e-11 7.41581e-60 4.29744e-58
3.30092e-11 7.29682e-60 4.22328e-58
3.31579e-11 7.17958e-60 4.15031e-58
3.33072e-11 7.06407e-60 4.07852e-58
3.34573e-11 6.95027e-60 4.00788e-58
3.36079e-11 6.83816e-60 3.93837e-58
3.37593e-11 6.72772e-60 3.86999e-58
3.39113e-11 6.61892e-60 3.80271e-58
3.40641e-11 6.51175e-60 3.73652e-58
3.42175e-11 6.40618e-60 3.67141e-58
3.43716e-11 6.30219e-60 3.60735e-58
3.45264e-11 6.19977e-60 3.54432e-58
3.46819e-11 6.09889e-60 3.48233e-58
3.48381e-11 5.99953e-60 3.42134e-58
3.4995e-11 5.90168e-60 3.36134e-58
3.51526e-11 5.80531e-60 3.30232e-58
3.53109e-11 5.7104e-60 3.24427e-58
3.54699e-11 5.61694e-60 3.18717e-58
3.56297e-11 5.52491e-60 3.131e-58
3.57901e-11 5.43428e-60 3.07575e-58
3.59513e-11 5.34504e-60 3.02141e-58
3.61132e-11 5.25717e-60 2.96796e-58
3.62759e-11 5.17065e-60 2.91538e-58
3.64393e-11 5.08546e-60 2.86368e-58
3.66034e-11 5.00159e-60 2.81282e-58
3.67682e-11 4.91902e-60 2.76281e-58
3.69338e-11 4.83773e-60 2.71362e-58
3.71002e-11 4.7577e-60 2.66524e-58
3.72672e-11 4.67892e-60 2.61766e-58
3.74351e-11 4.60136e-60 2.57087e-58
3.76037e-11 4.52502e-60 2.52486e-58
3.7773e-11 4.44987e-60 2.47961e-58
3.79432e-11 4.3759e-60 2.43511e-58
3.8114e-11 4.30309e-60 2.39135e-58
3.82857e-11 4.23143e-60 2.34832e-58
3.84581e-11 4.1609e-60 2.30601e-58
3.86313e-11 4.09148e-60 2.2644e-58
3.88053e-11 4.02316e-60 2.22348e-58
3.89801e-11 3.95593e-60 2.18325e-58
3.91556e-11 3.88976e-60 2.14369e-58
3.9332e-11 3.82465e-60 2.10479e-58
3.95091e-11 3.76057e-60 2.06655e-58
3.96871e-11 3.69752e-60 2.02894e-58
3.98658e-11 3.63548e-60 1.99197e-58
4.00453e-11 3.57443e-60 1.95561e-58
4.02257e-11 3.51436e-60 1.91987e-58
4.04069e-11 3.45525e-60 1.88472e-58
4.05888e-11 3.3971e-60 1.85017e-58
4.07716e-11 3.33989e-60 1.8162e-58
4.09553e-11 3.2836e-60 1.7828e-58
4.11397e-11 3.22822e-60 1.74997e-58
4.1325e-11 3.17374e-60 1.71768e-58
4.15111e-11 3.12014e-60 1.68595e-58
4.16981e-11 3.06742e-60 1.65474e-58
4.18859e-11 3.01555e-60 1.62407e-58
4.20745e-11 2.96453e-60 1.59392e-58
4.2264e-11 2.91435e-60 1.56427e-58
4.24543e-11 2.86498e-60 1.53513e-58
4.26455e-11 2.81643e-60 1.50648e-58
4.28376e-11 2.76867e-60 1.47831e-58
4.30305e-11 2.7217e-60 1.45063e-58
4.32243e-11 2.6755e-60 1.42341e-58
4.3419e-11 2.63006e-60 1.39665e-58
4.36146e-11 2.58537e-60 1.37035e-58
4.3811e-11 2.54142e-60 1.3445e-58
4.40083e-11 2.4982e-60 1.31909e-58
4.42065e-11 2.45569e-60 1.2941e-58
4.44056e-11 2.41389e-60 1.26955e-58
4.46056e-11 2.37279e-60 1.24541e-58
4.48065e-11 2.33236e-60 1.22168e-58
4.50083e-11 2.29262e-60 1.19836e-58
4.5211e-11 2.25353e-60 1.17543e-58
4.54146e-11 2.2151e-60 1.15289e-58
4.56191e-11 2.17731e-60 1.13074e-58
4.58246e-11 2.14016e-60 1.10897e-58
4.6031e-11 2.10363e-60 1.08757e-58
4.62383e-11 2.06771e-60 1.06653e-58
4.64465e-11 2.0324e-60 1.04586e-58
4.66557e-11 1.99768e-60 1.02553e-58
4.68658e-11 1.96354e-60 1.00555e-58
4.70769e-11 1.92998e-60 9.85919e-59
4.72889e-11 1.89699e-60 9.66619e-59
4.75019e-11 1.86456e-60 9.47649e-59
4.77158e-11 1.83267e-60 9.29004e-59
4.79307e-11 1.80133e-60 9.10677e-59
4.81466e-11 1.77052e-60 8.92664e-59
4.83634e-11 1.74023e-60 8.74959e-59
4.85812e-11 1.71046e-60 8.57556e-59
4.88e-11 1.68119e-60 8.40452e-59
4.90198e-11 1.65242e-60 8.2364e-59
4.92406e-11 1.62415e-60 8.07116e-59
4.94623e-11 1.59635e-60 7.90874e-59
4.96851e-11 1.56903e-60 7.74911e-59
4.99089e-11 1.54218e-60 7.5922e-59
5.01336e-11 1.51579e-60 7.43798e-59
5.03594e-11 1.48985e-60 7.28641e-59
5.05862e-11 1.46435e-60 7.13742e-59
5.08141e-11 1.4393e-60 6.99099e-59
5.10429e-11 1.41467e-60 6.84706e-59
5.12728e-11 1.39047e-60 6.70559e-59
5.15037e-11 1.36668e-60 6.56654e-59
5.17357e-11 1.3433e-60 6.42987e-59
5.19687e-11 1.32033e-60 6.29554e-59
5.22027e-11 1.29775e-60 6.16351e-59
5.24378e-11 1.27557e-60 6.03374e-59
5.2674e-11 1.25376e-60 5.90618e-59
5.29112e-11 1.23233e-60 5.7808e-59
5.31495e-11 1.21128e-60 5.65757e-59
5.33889e-11 1.19059e-60 5.53644e-59
5.36293e-11 1.17025e-60 5.41738e-59
5.38709e-11 1.15027e-60 5.30036e-59
5.41135e-11 1.13064e-60 5.18533e-59
5.43572e-11 1.11135e-60 5.07227e-59
5.4602e-11 1.09239e-60 4.96113e-59
5.48479e-11 1.07376e-60 4.85189e-59
5.50949e-11 1.05545e-60 4.74452e-59
5.53431e-11 1.03747e-60 4.63897e-59
5.55923e-11 1.0198e-60 4.53522e-59
5.58427e-11 1.00243e-60 4.43324e-59
5.60942e-11 9.85369e-61 4.333e-59
5.63468e-11 9.68604e-61 4.23446e-59
5.66006e-11 9.52131e-61 4.1376e-59
5.68555e-11 9.35946e-61 4.04239e-59
5.71116e-11 9.20044e-61 3.9488e-59
5.73688e-11 9.04419e-61 3.85679e-59
5.76272e-11 8.89067e-61 3.76635e-59
5.78867e-11 8.73984e-61 3.67744e-59
5.81474e-11 8.59164e-61 3.59005e-59
5.84093e-11 8.44603e-61 3.50413e-59
5.86723e-11 8.30297e-61 3.41967e-59
5.89366e-11 8.16242e-61 3.33664e-59
5.9202e-11 8.02432e-61 3.25501e-59
5.94686e-11 7.88865e-61 3.17477e-59
5.97365e-11 7.75534e-61 3.09588e-59
6.00055e-11 7.62438e-61 3.01833e-59
6.02758e-11 7.4957e-61 2.94209e-59
6.05472e-11 7.36929e-61 2.86713e-59
6.08199e-11 7.24508e-61 2.79344e-59
6.10938e-11 7.12306e-61 2.72099e-59
6.1369e-11 7.00317e-61 2.64976e-59
6.16454e-11 6.88539e-61 2.57972e-59
6.1923e-11 6.76967e-61 2.51087e-59
6.22019e-11 6.65598e-61 2.44317e-59
6.2482e-11 6.54428e-61 2.37661e-59
6.27634e-11 6.43454e-61 2.31117e-59
6.30461e-11 6.32672e-61 2.24683e-59
6.333e-11 6.2208e-61 2.18356e-59
6.36152e-11 6.11673e-61 2.12135e-59
6.39017e-11 6.01449e-61 2.06018e-59
6.41895e-11 5.91404e-61 2.00004e-59
6.44786e-11 5.81535e-61 1.9409e-59
6.4769e-11 5.71839e-61 1.88274e-59
6.50607e-11 5.62313e-61 1.82556e-59
6.53537e-11 5.52953e-61 1.76933e-59
6.56481e-11 5.43758e-61 1.71403e-59
6.59437e-11 5.34724e-61 1.65966e-59
6.62407e-11 5.25848e-61 1.60619e-59
6.65391e-11 5.17127e-61 1.5536e-59
6.68387e-11 5.08559e-61 1.50189e-59
6.71398e-11 5.00141e-61 1.45103e-59
6.74421e-11 4.91871e-61 1.40102e-59
6.77459e-11 4.83745e-61 1.35183e-59
6.8051e-11 4.7576e-61 1.30346e-59
6.83575e-11 4.67916e-61 1.25588e-59
6.86653e-11 4.60209e-61 1.20909e-59
6.89746e-11 4.52636e-61 1.16307e-59
6.92852e-11 4.45195e-61 1.11781e-59
6.95973e-11 4.37884e-61 1.07329e-59
6.99107e-11 4.30701e-61 1.0295e-59
7.02256e-11 4.23643e-61 9.86427e-60
7.05418e-11 4.16708e-61 9.44063e-60
7.08595e-11 4.09894e-61 9.02392e-60
7.11787e-11 4.03198e-61 8.61403e-60
7.14992e-11 3.96619e-61 8.21083e-60
7.18212e-11 3.90155e-61 7.81421e-60
7.21447e-11 3.83802e-61 7.42405e-60
7.24696e-11 3.7756e-61 7.04025e-60
7.2796e-11 3.71427e-61 6.66269e-60
7.31239e-11 3.654e-61 6.29126e-60
7.34532e-11 3.59477e-61 5.92586e-60
7.3784e-11 3.53657e-61 5.56639e-60
7.41163e-11 3.47938e-61 5.21273e-60
7.44501e-11 3.42318e-61 4.86479e-60
7.47854e-11 3.36795e-61 4.52247e-60
7.51222e-11 3.31367e-61 4.18568e-60
7.54605e-11 3.26034e-61 3.85431e-60
7.58004e-11 3.20792e-61 3.52828e-60
7.61418e-11 3.15641e-61 3.20749e-60
7.64847e-11 3.10578e-61 2.89184e-60
7.68292e-11 3.05603e-61 2.58127e-60
7.71752e-11 3.00713e-61 2.27566e-60
7.75228e-11 2.95907e-61 1.97495e-60
7.78719e-11 2.91184e-61 1.67904e-60
7.82226e-11 2.86542e-61 1.38786e-60
7.85749e-11 2.81979e-61 1.10132e-60
7.89288e-11 2.77495e-61 8.19338e-61
7.92842e-11 2.73088e-61 5.41843e-61
7.96413e-11 2.68755e-61 2.68755e-61
