2.34061, 3.03559, 3.9142, 4.99358, 6.27991, 7.76631, 9.4327, 11.2474, 13.1703, 15.1564, 17.1598, 19.1368, 21.0487, 22.8629, 24.5539, 26.1032, 27.4994, 28.7365, 29.8138, 30.7344, 31.5048, 32.1334, 32.6301, 33.0057, 33.2715, 33.4385, 33.5176, 33.5192, 33.4527, 33.3273, 33.151, 32.9312, 32.6746, 32.387, 32.0738, 31.7395, 31.3882, 31.0233, 30.648, 30.2648, 29.876, 29.4835, 29.089, 28.6938, 28.2992, 27.9061, 27.5153, 27.1275, 26.7433, 26.3632
2.37315, 3.07694, 3.96645, 5.05893, 6.36048, 7.86403, 9.5491, 11.3836, 13.3267, 15.333, 17.356, 19.3516, 21.2806, 23.1102, 24.8147, 26.3755, 27.7811, 29.0256, 30.1085, 31.033, 31.8055, 32.4348, 32.9309, 33.3048, 33.5679, 33.7314, 33.8063, 33.803, 33.7313, 33.6002, 33.418, 33.1921, 32.9293, 32.6355, 32.3159, 31.9753, 31.6176, 31.2465, 30.865, 30.4757, 30.081, 29.6826, 29.2824, 28.8817, 28.4817, 28.0833, 27.6874, 27.2946, 26.9056, 26.5207
2.40717, 3.12015, 4.02103, 5.12715, 6.44456, 7.96593, 9.67042, 11.5254, 13.4895, 15.5168, 17.5601, 19.575, 21.5217, 23.3672, 25.0855, 26.6582, 28.0735, 29.3257, 30.4142, 31.3425, 32.1172, 32.747, 33.2424, 33.6145, 33.8747, 34.0344, 34.1048, 34.0965, 34.0193, 33.8824, 33.694, 33.4618, 33.1924, 32.892, 32.5658, 32.2186, 31.8544, 31.4767, 31.0888, 30.6932, 30.2923, 29.8879, 29.4818, 29.0753, 28.6696, 28.2658, 27.8645, 27.4666, 27.0726, 26.6828
2.44277, 3.16535, 4.07809, 5.19842, 6.53234, 8.07228, 9.79698, 11.6733, 13.6593, 15.7083, 17.7727, 19.8075, 21.7725, 23.6344, 25.3671, 26.9519, 28.3771, 29.6371, 30.7314, 31.6635, 32.4403, 33.0708, 33.5653, 33.9353, 34.1924, 34.3482, 34.4139, 34.4002, 34.3172, 34.1741, 33.9793, 33.7404, 33.4643, 33.157, 32.8239, 32.4698, 32.0987, 31.7143, 31.3197, 30.9176, 30.5102, 30.0995, 29.6873, 29.2748, 28.8633, 28.4537, 28.047, 27.6437, 27.2445, 26.8497
2.48007, 3.21266, 4.13778, 5.27295, 6.62408, 8.18336, 9.92909, 11.8276, 13.8363, 15.9078, 17.9941, 20.0495, 22.0335, 23.9124, 25.6599, 27.2572, 28.6927, 29.9607, 31.0608, 31.9968, 32.7757, 33.4065, 33.9001, 34.2678, 34.5216, 34.6731, 34.7339, 34.7146, 34.6255, 34.476, 34.2744, 34.0285, 33.7453, 33.4308, 33.0905, 32.7292, 32.351, 31.9596, 31.558, 31.1491, 30.735, 30.3178, 29.8991, 29.4804, 29.0629, 28.6475, 28.235, 27.8262, 27.4215, 27.0215
2.51918, 3.26224, 4.20029, 5.35094, 6.72004, 8.29947, 10.0671, 11.9887, 14.021, 16.116, 18.225, 20.3018, 22.3054, 24.2018, 25.9646, 27.5748, 29.0208, 30.2969, 31.403, 32.3429, 33.1238, 33.755, 34.2474, 34.6126, 34.8628, 35.0099, 35.0654, 35.0402, 34.9447, 34.7883, 34.5797, 34.3265, 34.0358, 33.7139, 33.3661, 32.9973, 32.6116, 32.2128, 31.8041, 31.388, 30.967, 30.543, 30.1177, 29.6925, 29.2687, 28.8471, 28.4287, 28.0141, 27.6039, 27.1984
2.56022, 3.31424, 4.26581, 5.43264, 6.82049, 8.42095, 10.2114, 12.157, 14.2139, 16.3334, 18.4659, 20.5649, 22.5888, 24.5034, 26.2819, 27.9054, 29.3622, 30.6466, 31.7587, 32.7026, 33.4854, 34.1168, 34.6078, 34.9704, 35.2168, 35.3591, 35.409, 35.3776, 35.2754, 35.1118, 34.8957, 34.6349, 34.3365, 34.0066, 33.651, 33.2743, 32.8809, 32.4745, 32.0582, 31.6347, 31.2064, 30.7754, 30.3432, 29.9113, 29.4809, 29.053, 28.6284, 28.2078, 27.7918, 27.3807
2.60335, 3.36884, 4.33455, 5.51831, 6.92574, 8.54817, 10.3625, 12.3331, 14.4156, 16.5604, 18.7174, 20.8394, 22.8844, 24.8178, 26.6126, 28.2498, 29.7176, 31.0106, 32.1288, 33.0765, 33.8612, 34.4926, 34.9821, 35.3418, 35.5841, 35.7213, 35.7653, 35.7273, 35.618, 35.4469, 35.223, 34.9542, 34.6476, 34.3096, 33.9457, 33.5609, 33.1594, 32.7449, 32.3207, 31.8896, 31.4538, 31.0153, 30.5759, 30.1371, 29.6999, 29.2654, 28.8344, 28.4076, 27.9855, 27.5686
2.64871, 3.42622, 4.40676, 5.60822, 7.03614, 8.68151, 10.5207, 12.5175, 14.6266, 16.7978, 18.9803, 21.1262, 23.193, 25.1458, 26.9575, 28.6087, 30.0879, 31.3896, 32.514, 33.4656, 34.252, 34.8834, 35.3711, 35.7276, 35.9655, 36.0973, 36.135, 36.0901, 35.9732, 35.7943, 35.5621, 35.2849, 34.9697, 34.6231, 34.2506, 33.8573, 33.4473, 33.0245, 32.5921, 32.1529, 31.7092, 31.2631, 30.8163, 30.3701, 29.9258, 29.4845, 29.0468, 28.6136, 28.1852, 27.7623
2.69648, 3.48661, 4.48267, 5.70268, 7.15205, 8.82141, 10.6866, 12.7107, 14.8476, 17.0463, 19.2553, 21.4259, 23.5154, 25.4884, 27.3174, 28.9831, 30.4739, 31.7845, 32.9152, 33.8707, 34.6588, 35.2899, 35.7756, 36.1286, 36.3618, 36.4877, 36.5188, 36.4665, 36.3417, 36.1544, 35.9137, 35.6276, 35.3035, 34.9479, 34.5664, 34.1641, 33.7453, 33.3137, 32.8728, 32.4252, 31.9733, 31.5192, 31.0645, 30.6108, 30.1592, 29.7107, 29.2661, 28.8261, 28.3913, 27.962
2.74685, 3.55023, 4.56259, 5.80205, 7.27388, 8.96836, 10.8607, 12.9133, 15.0792, 17.3065, 19.5431, 21.7395, 23.8526, 25.8463, 27.6932, 29.374, 30.8767, 32.1964, 33.3334, 34.2927, 35.0824, 35.7129, 36.1964, 36.5457, 36.7737, 36.8935, 36.9174, 36.8573, 36.7242, 36.5282, 36.2783, 35.9829, 35.6494, 35.2843, 34.8934, 34.4817, 34.0537, 33.613, 33.1631, 32.7067, 32.2463, 31.7838, 31.3211, 30.8594, 30.4001, 29.9442, 29.4924, 29.0454, 28.6038, 28.168
2.80002, 3.61733, 4.64682, 5.90669, 7.40208, 9.12286, 11.0437, 13.126, 15.3222, 17.5794, 19.8447, 22.068, 24.2054, 26.2207, 28.0862, 29.7823, 31.2973, 32.6262, 33.7696, 34.7327, 35.5238, 36.1536, 36.6346, 36.9796, 37.2022, 37.3153, 37.3317, 37.2634, 37.1215, 36.9161, 36.6567, 36.3515, 36.0082, 35.6331, 35.2323, 34.8108, 34.3731, 33.9229, 33.4636, 32.9981, 32.5287, 32.0575, 31.5863, 31.1164, 30.6491, 30.1854, 29.7261, 29.2719, 28.8232, 28.3806
2.85624, 3.68821, 4.7357, 6.01702, 7.53714, 9.2855, 11.2361, 13.3496, 15.5774, 17.8659, 20.161, 22.4122, 24.575, 26.6127, 28.4973, 30.2093, 31.7368, 33.0752, 34.225, 35.1918, 35.9841, 36.613, 37.091, 37.4316, 37.6482, 37.7543, 37.7627, 37.6856, 37.5342, 37.3191, 37.0496, 36.7341, 36.3804, 35.9949, 35.5837, 35.1519, 34.704, 34.2438, 33.7748, 33.2997, 32.8209, 32.3407, 31.8606, 31.3821, 30.9065, 30.4347, 29.9676, 29.5058, 29.0498, 28.6001
2.91576, 3.76318, 4.82963, 6.1335, 7.6796, 9.45692, 11.4387, 13.5849, 15.8458, 18.1668, 20.4931, 22.7734, 24.9625, 27.0234, 28.9278, 30.6561, 32.1966, 33.5445, 34.7008, 35.6712, 36.4645, 37.0921, 37.5669, 37.9025, 38.1128, 38.2113, 38.2111, 38.1247, 37.9634, 37.738, 37.4578, 37.1315, 36.7667, 36.3703, 35.9482, 35.5056, 35.0471, 34.5764, 34.0971, 33.612, 33.1235, 32.6337, 32.1444, 31.6569, 31.1726, 30.6924, 30.2171, 29.7474, 29.2838, 28.8267
2.97887, 3.84259, 4.92902, 6.25665, 7.83008, 9.63781, 11.6524, 13.8328, 16.1283, 18.4834, 20.8422, 23.1527, 25.3692, 27.4541, 29.379, 31.1242, 32.6778, 34.0355, 35.1983, 36.1721, 36.9663, 37.5923, 38.0635, 38.3937, 38.597, 38.6874, 38.6781, 38.5817, 38.41, 38.1736, 37.8821, 37.5444, 37.1681, 36.7602, 36.3266, 35.8726, 35.4029, 34.9213, 34.4312, 33.9356, 33.4369, 32.9371, 32.4381, 31.9413, 31.4479, 30.9589, 30.4751, 29.9972, 29.5257, 29.0609
3.0459, 3.92684, 5.03436, 6.38703, 7.98923, 9.82896, 11.878, 14.0942, 16.426, 18.8167, 21.2096, 23.5516, 25.7965, 27.9064, 29.8525, 31.6149, 33.1821, 34.5496, 35.7189, 36.6961, 37.4908, 38.1149, 38.582, 38.9063, 39.1021, 39.1838, 39.1647, 39.0578, 38.8749, 38.6269, 38.3235, 37.9737, 37.5853, 37.1652, 36.7195, 36.2536, 35.7722, 35.279, 34.7777, 34.2711, 33.7616, 33.2515, 32.7424, 32.2358, 31.7329, 31.2347, 30.742, 30.2555, 29.7757, 29.3029
3.11722, 4.01637, 5.14618, 6.52528, 8.15782, 10.0312, 12.1165, 14.3704, 16.7402, 19.1682, 21.5965, 23.9715, 26.246, 28.3818, 30.3498, 32.13, 33.7111, 35.0886, 36.2643, 37.2446, 38.0395, 38.6613, 39.1238, 39.4416, 39.6294, 39.7017, 39.6722, 39.5541, 39.3593, 39.099, 38.783, 38.4204, 38.0191, 37.5862, 37.1278, 36.6494, 36.1556, 35.6503, 35.1372, 34.619, 34.0984, 33.5773, 33.0576, 32.5408, 32.028, 31.5202, 31.0182, 30.5227, 30.0342, 29.5531
3.19323, 4.11167, 5.26507, 6.67211, 8.33668, 10.2456, 12.3689, 14.6625, 17.0722, 19.5393, 22.0048, 24.414, 26.7193, 28.882, 30.8726, 32.6712, 34.2664, 35.654, 36.8361, 37.8194, 38.6142, 39.2332, 39.6906, 40.0013, 40.1803, 40.2425, 40.2019, 40.0717, 39.8643, 39.5909, 39.2616, 38.8854, 38.4706, 38.0242, 37.5524, 37.0607, 36.5539, 36.036, 35.5104, 34.9801, 34.4477, 33.9152, 33.3844, 32.8568, 32.3336, 31.8158, 31.3041, 30.7993, 30.3018, 29.8119
3.27441, 4.21333, 5.39171, 6.82832, 8.52675, 10.4732, 12.6367, 14.9719, 17.4236, 19.9316, 22.4359, 24.881, 27.2184, 29.409, 31.423, 33.2405, 34.8501, 36.2479, 37.4363, 38.4222, 39.2165, 39.8322, 40.2839, 40.5868, 40.7564, 40.8077, 40.7551, 40.6121, 40.3912, 40.1039, 39.7604, 39.37, 38.9408, 38.48, 37.9941, 37.4885, 36.968, 36.4367, 35.898, 35.355, 34.8102, 34.2658, 33.7234, 33.1845, 32.6504, 32.1221, 31.6003, 31.0857, 30.5787, 30.0797
3.36128, 4.32196, 5.52687, 6.99483, 8.72909, 10.7151, 12.921, 15.3001, 17.7959, 20.3469, 22.892, 25.3745, 27.7454, 29.9648, 32.0031, 33.84, 35.4643, 36.8724, 38.0669, 39.0552, 39.8485, 40.4603, 40.9055, 41.1999, 41.3592, 41.3988, 41.3333, 41.1767, 40.9414, 40.6393, 40.2807, 39.8751, 39.4307, 38.9549, 38.454, 37.9337, 37.3988, 36.8533, 36.3009, 35.7446, 35.1868, 34.6297, 34.0751, 33.5245, 32.979, 32.4397, 31.9072, 31.3824, 30.8655, 30.357
3.45446, 4.4383, 5.67142, 7.17265, 8.9449, 10.9729, 13.2235, 15.649, 18.1912, 20.7873, 23.375, 25.8967, 28.3024, 30.552, 32.6153, 34.4721, 36.1114, 37.5298, 38.7302, 39.7205, 40.5123, 41.1195, 41.5576, 41.8426, 41.9907, 42.0176, 41.9383, 41.767, 41.5164, 41.1985, 40.8239, 40.4022, 39.9416, 39.4498, 38.9332, 38.3973, 37.8471, 37.2868, 36.7199, 36.1495, 35.578, 35.0077, 34.4403, 33.8773, 33.3199, 32.769, 32.2255, 31.6899, 31.1627, 30.6442
3.55464, 4.56318, 5.82633, 7.36295, 9.17553, 11.248, 13.546, 16.0203, 18.6114, 21.2551, 23.8875, 26.4501, 28.8922, 31.173, 33.2621, 35.1395, 36.794, 38.2226, 39.4287, 40.4205, 41.2102, 41.8121, 42.2422, 42.5169, 42.6528, 42.666, 42.5719, 42.3848, 42.1178, 41.7831, 41.3914, 40.9525, 40.4749, 39.9661, 39.4327, 38.8804, 38.3142, 37.7382, 37.156, 36.5707, 35.9849, 35.4006, 34.8198, 34.2438, 33.6738, 33.1108, 32.5556, 32.0088, 31.4707, 30.9419
3.66262, 4.69755, 5.99275, 7.56706, 9.42252, 11.5421, 13.8903, 16.4164, 19.0591, 21.7527, 24.4321, 27.0376, 29.5176, 31.8308, 33.9467, 35.845, 37.5149, 38.9537, 40.1651, 41.1581, 41.9449, 42.5407, 42.9618, 43.2251, 43.3477, 43.3461, 43.236, 43.0319, 42.7474, 42.3947, 41.9848, 41.5276, 41.0318, 40.505, 39.9539, 39.3842, 38.801, 38.2084, 37.6101, 37.0092, 36.4082, 35.8093, 35.2142, 34.6245, 34.0414, 33.4657, 32.8982, 32.3396, 31.7902, 31.2505
3.77933, 4.84252, 6.17198, 7.7865, 9.68764, 11.8574, 14.2589, 16.8397, 19.5369, 22.2831, 25.0119, 27.6622, 30.1818, 32.5287, 34.6721, 36.5919, 38.2775, 39.7263, 40.9427, 41.936, 42.7192, 43.3079, 43.7189, 43.9698, 44.0779, 44.0602, 43.9327, 43.7104, 43.4071, 43.0351, 42.6058, 42.1292, 41.614, 41.0681, 40.4982, 39.91, 39.3088, 38.6986, 38.0833, 37.4658, 36.8489, 36.2345, 35.6246, 35.0205, 34.4234, 33.8344, 33.2541, 32.6831, 32.1218, 31.5706
3.90585, 4.99937, 6.36551, 8.02304, 9.97292, 12.1961, 14.6542, 17.293, 20.0478, 22.8496, 25.6303, 28.3276, 30.8884, 33.2703, 35.4422, 37.384, 39.0852, 40.5439, 41.7647, 42.7577, 43.5364, 44.1169, 44.5166, 44.7537, 44.8459, 44.8108, 44.6645, 44.4226, 44.099, 43.7064, 43.2564, 42.7589, 42.2232, 41.6569, 41.0669, 40.4592, 39.8388, 39.2101, 38.5768, 37.9419, 37.308, 36.6773, 36.0517, 35.4324, 34.8208, 34.2177, 33.6239, 33.0399, 32.4661, 31.9029
4.04345, 5.16957, 6.5751, 8.2787, 10.2807, 12.5608, 15.0791, 17.7795, 20.5955, 23.4558, 26.2911, 29.0377, 31.6416, 34.0598, 36.261, 38.2252, 39.9421, 41.4103, 42.635, 43.6268, 44.3999, 44.9709, 45.3581, 45.5799, 45.6547, 45.6005, 45.434, 45.1709, 44.8255, 44.4108, 43.9384, 43.4188, 42.861, 42.273, 41.6618, 41.0333, 40.3926, 39.7442, 39.0918, 38.4384, 37.7867, 37.1388, 36.4965, 35.8613, 35.2343, 34.6164, 34.0084, 33.4107, 32.8238, 32.248
4.19362, 5.35488, 6.80278, 8.55585, 10.6137, 12.9547, 15.5372, 18.3031, 21.1837, 24.1061, 26.9988, 29.7971, 32.446, 34.9019, 37.1333, 39.1202, 40.8528, 42.3301, 43.5579, 44.5474, 45.3136, 45.8738, 46.2468, 46.4517, 46.5075, 46.4325, 46.244, 45.958, 45.5891, 45.1506, 44.6543, 44.1109, 43.5296, 42.9185, 42.2845, 41.6339, 40.9717, 40.3024, 39.6297, 38.9568, 38.2861, 37.6201, 36.9602, 36.3081, 35.6649, 35.0314, 34.4084, 33.7964, 33.1957, 32.6066
4.35811, 5.55736, 7.05097, 8.85726, 10.975, 13.3812, 16.0323, 18.8679, 21.8173, 24.8051, 27.7585, 30.6111, 33.3068, 35.8017, 38.0641, 40.0741, 41.8222, 43.308, 44.538, 45.5241, 46.282, 46.8298, 47.1868, 47.373, 47.4079, 47.3102, 47.0977, 46.7868, 46.3925, 45.9284, 45.4065, 44.8376, 44.2311, 43.5952, 42.9371, 42.2629, 41.5777, 40.8862, 40.192, 39.4983, 38.8077, 38.1223, 37.4439, 36.774, 36.1136, 35.4637, 34.8249, 34.1977, 33.5825, 32.9794
4.53905, 5.77946, 7.32248, 9.1862, 11.3684, 13.8446, 16.569, 19.4791, 22.5014, 25.5587, 28.5759, 31.4854, 34.2301, 36.7655, 39.0596, 41.0928, 42.8562, 44.3497, 45.5808, 46.562, 47.3099, 47.8434, 48.1826, 48.3479, 48.3597, 48.2372, 47.9986, 47.6608, 47.239, 46.7472, 46.1977, 45.6014, 44.9679, 44.3055, 43.6215, 42.9221, 42.2126, 41.4974, 40.7803, 40.0646, 39.3527, 38.6469, 37.9489, 37.2601, 36.5816, 35.9143, 35.2588, 34.6156, 33.9851, 33.3674
4.73895, 6.02411, 7.62072, 9.54653, 11.7983, 14.3497, 17.1527, 20.1422, 23.2422, 26.3731, 29.4578, 32.427, 35.2228, 37.8, 40.1265, 42.1831, 43.9611, 45.4615, 46.6923, 47.667, 48.403, 48.92, 49.239, 49.3812, 49.3674, 49.2177, 48.9506, 48.5834, 48.1319, 47.6102, 47.0309, 46.4051, 45.7426, 45.0518, 44.3401, 43.6138, 42.8782, 42.1378, 41.3964, 40.6572, 39.9227, 39.1952, 38.4764, 37.7676, 37.07, 36.3843, 35.7112, 35.0512, 34.4045, 33.7712
4.96091, 6.29484, 7.94972, 9.94287, 12.2698, 14.9023, 17.7897, 20.8643, 24.0471, 27.256, 30.4119, 33.4438, 36.2928, 38.9131, 41.2727, 43.3524, 45.1445, 46.6505, 47.8793, 48.8454, 49.5672, 50.0654, 50.3616, 50.478, 50.436, 50.2563, 49.958, 49.5589, 49.075, 48.5209, 47.9094, 47.2518, 46.5581, 45.8368, 45.0954, 44.3403, 43.5768, 42.8095, 42.0421, 41.2779, 40.5195, 39.769, 39.028, 38.298, 37.5801, 36.8749, 36.1832, 35.5054, 34.8416, 34.192
5.20866, 6.59595, 8.31439, 10.3808, 12.7892, 15.5092, 18.4875, 21.6532, 24.9244, 28.2162, 31.4472, 34.545, 37.4493, 40.114, 42.507, 44.6097, 46.4147, 47.9247, 49.1496, 50.1048, 50.8098, 51.2862, 51.5567, 51.6442, 51.5709, 51.3581, 51.0256, 50.5916, 50.0725, 49.4832, 48.8368, 48.1449, 47.4175, 46.6635, 45.8902, 45.1042, 44.3108, 43.5147, 42.7196, 41.9288, 41.1448, 40.3697, 39.6053, 38.8528, 38.1133, 37.3875, 36.6761, 35.9794, 35.2975, 34.6307
5.48686, 6.9327, 8.7207, 10.867, 13.364, 16.1788, 19.2551, 22.5186, 25.8842, 29.2641, 32.5745, 35.7412, 38.703, 41.4132, 43.8399, 45.9648, 47.7816, 49.2936, 50.512, 51.4536, 52.1386, 52.59, 52.8313, 52.8864, 52.7784, 52.5291, 52.1589, 51.6866, 51.1291, 50.5016, 49.8174, 49.0883, 48.3246, 47.5351, 46.7275, 45.9083, 45.0829, 44.256, 43.4312, 42.612, 41.8007, 40.9995, 40.21, 39.4336, 38.6712, 37.9235, 37.1912, 36.4745, 35.7735, 35.0885
5.80128, 7.31163, 9.17601, 11.4097, 14.0032, 16.9209, 20.1031, 23.4718, 26.9384, 30.412, 33.8063, 37.0452, 40.0665, 42.8231, 45.2833, 47.4295, 49.2561, 50.7678, 51.9769, 52.9013, 53.5628, 53.9852, 54.1935, 54.2122, 54.0653, 53.7756, 53.364, 52.8497, 52.2501, 51.5808, 50.8555, 50.086, 49.283, 48.4553, 47.6108, 46.7558, 45.896, 45.0359, 44.1795, 43.3297, 42.4893, 41.6602, 40.844, 40.0421, 39.2554, 38.4845, 37.7299, 36.992, 36.2708, 35.5665
6.15922, 7.74089, 9.68945, 12.0191, 14.7181, 17.7478, 21.0446, 24.5266, 28.1014, 31.6746, 35.1573, 38.4717, 41.5544, 44.3582, 46.8514, 49.0173, 50.8515, 52.3597, 53.5558, 54.4591, 55.0927, 55.4818, 55.6523, 55.63, 55.4398, 55.1051, 54.6476, 54.0871, 53.4414, 52.7265, 51.9562, 51.143, 50.2972, 49.4282, 48.5436, 47.6502, 46.7533, 45.8577, 44.9671, 44.0847, 43.2131, 42.3541, 41.5095, 40.6804, 39.8677, 39.0721, 38.2939, 37.5335, 36.7908, 36.066
6.56999, 8.23083, 10.2725, 12.7078, 15.5226, 18.6744, 22.0956, 25.6998, 29.3905, 33.0696, 36.6456, 40.0386, 43.1844, 46.0355, 48.5607, 50.7441, 52.5827, 54.0837, 55.2624, 56.1398, 56.7404, 57.0907, 57.2182, 57.1495, 56.9106, 56.5258, 56.0175, 55.406, 54.7096, 53.9446, 53.1254, 52.2643, 51.3721, 50.4582, 49.5304, 48.5952, 47.6584, 46.7244, 45.7972, 44.8798, 43.9747, 43.0838, 42.2087, 41.3506, 40.5102, 39.6882, 38.8849, 38.1005, 37.335, 36.5884
7.04563, 8.79471, 10.9398, 13.4919, 16.4339, 19.7194, 23.2758, 27.0119, 30.8267, 34.6184, 38.2924, 41.7671, 44.9773, 47.8753, 50.4307, 52.6287, 54.4676, 55.9565, 57.1125, 57.958, 58.5195, 58.825, 58.9031, 58.7819, 58.4883, 58.0474, 57.4825, 56.8145, 56.0622, 55.2422, 54.3692, 53.4559, 52.5131, 51.5504, 50.5755, 49.5953, 48.6152, 47.64, 46.6732, 45.7181, 44.777, 43.8519, 42.9442, 42.0549, 41.185, 40.3348, 39.5047, 38.6948, 37.905, 37.1353
7.60194, 9.44974, 11.71, 14.3917, 17.4741, 20.906, 24.6096, 28.4883, 32.4362, 36.3473, 40.1241, 43.6831, 46.9582, 49.9019, 52.4846, 54.693, 56.5272, 57.998, 59.1245, 59.9312, 60.4463, 60.6995, 60.7209, 60.5399, 60.1844, 59.6807, 59.0526, 58.3218, 57.5076, 56.627, 55.695, 54.7244, 53.7263, 52.7104, 51.6844, 50.6552, 49.6283, 48.6083, 47.5989, 46.6032, 45.6234, 44.6614, 43.7187, 42.7961, 41.8945, 41.0142, 40.1555, 39.3184, 38.5027, 37.7084
8.25998, 10.2186, 12.6077, 15.4336, 18.6712, 22.2639, 26.128, 30.1609, 34.2511, 38.2886, 42.1726, 45.8178, 49.1575, 52.1445, 54.7505, 56.9637, 58.7863, 60.2314, 61.3202, 62.0796, 62.5395, 62.7316, 62.6875, 62.4382, 62.0127, 61.4382, 60.7394, 59.9386, 59.0556, 58.108, 57.1108, 56.0773, 55.0187, 53.9445, 52.8628, 51.7803, 50.7025, 49.634, 48.5785, 47.5388, 46.5173, 45.5157, 44.5353, 43.577, 42.6414, 41.7289, 40.8395, 39.9733, 39.1301, 38.3095
9.0483, 11.1318, 13.6655, 16.6522, 20.0618, 23.8315, 27.8705, 32.0698, 36.3122, 40.4827, 44.4777, 48.21, 51.6125, 54.6388, 57.262, 59.4725, 61.2747, 62.6845, 63.7255, 64.427, 64.8211, 64.9415, 64.8217, 64.494, 63.9888, 63.3342, 62.5559, 61.6768, 60.7173, 59.6952, 58.626, 57.5231, 56.3979, 55.2599, 54.1172, 52.9766, 51.8434, 50.7223, 49.6167, 48.5295, 47.4629, 46.4184, 45.3975, 44.4007, 43.4286, 42.4815, 41.5593, 40.662, 39.7892, 38.9406
10.0064, 12.2309, 14.9271, 18.0936, 21.6942, 25.6585, 29.8883, 34.2669, 38.6708, 42.9805, 47.089, 50.9075, 54.3691, 57.4283, 60.0603, 62.2579, 64.0285, 65.3907, 66.3712, 67.0018, 67.3172, 67.3533, 67.1454, 66.7273, 66.131, 65.3855, 64.5174, 63.5504, 62.5053, 61.4003, 60.2512, 59.0716, 57.8729, 56.6647, 55.4551, 54.2508, 53.0572, 51.8787, 50.7187, 49.5799, 48.4644, 47.3737, 46.3089, 45.2707, 44.2593, 43.275, 42.3176, 41.3869, 40.4825, 39.6039
11.1902, 13.5737, 16.4528, 19.8205, 23.6329, 27.8112, 32.2482, 36.8191, 41.3936, 45.847, 50.0694, 53.9708, 57.4847, 60.5672, 63.1961, 65.3671, 67.0912, 68.3903, 69.2943, 69.838, 70.059, 69.9953, 69.6843, 69.1617, 68.4607, 67.6115, 66.6417, 65.5755, 64.4342, 63.2366, 61.9985, 60.7337, 59.4537, 58.1681, 56.885, 55.6108, 54.351, 53.1098, 51.8904, 50.6955, 49.527, 48.3862, 47.2739, 46.1908, 45.1371, 44.1127, 43.1175, 42.1509, 41.2126, 40.3019
12.6806, 15.2427, 18.3271, 21.9193, 25.9662, 30.3788, 35.0396, 39.8149, 44.567, 49.1662, 53.4995, 57.4765, 61.0315, 64.1231, 66.7322, 68.8584, 70.5165, 71.7324, 72.5397, 72.9766, 73.0835, 72.9012, 72.4693, 71.825, 71.0031, 70.0352, 68.9494, 67.7708, 66.5211, 65.2194, 63.8819, 62.5222, 61.1519, 59.7806, 58.4162, 57.0652, 55.7327, 54.4228, 53.1386, 51.8825, 50.6562, 49.4608, 48.2972, 47.1656, 46.066, 44.9984, 43.9623, 42.9572, 41.9824, 41.0373
14.598, 17.3585, 20.6714, 24.5124, 28.817, 33.4838, 38.3838, 43.373, 48.3061, 53.0482, 57.4842, 61.5233, 65.1018, 68.1817, 70.7477, 72.8043, 74.3708, 75.4776, 76.1624, 76.4674, 76.436, 76.1119, 75.5369, 74.7503, 73.7883, 72.6834, 71.4649, 70.1583, 68.7859, 67.3668, 65.9175, 64.4516, 62.9807, 61.5142, 60.0599, 58.624, 57.2114, 55.826, 54.4707, 53.1476, 51.8583, 50.6035, 49.384, 48.1997, 47.0505, 45.9361, 44.8559, 43.8092, 42.7951, 41.8129
17.1274, 20.1022, 23.6647, 27.7771, 32.3604, 37.2983, 42.4483, 47.6553, 52.7658, 57.6402, 62.1614, 66.24, 69.815, 72.8526, 75.3432, 77.2964, 78.7371, 79.7009, 80.2303, 80.3714, 80.1713, 79.6767, 78.9316, 77.9774, 76.8517, 75.5882, 74.2168, 72.7638, 71.2516, 69.6997, 68.1243, 66.5391, 64.9556, 63.3829, 61.8285, 60.2984, 58.7973, 57.3287, 55.8953, 54.4987, 53.1403, 51.8207, 50.5402, 49.2986, 48.0955, 46.9304, 45.8024, 44.7108, 43.6544, 42.6322
20.5632, 23.7552, 27.5788, 31.9772, 36.8521, 42.0692, 47.4701, 52.8873, 58.159, 63.1413, 67.7165, 71.7974, 75.3274, 78.2787, 80.6479, 82.4514, 83.7206, 84.4968, 84.8278, 84.7643, 84.3571, 83.6558, 82.7072, 81.5544, 80.2364, 78.7879, 77.2396, 75.618, 73.9458, 72.2425, 70.5242, 68.8045, 67.0943, 65.4026, 63.7366, 62.1018, 60.5025, 58.9418, 57.422, 55.9446, 54.5105, 53.1198, 51.7726, 50.4684, 49.2067, 47.9864, 46.8067, 45.6663, 44.5641, 43.4988
25.3932, 28.7713, 32.8412, 37.5179, 42.677, 48.1609, 53.7924, 59.3903, 64.7844, 69.8274, 74.4023, 78.4259, 81.8479, 84.648, 86.8308, 88.4206, 89.4561, 89.9854, 90.0618, 89.7408, 89.0773, 88.1239, 86.9298, 85.5399, 83.9943, 82.3287, 80.5742, 78.7574, 76.9011, 75.0244, 73.1433, 71.2709, 69.4176, 67.5921, 65.8009, 64.0491, 62.3404, 60.6775, 59.0622, 57.4955, 55.9778, 54.509, 53.0887, 51.7162, 50.3903, 49.1099, 47.8738, 46.6805, 45.5286, 44.4167
32.4656, 35.9137, 40.1502, 45.0441, 50.4324, 56.1267, 61.9262, 67.634, 73.0712, 78.0882, 82.5708, 86.4418, 89.6594, 92.2126, 94.1157, 95.4021, 96.1188, 96.321, 96.0682, 95.4207, 94.4374, 93.1738, 91.6812, 90.0059, 88.1891, 86.2668, 84.2702, 82.226, 80.1563, 78.08, 76.0124, 73.9658, 71.9502, 69.9733, 68.0411, 66.1579, 64.3269, 62.55, 60.8286, 59.1629, 57.5528, 55.998, 54.4973, 53.0496, 51.6535, 50.3075, 49.0099, 47.759, 46.5531, 45.3905
43.3381, 46.5328, 50.6996, 55.6244, 61.0815, 66.8363, 72.6562, 78.3242, 83.652, 88.4885, 92.7238, 96.2892, 99.1535, 101.317, 102.805, 103.66, 103.94, 103.705, 103.023, 101.958, 100.572, 98.9227, 97.0638, 95.0421, 92.8993, 90.6711, 88.3884, 86.0771, 83.7586, 81.4509, 79.1682, 76.9218, 74.7208, 72.572, 70.4801, 68.4489, 66.4804, 64.576, 62.7359, 60.9601, 59.2476, 57.5974, 56.008, 54.4776, 53.0044, 51.5864, 50.2215, 48.9078, 47.6431, 46.4254
61.0652, 63.1601, 66.6404, 71.1166, 76.2449, 81.7111, 87.231, 92.5575, 97.488, 101.869, 105.594, 108.606, 110.884, 112.44, 113.312, 113.554, 113.228, 112.406, 111.158, 109.552, 107.653, 105.52, 103.207, 100.761, 98.2228, 95.627, 93.0032, 90.3759, 87.7651, 85.1872, 82.6548, 80.178, 77.7641, 75.4186, 73.1452, 70.9461, 68.8224, 66.7744, 64.8015, 62.9026, 61.0761, 59.32, 57.6322, 56.0104, 54.4522, 52.955, 51.5164, 50.1338, 48.8048, 47.5271
