0, 0, 0, 0, 0, 0, 0, 0, 0, 0, 0, 2.35475e-32, 3.63863e-28, 6.32151e-26, 3.98065e-24, 1.18825e-22, 2.00689e-21, 2.17652e-20, 1.66282e-19, 9.58928e-19, 4.39937e-18, 1.67217e-17, 5.43593e-17, 1.55009e-16, 3.9571e-16, 9.19491e-16, 1.9716e-15, 3.94608e-15, 7.44393e-15, 1.33464e-14, 2.2912e-14, 3.79143e-14, 6.08547e-14, 9.53056e-14, 1.46469e-13, 2.22067e-13, 3.33707e-13, 4.98853e-13, 7.43519e-13, 1.10569e-12, 1.63938e-12, 2.41909e-12, 3.54417e-12, 5.14262e-12, 7.37376e-12, 1.0429e-11, 1.45302e-11, 1.9926e-11, 2.68847e-11, 3.56854e-11
0, 0, 0, 0, 0, 0, 0, 0, 0, 0, 0, 5.97246e-29, 1.97218e-26, 1.86057e-24, 7.3038e-23, 1.48911e-21, 1.84046e-20, 1.54039e-19, 9.468e-19, 4.54061e-18, 1.77919e-17, 5.90298e-17, 1.70543e-16, 4.3874e-16, 1.02333e-15, 2.19613e-15, 4.38967e-15, 8.25632e-15, 1.47408e-14, 2.51742e-14, 4.14057e-14, 6.60049e-14, 1.0259e-13, 1.56365e-13, 2.34991e-13, 3.4992e-13, 5.18365e-13, 7.65988e-13, 1.13036e-12, 1.66511e-12, 2.4444e-12, 3.56752e-12, 5.16274e-12, 7.39004e-12, 1.0442e-11, 1.45421e-11, 1.9941e-11, 2.69091e-11, 3.57277e-11, 4.66773e-11
0, 0, 0, 0, 0, 0, 0, 0, 0, 0, 6.30184e-30, 5.28002e-27, 8.12953e-25, 4.40147e-23, 1.11233e-21, 1.58927e-20, 1.46778e-19, 9.64535e-19, 4.83872e-18, 1.95329e-17, 6.60483e-17, 1.92988e-16, 4.99362e-16, 1.16685e-15, 2.50155e-15, 4.98473e-15, 9.33269e-15, 1.65683e-14, 2.81114e-14, 4.5905e-14, 7.26081e-14, 1.1191e-13, 1.69052e-13, 2.51674e-13, 3.71145e-13, 5.44511e-13, 7.97211e-13, 1.16659e-12, 1.70608e-12, 2.48987e-12, 3.61753e-12, 5.21803e-12, 7.45255e-12, 1.05153e-11, 1.4632e-11, 2.00557e-11, 2.70594e-11, 3.59266e-11, 4.694e-11, 6.03679e-11
0, 0, 0, 0, 0, 0, 0, 0, 0, 1.48511e-31, 1.15618e-27, 3.26402e-25, 2.59166e-23, 8.38775e-22, 1.40881e-20, 1.4471e-19, 1.01967e-18, 5.35186e-18, 2.22282e-17, 7.64456e-17, 2.25368e-16, 5.85087e-16, 1.36636e-15, 2.9196e-15, 5.78761e-15, 1.07658e-14, 1.89717e-14, 3.19322e-14, 5.17026e-14, 8.10521e-14, 1.23766e-13, 1.85152e-13, 2.72879e-13, 3.98287e-13, 5.7835e-13, 8.38416e-13, 1.21577e-12, 1.76393e-12, 2.5574e-12, 3.69646e-12, 5.31126e-12, 7.56471e-12, 1.06533e-11, 1.48055e-11, 2.02772e-11, 2.73443e-11, 3.62931e-11, 4.74079e-11, 6.09582e-11, 7.7185e-11
0, 0, 0, 0, 0, 0, 0, 0, 0, 1.9238e-28, 1.17553e-25, 1.48432e-23, 6.40903e-22, 1.29073e-20, 1.48723e-19, 1.12652e-18, 6.18239e-18, 2.63616e-17, 9.19419e-17, 2.72624e-16, 7.07914e-16, 1.64735e-15, 3.49877e-15, 6.88263e-15, 1.26914e-14, 2.21566e-14, 3.69306e-14, 5.92007e-14, 9.18657e-14, 1.38829e-13, 2.05498e-13, 2.99606e-13, 4.32531e-13, 6.21266e-13, 8.91201e-13, 1.27976e-12, 1.8408e-12, 2.64951e-12, 3.8073e-12, 5.44606e-12, 7.73102e-12, 1.08616e-11, 1.50695e-11, 2.06142e-11, 2.77749e-11, 3.68406e-11, 4.80975e-11, 6.18157e-11, 7.82353e-11, 9.75538e-11
0, 0, 0, 0, 0, 0, 0, 0, 2.11552e-29, 3.66697e-26, 8.21811e-24, 4.98794e-22, 1.23321e-20, 1.60846e-19, 1.31206e-18, 7.51564e-18, 3.27883e-17, 1.15508e-16, 3.43079e-16, 8.87557e-16, 2.05062e-15, 4.31482e-15, 8.39824e-15, 1.53118e-14, 2.64216e-14, 4.35257e-14, 6.89612e-14, 1.05775e-13, 1.58009e-13, 2.31195e-13, 3.33174e-13, 4.75422e-13, 6.75047e-13, 9.57621e-13, 1.36092e-12, 1.93942e-12, 2.7694e-12, 3.95389e-12, 5.62708e-12, 7.95721e-12, 1.11473e-11, 1.5433e-11, 2.10779e-11, 2.83648e-11, 3.75858e-11, 4.90287e-11, 6.29639e-11, 7.963e-11, 9.92207e-11, 1.21874e-10
0, 0, 0, 0, 0, 0, 0, 9.81978e-31, 9.398e-27, 4.36094e-24, 3.98299e-22, 1.24353e-20, 1.85314e-19, 1.62864e-18, 9.70307e-18, 4.30915e-17, 1.52496e-16, 4.51293e-16, 1.15747e-15, 2.64339e-15, 5.48885e-15, 1.05342e-14, 1.89328e-14, 3.22078e-14, 5.23213e-14, 8.17763e-14, 1.23782e-13, 1.82536e-13, 2.63719e-13, 3.75318e-13, 5.2897e-13, 7.41996e-13, 1.04031e-12, 1.46226e-12, 2.06329e-12, 2.92115e-12, 4.14108e-12, 5.86022e-12, 8.25055e-12, 1.15194e-11, 1.59072e-11, 2.16821e-11, 2.91312e-11, 3.85494e-11, 5.02263e-11, 6.44318e-11, 8.1402e-11, 1.01326e-10, 1.24336e-10, 1.50496e-10
0, 0, 0, 0, 0, 0, 0, 1.8197e-27, 2.19054e-24, 3.29818e-22, 1.34527e-20, 2.31112e-19, 2.18435e-18, 1.34531e-17, 6.03684e-17, 2.13023e-16, 6.23822e-16, 1.57651e-15, 3.53976e-15, 7.21961e-15, 1.36076e-14, 2.40258e-14, 4.01751e-14, 6.41974e-14, 9.87723e-14, 1.47281e-13, 2.14089e-13, 3.05046e-13, 4.28323e-13, 5.95785e-13, 8.25077e-13, 1.14263e-12, 1.5876e-12, 2.21678e-12, 3.1099e-12, 4.37498e-12, 6.15289e-12, 8.62013e-12, 1.19892e-11, 1.65061e-11, 2.24442e-11, 3.0095e-11, 3.97567e-11, 5.172e-11, 6.6254e-11, 8.35912e-11, 1.03915e-10, 1.27348e-10, 1.53947e-10, 1.83692e-10
0, 0, 0, 0, 0, 0, 2.30579e-28, 1.02223e-24, 2.87797e-22, 1.59763e-20, 3.1871e-19, 3.22111e-18, 2.03046e-17, 9.10863e-17, 3.17309e-16, 9.1141e-16, 2.25228e-15, 4.93977e-15, 9.84183e-15, 1.81332e-14, 3.13294e-14, 5.13252e-14, 8.04505e-14, 1.21565e-13, 1.78222e-13, 2.54963e-13, 3.57825e-13, 4.95202e-13, 6.7926e-13, 9.28092e-13, 1.26883e-12, 1.74178e-12, 2.40544e-12, 3.34209e-12, 4.66327e-12, 6.51437e-12, 9.07733e-12, 1.25708e-11, 1.7247e-11, 2.33853e-11, 3.1282e-11, 4.12385e-11, 5.35463e-11, 6.84725e-11, 8.62449e-11, 1.07039e-10, 1.30969e-10, 1.58077e-10, 1.88332e-10, 2.21628e-10
0, 0, 0, 0, 0, 1.44013e-29, 4.30151e-25, 2.71404e-22, 2.15301e-20, 5.00161e-19, 5.34003e-18, 3.39142e-17, 1.498e-16, 5.08343e-16, 1.41605e-15, 3.38983e-15, 7.2059e-15, 1.39346e-14, 2.49641e-14, 4.20206e-14, 6.71978e-14, 1.03009e-13, 1.52485e-13, 2.19346e-13, 3.08309e-13, 4.25614e-13, 5.79927e-13, 7.83797e-13, 1.05591e-12, 1.42435e-12, 1.93086e-12, 2.63619e-12, 3.62578e-12, 5.01551e-12, 6.95622e-12, 9.63633e-12, 1.32816e-11, 1.81515e-11, 2.45318e-11, 3.27241e-11, 4.30326e-11, 5.57492e-11, 7.11378e-11, 8.94202e-11, 1.10763e-10, 1.35266e-10, 1.62959e-10, 1.93796e-10, 2.27654e-10, 2.64341e-10
0, 0, 0, 0, 1.48379e-31, 1.55079e-25, 2.88459e-22, 3.45897e-20, 9.29199e-19, 1.02403e-17, 6.39405e-17, 2.72179e-16, 8.83935e-16, 2.3541e-15, 5.39674e-15, 1.10172e-14, 2.05257e-14, 3.55418e-14, 5.80018e-14, 9.01837e-14, 1.34762e-13, 1.94915e-13, 2.74514e-13, 3.78449e-13, 5.1319e-13, 6.87726e-13, 9.15101e-13, 1.21477e-12, 1.61603e-12, 2.1625e-12, 2.91771e-12, 3.97107e-12, 5.44367e-12, 7.49291e-12, 1.03148e-11, 1.41434e-11, 1.92462e-11, 2.59161e-11, 3.44602e-11, 4.51851e-11, 5.83821e-11, 7.43109e-11, 9.31849e-11, 1.15159e-10, 1.4032e-10, 1.68679e-10, 2.00172e-10, 2.3466e-10, 2.71932e-10, 3.11717e-10
0, 0, 0, 0, 4.34648e-26, 3.72235e-22, 7.15018e-20, 2.15895e-18, 2.35517e-17, 1.39254e-16, 5.54351e-16, 1.6834e-15, 4.21047e-15, 9.11762e-15, 1.76857e-14, 3.14806e-14, 5.23411e-14, 8.23812e-14, 1.2402e-13, 1.80049e-13, 2.53761e-13, 3.49157e-13, 4.71307e-13, 6.26944e-13, 8.25462e-13, 1.08053e-12, 1.41261e-12, 1.85253e-12, 2.4463e-12, 3.2609e-12, 4.39056e-12, 5.96273e-12, 8.14256e-12, 1.1135e-11, 1.51834e-11, 2.05644e-11, 2.75786e-11, 3.65384e-11, 4.77525e-11, 6.15103e-11, 7.80653e-11, 9.76207e-11, 1.20317e-10, 1.46224e-10, 1.75334e-10, 2.07562e-10, 2.42749e-10, 2.80665e-10, 3.21021e-10, 3.63479e-10
0, 0, 0, 7.64756e-27, 6.73444e-22, 2.15016e-19, 6.7728e-18, 6.7917e-17, 3.59225e-16, 1.28326e-15, 3.5371e-15, 8.13114e-15, 1.63692e-14, 2.98115e-14, 5.02416e-14, 7.96523e-14, 1.20259e-13, 1.7455e-13, 2.45378e-13, 3.3611e-13, 4.50873e-13, 5.94939e-13, 7.7537e-13, 1.00208e-12, 1.28955e-12, 1.65952e-12, 2.14478e-12, 2.7943e-12, 3.67936e-12, 4.90007e-12, 6.59146e-12, 8.92788e-12, 1.21246e-11, 1.64356e-11, 2.21476e-11, 2.95693e-11, 3.90181e-11, 5.0804e-11, 6.52129e-11, 8.24899e-11, 1.02825e-10, 1.26343e-10, 1.53091e-10, 1.8304e-10, 2.16083e-10, 2.52038e-10, 2.90654e-10, 3.31625e-10, 3.74597e-10, 4.1918e-10
0, 0, 4.65519e-28, 2.3353e-21, 1.1539e-18, 3.1808e-17, 2.5794e-16, 1.1223e-15, 3.40696e-15, 8.22073e-15, 1.69443e-14, 3.11645e-14, 5.26239e-14, 8.31984e-14, 1.24908e-13, 1.79961e-13, 2.50835e-13, 3.40395e-13, 4.52078e-13, 5.90159e-13, 7.60178e-13, 9.69633e-13, 1.22912e-12, 1.55419e-12, 1.96821e-12, 2.50645e-12, 3.2216e-12, 4.19018e-12, 5.51946e-12, 7.35353e-12, 9.87755e-12, 1.33187e-11, 1.79429e-11, 2.40478e-11, 3.19504e-11, 4.19729e-11, 5.44249e-11, 6.95867e-11, 8.76923e-11, 1.08916e-10, 1.3336e-10, 1.6105e-10, 1.91932e-10, 2.25872e-10, 2.62662e-10, 3.02032e-10, 3.43655e-10, 3.87161e-10, 4.32153e-10, 4.78215e-10
0, 5.76628e-31, 3.45319e-20, 1.54516e-17, 2.51372e-16, 1.33649e-15, 4.26984e-15, 1.03226e-14, 2.09628e-14, 3.77764e-14, 6.2415e-14, 9.65833e-14, 1.42062e-13, 2.00763e-13, 2.74802e-13, 3.66614e-13, 4.79091e-13, 6.15788e-13, 7.81216e-13, 9.81307e-13, 1.22416e-12, 1.5213e-12, 1.88963e-12, 2.35462e-12, 2.95469e-12, 3.74709e-12, 4.81484e-12, 6.2738e-12, 8.27893e-12, 1.1028e-11, 1.47617e-11, 1.97596e-11, 2.63307e-11, 3.48004e-11, 4.54945e-11, 5.87204e-11, 7.47501e-11, 9.3803e-11, 1.16033e-10, 1.41519e-10, 1.70258e-10, 2.02167e-10, 2.37084e-10, 2.74776e-10, 3.14947e-10, 3.5725e-10, 4.01304e-10, 4.46698e-10, 4.93013e-10, 5.3983e-10
0, 2.2741e-17, 7.41164e-16, 3.39129e-15, 9.04049e-15, 1.89057e-14, 3.44038e-14, 5.69981e-14, 8.81296e-14, 1.29235e-13, 1.81797e-13, 2.47407e-13, 3.27847e-13, 4.25182e-13, 5.41881e-13, 6.80973e-13, 8.46263e-13, 1.04265e-12, 1.27665e-12, 1.55719e-12, 1.89699e-12, 2.31476e-12, 2.83859e-12, 3.51085e-12, 4.39449e-12, 5.58044e-12, 7.19499e-12, 9.40593e-12, 1.24257e-11, 1.65107e-11, 2.19548e-11, 2.90795e-11, 3.82178e-11, 4.96974e-11, 6.38211e-11, 8.08485e-11, 1.00981e-10, 1.24346e-10, 1.50996e-10, 1.80894e-10, 2.13927e-10, 2.49901e-10, 2.88553e-10, 3.29564e-10, 3.72568e-10, 4.17167e-10, 4.62945e-10, 5.09479e-10, 5.5635e-10, 6.03158e-10
3.2402e-14, 3.57642e-14, 4.49021e-14, 6.0536e-14, 8.36326e-14, 1.15032e-13, 1.55625e-13, 2.0642e-13, 2.68555e-13, 3.43327e-13, 4.32241e-13, 5.37091e-13, 6.60047e-13, 8.03779e-13, 9.71617e-13, 1.16779e-12, 1.39778e-12, 1.66889e-12, 1.99113e-12, 2.37878e-12, 2.85281e-12, 3.44467e-12, 4.20163e-12, 5.1937e-12, 6.5215e-12, 8.32392e-12, 1.07839e-11, 1.41311e-11, 1.8639e-11, 2.46177e-11, 3.24006e-11, 4.23277e-11, 5.47257e-11, 6.98891e-11, 8.80608e-11, 1.09418e-10, 1.3406e-10, 1.62001e-10, 1.93174e-10, 2.27425e-10, 2.64528e-10, 3.04192e-10, 3.4607e-10, 3.89779e-10, 4.34908e-10, 4.81033e-10, 5.27731e-10, 5.7459e-10, 6.21217e-10, 6.67248e-10
2.36697e-13, 2.43605e-13, 2.62972e-13, 2.93986e-13, 3.36519e-13, 3.90898e-13, 4.57652e-13, 5.37547e-13, 6.3165e-13, 7.41388e-13, 8.68603e-13, 1.01563e-12, 1.18542e-12, 1.38169e-12, 1.60922e-12, 1.8742e-12, 2.1849e-12, 2.55272e-12, 2.99386e-12, 3.53215e-12, 4.20323e-12, 5.06051e-12, 6.18277e-12, 7.6825e-12, 9.71373e-12, 1.24774e-11, 1.62227e-11, 2.12425e-11, 2.78637e-11, 3.64312e-11, 4.72895e-11, 6.07612e-11, 7.71271e-11, 9.66079e-11, 1.1935e-10, 1.45418e-10, 1.74787e-10, 2.07346e-10, 2.42906e-10, 2.81203e-10, 3.21915e-10, 3.64672e-10, 4.09071e-10, 4.54692e-10, 5.01108e-10, 5.47897e-10, 5.94655e-10, 6.41004e-10, 6.86594e-10, 7.31114e-10
7.15535e-13, 7.23541e-13, 7.46687e-13, 7.84973e-13, 8.38788e-13, 9.08523e-13, 9.94742e-13, 1.09835e-12, 1.22068e-12, 1.36359e-12, 1.5295e-12, 1.7216e-12, 1.944e-12, 2.20202e-12, 2.50268e-12, 2.85541e-12, 3.27325e-12, 3.77483e-12, 4.38752e-12, 5.15226e-12, 6.1302e-12, 7.41099e-12, 9.12171e-12, 1.14346e-11, 1.45719e-11, 1.88048e-11, 2.44477e-11, 3.1844e-11, 4.1349e-11, 5.3308e-11, 6.80344e-11, 8.57889e-11, 1.06763e-10, 1.31065e-10, 1.58717e-10, 1.89649e-10, 2.23705e-10, 2.60654e-10, 3.00194e-10, 3.41972e-10, 3.85596e-10, 4.30648e-10, 4.76699e-10, 5.23322e-10, 5.70103e-10, 6.16649e-10, 6.62598e-10, 7.07621e-10, 7.5143e-10, 7.93775e-10
1.43632e-12, 1.44619e-12, 1.47372e-12, 1.51935e-12, 1.5837e-12, 1.66772e-12, 1.7727e-12, 1.90031e-12, 2.05269e-12, 2.2326e-12, 2.44357e-12, 2.69023e-12, 2.97859e-12, 3.31666e-12, 3.71531e-12, 4.18966e-12, 4.7614e-12, 5.46245e-12, 6.34049e-12, 7.46646e-12, 8.94367e-12, 1.09171e-11, 1.35811e-11, 1.71824e-11, 2.20176e-11, 2.8423e-11, 3.67586e-11, 4.73865e-11, 6.06479e-11, 7.68394e-11, 9.61937e-11, 1.18864e-10, 1.44912e-10, 1.74311e-10, 2.06938e-10, 2.42591e-10, 2.80991e-10, 3.21802e-10, 3.64639e-10, 4.0909e-10, 4.54725e-10, 5.01112e-10, 5.47829e-10, 5.94473e-10, 6.40669e-10, 6.86073e-10, 7.30381e-10, 7.73331e-10, 8.14699e-10, 8.54304e-10
2.37967e-12, 2.39162e-12, 2.42521e-12, 2.48118e-12, 2.56059e-12, 2.66492e-12, 2.79613e-12, 2.95676e-12, 3.15006e-12, 3.3802e-12, 3.6526e-12, 3.97432e-12, 4.35476e-12, 4.80671e-12, 5.34806e-12, 6.00452e-12, 6.81398e-12, 7.83287e-12, 9.1447e-12, 1.087e-11, 1.31759e-11, 1.62832e-11, 2.04671e-11, 2.60518e-11, 3.33964e-11, 4.28746e-11, 5.48503e-11, 6.96526e-11, 8.75523e-11, 1.08743e-10, 1.33329e-10, 1.61319e-10, 1.92625e-10, 2.2707e-10, 2.64399e-10, 3.04288e-10, 3.46363e-10, 3.90216e-10, 4.35415e-10, 4.81526e-10, 5.28119e-10, 5.74781e-10, 6.21127e-10, 6.66801e-10, 7.11488e-10, 7.54911e-10, 7.96834e-10, 8.37063e-10, 8.75447e-10, 9.11868e-10
3.56967e-12, 3.58515e-12, 3.62859e-12, 3.70098e-12, 3.8037e-12, 3.9388e-12, 4.10911e-12, 4.31837e-12, 4.57151e-12, 4.87493e-12, 5.23708e-12, 5.66925e-12, 6.18687e-12, 6.81155e-12, 7.57441e-12, 8.52129e-12, 9.72016e-12, 1.12708e-11, 1.33156e-11, 1.60492e-11, 1.97235e-11, 2.46465e-11, 3.11717e-11, 3.96793e-11, 5.05519e-11, 6.4147e-11, 8.07708e-11, 1.00655e-10, 1.23943e-10, 1.50678e-10, 1.80802e-10, 2.14165e-10, 2.50527e-10, 2.8958e-10, 3.30956e-10, 3.74248e-10, 4.19025e-10, 4.64848e-10, 5.1128e-10, 5.57902e-10, 6.04318e-10, 6.50165e-10, 6.95116e-10, 7.38884e-10, 7.81224e-10, 8.21933e-10, 8.60847e-10, 8.97843e-10, 9.32833e-10, 9.65763e-10
5.09191e-12, 5.11237e-12, 5.1697e-12, 5.26537e-12, 5.40146e-12, 5.581e-12, 5.80821e-12, 6.0888e-12, 6.43035e-12, 6.84304e-12, 7.34059e-12, 7.94191e-12, 8.67361e-12, 9.57417e-12, 1.07001e-11, 1.21346e-11, 1.39988e-11, 1.64629e-11, 1.9755e-11, 2.41641e-11, 3.00341e-11, 3.77475e-11, 4.77017e-11, 6.02794e-11, 7.58191e-11, 9.45891e-11, 1.16767e-10, 1.4243e-10, 1.71547e-10, 2.03987e-10, 2.39528e-10, 2.77868e-10, 3.18644e-10, 3.6145e-10, 4.05851e-10, 4.51403e-10, 4.97665e-10, 5.44208e-10, 5.90631e-10, 6.36562e-10, 6.81669e-10, 7.25656e-10, 7.68273e-10, 8.09309e-10, 8.48596e-10, 8.86002e-10, 9.21435e-10, 9.54834e-10, 9.86169e-10, 1.01544e-09
7.07595e-12, 7.10317e-12, 7.18071e-12, 7.31035e-12, 7.49529e-12, 7.74028e-12, 8.05198e-12, 8.43951e-12, 8.91527e-12, 9.49623e-12, 1.0206e-11, 1.1078e-11, 1.21607e-11, 1.35251e-11, 1.52751e-11, 1.75594e-11, 2.05834e-11, 2.46159e-11, 2.99883e-11, 3.7082e-11, 4.63053e-11, 5.80635e-11, 7.27255e-11, 9.05929e-11, 1.11877e-10, 1.36681e-10, 1.65e-10, 1.96718e-10, 2.31621e-10, 2.69412e-10, 3.09727e-10, 3.52156e-10, 3.96259e-10, 4.41586e-10, 4.87688e-10, 5.34131e-10, 5.80509e-10, 6.26445e-10, 6.71601e-10, 7.15681e-10, 7.58428e-10, 7.99632e-10, 8.39119e-10, 8.76757e-10, 9.1245e-10, 9.46134e-10, 9.77777e-10, 1.00737e-09, 1.03494e-09, 1.06051e-09
9.7194e-12, 9.7574e-12, 9.86542e-12, 1.00465e-11, 1.03057e-11, 1.0651e-11, 1.10932e-11, 1.16479e-11, 1.23365e-11, 1.31891e-11, 1.42488e-11, 1.55778e-11, 1.72671e-11, 1.94483e-11, 2.23063e-11, 2.60905e-11, 3.1118e-11, 3.77659e-11, 4.64513e-11, 5.75992e-11, 7.16067e-11, 8.88072e-11, 1.09441e-10, 1.33638e-10, 1.61408e-10, 1.92644e-10, 2.27136e-10, 2.64583e-10, 3.04613e-10, 3.46809e-10, 3.90722e-10, 4.35891e-10, 4.81862e-10, 5.28196e-10, 5.74482e-10, 6.20342e-10, 6.65438e-10, 7.09473e-10, 7.52194e-10, 7.93388e-10, 8.32887e-10, 8.70559e-10, 9.06308e-10, 9.40072e-10, 9.71819e-10, 1.00154e-09, 1.02925e-09, 1.05499e-09, 1.07881e-09, 1.10076e-09
1.33401e-11, 1.33948e-11, 1.35508e-11, 1.38131e-11, 1.41906e-11, 1.46967e-11, 1.53508e-11, 1.61805e-11, 1.72254e-11, 1.85419e-11, 2.02121e-11, 2.23546e-11, 2.51383e-11, 2.8795e-11, 3.36275e-11, 4.00073e-11, 4.83569e-11, 5.91198e-11, 7.27193e-11, 8.95181e-11, 1.09783e-10, 1.33663e-10, 1.61177e-10, 1.9222e-10, 2.26572e-10, 2.63921e-10, 3.03882e-10, 3.46018e-10, 3.8987e-10, 4.34965e-10, 4.80841e-10, 5.27056e-10, 5.73198e-10, 6.1889e-10, 6.63799e-10, 7.07634e-10, 7.50146e-10, 7.91132e-10, 8.30428e-10, 8.67907e-10, 9.03482e-10, 9.37092e-10, 9.68709e-10, 9.98328e-10, 1.02597e-09, 1.05166e-09, 1.07546e-09, 1.09742e-09, 1.11763e-09, 1.13616e-09
1.84683e-11, 1.85507e-11, 1.87862e-11, 1.91838e-11, 1.97595e-11, 2.0538e-11, 2.15556e-11, 2.28651e-11, 2.45425e-11, 2.66979e-11, 2.94885e-11, 3.31325e-11, 3.79205e-11, 4.42172e-11, 5.24495e-11, 6.30762e-11, 7.65454e-11, 9.32466e-11, 1.13469e-10, 1.37372e-10, 1.64976e-10, 1.96163e-10, 2.30694e-10, 2.68232e-10, 3.08366e-10, 3.50637e-10, 3.94567e-10, 4.39671e-10, 4.85479e-10, 5.31548e-10, 5.77468e-10, 6.22871e-10, 6.67432e-10, 7.10873e-10, 7.52957e-10, 7.93494e-10, 8.32331e-10, 8.69355e-10, 9.04486e-10, 9.37672e-10, 9.68893e-10, 9.98148e-10, 1.02546e-09, 1.05086e-09, 1.07441e-09, 1.09616e-09, 1.1162e-09, 1.13459e-09, 1.15143e-09, 1.16679e-09
2.60385e-11, 2.61694e-11, 2.65444e-11, 2.71807e-11, 2.81092e-11, 2.93779e-11, 3.10586e-11, 3.32556e-11, 3.61185e-11, 3.98567e-11, 4.47518e-11, 5.1163e-11, 5.95191e-11, 7.02919e-11, 8.39509e-11, 1.00908e-10, 1.21469e-10, 1.45795e-10, 1.73891e-10, 2.05611e-10, 2.40681e-10, 2.78723e-10, 3.19288e-10, 3.61889e-10, 4.06021e-10, 4.51187e-10, 4.96913e-10, 5.42758e-10, 5.88323e-10, 6.33254e-10, 6.77245e-10, 7.20035e-10, 7.6141e-10, 8.01198e-10, 8.39265e-10, 8.75515e-10, 9.09882e-10, 9.42328e-10, 9.72841e-10, 1.00143e-09, 1.02812e-09, 1.05296e-09, 1.07599e-09, 1.09729e-09, 1.11692e-09, 1.13496e-09, 1.15149e-09, 1.1666e-09, 1.18037e-09, 1.19289e-09
3.77947e-11, 3.80159e-11, 3.86513e-11, 3.97359e-11, 4.13319e-11, 4.35368e-11, 4.64939e-11, 5.04066e-11, 5.55508e-11, 6.22816e-11, 7.10276e-11, 8.22676e-11, 9.64858e-11, 1.1411e-10, 1.35451e-10, 1.60657e-10, 1.89699e-10, 2.22382e-10, 2.58371e-10, 2.97231e-10, 3.38463e-10, 3.81539e-10, 4.25932e-10, 4.71132e-10, 5.16668e-10, 5.62112e-10, 6.07083e-10, 6.51254e-10, 6.94346e-10, 7.3613e-10, 7.76419e-10, 8.1507e-10, 8.51974e-10, 8.87057e-10, 9.20272e-10, 9.51601e-10, 9.81041e-10, 1.00861e-09, 1.03435e-09, 1.0583e-09, 1.08053e-09, 1.10108e-09, 1.12005e-09, 1.13749e-09, 1.1535e-09, 1.16815e-09, 1.18152e-09, 1.19369e-09, 1.20475e-09, 1.21477e-09
5.71858e-11, 5.75853e-11, 5.87354e-11, 6.07076e-11, 6.3628e-11, 6.76874e-11, 7.3153e-11, 8.03727e-11, 8.97679e-11, 1.01812e-10, 1.16989e-10, 1.35726e-10, 1.58324e-10, 1.84896e-10, 2.15351e-10, 2.49412e-10, 2.86658e-10, 3.26574e-10, 3.68597e-10, 4.12158e-10, 4.56709e-10, 5.0174e-10, 5.46794e-10, 5.91471e-10, 6.35427e-10, 6.78374e-10, 7.20076e-10, 7.60344e-10, 7.99032e-10, 8.36031e-10, 8.71267e-10, 9.04692e-10, 9.36283e-10, 9.6604e-10, 9.93977e-10, 1.02013e-09, 1.04453e-09, 1.06724e-09, 1.08831e-09, 1.10782e-09, 1.12583e-09, 1.14242e-09, 1.15765e-09, 1.17162e-09, 1.18438e-09, 1.19603e-09, 1.20662e-09, 1.21624e-09, 1.22496e-09, 1.23283e-09
9.13326e-11, 9.20928e-11, 9.42809e-11, 9.80315e-11, 1.0357e-10, 1.11211e-10, 1.21344e-10, 1.34405e-10, 1.5084e-10, 1.71048e-10, 1.95288e-10, 2.23606e-10, 2.5581e-10, 2.91499e-10, 3.3013e-10, 3.71085e-10, 4.13733e-10, 4.57468e-10, 5.01737e-10, 5.46053e-10, 5.89998e-10, 6.33224e-10, 6.75443e-10, 7.16426e-10, 7.55997e-10, 7.94019e-10, 8.30396e-10, 8.65062e-10, 8.97978e-10, 9.29128e-10, 9.58516e-10, 9.86158e-10, 1.01209e-09, 1.03634e-09, 1.05898e-09, 1.08004e-09, 1.0996e-09, 1.11772e-09, 1.13446e-09, 1.1499e-09, 1.1641e-09, 1.17714e-09, 1.18908e-09, 1.2e-09, 1.20995e-09, 1.21901e-09, 1.22723e-09, 1.23468e-09, 1.24142e-09, 1.2475e-09
1.5476e-10, 1.56205e-10, 1.60346e-10, 1.67363e-10, 1.77524e-10, 1.9114e-10, 2.0854e-10, 2.30025e-10, 2.5577e-10, 2.85702e-10, 3.19465e-10, 3.56473e-10, 3.96015e-10, 4.37355e-10, 4.79798e-10, 5.2273e-10, 5.65629e-10, 6.08068e-10, 6.49706e-10, 6.90276e-10, 7.29575e-10, 7.67452e-10, 8.03801e-10, 8.38548e-10, 8.71651e-10, 9.03089e-10, 9.32859e-10, 9.60975e-10, 9.87462e-10, 1.01235e-09, 1.03569e-09, 1.05752e-09, 1.0779e-09, 1.09688e-09, 1.11452e-09, 1.13089e-09, 1.14604e-09, 1.16003e-09, 1.17293e-09, 1.18479e-09, 1.19568e-09, 1.20567e-09, 1.21479e-09, 1.22312e-09, 1.23071e-09, 1.2376e-09, 1.24385e-09, 1.24951e-09, 1.25463e-09, 1.25924e-09
2.73274e-10, 2.75734e-10, 2.8268e-10, 2.94148e-10, 3.10208e-10, 3.30964e-10, 3.56432e-10, 3.86337e-10, 4.20037e-10, 4.56647e-10, 4.95225e-10, 5.3491e-10, 5.74984e-10, 6.14882e-10, 6.54179e-10, 6.9256e-10, 7.29802e-10, 7.65751e-10, 8.00304e-10, 8.33396e-10, 8.64993e-10, 8.9508e-10, 9.23661e-10, 9.50749e-10, 9.7637e-10, 1.00055e-09, 1.02334e-09, 1.04476e-09, 1.06486e-09, 1.0837e-09, 1.10131e-09, 1.11775e-09, 1.13307e-09, 1.14731e-09, 1.16053e-09, 1.17277e-09, 1.1841e-09, 1.19455e-09, 1.20417e-09, 1.21303e-09, 1.22115e-09, 1.22859e-09, 1.23539e-09, 1.24159e-09, 1.24724e-09, 1.25237e-09, 1.25702e-09, 1.26124e-09, 1.26504e-09, 1.26847e-09
4.75317e-10, 4.78469e-10, 4.87376e-10, 5.02086e-10, 5.2246e-10, 5.4787e-10, 5.77151e-10, 6.08936e-10, 6.4202e-10, 6.75497e-10, 7.08752e-10, 7.41381e-10, 7.73135e-10, 8.03861e-10, 8.33472e-10, 8.61919e-10, 8.89183e-10, 9.1526e-10, 9.40156e-10, 9.63886e-10, 9.86468e-10, 1.00793e-09, 1.02828e-09, 1.04757e-09, 1.0658e-09, 1.08302e-09, 1.09925e-09, 1.11453e-09, 1.12888e-09, 1.14234e-09, 1.15494e-09, 1.16672e-09, 1.1777e-09, 1.18793e-09, 1.19744e-09, 1.20625e-09, 1.21442e-09, 1.22196e-09, 1.22892e-09, 1.23532e-09, 1.2412e-09, 1.2466e-09, 1.25153e-09, 1.25604e-09, 1.26015e-09, 1.26388e-09, 1.26727e-09, 1.27034e-09, 1.27312e-09, 1.27562e-09
7.62839e-10, 7.66452e-10, 7.76152e-10, 7.90766e-10, 8.08452e-10, 8.27538e-10, 8.47059e-10, 8.66567e-10, 8.85874e-10, 9.04899e-10, 9.23599e-10, 9.41945e-10, 9.5991e-10, 9.77469e-10, 9.94596e-10, 1.01127e-09, 1.02746e-09, 1.04315e-09, 1.05832e-09, 1.07296e-09, 1.08706e-09, 1.10059e-09, 1.11356e-09, 1.12597e-09, 1.1378e-09, 1.14907e-09, 1.15977e-09, 1.16991e-09, 1.1795e-09, 1.18854e-09, 1.19706e-09, 1.20507e-09, 1.21257e-09, 1.21958e-09, 1.22613e-09, 1.23223e-09, 1.2379e-09, 1.24315e-09, 1.24801e-09, 1.2525e-09, 1.25663e-09, 1.26044e-09, 1.26392e-09, 1.26711e-09, 1.27003e-09, 1.27269e-09, 1.2751e-09, 1.2773e-09, 1.27928e-09, 1.28108e-09
1.09818e-09, 1.09722e-09, 1.09486e-09, 1.09197e-09, 1.08949e-09, 1.08796e-09, 1.08758e-09, 1.0884e-09, 1.09038e-09, 1.09342e-09, 1.0974e-09, 1.1022e-09, 1.10769e-09, 1.11375e-09, 1.12027e-09, 1.12714e-09, 1.13427e-09, 1.14157e-09, 1.14898e-09, 1.15643e-09, 1.16385e-09, 1.1712e-09, 1.17843e-09, 1.18551e-09, 1.19241e-09, 1.19911e-09, 1.20557e-09, 1.21178e-09, 1.21774e-09, 1.22343e-09, 1.22884e-09, 1.23398e-09, 1.23884e-09, 1.24343e-09, 1.24774e-09, 1.25178e-09, 1.25556e-09, 1.25909e-09, 1.26237e-09, 1.26541e-09, 1.26823e-09, 1.27084e-09, 1.27323e-09, 1.27543e-09, 1.27745e-09, 1.2793e-09, 1.28098e-09, 1.28252e-09, 1.28391e-09, 1.28517e-09
1.25253e-09, 1.25177e-09, 1.24933e-09, 1.24492e-09, 1.23904e-09, 1.23256e-09, 1.22618e-09, 1.22037e-09, 1.21538e-09, 1.21134e-09, 1.20827e-09, 1.20617e-09, 1.20497e-09, 1.20459e-09, 1.20495e-09, 1.20597e-09, 1.20754e-09, 1.20959e-09, 1.21204e-09, 1.21482e-09, 1.21785e-09, 1.22108e-09, 1.22445e-09, 1.22791e-09, 1.23143e-09, 1.23496e-09, 1.23848e-09, 1.24195e-09, 1.24535e-09, 1.24867e-09, 1.25188e-09, 1.25498e-09, 1.25796e-09, 1.2608e-09, 1.2635e-09, 1.26606e-09, 1.26848e-09, 1.27076e-09, 1.27289e-09, 1.27489e-09, 1.27675e-09, 1.27848e-09, 1.28008e-09, 1.28156e-09, 1.28292e-09, 1.28417e-09, 1.28532e-09, 1.28637e-09, 1.28732e-09, 1.28819e-09
1.28424e-09, 1.28409e-09, 1.28366e-09, 1.2829e-09, 1.28165e-09, 1.27975e-09, 1.27715e-09, 1.27401e-09, 1.27057e-09, 1.26708e-09, 1.26374e-09, 1.2607e-09, 1.25806e-09, 1.25587e-09, 1.25415e-09, 1.25291e-09, 1.25212e-09, 1.25176e-09, 1.25178e-09, 1.25214e-09, 1.25281e-09, 1.25373e-09, 1.25488e-09, 1.2562e-09, 1.25768e-09, 1.25926e-09, 1.26092e-09, 1.26265e-09, 1.2644e-09, 1.26617e-09, 1.26793e-09, 1.26967e-09, 1.27137e-09, 1.27303e-09, 1.27464e-09, 1.27618e-09, 1.27766e-09, 1.27907e-09, 1.28041e-09, 1.28167e-09, 1.28285e-09, 1.28397e-09, 1.28501e-09, 1.28597e-09, 1.28687e-09, 1.2877e-09, 1.28846e-09, 1.28916e-09, 1.2898e-09, 1.29039e-09
1.29314e-09, 1.29309e-09, 1.29295e-09, 1.2927e-09, 1.29233e-09, 1.29183e-09, 1.29113e-09, 1.29018e-09, 1.28894e-09, 1.28744e-09, 1.28575e-09, 1.28395e-09, 1.28215e-09, 1.28041e-09, 1.27881e-09, 1.27738e-09, 1.27618e-09, 1.2752e-09, 1.27445e-09, 1.27393e-09, 1.27364e-09, 1.27354e-09, 1.27364e-09, 1.27389e-09, 1.2743e-09, 1.27482e-09, 1.27545e-09, 1.27617e-09, 1.27695e-09, 1.27779e-09, 1.27866e-09, 1.27955e-09, 1.28046e-09, 1.28136e-09, 1.28226e-09, 1.28314e-09, 1.284e-09, 1.28483e-09, 1.28563e-09, 1.2864e-09, 1.28713e-09, 1.28782e-09, 1.28848e-09, 1.28909e-09, 1.28966e-09, 1.2902e-09, 1.29069e-09, 1.29115e-09, 1.29157e-09, 1.29196e-09
1.29518e-09, 1.29516e-09, 1.29511e-09, 1.29503e-09, 1.29491e-09, 1.29476e-09, 1.29455e-09, 1.29429e-09, 1.29393e-09, 1.29346e-09, 1.29286e-09, 1.29214e-09, 1.29131e-09, 1.29041e-09, 1.28949e-09, 1.28857e-09, 1.28769e-09, 1.28688e-09, 1.28617e-09, 1.28556e-09, 1.28506e-09, 1.28468e-09, 1.28441e-09, 1.28425e-09, 1.2842e-09, 1.28425e-09, 1.28438e-09, 1.28458e-09, 1.28485e-09, 1.28518e-09, 1.28555e-09, 1.28596e-09, 1.28639e-09, 1.28684e-09, 1.28731e-09, 1.28778e-09, 1.28825e-09, 1.28872e-09, 1.28918e-09, 1.28963e-09, 1.29006e-09, 1.29047e-09, 1.29087e-09, 1.29125e-09, 1.2916e-09, 1.29194e-09, 1.29225e-09, 1.29255e-09, 1.29282e-09, 1.29307e-09
1.29534e-09, 1.29534e-09, 1.29534e-09, 1.29533e-09, 1.29532e-09, 1.29529e-09, 1.29524e-09, 1.29518e-09, 1.29509e-09, 1.29496e-09, 1.29479e-09, 1.29456e-09, 1.29427e-09, 1.29392e-09, 1.29351e-09, 1.29306e-09, 1.29259e-09, 1.29212e-09, 1.29165e-09, 1.29122e-09, 1.29082e-09, 1.29047e-09, 1.29018e-09, 1.28994e-09, 1.28976e-09, 1.28964e-09, 1.28958e-09, 1.28957e-09, 1.2896e-09, 1.28968e-09, 1.2898e-09, 1.28995e-09, 1.29013e-09, 1.29033e-09, 1.29055e-09, 1.29079e-09, 1.29103e-09, 1.29127e-09, 1.29152e-09, 1.29177e-09, 1.29202e-09, 1.29225e-09, 1.29249e-09, 1.29271e-09, 1.29293e-09, 1.29313e-09, 1.29332e-09, 1.29351e-09, 1.29368e-09, 1.29383e-09
1.29534e-09, 1.29534e-09, 1.29534e-09, 1.29534e-09, 1.29534e-09, 1.29534e-09, 1.29533e-09, 1.29533e-09, 1.29531e-09, 1.29528e-09, 1.29524e-09, 1.29518e-09, 1.29509e-09, 1.29498e-09, 1.29483e-09, 1.29466e-09, 1.29445e-09, 1.29423e-09, 1.29399e-09, 1.29374e-09, 1.2935e-09, 1.29327e-09, 1.29305e-09, 1.29286e-09, 1.2927e-09, 1.29256e-09, 1.29245e-09, 1.29238e-09, 1.29233e-09, 1.29231e-09, 1.29232e-09, 1.29236e-09, 1.29241e-09, 1.29248e-09, 1.29257e-09, 1.29267e-09, 1.29278e-09, 1.2929e-09, 1.29303e-09, 1.29316e-09, 1.29329e-09, 1.29342e-09, 1.29356e-09, 1.29368e-09, 1.29381e-09, 1.29393e-09, 1.29404e-09, 1.29415e-09, 1.29426e-09, 1.29436e-09
1.29534e-09, 1.29534e-09, 1.29534e-09, 1.29534e-09, 1.29534e-09, 1.29534e-09, 1.29534e-09, 1.29534e-09, 1.29534e-09, 1.29533e-09, 1.29533e-09, 1.29531e-09, 1.29529e-09, 1.29526e-09, 1.29522e-09, 1.29516e-09, 1.29508e-09, 1.29499e-09, 1.29489e-09, 1.29477e-09, 1.29465e-09, 1.29452e-09, 1.29439e-09, 1.29427e-09, 1.29416e-09, 1.29405e-09, 1.29396e-09, 1.29389e-09, 1.29383e-09, 1.29378e-09, 1.29376e-09, 1.29374e-09, 1.29374e-09, 1.29376e-09, 1.29378e-09, 1.29382e-09, 1.29387e-09, 1.29392e-09, 1.29398e-09, 1.29404e-09, 1.29411e-09, 1.29418e-09, 1.29425e-09, 1.29432e-09, 1.29439e-09, 1.29446e-09, 1.29452e-09, 1.29459e-09, 1.29465e-09, 1.29471e-09
1.29534e-09, 1.29534e-09, 1.29534e-09, 1.29534e-09, 1.29534e-09, 1.29534e-09, 1.29534e-09, 1.29534e-09, 1.29534e-09, 1.29534e-09, 1.29534e-09, 1.29534e-09, 1.29533e-09, 1.29533e-09, 1.29531e-09, 1.2953e-09, 1.29527e-09, 1.29524e-09, 1.2952e-09, 1.29515e-09, 1.2951e-09, 1.29504e-09, 1.29497e-09, 1.29491e-09, 1.29484e-09, 1.29478e-09, 1.29472e-09, 1.29466e-09, 1.29461e-09, 1.29457e-09, 1.29454e-09, 1.29452e-09, 1.2945e-09, 1.29449e-09, 1.29449e-09, 1.2945e-09, 1.29451e-09, 1.29453e-09, 1.29455e-09, 1.29458e-09, 1.29461e-09, 1.29465e-09, 1.29468e-09, 1.29472e-09, 1.29476e-09, 1.29479e-09, 1.29483e-09, 1.29487e-09, 1.29491e-09, 1.29494e-09
1.29534e-09, 1.29534e-09, 1.29534e-09, 1.29534e-09, 1.29534e-09, 1.29534e-09, 1.29534e-09, 1.29534e-09, 1.29534e-09, 1.29534e-09, 1.29534e-09, 1.29534e-09, 1.29534e-09, 1.29534e-09, 1.29534e-09, 1.29533e-09, 1.29533e-09, 1.29532e-09, 1.2953e-09, 1.29528e-09, 1.29526e-09, 1.29524e-09, 1.29521e-09, 1.29517e-09, 1.29514e-09, 1.29511e-09, 1.29507e-09, 1.29504e-09, 1.29501e-09, 1.29498e-09, 1.29495e-09, 1.29493e-09, 1.29491e-09, 1.2949e-09, 1.29489e-09, 1.29489e-09, 1.29489e-09, 1.29489e-09, 1.2949e-09, 1.29491e-09, 1.29492e-09, 1.29494e-09, 1.29495e-09, 1.29497e-09, 1.29499e-09, 1.29501e-09, 1.29503e-09, 1.29505e-09, 1.29507e-09, 1.29509e-09
1.29534e-09, 1.29534e-09, 1.29534e-09, 1.29534e-09, 1.29534e-09, 1.29534e-09, 1.29534e-09, 1.29534e-09, 1.29534e-09, 1.29534e-09, 1.29534e-09, 1.29534e-09, 1.29534e-09, 1.29534e-09, 1.29534e-09, 1.29534e-09, 1.29534e-09, 1.29534e-09, 1.29533e-09, 1.29533e-09, 1.29532e-09, 1.29531e-09, 1.2953e-09, 1.29528e-09, 1.29527e-09, 1.29525e-09, 1.29523e-09, 1.29521e-09, 1.29519e-09, 1.29518e-09, 1.29516e-09, 1.29514e-09, 1.29513e-09, 1.29512e-09, 1.29511e-09, 1.2951e-09, 1.2951e-09, 1.2951e-09, 1.2951e-09, 1.2951e-09, 1.2951e-09, 1.29511e-09, 1.29512e-09, 1.29513e-09, 1.29513e-09, 1.29514e-09, 1.29515e-09, 1.29517e-09, 1.29518e-09, 1.29519e-09
1.29534e-09, 1.29534e-09, 1.29534e-09, 1.29534e-09, 1.29534e-09, 1.29534e-09, 1.29534e-09, 1.29534e-09, 1.29534e-09, 1.29534e-09, 1.29534e-09, 1.29534e-09, 1.29534e-09, 1.29534e-09, 1.29534e-09, 1.29534e-09, 1.29534e-09, 1.29534e-09, 1.29534e-09, 1.29534e-09, 1.29534e-09, 1.29533e-09, 1.29533e-09, 1.29532e-09, 1.29531e-09, 1.29531e-09, 1.2953e-09, 1.29529e-09, 1.29528e-09, 1.29527e-09, 1.29526e-09, 1.29525e-09, 1.29524e-09, 1.29523e-09, 1.29523e-09, 1.29522e-09, 1.29522e-09, 1.29521e-09, 1.29521e-09, 1.29521e-09, 1.29521e-09, 1.29521e-09, 1.29521e-09, 1.29522e-09, 1.29522e-09, 1.29523e-09, 1.29523e-09, 1.29524e-09, 1.29524e-09, 1.29525e-09
1.29534e-09, 1.29534e-09, 1.29534e-09, 1.29534e-09, 1.29534e-09, 1.29534e-09, 1.29534e-09, 1.29534e-09, 1.29534e-09, 1.29534e-09, 1.29534e-09, 1.29534e-09, 1.29534e-09, 1.29534e-09, 1.29534e-09, 1.29534e-09, 1.29534e-09, 1.29534e-09, 1.29534e-09, 1.29534e-09, 1.29534e-09, 1.29534e-09, 1.29534e-09, 1.29534e-09, 1.29533e-09, 1.29533e-09, 1.29533e-09, 1.29532e-09, 1.29532e-09, 1.29531e-09, 1.29531e-09, 1.2953e-09, 1.2953e-09, 1.29529e-09, 1.29529e-09, 1.29528e-09, 1.29528e-09, 1.29528e-09, 1.29527e-09, 1.29527e-09, 1.29527e-09, 1.29527e-09, 1.29527e-09, 1.29527e-09, 1.29527e-09, 1.29528e-09, 1.29528e-09, 1.29528e-09, 1.29528e-09, 1.29529e-09
1.29534e-09, 1.29534e-09, 1.29534e-09, 1.29534e-09, 1.29534e-09, 1.29534e-09, 1.29534e-09, 1.29534e-09, 1.29534e-09, 1.29534e-09, 1.29534e-09, 1.29534e-09, 1.29534e-09, 1.29534e-09, 1.29534e-09, 1.29534e-09, 1.29534e-09, 1.29534e-09, 1.29534e-09, 1.29534e-09, 1.29534e-09, 1.29534e-09, 1.29534e-09, 1.29534e-09, 1.29534e-09, 1.29534e-09, 1.29534e-09, 1.29533e-09, 1.29533e-09, 1.29533e-09, 1.29533e-09, 1.29532e-09, 1.29532e-09, 1.29532e-09, 1.29532e-09, 1.29531e-09, 1.29531e-09, 1.29531e-09, 1.29531e-09, 1.29531e-09, 1.2953e-09, 1.2953e-09, 1.2953e-09, 1.2953e-09, 1.2953e-09, 1.2953e-09, 1.29531e-09, 1.29531e-09, 1.29531e-09, 1.29531e-09
1.29534e-09, 1.29534e-09, 1.29534e-09, 1.29534e-09, 1.29534e-09, 1.29534e-09, 1.29534e-09, 1.29534e-09, 1.29534e-09, 1.29534e-09, 1.29534e-09, 1.29534e-09, 1.29534e-09, 1.29534e-09, 1.29534e-09, 1.29534e-09, 1.29534e-09, 1.29534e-09, 1.29534e-09, 1.29534e-09, 1.29534e-09, 1.29534e-09, 1.29534e-09, 1.29534e-09, 1.29534e-09, 1.29534e-09, 1.29534e-09, 1.29534e-09, 1.29534e-09, 1.29534e-09, 1.29534e-09, 1.29533e-09, 1.29533e-09, 1.29533e-09, 1.29533e-09, 1.29533e-09, 1.29533e-09, 1.29533e-09, 1.29532e-09, 1.29532e-09, 1.29532e-09, 1.29532e-09, 1.29532e-09, 1.29532e-09, 1.29532e-09, 1.29532e-09, 1.29532e-09, 1.29532e-09, 1.29532e-09, 1.29532e-09
