8.81914, 10.9857, 13.429, 16.1042, 18.9526, 21.907, 24.8979, 27.8583, 30.7277, 33.4554, 36.0011, 38.3356, 40.44, 42.3049, 43.9284, 45.315, 46.4741, 47.4186, 48.1635, 48.7253, 49.1211, 49.3679, 49.4821, 49.4795, 49.3747, 49.1814, 48.912, 48.5775, 48.1882, 47.7528, 47.2794, 46.7748, 46.2452, 45.6957, 45.131, 44.555, 43.971, 43.382, 42.7904, 42.1982, 41.6072, 41.0188, 40.4343, 39.8547, 39.2807, 38.713, 38.1521, 37.5986, 37.0525, 36.5143
8.94174, 11.1354, 13.6083, 16.3149, 19.1957, 22.1827, 25.2052, 28.1955, 31.0926, 33.8452, 36.4127, 38.7658, 40.8856, 42.7625, 44.3949, 45.7876, 46.9502, 47.8957, 48.6396, 49.1985, 49.5899, 49.8309, 49.9382, 49.9278, 49.8145, 49.6121, 49.3332, 48.9889, 48.5895, 48.144, 47.6603, 47.1455, 46.6057, 46.0462, 45.4716, 44.8859, 44.2924, 43.6941, 43.0933, 42.4923, 41.8927, 41.2959, 40.7032, 40.1156, 39.534, 38.9588, 38.3907, 37.8301, 37.2773, 36.7325
9.06993, 11.2918, 13.7955, 16.5349, 19.4495, 22.4701, 25.5254, 28.5468, 31.4726, 34.251, 36.8411, 39.2133, 41.3488, 43.238, 44.8796, 46.2784, 47.4444, 48.3908, 49.1334, 49.6892, 50.0758, 50.3106, 50.4107, 50.3921, 50.2698, 50.0579, 49.7689, 49.4143, 49.0044, 48.5482, 48.0539, 47.5285, 46.9781, 46.4082, 45.8233, 45.2274, 44.624, 44.016, 43.4058, 42.7956, 42.187, 41.5815, 40.9803, 40.3845, 39.7948, 39.212, 38.6364, 38.0685, 37.5087, 36.9571
9.20409, 11.4553, 13.9913, 16.7648, 19.7144, 22.7701, 25.8595, 28.9131, 31.8686, 34.6736, 37.287, 39.679, 41.8306, 43.7324, 45.3833, 46.7883, 47.9575, 48.9047, 49.6459, 50.1983, 50.5797, 50.808, 50.9003, 50.873, 50.7413, 50.5193, 50.2198, 49.8545, 49.4335, 48.9663, 48.4608, 47.9242, 47.3629, 46.782, 46.1864, 45.58, 44.9663, 44.3482, 43.7282, 43.1084, 42.4904, 41.8759, 41.266, 40.6616, 40.0637, 39.4727, 38.8894, 38.314, 37.7469, 37.1882
9.34462, 11.6266, 14.1961, 17.0051, 19.9913, 23.0834, 26.2082, 29.2952, 32.2815, 35.1142, 37.7516, 40.1639, 42.3321, 44.2469, 45.9071, 47.3183, 48.4908, 49.4386, 50.178, 50.7266, 51.1025, 51.3238, 51.408, 51.3715, 51.2298, 50.9973, 50.6868, 50.3101, 49.8776, 49.3987, 48.8816, 48.3335, 47.7606, 47.1684, 46.5616, 45.9442, 45.3198, 44.6912, 44.0609, 43.4311, 42.8035, 42.1796, 41.5605, 40.9473, 40.3407, 39.7415, 39.15, 38.5668, 37.9921, 37.4262
9.49197, 11.806, 14.4105, 17.2567, 20.2808, 23.4109, 26.5725, 29.6943, 32.7125, 35.5737, 38.236, 40.6692, 42.8544, 44.7824, 46.4523, 47.8697, 49.0453, 49.9935, 50.7308, 51.2753, 51.6453, 51.8592, 51.9346, 51.8884, 51.7363, 51.4926, 51.1705, 50.782, 50.3374, 49.8463, 49.317, 48.7567, 48.1718, 47.5678, 46.9493, 46.3205, 45.6849, 45.0454, 44.4044, 43.7643, 43.1266, 42.4928, 41.8643, 41.2418, 40.6264, 40.0185, 39.4187, 38.8274, 38.2448, 37.6712
9.64662, 11.9942, 14.6353, 17.5202, 20.584, 23.7536, 26.9534, 30.1113, 33.1627, 36.0534, 38.7414, 41.1962, 43.3989, 45.3404, 47.02, 48.4436, 49.6222, 50.5706, 51.3055, 51.8455, 52.2091, 52.415, 52.4812, 52.4248, 52.2615, 52.0062, 51.6719, 51.2709, 50.8137, 50.3098, 49.7678, 49.1948, 48.5973, 47.9808, 47.3502, 46.7095, 46.0622, 45.4112, 44.7592, 44.1083, 43.4601, 42.8162, 42.1777, 41.5457, 40.9209, 40.3041, 39.6956, 39.0959, 38.5052, 37.9237
9.80911, 12.1918, 14.8712, 17.7964, 20.9017, 24.1125, 27.3521, 30.5475, 33.6332, 36.5546, 39.2691, 41.7462, 43.9669, 45.9222, 47.6116, 49.0414, 50.2229, 51.1711, 51.9034, 52.4383, 52.795, 52.9925, 53.0489, 52.9816, 52.8066, 52.5389, 52.1919, 51.7777, 51.3072, 50.79, 50.2345, 49.6483, 49.0376, 48.4082, 47.7649, 47.1117, 46.4522, 45.7894, 45.1258, 44.4636, 43.8045, 43.15, 42.5012, 41.8593, 41.2249, 40.5987, 39.9812, 39.3727, 38.7735, 38.1839
9.98003, 12.3995, 15.1189, 18.0864, 21.2348, 24.4886, 27.7697, 31.0041, 34.1255, 37.0787, 39.8206, 42.3207, 44.5598, 46.5292, 48.2285, 49.6645, 50.8487, 51.7965, 52.5256, 53.0551, 53.4045, 53.5928, 53.6388, 53.5599, 53.3726, 53.0919, 52.7314, 52.3034, 51.8189, 51.2877, 50.7182, 50.118, 49.4936, 48.8506, 48.194, 47.5278, 46.8556, 46.1804, 45.5048, 44.8308, 44.1603, 43.4947, 42.8353, 42.183, 41.5386, 40.9026, 40.2757, 39.6582, 39.0503, 38.4522
10.16, 12.618, 15.3794, 18.391, 21.5847, 24.8832, 28.2076, 31.4826, 34.641, 37.6271, 40.3974, 42.9211, 45.1792, 47.163, 48.8724, 50.3144, 51.5011, 52.4482, 53.1738, 53.6973, 54.0386, 54.2173, 54.2521, 54.1611, 53.9607, 53.6662, 53.2915, 52.8489, 52.3498, 51.8038, 51.2196, 50.6048, 49.966, 49.3088, 48.6382, 47.9584, 47.2729, 46.5848, 45.8966, 45.2104, 44.528, 43.851, 43.1804, 42.5173, 41.8624, 41.2164, 40.5797, 39.9527, 39.3357, 38.7288
10.3498, 12.8482, 15.6535, 18.7115, 21.9523, 25.2977, 28.6672, 31.9844, 35.1814, 38.2016, 41.0013, 43.5494, 45.8269, 47.8253, 49.5449, 50.9929, 52.1818, 53.1278, 53.8494, 54.3664, 54.6991, 54.8673, 54.8903, 54.7862, 54.572, 54.2629, 53.8732, 53.4154, 52.9007, 52.3392, 51.7396, 51.1095, 50.4556, 49.7836, 49.0984, 48.4044, 47.705, 47.0033, 46.302, 45.603, 44.9083, 44.2192, 43.537, 42.8626, 42.1969, 41.5404, 40.8935, 40.2567, 39.6302, 39.0141
10.5502, 13.0911, 15.9425, 19.0489, 22.3392, 25.7335, 29.1501, 32.5113, 35.7483, 38.804, 41.634, 44.2073, 46.5048, 48.5181, 50.2479, 51.7018, 52.8926, 53.8371, 54.5541, 55.064, 55.3873, 55.5443, 55.5547, 55.4368, 55.2078, 54.8834, 54.4779, 54.0039, 53.473, 52.8951, 52.2792, 51.6331, 50.9633, 50.2757, 49.5753, 48.8663, 48.1524, 47.4366, 46.7215, 46.0092, 45.3015, 44.6, 43.9056, 43.2196, 42.5425, 41.875, 41.2176, 40.5706, 39.9342, 39.3086
10.762, 13.3476, 16.2475, 19.4048, 22.7468, 26.1923, 29.658, 33.0651, 36.3438, 39.4362, 42.2977, 44.8969, 47.2148, 49.2434, 50.9834, 52.443, 53.6354, 54.5779, 55.2898, 55.7918, 56.105, 56.2501, 56.2469, 56.1143, 55.8697, 55.529, 55.1067, 54.6157, 54.0676, 53.4726, 52.8396, 52.1765, 51.4901, 50.7861, 50.0697, 49.3451, 48.616, 47.8854, 47.1559, 46.4297, 45.7085, 44.9939, 44.2869, 43.5886, 42.8997, 42.2208, 41.5524, 40.8948, 40.2481, 39.6126
10.9862, 13.6189, 16.5697, 19.7804, 23.1768, 26.6758, 30.1929, 33.6479, 36.9699, 40.1005, 42.9945, 45.6204, 47.9593, 50.0033, 51.7536, 53.2187, 54.4124, 55.3523, 56.0584, 56.5518, 56.854, 56.9862, 56.9686, 56.8204, 56.5592, 56.2012, 55.7611, 55.2521, 54.6858, 54.0727, 53.4217, 52.7409, 52.0369, 51.3158, 50.5827, 49.8417, 49.0966, 48.3505, 47.606, 46.8652, 46.1299, 45.4016, 44.6814, 43.9703, 43.2691, 42.5783, 41.8984, 41.2297, 40.5723, 39.9265
11.224, 13.9063, 16.9107, 20.1776, 23.6309, 27.1861, 30.7569, 34.2618, 37.629, 40.7992, 43.7269, 46.3803, 48.7407, 50.8004, 52.5609, 54.0312, 55.2257, 56.1625, 56.862, 57.346, 57.6363, 57.7547, 57.7216, 57.5567, 57.2778, 56.9014, 56.4426, 55.9145, 55.3291, 54.6969, 54.0269, 53.3273, 52.605, 51.8659, 51.115, 50.3569, 49.5951, 48.8327, 48.0725, 47.3164, 46.5663, 45.8237, 45.0898, 44.3654, 43.6513, 42.9481, 42.2562, 41.5759, 40.9074, 40.2508
11.4766, 14.2112, 17.2721, 20.598, 24.1112, 27.7253, 31.3523, 34.9094, 38.3237, 41.535, 44.4975, 47.1793, 49.5617, 51.6372, 53.4079, 54.8832, 56.078, 57.0109, 57.7031, 58.1767, 58.4541, 58.5575, 58.5079, 58.3251, 58.0274, 57.6315, 57.1527, 56.6045, 55.9988, 55.3464, 54.6565, 53.9371, 53.1954, 52.4373, 51.6679, 50.8917, 50.1124, 49.333, 48.5562, 47.7841, 47.0186, 46.2611, 45.5127, 44.7743, 44.0468, 43.3306, 42.6262, 41.9339, 41.2538, 40.586
11.7453, 14.5352, 17.6557, 21.0439, 24.62, 28.2959, 31.9818, 35.5934, 39.0568, 42.3109, 45.3094, 48.0205, 50.4253, 52.5169, 54.2976, 55.7774, 56.9719, 57.9002, 58.5841, 59.0463, 59.3098, 59.397, 59.3296, 59.1276, 58.8099, 58.3933, 57.8933, 57.3236, 56.6966, 56.0228, 55.3117, 54.5716, 53.8094, 53.0313, 52.2425, 51.4473, 50.6495, 49.8522, 49.0581, 48.2693, 47.4876, 46.7144, 45.9509, 45.198, 44.4564, 43.7267, 43.0092, 42.3043, 41.612, 40.9326
12.0317, 14.8801, 18.0636, 21.5174, 25.1598, 28.9006, 32.6482, 36.3169, 39.8314, 43.13, 46.1658, 48.9069, 51.3347, 53.4424, 55.233, 56.717, 57.9104, 58.8333, 59.5079, 59.9575, 60.2057, 60.2756, 60.189, 59.9666, 59.6274, 59.1887, 58.6662, 58.0738, 57.424, 56.7277, 55.9943, 55.2322, 54.4484, 53.6493, 52.8399, 52.0247, 51.2075, 50.3915, 49.5792, 48.7727, 47.974, 47.1844, 46.4051, 45.6369, 44.8807, 44.1368, 43.4057, 42.6876, 41.9827, 41.291
12.3376, 15.248, 18.4981, 22.0212, 25.7335, 29.5425, 33.3549, 37.0833, 40.6511, 43.9959, 47.0704, 49.8424, 52.2936, 54.4175, 56.2177, 57.7052, 58.8969, 59.8133, 60.4775, 60.9133, 61.1449, 61.1959, 61.0887, 60.8443, 60.4822, 60.0199, 59.4735, 58.857, 58.183, 57.4627, 56.7057, 55.9203, 55.1139, 54.2925, 53.4614, 52.6252, 51.7876, 50.9518, 50.1204, 49.2955, 48.479, 47.6722, 46.8762, 46.0921, 45.3204, 44.5617, 43.8163, 43.0845, 42.3664, 41.662
12.6649, 15.6411, 18.9619, 22.5582, 26.3441, 30.225, 34.1054, 37.8963, 41.5199, 44.9127, 48.0272, 50.831, 53.306, 55.4461, 57.2555, 58.746, 59.9349, 60.8438, 61.4962, 61.9167, 62.1303, 62.1608, 62.0314, 61.7635, 61.3768, 60.8894, 60.3173, 59.6752, 58.9756, 58.2299, 57.4478, 56.6379, 55.8073, 54.9624, 54.1085, 53.2502, 52.3911, 51.5344, 50.6829, 49.8386, 49.0033, 48.1785, 47.3652, 46.5643, 45.7765, 45.0022, 44.2419, 43.4957, 42.7638, 42.0461
13.016, 16.0622, 19.4578, 23.1316, 26.9954, 30.952, 34.904, 38.7603, 42.442, 45.8849, 49.0407, 51.8771, 54.3762, 56.5325, 58.3507, 59.8433, 61.0285, 61.9285, 62.5677, 62.9715, 63.1652, 63.1736, 63.0202, 62.727, 62.3139, 61.7995, 61.2002, 60.5307, 59.8039, 59.0312, 58.2225, 57.3865, 56.5305, 55.6607, 54.7827, 53.9009, 53.0192, 52.1406, 51.2679, 50.4032, 49.5483, 48.7044, 47.8728, 47.0544, 46.2497, 45.4591, 44.6832, 43.9219, 43.1755, 42.4439
13.3935, 16.5141, 19.9893, 23.7453, 27.6914, 31.7279, 35.7551, 39.6801, 43.4226, 46.9174, 50.1159, 52.9857, 55.5093, 57.6816, 59.508, 61.0018, 62.182, 63.0718, 63.6961, 64.0813, 64.2534, 64.2377, 64.0584, 63.7378, 63.2965, 62.7532, 62.1248, 61.426, 60.6701, 59.8688, 59.0319, 58.1682, 57.2852, 56.3892, 55.4856, 54.5791, 53.6734, 52.7718, 51.8767, 50.9905, 50.1148, 49.2511, 48.4003, 47.5633, 46.7409, 45.9333, 45.1409, 44.3639, 43.6023, 42.8561
13.8003, 17.0004, 20.5602, 24.4036, 28.4369, 32.5577, 36.664, 40.6611, 44.4671, 48.0158, 51.2585, 54.1626, 56.7108, 58.8988, 60.7327, 62.2265, 63.4004, 64.2782, 64.8859, 65.2505, 65.3989, 65.3571, 65.1496, 64.7995, 64.3278, 63.7536, 63.0938, 62.3639, 61.577, 60.7451, 59.8782, 58.9851, 58.0734, 57.1496, 56.219, 55.2863, 54.3554, 53.4293, 52.5107, 51.6019, 50.7043, 49.8196, 48.9486, 48.0922, 47.2511, 46.4256, 45.616, 44.8225, 44.045, 43.2835
14.2401, 17.525, 21.1751, 25.1113, 29.237, 33.447, 37.6368, 41.7095, 45.5818, 49.1867, 52.4748, 55.4139, 57.9869, 60.1902, 62.0306, 63.5232, 64.6891, 65.5531, 66.142, 66.4838, 66.6062, 66.5358, 66.2978, 65.9159, 65.4114, 64.8038, 64.1106, 63.3472, 62.5273, 61.6627, 60.7638, 59.8395, 58.8974, 57.944, 56.9848, 56.0244, 55.0667, 54.1148, 53.1714, 52.2386, 51.3181, 50.4112, 49.5189, 48.6422, 47.7814, 46.9371, 46.1094, 45.2985, 44.5044, 43.7269
14.7168, 18.0926, 21.8391, 25.8741, 30.0979, 34.4024, 38.6801, 42.8323, 46.7739, 50.4371, 53.7722, 56.7468, 59.3446, 61.5625, 63.4083, 64.8982, 66.0542, 66.9021, 67.47, 67.7865, 67.8802, 67.7786, 67.5075, 67.091, 66.5511, 65.9077, 65.1785, 64.3794, 63.524, 62.6246, 61.6916, 60.734, 59.7595, 58.7747, 57.7851, 56.7954, 55.8093, 54.8301, 53.8604, 52.9023, 51.9575, 51.0273, 50.1126, 49.2144, 48.333, 47.4688, 46.6222, 45.793, 44.9814, 44.1872
15.2353, 18.7086, 22.5581, 26.6986, 31.0268, 35.4313, 39.8018, 44.0374, 48.0515, 51.7753, 55.1586, 58.1694, 60.7917, 63.0234, 64.8732, 66.3585, 67.5024, 68.3319, 68.876, 69.1644, 69.2265, 69.0907, 68.7835, 68.3296, 67.7514, 67.0693, 66.3014, 65.4638, 64.5705, 63.6338, 62.6644, 61.6713, 60.6623, 59.6441, 58.6222, 57.6012, 56.5851, 55.577, 54.5795, 53.5947, 52.6242, 51.6693, 50.731, 49.8101, 48.9069, 48.022, 47.1553, 46.307, 45.477, 44.6651
15.8011, 19.3793, 23.3393, 27.5924, 32.0317, 36.5423, 41.0109, 45.3342, 49.424, 53.2105, 56.6434, 59.6907, 62.3371, 64.5815, 66.4337, 67.9122, 69.0414, 69.8496, 70.3668, 70.6239, 70.6512, 70.4779, 70.1313, 69.6366, 69.0169, 68.293, 67.4834, 66.6045, 65.6704, 64.6938, 63.6854, 62.6543, 61.6086, 60.5547, 59.4985, 58.4444, 57.3963, 56.3575, 55.3305, 54.3174, 53.3197, 52.3388, 51.3756, 50.4307, 49.5046, 48.5977, 47.71, 46.8415, 45.9922, 45.1618
16.4209, 20.112, 24.1908, 28.5645, 33.1222, 37.7454, 42.3178, 46.7333, 50.9021, 54.7536, 58.2372, 61.3211, 63.991, 66.2466, 68.0991, 69.5682, 70.6798, 71.4633, 71.9502, 72.1723, 72.1611, 71.9465, 71.5568, 71.0177, 70.353, 69.5839, 68.7292, 67.8057, 66.8278, 65.8083, 64.7581, 63.6865, 62.6014, 61.5096, 60.4167, 59.3273, 58.2453, 57.1739, 56.1156, 55.0725, 54.046, 53.0376, 52.0479, 51.0778, 50.1275, 49.1974, 48.2875, 47.3977, 46.5281, 45.6782
17.1026, 20.9158, 25.1223, 29.6253, 34.3095, 39.0525, 43.7345, 48.2469, 52.4982, 56.4169, 59.9521, 63.0726, 65.7649, 68.0298, 69.88, 71.3368, 72.4272, 73.1823, 73.6348, 73.8178, 73.7638, 73.5038, 73.0668, 72.4793, 71.7655, 70.9473, 70.0439, 69.0722, 68.0472, 66.9816, 65.8865, 64.7713, 63.6442, 62.5118, 61.3797, 60.2527, 59.1346, 58.0285, 56.937, 55.862, 54.8051, 53.7674, 52.7498, 51.7529, 50.7771, 49.8224, 48.8891, 47.977, 47.0859, 46.2155
17.8558, 21.8012, 26.1455, 30.7873, 35.6069, 40.4772, 45.2752, 49.8895, 54.2268, 58.2147, 61.8023, 64.9589, 67.6721, 69.944, 71.7888, 73.2294, 74.2946, 75.0168, 75.4303, 75.5695, 75.468, 75.1578, 74.6687, 74.0282, 73.261, 72.3894, 71.4331, 70.4094, 69.3334, 68.2181, 67.0747, 65.9129, 64.7406, 63.5647, 62.3909, 61.2237, 60.0671, 58.924, 57.7971, 56.6883, 55.5989, 54.5303, 53.4831, 52.4579, 51.4549, 50.4745, 49.5164, 48.5806, 47.6669, 46.7749
18.6921, 22.781, 27.2743, 32.0655, 37.0299, 42.0359, 46.9566, 51.6778, 56.1046, 60.1636, 63.8039, 66.9958, 69.7278, 72.0037, 73.8393, 75.2594, 76.2945, 76.9787, 77.3479, 77.4378, 77.2833, 76.9175, 76.3711, 75.6724, 74.8468, 73.917, 72.9032, 71.823, 70.6919, 69.523, 68.3276, 67.1156, 65.8948, 64.6723, 63.4537, 62.2435, 61.0457, 59.8633, 58.6987, 57.5538, 56.43, 55.3285, 54.2498, 53.1946, 52.163, 51.1551, 50.1709, 49.2101, 48.2725, 47.3577
19.6256, 23.8707, 28.5254, 33.4777, 38.5974, 43.748, 48.7985, 53.6319, 58.1514, 62.2831, 65.9762, 69.2017, 71.9497, 74.2258, 76.0476, 77.4419, 78.4412, 79.0814, 79.4, 79.4344, 79.2207, 78.7931, 78.1834, 77.4207, 76.531, 75.5376, 74.4612, 73.3197, 72.1288, 70.9018, 69.6504, 68.3841, 67.1113, 65.8387, 64.572, 63.3158, 62.074, 60.8495, 59.6446, 58.4613, 57.3009, 56.1643, 55.0522, 53.9651, 52.9031, 51.8662, 50.8543, 49.8671, 48.9043, 47.9654
20.6738, 25.0894, 29.9194, 35.0457, 40.332, 45.6367, 50.8244, 55.7753, 60.3907, 64.5961, 68.3412, 71.5981, 74.3584, 76.6298, 78.4322, 79.7944, 80.7511, 81.3402, 81.6011, 81.5726, 81.2925, 80.7961, 80.1163, 79.2829, 78.3228, 77.2598, 76.115, 74.9067, 73.6508, 72.361, 71.0488, 69.7241, 68.395, 67.0685, 65.7502, 64.4446, 63.1556, 61.886, 60.6382, 59.4138, 58.2143, 57.0404, 55.8928, 54.7718, 53.6775, 52.6098, 51.5685, 50.5533, 49.5638, 48.5994
21.8585, 26.4607, 31.4815, 36.7959, 42.2612, 47.7301, 53.0628, 58.1363, 62.8503, 67.1299, 70.9253, 74.2102, 76.978, 79.2387, 81.0147, 82.3371, 83.2431, 83.7729, 83.9675, 83.8678, 83.513, 82.9398, 82.182, 81.2704, 80.2327, 79.0932, 77.8735, 76.5923, 75.2656, 73.9074, 72.5293, 71.1413, 69.7515, 68.3669, 66.993, 65.6343, 64.2946, 62.9767, 61.6828, 60.4146, 59.1733, 57.9596, 56.7741, 55.617, 54.4884, 53.388, 52.3155, 51.2706, 50.2528, 49.2614
23.2072, 28.0142, 33.243, 38.7612, 44.4189, 50.0626, 55.548, 60.749, 65.5637, 69.9169, 73.7599, 77.0678, 79.8368, 82.0791, 83.8201, 85.0936, 85.9393, 86.3997, 86.5182, 86.3375, 85.8984, 85.239, 84.3942, 83.3959, 82.2723, 81.0486, 79.7466, 78.3855, 76.9816, 75.5489, 74.0992, 72.6425, 71.187, 69.7395, 68.3056, 66.8898, 65.4956, 64.1258, 62.7825, 61.4673, 60.1813, 58.9251, 57.6992, 56.5036, 55.3383, 54.2031, 53.0975, 52.0211, 50.9732, 49.9532
24.755, 29.7873, 35.2434, 40.9824, 46.8467, 52.6764, 58.3222, 63.6549, 68.5712, 72.9962, 76.8822, 80.2067, 82.9684, 85.1828, 86.8781, 88.0913, 88.8651, 89.2444, 89.2752, 89.002, 88.4673, 87.7109, 86.7688, 85.6738, 84.4551, 83.1383, 81.7458, 80.2969, 78.8084, 77.2943, 75.7666, 74.2352, 72.7083, 71.1928, 69.694, 68.2164, 66.7635, 65.3379, 63.9415, 62.5759, 61.2419, 59.9402, 58.6711, 57.4344, 56.2301, 55.0578, 53.9169, 52.807, 51.7272, 50.6768
26.5471, 31.828, 37.5326, 43.511, 49.5971, 55.6239, 61.4372, 66.9047, 71.9222, 76.415, 80.3373, 83.6694, 86.4129, 88.5871, 90.2236, 91.3629, 92.0506, 92.3349, 92.2639, 91.8846, 91.2414, 90.3753, 89.3239, 88.121, 86.7963, 85.3762, 83.8836, 82.3382, 80.7568, 79.1536, 77.5406, 75.9277, 74.3232, 72.7337, 71.1647, 69.6203, 68.104, 66.6181, 65.1646, 63.7447, 62.3593, 61.0088, 59.6934, 58.4128, 57.1668, 55.9549, 54.7764, 53.6307, 52.5169, 51.4343
28.6432, 34.1985, 40.1752, 46.4129, 52.7362, 58.971, 64.9578, 70.5616, 75.6773, 80.2312, 84.1802, 87.5074, 90.2187, 92.337, 93.8982, 94.9466, 95.5313, 95.7035, 95.5143, 95.0128, 94.2456, 93.2552, 92.0805, 90.7564, 89.3134, 87.7785, 86.1749, 84.5228, 82.8389, 81.1378, 79.4314, 77.7295, 76.0403, 74.3704, 72.725, 71.1082, 69.5231, 67.9722, 66.457, 64.9788, 63.538, 62.1351, 60.7699, 59.4423, 58.1516, 56.8974, 55.6788, 54.495, 53.345, 52.2281
31.1226, 36.9811, 43.2552, 49.773, 56.3491, 62.8015, 68.9657, 74.7042, 79.9117, 84.5164, 88.478, 91.7838, 94.4441, 96.4868, 97.952, 98.8884, 99.3492, 99.3888, 99.0614, 98.4187, 97.5092, 96.3772, 95.0629, 93.6022, 92.0265, 90.3633, 88.6364, 86.8658, 85.0688, 83.2598, 81.4506, 79.6512, 77.8694, 76.1116, 74.3831, 72.6875, 71.028, 69.4066, 67.8247, 66.2834, 64.783, 63.3236, 61.9051, 60.5269, 59.1884, 57.8888, 56.6272, 55.4027, 54.2142, 53.0606
34.0929, 40.286, 46.8843, 53.703, 60.5459, 67.2232, 73.5652, 79.4325, 84.7204, 89.3596, 93.3139, 96.5758, 99.1608, 101.102, 102.445, 103.244, 103.555, 103.437, 102.947, 102.14, 101.067, 99.7724, 98.2993, 96.6841, 94.959, 93.152, 91.2872, 89.3849, 87.4624, 85.5341, 83.6116, 81.7048, 79.8214, 77.9676, 76.1482, 74.3668, 72.6262, 70.9283, 69.2742, 67.6646, 66.0998, 64.5796, 63.1035, 61.6709, 60.281, 58.9328, 57.6253, 56.3572, 55.1274, 53.9347
37.7031, 44.2634, 51.2127, 58.3516, 65.4723, 72.3769, 78.8911, 84.8742, 90.2234, 94.8731, 98.7924, 101.98, 104.457, 106.264, 107.452, 108.079, 108.209, 107.902, 107.221, 106.222, 104.958, 103.478, 101.823, 100.032, 98.138, 96.1691, 94.1496, 92.1002, 90.038, 87.9772, 85.9294, 83.9042, 81.909, 79.9497, 78.0308, 76.1556, 74.3267, 72.5454, 70.8128, 69.1292, 67.4946, 65.9086, 64.3705, 62.8793, 61.4341, 60.0336, 58.6767, 57.3619, 56.088, 54.8535
42.1635, 49.1231, 56.4471, 63.9206, 71.3233, 78.4491, 85.1201, 91.1957, 96.5758, 101.2, 105.045, 108.116, 110.443, 112.072, 113.062, 113.477, 113.385, 112.852, 111.943, 110.719, 109.233, 107.537, 105.673, 103.682, 101.595, 99.4432, 97.2496, 95.0351, 92.8166, 90.6083, 88.4214, 86.265, 84.1463, 82.0708, 80.0426, 78.0647, 76.1391, 74.2669, 72.4488, 70.6848, 68.9744, 67.3171, 65.7118, 64.1574, 62.6525, 61.1958, 59.7858, 58.4208, 57.0995, 55.8202
47.7791, 55.1633, 62.8776, 70.6892, 78.3652, 85.6917, 92.4883, 98.616, 103.98, 108.527, 112.242, 115.139, 117.257, 118.652, 119.388, 119.538, 119.173, 118.367, 117.186, 115.695, 113.949, 112.001, 109.896, 107.674, 105.368, 103.008, 100.617, 98.2166, 95.8228, 93.4494, 91.1074, 88.8053, 86.5498, 84.3459, 82.1973, 80.1063, 78.0747, 76.103, 74.1915, 72.3397, 70.547, 68.8123, 67.1342, 65.5113, 63.9419, 62.4245, 60.9572, 59.5383, 58.1661, 56.8387
55.0036, 62.8202, 70.9205, 79.052, 86.9688, 94.4502, 101.315, 107.429, 112.703, 117.096, 120.601, 123.246, 125.077, 126.161, 126.572, 126.388, 125.687, 124.547, 123.039, 121.229, 119.176, 116.934, 114.548, 112.06, 109.501, 106.903, 104.288, 101.677, 99.0851, 96.5263, 94.0106, 91.5459, 89.1382, 86.792, 84.5101, 82.2945, 80.1461, 78.0652, 76.0513, 74.1037, 72.2211, 70.402, 68.6448, 66.9476, 65.3084, 63.7253, 62.1962, 60.7192, 59.2921, 57.9131
64.5341, 72.7496, 81.1898, 89.5806, 97.6625, 105.21, 112.044, 118.035, 123.108, 127.232, 130.414, 132.694, 134.133, 134.805, 134.794, 134.186, 133.066, 131.516, 129.61, 127.418, 125, 122.411, 119.696, 116.897, 114.048, 111.175, 108.304, 105.453, 102.637, 99.8689, 97.1579, 94.5109, 91.9333, 89.4285, 86.9987, 84.6451, 82.3678, 80.1666, 78.0403, 75.9875, 74.0066, 72.0955, 70.252, 68.4739, 66.7589, 65.1047, 63.5087, 61.9688, 60.4825, 59.0478
77.4797, 85.9698, 94.6186, 103.126, 111.219, 118.668, 125.299, 130.994, 135.691, 139.375, 142.069, 143.827, 144.723, 144.845, 144.284, 143.135, 141.488, 139.43, 137.037, 134.382, 131.526, 128.524, 125.422, 122.26, 119.07, 115.881, 112.715, 109.589, 106.518, 103.512, 100.581, 97.7286, 94.9603, 92.2782, 89.6835, 87.1765, 84.7565, 82.4222, 80.172, 78.0036, 75.9147, 73.9028, 71.9651, 70.0988, 68.3013, 66.5696, 64.9011, 63.2931, 61.7429, 60.248
95.6788, 104.123, 112.673, 120.995, 128.798, 135.851, 141.987, 147.102, 151.149, 154.133, 156.096, 157.105, 157.251, 156.63, 155.346, 153.497, 151.181, 148.486, 145.493, 142.272, 138.886, 135.388, 131.825, 128.234, 124.647, 121.089, 117.581, 114.139, 110.775, 107.498, 104.316, 101.232, 98.2486, 95.3674, 92.5882, 89.9101, 87.3312, 84.8494, 82.4619, 80.1659, 77.9582, 75.8356, 73.7946, 71.8319, 69.9442, 68.1282, 66.3808, 64.6989, 63.0793, 61.5194
122.327, 129.971, 137.749, 145.266, 152.203, 158.321, 163.456, 167.52, 170.483, 172.368, 173.233, 173.163, 172.259, 170.628, 168.379, 165.617, 162.441, 158.941, 155.196, 151.277, 147.243, 143.147, 139.03, 134.929, 130.872, 126.881, 122.975, 119.166, 115.464, 111.877, 108.408, 105.06, 101.833, 98.7271, 95.7404, 92.8704, 90.114, 87.4679, 84.9281, 82.4907, 80.1518, 77.907, 75.7524, 73.6839, 71.6976, 69.7895, 67.9561, 66.1936, 64.4987, 62.8682
163.293, 168.402, 173.943, 179.387, 184.342, 188.53, 191.778, 193.998, 195.17, 195.325, 194.534, 192.89, 190.499, 187.474, 183.924, 179.953, 175.659, 171.126, 166.432, 161.64, 156.807, 151.979, 147.193, 142.479, 137.862, 133.359, 128.984, 124.747, 120.653, 116.707, 112.908, 109.258, 105.754, 102.394, 99.1724, 96.0864, 93.1309, 90.3008, 87.5911, 84.9966, 82.512, 80.1323, 77.8524, 75.6674, 73.5727, 71.5637, 69.6361, 67.7858, 66.0089, 64.3015
230.087, 228.576, 228.633, 229.349, 230.105, 230.489, 230.249, 229.252, 227.45, 224.86, 221.536, 217.563, 213.036, 208.056, 202.723, 197.128, 191.357, 185.483, 179.573, 173.679, 167.848, 162.115, 156.509, 151.053, 145.762, 140.648, 135.719, 130.977, 126.425, 122.06, 117.881, 113.883, 110.062, 106.41, 102.922, 99.5919, 96.4117, 93.3751, 90.4751, 87.7051, 85.0584, 82.5288, 80.1101, 77.7964, 75.5823, 73.4624, 71.4315, 69.4851, 67.6185, 65.8274
