1e-14 1.08877e-51 4.23335e-39
1.0045e-14 1.13866e-51 4.23335e-39
1.00903e-14 1.19079e-51 4.23335e-39
1.01357e-14 1.24524e-51 4.23335e-39
1.01814e-14 1.3021e-51 4.23335e-39
1.02272e-14 1.36152e-51 4.23335e-39
1.02733e-14 1.42355e-51 4.23335e-39
1.03196e-14 1.48834e-51 4.23335e-39
1.0366e-14 1.55603e-51 4.23335e-39
1.04127e-14 1.6267e-51 4.23335e-39
1.04596e-14 1.70053e-51 4.23335e-39
1.05067e-14 1.77762e-51 4.23335e-39
1.0554e-14 1.85812e-51 4.23335e-39
1.06016e-14 1.94216e-51 4.23335e-39
1.06493e-14 2.02993e-51 4.23335e-39
1.06973e-14 2.12156e-51 4.23335e-39
1.07455e-14 2.21722e-51 4.23335e-39
1.07938e-14 2.31705e-51 4.23335e-39
1.08425e-14 2.42134e-51 4.23335e-39
1.08913e-14 2.53015e-51 4.23335e-39
1.09403e-14 2.64373e-51 4.23335e-39
1.09896e-14 2.7623e-51 4.23335e-39
1.10391e-14 2.88605e-51 4.23335e-39
1.10888e-14 3.01518e-51 4.23335e-39
1.11388e-14 3.14998e-51 4.23335e-39
1.11889e-14 3.29063e-51 4.23335e-39
1.12393e-14 3.43741e-51 4.23335e-39
1.12899e-14 3.59058e-51 4.23335e-39
1.13408e-14 3.75038e-51 4.23335e-39
1.13919e-14 3.91713e-51 4.23335e-39
1.14432e-14 4.09107e-51 4.23335e-39
1.14947e-14 4.27255e-51 4.23335e-39
1.15465e-14 4.4619e-51 4.23335e-39
1.15985e-14 4.65942e-51 4.23335e-39
1.16507e-14 4.86543e-51 4.23335e-39
1.17032e-14 5.08034e-51 4.23335e-39
1.17559e-14 5.30449e-51 4.23335e-39
1.18088e-14 5.53827e-51 4.23335e-39
1.1862e-14 5.78212e-51 4.23335e-39
1.19154e-14 6.0364e-51 4.23335e-39
1.19691e-14 6.30154e-51 4.23335e-39
1.2023e-14 6.57807e-51 4.23335e-39
1.20772e-14 6.86638e-51 4.23335e-39
1.21316e-14 7.16704e-51 4.23335e-39
1.21862e-14 7.48047e-51 4.23335e-39
1.22411e-14 7.80728e-51 4.23335e-39
1.22962e-14 8.148e-51 4.23335e-39
1.23516e-14 8.50318e-51 4.23335e-39
1.24072e-14 8.87342e-51 4.23335e-39
1.24631e-14 9.25937e-51 4.23335e-39
1.25192e-14 9.66163e-51 4.23335e-39
1.25756e-14 1.00809e-50 4.23335e-39
1.26322e-14 1.0518e-50 4.23335e-39
1.26891e-14 1.09734e-50 4.23335e-39
1.27463e-14 1.1448e-50 4.23335e-39
1.28037e-14 1.19427e-50 4.23335e-39
1.28613e-14 1.24581e-50 4.23335e-39
1.29193e-14 1.29952e-50 4.23335e-39
1.29775e-14 1.35548e-50 4.23335e-39
1.30359e-14 1.41378e-50 4.23335e-39
1.30946e-14 1.47452e-50 4.23335e-39
1.31536e-14 1.5378e-50 4.23335e-39
1.32128e-14 1.60373e-50 4.23335e-39
1.32723e-14 1.6724e-50 4.23335e-39
1.33321e-14 1.74394e-50 4.23335e-39
1.33922e-14 1.81845e-50 4.23335e-39
1.34525e-14 1.89605e-50 4.23335e-39
1.35131e-14 1.97688e-50 4.23335e-39
1.35739e-14 2.06106e-50 4.23335e-39
1.3635e-14 2.14872e-50 4.23335e-39
1.36965e-14 2.24001e-50 4.23335e-39
1.37581e-14 2.33507e-50 4.23335e-39
1.38201e-14 2.43405e-50 4.23335e-39
1.38823e-14 2.53711e-50 4.23335e-39
1.39449e-14 2.64441e-50 4.23335e-39
1.40077e-14 2.75612e-50 4.23335e-39
1.40708e-14 2.87242e-50 4.23335e-39
1.41341e-14 2.99349e-50 4.23335e-39
1.41978e-14 3.11952e-50 4.23335e-39
1.42617e-14 3.25071e-50 4.23335e-39
1.4326e-14 3.38725e-50 4.23335e-39
1.43905e-14 3.52937e-50 4.23335e-39
1.44553e-14 3.67729e-50 4.23335e-39
1.45204e-14 3.83123e-50 4.23335e-39
1.45858e-14 3.99142e-50 4.23335e-39
1.46515e-14 4.15813e-50 4.23335e-39
1.47175e-14 4.3316e-50 4.23335e-39
1.47837e-14 4.51209e-50 4.23335e-39
1.48503e-14 4.6999e-50 4.23335e-39
1.49172e-14 4.89529e-50 4.23335e-39
1.49844e-14 5.09858e-50 4.23335e-39
1.50519e-14 5.31006e-50 4.23335e-39
1.51197e-14 5.53005e-50 4.23335e-39
1.51878e-14 5.7589e-50 4.23335e-39
1.52562e-14 5.99695e-50 4.23335e-39
1.53249e-14 6.24455e-50 4.23335e-39
1.53939e-14 6.50207e-50 4.23335e-39
1.54632e-14 6.7699e-50 4.23335e-39
1.55329e-14 7.04844e-50 4.23335e-39
1.56028e-14 7.3381e-50 4.23335e-39
1.56731e-14 7.63931e-50 4.23335e-39
1.57437e-14 7.95253e-50 4.23335e-39
1.58146e-14 8.2782e-50 4.23335e-39
1.58858e-14 8.61682e-50 4.23335e-39
1.59573e-14 8.96888e-50 4.23335e-39
1.60292e-14 9.3349e-50 4.23335e-39
1.61014e-14 9.7154e-50 4.23335e-39
1.61739e-14 1.0111e-49 4.23335e-39
1.62468e-14 1.05221e-49 4.23335e-39
1.63199e-14 1.09495e-49 4.23335e-39
1.63934e-14 1.13937e-49 4.23335e-39
1.64673e-14 1.18555e-49 4.23335e-39
1.65414e-14 1.23353e-49 4.23335e-39
1.66159e-14 1.2834e-49 4.23335e-39
1.66908e-14 1.33522e-49 4.23335e-39
1.67659e-14 1.38908e-49 4.23335e-39
1.68414e-14 1.44503e-49 4.23335e-39
1.69173e-14 1.50318e-49 4.23335e-39
1.69935e-14 1.56359e-49 4.23335e-39
1.707e-14 1.62635e-49 4.23335e-39
1.71469e-14 1.69156e-49 4.23335e-39
1.72241e-14 1.7593e-49 4.23335e-39
1.73017e-14 1.82967e-49 4.23335e-39
1.73796e-14 1.90277e-49 4.23335e-39
1.74579e-14 1.97869e-49 4.23335e-39
1.75365e-14 2.05756e-49 4.23335e-39
1.76155e-14 2.13946e-49 4.23335e-39
1.76948e-14 2.22453e-49 4.23335e-39
1.77745e-14 2.31287e-49 4.23335e-39
1.78546e-14 2.40461e-49 4.23335e-39
1.7935e-14 2.49988e-49 4.23335e-39
1.80158e-14 2.5988e-49 4.23335e-39
1.80969e-14 2.70151e-49 4.23335e-39
1.81784e-14 2.80815e-49 4.23335e-39
1.82603e-14 2.91887e-49 4.23335e-39
1.83425e-14 3.03382e-49 4.23335e-39
1.84251e-14 3.15315e-49 4.23335e-39
1.85081e-14 3.27702e-49 4.23335e-39
1.85914e-14 3.4056e-49 4.23335e-39
1.86752e-14 3.53906e-49 4.23335e-39
1.87593e-14 3.67759e-49 4.23335e-39
1.88438e-14 3.82137e-49 4.23335e-39
1.89286e-14 3.97058e-49 4.23335e-39
1.90139e-14 4.12543e-49 4.23335e-39
1.90995e-14 4.28613e-49 4.23335e-39
1.91855e-14 4.45288e-49 4.23335e-39
1.92719e-14 4.62591e-49 4.23335e-39
1.93587e-14 4.80544e-49 4.23335e-39
1.94459e-14 4.99172e-49 4.23335e-39
1.95335e-14 5.18497e-49 4.23335e-39
1.96215e-14 5.38547e-49 4.23335e-39
1.97098e-14 5.59345e-49 4.23335e-39
1.97986e-14 5.80921e-49 4.23335e-39
1.98878e-14 6.03301e-49 4.23335e-39
1.99774e-14 6.26516e-49 4.23335e-39
2.00673e-14 6.50593e-49 4.23335e-39
2.01577e-14 6.75565e-49 4.23335e-39
2.02485e-14 7.01464e-49 4.23335e-39
2.03397e-14 7.28322e-49 4.23335e-39
2.04313e-14 7.56174e-49 4.23335e-39
2.05233e-14 7.85055e-49 4.23335e-39
2.06157e-14 8.15003e-49 4.23335e-39
2.07086e-14 8.46054e-49 4.23335e-39
2.08018e-14 8.78248e-49 4.23335e-39
2.08955e-14 9.11626e-49 4.23335e-39
2.09896e-14 9.46229e-49 4.23335e-39
2.10842e-14 9.821e-49 4.23335e-39
2.11791e-14 1.01929e-48 4.23335e-39
2.12745e-14 1.05783e-48 4.23335e-39
2.13703e-14 1.09778e-48 4.23335e-39
2.14666e-14 1.13919e-48 4.23335e-39
2.15632e-14 1.18211e-48 4.23335e-39
2.16604e-14 1.22659e-48 4.23335e-39
2.17579e-14 1.27268e-48 4.23335e-39
2.18559e-14 1.32045e-48 4.23335e-39
2.19543e-14 1.36995e-48 4.23335e-39
2.20532e-14 1.42123e-48 4.23335e-39
2.21525e-14 1.47437e-48 4.23335e-39
2.22523e-14 1.52943e-48 4.23335e-39
2.23525e-14 1.58647e-48 4.23335e-39
2.24532e-14 1.64557e-48 4.23335e-39
2.25543e-14 1.70679e-48 4.23335e-39
2.26559e-14 1.7702e-48 4.23335e-39
2.27579e-14 1.83589e-48 4.23335e-39
2.28604e-14 1.90393e-48 4.23335e-39
2.29634e-14 1.9744e-48 4.23335e-39
2.30668e-14 2.04738e-48 4.23335e-39
2.31707e-14 2.12297e-48 4.23335e-39
2.3275e-14 2.20124e-48 4.23335e-39
2.33799e-14 2.2823e-48 4.23335e-39
2.34852e-14 2.36624e-48 4.23335e-39
2.35909e-14 2.45315e-48 4.23335e-39
2.36972e-14 2.54314e-48 4.23335e-39
2.38039e-14 2.63631e-48 4.23335e-39
2.39111e-14 2.73277e-48 4.23335e-39
2.40188e-14 2.83263e-48 4.23335e-39
2.4127e-14 2.93601e-48 4.23335e-39
2.42356e-14 3.04302e-48 4.23335e-39
2.43448e-14 3.15379e-48 4.23335e-39
2.44544e-14 3.26844e-48 4.23335e-39
2.45646e-14 3.38711e-48 4.23335e-39
2.46752e-14 3.50992e-48 4.23335e-39
2.47863e-14 3.63703e-48 4.23335e-39
2.4898e-14 3.76856e-48 4.23335e-39
2.50101e-14 3.90468e-48 4.23335e-39
2.51227e-14 4.04553e-48 4.23335e-39
2.52359e-14 4.19126e-48 4.23335e-39
2.53495e-14 4.34206e-48 4.23335e-39
2.54637e-14 4.49807e-48 4.23335e-39
2.55784e-14 4.65948e-48 4.23335e-39
2.56936e-14 4.82646e-48 4.23335e-39
2.58093e-14 4.9992e-48 4.23335e-39
2.59255e-14 5.17788e-48 4.23335e-39
2.60423e-14 5.36271e-48 4.23335e-39
2.61596e-14 5.55389e-48 4.23335e-39
2.62774e-14 5.75162e-48 4.23335e-39
2.63957e-14 5.95612e-48 4.23335e-39
2.65146e-14 6.16761e-48 4.23335e-39
2.6634e-14 6.38632e-48 4.23335e-39
2.6754e-14 6.61249e-48 4.23335e-39
2.68745e-14 6.84636e-48 4.23335e-39
2.69955e-14 7.08818e-48 4.23335e-39
2.71171e-14 7.33821e-48 4.23335e-39
2.72392e-14 7.59671e-48 4.23335e-39
2.73619e-14 7.86397e-48 4.23335e-39
2.74851e-14 8.14026e-48 4.23335e-39
2.76089e-14 8.42587e-48 4.23335e-39
2.77332e-14 8.72112e-48 4.23335e-39
2.78581e-14 9.0263e-48 4.23335e-39
2.79836e-14 9.34173e-48 4.23335e-39
2.81096e-14 9.66775e-48 4.23335e-39
2.82362e-14 1.00047e-47 4.23335e-39
2.83634e-14 1.03529e-47 4.23335e-39
2.84912e-14 1.07128e-47 4.23335e-39
2.86195e-14 1.10847e-47 4.23335e-39
2.87484e-14 1.14689e-47 4.23335e-39
2.88778e-14 1.1866e-47 4.23335e-39
2.90079e-14 1.22762e-47 4.23335e-39
2.91385e-14 1.27e-47 4.23335e-39
2.92698e-14 1.31379e-47 4.23335e-39
2.94016e-14 1.35903e-47 4.23335e-39
2.9534e-14 1.40576e-47 4.23335e-39
2.9667e-14 1.45403e-47 4.23335e-39
2.98006e-14 1.50389e-47 4.23335e-39
2.99348e-14 1.55539e-47 4.23335e-39
3.00697e-14 1.60859e-47 4.23335e-39
3.02051e-14 1.66352e-47 4.23335e-39
3.03411e-14 1.72026e-47 4.23335e-39
3.04778e-14 1.77885e-47 4.23335e-39
3.0615e-14 1.83935e-47 4.23335e-39
3.07529e-14 1.90183e-47 4.23335e-39
3.08914e-14 1.96634e-47 4.23335e-39
3.10305e-14 2.03294e-47 4.23335e-39
3.11703e-14 2.10171e-47 4.23335e-39
3.13107e-14 2.1727e-47 4.23335e-39
3.14517e-14 2.24599e-47 4.23335e-39
3.15933e-14 2.32165e-47 4.23335e-39
3.17356e-14 2.39975e-47 4.23335e-39
3.18786e-14 2.48037e-47 4.23335e-39
3.20221e-14 2.56357e-47 4.23335e-39
3.21663e-14 2.64945e-47 4.23335e-39
3.23112e-14 2.73809e-47 4.23335e-39
3.24567e-14 2.82956e-47 4.23335e-39
3.26029e-14 2.92395e-47 4.23335e-39
3.27497e-14 3.02136e-47 4.23335e-39
3.28972e-14 3.12188e-47 4.23335e-39
3.30454e-14 3.22559e-47 4.23335e-39
3.31942e-14 3.3326e-47 4.23335e-39
3.33437e-14 3.443e-47 4.23335e-39
3.34939e-14 3.5569e-47 4.23335e-39
3.36447e-14 3.6744e-47 4.23335e-39
3.37963e-14 3.79562e-47 4.23335e-39
3.39485e-14 3.92066e-47 4.23335e-39
3.41014e-14 4.04963e-47 4.23335e-39
3.42549e-14 4.18266e-47 4.23335e-39
3.44092e-14 4.31986e-47 4.23335e-39
3.45642e-14 4.46137e-47 4.23335e-39
3.47199e-14 4.6073e-47 4.23335e-39
3.48762e-14 4.7578e-47 4.23335e-39
3.50333e-14 4.91299e-47 4.23335e-39
3.51911e-14 5.07301e-47 4.23335e-39
3.53496e-14 5.23801e-47 4.23335e-39
3.55088e-14 5.40813e-47 4.23335e-39
3.56687e-14 5.58353e-47 4.23335e-39
3.58293e-14 5.76436e-47 4.23335e-39
3.59907e-14 5.95078e-47 4.23335e-39
3.61528e-14 6.14296e-47 4.23335e-39
3.63156e-14 6.34105e-47 4.23335e-39
3.64792e-14 6.54524e-47 4.23335e-39
3.66435e-14 6.7557e-47 4.23335e-39
3.68085e-14 6.97261e-47 4.23335e-39
3.69743e-14 7.19617e-47 4.23335e-39
3.71408e-14 7.42657e-47 4.23335e-39
3.73081e-14 7.66399e-47 4.23335e-39
3.74761e-14 7.90865e-47 4.23335e-39
3.76449e-14 8.16076e-47 4.23335e-39
3.78144e-14 8.42053e-47 4.23335e-39
3.79847e-14 8.68818e-47 4.23335e-39
3.81558e-14 8.96393e-47 4.23335e-39
3.83276e-14 9.24802e-47 4.23335e-39
3.85002e-14 9.54069e-47 4.23335e-39
3.86736e-14 9.84218e-47 4.23335e-39
3.88478e-14 1.01527e-46 4.23335e-39
3.90228e-14 1.04726e-46 4.23335e-39
3.91985e-14 1.08021e-46 4.23335e-39
3.93751e-14 1.11415e-46 4.23334e-39
3.95524e-14 1.1491e-46 4.23334e-39
3.97305e-14 1.18509e-46 4.23334e-39
3.99095e-14 1.22216e-46 4.23334e-39
4.00892e-14 1.26033e-46 4.23334e-39
4.02698e-14 1.29963e-46 4.23334e-39
4.04511e-14 1.3401e-46 4.23334e-39
4.06333e-14 1.38177e-46 4.23334e-39
4.08163e-14 1.42467e-46 4.23334e-39
4.10001e-14 1.46884e-46 4.23334e-39
4.11848e-14 1.51431e-46 4.23334e-39
4.13703e-14 1.56111e-46 4.23334e-39
4.15566e-14 1.60929e-46 4.23334e-39
4.17437e-14 1.65889e-46 4.23334e-39
4.19317e-14 1.70993e-46 4.23334e-39
4.21206e-14 1.76247e-46 4.23334e-39
4.23103e-14 1.81654e-46 4.23334e-39
4.25008e-14 1.87219e-46 4.23334e-39
4.26922e-14 1.92946e-46 4.23334e-39
4.28845e-14 1.98839e-46 4.23334e-39
4.30777e-14 2.04902e-46 4.23334e-39
4.32717e-14 2.11141e-46 4.23334e-39
4.34666e-14 2.17561e-46 4.23334e-39
4.36623e-14 2.24166e-46 4.23334e-39
4.3859e-14 2.30961e-46 4.23334e-39
4.40565e-14 2.37951e-46 4.23334e-39
4.42549e-14 2.45142e-46 4.23334e-39
4.44542e-14 2.52539e-46 4.23334e-39
4.46544e-14 2.60147e-46 4.23334e-39
4.48555e-14 2.67973e-46 4.23334e-39
4.50575e-14 2.76022e-46 4.23334e-39
4.52605e-14 2.84301e-46 4.23334e-39
4.54643e-14 2.92814e-46 4.23334e-39
4.56691e-14 3.01569e-46 4.23334e-39
4.58748e-14 3.10572e-46 4.23334e-39
4.60814e-14 3.1983e-46 4.23334e-39
4.62889e-14 3.29349e-46 4.23334e-39
4.64974e-14 3.39136e-46 4.23334e-39
4.67068e-14 3.49198e-46 4.23334e-39
4.69171e-14 3.59543e-46 4.23334e-39
4.71284e-14 3.70178e-46 4.23334e-39
4.73407e-14 3.81111e-46 4.23334e-39
4.75539e-14 3.92349e-46 4.23334e-39
4.77681e-14 4.039e-46 4.23334e-39
4.79832e-14 4.15773e-46 4.23333e-39
4.81993e-14 4.27977e-46 4.23333e-39
4.84164e-14 4.40519e-46 4.23333e-39
4.86344e-14 4.53408e-46 4.23333e-39
4.88535e-14 4.66654e-46 4.23333e-39
4.90735e-14 4.80265e-46 4.23333e-39
4.92945e-14 4.94252e-46 4.23333e-39
4.95165e-14 5.08623e-46 4.23333e-39
4.97395e-14 5.23389e-46 4.23333e-39
4.99635e-14 5.3856e-46 4.23333e-39
5.01886e-14 5.54146e-46 4.23333e-39
5.04146e-14 5.70158e-46 4.23333e-39
5.06416e-14 5.86606e-46 4.23333e-39
5.08697e-14 6.03502e-46 4.23333e-39
5.10988e-14 6.20858e-46 4.23333e-39
5.13289e-14 6.38684e-46 4.23333e-39
5.15601e-14 6.56993e-46 4.23333e-39
5.17923e-14 6.75797e-46 4.23333e-39
5.20256e-14 6.95108e-46 4.23333e-39
5.22599e-14 7.1494e-46 4.23332e-39
5.24953e-14 7.35305e-46 4.23332e-39
5.27317e-14 7.56217e-46 4.23332e-39
5.29692e-14 7.77689e-46 4.23332e-39
5.32077e-14 7.99735e-46 4.23332e-39
5.34474e-14 8.2237e-46 4.23332e-39
5.36881e-14 8.45608e-46 4.23332e-39
5.39299e-14 8.69464e-46 4.23332e-39
5.41728e-14 8.93954e-46 4.23332e-39
5.44167e-14 9.19094e-46 4.23332e-39
5.46618e-14 9.44898e-46 4.23332e-39
5.4908e-14 9.71384e-46 4.23332e-39
5.51553e-14 9.98568e-46 4.23331e-39
5.54037e-14 1.02647e-45 4.23331e-39
5.56532e-14 1.0551e-45 4.23331e-39
5.59039e-14 1.08448e-45 4.23331e-39
5.61556e-14 1.11464e-45 4.23331e-39
5.64085e-14 1.14558e-45 4.23331e-39
5.66626e-14 1.17733e-45 4.23331e-39
5.69178e-14 1.2099e-45 4.23331e-39
5.71741e-14 1.24332e-45 4.23331e-39
5.74316e-14 1.27761e-45 4.2333e-39
5.76903e-14 1.31278e-45 4.2333e-39
5.79501e-14 1.34887e-45 4.2333e-39
5.82111e-14 1.38588e-45 4.2333e-39
5.84732e-14 1.42385e-45 4.2333e-39
5.87366e-14 1.46279e-45 4.2333e-39
5.90011e-14 1.50274e-45 4.2333e-39
5.92668e-14 1.5437e-45 4.23329e-39
5.95338e-14 1.58572e-45 4.23329e-39
5.98019e-14 1.6288e-45 4.23329e-39
6.00712e-14 1.67298e-45 4.23329e-39
6.03418e-14 1.71829e-45 4.23329e-39
6.06135e-14 1.76474e-45 4.23329e-39
6.08865e-14 1.81237e-45 4.23328e-39
6.11607e-14 1.8612e-45 4.23328e-39
6.14362e-14 1.91127e-45 4.23328e-39
6.17129e-14 1.9626e-45 4.23328e-39
6.19908e-14 2.01521e-45 4.23328e-39
6.227e-14 2.06915e-45 4.23328e-39
6.25504e-14 2.12443e-45 4.23327e-39
6.28321e-14 2.1811e-45 4.23327e-39
6.31151e-14 2.23918e-45 4.23327e-39
6.33994e-14 2.29871e-45 4.23327e-39
6.36849e-14 2.35971e-45 4.23326e-39
6.39717e-14 2.42223e-45 4.23326e-39
6.42598e-14 2.4863e-45 4.23326e-39
6.45492e-14 2.55195e-45 4.23326e-39
6.484e-14 2.61921e-45 4.23325e-39
6.5132e-14 2.68813e-45 4.23325e-39
6.54253e-14 2.75875e-45 4.23325e-39
6.572e-14 2.8311e-45 4.23325e-39
6.6016e-14 2.90521e-45 4.23324e-39
6.63133e-14 2.98114e-45 4.23324e-39
6.66119e-14 3.05891e-45 4.23324e-39
6.69119e-14 3.13858e-45 4.23323e-39
6.72133e-14 3.22018e-45 4.23323e-39
6.7516e-14 3.30376e-45 4.23323e-39
6.78201e-14 3.38936e-45 4.23322e-39
6.81255e-14 3.47703e-45 4.23322e-39
6.84323e-14 3.5668e-45 4.23322e-39
6.87405e-14 3.65874e-45 4.23321e-39
6.90501e-14 3.75288e-45 4.23321e-39
6.93611e-14 3.84928e-45 4.23321e-39
6.96735e-14 3.94797e-45 4.2332e-39
6.99873e-14 4.04903e-45 4.2332e-39
7.03025e-14 4.15249e-45 4.2332e-39
7.06191e-14 4.2584e-45 4.23319e-39
7.09371e-14 4.36683e-45 4.23319e-39
7.12566e-14 4.47782e-45 4.23318e-39
7.15775e-14 4.59143e-45 4.23318e-39
7.18999e-14 4.70772e-45 4.23317e-39
7.22237e-14 4.82675e-45 4.23317e-39
7.2549e-14 4.94856e-45 4.23316e-39
7.28757e-14 5.07323e-45 4.23316e-39
7.32039e-14 5.20082e-45 4.23315e-39
7.35336e-14 5.33138e-45 4.23315e-39
7.38648e-14 5.46498e-45 4.23314e-39
7.41975e-14 5.60169e-45 4.23314e-39
7.45316e-14 5.74156e-45 4.23313e-39
7.48673e-14 5.88468e-45 4.23313e-39
7.52045e-14 6.03109e-45 4.23312e-39
7.55432e-14 6.18088e-45 4.23311e-39
7.58834e-14 6.33412e-45 4.23311e-39
7.62252e-14 6.49087e-45 4.2331e-39
7.65685e-14 6.65121e-45 4.2331e-39
7.69133e-14 6.81522e-45 4.23309e-39
7.72597e-14 6.98296e-45 4.23308e-39
7.76076e-14 7.15453e-45 4.23308e-39
7.79572e-14 7.32999e-45 4.23307e-39
7.83083e-14 7.50943e-45 4.23306e-39
7.86609e-14 7.69292e-45 4.23305e-39
7.90152e-14 7.88056e-45 4.23305e-39
7.93711e-14 8.07243e-45 4.23304e-39
7.97285e-14 8.2686e-45 4.23303e-39
8.00876e-14 8.46918e-45 4.23302e-39
8.04483e-14 8.67425e-45 4.23301e-39
8.08106e-14 8.88389e-45 4.233e-39
8.11746e-14 9.09821e-45 4.233e-39
8.15402e-14 9.3173e-45 4.23299e-39
8.19074e-14 9.54124e-45 4.23298e-39
8.22763e-14 9.77015e-45 4.23297e-39
8.26468e-14 1.00041e-44 4.23296e-39
8.3019e-14 1.02432e-44 4.23295e-39
8.33929e-14 1.04876e-44 4.23294e-39
8.37685e-14 1.07374e-44 4.23293e-39
8.41458e-14 1.09926e-44 4.23292e-39
8.45247e-14 1.12534e-44 4.2329e-39
8.49054e-14 1.15199e-44 4.23289e-39
8.52878e-14 1.17922e-44 4.23288e-39
8.56719e-14 1.20704e-44 4.23287e-39
8.60578e-14 1.23546e-44 4.23286e-39
8.64453e-14 1.2645e-44 4.23285e-39
8.68347e-14 1.29417e-44 4.23283e-39
8.72257e-14 1.32447e-44 4.23282e-39
8.76186e-14 1.35542e-44 4.23281e-39
8.80132e-14 1.38704e-44 4.23279e-39
8.84096e-14 1.41934e-44 4.23278e-39
8.88077e-14 1.45232e-44 4.23277e-39
8.92077e-14 1.48601e-44 4.23275e-39
8.96095e-14 1.52041e-44 4.23274e-39
9.00131e-14 1.55554e-44 4.23272e-39
9.04184e-14 1.59141e-44 4.23271e-39
9.08257e-14 1.62804e-44 4.23269e-39
9.12347e-14 1.66545e-44 4.23267e-39
9.16456e-14 1.70363e-44 4.23266e-39
9.20584e-14 1.74262e-44 4.23264e-39
9.2473e-14 1.78243e-44 4.23262e-39
9.28894e-14 1.82306e-44 4.2326e-39
9.33078e-14 1.86455e-44 4.23259e-39
9.3728e-14 1.90689e-44 4.23257e-39
9.41501e-14 1.95011e-44 4.23255e-39
9.45742e-14 1.99422e-44 4.23253e-39
9.50001e-14 2.03925e-44 4.23251e-39
9.54279e-14 2.0852e-44 4.23249e-39
9.58577e-14 2.1321e-44 4.23247e-39
9.62894e-14 2.17995e-44 4.23245e-39
9.67231e-14 2.22879e-44 4.23242e-39
9.71587e-14 2.27862e-44 4.2324e-39
9.75963e-14 2.32947e-44 4.23238e-39
9.80358e-14 2.38134e-44 4.23236e-39
9.84774e-14 2.43427e-44 4.23233e-39
9.89209e-14 2.48827e-44 4.23231e-39
9.93664e-14 2.54336e-44 4.23228e-39
9.98139e-14 2.59955e-44 4.23226e-39
1.00263e-13 2.65687e-44 4.23223e-39
1.00715e-13 2.71534e-44 4.23221e-39
1.01169e-13 2.77498e-44 4.23218e-39
1.01624e-13 2.83581e-44 4.23215e-39
1.02082e-13 2.89784e-44 4.23212e-39
1.02542e-13 2.96111e-44 4.23209e-39
1.03003e-13 3.02563e-44 4.23206e-39
1.03467e-13 3.09142e-44 4.23203e-39
1.03933e-13 3.1585e-44 4.232e-39
1.04401e-13 3.22691e-44 4.23197e-39
1.04872e-13 3.29665e-44 4.23194e-39
1.05344e-13 3.36776e-44 4.23191e-39
1.05818e-13 3.44025e-44 4.23187e-39
1.06295e-13 3.51416e-44 4.23184e-39
1.06774e-13 3.5895e-44 4.2318e-39
1.07255e-13 3.66629e-44 4.23177e-39
1.07738e-13 3.74457e-44 4.23173e-39
1.08223e-13 3.82436e-44 4.23169e-39
1.0871e-13 3.90568e-44 4.23165e-39
1.092e-13 3.98856e-44 4.23161e-39
1.09692e-13 4.07303e-44 4.23157e-39
1.10186e-13 4.15911e-44 4.23153e-39
1.10682e-13 4.24682e-44 4.23149e-39
1.1118e-13 4.3362e-44 4.23145e-39
1.11681e-13 4.42728e-44 4.23141e-39
1.12184e-13 4.52007e-44 4.23136e-39
1.12689e-13 4.61461e-44 4.23132e-39
1.13197e-13 4.71093e-44 4.23127e-39
1.13707e-13 4.80905e-44 4.23122e-39
1.14219e-13 4.90901e-44 4.23118e-39
1.14733e-13 5.01083e-44 4.23113e-39
1.1525e-13 5.11455e-44 4.23108e-39
1.15769e-13 5.22019e-44 4.23103e-39
1.1629e-13 5.32779e-44 4.23097e-39
1.16814e-13 5.43737e-44 4.23092e-39
1.1734e-13 5.54897e-44 4.23087e-39
1.17869e-13 5.66263e-44 4.23081e-39
1.18399e-13 5.77836e-44 4.23075e-39
1.18933e-13 5.89621e-44 4.2307e-39
1.19468e-13 6.01621e-44 4.23064e-39
1.20006e-13 6.13839e-44 4.23058e-39
1.20547e-13 6.26278e-44 4.23052e-39
1.2109e-13 6.38943e-44 4.23045e-39
1.21635e-13 6.51836e-44 4.23039e-39
1.22183e-13 6.6496e-44 4.23032e-39
1.22733e-13 6.78321e-44 4.23026e-39
1.23286e-13 6.9192e-44 4.23019e-39
1.23841e-13 7.05763e-44 4.23012e-39
1.24399e-13 7.19851e-44 4.23005e-39
1.24959e-13 7.3419e-44 4.22998e-39
1.25522e-13 7.48783e-44 4.2299e-39
1.26087e-13 7.63634e-44 4.22983e-39
1.26655e-13 7.78746e-44 4.22975e-39
1.27226e-13 7.94123e-44 4.22967e-39
1.27799e-13 8.0977e-44 4.2296e-39
1.28374e-13 8.25691e-44 4.22951e-39
1.28952e-13 8.41888e-44 4.22943e-39
1.29533e-13 8.58368e-44 4.22935e-39
1.30116e-13 8.75133e-44 4.22926e-39
1.30702e-13 8.92187e-44 4.22917e-39
1.31291e-13 9.09536e-44 4.22909e-39
1.31882e-13 9.27183e-44 4.22899e-39
1.32476e-13 9.45132e-44 4.2289e-39
1.33073e-13 9.63389e-44 4.22881e-39
1.33672e-13 9.81956e-44 4.22871e-39
1.34274e-13 1.00084e-43 4.22861e-39
1.34879e-13 1.02004e-43 4.22851e-39
1.35487e-13 1.03957e-43 4.22841e-39
1.36097e-13 1.05943e-43 4.22831e-39
1.3671e-13 1.07962e-43 4.2282e-39
1.37325e-13 1.10015e-43 4.22809e-39
1.37944e-13 1.12102e-43 4.22798e-39
1.38565e-13 1.14224e-43 4.22787e-39
1.39189e-13 1.16382e-43 4.22776e-39
1.39816e-13 1.18575e-43 4.22764e-39
1.40446e-13 1.20804e-43 4.22752e-39
1.41078e-13 1.2307e-43 4.2274e-39
1.41714e-13 1.25373e-43 4.22728e-39
1.42352e-13 1.27715e-43 4.22715e-39
1.42993e-13 1.30094e-43 4.22702e-39
1.43637e-13 1.32512e-43 4.22689e-39
1.44284e-13 1.34969e-43 4.22676e-39
1.44934e-13 1.37467e-43 4.22663e-39
1.45586e-13 1.40004e-43 4.22649e-39
1.46242e-13 1.42583e-43 4.22635e-39
1.46901e-13 1.45202e-43 4.22621e-39
1.47562e-13 1.47864e-43 4.22606e-39
1.48227e-13 1.50568e-43 4.22591e-39
1.48894e-13 1.53316e-43 4.22576e-39
1.49565e-13 1.56106e-43 4.22561e-39
1.50239e-13 1.58941e-43 4.22545e-39
1.50915e-13 1.61821e-43 4.22529e-39
1.51595e-13 1.64746e-43 4.22513e-39
1.52278e-13 1.67717e-43 4.22497e-39
1.52963e-13 1.70734e-43 4.2248e-39
1.53652e-13 1.73799e-43 4.22463e-39
1.54344e-13 1.76911e-43 4.22446e-39
1.5504e-13 1.80071e-43 4.22428e-39
1.55738e-13 1.8328e-43 4.2241e-39
1.56439e-13 1.86538e-43 4.22392e-39
1.57144e-13 1.89846e-43 4.22373e-39
1.57851e-13 1.93205e-43 4.22354e-39
1.58562e-13 1.96616e-43 4.22335e-39
1.59277e-13 2.00078e-43 4.22315e-39
1.59994e-13 2.03592e-43 4.22295e-39
1.60714e-13 2.0716e-43 4.22275e-39
1.61438e-13 2.10781e-43 4.22254e-39
1.62165e-13 2.14457e-43 4.22233e-39
1.62896e-13 2.18188e-43 4.22211e-39
1.63629e-13 2.21974e-43 4.2219e-39
1.64366e-13 2.25817e-43 4.22167e-39
1.65106e-13 2.29717e-43 4.22145e-39
1.6585e-13 2.33674e-43 4.22122e-39
1.66597e-13 2.3769e-43 4.22098e-39
1.67347e-13 2.41764e-43 4.22075e-39
1.68101e-13 2.45898e-43 4.2205e-39
1.68858e-13 2.50093e-43 4.22026e-39
1.69619e-13 2.54349e-43 4.22001e-39
1.70382e-13 2.58666e-43 4.21975e-39
1.7115e-13 2.63046e-43 4.2195e-39
1.71921e-13 2.67488e-43 4.21923e-39
1.72695e-13 2.71995e-43 4.21896e-39
1.73473e-13 2.76566e-43 4.21869e-39
1.74254e-13 2.81202e-43 4.21842e-39
1.75039e-13 2.85904e-43 4.21814e-39
1.75827e-13 2.90672e-43 4.21785e-39
1.76619e-13 2.95508e-43 4.21756e-39
1.77414e-13 3.00412e-43 4.21726e-39
1.78213e-13 3.05385e-43 4.21696e-39
1.79016e-13 3.10427e-43 4.21666e-39
1.79822e-13 3.15539e-43 4.21635e-39
1.80632e-13 3.20722e-43 4.21603e-39
1.81446e-13 3.25977e-43 4.21571e-39
1.82263e-13 3.31305e-43 4.21538e-39
1.83084e-13 3.36705e-43 4.21505e-39
1.83908e-13 3.4218e-43 4.21472e-39
1.84736e-13 3.47729e-43 4.21437e-39
1.85568e-13 3.53353e-43 4.21403e-39
1.86404e-13 3.59054e-43 4.21367e-39
1.87244e-13 3.64832e-43 4.21331e-39
1.88087e-13 3.70687e-43 4.21295e-39
1.88934e-13 3.76621e-43 4.21258e-39
1.89785e-13 3.82634e-43 4.2122e-39
1.9064e-13 3.88727e-43 4.21182e-39
1.91498e-13 3.94901e-43 4.21143e-39
1.92361e-13 4.01157e-43 4.21104e-39
1.93227e-13 4.07494e-43 4.21063e-39
1.94097e-13 4.13915e-43 4.21023e-39
1.94972e-13 4.2042e-43 4.20981e-39
1.9585e-13 4.2701e-43 4.20939e-39
1.96732e-13 4.33685e-43 4.20897e-39
1.97618e-13 4.40446e-43 4.20853e-39
1.98508e-13 4.47294e-43 4.20809e-39
1.99402e-13 4.5423e-43 4.20764e-39
2.003e-13 4.61255e-43 4.20719e-39
2.01202e-13 4.68369e-43 4.20673e-39
2.02108e-13 4.75574e-43 4.20626e-39
2.03018e-13 4.82869e-43 4.20579e-39
2.03933e-13 4.90257e-43 4.2053e-39
2.04851e-13 4.97737e-43 4.20481e-39
2.05774e-13 5.0531e-43 4.20431e-39
2.067e-13 5.12978e-43 4.20381e-39
2.07631e-13 5.20741e-43 4.2033e-39
2.08566e-13 5.286e-43 4.20278e-39
2.09506e-13 5.36555e-43 4.20225e-39
2.10449e-13 5.44608e-43 4.20171e-39
2.11397e-13 5.52759e-43 4.20117e-39
2.12349e-13 5.61009e-43 4.20061e-39
2.13306e-13 5.69359e-43 4.20005e-39
2.14266e-13 5.7781e-43 4.19948e-39
2.15231e-13 5.86363e-43 4.1989e-39
2.16201e-13 5.95018e-43 4.19832e-39
2.17174e-13 6.03775e-43 4.19772e-39
2.18152e-13 6.12637e-43 4.19712e-39
2.19135e-13 6.21604e-43 4.19651e-39
2.20122e-13 6.30676e-43 4.19589e-39
2.21113e-13 6.39855e-43 4.19525e-39
2.22109e-13 6.49141e-43 4.19461e-39
2.23109e-13 6.58534e-43 4.19397e-39
2.24114e-13 6.68037e-43 4.19331e-39
2.25123e-13 6.77649e-43 4.19264e-39
2.26137e-13 6.87372e-43 4.19196e-39
2.27156e-13 6.97205e-43 4.19127e-39
2.28179e-13 7.07151e-43 4.19058e-39
2.29206e-13 7.1721e-43 4.18987e-39
2.30239e-13 7.27382e-43 4.18915e-39
2.31276e-13 7.37668e-43 4.18842e-39
2.32317e-13 7.4807e-43 4.18769e-39
2.33364e-13 7.58587e-43 4.18694e-39
2.34415e-13 7.69222e-43 4.18618e-39
2.3547e-13 7.79973e-43 4.18541e-39
2.36531e-13 7.90844e-43 4.18463e-39
2.37596e-13 8.01833e-43 4.18384e-39
2.38666e-13 8.12942e-43 4.18304e-39
2.39741e-13 8.24171e-43 4.18223e-39
2.40821e-13 8.35522e-43 4.1814e-39
2.41905e-13 8.46995e-43 4.18057e-39
2.42995e-13 8.58591e-43 4.17972e-39
2.44089e-13 8.70311e-43 4.17886e-39
2.45188e-13 8.82155e-43 4.17799e-39
2.46293e-13 8.94124e-43 4.17711e-39
2.47402e-13 9.06219e-43 4.17621e-39
2.48516e-13 9.18441e-43 4.17531e-39
2.49635e-13 9.3079e-43 4.17439e-39
2.5076e-13 9.43267e-43 4.17346e-39
2.51889e-13 9.55872e-43 4.17252e-39
2.53023e-13 9.68608e-43 4.17156e-39
2.54163e-13 9.81473e-43 4.17059e-39
2.55308e-13 9.9447e-43 4.16961e-39
2.56458e-13 1.0076e-42 4.16861e-39
2.57613e-13 1.02086e-42 4.16761e-39
2.58773e-13 1.03425e-42 4.16659e-39
2.59938e-13 1.04778e-42 4.16555e-39
2.61109e-13 1.06144e-42 4.1645e-39
2.62285e-13 1.07524e-42 4.16344e-39
2.63466e-13 1.08917e-42 4.16237e-39
2.64653e-13 1.10324e-42 4.16128e-39
2.65845e-13 1.11744e-42 4.16018e-39
2.67042e-13 1.13178e-42 4.15906e-39
2.68245e-13 1.14626e-42 4.15793e-39
2.69453e-13 1.16088e-42 4.15678e-39
2.70666e-13 1.17564e-42 4.15562e-39
2.71885e-13 1.19054e-42 4.15444e-39
2.7311e-13 1.20558e-42 4.15325e-39
2.7434e-13 1.22076e-42 4.15205e-39
2.75575e-13 1.23609e-42 4.15083e-39
2.76816e-13 1.25155e-42 4.14959e-39
2.78063e-13 1.26716e-42 4.14834e-39
2.79315e-13 1.28291e-42 4.14707e-39
2.80573e-13 1.29881e-42 4.14579e-39
2.81837e-13 1.31485e-42 4.14449e-39
2.83106e-13 1.33103e-42 4.14317e-39
2.84381e-13 1.34737e-42 4.14184e-39
2.85662e-13 1.36384e-42 4.1405e-39
2.86949e-13 1.38047e-42 4.13913e-39
2.88241e-13 1.39724e-42 4.13775e-39
2.89539e-13 1.41416e-42 4.13635e-39
2.90843e-13 1.43122e-42 4.13494e-39
2.92153e-13 1.44844e-42 4.13351e-39
2.93469e-13 1.4658e-42 4.13206e-39
2.9479e-13 1.48331e-42 4.1306e-39
2.96118e-13 1.50097e-42 4.12911e-39
2.97452e-13 1.51879e-42 4.12761e-39
2.98791e-13 1.53675e-42 4.12609e-39
3.00137e-13 1.55486e-42 4.12456e-39
3.01489e-13 1.57313e-42 4.123e-39
3.02847e-13 1.59155e-42 4.12143e-39
3.0421e-13 1.61011e-42 4.11984e-39
3.05581e-13 1.62883e-42 4.11823e-39
3.06957e-13 1.64771e-42 4.1166e-39
3.08339e-13 1.66673e-42 4.11495e-39
3.09728e-13 1.68591e-42 4.11328e-39
3.11123e-13 1.70524e-42 4.1116e-39
3.12524e-13 1.72473e-42 4.10989e-39
3.13932e-13 1.74437e-42 4.10817e-39
3.15345e-13 1.76416e-42 4.10642e-39
3.16766e-13 1.78411e-42 4.10466e-39
3.18192e-13 1.80421e-42 4.10287e-39
3.19625e-13 1.82447e-42 4.10107e-39
3.21065e-13 1.84488e-42 4.09925e-39
3.22511e-13 1.86545e-42 4.0974e-39
3.23963e-13 1.88617e-42 4.09554e-39
3.25422e-13 1.90705e-42 4.09365e-39
3.26888e-13 1.92808e-42 4.09174e-39
3.2836e-13 1.94927e-42 4.08981e-39
3.29839e-13 1.97061e-42 4.08786e-39
3.31324e-13 1.99211e-42 4.08589e-39
3.32817e-13 2.01377e-42 4.0839e-39
3.34316e-13 2.03557e-42 4.08189e-39
3.35821e-13 2.05754e-42 4.07985e-39
3.37334e-13 2.07966e-42 4.07779e-39
3.38853e-13 2.10194e-42 4.07572e-39
3.40379e-13 2.12437e-42 4.07361e-39
3.41912e-13 2.14696e-42 4.07149e-39
3.43452e-13 2.1697e-42 4.06934e-39
3.44999e-13 2.19259e-42 4.06717e-39
3.46552e-13 2.21565e-42 4.06498e-39
3.48113e-13 2.23885e-42 4.06276e-39
3.49681e-13 2.26222e-42 4.06053e-39
3.51256e-13 2.28573e-42 4.05826e-39
3.52838e-13 2.3094e-42 4.05598e-39
3.54427e-13 2.33323e-42 4.05367e-39
3.56023e-13 2.35721e-42 4.05133e-39
3.57627e-13 2.38134e-42 4.04898e-39
3.59237e-13 2.40563e-42 4.0466e-39
3.60855e-13 2.43006e-42 4.04419e-39
3.6248e-13 2.45466e-42 4.04176e-39
3.64113e-13 2.4794e-42 4.03931e-39
3.65753e-13 2.5043e-42 4.03683e-39
3.674e-13 2.52934e-42 4.03432e-39
3.69055e-13 2.55454e-42 4.03179e-39
3.70717e-13 2.57989e-42 4.02924e-39
3.72386e-13 2.60539e-42 4.02666e-39
3.74063e-13 2.63104e-42 4.02405e-39
3.75748e-13 2.65684e-42 4.02142e-39
3.7744e-13 2.68279e-42 4.01876e-39
3.7914e-13 2.70889e-42 4.01608e-39
3.80848e-13 2.73513e-42 4.01337e-39
3.82563e-13 2.76153e-42 4.01064e-39
3.84286e-13 2.78807e-42 4.00788e-39
3.86017e-13 2.81475e-42 4.00509e-39
3.87755e-13 2.84158e-42 4.00227e-39
3.89502e-13 2.86856e-42 3.99943e-39
3.91256e-13 2.89568e-42 3.99656e-39
3.93018e-13 2.92294e-42 3.99367e-39
3.94788e-13 2.95035e-42 3.99074e-39
3.96566e-13 2.9779e-42 3.98779e-39
3.98352e-13 3.00559e-42 3.98482e-39
4.00146e-13 3.03342e-42 3.98181e-39
4.01948e-13 3.06139e-42 3.97878e-39
4.03758e-13 3.0895e-42 3.97572e-39
4.05577e-13 3.11775e-42 3.97263e-39
4.07403e-13 3.14614e-42 3.96951e-39
4.09238e-13 3.17466e-42 3.96636e-39
4.11081e-13 3.20331e-42 3.96319e-39
4.12933e-13 3.23211e-42 3.95998e-39
4.14792e-13 3.26103e-42 3.95675e-39
4.16661e-13 3.29009e-42 3.95349e-39
4.18537e-13 3.31928e-42 3.9502e-39
4.20422e-13 3.3486e-42 3.94688e-39
4.22315e-13 3.37805e-42 3.94353e-39
4.24217e-13 3.40763e-42 3.94016e-39
4.26128e-13 3.43733e-42 3.93675e-39
4.28047e-13 3.46716e-42 3.93331e-39
4.29975e-13 3.49712e-42 3.92984e-39
4.31911e-13 3.5272e-42 3.92635e-39
4.33857e-13 3.55741e-42 3.92282e-39
4.35811e-13 3.58773e-42 3.91926e-39
4.37773e-13 3.61818e-42 3.91567e-39
4.39745e-13 3.64874e-42 3.91206e-39
4.41725e-13 3.67943e-42 3.90841e-39
4.43715e-13 3.71023e-42 3.90473e-39
4.45713e-13 3.74114e-42 3.90102e-39
4.47721e-13 3.77217e-42 3.89728e-39
4.49737e-13 3.80331e-42 3.8935e-39
4.51762e-13 3.83457e-42 3.8897e-39
4.53797e-13 3.86593e-42 3.88587e-39
4.55841e-13 3.8974e-42 3.882e-39
4.57894e-13 3.92898e-42 3.8781e-39
4.59956e-13 3.96066e-42 3.87417e-39
4.62028e-13 3.99245e-42 3.87021e-39
4.64108e-13 4.02434e-42 3.86622e-39
4.66199e-13 4.05633e-42 3.8622e-39
4.68298e-13 4.08842e-42 3.85814e-39
4.70407e-13 4.12061e-42 3.85405e-39
4.72526e-13 4.1529e-42 3.84993e-39
4.74654e-13 4.18528e-42 3.84578e-39
4.76792e-13 4.21775e-42 3.84159e-39
4.78939e-13 4.25032e-42 3.83738e-39
4.81096e-13 4.28297e-42 3.83313e-39
4.83263e-13 4.31571e-42 3.82884e-39
4.85439e-13 4.34854e-42 3.82453e-39
4.87626e-13 4.38145e-42 3.82018e-39
4.89822e-13 4.41445e-42 3.8158e-39
4.92028e-13 4.44752e-42 3.81138e-39
4.94244e-13 4.48068e-42 3.80693e-39
4.9647e-13 4.51391e-42 3.80245e-39
4.98705e-13 4.54722e-42 3.79794e-39
5.00952e-13 4.5806e-42 3.79339e-39
5.03208e-13 4.61405e-42 3.78881e-39
5.05474e-13 4.64758e-42 3.7842e-39
5.0775e-13 4.68117e-42 3.77955e-39
5.10037e-13 4.71482e-42 3.77487e-39
5.12334e-13 4.74854e-42 3.77015e-39
5.14642e-13 4.78233e-42 3.76541e-39
5.16959e-13 4.81617e-42 3.76062e-39
5.19288e-13 4.85007e-42 3.75581e-39
5.21626e-13 4.88402e-42 3.75096e-39
5.23976e-13 4.91803e-42 3.74607e-39
5.26336e-13 4.9521e-42 3.74116e-39
5.28706e-13 4.98621e-42 3.7362e-39
5.31087e-13 5.02037e-42 3.73122e-39
5.33479e-13 5.05457e-42 3.7262e-39
5.35882e-13 5.08882e-42 3.72114e-39
5.38295e-13 5.12311e-42 3.71605e-39
5.40719e-13 5.15744e-42 3.71093e-39
5.43155e-13 5.1918e-42 3.70577e-39
5.45601e-13 5.2262e-42 3.70058e-39
5.48058e-13 5.26063e-42 3.69535e-39
5.50526e-13 5.29509e-42 3.69009e-39
5.53006e-13 5.32958e-42 3.6848e-39
5.55496e-13 5.36409e-42 3.67947e-39
5.57998e-13 5.39863e-42 3.67411e-39
5.60511e-13 5.43319e-42 3.66871e-39
5.63036e-13 5.46776e-42 3.66327e-39
5.65571e-13 5.50235e-42 3.65781e-39
5.68119e-13 5.53696e-42 3.6523e-39
5.70677e-13 5.57158e-42 3.64677e-39
5.73247e-13 5.60621e-42 3.64119e-39
5.75829e-13 5.64084e-42 3.63559e-39
5.78422e-13 5.67548e-42 3.62995e-39
5.81027e-13 5.71011e-42 3.62427e-39
5.83644e-13 5.74475e-42 3.61856e-39
5.86273e-13 5.77939e-42 3.61282e-39
5.88913e-13 5.81402e-42 3.60704e-39
5.91566e-13 5.84864e-42 3.60122e-39
5.9423e-13 5.88325e-42 3.59538e-39
5.96906e-13 5.91785e-42 3.58949e-39
5.99594e-13 5.95243e-42 3.58357e-39
6.02295e-13 5.987e-42 3.57762e-39
6.05007e-13 6.02154e-42 3.57163e-39
6.07732e-13 6.05606e-42 3.56561e-39
6.10469e-13 6.09056e-42 3.55956e-39
6.13218e-13 6.12502e-42 3.55347e-39
6.1598e-13 6.15946e-42 3.54734e-39
6.18754e-13 6.19386e-42 3.54118e-39
6.21541e-13 6.22823e-42 3.53499e-39
6.2434e-13 6.26255e-42 3.52876e-39
6.27152e-13 6.29684e-42 3.5225e-39
6.29977e-13 6.33108e-42 3.5162e-39
6.32814e-13 6.36528e-42 3.50987e-39
6.35664e-13 6.39943e-42 3.5035e-39
6.38527e-13 6.43352e-42 3.4971e-39
6.41403e-13 6.46757e-42 3.49067e-39
6.44291e-13 6.50155e-42 3.4842e-39
6.47193e-13 6.53548e-42 3.4777e-39
6.50108e-13 6.56934e-42 3.47117e-39
6.53036e-13 6.60314e-42 3.4646e-39
6.55977e-13 6.63687e-42 3.45799e-39
6.58931e-13 6.67053e-42 3.45136e-39
6.61899e-13 6.70411e-42 3.44469e-39
6.6488e-13 6.73763e-42 3.43798e-39
6.67874e-13 6.77106e-42 3.43125e-39
6.70882e-13 6.80441e-42 3.42447e-39
6.73903e-13 6.83768e-42 3.41767e-39
6.76938e-13 6.87086e-42 3.41083e-39
6.79987e-13 6.90396e-42 3.40396e-39
6.8305e-13 6.93696e-42 3.39706e-39
6.86126e-13 6.96987e-42 3.39012e-39
6.89216e-13 7.00268e-42 3.38315e-39
6.9232e-13 7.03539e-42 3.37615e-39
6.95438e-13 7.068e-42 3.36911e-39
6.9857e-13 7.1005e-42 3.36204e-39
7.01716e-13 7.1329e-42 3.35494e-39
7.04877e-13 7.16518e-42 3.34781e-39
7.08051e-13 7.19736e-42 3.34065e-39
7.1124e-13 7.22941e-42 3.33345e-39
7.14443e-13 7.26135e-42 3.32622e-39
7.17661e-13 7.29317e-42 3.31896e-39
7.20893e-13 7.32486e-42 3.31166e-39
7.2414e-13 7.35643e-42 3.30434e-39
7.27401e-13 7.38787e-42 3.29698e-39
7.30677e-13 7.41918e-42 3.2896e-39
7.33968e-13 7.45035e-42 3.28218e-39
7.37273e-13 7.48138e-42 3.27473e-39
7.40594e-13 7.51228e-42 3.26724e-39
7.43929e-13 7.54303e-42 3.25973e-39
7.4728e-13 7.57364e-42 3.25219e-39
7.50645e-13 7.6041e-42 3.24462e-39
7.54026e-13 7.63441e-42 3.23701e-39
7.57422e-13 7.66457e-42 3.22938e-39
7.60833e-13 7.69458e-42 3.22171e-39
7.6426e-13 7.72442e-42 3.21402e-39
7.67702e-13 7.75411e-42 3.20629e-39
7.71159e-13 7.78363e-42 3.19854e-39
7.74632e-13 7.81298e-42 3.19076e-39
7.78121e-13 7.84217e-42 3.18294e-39
7.81625e-13 7.87119e-42 3.1751e-39
7.85146e-13 7.90004e-42 3.16723e-39
7.88682e-13 7.92871e-42 3.15933e-39
7.92234e-13 7.9572e-42 3.1514e-39
7.95802e-13 7.98551e-42 3.14344e-39
7.99386e-13 8.01363e-42 3.13546e-39
8.02986e-13 8.04158e-42 3.12744e-39
8.06602e-13 8.06933e-42 3.1194e-39
8.10235e-13 8.09689e-42 3.11133e-39
8.13884e-13 8.12426e-42 3.10324e-39
8.1755e-13 8.15144e-42 3.09511e-39
8.21232e-13 8.17842e-42 3.08696e-39
8.2493e-13 8.2052e-42 3.07878e-39
8.28645e-13 8.23177e-42 3.07058e-39
8.32377e-13 8.25814e-42 3.06235e-39
8.36126e-13 8.28431e-42 3.05409e-39
8.39892e-13 8.31026e-42 3.0458e-39
8.43674e-13 8.33601e-42 3.03749e-39
8.47474e-13 8.36153e-42 3.02916e-39
8.51291e-13 8.38685e-42 3.0208e-39
8.55125e-13 8.41194e-42 3.01241e-39
8.58976e-13 8.43682e-42 3.004e-39
8.62845e-13 8.46147e-42 2.99556e-39
8.66731e-13 8.4859e-42 2.9871e-39
8.70634e-13 8.5101e-42 2.97861e-39
8.74555e-13 8.53407e-42 2.9701e-39
8.78494e-13 8.5578e-42 2.96157e-39
8.82451e-13 8.58131e-42 2.95301e-39
8.86425e-13 8.60458e-42 2.94443e-39
8.90417e-13 8.62761e-42 2.93582e-39
8.94427e-13 8.6504e-42 2.9272e-39
8.98455e-13 8.67296e-42 2.91855e-39
9.02502e-13 8.69526e-42 2.90987e-39
9.06566e-13 8.71732e-42 2.90118e-39
9.10649e-13 8.73914e-42 2.89246e-39
9.14751e-13 8.7607e-42 2.88372e-39
9.1887e-13 8.78202e-42 2.87496e-39
9.23009e-13 8.80308e-42 2.86618e-39
9.27166e-13 8.82388e-42 2.85738e-39
9.31341e-13 8.84443e-42 2.84855e-39
9.35536e-13 8.86472e-42 2.83971e-39
9.39749e-13 8.88475e-42 2.83084e-39
9.43982e-13 8.90451e-42 2.82196e-39
9.48233e-13 8.92401e-42 2.81305e-39
9.52504e-13 8.94325e-42 2.80413e-39
9.56793e-13 8.96222e-42 2.79519e-39
9.61103e-13 8.98092e-42 2.78622e-39
9.65431e-13 8.99935e-42 2.77724e-39
9.69779e-13 9.0175e-42 2.76824e-39
9.74147e-13 9.03538e-42 2.75923e-39
9.78534e-13 9.05299e-42 2.75019e-39
9.82941e-13 9.07032e-42 2.74114e-39
9.87368e-13 9.08737e-42 2.73207e-39
9.91815e-13 9.10414e-42 2.72298e-39
9.96282e-13 9.12063e-42 2.71388e-39
1.00077e-12 9.13684e-42 2.70476e-39
1.00528e-12 9.15276e-42 2.69562e-39
1.0098e-12 9.1684e-42 2.68647e-39
1.01435e-12 9.18375e-42 2.6773e-39
1.01892e-12 9.19881e-42 2.66811e-39
1.02351e-12 9.21359e-42 2.65891e-39
1.02812e-12 9.22807e-42 2.6497e-39
1.03275e-12 9.24226e-42 2.64047e-39
1.0374e-12 9.25616e-42 2.63123e-39
1.04207e-12 9.26976e-42 2.62197e-39
1.04676e-12 9.28307e-42 2.6127e-39
1.05148e-12 9.29608e-42 2.60342e-39
1.05621e-12 9.30879e-42 2.59413e-39
1.06097e-12 9.32121e-42 2.58482e-39
1.06575e-12 9.33332e-42 2.5755e-39
1.07055e-12 9.34514e-42 2.56616e-39
1.07537e-12 9.35665e-42 2.55682e-39
1.08021e-12 9.36786e-42 2.54746e-39
1.08508e-12 9.37877e-42 2.53809e-39
1.08997e-12 9.38937e-42 2.52871e-39
1.09487e-12 9.39967e-42 2.51932e-39
1.09981e-12 9.40966e-42 2.50993e-39
1.10476e-12 9.41935e-42 2.50052e-39
1.10973e-12 9.42873e-42 2.4911e-39
1.11473e-12 9.4378e-42 2.48167e-39
1.11975e-12 9.44656e-42 2.47223e-39
1.1248e-12 9.45501e-42 2.46278e-39
1.12986e-12 9.46316e-42 2.45333e-39
1.13495e-12 9.47099e-42 2.44386e-39
1.14006e-12 9.47851e-42 2.43439e-39
1.1452e-12 9.48572e-42 2.42492e-39
1.15035e-12 9.49262e-42 2.41543e-39
1.15553e-12 9.49921e-42 2.40594e-39
1.16074e-12 9.50548e-42 2.39644e-39
1.16597e-12 9.51145e-42 2.38693e-39
1.17122e-12 9.51709e-42 2.37742e-39
1.17649e-12 9.52243e-42 2.3679e-39
1.18179e-12 9.52745e-42 2.35838e-39
1.18711e-12 9.53215e-42 2.34885e-39
1.19246e-12 9.53654e-42 2.33932e-39
1.19783e-12 9.54062e-42 2.32979e-39
1.20323e-12 9.54438e-42 2.32024e-39
1.20864e-12 9.54783e-42 2.3107e-39
1.21409e-12 9.55096e-42 2.30115e-39
1.21956e-12 9.55378e-42 2.2916e-39
1.22505e-12 9.55628e-42 2.28205e-39
1.23057e-12 9.55847e-42 2.27249e-39
1.23611e-12 9.56034e-42 2.26293e-39
1.24167e-12 9.5619e-42 2.25337e-39
1.24727e-12 9.56314e-42 2.24381e-39
1.25288e-12 9.56407e-42 2.23425e-39
1.25853e-12 9.56468e-42 2.22468e-39
1.26419e-12 9.56498e-42 2.21512e-39
1.26989e-12 9.56497e-42 2.20555e-39
1.27561e-12 9.56464e-42 2.19599e-39
1.28135e-12 9.564e-42 2.18642e-39
1.28712e-12 9.56304e-42 2.17686e-39
1.29292e-12 9.56177e-42 2.1673e-39
1.29874e-12 9.56019e-42 2.15774e-39
1.30459e-12 9.5583e-42 2.14818e-39
1.31047e-12 9.5561e-42 2.13862e-39
1.31637e-12 9.55358e-42 2.12906e-39
1.3223e-12 9.55076e-42 2.11951e-39
1.32825e-12 9.54762e-42 2.10996e-39
1.33424e-12 9.54418e-42 2.10041e-39
1.34024e-12 9.54042e-42 2.09086e-39
1.34628e-12 9.53636e-42 2.08132e-39
1.35234e-12 9.53199e-42 2.07179e-39
1.35843e-12 9.52732e-42 2.06226e-39
1.36455e-12 9.52234e-42 2.05273e-39
1.3707e-12 9.51705e-42 2.04321e-39
1.37687e-12 9.51146e-42 2.03369e-39
1.38307e-12 9.50556e-42 2.02418e-39
1.3893e-12 9.49936e-42 2.01467e-39
1.39556e-12 9.49286e-42 2.00517e-39
1.40184e-12 9.48606e-42 1.99568e-39
1.40816e-12 9.47896e-42 1.98619e-39
1.4145e-12 9.47156e-42 1.97671e-39
1.42087e-12 9.46386e-42 1.96724e-39
1.42727e-12 9.45587e-42 1.95778e-39
1.4337e-12 9.44758e-42 1.94832e-39
1.44015e-12 9.43899e-42 1.93888e-39
1.44664e-12 9.43011e-42 1.92944e-39
1.45315e-12 9.42093e-42 1.92001e-39
1.4597e-12 9.41147e-42 1.91059e-39
1.46627e-12 9.40171e-42 1.90117e-39
1.47288e-12 9.39167e-42 1.89177e-39
1.47951e-12 9.38134e-42 1.88238e-39
1.48617e-12 9.37072e-42 1.873e-39
1.49287e-12 9.35981e-42 1.86363e-39
1.49959e-12 9.34862e-42 1.85427e-39
1.50634e-12 9.33715e-42 1.84492e-39
1.51313e-12 9.3254e-42 1.83558e-39
1.51994e-12 9.31336e-42 1.82626e-39
1.52679e-12 9.30105e-42 1.81694e-39
1.53366e-12 9.28846e-42 1.80764e-39
1.54057e-12 9.27559e-42 1.79836e-39
1.54751e-12 9.26245e-42 1.78908e-39
1.55448e-12 9.24904e-42 1.77982e-39
1.56148e-12 9.23536e-42 1.77057e-39
1.56851e-12 9.2214e-42 1.76133e-39
1.57558e-12 9.20718e-42 1.75211e-39
1.58267e-12 9.19269e-42 1.7429e-39
1.5898e-12 9.17794e-42 1.73371e-39
1.59696e-12 9.16292e-42 1.72453e-39
1.60415e-12 9.14764e-42 1.71537e-39
1.61138e-12 9.1321e-42 1.70622e-39
1.61864e-12 9.1163e-42 1.69709e-39
1.62592e-12 9.10025e-42 1.68797e-39
1.63325e-12 9.08394e-42 1.67887e-39
1.6406e-12 9.06738e-42 1.66979e-39
1.64799e-12 9.05057e-42 1.66072e-39
1.65541e-12 9.0335e-42 1.65167e-39
1.66287e-12 9.01619e-42 1.64264e-39
1.67036e-12 8.99864e-42 1.63362e-39
1.67788e-12 8.98084e-42 1.62462e-39
1.68544e-12 8.96279e-42 1.61564e-39
1.69303e-12 8.94451e-42 1.60668e-39
1.70065e-12 8.92599e-42 1.59774e-39
1.70831e-12 8.90723e-42 1.58881e-39
1.71601e-12 8.88824e-42 1.5799e-39
1.72374e-12 8.86902e-42 1.57101e-39
1.7315e-12 8.84956e-42 1.56215e-39
1.7393e-12 8.82988e-42 1.5533e-39
1.74713e-12 8.80997e-42 1.54447e-39
1.755e-12 8.78983e-42 1.53566e-39
1.7629e-12 8.76948e-42 1.52687e-39
1.77084e-12 8.7489e-42 1.5181e-39
1.77882e-12 8.72811e-42 1.50935e-39
1.78683e-12 8.70709e-42 1.50062e-39
1.79488e-12 8.68587e-42 1.49191e-39
1.80296e-12 8.66443e-42 1.48323e-39
1.81108e-12 8.64278e-42 1.47456e-39
1.81924e-12 8.62092e-42 1.46592e-39
1.82743e-12 8.59886e-42 1.4573e-39
1.83566e-12 8.5766e-42 1.4487e-39
1.84393e-12 8.55413e-42 1.44012e-39
1.85223e-12 8.53147e-42 1.43157e-39
1.86057e-12 8.5086e-42 1.42304e-39
1.86895e-12 8.48555e-42 1.41453e-39
1.87737e-12 8.46229e-42 1.40604e-39
1.88583e-12 8.43885e-42 1.39758e-39
1.89432e-12 8.41523e-42 1.38914e-39
1.90285e-12 8.39141e-42 1.38073e-39
1.91142e-12 8.36741e-42 1.37234e-39
1.92003e-12 8.34323e-42 1.36397e-39
1.92868e-12 8.31887e-42 1.35562e-39
1.93736e-12 8.29434e-42 1.34731e-39
1.94609e-12 8.26963e-42 1.33901e-39
1.95485e-12 8.24474e-42 1.33074e-39
1.96366e-12 8.21969e-42 1.3225e-39
1.9725e-12 8.19447e-42 1.31428e-39
1.98138e-12 8.16908e-42 1.30608e-39
1.99031e-12 8.14353e-42 1.29791e-39
1.99927e-12 8.11782e-42 1.28977e-39
2.00827e-12 8.09196e-42 1.28165e-39
2.01732e-12 8.06593e-42 1.27356e-39
2.0264e-12 8.03975e-42 1.26549e-39
2.03553e-12 8.01342e-42 1.25746e-39
2.0447e-12 7.98694e-42 1.24944e-39
2.05391e-12 7.96032e-42 1.24145e-39
2.06316e-12 7.93354e-42 1.23349e-39
2.07245e-12 7.90663e-42 1.22556e-39
2.08178e-12 7.87958e-42 1.21765e-39
2.09116e-12 7.85239e-42 1.20977e-39
2.10058e-12 7.82506e-42 1.20192e-39
2.11004e-12 7.7976e-42 1.1941e-39
2.11954e-12 7.77001e-42 1.1863e-39
2.12909e-12 7.7423e-42 1.17853e-39
2.13867e-12 7.71446e-42 1.17079e-39
2.14831e-12 7.68649e-42 1.16307e-39
2.15798e-12 7.6584e-42 1.15539e-39
2.1677e-12 7.6302e-42 1.14773e-39
2.17746e-12 7.60187e-42 1.1401e-39
2.18727e-12 7.57344e-42 1.1325e-39
2.19712e-12 7.54489e-42 1.12492e-39
2.20702e-12 7.51623e-42 1.11738e-39
2.21696e-12 7.48747e-42 1.10986e-39
2.22694e-12 7.4586e-42 1.10237e-39
2.23697e-12 7.42963e-42 1.09492e-39
2.24704e-12 7.40056e-42 1.08749e-39
2.25716e-12 7.37139e-42 1.08009e-39
2.26733e-12 7.34212e-42 1.07271e-39
2.27754e-12 7.31277e-42 1.06537e-39
2.2878e-12 7.28332e-42 1.05806e-39
2.2981e-12 7.25378e-42 1.05078e-39
2.30845e-12 7.22416e-42 1.04352e-39
2.31885e-12 7.19446e-42 1.0363e-39
2.32929e-12 7.16467e-42 1.0291e-39
2.33978e-12 7.1348e-42 1.02194e-39
2.35032e-12 7.10486e-42 1.0148e-39
2.36091e-12 7.07484e-42 1.0077e-39
2.37154e-12 7.04475e-42 1.00062e-39
2.38222e-12 7.0146e-42 9.93579e-40
2.39295e-12 6.98437e-42 9.86565e-40
2.40373e-12 6.95408e-42 9.7958e-40
2.41455e-12 6.92372e-42 9.72626e-40
2.42543e-12 6.8933e-42 9.65702e-40
2.43635e-12 6.86283e-42 9.58809e-40
2.44732e-12 6.8323e-42 9.51946e-40
2.45834e-12 6.80171e-42 9.45114e-40
2.46942e-12 6.77107e-42 9.38312e-40
2.48054e-12 6.74038e-42 9.31541e-40
2.49171e-12 6.70965e-42 9.24801e-40
2.50293e-12 6.67887e-42 9.18091e-40
2.5142e-12 6.64804e-42 9.11412e-40
2.52553e-12 6.61718e-42 9.04764e-40
2.5369e-12 6.58627e-42 8.98147e-40
2.54833e-12 6.55533e-42 8.91561e-40
2.5598e-12 6.52435e-42 8.85005e-40
2.57133e-12 6.49335e-42 8.78481e-40
2.58291e-12 6.46231e-42 8.71988e-40
2.59454e-12 6.43124e-42 8.65525e-40
2.60623e-12 6.40015e-42 8.59094e-40
2.61797e-12 6.36903e-42 8.52694e-40
2.62976e-12 6.33789e-42 8.46325e-40
2.6416e-12 6.30673e-42 8.39987e-40
2.6535e-12 6.27555e-42 8.3368e-40
2.66545e-12 6.24436e-42 8.27405e-40
2.67745e-12 6.21315e-42 8.21161e-40
2.68951e-12 6.18193e-42 8.14947e-40
2.70162e-12 6.1507e-42 8.08765e-40
2.71379e-12 6.11946e-42 8.02615e-40
2.72601e-12 6.08822e-42 7.96495e-40
2.73829e-12 6.05697e-42 7.90407e-40
2.75062e-12 6.02572e-42 7.8435e-40
2.76301e-12 5.99447e-42 7.78324e-40
2.77546e-12 5.96322e-42 7.7233e-40
2.78796e-12 5.93198e-42 7.66367e-40
2.80051e-12 5.90074e-42 7.60435e-40
2.81312e-12 5.86951e-42 7.54534e-40
2.82579e-12 5.83829e-42 7.48664e-40
2.83852e-12 5.80708e-42 7.42826e-40
2.8513e-12 5.77588e-42 7.37019e-40
2.86415e-12 5.7447e-42 7.31243e-40
2.87705e-12 5.71353e-42 7.25498e-40
2.89e-12 5.68238e-42 7.19785e-40
2.90302e-12 5.65126e-42 7.14103e-40
2.91609e-12 5.62015e-42 7.08451e-40
2.92923e-12 5.58907e-42 7.02831e-40
2.94242e-12 5.55801e-42 6.97242e-40
2.95567e-12 5.52698e-42 6.91684e-40
2.96898e-12 5.49598e-42 6.86157e-40
2.98235e-12 5.46501e-42 6.80661e-40
2.99578e-12 5.43407e-42 6.75196e-40
3.00928e-12 5.40317e-42 6.69762e-40
3.02283e-12 5.3723e-42 6.64359e-40
3.03644e-12 5.34147e-42 6.58987e-40
3.05012e-12 5.31068e-42 6.53645e-40
3.06386e-12 5.27993e-42 6.48334e-40
3.07765e-12 5.24922e-42 6.43054e-40
3.09152e-12 5.21855e-42 6.37805e-40
3.10544e-12 5.18793e-42 6.32587e-40
3.11942e-12 5.15735e-42 6.27399e-40
3.13347e-12 5.12682e-42 6.22241e-40
3.14759e-12 5.09635e-42 6.17115e-40
3.16176e-12 5.06592e-42 6.12018e-40
3.176e-12 5.03555e-42 6.06952e-40
3.19031e-12 5.00522e-42 6.01917e-40
3.20467e-12 4.97496e-42 5.96912e-40
3.21911e-12 4.94475e-42 5.91937e-40
3.2336e-12 4.9146e-42 5.86992e-40
3.24817e-12 4.88451e-42 5.82077e-40
3.2628e-12 4.85448e-42 5.77193e-40
3.27749e-12 4.82451e-42 5.72338e-40
3.29225e-12 4.79461e-42 5.67514e-40
3.30708e-12 4.76477e-42 5.62719e-40
3.32197e-12 4.735e-42 5.57954e-40
3.33693e-12 4.70529e-42 5.53219e-40
3.35196e-12 4.67565e-42 5.48514e-40
3.36706e-12 4.64609e-42 5.43838e-40
3.38222e-12 4.61659e-42 5.39192e-40
3.39746e-12 4.58717e-42 5.34576e-40
3.41276e-12 4.55782e-42 5.29989e-40
3.42813e-12 4.52854e-42 5.25431e-40
3.44357e-12 4.49934e-42 5.20902e-40
3.45908e-12 4.47022e-42 5.16403e-40
3.47465e-12 4.44118e-42 5.11933e-40
3.4903e-12 4.41221e-42 5.07491e-40
3.50602e-12 4.38333e-42 5.03079e-40
3.52181e-12 4.35453e-42 4.98696e-40
3.53767e-12 4.32581e-42 4.94341e-40
3.55361e-12 4.29717e-42 4.90016e-40
3.56961e-12 4.26862e-42 4.85718e-40
3.58569e-12 4.24015e-42 4.8145e-40
3.60184e-12 4.21177e-42 4.7721e-40
3.61806e-12 4.18348e-42 4.72998e-40
3.63435e-12 4.15527e-42 4.68814e-40
3.65072e-12 4.12716e-42 4.64659e-40
3.66716e-12 4.09913e-42 4.60532e-40
3.68368e-12 4.0712e-42 4.56433e-40
3.70027e-12 4.04336e-42 4.52362e-40
3.71693e-12 4.01561e-42 4.48318e-40
3.73367e-12 3.98796e-42 4.44303e-40
3.75049e-12 3.9604e-42 4.40315e-40
3.76738e-12 3.93294e-42 4.36354e-40
3.78435e-12 3.90557e-42 4.32421e-40
3.80139e-12 3.8783e-42 4.28516e-40
3.81851e-12 3.85113e-42 4.24638e-40
3.83571e-12 3.82406e-42 4.20786e-40
3.85298e-12 3.79708e-42 4.16962e-40
3.87034e-12 3.77021e-42 4.13165e-40
3.88777e-12 3.74344e-42 4.09395e-40
3.90528e-12 3.71676e-42 4.05652e-40
3.92286e-12 3.6902e-42 4.01935e-40
3.94053e-12 3.66373e-42 3.98245e-40
3.95828e-12 3.63737e-42 3.94581e-40
3.97611e-12 3.61111e-42 3.90944e-40
3.99401e-12 3.58496e-42 3.87332e-40
4.012e-12 3.55891e-42 3.83747e-40
4.03007e-12 3.53297e-42 3.80189e-40
4.04822e-12 3.50714e-42 3.76656e-40
4.06645e-12 3.48141e-42 3.73148e-40
4.08477e-12 3.45579e-42 3.69667e-40
4.10316e-12 3.43028e-42 3.66211e-40
4.12164e-12 3.40488e-42 3.62781e-40
4.1402e-12 3.37958e-42 3.59376e-40
4.15885e-12 3.3544e-42 3.55997e-40
4.17758e-12 3.32933e-42 3.52642e-40
4.1964e-12 3.30436e-42 3.49313e-40
4.2153e-12 3.27951e-42 3.46008e-40
4.23428e-12 3.25477e-42 3.42729e-40
4.25335e-12 3.23015e-42 3.39474e-40
4.27251e-12 3.20563e-42 3.36244e-40
4.29175e-12 3.18123e-42 3.33038e-40
4.31108e-12 3.15694e-42 3.29857e-40
4.33049e-12 3.13277e-42 3.267e-40
4.35e-12 3.1087e-42 3.23567e-40
4.36959e-12 3.08476e-42 3.20459e-40
4.38927e-12 3.06092e-42 3.17374e-40
4.40903e-12 3.03721e-42 3.14313e-40
4.42889e-12 3.0136e-42 3.11276e-40
4.44884e-12 2.99012e-42 3.08262e-40
4.46887e-12 2.96675e-42 3.05272e-40
4.489e-12 2.94349e-42 3.02305e-40
4.50922e-12 2.92035e-42 2.99362e-40
4.52953e-12 2.89733e-42 2.96442e-40
4.54993e-12 2.87442e-42 2.93544e-40
4.57042e-12 2.85163e-42 2.9067e-40
4.591e-12 2.82896e-42 2.87818e-40
4.61168e-12 2.80641e-42 2.84989e-40
4.63245e-12 2.78397e-42 2.82183e-40
4.65331e-12 2.76165e-42 2.79399e-40
4.67427e-12 2.73945e-42 2.76637e-40
4.69532e-12 2.71736e-42 2.73898e-40
4.71647e-12 2.69539e-42 2.7118e-40
4.73771e-12 2.67355e-42 2.68485e-40
4.75904e-12 2.65182e-42 2.65811e-40
4.78048e-12 2.6302e-42 2.6316e-40
4.80201e-12 2.60871e-42 2.60529e-40
4.82363e-12 2.58733e-42 2.57921e-40
4.84536e-12 2.56608e-42 2.55333e-40
4.86718e-12 2.54494e-42 2.52767e-40
4.8891e-12 2.52392e-42 2.50222e-40
4.91112e-12 2.50302e-42 2.47698e-40
4.93324e-12 2.48223e-42 2.45195e-40
4.95546e-12 2.46157e-42 2.42713e-40
4.97777e-12 2.44102e-42 2.40252e-40
5.00019e-12 2.4206e-42 2.37811e-40
5.02271e-12 2.40029e-42 2.3539e-40
5.04533e-12 2.3801e-42 2.3299e-40
5.06806e-12 2.36003e-42 2.3061e-40
5.09088e-12 2.34007e-42 2.2825e-40
5.11381e-12 2.32024e-42 2.2591e-40
5.13684e-12 2.30052e-42 2.23589e-40
5.15997e-12 2.28092e-42 2.21289e-40
5.18321e-12 2.26144e-42 2.19008e-40
5.20656e-12 2.24207e-42 2.16746e-40
5.23001e-12 2.22283e-42 2.14504e-40
5.25356e-12 2.2037e-42 2.12281e-40
5.27722e-12 2.18469e-42 2.10078e-40
5.30099e-12 2.1658e-42 2.07893e-40
5.32486e-12 2.14702e-42 2.05727e-40
5.34884e-12 2.12836e-42 2.0358e-40
5.37293e-12 2.10982e-42 2.01452e-40
5.39713e-12 2.09139e-42 1.99342e-40
5.42144e-12 2.07309e-42 1.97251e-40
5.44586e-12 2.05489e-42 1.95178e-40
5.47038e-12 2.03682e-42 1.93123e-40
5.49502e-12 2.01886e-42 1.91086e-40
5.51977e-12 2.00101e-42 1.89067e-40
5.54463e-12 1.98328e-42 1.87066e-40
5.5696e-12 1.96567e-42 1.85083e-40
5.59468e-12 1.94817e-42 1.83117e-40
5.61988e-12 1.93079e-42 1.81169e-40
5.64519e-12 1.91352e-42 1.79238e-40
5.67061e-12 1.89636e-42 1.77325e-40
5.69615e-12 1.87932e-42 1.75428e-40
5.72181e-12 1.86239e-42 1.73549e-40
5.74757e-12 1.84558e-42 1.71687e-40
5.77346e-12 1.82888e-42 1.69841e-40
5.79946e-12 1.81229e-42 1.68012e-40
5.82558e-12 1.79582e-42 1.662e-40
5.85182e-12 1.77945e-42 1.64404e-40
5.87817e-12 1.7632e-42 1.62625e-40
5.90465e-12 1.74707e-42 1.60861e-40
5.93124e-12 1.73104e-42 1.59114e-40
5.95795e-12 1.71512e-42 1.57383e-40
5.98478e-12 1.69932e-42 1.55668e-40
6.01174e-12 1.68362e-42 1.53969e-40
6.03881e-12 1.66804e-42 1.52285e-40
6.06601e-12 1.65256e-42 1.50617e-40
6.09333e-12 1.6372e-42 1.48965e-40
6.12077e-12 1.62194e-42 1.47327e-40
6.14834e-12 1.60679e-42 1.45705e-40
6.17603e-12 1.59175e-42 1.44099e-40
6.20384e-12 1.57682e-42 1.42507e-40
6.23178e-12 1.562e-42 1.4093e-40
6.25985e-12 1.54728e-42 1.39368e-40
6.28804e-12 1.53267e-42 1.37821e-40
6.31636e-12 1.51816e-42 1.36288e-40
6.34481e-12 1.50377e-42 1.3477e-40
6.37339e-12 1.48948e-42 1.33266e-40
6.40209e-12 1.47529e-42 1.31777e-40
6.43092e-12 1.46121e-42 1.30301e-40
6.45989e-12 1.44723e-42 1.2884e-40
6.48898e-12 1.43336e-42 1.27393e-40
6.5182e-12 1.41959e-42 1.2596e-40
6.54756e-12 1.40592e-42 1.2454e-40
6.57705e-12 1.39236e-42 1.23134e-40
6.60667e-12 1.3789e-42 1.21742e-40
6.63642e-12 1.36554e-42 1.20363e-40
6.66631e-12 1.35228e-42 1.18997e-40
6.69633e-12 1.33912e-42 1.17645e-40
6.72649e-12 1.32607e-42 1.16306e-40
6.75679e-12 1.31311e-42 1.1498e-40
6.78722e-12 1.30026e-42 1.13667e-40
6.81779e-12 1.2875e-42 1.12366e-40
6.84849e-12 1.27484e-42 1.11079e-40
6.87933e-12 1.26228e-42 1.09804e-40
6.91032e-12 1.24982e-42 1.08542e-40
6.94144e-12 1.23746e-42 1.07292e-40
6.9727e-12 1.22519e-42 1.06055e-40
7.0041e-12 1.21302e-42 1.04829e-40
7.03565e-12 1.20095e-42 1.03616e-40
7.06734e-12 1.18897e-42 1.02415e-40
7.09916e-12 1.17709e-42 1.01226e-40
7.13114e-12 1.1653e-42 1.00049e-40
7.16325e-12 1.15361e-42 9.88841e-41
7.19551e-12 1.14201e-42 9.77304e-41
7.22792e-12 1.1305e-42 9.65884e-41
7.26047e-12 1.11909e-42 9.54579e-41
7.29317e-12 1.10777e-42 9.43388e-41
7.32602e-12 1.09654e-42 9.32311e-41
7.35901e-12 1.08541e-42 9.21345e-41
7.39216e-12 1.07436e-42 9.10491e-41
7.42545e-12 1.06341e-42 8.99748e-41
7.45889e-12 1.05254e-42 8.89114e-41
7.49248e-12 1.04177e-42 8.78588e-41
7.52623e-12 1.03108e-42 8.6817e-41
7.56012e-12 1.02048e-42 8.5786e-41
7.59417e-12 1.00997e-42 8.47655e-41
7.62837e-12 9.99551e-43 8.37555e-41
7.66273e-12 9.89216e-43 8.2756e-41
7.69724e-12 9.78969e-43 8.17667e-41
7.73191e-12 9.68807e-43 8.07878e-41
7.76673e-12 9.58732e-43 7.9819e-41
7.80171e-12 9.48741e-43 7.88602e-41
7.83684e-12 9.38836e-43 7.79115e-41
7.87214e-12 9.29015e-43 7.69727e-41
7.90759e-12 9.19277e-43 7.60436e-41
7.94321e-12 9.09623e-43 7.51244e-41
7.97898e-12 9.00052e-43 7.42147e-41
8.01492e-12 8.90564e-43 7.33147e-41
8.05101e-12 8.81157e-43 7.24241e-41
8.08727e-12 8.71831e-43 7.1543e-41
8.12369e-12 8.62587e-43 7.06711e-41
8.16028e-12 8.53423e-43 6.98086e-41
8.19703e-12 8.44338e-43 6.89551e-41
8.23395e-12 8.35334e-43 6.81108e-41
8.27103e-12 8.26408e-43 6.72755e-41
8.30828e-12 8.17561e-43 6.64491e-41
8.3457e-12 8.08791e-43 6.56315e-41
8.38329e-12 8.001e-43 6.48227e-41
8.42104e-12 7.91485e-43 6.40226e-41
8.45897e-12 7.82947e-43 6.32311e-41
8.49707e-12 7.74484e-43 6.24482e-41
8.53534e-12 7.66098e-43 6.16737e-41
8.57378e-12 7.57786e-43 6.09076e-41
8.61239e-12 7.4955e-43 6.01498e-41
8.65118e-12 7.41387e-43 5.94003e-41
8.69014e-12 7.33298e-43 5.86589e-41
8.72928e-12 7.25282e-43 5.79256e-41
8.76859e-12 7.17339e-43 5.72003e-41
8.80808e-12 7.09468e-43 5.64829e-41
8.84775e-12 7.01668e-43 5.57735e-41
8.8876e-12 6.9394e-43 5.50718e-41
8.92763e-12 6.86283e-43 5.43779e-41
8.96783e-12 6.78696e-43 5.36916e-41
9.00822e-12 6.71179e-43 5.30129e-41
9.04879e-12 6.63731e-43 5.23417e-41
9.08955e-12 6.56353e-43 5.1678e-41
9.13048e-12 6.49042e-43 5.10216e-41
9.1716e-12 6.418e-43 5.03726e-41
9.21291e-12 6.34625e-43 4.97308e-41
9.2544e-12 6.27517e-43 4.90962e-41
9.29608e-12 6.20475e-43 4.84686e-41
9.33795e-12 6.135e-43 4.78482e-41
9.38e-12 6.0659e-43 4.72347e-41
9.42225e-12 5.99746e-43 4.66281e-41
9.46468e-12 5.92966e-43 4.60283e-41
9.50731e-12 5.8625e-43 4.54354e-41
9.55013e-12 5.79598e-43 4.48491e-41
9.59314e-12 5.7301e-43 4.42695e-41
9.63634e-12 5.66484e-43 4.36965e-41
9.67974e-12 5.60021e-43 4.313e-41
9.72334e-12 5.5362e-43 4.257e-41
9.76713e-12 5.4728e-43 4.20164e-41
9.81112e-12 5.41001e-43 4.14691e-41
9.8553e-12 5.34783e-43 4.09281e-41
9.89969e-12 5.28625e-43 4.03933e-41
9.94427e-12 5.22527e-43 3.98647e-41
9.98906e-12 5.16488e-43 3.93422e-41
1.0034e-11 5.10508e-43 3.88257e-41
1.00792e-11 5.04587e-43 3.83152e-41
1.01246e-11 4.98723e-43 3.78106e-41
1.01702e-11 4.92917e-43 3.73119e-41
1.0216e-11 4.87168e-43 3.68189e-41
1.0262e-11 4.81475e-43 3.63318e-41
1.03083e-11 4.75839e-43 3.58503e-41
1.03547e-11 4.70259e-43 3.53745e-41
1.04013e-11 4.64734e-43 3.49042e-41
1.04482e-11 4.59264e-43 3.44395e-41
1.04952e-11 4.53848e-43 3.39802e-41
1.05425e-11 4.48487e-43 3.35264e-41
1.059e-11 4.43179e-43 3.30779e-41
1.06377e-11 4.37924e-43 3.26347e-41
1.06856e-11 4.32723e-43 3.21968e-41
1.07337e-11 4.27573e-43 3.1764e-41
1.0782e-11 4.22476e-43 3.13365e-41
1.08306e-11 4.17431e-43 3.0914e-41
1.08794e-11 4.12436e-43 3.04966e-41
1.09284e-11 4.07493e-43 3.00841e-41
1.09776e-11 4.02599e-43 2.96766e-41
1.1027e-11 3.97756e-43 2.9274e-41
1.10767e-11 3.92963e-43 2.88763e-41
1.11266e-11 3.88218e-43 2.84833e-41
1.11767e-11 3.83522e-43 2.80951e-41
1.1227e-11 3.78875e-43 2.77116e-41
1.12776e-11 3.74276e-43 2.73327e-41
1.13284e-11 3.69724e-43 2.69584e-41
1.13794e-11 3.6522e-43 2.65887e-41
1.14307e-11 3.60762e-43 2.62235e-41
1.14821e-11 3.56351e-43 2.58627e-41
1.15338e-11 3.51985e-43 2.55064e-41
1.15858e-11 3.47666e-43 2.51544e-41
1.1638e-11 3.43392e-43 2.48067e-41
1.16904e-11 3.39162e-43 2.44633e-41
1.1743e-11 3.34978e-43 2.41242e-41
1.17959e-11 3.30837e-43 2.37892e-41
1.1849e-11 3.2674e-43 2.34584e-41
1.19024e-11 3.22687e-43 2.31316e-41
1.1956e-11 3.18677e-43 2.28089e-41
1.20099e-11 3.14709e-43 2.24902e-41
1.2064e-11 3.10784e-43 2.21755e-41
1.21183e-11 3.069e-43 2.18648e-41
1.21729e-11 3.03059e-43 2.15579e-41
1.22277e-11 2.99258e-43 2.12548e-41
1.22828e-11 2.95498e-43 2.09555e-41
1.23381e-11 2.91779e-43 2.066e-41
1.23936e-11 2.88101e-43 2.03683e-41
1.24495e-11 2.84462e-43 2.00802e-41
1.25055e-11 2.80862e-43 1.97957e-41
1.25618e-11 2.77302e-43 1.95148e-41
1.26184e-11 2.7378e-43 1.92375e-41
1.26753e-11 2.70297e-43 1.89638e-41
1.27323e-11 2.66852e-43 1.86935e-41
1.27897e-11 2.63445e-43 1.84266e-41
1.28473e-11 2.60075e-43 1.81632e-41
1.29051e-11 2.56742e-43 1.79031e-41
1.29633e-11 2.53447e-43 1.76463e-41
1.30216e-11 2.50187e-43 1.73929e-41
1.30803e-11 2.46964e-43 1.71427e-41
1.31392e-11 2.43777e-43 1.68957e-41
1.31984e-11 2.40625e-43 1.6652e-41
1.32578e-11 2.37508e-43 1.64113e-41
1.33175e-11 2.34426e-43 1.61738e-41
1.33775e-11 2.31379e-43 1.59394e-41
1.34378e-11 2.28365e-43 1.5708e-41
1.34983e-11 2.25386e-43 1.54797e-41
1.35591e-11 2.2244e-43 1.52543e-41
1.36201e-11 2.19528e-43 1.50318e-41
1.36815e-11 2.16649e-43 1.48123e-41
1.37431e-11 2.13802e-43 1.45957e-41
1.3805e-11 2.10987e-43 1.43819e-41
1.38672e-11 2.08205e-43 1.41709e-41
1.39296e-11 2.05455e-43 1.39627e-41
1.39923e-11 2.02736e-43 1.37572e-41
1.40554e-11 2.00048e-43 1.35545e-41
1.41187e-11 1.97391e-43 1.33544e-41
1.41823e-11 1.94764e-43 1.3157e-41
1.42461e-11 1.92168e-43 1.29623e-41
1.43103e-11 1.89602e-43 1.27701e-41
1.43747e-11 1.87066e-43 1.25805e-41
1.44395e-11 1.84559e-43 1.23934e-41
1.45045e-11 1.82081e-43 1.22089e-41
1.45698e-11 1.79633e-43 1.20268e-41
1.46354e-11 1.77212e-43 1.18472e-41
1.47014e-11 1.74821e-43 1.167e-41
1.47676e-11 1.72457e-43 1.14951e-41
1.48341e-11 1.70121e-43 1.13227e-41
1.49009e-11 1.67812e-43 1.11526e-41
1.4968e-11 1.65531e-43 1.09847e-41
1.50354e-11 1.63277e-43 1.08192e-41
1.51031e-11 1.6105e-43 1.06559e-41
1.51711e-11 1.58849e-43 1.04949e-41
1.52395e-11 1.56674e-43 1.0336e-41
1.53081e-11 1.54525e-43 1.01794e-41
1.5377e-11 1.52402e-43 1.00248e-41
1.54463e-11 1.50305e-43 9.87244e-42
1.55159e-11 1.48232e-43 9.72213e-42
1.55857e-11 1.46185e-43 9.5739e-42
1.56559e-11 1.44162e-43 9.42771e-42
1.57265e-11 1.42164e-43 9.28355e-42
1.57973e-11 1.4019e-43 9.14139e-42
1.58684e-11 1.3824e-43 9.0012e-42
1.59399e-11 1.36313e-43 8.86296e-42
1.60117e-11 1.3441e-43 8.72664e-42
1.60838e-11 1.32531e-43 8.59223e-42
1.61562e-11 1.30674e-43 8.4597e-42
1.6229e-11 1.2884e-43 8.32903e-42
1.63021e-11 1.27029e-43 8.20019e-42
1.63755e-11 1.2524e-43 8.07316e-42
1.64493e-11 1.23473e-43 7.94792e-42
1.65233e-11 1.21728e-43 7.82445e-42
1.65978e-11 1.20004e-43 7.70272e-42
1.66725e-11 1.18302e-43 7.58272e-42
1.67476e-11 1.16621e-43 7.46441e-42
1.6823e-11 1.14962e-43 7.34779e-42
1.68988e-11 1.13323e-43 7.23283e-42
1.69749e-11 1.11704e-43 7.11951e-42
1.70513e-11 1.10106e-43 7.0078e-42
1.71281e-11 1.08528e-43 6.8977e-42
1.72053e-11 1.06969e-43 6.78917e-42
1.72828e-11 1.05431e-43 6.6822e-42
1.73606e-11 1.03912e-43 6.57677e-42
1.74388e-11 1.02412e-43 6.47286e-42
1.75173e-11 1.00931e-43 6.37045e-42
1.75962e-11 9.94694e-44 6.26952e-42
1.76755e-11 9.80263e-44 6.17005e-42
1.77551e-11 9.66016e-44 6.07202e-42
1.7835e-11 9.51952e-44 5.97542e-42
1.79154e-11 9.38068e-44 5.88022e-42
1.7996e-11 9.24363e-44 5.78642e-42
1.80771e-11 9.10835e-44 5.69398e-42
1.81585e-11 8.97483e-44 5.6029e-42
1.82403e-11 8.84303e-44 5.51315e-42
1.83224e-11 8.71294e-44 5.42472e-42
1.8405e-11 8.58455e-44 5.33759e-42
1.84878e-11 8.45783e-44 5.25174e-42
1.85711e-11 8.33277e-44 5.16717e-42
1.86547e-11 8.20934e-44 5.08384e-42
1.87388e-11 8.08754e-44 5.00174e-42
1.88232e-11 7.96734e-44 4.92087e-42
1.89079e-11 7.84872e-44 4.8412e-42
1.89931e-11 7.73167e-44 4.76271e-42
1.90786e-11 7.61617e-44 4.68539e-42
1.91646e-11 7.5022e-44 4.60923e-42
1.92509e-11 7.38974e-44 4.53421e-42
1.93376e-11 7.27879e-44 4.46031e-42
1.94247e-11 7.16931e-44 4.38752e-42
1.95121e-11 7.0613e-44 4.31583e-42
1.96e-11 6.95474e-44 4.24522e-42
1.96883e-11 6.84961e-44 4.17567e-42
1.9777e-11 6.74589e-44 4.10717e-42
1.9866e-11 6.64358e-44 4.03971e-42
1.99555e-11 6.54264e-44 3.97328e-42
2.00454e-11 6.44308e-44 3.90785e-42
2.01357e-11 6.34486e-44 3.84342e-42
2.02263e-11 6.24799e-44 3.77997e-42
2.03174e-11 6.15243e-44 3.71749e-42
2.04089e-11 6.05818e-44 3.65597e-42
2.05008e-11 5.96522e-44 3.59539e-42
2.05932e-11 5.87353e-44 3.53573e-42
2.06859e-11 5.78311e-44 3.477e-42
2.07791e-11 5.69393e-44 3.41917e-42
2.08727e-11 5.60598e-44 3.36223e-42
2.09667e-11 5.51925e-44 3.30617e-42
2.10611e-11 5.43372e-44 3.25098e-42
2.1156e-11 5.34938e-44 3.19664e-42
2.12512e-11 5.26621e-44 3.14315e-42
2.13469e-11 5.18421e-44 3.09048e-42
2.14431e-11 5.10335e-44 3.03864e-42
2.15397e-11 5.02362e-44 2.98761e-42
2.16367e-11 4.94502e-44 2.93737e-42
2.17341e-11 4.86752e-44 2.88792e-42
2.1832e-11 4.79111e-44 2.83925e-42
2.19303e-11 4.71578e-44 2.79133e-42
2.20291e-11 4.64152e-44 2.74418e-42
2.21283e-11 4.56831e-44 2.69776e-42
2.2228e-11 4.49614e-44 2.65208e-42
2.23281e-11 4.425e-44 2.60712e-42
2.24286e-11 4.35487e-44 2.56287e-42
2.25296e-11 4.28575e-44 2.51932e-42
2.26311e-11 4.21762e-44 2.47646e-42
2.2733e-11 4.15047e-44 2.43428e-42
2.28354e-11 4.08429e-44 2.39278e-42
2.29383e-11 4.01906e-44 2.35194e-42
2.30416e-11 3.95477e-44 2.31175e-42
2.31453e-11 3.89141e-44 2.2722e-42
2.32496e-11 3.82897e-44 2.23328e-42
2.33543e-11 3.76745e-44 2.195e-42
2.34595e-11 3.70681e-44 2.15732e-42
2.35651e-11 3.64707e-44 2.12025e-42
2.36713e-11 3.5882e-44 2.08378e-42
2.37779e-11 3.53019e-44 2.0479e-42
2.3885e-11 3.47303e-44 2.0126e-42
2.39925e-11 3.41671e-44 1.97787e-42
2.41006e-11 3.36123e-44 1.9437e-42
2.42091e-11 3.30657e-44 1.91009e-42
2.43182e-11 3.25271e-44 1.87702e-42
2.44277e-11 3.19966e-44 1.8445e-42
2.45377e-11 3.14739e-44 1.8125e-42
2.46482e-11 3.09591e-44 1.78103e-42
2.47592e-11 3.04519e-44 1.75007e-42
2.48707e-11 2.99523e-44 1.71961e-42
2.49827e-11 2.94602e-44 1.68966e-42
2.50952e-11 2.89755e-44 1.6602e-42
2.52083e-11 2.84981e-44 1.63123e-42
2.53218e-11 2.80279e-44 1.60273e-42
2.54358e-11 2.75648e-44 1.5747e-42
2.55504e-11 2.71088e-44 1.54714e-42
2.56655e-11 2.66596e-44 1.52003e-42
2.57811e-11 2.62173e-44 1.49337e-42
2.58972e-11 2.57817e-44 1.46715e-42
2.60138e-11 2.53528e-44 1.44137e-42
2.6131e-11 2.49304e-44 1.41602e-42
2.62486e-11 2.45145e-44 1.39108e-42
2.63669e-11 2.4105e-44 1.36657e-42
2.64856e-11 2.37018e-44 1.34247e-42
2.66049e-11 2.33048e-44 1.31876e-42
2.67247e-11 2.29139e-44 1.29546e-42
2.68451e-11 2.25291e-44 1.27254e-42
2.6966e-11 2.21503e-44 1.25002e-42
2.70874e-11 2.17774e-44 1.22787e-42
2.72094e-11 2.14102e-44 1.20609e-42
2.7332e-11 2.10488e-44 1.18468e-42
2.74551e-11 2.0693e-44 1.16363e-42
2.75787e-11 2.03429e-44 1.14294e-42
2.77029e-11 1.99982e-44 1.12259e-42
2.78277e-11 1.96589e-44 1.10259e-42
2.7953e-11 1.93249e-44 1.08294e-42
2.80789e-11 1.89963e-44 1.06361e-42
2.82054e-11 1.86728e-44 1.04461e-42
2.83324e-11 1.83545e-44 1.02594e-42
2.846e-11 1.80412e-44 1.00759e-42
2.85882e-11 1.77329e-44 9.89546e-43
2.87169e-11 1.74295e-44 9.71813e-43
2.88462e-11 1.71309e-44 9.54384e-43
2.89762e-11 1.68371e-44 9.37253e-43
2.91067e-11 1.65481e-44 9.20416e-43
2.92377e-11 1.62636e-44 9.03868e-43
2.93694e-11 1.59838e-44 8.87604e-43
2.95017e-11 1.57084e-44 8.7162e-43
2.96346e-11 1.54375e-44 8.55912e-43
2.9768e-11 1.5171e-44 8.40474e-43
2.99021e-11 1.49088e-44 8.25303e-43
3.00368e-11 1.46508e-44 8.10394e-43
3.0172e-11 1.43971e-44 7.95744e-43
3.03079e-11 1.41475e-44 7.81347e-43
3.04444e-11 1.39019e-44 7.67199e-43
3.05815e-11 1.36604e-44 7.53297e-43
3.07193e-11 1.34228e-44 7.39637e-43
3.08576e-11 1.31891e-44 7.26214e-43
3.09966e-11 1.29592e-44 7.13025e-43
3.11362e-11 1.27332e-44 7.00066e-43
3.12764e-11 1.25108e-44 6.87332e-43
3.14173e-11 1.22922e-44 6.74822e-43
3.15588e-11 1.20771e-44 6.62529e-43
3.17009e-11 1.18657e-44 6.50452e-43
3.18437e-11 1.16577e-44 6.38587e-43
3.19871e-11 1.14532e-44 6.26929e-43
3.21312e-11 1.12521e-44 6.15476e-43
3.22759e-11 1.10543e-44 6.04224e-43
3.24212e-11 1.08599e-44 5.93169e-43
3.25672e-11 1.06687e-44 5.82309e-43
3.27139e-11 1.04807e-44 5.71641e-43
3.28612e-11 1.02959e-44 5.6116e-43
3.30092e-11 1.01142e-44 5.50864e-43
3.31579e-11 9.93553e-45 5.4075e-43
3.33072e-11 9.7599e-45 5.30814e-43
3.34573e-11 9.58724e-45 5.21055e-43
3.36079e-11 9.4175e-45 5.11467e-43
3.37593e-11 9.25064e-45 5.0205e-43
3.39113e-11 9.08662e-45 4.92799e-43
3.40641e-11 8.92538e-45 4.83713e-43
3.42175e-11 8.7669e-45 4.74787e-43
3.43716e-11 8.61112e-45 4.6602e-43
3.45264e-11 8.458e-45 4.57409e-43
3.46819e-11 8.30751e-45 4.48951e-43
3.48381e-11 8.15959e-45 4.40644e-43
3.4995e-11 8.01422e-45 4.32484e-43
3.51526e-11 7.87135e-45 4.2447e-43
3.53109e-11 7.73093e-45 4.16598e-43
3.54699e-11 7.59295e-45 4.08868e-43
3.56297e-11 7.45734e-45 4.01275e-43
3.57901e-11 7.32408e-45 3.93817e-43
3.59513e-11 7.19313e-45 3.86493e-43
3.61132e-11 7.06445e-45 3.793e-43
3.62759e-11 6.93801e-45 3.72236e-43
3.64393e-11 6.81376e-45 3.65298e-43
3.66034e-11 6.69169e-45 3.58484e-43
3.67682e-11 6.57174e-45 3.51792e-43
3.69338e-11 6.45388e-45 3.4522e-43
3.71002e-11 6.33809e-45 3.38767e-43
3.72672e-11 6.22433e-45 3.32428e-43
3.74351e-11 6.11257e-45 3.26204e-43
3.76037e-11 6.00276e-45 3.20092e-43
3.7773e-11 5.89489e-45 3.14089e-43
3.79432e-11 5.78892e-45 3.08194e-43
3.8114e-11 5.68481e-45 3.02405e-43
3.82857e-11 5.58255e-45 2.9672e-43
3.84581e-11 5.48209e-45 2.91138e-43
3.86313e-11 5.38341e-45 2.85656e-43
3.88053e-11 5.28648e-45 2.80272e-43
3.89801e-11 5.19126e-45 2.74986e-43
3.91556e-11 5.09774e-45 2.69794e-43
3.9332e-11 5.00589e-45 2.64697e-43
3.95091e-11 4.91566e-45 2.59691e-43
3.96871e-11 4.82705e-45 2.54775e-43
3.98658e-11 4.74002e-45 2.49948e-43
4.00453e-11 4.65454e-45 2.45208e-43
4.02257e-11 4.57059e-45 2.40553e-43
4.04069e-11 4.48814e-45 2.35983e-43
4.05888e-11 4.40717e-45 2.31495e-43
4.07716e-11 4.32766e-45 2.27088e-43
4.09553e-11 4.24957e-45 2.2276e-43
4.11397e-11 4.17288e-45 2.1851e-43
4.1325e-11 4.09758e-45 2.14337e-43
4.15111e-11 4.02363e-45 2.1024e-43
4.16981e-11 3.95102e-45 2.06216e-43
4.18859e-11 3.87971e-45 2.02265e-43
4.20745e-11 3.8097e-45 1.98386e-43
4.2264e-11 3.74095e-45 1.94576e-43
4.24543e-11 3.67344e-45 1.90835e-43
4.26455e-11 3.60716e-45 1.87161e-43
4.28376e-11 3.54208e-45 1.83554e-43
4.30305e-11 3.47818e-45 1.80012e-43
4.32243e-11 3.41544e-45 1.76534e-43
4.3419e-11 3.35384e-45 1.73119e-43
4.36146e-11 3.29336e-45 1.69765e-43
4.3811e-11 3.23398e-45 1.66471e-43
4.40083e-11 3.17568e-45 1.63237e-43
4.42065e-11 3.11845e-45 1.60062e-43
4.44056e-11 3.06226e-45 1.56943e-43
4.46056e-11 3.00709e-45 1.53881e-43
4.48065e-11 2.95294e-45 1.50874e-43
4.50083e-11 2.89977e-45 1.47921e-43
4.5211e-11 2.84758e-45 1.45021e-43
4.54146e-11 2.79634e-45 1.42174e-43
4.56191e-11 2.74604e-45 1.39377e-43
4.58246e-11 2.69667e-45 1.36631e-43
4.6031e-11 2.64819e-45 1.33935e-43
4.62383e-11 2.60061e-45 1.31286e-43
4.64465e-11 2.5539e-45 1.28686e-43
4.66557e-11 2.50805e-45 1.26132e-43
4.68658e-11 2.46304e-45 1.23624e-43
4.70769e-11 2.41886e-45 1.21161e-43
4.72889e-11 2.37549e-45 1.18742e-43
4.75019e-11 2.33292e-45 1.16366e-43
4.77158e-11 2.29114e-45 1.14034e-43
4.79307e-11 2.25012e-45 1.11742e-43
4.81466e-11 2.20986e-45 1.09492e-43
4.83634e-11 2.17034e-45 1.07282e-43
4.85812e-11 2.13155e-45 1.05112e-43
4.88e-11 2.09348e-45 1.02981e-43
4.90198e-11 2.0561e-45 1.00887e-43
4.92406e-11 2.01942e-45 9.88309e-44
4.94623e-11 1.98342e-45 9.68115e-44
4.96851e-11 1.94808e-45 9.48281e-44
4.99089e-11 1.91339e-45 9.288e-44
5.01336e-11 1.87934e-45 9.09666e-44
5.03594e-11 1.84592e-45 8.90873e-44
5.05862e-11 1.81312e-45 8.72414e-44
5.08141e-11 1.78093e-45 8.54282e-44
5.10429e-11 1.74933e-45 8.36473e-44
5.12728e-11 1.71831e-45 8.1898e-44
5.15037e-11 1.68787e-45 8.01797e-44
5.17357e-11 1.65799e-45 7.84918e-44
5.19687e-11 1.62867e-45 7.68338e-44
5.22027e-11 1.59988e-45 7.52051e-44
5.24378e-11 1.57163e-45 7.36052e-44
5.2674e-11 1.5439e-45 7.20336e-44
5.29112e-11 1.51668e-45 7.04897e-44
5.31495e-11 1.48997e-45 6.8973e-44
5.33889e-11 1.46375e-45 6.74831e-44
5.36293e-11 1.43802e-45 6.60193e-44
5.38709e-11 1.41276e-45 6.45813e-44
5.41135e-11 1.38796e-45 6.31685e-44
5.43572e-11 1.36363e-45 6.17806e-44
5.4602e-11 1.33974e-45 6.04169e-44
5.48479e-11 1.3163e-45 5.90772e-44
5.50949e-11 1.29328e-45 5.77609e-44
5.53431e-11 1.2707e-45 5.64676e-44
5.55923e-11 1.24853e-45 5.51969e-44
5.58427e-11 1.22677e-45 5.39484e-44
5.60942e-11 1.20541e-45 5.27216e-44
5.63468e-11 1.18444e-45 5.15162e-44
5.66006e-11 1.16386e-45 5.03318e-44
5.68555e-11 1.14366e-45 4.91679e-44
5.71116e-11 1.12383e-45 4.80243e-44
5.73688e-11 1.10437e-45 4.69004e-44
5.76272e-11 1.08526e-45 4.57961e-44
5.78867e-11 1.06651e-45 4.47108e-44
5.81474e-11 1.0481e-45 4.36443e-44
5.84093e-11 1.03003e-45 4.25962e-44
5.86723e-11 1.01229e-45 4.15662e-44
5.89366e-11 9.94876e-46 4.05539e-44
5.9202e-11 9.77782e-46 3.9559e-44
5.94686e-11 9.61001e-46 3.85812e-44
5.97365e-11 9.44528e-46 3.76202e-44
6.00055e-11 9.28356e-46 3.66757e-44
6.02758e-11 9.1248e-46 3.57473e-44
6.05472e-11 8.96895e-46 3.48349e-44
6.08199e-11 8.81594e-46 3.3938e-44
6.10938e-11 8.66573e-46 3.30564e-44
6.1369e-11 8.51826e-46 3.21898e-44
6.16454e-11 8.37348e-46 3.1338e-44
6.1923e-11 8.23134e-46 3.05006e-44
6.22019e-11 8.09179e-46 2.96775e-44
6.2482e-11 7.95477e-46 2.88683e-44
6.27634e-11 7.82025e-46 2.80728e-44
6.30461e-11 7.68817e-46 2.72908e-44
6.333e-11 7.55849e-46 2.6522e-44
6.36152e-11 7.43115e-46 2.57661e-44
6.39017e-11 7.30613e-46 2.5023e-44
6.41895e-11 7.18337e-46 2.42924e-44
6.44786e-11 7.06283e-46 2.35741e-44
6.4769e-11 6.94447e-46 2.28678e-44
6.50607e-11 6.82825e-46 2.21733e-44
6.53537e-11 6.71412e-46 2.14905e-44
6.56481e-11 6.60205e-46 2.08191e-44
6.59437e-11 6.492e-46 2.01589e-44
6.62407e-11 6.38392e-46 1.95097e-44
6.65391e-11 6.27779e-46 1.88713e-44
6.68387e-11 6.17356e-46 1.82435e-44
6.71398e-11 6.0712e-46 1.76262e-44
6.74421e-11 5.97068e-46 1.7019e-44
6.77459e-11 5.87195e-46 1.6422e-44
6.8051e-11 5.77499e-46 1.58348e-44
6.83575e-11 5.67976e-46 1.52573e-44
6.86653e-11 5.58622e-46 1.46893e-44
6.89746e-11 5.49435e-46 1.41307e-44
6.92852e-11 5.40412e-46 1.35813e-44
6.95973e-11 5.31549e-46 1.30408e-44
6.99107e-11 5.22844e-46 1.25093e-44
7.02256e-11 5.14292e-46 1.19864e-44
7.05418e-11 5.05893e-46 1.14722e-44
7.08595e-11 4.97641e-46 1.09663e-44
7.11787e-11 4.89536e-46 1.04686e-44
7.14992e-11 4.81573e-46 9.97909e-45
7.18212e-11 4.73751e-46 9.49751e-45
7.21447e-11 4.66067e-46 9.02376e-45
7.24696e-11 4.58518e-46 8.5577e-45
7.2796e-11 4.51101e-46 8.09918e-45
7.31239e-11 4.43814e-46 7.64808e-45
7.34532e-11 4.36655e-46 7.20426e-45
7.3784e-11 4.29621e-46 6.76761e-45
7.41163e-11 4.2271e-46 6.33799e-45
7.44501e-11 4.15919e-46 5.91528e-45
7.47854e-11 4.09247e-46 5.49936e-45
7.51222e-11 4.02691e-46 5.09011e-45
7.54605e-11 3.96249e-46 4.68742e-45
7.58004e-11 3.89918e-46 4.29117e-45
7.61418e-11 3.83698e-46 3.90125e-45
7.64847e-11 3.77585e-46 3.51755e-45
7.68292e-11 3.71577e-46 3.13997e-45
7.71752e-11 3.65673e-46 2.76839e-45
7.75228e-11 3.59871e-46 2.40272e-45
7.78719e-11 3.54169e-46 2.04285e-45
7.82226e-11 3.48565e-46 1.68868e-45
7.85749e-11 3.43057e-46 1.34011e-45
7.89288e-11 3.37643e-46 9.97058e-46
7.92842e-11 3.32322e-46 6.59414e-46
7.96413e-11 3.27092e-46 3.27092e-46
