1e-14 0.0180697 6.55093e+10
1.0045e-14 0.0189419 6.55093e+10
1.00903e-14 0.0198554 6.55093e+10
1.01357e-14 0.0208118 6.55093e+10
1.01814e-14 0.0218129 6.55093e+10
1.02272e-14 0.0228616 6.55093e+10
1.02733e-14 0.0239591 6.55093e+10
1.03196e-14 0.0251081 6.55093e+10
1.0366e-14 0.0263114 6.55093e+10
1.04127e-14 0.0275705 6.55093e+10
1.04596e-14 0.0288892 6.55093e+10
1.05067e-14 0.0302693 6.55093e+10
1.0554e-14 0.0317139 6.55093e+10
1.06016e-14 0.0332258 6.55093e+10
1.06493e-14 0.0348083 6.55093e+10
1.06973e-14 0.0364645 6.55093e+10
1.07455e-14 0.0381977 6.55093e+10
1.07938e-14 0.0400108 6.55093e+10
1.08425e-14 0.0419091 6.55093e+10
1.08913e-14 0.0438946 6.55093e+10
1.09403e-14 0.0459722 6.55093e+10
1.09896e-14 0.048146 6.55093e+10
1.10391e-14 0.0504203 6.55093e+10
1.10888e-14 0.0527992 6.55093e+10
1.11388e-14 0.0552883 6.55093e+10
1.11889e-14 0.0578916 6.55093e+10
1.12393e-14 0.060615 6.55093e+10
1.12899e-14 0.0634636 6.55093e+10
1.13408e-14 0.0664427 6.55093e+10
1.13919e-14 0.0695586 6.55093e+10
1.14432e-14 0.0728168 6.55093e+10
1.14947e-14 0.0762243 6.55093e+10
1.15465e-14 0.079788 6.55093e+10
1.15985e-14 0.0835141 6.55093e+10
1.16507e-14 0.0874098 6.55093e+10
1.17032e-14 0.0914835 6.55093e+10
1.17559e-14 0.0957423 6.55093e+10
1.18088e-14 0.100195 6.55093e+10
1.1862e-14 0.10485 6.55093e+10
1.19154e-14 0.109716 6.55093e+10
1.19691e-14 0.114802 6.55093e+10
1.2023e-14 0.120119 6.55093e+10
1.20772e-14 0.125675 6.55093e+10
1.21316e-14 0.131484 6.55093e+10
1.21862e-14 0.137553 6.55093e+10
1.22411e-14 0.143897 6.55093e+10
1.22962e-14 0.150526 6.55093e+10
1.23516e-14 0.157453 6.55093e+10
1.24072e-14 0.164691 6.55093e+10
1.24631e-14 0.172254 6.55093e+10
1.25192e-14 0.180156 6.55093e+10
1.25756e-14 0.188412 6.55093e+10
1.26322e-14 0.197037 6.55093e+10
1.26891e-14 0.206047 6.55093e+10
1.27463e-14 0.215459 6.55093e+10
1.28037e-14 0.225291 6.55093e+10
1.28613e-14 0.235561 6.55093e+10
1.29193e-14 0.246286 6.55093e+10
1.29775e-14 0.257489 6.55093e+10
1.30359e-14 0.269189 6.55093e+10
1.30946e-14 0.281407 6.55093e+10
1.31536e-14 0.294166 6.55093e+10
1.32128e-14 0.30749 6.55093e+10
1.32723e-14 0.321401 6.55093e+10
1.33321e-14 0.335927 6.55093e+10
1.33922e-14 0.351093 6.55093e+10
1.34525e-14 0.366927 6.55093e+10
1.35131e-14 0.383456 6.55093e+10
1.35739e-14 0.400712 6.55093e+10
1.3635e-14 0.418725 6.55093e+10
1.36965e-14 0.437528 6.55093e+10
1.37581e-14 0.457154 6.55093e+10
1.38201e-14 0.477638 6.55093e+10
1.38823e-14 0.499016 6.55093e+10
1.39449e-14 0.521327 6.55093e+10
1.40077e-14 0.544611 6.55093e+10
1.40708e-14 0.568909 6.55093e+10
1.41341e-14 0.594263 6.55093e+10
1.41978e-14 0.620717 6.55093e+10
1.42617e-14 0.64832 6.55093e+10
1.4326e-14 0.677118 6.55093e+10
1.43905e-14 0.707163 6.55093e+10
1.44553e-14 0.738508 6.55093e+10
1.45204e-14 0.771205 6.55093e+10
1.45858e-14 0.805313 6.55093e+10
1.46515e-14 0.840891 6.55093e+10
1.47175e-14 0.878 6.55093e+10
1.47837e-14 0.916704 6.55093e+10
1.48503e-14 0.957069 6.55093e+10
1.49172e-14 0.999166 6.55093e+10
1.49844e-14 1.04307 6.55093e+10
1.50519e-14 1.08885 6.55093e+10
1.51197e-14 1.13658 6.55093e+10
1.51878e-14 1.18635 6.55093e+10
1.52562e-14 1.23825 6.55093e+10
1.53249e-14 1.29236 6.55093e+10
1.53939e-14 1.34876 6.55093e+10
1.54632e-14 1.40757 6.55093e+10
1.55329e-14 1.46887 6.55093e+10
1.56028e-14 1.53277 6.55093e+10
1.56731e-14 1.59937 6.55093e+10
1.57437e-14 1.6688 6.55093e+10
1.58146e-14 1.74115 6.55093e+10
1.58858e-14 1.81656 6.55093e+10
1.59573e-14 1.89515 6.55093e+10
1.60292e-14 1.97704 6.55093e+10
1.61014e-14 2.06238 6.55093e+10
1.61739e-14 2.1513 6.55093e+10
1.62468e-14 2.24396 6.55093e+10
1.63199e-14 2.34049 6.55093e+10
1.63934e-14 2.44107 6.55093e+10
1.64673e-14 2.54585 6.55093e+10
1.65414e-14 2.655 6.55093e+10
1.66159e-14 2.76871 6.55093e+10
1.66908e-14 2.88715 6.55093e+10
1.67659e-14 3.01052 6.55093e+10
1.68414e-14 3.13902 6.55093e+10
1.69173e-14 3.27285 6.55093e+10
1.69935e-14 3.41223 6.55093e+10
1.707e-14 3.55738 6.55093e+10
1.71469e-14 3.70853 6.55093e+10
1.72241e-14 3.86593 6.55093e+10
1.73017e-14 4.02982 6.55093e+10
1.73796e-14 4.20046 6.55093e+10
1.74579e-14 4.37813 6.55093e+10
1.75365e-14 4.56311 6.55093e+10
1.76155e-14 4.75567 6.55093e+10
1.76948e-14 4.95614 6.55093e+10
1.77745e-14 5.16482 6.55093e+10
1.78546e-14 5.38203 6.55093e+10
1.7935e-14 5.60813 6.55093e+10
1.80158e-14 5.84345 6.55093e+10
1.80969e-14 6.08836 6.55093e+10
1.81784e-14 6.34325 6.55093e+10
1.82603e-14 6.6085 6.55093e+10
1.83425e-14 6.88452 6.55093e+10
1.84251e-14 7.17175 6.55093e+10
1.85081e-14 7.47061 6.55093e+10
1.85914e-14 7.78157 6.55093e+10
1.86752e-14 8.10509 6.55093e+10
1.87593e-14 8.44168 6.55093e+10
1.88438e-14 8.79184 6.55093e+10
1.89286e-14 9.1561 6.55093e+10
1.90139e-14 9.53502 6.55093e+10
1.90995e-14 9.92916 6.55093e+10
1.91855e-14 10.3391 6.55093e+10
1.92719e-14 10.7655 6.55093e+10
1.93587e-14 11.2089 6.55093e+10
1.94459e-14 11.6701 6.55093e+10
1.95335e-14 12.1497 6.55093e+10
1.96215e-14 12.6484 6.55093e+10
1.97098e-14 13.167 6.55093e+10
1.97986e-14 13.7062 6.55093e+10
1.98878e-14 14.2668 6.55093e+10
1.99774e-14 14.8497 6.55093e+10
2.00673e-14 15.4557 6.55093e+10
2.01577e-14 16.0857 6.55093e+10
2.02485e-14 16.7406 6.55093e+10
2.03397e-14 17.4213 6.55093e+10
2.04313e-14 18.1289 6.55093e+10
2.05233e-14 18.8643 6.55093e+10
2.06157e-14 19.6287 6.55093e+10
2.07086e-14 20.4231 6.55093e+10
2.08018e-14 21.2487 6.55093e+10
2.08955e-14 22.1066 6.55093e+10
2.09896e-14 22.9981 6.55093e+10
2.10842e-14 23.9245 6.55093e+10
2.11791e-14 24.887 6.55093e+10
2.12745e-14 25.8871 6.55093e+10
2.13703e-14 26.9261 6.55093e+10
2.14666e-14 28.0056 6.55093e+10
2.15632e-14 29.1269 6.55093e+10
2.16604e-14 30.2918 6.55093e+10
2.17579e-14 31.5018 6.55093e+10
2.18559e-14 32.7586 6.55093e+10
2.19543e-14 34.064 6.55093e+10
2.20532e-14 35.4198 6.55093e+10
2.21525e-14 36.8278 6.55093e+10
2.22523e-14 38.2901 6.55093e+10
2.23525e-14 39.8086 6.55093e+10
2.24532e-14 41.3854 6.55093e+10
2.25543e-14 43.0226 6.55093e+10
2.26559e-14 44.7226 6.55093e+10
2.27579e-14 46.4877 6.55093e+10
2.28604e-14 48.3201 6.55093e+10
2.29634e-14 50.2225 6.55093e+10
2.30668e-14 52.1974 6.55093e+10
2.31707e-14 54.2474 6.55093e+10
2.3275e-14 56.3754 6.55093e+10
2.33799e-14 58.5841 6.55093e+10
2.34852e-14 60.8766 6.55093e+10
2.35909e-14 63.2558 6.55093e+10
2.36972e-14 65.725 6.55093e+10
2.38039e-14 68.2875 6.55093e+10
2.39111e-14 70.9466 6.55093e+10
2.40188e-14 73.7059 6.55093e+10
2.4127e-14 76.5689 6.55093e+10
2.42356e-14 79.5396 6.55093e+10
2.43448e-14 82.6216 6.55093e+10
2.44544e-14 85.8191 6.55093e+10
2.45646e-14 89.1363 6.55093e+10
2.46752e-14 92.5775 6.55093e+10
2.47863e-14 96.1471 6.55093e+10
2.4898e-14 99.8497 6.55093e+10
2.50101e-14 103.69 6.55093e+10
2.51227e-14 107.673 6.55093e+10
2.52359e-14 111.804 6.55093e+10
2.53495e-14 116.089 6.55093e+10
2.54637e-14 120.531 6.55093e+10
2.55784e-14 125.139 6.55093e+10
2.56936e-14 129.916 6.55093e+10
2.58093e-14 134.869 6.55093e+10
2.59255e-14 140.005 6.55093e+10
2.60423e-14 145.33 6.55093e+10
2.61596e-14 150.85 6.55093e+10
2.62774e-14 156.573 6.55093e+10
2.63957e-14 162.505 6.55093e+10
2.65146e-14 168.655 6.55093e+10
2.6634e-14 175.029 6.55093e+10
2.6754e-14 181.636 6.55093e+10
2.68745e-14 188.483 6.55093e+10
2.69955e-14 195.58 6.55093e+10
2.71171e-14 202.934 6.55093e+10
2.72392e-14 210.555 6.55093e+10
2.73619e-14 218.453 6.55093e+10
2.74851e-14 226.636 6.55093e+10
2.76089e-14 235.115 6.55093e+10
2.77332e-14 243.9 6.55093e+10
2.78581e-14 253.002 6.55093e+10
2.79836e-14 262.431 6.55093e+10
2.81096e-14 272.199 6.55093e+10
2.82362e-14 282.318 6.55093e+10
2.83634e-14 292.8 6.55093e+10
2.84912e-14 303.656 6.55093e+10
2.86195e-14 314.901 6.55093e+10
2.87484e-14 326.547 6.55093e+10
2.88778e-14 338.609 6.55093e+10
2.90079e-14 351.099 6.55093e+10
2.91385e-14 364.034 6.55093e+10
2.92698e-14 377.428 6.55093e+10
2.94016e-14 391.297 6.55093e+10
2.9534e-14 405.657 6.55093e+10
2.9667e-14 420.524 6.55093e+10
2.98006e-14 435.917 6.55093e+10
2.99348e-14 451.852 6.55093e+10
3.00697e-14 468.347 6.55093e+10
3.02051e-14 485.423 6.55093e+10
3.03411e-14 503.099 6.55093e+10
3.04778e-14 521.394 6.55093e+10
3.0615e-14 540.329 6.55093e+10
3.07529e-14 559.927 6.55093e+10
3.08914e-14 580.209 6.55093e+10
3.10305e-14 601.197 6.55093e+10
3.11703e-14 622.917 6.55093e+10
3.13107e-14 645.391 6.55093e+10
3.14517e-14 668.646 6.55093e+10
3.15933e-14 692.706 6.55093e+10
3.17356e-14 717.6 6.55093e+10
3.18786e-14 743.354 6.55093e+10
3.20221e-14 769.997 6.55093e+10
3.21663e-14 797.558 6.55093e+10
3.23112e-14 826.068 6.55093e+10
3.24567e-14 855.557 6.55093e+10
3.26029e-14 886.059 6.55093e+10
3.27497e-14 917.606 6.55093e+10
3.28972e-14 950.233 6.55093e+10
3.30454e-14 983.974 6.55093e+10
3.31942e-14 1018.87 6.55093e+10
3.33437e-14 1054.95 6.55093e+10
3.34939e-14 1092.26 6.55093e+10
3.36447e-14 1130.84 6.55093e+10
3.37963e-14 1170.72 6.55093e+10
3.39485e-14 1211.96 6.55093e+10
3.41014e-14 1254.59 6.55093e+10
3.42549e-14 1298.66 6.55093e+10
3.44092e-14 1344.22 6.55093e+10
3.45642e-14 1391.31 6.55093e+10
3.47199e-14 1439.99 6.55093e+10
3.48762e-14 1490.3 6.55093e+10
3.50333e-14 1542.3 6.55093e+10
3.51911e-14 1596.04 6.55093e+10
3.53496e-14 1651.57 6.55093e+10
3.55088e-14 1708.96 6.55093e+10
3.56687e-14 1768.27 6.55093e+10
3.58293e-14 1829.54 6.55093e+10
3.59907e-14 1892.86 6.55093e+10
3.61528e-14 1958.27 6.55093e+10
3.63156e-14 2025.85 6.55093e+10
3.64792e-14 2095.67 6.55093e+10
3.66435e-14 2167.8 6.55093e+10
3.68085e-14 2242.3 6.55093e+10
3.69743e-14 2319.26 6.55093e+10
3.71408e-14 2398.75 6.55093e+10
3.73081e-14 2480.85 6.55093e+10
3.74761e-14 2565.64 6.55093e+10
3.76449e-14 2653.21 6.55092e+10
3.78144e-14 2743.64 6.55092e+10
3.79847e-14 2837.02 6.55092e+10
3.81558e-14 2933.45 6.55092e+10
3.83276e-14 3033.02 6.55092e+10
3.85002e-14 3135.82 6.55092e+10
3.86736e-14 3241.95 6.55092e+10
3.88478e-14 3351.53 6.55092e+10
3.90228e-14 3464.65 6.55092e+10
3.91985e-14 3581.42 6.55092e+10
3.93751e-14 3701.96 6.55092e+10
3.95524e-14 3826.38 6.55092e+10
3.97305e-14 3954.8 6.55092e+10
3.99095e-14 4087.34 6.55092e+10
4.00892e-14 4224.13 6.55092e+10
4.02698e-14 4365.3 6.55092e+10
4.04511e-14 4510.98 6.55092e+10
4.06333e-14 4661.31 6.55092e+10
4.08163e-14 4816.42 6.55092e+10
4.10001e-14 4976.47 6.55092e+10
4.11848e-14 5141.6 6.55092e+10
4.13703e-14 5311.97 6.55092e+10
4.15566e-14 5487.73 6.55092e+10
4.17437e-14 5669.04 6.55092e+10
4.19317e-14 5856.07 6.55092e+10
4.21206e-14 6049 6.55091e+10
4.23103e-14 6248 6.55091e+10
4.25008e-14 6453.25 6.55091e+10
4.26922e-14 6664.93 6.55091e+10
4.28845e-14 6883.24 6.55091e+10
4.30777e-14 7108.38 6.55091e+10
4.32717e-14 7340.54 6.55091e+10
4.34666e-14 7579.94 6.55091e+10
4.36623e-14 7826.78 6.55091e+10
4.3859e-14 8081.29 6.55091e+10
4.40565e-14 8343.7 6.55091e+10
4.42549e-14 8614.22 6.55091e+10
4.44542e-14 8893.11 6.55091e+10
4.46544e-14 9180.61 6.55091e+10
4.48555e-14 9476.97 6.5509e+10
4.50575e-14 9782.44 6.5509e+10
4.52605e-14 10097.3 6.5509e+10
4.54643e-14 10421.8 6.5509e+10
4.56691e-14 10756.3 6.5509e+10
4.58748e-14 11100.9 6.5509e+10
4.60814e-14 11456.1 6.5509e+10
4.62889e-14 11822.1 6.5509e+10
4.64974e-14 12199.3 6.5509e+10
4.67068e-14 12587.8 6.55089e+10
4.69171e-14 12988.2 6.55089e+10
4.71284e-14 13400.7 6.55089e+10
4.73407e-14 13825.7 6.55089e+10
4.75539e-14 14263.4 6.55089e+10
4.77681e-14 14714.4 6.55089e+10
4.79832e-14 15178.9 6.55089e+10
4.81993e-14 15657.4 6.55088e+10
4.84164e-14 16150.2 6.55088e+10
4.86344e-14 16657.7 6.55088e+10
4.88535e-14 17180.4 6.55088e+10
4.90735e-14 17718.7 6.55088e+10
4.92945e-14 18273 6.55088e+10
4.95165e-14 18843.8 6.55087e+10
4.97395e-14 19431.5 6.55087e+10
4.99635e-14 20036.6 6.55087e+10
5.01886e-14 20659.7 6.55087e+10
5.04146e-14 21301.1 6.55087e+10
5.06416e-14 21961.4 6.55086e+10
5.08697e-14 22641.1 6.55086e+10
5.10988e-14 23340.8 6.55086e+10
5.13289e-14 24061 6.55086e+10
5.15601e-14 24802.3 6.55086e+10
5.17923e-14 25565.3 6.55085e+10
5.20256e-14 26350.5 6.55085e+10
5.22599e-14 27158.6 6.55085e+10
5.24953e-14 27990.2 6.55084e+10
5.27317e-14 28845.8 6.55084e+10
5.29692e-14 29726.3 6.55084e+10
5.32077e-14 30632.3 6.55084e+10
5.34474e-14 31564.4 6.55083e+10
5.36881e-14 32523.3 6.55083e+10
5.39299e-14 33509.9 6.55083e+10
5.41728e-14 34524.8 6.55082e+10
5.44167e-14 35568.8 6.55082e+10
5.46618e-14 36642.6 6.55082e+10
5.4908e-14 37747.1 6.55081e+10
5.51553e-14 38883.2 6.55081e+10
5.54037e-14 40051.5 6.55081e+10
5.56532e-14 41253.1 6.5508e+10
5.59039e-14 42488.7 6.5508e+10
5.61556e-14 43759.4 6.55079e+10
5.64085e-14 45065.9 6.55079e+10
5.66626e-14 46409.3 6.55078e+10
5.69178e-14 47790.6 6.55078e+10
5.71741e-14 49210.7 6.55077e+10
5.74316e-14 50670.6 6.55077e+10
5.76903e-14 52171.5 6.55076e+10
5.79501e-14 53714.3 6.55076e+10
5.82111e-14 55300.1 6.55075e+10
5.84732e-14 56930.2 6.55075e+10
5.87366e-14 58605.6 6.55074e+10
5.90011e-14 60327.5 6.55074e+10
5.92668e-14 62097.1 6.55073e+10
5.95338e-14 63915.6 6.55072e+10
5.98019e-14 65784.4 6.55072e+10
6.00712e-14 67704.7 6.55071e+10
6.03418e-14 69677.7 6.5507e+10
6.06135e-14 71705 6.5507e+10
6.08865e-14 73787.8 6.55069e+10
6.11607e-14 75927.6 6.55068e+10
6.14362e-14 78125.8 6.55068e+10
6.17129e-14 80384 6.55067e+10
6.19908e-14 82703.5 6.55066e+10
6.227e-14 85086.1 6.55065e+10
6.25504e-14 87533.2 6.55064e+10
6.28321e-14 90046.5 6.55063e+10
6.31151e-14 92627.6 6.55063e+10
6.33994e-14 95278.3 6.55062e+10
6.36849e-14 98000.4 6.55061e+10
6.39717e-14 100795 6.5506e+10
6.42598e-14 103665 6.55059e+10
6.45492e-14 106612 6.55058e+10
6.484e-14 109638 6.55057e+10
6.5132e-14 112744 6.55055e+10
6.54253e-14 115932 6.55054e+10
6.572e-14 119205 6.55053e+10
6.6016e-14 122565 6.55052e+10
6.63133e-14 126014 6.55051e+10
6.66119e-14 129554 6.55049e+10
6.69119e-14 133187 6.55048e+10
6.72133e-14 136915 6.55047e+10
6.7516e-14 140741 6.55046e+10
6.78201e-14 144668 6.55044e+10
6.81255e-14 148696 6.55043e+10
6.84323e-14 152831 6.55041e+10
6.87405e-14 157072 6.5504e+10
6.90501e-14 161424 6.55038e+10
6.93611e-14 165888 6.55036e+10
6.96735e-14 170469 6.55035e+10
6.99873e-14 175167 6.55033e+10
7.03025e-14 179986 6.55031e+10
7.06191e-14 184930 6.5503e+10
7.09371e-14 190000 6.55028e+10
7.12566e-14 195200 6.55026e+10
7.15775e-14 200533 6.55024e+10
7.18999e-14 206002 6.55022e+10
7.22237e-14 211610 6.5502e+10
7.2549e-14 217360 6.55018e+10
7.28757e-14 223257 6.55015e+10
7.32039e-14 229302 6.55013e+10
7.35336e-14 235500 6.55011e+10
7.38648e-14 241855 6.55009e+10
7.41975e-14 248369 6.55006e+10
7.45316e-14 255047 6.55004e+10
7.48673e-14 261891 6.55001e+10
7.52045e-14 268907 6.54999e+10
7.55432e-14 276098 6.54996e+10
7.58834e-14 283467 6.54993e+10
7.62252e-14 291020 6.5499e+10
7.65685e-14 298759 6.54987e+10
7.69133e-14 306690 6.54984e+10
7.72597e-14 314817 6.54981e+10
7.76076e-14 323143 6.54978e+10
7.79572e-14 331674 6.54975e+10
7.83083e-14 340415 6.54972e+10
7.86609e-14 349369 6.54968e+10
7.90152e-14 358541 6.54965e+10
7.93711e-14 367937 6.54961e+10
7.97285e-14 377561 6.54957e+10
8.00876e-14 387419 6.54954e+10
8.04483e-14 397515 6.5495e+10
8.08106e-14 407854 6.54946e+10
8.11746e-14 418443 6.54942e+10
8.15402e-14 429286 6.54938e+10
8.19074e-14 440389 6.54933e+10
8.22763e-14 451758 6.54929e+10
8.26468e-14 463398 6.54924e+10
8.3019e-14 475316 6.5492e+10
8.33929e-14 487516 6.54915e+10
8.37685e-14 500006 6.5491e+10
8.41458e-14 512792 6.54905e+10
8.45247e-14 525879 6.549e+10
8.49054e-14 539274 6.54895e+10
8.52878e-14 552984 6.54889e+10
8.56719e-14 567015 6.54884e+10
8.60578e-14 581374 6.54878e+10
8.64453e-14 596069 6.54872e+10
8.68347e-14 611105 6.54866e+10
8.72257e-14 626491 6.5486e+10
8.76186e-14 642233 6.54854e+10
8.80132e-14 658338 6.54847e+10
8.84096e-14 674816 6.54841e+10
8.88077e-14 691672 6.54834e+10
8.92077e-14 708915 6.54827e+10
8.96095e-14 726553 6.5482e+10
9.00131e-14 744593 6.54813e+10
9.04184e-14 763045 6.54805e+10
9.08257e-14 781916 6.54798e+10
9.12347e-14 801215 6.5479e+10
9.16456e-14 820950 6.54782e+10
9.20584e-14 841131 6.54774e+10
9.2473e-14 861765 6.54765e+10
9.28894e-14 882863 6.54757e+10
9.33078e-14 904434 6.54748e+10
9.3728e-14 926486 6.54739e+10
9.41501e-14 949029 6.5473e+10
9.45742e-14 972074 6.5472e+10
9.50001e-14 995630 6.5471e+10
9.54279e-14 1.01971e+06 6.547e+10
9.58577e-14 1.04431e+06 6.5469e+10
9.62894e-14 1.06946e+06 6.5468e+10
9.67231e-14 1.09516e+06 6.54669e+10
9.71587e-14 1.12143e+06 6.54658e+10
9.75963e-14 1.14826e+06 6.54647e+10
9.80358e-14 1.17569e+06 6.54635e+10
9.84774e-14 1.2037e+06 6.54624e+10
9.89209e-14 1.23233e+06 6.54612e+10
9.93664e-14 1.26157e+06 6.54599e+10
9.98139e-14 1.29144e+06 6.54587e+10
1.00263e-13 1.32195e+06 6.54574e+10
1.00715e-13 1.35312e+06 6.54561e+10
1.01169e-13 1.38495e+06 6.54547e+10
1.01624e-13 1.41747e+06 6.54533e+10
1.02082e-13 1.45067e+06 6.54519e+10
1.02542e-13 1.48458e+06 6.54505e+10
1.03003e-13 1.5192e+06 6.5449e+10
1.03467e-13 1.55456e+06 6.54474e+10
1.03933e-13 1.59065e+06 6.54459e+10
1.04401e-13 1.62751e+06 6.54443e+10
1.04872e-13 1.66513e+06 6.54427e+10
1.05344e-13 1.70354e+06 6.5441e+10
1.05818e-13 1.74275e+06 6.54393e+10
1.06295e-13 1.78277e+06 6.54376e+10
1.06774e-13 1.82362e+06 6.54358e+10
1.07255e-13 1.8653e+06 6.5434e+10
1.07738e-13 1.90785e+06 6.54321e+10
1.08223e-13 1.95127e+06 6.54302e+10
1.0871e-13 1.99557e+06 6.54282e+10
1.092e-13 2.04078e+06 6.54262e+10
1.09692e-13 2.08691e+06 6.54242e+10
1.10186e-13 2.13397e+06 6.54221e+10
1.10682e-13 2.18198e+06 6.542e+10
1.1118e-13 2.23095e+06 6.54178e+10
1.11681e-13 2.28091e+06 6.54156e+10
1.12184e-13 2.33187e+06 6.54133e+10
1.12689e-13 2.38385e+06 6.5411e+10
1.13197e-13 2.43685e+06 6.54086e+10
1.13707e-13 2.49091e+06 6.54061e+10
1.14219e-13 2.54604e+06 6.54036e+10
1.14733e-13 2.60226e+06 6.54011e+10
1.1525e-13 2.65957e+06 6.53985e+10
1.15769e-13 2.71801e+06 6.53958e+10
1.1629e-13 2.77759e+06 6.53931e+10
1.16814e-13 2.83833e+06 6.53903e+10
1.1734e-13 2.90025e+06 6.53875e+10
1.17869e-13 2.96336e+06 6.53846e+10
1.18399e-13 3.02769e+06 6.53816e+10
1.18933e-13 3.09325e+06 6.53786e+10
1.19468e-13 3.16007e+06 6.53755e+10
1.20006e-13 3.22816e+06 6.53724e+10
1.20547e-13 3.29755e+06 6.53691e+10
1.2109e-13 3.36825e+06 6.53658e+10
1.21635e-13 3.44028e+06 6.53625e+10
1.22183e-13 3.51367e+06 6.5359e+10
1.22733e-13 3.58844e+06 6.53555e+10
1.23286e-13 3.6646e+06 6.53519e+10
1.23841e-13 3.74219e+06 6.53483e+10
1.24399e-13 3.8212e+06 6.53445e+10
1.24959e-13 3.90169e+06 6.53407e+10
1.25522e-13 3.98365e+06 6.53368e+10
1.26087e-13 4.06711e+06 6.53328e+10
1.26655e-13 4.15211e+06 6.53287e+10
1.27226e-13 4.23865e+06 6.53246e+10
1.27799e-13 4.32677e+06 6.53203e+10
1.28374e-13 4.41647e+06 6.5316e+10
1.28952e-13 4.50779e+06 6.53116e+10
1.29533e-13 4.60076e+06 6.53071e+10
1.30116e-13 4.69538e+06 6.53025e+10
1.30702e-13 4.79169e+06 6.52978e+10
1.31291e-13 4.88971e+06 6.5293e+10
1.31882e-13 4.98946e+06 6.52881e+10
1.32476e-13 5.09097e+06 6.52831e+10
1.33073e-13 5.19425e+06 6.5278e+10
1.33672e-13 5.29935e+06 6.52728e+10
1.34274e-13 5.40626e+06 6.52675e+10
1.34879e-13 5.51504e+06 6.52621e+10
1.35487e-13 5.62569e+06 6.52566e+10
1.36097e-13 5.73823e+06 6.5251e+10
1.3671e-13 5.85271e+06 6.52453e+10
1.37325e-13 5.96914e+06 6.52394e+10
1.37944e-13 6.08754e+06 6.52334e+10
1.38565e-13 6.20795e+06 6.52273e+10
1.39189e-13 6.33038e+06 6.52211e+10
1.39816e-13 6.45485e+06 6.52148e+10
1.40446e-13 6.58141e+06 6.52084e+10
1.41078e-13 6.71007e+06 6.52018e+10
1.41714e-13 6.84085e+06 6.51951e+10
1.42352e-13 6.97379e+06 6.51882e+10
1.42993e-13 7.1089e+06 6.51812e+10
1.43637e-13 7.24622e+06 6.51741e+10
1.44284e-13 7.38577e+06 6.51669e+10
1.44934e-13 7.52757e+06 6.51595e+10
1.45586e-13 7.67164e+06 6.5152e+10
1.46242e-13 7.81804e+06 6.51443e+10
1.46901e-13 7.96675e+06 6.51365e+10
1.47562e-13 8.11782e+06 6.51285e+10
1.48227e-13 8.27128e+06 6.51204e+10
1.48894e-13 8.42715e+06 6.51121e+10
1.49565e-13 8.58544e+06 6.51037e+10
1.50239e-13 8.7462e+06 6.50951e+10
1.50915e-13 8.90946e+06 6.50864e+10
1.51595e-13 9.07519e+06 6.50775e+10
1.52278e-13 9.24348e+06 6.50684e+10
1.52963e-13 9.41434e+06 6.50591e+10
1.53652e-13 9.58777e+06 6.50497e+10
1.54344e-13 9.7638e+06 6.50401e+10
1.5504e-13 9.94249e+06 6.50304e+10
1.55738e-13 1.01238e+07 6.50204e+10
1.56439e-13 1.03079e+07 6.50103e+10
1.57144e-13 1.04946e+07 6.5e+10
1.57851e-13 1.06841e+07 6.49895e+10
1.58562e-13 1.08763e+07 6.49788e+10
1.59277e-13 1.10713e+07 6.4968e+10
1.59994e-13 1.12691e+07 6.49569e+10
1.60714e-13 1.14698e+07 6.49456e+10
1.61438e-13 1.16733e+07 6.49341e+10
1.62165e-13 1.18796e+07 6.49225e+10
1.62896e-13 1.20889e+07 6.49106e+10
1.63629e-13 1.23011e+07 6.48985e+10
1.64366e-13 1.25162e+07 6.48862e+10
1.65106e-13 1.27343e+07 6.48737e+10
1.6585e-13 1.29554e+07 6.48609e+10
1.66597e-13 1.31795e+07 6.4848e+10
1.67347e-13 1.34066e+07 6.48348e+10
1.68101e-13 1.36368e+07 6.48214e+10
1.68858e-13 1.387e+07 6.48078e+10
1.69619e-13 1.41063e+07 6.47939e+10
1.70382e-13 1.43458e+07 6.47798e+10
1.7115e-13 1.45883e+07 6.47654e+10
1.71921e-13 1.4834e+07 6.47509e+10
1.72695e-13 1.50829e+07 6.4736e+10
1.73473e-13 1.53349e+07 6.47209e+10
1.74254e-13 1.55902e+07 6.47056e+10
1.75039e-13 1.58486e+07 6.469e+10
1.75827e-13 1.61103e+07 6.46742e+10
1.76619e-13 1.63752e+07 6.46581e+10
1.77414e-13 1.66434e+07 6.46417e+10
1.78213e-13 1.69149e+07 6.4625e+10
1.79016e-13 1.71896e+07 6.46081e+10
1.79822e-13 1.74676e+07 6.45909e+10
1.80632e-13 1.77489e+07 6.45735e+10
1.81446e-13 1.80336e+07 6.45557e+10
1.82263e-13 1.83217e+07 6.45377e+10
1.83084e-13 1.8613e+07 6.45194e+10
1.83908e-13 1.89077e+07 6.45008e+10
1.84736e-13 1.92058e+07 6.44818e+10
1.85568e-13 1.95072e+07 6.44626e+10
1.86404e-13 1.98121e+07 6.44431e+10
1.87244e-13 2.01203e+07 6.44233e+10
1.88087e-13 2.04319e+07 6.44032e+10
1.88934e-13 2.07469e+07 6.43828e+10
1.89785e-13 2.10653e+07 6.4362e+10
1.9064e-13 2.13872e+07 6.4341e+10
1.91498e-13 2.17124e+07 6.43196e+10
1.92361e-13 2.20411e+07 6.42979e+10
1.93227e-13 2.23732e+07 6.42758e+10
1.94097e-13 2.27087e+07 6.42534e+10
1.94972e-13 2.30476e+07 6.42307e+10
1.9585e-13 2.33899e+07 6.42077e+10
1.96732e-13 2.37357e+07 6.41843e+10
1.97618e-13 2.40849e+07 6.41606e+10
1.98508e-13 2.44376e+07 6.41365e+10
1.99402e-13 2.47936e+07 6.4112e+10
2.003e-13 2.5153e+07 6.40872e+10
2.01202e-13 2.55159e+07 6.40621e+10
2.02108e-13 2.58821e+07 6.40366e+10
2.03018e-13 2.62518e+07 6.40107e+10
2.03933e-13 2.66249e+07 6.39844e+10
2.04851e-13 2.70014e+07 6.39578e+10
2.05774e-13 2.73813e+07 6.39308e+10
2.067e-13 2.77646e+07 6.39034e+10
2.07631e-13 2.81512e+07 6.38757e+10
2.08566e-13 2.85412e+07 6.38475e+10
2.09506e-13 2.89345e+07 6.3819e+10
2.10449e-13 2.93312e+07 6.379e+10
2.11397e-13 2.97313e+07 6.37607e+10
2.12349e-13 3.01347e+07 6.3731e+10
2.13306e-13 3.05415e+07 6.37008e+10
2.14266e-13 3.09516e+07 6.36703e+10
2.15231e-13 3.1365e+07 6.36394e+10
2.16201e-13 3.17818e+07 6.3608e+10
2.17174e-13 3.22018e+07 6.35762e+10
2.18152e-13 3.26251e+07 6.3544e+10
2.19135e-13 3.30516e+07 6.35114e+10
2.20122e-13 3.34814e+07 6.34783e+10
2.21113e-13 3.39145e+07 6.34448e+10
2.22109e-13 3.43508e+07 6.34109e+10
2.23109e-13 3.47903e+07 6.33766e+10
2.24114e-13 3.52331e+07 6.33418e+10
2.25123e-13 3.56791e+07 6.33066e+10
2.26137e-13 3.61282e+07 6.32709e+10
2.27156e-13 3.65806e+07 6.32347e+10
2.28179e-13 3.70361e+07 6.31982e+10
2.29206e-13 3.74947e+07 6.31611e+10
2.30239e-13 3.79565e+07 6.31236e+10
2.31276e-13 3.84214e+07 6.30857e+10
2.32317e-13 3.88894e+07 6.30473e+10
2.33364e-13 3.93604e+07 6.30084e+10
2.34415e-13 3.98345e+07 6.2969e+10
2.3547e-13 4.03116e+07 6.29292e+10
2.36531e-13 4.07918e+07 6.28889e+10
2.37596e-13 4.1275e+07 6.28481e+10
2.38666e-13 4.17611e+07 6.28068e+10
2.39741e-13 4.22502e+07 6.2765e+10
2.40821e-13 4.27423e+07 6.27228e+10
2.41905e-13 4.32373e+07 6.268e+10
2.42995e-13 4.37352e+07 6.26368e+10
2.44089e-13 4.4236e+07 6.25931e+10
2.45188e-13 4.47397e+07 6.25488e+10
2.46293e-13 4.52462e+07 6.25041e+10
2.47402e-13 4.57555e+07 6.24588e+10
2.48516e-13 4.62676e+07 6.24131e+10
2.49635e-13 4.67825e+07 6.23668e+10
2.5076e-13 4.73002e+07 6.232e+10
2.51889e-13 4.78206e+07 6.22727e+10
2.53023e-13 4.83437e+07 6.22249e+10
2.54163e-13 4.88694e+07 6.21766e+10
2.55308e-13 4.93979e+07 6.21277e+10
2.56458e-13 4.99289e+07 6.20783e+10
2.57613e-13 5.04626e+07 6.20284e+10
2.58773e-13 5.09988e+07 6.19779e+10
2.59938e-13 5.15375e+07 6.19269e+10
2.61109e-13 5.20788e+07 6.18754e+10
2.62285e-13 5.26226e+07 6.18233e+10
2.63466e-13 5.31689e+07 6.17707e+10
2.64653e-13 5.37175e+07 6.17175e+10
2.65845e-13 5.42686e+07 6.16638e+10
2.67042e-13 5.48221e+07 6.16095e+10
2.68245e-13 5.53779e+07 6.15547e+10
2.69453e-13 5.5936e+07 6.14993e+10
2.70666e-13 5.64964e+07 6.14434e+10
2.71885e-13 5.70591e+07 6.13869e+10
2.7311e-13 5.7624e+07 6.13298e+10
2.7434e-13 5.81911e+07 6.12722e+10
2.75575e-13 5.87603e+07 6.1214e+10
2.76816e-13 5.93316e+07 6.11553e+10
2.78063e-13 5.9905e+07 6.10959e+10
2.79315e-13 6.04805e+07 6.1036e+10
2.80573e-13 6.10579e+07 6.09755e+10
2.81837e-13 6.16374e+07 6.09145e+10
2.83106e-13 6.22188e+07 6.08528e+10
2.84381e-13 6.28022e+07 6.07906e+10
2.85662e-13 6.33874e+07 6.07278e+10
2.86949e-13 6.39745e+07 6.06644e+10
2.88241e-13 6.45633e+07 6.06005e+10
2.89539e-13 6.5154e+07 6.05359e+10
2.90843e-13 6.57464e+07 6.04707e+10
2.92153e-13 6.63405e+07 6.0405e+10
2.93469e-13 6.69363e+07 6.03387e+10
2.9479e-13 6.75337e+07 6.02717e+10
2.96118e-13 6.81327e+07 6.02042e+10
2.97452e-13 6.87333e+07 6.01361e+10
2.98791e-13 6.93352e+07 6.00673e+10
3.00137e-13 6.99386e+07 5.9998e+10
3.01489e-13 7.05435e+07 5.99281e+10
3.02847e-13 7.11497e+07 5.98575e+10
3.0421e-13 7.17573e+07 5.97864e+10
3.05581e-13 7.23662e+07 5.97146e+10
3.06957e-13 7.29763e+07 5.96422e+10
3.08339e-13 7.35877e+07 5.95693e+10
3.09728e-13 7.42003e+07 5.94957e+10
3.11123e-13 7.48141e+07 5.94215e+10
3.12524e-13 7.54289e+07 5.93467e+10
3.13932e-13 7.60447e+07 5.92712e+10
3.15345e-13 7.66614e+07 5.91952e+10
3.16766e-13 7.72791e+07 5.91185e+10
3.18192e-13 7.78978e+07 5.90412e+10
3.19625e-13 7.85173e+07 5.89633e+10
3.21065e-13 7.91377e+07 5.88848e+10
3.22511e-13 7.97588e+07 5.88057e+10
3.23963e-13 8.03808e+07 5.87259e+10
3.25422e-13 8.10034e+07 5.86455e+10
3.26888e-13 8.16266e+07 5.85645e+10
3.2836e-13 8.22503e+07 5.84829e+10
3.29839e-13 8.28746e+07 5.84007e+10
3.31324e-13 8.34994e+07 5.83178e+10
3.32817e-13 8.41247e+07 5.82343e+10
3.34316e-13 8.47504e+07 5.81502e+10
3.35821e-13 8.53765e+07 5.80654e+10
3.37334e-13 8.6003e+07 5.798e+10
3.38853e-13 8.66296e+07 5.7894e+10
3.40379e-13 8.72563e+07 5.78074e+10
3.41912e-13 8.78833e+07 5.77202e+10
3.43452e-13 8.85103e+07 5.76323e+10
3.44999e-13 8.91375e+07 5.75438e+10
3.46552e-13 8.97648e+07 5.74546e+10
3.48113e-13 9.03921e+07 5.73649e+10
3.49681e-13 9.10192e+07 5.72745e+10
3.51256e-13 9.1646e+07 5.71834e+10
3.52838e-13 9.22727e+07 5.70918e+10
3.54427e-13 9.28992e+07 5.69995e+10
3.56023e-13 9.35255e+07 5.69066e+10
3.57627e-13 9.41515e+07 5.68131e+10
3.59237e-13 9.47771e+07 5.6719e+10
3.60855e-13 9.54021e+07 5.66242e+10
3.6248e-13 9.60266e+07 5.65288e+10
3.64113e-13 9.66507e+07 5.64327e+10
3.65753e-13 9.72742e+07 5.63361e+10
3.674e-13 9.78971e+07 5.62388e+10
3.69055e-13 9.85194e+07 5.61409e+10
3.70717e-13 9.91407e+07 5.60424e+10
3.72386e-13 9.97612e+07 5.59433e+10
3.74063e-13 1.00381e+08 5.58435e+10
3.75748e-13 1.01e+08 5.57431e+10
3.7744e-13 1.01618e+08 5.56421e+10
3.7914e-13 1.02235e+08 5.55405e+10
3.80848e-13 1.0285e+08 5.54383e+10
3.82563e-13 1.03465e+08 5.53354e+10
3.84286e-13 1.04079e+08 5.5232e+10
3.86017e-13 1.04691e+08 5.51279e+10
3.87755e-13 1.05302e+08 5.50232e+10
3.89502e-13 1.05912e+08 5.49179e+10
3.91256e-13 1.0652e+08 5.4812e+10
3.93018e-13 1.07127e+08 5.47054e+10
3.94788e-13 1.07733e+08 5.45983e+10
3.96566e-13 1.08337e+08 5.44906e+10
3.98352e-13 1.08939e+08 5.43823e+10
4.00146e-13 1.0954e+08 5.42733e+10
4.01948e-13 1.10139e+08 5.41638e+10
4.03758e-13 1.10737e+08 5.40536e+10
4.05577e-13 1.11332e+08 5.39429e+10
4.07403e-13 1.11926e+08 5.38316e+10
4.09238e-13 1.12518e+08 5.37196e+10
4.11081e-13 1.13107e+08 5.36071e+10
4.12933e-13 1.13695e+08 5.3494e+10
4.14792e-13 1.14281e+08 5.33803e+10
4.16661e-13 1.14865e+08 5.3266e+10
4.18537e-13 1.15446e+08 5.31512e+10
4.20422e-13 1.16026e+08 5.30357e+10
4.22315e-13 1.16603e+08 5.29197e+10
4.24217e-13 1.17178e+08 5.28031e+10
4.26128e-13 1.1775e+08 5.26859e+10
4.28047e-13 1.1832e+08 5.25682e+10
4.29975e-13 1.18888e+08 5.24498e+10
4.31911e-13 1.19453e+08 5.2331e+10
4.33857e-13 1.20015e+08 5.22115e+10
4.35811e-13 1.20575e+08 5.20915e+10
4.37773e-13 1.21132e+08 5.19709e+10
4.39745e-13 1.21687e+08 5.18498e+10
4.41725e-13 1.22238e+08 5.17281e+10
4.43715e-13 1.22787e+08 5.16059e+10
4.45713e-13 1.23333e+08 5.14831e+10
4.47721e-13 1.23876e+08 5.13597e+10
4.49737e-13 1.24416e+08 5.12359e+10
4.51762e-13 1.24953e+08 5.11114e+10
4.53797e-13 1.25487e+08 5.09865e+10
4.55841e-13 1.26019e+08 5.0861e+10
4.57894e-13 1.26546e+08 5.0735e+10
4.59956e-13 1.27071e+08 5.06084e+10
4.62028e-13 1.27592e+08 5.04814e+10
4.64108e-13 1.2811e+08 5.03538e+10
4.66199e-13 1.28624e+08 5.02257e+10
4.68298e-13 1.29136e+08 5.0097e+10
4.70407e-13 1.29643e+08 4.99679e+10
4.72526e-13 1.30148e+08 4.98383e+10
4.74654e-13 1.30648e+08 4.97081e+10
4.76792e-13 1.31145e+08 4.95775e+10
4.78939e-13 1.31639e+08 4.94463e+10
4.81096e-13 1.32129e+08 4.93147e+10
4.83263e-13 1.32615e+08 4.91826e+10
4.85439e-13 1.33097e+08 4.90499e+10
4.87626e-13 1.33576e+08 4.89168e+10
4.89822e-13 1.3405e+08 4.87833e+10
4.92028e-13 1.34521e+08 4.86492e+10
4.94244e-13 1.34988e+08 4.85147e+10
4.9647e-13 1.35451e+08 4.83797e+10
4.98705e-13 1.3591e+08 4.82443e+10
5.00952e-13 1.36364e+08 4.81083e+10
5.03208e-13 1.36815e+08 4.7972e+10
5.05474e-13 1.37261e+08 4.78352e+10
5.0775e-13 1.37704e+08 4.76979e+10
5.10037e-13 1.38142e+08 4.75602e+10
5.12334e-13 1.38576e+08 4.74221e+10
5.14642e-13 1.39005e+08 4.72835e+10
5.16959e-13 1.3943e+08 4.71445e+10
5.19288e-13 1.39851e+08 4.70051e+10
5.21626e-13 1.40267e+08 4.68652e+10
5.23976e-13 1.40679e+08 4.67249e+10
5.26336e-13 1.41086e+08 4.65843e+10
5.28706e-13 1.41489e+08 4.64432e+10
5.31087e-13 1.41887e+08 4.63017e+10
5.33479e-13 1.42281e+08 4.61598e+10
5.35882e-13 1.4267e+08 4.60175e+10
5.38295e-13 1.43054e+08 4.58748e+10
5.40719e-13 1.43434e+08 4.57318e+10
5.43155e-13 1.43808e+08 4.55884e+10
5.45601e-13 1.44178e+08 4.54445e+10
5.48058e-13 1.44543e+08 4.53004e+10
5.50526e-13 1.44904e+08 4.51558e+10
5.53006e-13 1.45259e+08 4.50109e+10
5.55496e-13 1.4561e+08 4.48657e+10
5.57998e-13 1.45955e+08 4.47201e+10
5.60511e-13 1.46296e+08 4.45741e+10
5.63036e-13 1.46631e+08 4.44278e+10
5.65571e-13 1.46962e+08 4.42812e+10
5.68119e-13 1.47287e+08 4.41342e+10
5.70677e-13 1.47608e+08 4.39869e+10
5.73247e-13 1.47923e+08 4.38393e+10
5.75829e-13 1.48233e+08 4.36914e+10
5.78422e-13 1.48538e+08 4.35432e+10
5.81027e-13 1.48838e+08 4.33946e+10
5.83644e-13 1.49133e+08 4.32458e+10
5.86273e-13 1.49422e+08 4.30966e+10
5.88913e-13 1.49706e+08 4.29472e+10
5.91566e-13 1.49985e+08 4.27975e+10
5.9423e-13 1.50258e+08 4.26475e+10
5.96906e-13 1.50526e+08 4.24973e+10
5.99594e-13 1.50789e+08 4.23467e+10
6.02295e-13 1.51046e+08 4.2196e+10
6.05007e-13 1.51298e+08 4.20449e+10
6.07732e-13 1.51545e+08 4.18936e+10
6.10469e-13 1.51786e+08 4.17421e+10
6.13218e-13 1.52021e+08 4.15903e+10
6.1598e-13 1.52251e+08 4.14383e+10
6.18754e-13 1.52476e+08 4.1286e+10
6.21541e-13 1.52695e+08 4.11335e+10
6.2434e-13 1.52909e+08 4.09808e+10
6.27152e-13 1.53117e+08 4.08279e+10
6.29977e-13 1.53319e+08 4.06748e+10
6.32814e-13 1.53516e+08 4.05215e+10
6.35664e-13 1.53708e+08 4.0368e+10
6.38527e-13 1.53893e+08 4.02143e+10
6.41403e-13 1.54073e+08 4.00604e+10
6.44291e-13 1.54248e+08 3.99063e+10
6.47193e-13 1.54416e+08 3.97521e+10
6.50108e-13 1.5458e+08 3.95976e+10
6.53036e-13 1.54737e+08 3.94431e+10
6.55977e-13 1.54889e+08 3.92883e+10
6.58931e-13 1.55035e+08 3.91334e+10
6.61899e-13 1.55175e+08 3.89784e+10
6.6488e-13 1.5531e+08 3.88232e+10
6.67874e-13 1.55439e+08 3.86679e+10
6.70882e-13 1.55563e+08 3.85125e+10
6.73903e-13 1.5568e+08 3.83569e+10
6.76938e-13 1.55792e+08 3.82012e+10
6.79987e-13 1.55898e+08 3.80454e+10
6.8305e-13 1.55999e+08 3.78895e+10
6.86126e-13 1.56094e+08 3.77335e+10
6.89216e-13 1.56183e+08 3.75774e+10
6.9232e-13 1.56266e+08 3.74213e+10
6.95438e-13 1.56343e+08 3.7265e+10
6.9857e-13 1.56415e+08 3.71087e+10
7.01716e-13 1.56481e+08 3.69522e+10
7.04877e-13 1.56542e+08 3.67958e+10
7.08051e-13 1.56596e+08 3.66392e+10
7.1124e-13 1.56645e+08 3.64826e+10
7.14443e-13 1.56688e+08 3.6326e+10
7.17661e-13 1.56725e+08 3.61693e+10
7.20893e-13 1.56757e+08 3.60126e+10
7.2414e-13 1.56783e+08 3.58558e+10
7.27401e-13 1.56803e+08 3.5699e+10
7.30677e-13 1.56818e+08 3.55422e+10
7.33968e-13 1.56827e+08 3.53854e+10
7.37273e-13 1.5683e+08 3.52286e+10
7.40594e-13 1.56827e+08 3.50717e+10
7.43929e-13 1.56819e+08 3.49149e+10
7.4728e-13 1.56805e+08 3.47581e+10
7.50645e-13 1.56785e+08 3.46013e+10
7.54026e-13 1.5676e+08 3.44445e+10
7.57422e-13 1.56729e+08 3.42877e+10
7.60833e-13 1.56693e+08 3.4131e+10
7.6426e-13 1.5665e+08 3.39743e+10
7.67702e-13 1.56603e+08 3.38177e+10
7.71159e-13 1.56549e+08 3.36611e+10
7.74632e-13 1.5649e+08 3.35045e+10
7.78121e-13 1.56426e+08 3.3348e+10
7.81625e-13 1.56356e+08 3.31916e+10
7.85146e-13 1.5628e+08 3.30353e+10
7.88682e-13 1.56199e+08 3.2879e+10
7.92234e-13 1.56112e+08 3.27228e+10
7.95802e-13 1.5602e+08 3.25667e+10
7.99386e-13 1.55922e+08 3.24106e+10
8.02986e-13 1.55819e+08 3.22547e+10
8.06602e-13 1.55711e+08 3.20989e+10
8.10235e-13 1.55597e+08 3.19432e+10
8.13884e-13 1.55477e+08 3.17876e+10
8.1755e-13 1.55353e+08 3.16321e+10
8.21232e-13 1.55223e+08 3.14768e+10
8.2493e-13 1.55087e+08 3.13215e+10
8.28645e-13 1.54947e+08 3.11665e+10
8.32377e-13 1.548e+08 3.10115e+10
8.36126e-13 1.54649e+08 3.08567e+10
8.39892e-13 1.54493e+08 3.07021e+10
8.43674e-13 1.54331e+08 3.05476e+10
8.47474e-13 1.54164e+08 3.03932e+10
8.51291e-13 1.53992e+08 3.02391e+10
8.55125e-13 1.53814e+08 3.00851e+10
8.58976e-13 1.53632e+08 2.99313e+10
8.62845e-13 1.53444e+08 2.97776e+10
8.66731e-13 1.53252e+08 2.96242e+10
8.70634e-13 1.53054e+08 2.94709e+10
8.74555e-13 1.52851e+08 2.93179e+10
8.78494e-13 1.52644e+08 2.9165e+10
8.82451e-13 1.52431e+08 2.90124e+10
8.86425e-13 1.52213e+08 2.886e+10
8.90417e-13 1.51991e+08 2.87077e+10
8.94427e-13 1.51763e+08 2.85558e+10
8.98455e-13 1.51531e+08 2.8404e+10
9.02502e-13 1.51294e+08 2.82525e+10
9.06566e-13 1.51052e+08 2.81012e+10
9.10649e-13 1.50806e+08 2.79501e+10
9.14751e-13 1.50554e+08 2.77993e+10
9.1887e-13 1.50298e+08 2.76488e+10
9.23009e-13 1.50037e+08 2.74985e+10
9.27166e-13 1.49772e+08 2.73484e+10
9.31341e-13 1.49502e+08 2.71986e+10
9.35536e-13 1.49228e+08 2.70491e+10
9.39749e-13 1.48949e+08 2.68999e+10
9.43982e-13 1.48665e+08 2.6751e+10
9.48233e-13 1.48377e+08 2.66023e+10
9.52504e-13 1.48085e+08 2.64539e+10
9.56793e-13 1.47788e+08 2.63058e+10
9.61103e-13 1.47487e+08 2.61581e+10
9.65431e-13 1.47181e+08 2.60106e+10
9.69779e-13 1.46872e+08 2.58634e+10
9.74147e-13 1.46558e+08 2.57165e+10
9.78534e-13 1.46239e+08 2.557e+10
9.82941e-13 1.45917e+08 2.54237e+10
9.87368e-13 1.45591e+08 2.52778e+10
9.91815e-13 1.4526e+08 2.51322e+10
9.96282e-13 1.44925e+08 2.49869e+10
1.00077e-12 1.44587e+08 2.4842e+10
1.00528e-12 1.44244e+08 2.46974e+10
1.0098e-12 1.43898e+08 2.45532e+10
1.01435e-12 1.43547e+08 2.44093e+10
1.01892e-12 1.43193e+08 2.42657e+10
1.02351e-12 1.42834e+08 2.41226e+10
1.02812e-12 1.42473e+08 2.39797e+10
1.03275e-12 1.42107e+08 2.38372e+10
1.0374e-12 1.41737e+08 2.36951e+10
1.04207e-12 1.41364e+08 2.35534e+10
1.04676e-12 1.40988e+08 2.3412e+10
1.05148e-12 1.40607e+08 2.3271e+10
1.05621e-12 1.40224e+08 2.31304e+10
1.06097e-12 1.39836e+08 2.29902e+10
1.06575e-12 1.39445e+08 2.28504e+10
1.07055e-12 1.39051e+08 2.27109e+10
1.07537e-12 1.38654e+08 2.25719e+10
1.08021e-12 1.38253e+08 2.24332e+10
1.08508e-12 1.37848e+08 2.2295e+10
1.08997e-12 1.37441e+08 2.21571e+10
1.09487e-12 1.3703e+08 2.20197e+10
1.09981e-12 1.36617e+08 2.18827e+10
1.10476e-12 1.362e+08 2.1746e+10
1.10973e-12 1.3578e+08 2.16098e+10
1.11473e-12 1.35356e+08 2.14741e+10
1.11975e-12 1.3493e+08 2.13387e+10
1.1248e-12 1.34501e+08 2.12038e+10
1.12986e-12 1.3407e+08 2.10693e+10
1.13495e-12 1.33635e+08 2.09352e+10
1.14006e-12 1.33197e+08 2.08016e+10
1.1452e-12 1.32757e+08 2.06684e+10
1.15035e-12 1.32314e+08 2.05356e+10
1.15553e-12 1.31868e+08 2.04033e+10
1.16074e-12 1.31419e+08 2.02714e+10
1.16597e-12 1.30968e+08 2.014e+10
1.17122e-12 1.30515e+08 2.0009e+10
1.17649e-12 1.30058e+08 1.98785e+10
1.18179e-12 1.296e+08 1.97485e+10
1.18711e-12 1.29139e+08 1.96189e+10
1.19246e-12 1.28675e+08 1.94897e+10
1.19783e-12 1.2821e+08 1.93611e+10
1.20323e-12 1.27741e+08 1.92329e+10
1.20864e-12 1.27271e+08 1.91051e+10
1.21409e-12 1.26798e+08 1.89778e+10
1.21956e-12 1.26324e+08 1.8851e+10
1.22505e-12 1.25847e+08 1.87247e+10
1.23057e-12 1.25368e+08 1.85989e+10
1.23611e-12 1.24887e+08 1.84735e+10
1.24167e-12 1.24404e+08 1.83486e+10
1.24727e-12 1.23919e+08 1.82242e+10
1.25288e-12 1.23432e+08 1.81003e+10
1.25853e-12 1.22944e+08 1.79769e+10
1.26419e-12 1.22453e+08 1.78539e+10
1.26989e-12 1.21961e+08 1.77315e+10
1.27561e-12 1.21467e+08 1.76095e+10
1.28135e-12 1.20971e+08 1.7488e+10
1.28712e-12 1.20474e+08 1.73671e+10
1.29292e-12 1.19975e+08 1.72466e+10
1.29874e-12 1.19474e+08 1.71266e+10
1.30459e-12 1.18972e+08 1.70071e+10
1.31047e-12 1.18469e+08 1.68882e+10
1.31637e-12 1.17964e+08 1.67697e+10
1.3223e-12 1.17458e+08 1.66517e+10
1.32825e-12 1.1695e+08 1.65343e+10
1.33424e-12 1.16441e+08 1.64173e+10
1.34024e-12 1.15931e+08 1.63009e+10
1.34628e-12 1.15419e+08 1.6185e+10
1.35234e-12 1.14907e+08 1.60695e+10
1.35843e-12 1.14393e+08 1.59546e+10
1.36455e-12 1.13878e+08 1.58402e+10
1.3707e-12 1.13362e+08 1.57264e+10
1.37687e-12 1.12845e+08 1.5613e+10
1.38307e-12 1.12327e+08 1.55002e+10
1.3893e-12 1.11808e+08 1.53878e+10
1.39556e-12 1.11288e+08 1.5276e+10
1.40184e-12 1.10768e+08 1.51647e+10
1.40816e-12 1.10246e+08 1.5054e+10
1.4145e-12 1.09724e+08 1.49437e+10
1.42087e-12 1.09201e+08 1.4834e+10
1.42727e-12 1.08678e+08 1.47248e+10
1.4337e-12 1.08153e+08 1.46161e+10
1.44015e-12 1.07628e+08 1.4508e+10
1.44664e-12 1.07103e+08 1.44003e+10
1.45315e-12 1.06577e+08 1.42932e+10
1.4597e-12 1.0605e+08 1.41866e+10
1.46627e-12 1.05524e+08 1.40806e+10
1.47288e-12 1.04996e+08 1.39751e+10
1.47951e-12 1.04468e+08 1.38701e+10
1.48617e-12 1.0394e+08 1.37656e+10
1.49287e-12 1.03412e+08 1.36617e+10
1.49959e-12 1.02883e+08 1.35583e+10
1.50634e-12 1.02354e+08 1.34554e+10
1.51313e-12 1.01825e+08 1.3353e+10
1.51994e-12 1.01296e+08 1.32512e+10
1.52679e-12 1.00766e+08 1.31499e+10
1.53366e-12 1.00237e+08 1.30491e+10
1.54057e-12 9.97074e+07 1.29489e+10
1.54751e-12 9.91779e+07 1.28492e+10
1.55448e-12 9.86484e+07 1.275e+10
1.56148e-12 9.81189e+07 1.26514e+10
1.56851e-12 9.75896e+07 1.25532e+10
1.57558e-12 9.70602e+07 1.24557e+10
1.58267e-12 9.65312e+07 1.23586e+10
1.5898e-12 9.60022e+07 1.22621e+10
1.59696e-12 9.54735e+07 1.21661e+10
1.60415e-12 9.49452e+07 1.20706e+10
1.61138e-12 9.44169e+07 1.19756e+10
1.61864e-12 9.38892e+07 1.18812e+10
1.62592e-12 9.33617e+07 1.17873e+10
1.63325e-12 9.28346e+07 1.1694e+10
1.6406e-12 9.23081e+07 1.16011e+10
1.64799e-12 9.17818e+07 1.15088e+10
1.65541e-12 9.12561e+07 1.1417e+10
1.66287e-12 9.07309e+07 1.13258e+10
1.67036e-12 9.02063e+07 1.12351e+10
1.67788e-12 8.96823e+07 1.11449e+10
1.68544e-12 8.91587e+07 1.10552e+10
1.69303e-12 8.86359e+07 1.0966e+10
1.70065e-12 8.81139e+07 1.08774e+10
1.70831e-12 8.75923e+07 1.07893e+10
1.71601e-12 8.70717e+07 1.07017e+10
1.72374e-12 8.65517e+07 1.06146e+10
1.7315e-12 8.60325e+07 1.0528e+10
1.7393e-12 8.55142e+07 1.0442e+10
1.74713e-12 8.49965e+07 1.03565e+10
1.755e-12 8.44799e+07 1.02715e+10
1.7629e-12 8.39641e+07 1.0187e+10
1.77084e-12 8.34492e+07 1.01031e+10
1.77882e-12 8.29354e+07 1.00196e+10
1.78683e-12 8.24224e+07 9.93668e+09
1.79488e-12 8.19104e+07 9.85425e+09
1.80296e-12 8.13996e+07 9.77234e+09
1.81108e-12 8.08897e+07 9.69094e+09
1.81924e-12 8.03809e+07 9.61005e+09
1.82743e-12 7.98732e+07 9.52967e+09
1.83566e-12 7.93666e+07 9.4498e+09
1.84393e-12 7.88613e+07 9.37043e+09
1.85223e-12 7.83569e+07 9.29157e+09
1.86057e-12 7.78539e+07 9.21322e+09
1.86895e-12 7.73521e+07 9.13536e+09
1.87737e-12 7.68514e+07 9.05801e+09
1.88583e-12 7.63521e+07 8.98116e+09
1.89432e-12 7.58541e+07 8.90481e+09
1.90285e-12 7.53573e+07 8.82895e+09
1.91142e-12 7.48619e+07 8.75359e+09
1.92003e-12 7.43678e+07 8.67873e+09
1.92868e-12 7.38751e+07 8.60436e+09
1.93736e-12 7.33839e+07 8.53049e+09
1.94609e-12 7.28939e+07 8.45711e+09
1.95485e-12 7.24054e+07 8.38421e+09
1.96366e-12 7.19185e+07 8.31181e+09
1.9725e-12 7.14328e+07 8.23989e+09
1.98138e-12 7.09488e+07 8.16845e+09
1.99031e-12 7.04663e+07 8.09751e+09
1.99927e-12 6.99852e+07 8.02704e+09
2.00827e-12 6.95057e+07 7.95705e+09
2.01732e-12 6.90278e+07 7.88755e+09
2.0264e-12 6.85514e+07 7.81852e+09
2.03553e-12 6.80767e+07 7.74997e+09
2.0447e-12 6.76035e+07 7.68189e+09
2.05391e-12 6.7132e+07 7.61429e+09
2.06316e-12 6.66622e+07 7.54716e+09
2.07245e-12 6.61939e+07 7.4805e+09
2.08178e-12 6.57273e+07 7.4143e+09
2.09116e-12 6.52625e+07 7.34857e+09
2.10058e-12 6.47993e+07 7.28331e+09
2.11004e-12 6.43379e+07 7.21851e+09
2.11954e-12 6.38782e+07 7.15417e+09
2.12909e-12 6.34202e+07 7.0903e+09
2.13867e-12 6.2964e+07 7.02688e+09
2.14831e-12 6.25096e+07 6.96391e+09
2.15798e-12 6.20569e+07 6.9014e+09
2.1677e-12 6.16061e+07 6.83935e+09
2.17746e-12 6.11571e+07 6.77774e+09
2.18727e-12 6.07098e+07 6.71658e+09
2.19712e-12 6.02645e+07 6.65587e+09
2.20702e-12 5.9821e+07 6.59561e+09
2.21696e-12 5.93793e+07 6.53579e+09
2.22694e-12 5.89395e+07 6.47641e+09
2.23697e-12 5.85016e+07 6.41747e+09
2.24704e-12 5.80655e+07 6.35897e+09
2.25716e-12 5.76314e+07 6.3009e+09
2.26733e-12 5.71992e+07 6.24327e+09
2.27754e-12 5.67689e+07 6.18607e+09
2.2878e-12 5.63405e+07 6.1293e+09
2.2981e-12 5.59141e+07 6.07296e+09
2.30845e-12 5.54896e+07 6.01705e+09
2.31885e-12 5.50671e+07 5.96156e+09
2.32929e-12 5.46465e+07 5.90649e+09
2.33978e-12 5.42278e+07 5.85184e+09
2.35032e-12 5.38112e+07 5.79762e+09
2.36091e-12 5.33966e+07 5.7438e+09
2.37154e-12 5.29839e+07 5.69041e+09
2.38222e-12 5.25733e+07 5.63742e+09
2.39295e-12 5.21647e+07 5.58485e+09
2.40373e-12 5.1758e+07 5.53269e+09
2.41455e-12 5.13534e+07 5.48093e+09
2.42543e-12 5.09508e+07 5.42957e+09
2.43635e-12 5.05502e+07 5.37862e+09
2.44732e-12 5.01517e+07 5.32807e+09
2.45834e-12 4.97553e+07 5.27792e+09
2.46942e-12 4.93607e+07 5.22817e+09
2.48054e-12 4.89683e+07 5.17881e+09
2.49171e-12 4.85781e+07 5.12984e+09
2.50293e-12 4.81897e+07 5.08126e+09
2.5142e-12 4.78035e+07 5.03307e+09
2.52553e-12 4.74193e+07 4.98527e+09
2.5369e-12 4.70372e+07 4.93785e+09
2.54833e-12 4.66571e+07 4.89081e+09
2.5598e-12 4.62792e+07 4.84415e+09
2.57133e-12 4.59033e+07 4.79787e+09
2.58291e-12 4.55295e+07 4.75197e+09
2.59454e-12 4.51578e+07 4.70644e+09
2.60623e-12 4.47881e+07 4.66128e+09
2.61797e-12 4.44205e+07 4.6165e+09
2.62976e-12 4.40551e+07 4.57207e+09
2.6416e-12 4.36917e+07 4.52802e+09
2.6535e-12 4.33304e+07 4.48433e+09
2.66545e-12 4.29711e+07 4.441e+09
2.67745e-12 4.26141e+07 4.39803e+09
2.68951e-12 4.2259e+07 4.35541e+09
2.70162e-12 4.1906e+07 4.31315e+09
2.71379e-12 4.15552e+07 4.27125e+09
2.72601e-12 4.12064e+07 4.22969e+09
2.73829e-12 4.08597e+07 4.18849e+09
2.75062e-12 4.05151e+07 4.14763e+09
2.76301e-12 4.01726e+07 4.10711e+09
2.77546e-12 3.98322e+07 4.06694e+09
2.78796e-12 3.94938e+07 4.02711e+09
2.80051e-12 3.91576e+07 3.98761e+09
2.81312e-12 3.88234e+07 3.94845e+09
2.82579e-12 3.84913e+07 3.90963e+09
2.83852e-12 3.81613e+07 3.87114e+09
2.8513e-12 3.78334e+07 3.83298e+09
2.86415e-12 3.75075e+07 3.79515e+09
2.87705e-12 3.71837e+07 3.75764e+09
2.89e-12 3.6862e+07 3.72045e+09
2.90302e-12 3.65424e+07 3.68359e+09
2.91609e-12 3.62248e+07 3.64705e+09
2.92923e-12 3.59093e+07 3.61082e+09
2.94242e-12 3.55958e+07 3.57492e+09
2.95567e-12 3.52844e+07 3.53932e+09
2.96898e-12 3.49751e+07 3.50404e+09
2.98235e-12 3.46677e+07 3.46906e+09
2.99578e-12 3.43624e+07 3.43439e+09
3.00928e-12 3.40592e+07 3.40003e+09
3.02283e-12 3.37581e+07 3.36597e+09
3.03644e-12 3.34589e+07 3.33221e+09
3.05012e-12 3.31618e+07 3.29875e+09
3.06386e-12 3.28667e+07 3.26559e+09
3.07765e-12 3.25736e+07 3.23273e+09
3.09152e-12 3.22825e+07 3.20015e+09
3.10544e-12 3.19934e+07 3.16787e+09
3.11942e-12 3.17064e+07 3.13588e+09
3.13347e-12 3.14213e+07 3.10417e+09
3.14759e-12 3.11382e+07 3.07275e+09
3.16176e-12 3.08572e+07 3.04161e+09
3.176e-12 3.05781e+07 3.01075e+09
3.19031e-12 3.03009e+07 2.98017e+09
3.20467e-12 3.00258e+07 2.94987e+09
3.21911e-12 2.97526e+07 2.91985e+09
3.2336e-12 2.94814e+07 2.8901e+09
3.24817e-12 2.92121e+07 2.86061e+09
3.2628e-12 2.89448e+07 2.8314e+09
3.27749e-12 2.86794e+07 2.80246e+09
3.29225e-12 2.8416e+07 2.77378e+09
3.30708e-12 2.81544e+07 2.74536e+09
3.32197e-12 2.78949e+07 2.71721e+09
3.33693e-12 2.76372e+07 2.68931e+09
3.35196e-12 2.73814e+07 2.66168e+09
3.36706e-12 2.71275e+07 2.63429e+09
3.38222e-12 2.68756e+07 2.60717e+09
3.39746e-12 2.66254e+07 2.58029e+09
3.41276e-12 2.63772e+07 2.55367e+09
3.42813e-12 2.61309e+07 2.52729e+09
3.44357e-12 2.58864e+07 2.50116e+09
3.45908e-12 2.56438e+07 2.47527e+09
3.47465e-12 2.5403e+07 2.44963e+09
3.4903e-12 2.51642e+07 2.42422e+09
3.50602e-12 2.4927e+07 2.39906e+09
3.52181e-12 2.46918e+07 2.37413e+09
3.53767e-12 2.44584e+07 2.34944e+09
3.55361e-12 2.42267e+07 2.32498e+09
3.56961e-12 2.39969e+07 2.30076e+09
3.58569e-12 2.37689e+07 2.27676e+09
3.60184e-12 2.35427e+07 2.25299e+09
3.61806e-12 2.33182e+07 2.22945e+09
3.63435e-12 2.30955e+07 2.20613e+09
3.65072e-12 2.28746e+07 2.18303e+09
3.66716e-12 2.26555e+07 2.16016e+09
3.68368e-12 2.24381e+07 2.1375e+09
3.70027e-12 2.22224e+07 2.11507e+09
3.71693e-12 2.20085e+07 2.09284e+09
3.73367e-12 2.17963e+07 2.07083e+09
3.75049e-12 2.15857e+07 2.04904e+09
3.76738e-12 2.13769e+07 2.02745e+09
3.78435e-12 2.11699e+07 2.00608e+09
3.80139e-12 2.09645e+07 1.98491e+09
3.81851e-12 2.07607e+07 1.96394e+09
3.83571e-12 2.05587e+07 1.94318e+09
3.85298e-12 2.03583e+07 1.92262e+09
3.87034e-12 2.01596e+07 1.90226e+09
3.88777e-12 1.99624e+07 1.8821e+09
3.90528e-12 1.9767e+07 1.86214e+09
3.92286e-12 1.95732e+07 1.84237e+09
3.94053e-12 1.9381e+07 1.8228e+09
3.95828e-12 1.91904e+07 1.80342e+09
3.97611e-12 1.90014e+07 1.78423e+09
3.99401e-12 1.8814e+07 1.76523e+09
4.012e-12 1.86282e+07 1.74641e+09
4.03007e-12 1.84439e+07 1.72779e+09
4.04822e-12 1.82612e+07 1.70934e+09
4.06645e-12 1.80801e+07 1.69108e+09
4.08477e-12 1.79005e+07 1.673e+09
4.10316e-12 1.77225e+07 1.6551e+09
4.12164e-12 1.7546e+07 1.63738e+09
4.1402e-12 1.7371e+07 1.61983e+09
4.15885e-12 1.71975e+07 1.60246e+09
4.17758e-12 1.70255e+07 1.58526e+09
4.1964e-12 1.6855e+07 1.56824e+09
4.2153e-12 1.6686e+07 1.55138e+09
4.23428e-12 1.65185e+07 1.5347e+09
4.25335e-12 1.63524e+07 1.51818e+09
4.27251e-12 1.61878e+07 1.50183e+09
4.29175e-12 1.60247e+07 1.48564e+09
4.31108e-12 1.5863e+07 1.46961e+09
4.33049e-12 1.57027e+07 1.45375e+09
4.35e-12 1.55438e+07 1.43805e+09
4.36959e-12 1.53863e+07 1.4225e+09
4.38927e-12 1.52303e+07 1.40712e+09
4.40903e-12 1.50756e+07 1.39189e+09
4.42889e-12 1.49223e+07 1.37681e+09
4.44884e-12 1.47704e+07 1.36189e+09
4.46887e-12 1.46199e+07 1.34712e+09
4.489e-12 1.44707e+07 1.3325e+09
4.50922e-12 1.43228e+07 1.31803e+09
4.52953e-12 1.41763e+07 1.30371e+09
4.54993e-12 1.40312e+07 1.28953e+09
4.57042e-12 1.38873e+07 1.2755e+09
4.591e-12 1.37448e+07 1.26161e+09
4.61168e-12 1.36035e+07 1.24787e+09
4.63245e-12 1.34636e+07 1.23426e+09
4.65331e-12 1.33249e+07 1.2208e+09
4.67427e-12 1.31875e+07 1.20747e+09
4.69532e-12 1.30514e+07 1.19429e+09
4.71647e-12 1.29165e+07 1.18124e+09
4.73771e-12 1.27829e+07 1.16832e+09
4.75904e-12 1.26505e+07 1.15554e+09
4.78048e-12 1.25193e+07 1.14289e+09
4.80201e-12 1.23894e+07 1.13037e+09
4.82363e-12 1.22607e+07 1.11798e+09
4.84536e-12 1.21331e+07 1.10572e+09
4.86718e-12 1.20068e+07 1.09358e+09
4.8891e-12 1.18817e+07 1.08158e+09
4.91112e-12 1.17577e+07 1.06969e+09
4.93324e-12 1.16349e+07 1.05794e+09
4.95546e-12 1.15133e+07 1.0463e+09
4.97777e-12 1.13928e+07 1.03479e+09
5.00019e-12 1.12734e+07 1.0234e+09
5.02271e-12 1.11552e+07 1.01212e+09
5.04533e-12 1.10381e+07 1.00097e+09
5.06806e-12 1.09221e+07 9.8993e+08
5.09088e-12 1.08073e+07 9.79007e+08
5.11381e-12 1.06935e+07 9.682e+08
5.13684e-12 1.05808e+07 9.57507e+08
5.15997e-12 1.04692e+07 9.46926e+08
5.18321e-12 1.03587e+07 9.36457e+08
5.20656e-12 1.02492e+07 9.26098e+08
5.23001e-12 1.01408e+07 9.15849e+08
5.25356e-12 1.00335e+07 9.05708e+08
5.27722e-12 9.92716e+06 8.95674e+08
5.30099e-12 9.82188e+06 8.85747e+08
5.32486e-12 9.71763e+06 8.75925e+08
5.34884e-12 9.61439e+06 8.66208e+08
5.37293e-12 9.51214e+06 8.56593e+08
5.39713e-12 9.41089e+06 8.47081e+08
5.42144e-12 9.31065e+06 8.3767e+08
5.44586e-12 9.2114e+06 8.2836e+08
5.47038e-12 9.1131e+06 8.19148e+08
5.49502e-12 9.01577e+06 8.10035e+08
5.51977e-12 8.9194e+06 8.01019e+08
5.54463e-12 8.82399e+06 7.921e+08
5.5696e-12 8.72953e+06 7.83276e+08
5.59468e-12 8.63598e+06 7.74546e+08
5.61988e-12 8.54337e+06 7.65911e+08
5.64519e-12 8.45168e+06 7.57367e+08
5.67061e-12 8.36091e+06 7.48915e+08
5.69615e-12 8.27104e+06 7.40555e+08
5.72181e-12 8.18205e+06 7.32284e+08
5.74757e-12 8.09396e+06 7.24101e+08
5.77346e-12 8.00676e+06 7.16008e+08
5.79946e-12 7.92043e+06 7.08001e+08
5.82558e-12 7.83496e+06 7.0008e+08
5.85182e-12 7.75035e+06 6.92245e+08
5.87817e-12 7.66659e+06 6.84495e+08
5.90465e-12 7.58368e+06 6.76828e+08
5.93124e-12 7.50162e+06 6.69245e+08
5.95795e-12 7.42036e+06 6.61743e+08
5.98478e-12 7.33993e+06 6.54323e+08
6.01174e-12 7.26032e+06 6.46983e+08
6.03881e-12 7.18153e+06 6.39722e+08
6.06601e-12 7.10354e+06 6.32541e+08
6.09333e-12 7.02632e+06 6.25437e+08
6.12077e-12 6.9499e+06 6.18411e+08
6.14834e-12 6.87426e+06 6.11461e+08
6.17603e-12 6.7994e+06 6.04587e+08
6.20384e-12 6.72531e+06 5.97788e+08
6.23178e-12 6.65195e+06 5.91062e+08
6.25985e-12 6.57936e+06 5.8441e+08
6.28804e-12 6.50752e+06 5.77831e+08
6.31636e-12 6.43642e+06 5.71323e+08
6.34481e-12 6.36605e+06 5.64887e+08
6.37339e-12 6.2964e+06 5.58521e+08
6.40209e-12 6.22746e+06 5.52225e+08
6.43092e-12 6.15925e+06 5.45997e+08
6.45989e-12 6.09174e+06 5.39838e+08
6.48898e-12 6.02494e+06 5.33746e+08
6.5182e-12 5.95881e+06 5.27721e+08
6.54756e-12 5.89338e+06 5.21762e+08
6.57705e-12 5.82862e+06 5.15869e+08
6.60667e-12 5.76455e+06 5.1004e+08
6.63642e-12 5.70115e+06 5.04276e+08
6.66631e-12 5.63839e+06 4.98575e+08
6.69633e-12 5.5763e+06 4.92936e+08
6.72649e-12 5.51485e+06 4.8736e+08
6.75679e-12 5.45406e+06 4.81845e+08
6.78722e-12 5.3939e+06 4.76391e+08
6.81779e-12 5.33436e+06 4.70997e+08
6.84849e-12 5.27545e+06 4.65663e+08
6.87933e-12 5.21716e+06 4.60387e+08
6.91032e-12 5.15949e+06 4.5517e+08
6.94144e-12 5.10243e+06 4.50011e+08
6.9727e-12 5.04597e+06 4.44908e+08
7.0041e-12 4.99009e+06 4.39862e+08
7.03565e-12 4.93481e+06 4.34872e+08
7.06734e-12 4.88012e+06 4.29937e+08
7.09916e-12 4.82601e+06 4.25057e+08
7.13114e-12 4.77247e+06 4.20231e+08
7.16325e-12 4.71949e+06 4.15459e+08
7.19551e-12 4.66708e+06 4.10739e+08
7.22792e-12 4.61523e+06 4.06072e+08
7.26047e-12 4.56393e+06 4.01457e+08
7.29317e-12 4.51318e+06 3.96893e+08
7.32602e-12 4.46296e+06 3.9238e+08
7.35901e-12 4.41328e+06 3.87917e+08
7.39216e-12 4.36413e+06 3.83504e+08
7.42545e-12 4.31551e+06 3.7914e+08
7.45889e-12 4.26742e+06 3.74824e+08
7.49248e-12 4.21983e+06 3.70557e+08
7.52623e-12 4.17275e+06 3.66337e+08
7.56012e-12 4.12617e+06 3.62164e+08
7.59417e-12 4.0801e+06 3.58038e+08
7.62837e-12 4.03453e+06 3.53958e+08
7.66273e-12 3.98945e+06 3.49923e+08
7.69724e-12 3.94484e+06 3.45934e+08
7.73191e-12 3.90072e+06 3.41989e+08
7.76673e-12 3.85707e+06 3.38088e+08
7.80171e-12 3.8139e+06 3.34231e+08
7.83684e-12 3.7712e+06 3.30417e+08
7.87214e-12 3.72896e+06 3.26646e+08
7.90759e-12 3.68716e+06 3.22917e+08
7.94321e-12 3.64583e+06 3.1923e+08
7.97898e-12 3.60494e+06 3.15584e+08
8.01492e-12 3.5645e+06 3.11979e+08
8.05101e-12 3.5245e+06 3.08415e+08
8.08727e-12 3.48492e+06 3.0489e+08
8.12369e-12 3.44578e+06 3.01405e+08
8.16028e-12 3.40706e+06 2.97959e+08
8.19703e-12 3.36877e+06 2.94552e+08
8.23395e-12 3.3309e+06 2.91184e+08
8.27103e-12 3.29343e+06 2.87853e+08
8.30828e-12 3.25637e+06 2.84559e+08
8.3457e-12 3.21972e+06 2.81303e+08
8.38329e-12 3.18347e+06 2.78083e+08
8.42104e-12 3.14762e+06 2.749e+08
8.45897e-12 3.11216e+06 2.71752e+08
8.49707e-12 3.07709e+06 2.6864e+08
8.53534e-12 3.04239e+06 2.65563e+08
8.57378e-12 3.00808e+06 2.6252e+08
8.61239e-12 2.97415e+06 2.59512e+08
8.65118e-12 2.94059e+06 2.56538e+08
8.69014e-12 2.9074e+06 2.53598e+08
8.72928e-12 2.87457e+06 2.5069e+08
8.76859e-12 2.8421e+06 2.47816e+08
8.80808e-12 2.80999e+06 2.44974e+08
8.84775e-12 2.77824e+06 2.42164e+08
8.8876e-12 2.74684e+06 2.39385e+08
8.92763e-12 2.71578e+06 2.36638e+08
8.96783e-12 2.68506e+06 2.33923e+08
9.00822e-12 2.65468e+06 2.31238e+08
9.04879e-12 2.62464e+06 2.28583e+08
9.08955e-12 2.59493e+06 2.25958e+08
9.13048e-12 2.56555e+06 2.23363e+08
9.1716e-12 2.53649e+06 2.20798e+08
9.21291e-12 2.50776e+06 2.18261e+08
9.2544e-12 2.47934e+06 2.15754e+08
9.29608e-12 2.45123e+06 2.13274e+08
9.33795e-12 2.42344e+06 2.10823e+08
9.38e-12 2.39596e+06 2.084e+08
9.42225e-12 2.36879e+06 2.06004e+08
9.46468e-12 2.34191e+06 2.03635e+08
9.50731e-12 2.31533e+06 2.01293e+08
9.55013e-12 2.28905e+06 1.98978e+08
9.59314e-12 2.26306e+06 1.96689e+08
9.63634e-12 2.23736e+06 1.94425e+08
9.67974e-12 2.21195e+06 1.92188e+08
9.72334e-12 2.18682e+06 1.89976e+08
9.76713e-12 2.16196e+06 1.87789e+08
9.81112e-12 2.13739e+06 1.85627e+08
9.8553e-12 2.11309e+06 1.8349e+08
9.89969e-12 2.08906e+06 1.81377e+08
9.94427e-12 2.0653e+06 1.79288e+08
9.98906e-12 2.04181e+06 1.77223e+08
1.0034e-11 2.01857e+06 1.75181e+08
1.00792e-11 1.99559e+06 1.73162e+08
1.01246e-11 1.97288e+06 1.71167e+08
1.01702e-11 1.95042e+06 1.69194e+08
1.0216e-11 1.92821e+06 1.67243e+08
1.0262e-11 1.90625e+06 1.65315e+08
1.03083e-11 1.88453e+06 1.63409e+08
1.03547e-11 1.86306e+06 1.61524e+08
1.04013e-11 1.84182e+06 1.59661e+08
1.04482e-11 1.82083e+06 1.57819e+08
1.04952e-11 1.80007e+06 1.55999e+08
1.05425e-11 1.77955e+06 1.54199e+08
1.059e-11 1.75926e+06 1.52419e+08
1.06377e-11 1.73919e+06 1.5066e+08
1.06856e-11 1.71934e+06 1.48921e+08
1.07337e-11 1.69973e+06 1.47201e+08
1.0782e-11 1.68033e+06 1.45501e+08
1.08306e-11 1.66115e+06 1.43821e+08
1.08794e-11 1.64219e+06 1.4216e+08
1.09284e-11 1.62344e+06 1.40518e+08
1.09776e-11 1.6049e+06 1.38894e+08
1.1027e-11 1.58657e+06 1.37289e+08
1.10767e-11 1.56845e+06 1.35703e+08
1.11266e-11 1.55053e+06 1.34134e+08
1.11767e-11 1.53281e+06 1.32584e+08
1.1227e-11 1.5153e+06 1.31051e+08
1.12776e-11 1.49797e+06 1.29536e+08
1.13284e-11 1.48085e+06 1.28038e+08
1.13794e-11 1.46392e+06 1.26557e+08
1.14307e-11 1.44718e+06 1.25093e+08
1.14821e-11 1.43063e+06 1.23646e+08
1.15338e-11 1.41427e+06 1.22215e+08
1.15858e-11 1.39809e+06 1.20801e+08
1.1638e-11 1.3821e+06 1.19403e+08
1.16904e-11 1.36628e+06 1.18021e+08
1.1743e-11 1.35065e+06 1.16655e+08
1.17959e-11 1.33519e+06 1.15304e+08
1.1849e-11 1.31991e+06 1.13969e+08
1.19024e-11 1.3048e+06 1.12649e+08
1.1956e-11 1.28986e+06 1.11344e+08
1.20099e-11 1.27509e+06 1.10054e+08
1.2064e-11 1.26049e+06 1.08779e+08
1.21183e-11 1.24605e+06 1.07519e+08
1.21729e-11 1.23178e+06 1.06272e+08
1.22277e-11 1.21767e+06 1.05041e+08
1.22828e-11 1.20372e+06 1.03823e+08
1.23381e-11 1.18993e+06 1.02619e+08
1.23936e-11 1.17629e+06 1.01429e+08
1.24495e-11 1.16281e+06 1.00253e+08
1.25055e-11 1.14948e+06 9.90903e+07
1.25618e-11 1.1363e+06 9.79408e+07
1.26184e-11 1.12328e+06 9.68045e+07
1.26753e-11 1.1104e+06 9.56812e+07
1.27323e-11 1.09767e+06 9.45708e+07
1.27897e-11 1.08508e+06 9.34732e+07
1.28473e-11 1.07264e+06 9.23881e+07
1.29051e-11 1.06033e+06 9.13154e+07
1.29633e-11 1.04817e+06 9.02551e+07
1.30216e-11 1.03615e+06 8.92069e+07
1.30803e-11 1.02426e+06 8.81708e+07
1.31392e-11 1.01251e+06 8.71465e+07
1.31984e-11 1.00089e+06 8.6134e+07
1.32578e-11 989404 8.51331e+07
1.33175e-11 978049 8.41437e+07
1.33775e-11 966824 8.31657e+07
1.34378e-11 955728 8.21989e+07
1.34983e-11 944759 8.12431e+07
1.35591e-11 933912 8.02984e+07
1.36201e-11 923188 7.93645e+07
1.36815e-11 912588 7.84413e+07
1.37431e-11 902109 7.75287e+07
1.3805e-11 891750 7.66266e+07
1.38672e-11 881510 7.57348e+07
1.39296e-11 871387 7.48533e+07
1.39923e-11 861378 7.39819e+07
1.40554e-11 851482 7.31205e+07
1.41187e-11 841700 7.22691e+07
1.41823e-11 832030 7.14274e+07
1.42461e-11 822471 7.05953e+07
1.43103e-11 813022 6.97729e+07
1.43747e-11 803681 6.89598e+07
1.44395e-11 794447 6.81562e+07
1.45045e-11 785316 6.73617e+07
1.45698e-11 776289 6.65764e+07
1.46354e-11 767367 6.58001e+07
1.47014e-11 758546 6.50327e+07
1.47676e-11 749828 6.42742e+07
1.48341e-11 741209 6.35244e+07
1.49009e-11 732690 6.27832e+07
1.4968e-11 724267 6.20505e+07
1.50354e-11 715938 6.13262e+07
1.51031e-11 707706 6.06103e+07
1.51711e-11 699568 5.99026e+07
1.52395e-11 691524 5.9203e+07
1.53081e-11 683572 5.85115e+07
1.5377e-11 675712 5.78279e+07
1.54463e-11 667942 5.71522e+07
1.55159e-11 660259 5.64842e+07
1.55857e-11 652664 5.5824e+07
1.56559e-11 645156 5.51713e+07
1.57265e-11 637735 5.45262e+07
1.57973e-11 630399 5.38884e+07
1.58684e-11 623148 5.3258e+07
1.59399e-11 615980 5.26349e+07
1.60117e-11 608895 5.20189e+07
1.60838e-11 601888 5.141e+07
1.61562e-11 594962 5.08081e+07
1.6229e-11 588116 5.02132e+07
1.63021e-11 581348 4.9625e+07
1.63755e-11 574659 4.90437e+07
1.64493e-11 568046 4.8469e+07
1.65233e-11 561510 4.7901e+07
1.65978e-11 555050 4.73395e+07
1.66725e-11 548661 4.67844e+07
1.67476e-11 542345 4.62358e+07
1.6823e-11 536102 4.56934e+07
1.68988e-11 529932 4.51573e+07
1.69749e-11 523832 4.46274e+07
1.70513e-11 517803 4.41036e+07
1.71281e-11 511843 4.35858e+07
1.72053e-11 505952 4.30739e+07
1.72828e-11 500127 4.2568e+07
1.73606e-11 494369 4.20678e+07
1.74388e-11 488677 4.15735e+07
1.75173e-11 483050 4.10848e+07
1.75962e-11 477489 4.06017e+07
1.76755e-11 471992 4.01242e+07
1.77551e-11 466558 3.96523e+07
1.7835e-11 461187 3.91857e+07
1.79154e-11 455877 3.87245e+07
1.7996e-11 450627 3.82686e+07
1.80771e-11 445437 3.7818e+07
1.81585e-11 440307 3.73726e+07
1.82403e-11 435237 3.69323e+07
1.83224e-11 430225 3.6497e+07
1.8405e-11 425270 3.60668e+07
1.84878e-11 420374 3.56415e+07
1.85711e-11 415533 3.52212e+07
1.86547e-11 410747 3.48056e+07
1.87388e-11 406015 3.43949e+07
1.88232e-11 401338 3.39889e+07
1.89079e-11 396716 3.35875e+07
1.89931e-11 392146 3.31908e+07
1.90786e-11 387630 3.27987e+07
1.91646e-11 383165 3.2411e+07
1.92509e-11 378753 3.20279e+07
1.93376e-11 374390 3.16491e+07
1.94247e-11 370077 3.12747e+07
1.95121e-11 365813 3.09046e+07
1.96e-11 361599 3.05388e+07
1.96883e-11 357433 3.01772e+07
1.9777e-11 353315 2.98198e+07
1.9866e-11 349245 2.94665e+07
1.99555e-11 345222 2.91172e+07
2.00454e-11 341246 2.8772e+07
2.01357e-11 337315 2.84308e+07
2.02263e-11 333428 2.80935e+07
2.03174e-11 329586 2.776e+07
2.04089e-11 325788 2.74304e+07
2.05008e-11 322034 2.71047e+07
2.05932e-11 318324 2.67826e+07
2.06859e-11 314656 2.64643e+07
2.07791e-11 311031 2.61496e+07
2.08727e-11 307448 2.58386e+07
2.09667e-11 303906 2.55312e+07
2.10611e-11 300403 2.52273e+07
2.1156e-11 296941 2.49269e+07
2.12512e-11 293519 2.46299e+07
2.13469e-11 290137 2.43364e+07
2.14431e-11 286794 2.40463e+07
2.15397e-11 283489 2.37595e+07
2.16367e-11 280223 2.3476e+07
2.17341e-11 276994 2.31957e+07
2.1832e-11 273803 2.29188e+07
2.19303e-11 270647 2.2645e+07
2.20291e-11 267527 2.23743e+07
2.21283e-11 264444 2.21068e+07
2.2228e-11 261396 2.18423e+07
2.23281e-11 258384 2.15809e+07
2.24286e-11 255406 2.13226e+07
2.25296e-11 252463 2.10671e+07
2.26311e-11 249554 2.08147e+07
2.2733e-11 246679 2.05651e+07
2.28354e-11 243835 2.03185e+07
2.29383e-11 241024 2.00746e+07
2.30416e-11 238246 1.98336e+07
2.31453e-11 235500 1.95953e+07
2.32496e-11 232786 1.93598e+07
2.33543e-11 230103 1.91271e+07
2.34595e-11 227451 1.8897e+07
2.35651e-11 224830 1.86695e+07
2.36713e-11 222239 1.84447e+07
2.37779e-11 219678 1.82224e+07
2.3885e-11 217145 1.80028e+07
2.39925e-11 214642 1.77856e+07
2.41006e-11 212168 1.7571e+07
2.42091e-11 209722 1.73588e+07
2.43182e-11 207305 1.71491e+07
2.44277e-11 204915 1.69418e+07
2.45377e-11 202554 1.67369e+07
2.46482e-11 200219 1.65343e+07
2.47592e-11 197912 1.63341e+07
2.48707e-11 195631 1.61362e+07
2.49827e-11 193375 1.59405e+07
2.50952e-11 191146 1.57472e+07
2.52083e-11 188942 1.5556e+07
2.53218e-11 186764 1.53671e+07
2.54358e-11 184611 1.51803e+07
2.55504e-11 182483 1.49957e+07
2.56655e-11 180380 1.48132e+07
2.57811e-11 178301 1.46328e+07
2.58972e-11 176246 1.44545e+07
2.60138e-11 174214 1.42783e+07
2.6131e-11 172206 1.41041e+07
2.62486e-11 170220 1.39319e+07
2.63669e-11 168258 1.37617e+07
2.64856e-11 166318 1.35934e+07
2.66049e-11 164401 1.34271e+07
2.67247e-11 162506 1.32627e+07
2.68451e-11 160632 1.31002e+07
2.6966e-11 158781 1.29395e+07
2.70874e-11 156951 1.27808e+07
2.72094e-11 155142 1.26238e+07
2.7332e-11 153353 1.24687e+07
2.74551e-11 151585 1.23153e+07
2.75787e-11 149837 1.21637e+07
2.77029e-11 148109 1.20139e+07
2.78277e-11 146402 1.18658e+07
2.7953e-11 144714 1.17194e+07
2.80789e-11 143046 1.15747e+07
2.82054e-11 141397 1.14316e+07
2.83324e-11 139767 1.12902e+07
2.846e-11 138157 1.11505e+07
2.85882e-11 136564 1.10123e+07
2.87169e-11 134989 1.08757e+07
2.88462e-11 133432 1.07408e+07
2.89762e-11 131894 1.06073e+07
2.91067e-11 130373 1.04754e+07
2.92377e-11 128870 1.03451e+07
2.93694e-11 127384 1.02162e+07
2.95017e-11 125916 1.00888e+07
2.96346e-11 124465 9.96288e+06
2.9768e-11 123030 9.83842e+06
2.99021e-11 121612 9.71539e+06
3.00368e-11 120209 9.59377e+06
3.0172e-11 118823 9.47356e+06
3.03079e-11 117453 9.35474e+06
3.04444e-11 116099 9.23729e+06
3.05815e-11 114760 9.12119e+06
3.07193e-11 113437 9.00643e+06
3.08576e-11 112129 8.89299e+06
3.09966e-11 110837 8.78086e+06
3.11362e-11 109559 8.67003e+06
3.12764e-11 108296 8.56047e+06
3.14173e-11 107048 8.45217e+06
3.15588e-11 105813 8.34512e+06
3.17009e-11 104593 8.23931e+06
3.18437e-11 103387 8.13472e+06
3.19871e-11 102195 8.03133e+06
3.21312e-11 101017 7.92913e+06
3.22759e-11 99852.1 7.82812e+06
3.24212e-11 98700.9 7.72826e+06
3.25672e-11 97563 7.62956e+06
3.27139e-11 96438.4 7.532e+06
3.28612e-11 95326.7 7.43556e+06
3.30092e-11 94227.9 7.34024e+06
3.31579e-11 93141.3 7.24601e+06
3.33072e-11 92067.2 7.15287e+06
3.34573e-11 91005.5 7.0608e+06
3.36079e-11 89956.1 6.96979e+06
3.37593e-11 88918.9 6.87984e+06
3.39113e-11 87893.6 6.79092e+06
3.40641e-11 86880.3 6.70303e+06
3.42175e-11 85878.6 6.61614e+06
3.43716e-11 84888.6 6.53027e+06
3.45264e-11 83910.1 6.44538e+06
3.46819e-11 82942.9 6.36147e+06
3.48381e-11 81986.7 6.27852e+06
3.4995e-11 81041.1 6.19654e+06
3.51526e-11 80106.5 6.1155e+06
3.53109e-11 79182.7 6.03539e+06
3.54699e-11 78269.7 5.95621e+06
3.56297e-11 77367.2 5.87794e+06
3.57901e-11 76475.1 5.80057e+06
3.59513e-11 75593.4 5.7241e+06
3.61132e-11 74721.9 5.6485e+06
3.62759e-11 73860.5 5.57378e+06
3.64393e-11 73009.1 5.49992e+06
3.66034e-11 72167.5 5.42691e+06
3.67682e-11 71335.5 5.35474e+06
3.69338e-11 70512.8 5.28341e+06
3.71002e-11 69699.6 5.21289e+06
3.72672e-11 68895.8 5.1432e+06
3.74351e-11 68101.3 5.0743e+06
3.76037e-11 67316.1 5.0062e+06
3.7773e-11 66539.9 4.93888e+06
3.79432e-11 65772.7 4.87234e+06
3.8114e-11 65014.4 4.80657e+06
3.82857e-11 64264.9 4.74156e+06
3.84581e-11 63524.1 4.67729e+06
3.86313e-11 62791.8 4.61377e+06
3.88053e-11 62068 4.55097e+06
3.89801e-11 61352.1 4.48891e+06
3.91556e-11 60644.5 4.42755e+06
3.9332e-11 59945.2 4.36691e+06
3.95091e-11 59253.9 4.30696e+06
3.96871e-11 58570.6 4.24771e+06
3.98658e-11 57895.3 4.18914e+06
4.00453e-11 57227.8 4.13124e+06
4.02257e-11 56568 4.07402e+06
4.04069e-11 55915.8 4.01745e+06
4.05888e-11 55271.2 3.96153e+06
4.07716e-11 54634.1 3.90626e+06
4.09553e-11 54004.3 3.85163e+06
4.11397e-11 53381.6 3.79762e+06
4.1325e-11 52765.9 3.74424e+06
4.15111e-11 52157.3 3.69148e+06
4.16981e-11 51555.9 3.63932e+06
4.18859e-11 50961.3 3.58776e+06
4.20745e-11 50373.7 3.5368e+06
4.2264e-11 49792.9 3.48643e+06
4.24543e-11 49218.7 3.43664e+06
4.26455e-11 48651.3 3.38742e+06
4.28376e-11 48090.4 3.33877e+06
4.30305e-11 47536 3.29067e+06
4.32243e-11 46988.1 3.24314e+06
4.3419e-11 46446.4 3.19615e+06
4.36146e-11 45910.8 3.1497e+06
4.3811e-11 45381.3 3.10379e+06
4.40083e-11 44857.9 3.05841e+06
4.42065e-11 44340.6 3.01355e+06
4.44056e-11 43829.3 2.96921e+06
4.46056e-11 43323.9 2.92538e+06
4.48065e-11 42824.3 2.88206e+06
4.50083e-11 42330.5 2.83924e+06
4.5211e-11 41842.5 2.79691e+06
4.54146e-11 41360.1 2.75506e+06
4.56191e-11 40883.3 2.7137e+06
4.58246e-11 40412 2.67282e+06
4.6031e-11 39946.2 2.63241e+06
4.62383e-11 39485.6 2.59246e+06
4.64465e-11 39030.2 2.55298e+06
4.66557e-11 38580 2.51395e+06
4.68658e-11 38135.1 2.47537e+06
4.70769e-11 37695.3 2.43723e+06
4.72889e-11 37260.6 2.39954e+06
4.75019e-11 36831 2.36227e+06
4.77158e-11 36406.3 2.32544e+06
4.79307e-11 35986.6 2.28904e+06
4.81466e-11 35571.7 2.25305e+06
4.83634e-11 35161.6 2.21748e+06
4.85812e-11 34756.2 2.18232e+06
4.88e-11 34355.6 2.14756e+06
4.90198e-11 33959.6 2.11321e+06
4.92406e-11 33567.9 2.07925e+06
4.94623e-11 33180.8 2.04568e+06
4.96851e-11 32798.1 2.0125e+06
4.99089e-11 32419.8 1.9797e+06
5.01336e-11 32046 1.94728e+06
5.03594e-11 31676.4 1.91523e+06
5.05862e-11 31311.2 1.88356e+06
5.08141e-11 30950.1 1.85225e+06
5.10429e-11 30593.3 1.8213e+06
5.12728e-11 30240.6 1.7907e+06
5.15037e-11 29892 1.76046e+06
5.17357e-11 29547.4 1.73057e+06
5.19687e-11 29206.8 1.70102e+06
5.22027e-11 28870.1 1.67182e+06
5.24378e-11 28537.2 1.64295e+06
5.2674e-11 28208 1.61441e+06
5.29112e-11 27882.7 1.5862e+06
5.31495e-11 27561.1 1.55832e+06
5.33889e-11 27243.3 1.53076e+06
5.36293e-11 26929.1 1.50351e+06
5.38709e-11 26618.6 1.47658e+06
5.41135e-11 26311.7 1.44997e+06
5.43572e-11 26008.3 1.42365e+06
5.4602e-11 25708.4 1.39765e+06
5.48479e-11 25412.1 1.37194e+06
5.50949e-11 25119.1 1.34652e+06
5.53431e-11 24829.5 1.32141e+06
5.55923e-11 24543.3 1.29658e+06
5.58427e-11 24260.4 1.27203e+06
5.60942e-11 23980.6 1.24777e+06
5.63468e-11 23704 1.22379e+06
5.66006e-11 23430.6 1.20009e+06
5.68555e-11 23160.4 1.17666e+06
5.71116e-11 22893.3 1.1535e+06
5.73688e-11 22629.3 1.1306e+06
5.76272e-11 22368.4 1.10797e+06
5.78867e-11 22110.5 1.08561e+06
5.81474e-11 21855.5 1.0635e+06
5.84093e-11 21603.5 1.04164e+06
5.86723e-11 21354.5 1.02004e+06
5.89366e-11 21108.3 998682
5.9202e-11 20865 977574
5.94686e-11 20624.5 956709
5.97365e-11 20386.8 936084
6.00055e-11 20151.6 915697
6.02758e-11 19919.2 895546
6.05472e-11 19689.4 875627
6.08199e-11 19462.4 855937
6.10938e-11 19237.9 836475
6.1369e-11 19016.1 817237
6.16454e-11 18796.8 798221
6.1923e-11 18580 779424
6.22019e-11 18365.8 760844
6.2482e-11 18154.1 742478
6.27634e-11 17944.8 724324
6.30461e-11 17737.9 706379
6.333e-11 17533.4 688641
6.36152e-11 17331.3 671108
6.39017e-11 17131.6 653777
6.41895e-11 16934.1 636645
6.44786e-11 16738.7 619711
6.4769e-11 16545.7 602972
6.50607e-11 16354.8 586427
6.53537e-11 16166.2 570072
6.56481e-11 15979.8 553906
6.59437e-11 15795.5 537926
6.62407e-11 15613.4 522130
6.65391e-11 15433.3 506517
6.68387e-11 15255.4 491084
6.71398e-11 15079.5 475828
6.74421e-11 14905.6 460749
6.77459e-11 14733.8 445843
6.8051e-11 14564 431109
6.83575e-11 14396.1 416545
6.86653e-11 14230.2 402149
6.89746e-11 14066.1 387919
6.92852e-11 13903.9 373853
6.95973e-11 13743.5 359949
6.99107e-11 13585 346206
7.02256e-11 13428.3 332621
7.05418e-11 13273.5 319192
7.08595e-11 13120.4 305919
7.11787e-11 12969.1 292798
7.14992e-11 12819.5 279829
7.18212e-11 12671.7 267010
7.21447e-11 12525.6 254338
7.24696e-11 12381.2 241812
7.2796e-11 12238.5 229431
7.31239e-11 12097.4 217193
7.34532e-11 11958 205095
7.3784e-11 11820.1 193137
7.41163e-11 11683.9 181317
7.44501e-11 11549.2 169633
7.47854e-11 11416 158084
7.51222e-11 11284.3 146668
7.54605e-11 11154.1 135384
7.58004e-11 11025.5 124230
7.61418e-11 10898.4 113204
7.64847e-11 10772.7 102306
7.68292e-11 10648.4 91533.2
7.71752e-11 10525.7 80884.7
7.75228e-11 10404.3 70359.1
7.78719e-11 10284.3 59954.8
7.82226e-11 10165.8 49670.4
7.85749e-11 10048.6 39504.7
7.89288e-11 9932.75 29456.1
7.92842e-11 9818.25 19523.3
7.96413e-11 9705.08 9705.08
