1e-14 3.6559e-36 1.00285e-24
1.0045e-14 3.82101e-36 1.00285e-24
1.00903e-14 3.99338e-36 1.00285e-24
1.01357e-14 4.1733e-36 1.00285e-24
1.01814e-14 4.36101e-36 1.00285e-24
1.02272e-14 4.55706e-36 1.00285e-24
1.02733e-14 4.76156e-36 1.00285e-24
1.03196e-14 4.97499e-36 1.00285e-24
1.0366e-14 5.19782e-36 1.00285e-24
1.04127e-14 5.43025e-36 1.00285e-24
1.04596e-14 5.6729e-36 1.00285e-24
1.05067e-14 5.92607e-36 1.00285e-24
1.0554e-14 6.19021e-36 1.00285e-24
1.06016e-14 6.4658e-36 1.00285e-24
1.06493e-14 6.75334e-36 1.00285e-24
1.06973e-14 7.05332e-36 1.00285e-24
1.07455e-14 7.36624e-36 1.00285e-24
1.07938e-14 7.69254e-36 1.00285e-24
1.08425e-14 8.03312e-36 1.00285e-24
1.08913e-14 8.38819e-36 1.00285e-24
1.09403e-14 8.75853e-36 1.00285e-24
1.09896e-14 9.1448e-36 1.00285e-24
1.10391e-14 9.54765e-36 1.00285e-24
1.10888e-14 9.96764e-36 1.00285e-24
1.11388e-14 1.04057e-35 1.00285e-24
1.11889e-14 1.08624e-35 1.00285e-24
1.12393e-14 1.13386e-35 1.00285e-24
1.12899e-14 1.18351e-35 1.00285e-24
1.13408e-14 1.23527e-35 1.00285e-24
1.13919e-14 1.28923e-35 1.00285e-24
1.14432e-14 1.34547e-35 1.00285e-24
1.14947e-14 1.4041e-35 1.00285e-24
1.15465e-14 1.46522e-35 1.00285e-24
1.15985e-14 1.52892e-35 1.00285e-24
1.16507e-14 1.5953e-35 1.00285e-24
1.17032e-14 1.66449e-35 1.00285e-24
1.17559e-14 1.73658e-35 1.00285e-24
1.18088e-14 1.81171e-35 1.00285e-24
1.1862e-14 1.89e-35 1.00285e-24
1.19154e-14 1.97158e-35 1.00285e-24
1.19691e-14 2.05656e-35 1.00285e-24
1.2023e-14 2.1451e-35 1.00285e-24
1.20772e-14 2.23734e-35 1.00285e-24
1.21316e-14 2.33344e-35 1.00285e-24
1.21862e-14 2.43353e-35 1.00285e-24
1.22411e-14 2.5378e-35 1.00285e-24
1.22962e-14 2.64641e-35 1.00285e-24
1.23516e-14 2.75952e-35 1.00285e-24
1.24072e-14 2.87732e-35 1.00285e-24
1.24631e-14 3e-35 1.00285e-24
1.25192e-14 3.12774e-35 1.00285e-24
1.25756e-14 3.26078e-35 1.00285e-24
1.26322e-14 3.3993e-35 1.00285e-24
1.26891e-14 3.54353e-35 1.00285e-24
1.27463e-14 3.69368e-35 1.00285e-24
1.28037e-14 3.85001e-35 1.00285e-24
1.28613e-14 4.01277e-35 1.00285e-24
1.29193e-14 4.18218e-35 1.00285e-24
1.29775e-14 4.35853e-35 1.00285e-24
1.30359e-14 4.5421e-35 1.00285e-24
1.30946e-14 4.73315e-35 1.00285e-24
1.31536e-14 4.93199e-35 1.00285e-24
1.32128e-14 5.13894e-35 1.00285e-24
1.32723e-14 5.35429e-35 1.00285e-24
1.33321e-14 5.5784e-35 1.00285e-24
1.33922e-14 5.8116e-35 1.00285e-24
1.34525e-14 6.05424e-35 1.00285e-24
1.35131e-14 6.30669e-35 1.00285e-24
1.35739e-14 6.56934e-35 1.00285e-24
1.3635e-14 6.8426e-35 1.00285e-24
1.36965e-14 7.12686e-35 1.00285e-24
1.37581e-14 7.42256e-35 1.00285e-24
1.38201e-14 7.73015e-35 1.00285e-24
1.38823e-14 8.05007e-35 1.00285e-24
1.39449e-14 8.38282e-35 1.00285e-24
1.40077e-14 8.72889e-35 1.00285e-24
1.40708e-14 9.0888e-35 1.00285e-24
1.41341e-14 9.46307e-35 1.00285e-24
1.41978e-14 9.85225e-35 1.00285e-24
1.42617e-14 1.02569e-34 1.00285e-24
1.4326e-14 1.06777e-34 1.00285e-24
1.43905e-14 1.11152e-34 1.00285e-24
1.44553e-14 1.157e-34 1.00285e-24
1.45204e-14 1.20429e-34 1.00285e-24
1.45858e-14 1.25344e-34 1.00285e-24
1.46515e-14 1.30454e-34 1.00285e-24
1.47175e-14 1.35765e-34 1.00285e-24
1.47837e-14 1.41285e-34 1.00285e-24
1.48503e-14 1.47022e-34 1.00285e-24
1.49172e-14 1.52985e-34 1.00285e-24
1.49844e-14 1.59181e-34 1.00285e-24
1.50519e-14 1.65621e-34 1.00285e-24
1.51197e-14 1.72312e-34 1.00285e-24
1.51878e-14 1.79265e-34 1.00285e-24
1.52562e-14 1.86488e-34 1.00285e-24
1.53249e-14 1.93994e-34 1.00285e-24
1.53939e-14 2.01791e-34 1.00285e-24
1.54632e-14 2.09891e-34 1.00285e-24
1.55329e-14 2.18306e-34 1.00285e-24
1.56028e-14 2.27047e-34 1.00285e-24
1.56731e-14 2.36125e-34 1.00285e-24
1.57437e-14 2.45555e-34 1.00285e-24
1.58146e-14 2.55349e-34 1.00285e-24
1.58858e-14 2.65519e-34 1.00285e-24
1.59573e-14 2.76082e-34 1.00285e-24
1.60292e-14 2.8705e-34 1.00285e-24
1.61014e-14 2.98439e-34 1.00285e-24
1.61739e-14 3.10264e-34 1.00285e-24
1.62468e-14 3.22542e-34 1.00285e-24
1.63199e-14 3.35289e-34 1.00285e-24
1.63934e-14 3.48523e-34 1.00285e-24
1.64673e-14 3.62261e-34 1.00285e-24
1.65414e-14 3.76522e-34 1.00285e-24
1.66159e-14 3.91324e-34 1.00285e-24
1.66908e-14 4.06689e-34 1.00285e-24
1.67659e-14 4.22635e-34 1.00285e-24
1.68414e-14 4.39185e-34 1.00285e-24
1.69173e-14 4.56361e-34 1.00285e-24
1.69935e-14 4.74185e-34 1.00285e-24
1.707e-14 4.9268e-34 1.00285e-24
1.71469e-14 5.11871e-34 1.00285e-24
1.72241e-14 5.31783e-34 1.00285e-24
1.73017e-14 5.52443e-34 1.00285e-24
1.73796e-14 5.73877e-34 1.00285e-24
1.74579e-14 5.96112e-34 1.00285e-24
1.75365e-14 6.19179e-34 1.00285e-24
1.76155e-14 6.43106e-34 1.00285e-24
1.76948e-14 6.67924e-34 1.00285e-24
1.77745e-14 6.93666e-34 1.00285e-24
1.78546e-14 7.20364e-34 1.00285e-24
1.7935e-14 7.48053e-34 1.00285e-24
1.80158e-14 7.76767e-34 1.00285e-24
1.80969e-14 8.06543e-34 1.00285e-24
1.81784e-14 8.3742e-34 1.00285e-24
1.82603e-14 8.69435e-34 1.00285e-24
1.83425e-14 9.0263e-34 1.00285e-24
1.84251e-14 9.37045e-34 1.00285e-24
1.85081e-14 9.72724e-34 1.00285e-24
1.85914e-14 1.00971e-33 1.00285e-24
1.86752e-14 1.04805e-33 1.00285e-24
1.87593e-14 1.0878e-33 1.00285e-24
1.88438e-14 1.12899e-33 1.00285e-24
1.89286e-14 1.17169e-33 1.00285e-24
1.90139e-14 1.21594e-33 1.00285e-24
1.90995e-14 1.2618e-33 1.00285e-24
1.91855e-14 1.30933e-33 1.00285e-24
1.92719e-14 1.35858e-33 1.00285e-24
1.93587e-14 1.40961e-33 1.00285e-24
1.94459e-14 1.46248e-33 1.00285e-24
1.95335e-14 1.51727e-33 1.00285e-24
1.96215e-14 1.57403e-33 1.00285e-24
1.97098e-14 1.63283e-33 1.00285e-24
1.97986e-14 1.69374e-33 1.00285e-24
1.98878e-14 1.75684e-33 1.00285e-24
1.99774e-14 1.8222e-33 1.00285e-24
2.00673e-14 1.88989e-33 1.00285e-24
2.01577e-14 1.96001e-33 1.00285e-24
2.02485e-14 2.03262e-33 1.00285e-24
2.03397e-14 2.10782e-33 1.00285e-24
2.04313e-14 2.1857e-33 1.00285e-24
2.05233e-14 2.26634e-33 1.00285e-24
2.06157e-14 2.34984e-33 1.00285e-24
2.07086e-14 2.43629e-33 1.00285e-24
2.08018e-14 2.5258e-33 1.00285e-24
2.08955e-14 2.61847e-33 1.00285e-24
2.09896e-14 2.71441e-33 1.00285e-24
2.10842e-14 2.81372e-33 1.00285e-24
2.11791e-14 2.91652e-33 1.00285e-24
2.12745e-14 3.02293e-33 1.00285e-24
2.13703e-14 3.13306e-33 1.00285e-24
2.14666e-14 3.24705e-33 1.00285e-24
2.15632e-14 3.36502e-33 1.00285e-24
2.16604e-14 3.4871e-33 1.00285e-24
2.17579e-14 3.61343e-33 1.00285e-24
2.18559e-14 3.74416e-33 1.00285e-24
2.19543e-14 3.87942e-33 1.00285e-24
2.20532e-14 4.01937e-33 1.00285e-24
2.21525e-14 4.16416e-33 1.00285e-24
2.22523e-14 4.31395e-33 1.00285e-24
2.23525e-14 4.46892e-33 1.00285e-24
2.24532e-14 4.62922e-33 1.00285e-24
2.25543e-14 4.79503e-33 1.00285e-24
2.26559e-14 4.96654e-33 1.00285e-24
2.27579e-14 5.14393e-33 1.00285e-24
2.28604e-14 5.32739e-33 1.00285e-24
2.29634e-14 5.51712e-33 1.00285e-24
2.30668e-14 5.71333e-33 1.00285e-24
2.31707e-14 5.91623e-33 1.00285e-24
2.3275e-14 6.12603e-33 1.00285e-24
2.33799e-14 6.34295e-33 1.00285e-24
2.34852e-14 6.56723e-33 1.00285e-24
2.35909e-14 6.79911e-33 1.00285e-24
2.36972e-14 7.03883e-33 1.00285e-24
2.38039e-14 7.28664e-33 1.00285e-24
2.39111e-14 7.5428e-33 1.00285e-24
2.40188e-14 7.80759e-33 1.00285e-24
2.4127e-14 8.08127e-33 1.00285e-24
2.42356e-14 8.36413e-33 1.00285e-24
2.43448e-14 8.65647e-33 1.00285e-24
2.44544e-14 8.95858e-33 1.00285e-24
2.45646e-14 9.27078e-33 1.00285e-24
2.46752e-14 9.59339e-33 1.00285e-24
2.47863e-14 9.92674e-33 1.00285e-24
2.4898e-14 1.02712e-32 1.00285e-24
2.50101e-14 1.0627e-32 1.00285e-24
2.51227e-14 1.09946e-32 1.00285e-24
2.52359e-14 1.13744e-32 1.00285e-24
2.53495e-14 1.17668e-32 1.00285e-24
2.54637e-14 1.21721e-32 1.00285e-24
2.55784e-14 1.25907e-32 1.00285e-24
2.56936e-14 1.3023e-32 1.00285e-24
2.58093e-14 1.34696e-32 1.00285e-24
2.59255e-14 1.39308e-32 1.00285e-24
2.60423e-14 1.4407e-32 1.00285e-24
2.61596e-14 1.48988e-32 1.00285e-24
2.62774e-14 1.54067e-32 1.00285e-24
2.63957e-14 1.5931e-32 1.00285e-24
2.65146e-14 1.64724e-32 1.00285e-24
2.6634e-14 1.70314e-32 1.00285e-24
2.6754e-14 1.76085e-32 1.00285e-24
2.68745e-14 1.82042e-32 1.00285e-24
2.69955e-14 1.88192e-32 1.00285e-24
2.71171e-14 1.94539e-32 1.00285e-24
2.72392e-14 2.01091e-32 1.00285e-24
2.73619e-14 2.07854e-32 1.00285e-24
2.74851e-14 2.14833e-32 1.00285e-24
2.76089e-14 2.22036e-32 1.00285e-24
2.77332e-14 2.29469e-32 1.00285e-24
2.78581e-14 2.37139e-32 1.00285e-24
2.79836e-14 2.45054e-32 1.00285e-24
2.81096e-14 2.5322e-32 1.00285e-24
2.82362e-14 2.61646e-32 1.00285e-24
2.83634e-14 2.70338e-32 1.00285e-24
2.84912e-14 2.79306e-32 1.00285e-24
2.86195e-14 2.88557e-32 1.00285e-24
2.87484e-14 2.981e-32 1.00285e-24
2.88778e-14 3.07944e-32 1.00285e-24
2.90079e-14 3.18097e-32 1.00285e-24
2.91385e-14 3.28568e-32 1.00285e-24
2.92698e-14 3.39368e-32 1.00285e-24
2.94016e-14 3.50505e-32 1.00285e-24
2.9534e-14 3.6199e-32 1.00285e-24
2.9667e-14 3.73834e-32 1.00285e-24
2.98006e-14 3.86045e-32 1.00285e-24
2.99348e-14 3.98636e-32 1.00285e-24
3.00697e-14 4.11618e-32 1.00285e-24
3.02051e-14 4.25002e-32 1.00285e-24
3.03411e-14 4.38799e-32 1.00285e-24
3.04778e-14 4.53022e-32 1.00285e-24
3.0615e-14 4.67683e-32 1.00285e-24
3.07529e-14 4.82795e-32 1.00285e-24
3.08914e-14 4.98371e-32 1.00285e-24
3.10305e-14 5.14424e-32 1.00285e-24
3.11703e-14 5.30969e-32 1.00285e-24
3.13107e-14 5.48019e-32 1.00285e-24
3.14517e-14 5.65588e-32 1.00285e-24
3.15933e-14 5.83692e-32 1.00285e-24
3.17356e-14 6.02347e-32 1.00285e-24
3.18786e-14 6.21567e-32 1.00285e-24
3.20221e-14 6.41369e-32 1.00285e-24
3.21663e-14 6.61769e-32 1.00285e-24
3.23112e-14 6.82785e-32 1.00285e-24
3.24567e-14 7.04435e-32 1.00285e-24
3.26029e-14 7.26735e-32 1.00285e-24
3.27497e-14 7.49704e-32 1.00285e-24
3.28972e-14 7.73362e-32 1.00285e-24
3.30454e-14 7.97727e-32 1.00285e-24
3.31942e-14 8.22819e-32 1.00285e-24
3.33437e-14 8.4866e-32 1.00285e-24
3.34939e-14 8.75269e-32 1.00285e-24
3.36447e-14 9.02669e-32 1.00285e-24
3.37963e-14 9.30881e-32 1.00285e-24
3.39485e-14 9.59928e-32 1.00285e-24
3.41014e-14 9.89832e-32 1.00285e-24
3.42549e-14 1.02062e-31 1.00285e-24
3.44092e-14 1.05231e-31 1.00285e-24
3.45642e-14 1.08494e-31 1.00285e-24
3.47199e-14 1.11852e-31 1.00285e-24
3.48762e-14 1.15308e-31 1.00285e-24
3.50333e-14 1.18866e-31 1.00285e-24
3.51911e-14 1.22527e-31 1.00284e-24
3.53496e-14 1.26295e-31 1.00284e-24
3.55088e-14 1.30172e-31 1.00284e-24
3.56687e-14 1.34162e-31 1.00284e-24
3.58293e-14 1.38267e-31 1.00284e-24
3.59907e-14 1.42492e-31 1.00284e-24
3.61528e-14 1.46838e-31 1.00284e-24
3.63156e-14 1.51309e-31 1.00284e-24
3.64792e-14 1.55909e-31 1.00284e-24
3.66435e-14 1.6064e-31 1.00284e-24
3.68085e-14 1.65508e-31 1.00284e-24
3.69743e-14 1.70514e-31 1.00284e-24
3.71408e-14 1.75664e-31 1.00284e-24
3.73081e-14 1.8096e-31 1.00284e-24
3.74761e-14 1.86407e-31 1.00284e-24
3.76449e-14 1.92008e-31 1.00284e-24
3.78144e-14 1.97768e-31 1.00284e-24
3.79847e-14 2.03691e-31 1.00284e-24
3.81558e-14 2.09781e-31 1.00284e-24
3.83276e-14 2.16043e-31 1.00284e-24
3.85002e-14 2.22481e-31 1.00284e-24
3.86736e-14 2.29099e-31 1.00284e-24
3.88478e-14 2.35903e-31 1.00284e-24
3.90228e-14 2.42898e-31 1.00284e-24
3.91985e-14 2.50087e-31 1.00284e-24
3.93751e-14 2.57477e-31 1.00284e-24
3.95524e-14 2.65072e-31 1.00284e-24
3.97305e-14 2.72878e-31 1.00284e-24
3.99095e-14 2.80901e-31 1.00284e-24
4.00892e-14 2.89145e-31 1.00284e-24
4.02698e-14 2.97616e-31 1.00284e-24
4.04511e-14 3.06321e-31 1.00284e-24
4.06333e-14 3.15266e-31 1.00284e-24
4.08163e-14 3.24456e-31 1.00284e-24
4.10001e-14 3.33897e-31 1.00284e-24
4.11848e-14 3.43597e-31 1.00284e-24
4.13703e-14 3.53561e-31 1.00284e-24
4.15566e-14 3.63796e-31 1.00284e-24
4.17437e-14 3.7431e-31 1.00284e-24
4.19317e-14 3.85109e-31 1.00284e-24
4.21206e-14 3.962e-31 1.00284e-24
4.23103e-14 4.07591e-31 1.00284e-24
4.25008e-14 4.1929e-31 1.00283e-24
4.26922e-14 4.31303e-31 1.00283e-24
4.28845e-14 4.43638e-31 1.00283e-24
4.30777e-14 4.56305e-31 1.00283e-24
4.32717e-14 4.6931e-31 1.00283e-24
4.34666e-14 4.82663e-31 1.00283e-24
4.36623e-14 4.96372e-31 1.00283e-24
4.3859e-14 5.10445e-31 1.00283e-24
4.40565e-14 5.24892e-31 1.00283e-24
4.42549e-14 5.39721e-31 1.00283e-24
4.44542e-14 5.54943e-31 1.00283e-24
4.46544e-14 5.70567e-31 1.00283e-24
4.48555e-14 5.86602e-31 1.00283e-24
4.50575e-14 6.03059e-31 1.00283e-24
4.52605e-14 6.19947e-31 1.00283e-24
4.54643e-14 6.37277e-31 1.00283e-24
4.56691e-14 6.55061e-31 1.00283e-24
4.58748e-14 6.73308e-31 1.00283e-24
4.60814e-14 6.9203e-31 1.00283e-24
4.62889e-14 7.11238e-31 1.00282e-24
4.64974e-14 7.30944e-31 1.00282e-24
4.67068e-14 7.5116e-31 1.00282e-24
4.69171e-14 7.71897e-31 1.00282e-24
4.71284e-14 7.93169e-31 1.00282e-24
4.73407e-14 8.14988e-31 1.00282e-24
4.75539e-14 8.37367e-31 1.00282e-24
4.77681e-14 8.60319e-31 1.00282e-24
4.79832e-14 8.83857e-31 1.00282e-24
4.81993e-14 9.07995e-31 1.00282e-24
4.84164e-14 9.32748e-31 1.00282e-24
4.86344e-14 9.58129e-31 1.00282e-24
4.88535e-14 9.84153e-31 1.00281e-24
4.90735e-14 1.01084e-30 1.00281e-24
4.92945e-14 1.03819e-30 1.00281e-24
4.95165e-14 1.06624e-30 1.00281e-24
4.97395e-14 1.09499e-30 1.00281e-24
4.99635e-14 1.12446e-30 1.00281e-24
5.01886e-14 1.15467e-30 1.00281e-24
5.04146e-14 1.18563e-30 1.00281e-24
5.06416e-14 1.21737e-30 1.00281e-24
5.08697e-14 1.24989e-30 1.0028e-24
5.10988e-14 1.28322e-30 1.0028e-24
5.13289e-14 1.31738e-30 1.0028e-24
5.15601e-14 1.35238e-30 1.0028e-24
5.17923e-14 1.38824e-30 1.0028e-24
5.20256e-14 1.42499e-30 1.0028e-24
5.22599e-14 1.46264e-30 1.0028e-24
5.24953e-14 1.50121e-30 1.0028e-24
5.27317e-14 1.54073e-30 1.00279e-24
5.29692e-14 1.58121e-30 1.00279e-24
5.32077e-14 1.62267e-30 1.00279e-24
5.34474e-14 1.66514e-30 1.00279e-24
5.36881e-14 1.70865e-30 1.00279e-24
5.39299e-14 1.7532e-30 1.00279e-24
5.41728e-14 1.79883e-30 1.00278e-24
5.44167e-14 1.84556e-30 1.00278e-24
5.46618e-14 1.89341e-30 1.00278e-24
5.4908e-14 1.94241e-30 1.00278e-24
5.51553e-14 1.99258e-30 1.00278e-24
5.54037e-14 2.04395e-30 1.00277e-24
5.56532e-14 2.09655e-30 1.00277e-24
5.59039e-14 2.15039e-30 1.00277e-24
5.61556e-14 2.20551e-30 1.00277e-24
5.64085e-14 2.26194e-30 1.00277e-24
5.66626e-14 2.3197e-30 1.00276e-24
5.69178e-14 2.37882e-30 1.00276e-24
5.71741e-14 2.43933e-30 1.00276e-24
5.74316e-14 2.50126e-30 1.00276e-24
5.76903e-14 2.56464e-30 1.00275e-24
5.79501e-14 2.62949e-30 1.00275e-24
5.82111e-14 2.69586e-30 1.00275e-24
5.84732e-14 2.76378e-30 1.00275e-24
5.87366e-14 2.83326e-30 1.00274e-24
5.90011e-14 2.90436e-30 1.00274e-24
5.92668e-14 2.9771e-30 1.00274e-24
5.95338e-14 3.05151e-30 1.00273e-24
5.98019e-14 3.12764e-30 1.00273e-24
6.00712e-14 3.20551e-30 1.00273e-24
6.03418e-14 3.28516e-30 1.00273e-24
6.06135e-14 3.36663e-30 1.00272e-24
6.08865e-14 3.44996e-30 1.00272e-24
6.11607e-14 3.53518e-30 1.00272e-24
6.14362e-14 3.62233e-30 1.00271e-24
6.17129e-14 3.71145e-30 1.00271e-24
6.19908e-14 3.80259e-30 1.0027e-24
6.227e-14 3.89577e-30 1.0027e-24
6.25504e-14 3.99105e-30 1.0027e-24
6.28321e-14 4.08847e-30 1.00269e-24
6.31151e-14 4.18806e-30 1.00269e-24
6.33994e-14 4.28988e-30 1.00268e-24
6.36849e-14 4.39396e-30 1.00268e-24
6.39717e-14 4.50035e-30 1.00268e-24
6.42598e-14 4.6091e-30 1.00267e-24
6.45492e-14 4.72025e-30 1.00267e-24
6.484e-14 4.83385e-30 1.00266e-24
6.5132e-14 4.94995e-30 1.00266e-24
6.54253e-14 5.0686e-30 1.00265e-24
6.572e-14 5.18984e-30 1.00265e-24
6.6016e-14 5.31373e-30 1.00264e-24
6.63133e-14 5.44032e-30 1.00264e-24
6.66119e-14 5.56966e-30 1.00263e-24
6.69119e-14 5.70181e-30 1.00263e-24
6.72133e-14 5.83681e-30 1.00262e-24
6.7516e-14 5.97472e-30 1.00261e-24
6.78201e-14 6.1156e-30 1.00261e-24
6.81255e-14 6.25951e-30 1.0026e-24
6.84323e-14 6.4065e-30 1.0026e-24
6.87405e-14 6.55663e-30 1.00259e-24
6.90501e-14 6.70996e-30 1.00258e-24
6.93611e-14 6.86655e-30 1.00258e-24
6.96735e-14 7.02646e-30 1.00257e-24
6.99873e-14 7.18975e-30 1.00256e-24
7.03025e-14 7.35648e-30 1.00255e-24
7.06191e-14 7.52673e-30 1.00255e-24
7.09371e-14 7.70055e-30 1.00254e-24
7.12566e-14 7.87802e-30 1.00253e-24
7.15775e-14 8.05919e-30 1.00252e-24
7.18999e-14 8.24413e-30 1.00252e-24
7.22237e-14 8.43292e-30 1.00251e-24
7.2549e-14 8.62563e-30 1.0025e-24
7.28757e-14 8.82232e-30 1.00249e-24
7.32039e-14 9.02306e-30 1.00248e-24
7.35336e-14 9.22794e-30 1.00247e-24
7.38648e-14 9.43703e-30 1.00246e-24
7.41975e-14 9.65039e-30 1.00245e-24
7.45316e-14 9.86811e-30 1.00244e-24
7.48673e-14 1.00903e-29 1.00243e-24
7.52045e-14 1.03169e-29 1.00242e-24
7.55432e-14 1.05482e-29 1.00241e-24
7.58834e-14 1.07841e-29 1.0024e-24
7.62252e-14 1.10248e-29 1.00239e-24
7.65685e-14 1.12704e-29 1.00238e-24
7.69133e-14 1.15208e-29 1.00237e-24
7.72597e-14 1.17763e-29 1.00236e-24
7.76076e-14 1.20368e-29 1.00235e-24
7.79572e-14 1.23026e-29 1.00234e-24
7.83083e-14 1.25736e-29 1.00232e-24
7.86609e-14 1.285e-29 1.00231e-24
7.90152e-14 1.31318e-29 1.0023e-24
7.93711e-14 1.34192e-29 1.00228e-24
7.97285e-14 1.37122e-29 1.00227e-24
8.00876e-14 1.4011e-29 1.00226e-24
8.04483e-14 1.43156e-29 1.00224e-24
8.08106e-14 1.46261e-29 1.00223e-24
8.11746e-14 1.49427e-29 1.00221e-24
8.15402e-14 1.52654e-29 1.0022e-24
8.19074e-14 1.55943e-29 1.00218e-24
8.22763e-14 1.59296e-29 1.00217e-24
8.26468e-14 1.62713e-29 1.00215e-24
8.3019e-14 1.66196e-29 1.00214e-24
8.33929e-14 1.69745e-29 1.00212e-24
8.37685e-14 1.73362e-29 1.0021e-24
8.41458e-14 1.77047e-29 1.00209e-24
8.45247e-14 1.80803e-29 1.00207e-24
8.49054e-14 1.84629e-29 1.00205e-24
8.52878e-14 1.88527e-29 1.00203e-24
8.56719e-14 1.92499e-29 1.00201e-24
8.60578e-14 1.96545e-29 1.00199e-24
8.64453e-14 2.00667e-29 1.00197e-24
8.68347e-14 2.04866e-29 1.00195e-24
8.72257e-14 2.09142e-29 1.00193e-24
8.76186e-14 2.13498e-29 1.00191e-24
8.80132e-14 2.17934e-29 1.00189e-24
8.84096e-14 2.22453e-29 1.00187e-24
8.88077e-14 2.27054e-29 1.00185e-24
8.92077e-14 2.31739e-29 1.00182e-24
8.96095e-14 2.3651e-29 1.0018e-24
9.00131e-14 2.41368e-29 1.00178e-24
9.04184e-14 2.46314e-29 1.00175e-24
9.08257e-14 2.5135e-29 1.00173e-24
9.12347e-14 2.56476e-29 1.0017e-24
9.16456e-14 2.61695e-29 1.00168e-24
9.20584e-14 2.67008e-29 1.00165e-24
9.2473e-14 2.72416e-29 1.00162e-24
9.28894e-14 2.7792e-29 1.0016e-24
9.33078e-14 2.83522e-29 1.00157e-24
9.3728e-14 2.89224e-29 1.00154e-24
9.41501e-14 2.95026e-29 1.00151e-24
9.45742e-14 3.00931e-29 1.00148e-24
9.50001e-14 3.0694e-29 1.00145e-24
9.54279e-14 3.13054e-29 1.00142e-24
9.58577e-14 3.19275e-29 1.00139e-24
9.62894e-14 3.25604e-29 1.00136e-24
9.67231e-14 3.32043e-29 1.00133e-24
9.71587e-14 3.38594e-29 1.00129e-24
9.75963e-14 3.45258e-29 1.00126e-24
9.80358e-14 3.52036e-29 1.00122e-24
9.84774e-14 3.58931e-29 1.00119e-24
9.89209e-14 3.65944e-29 1.00115e-24
9.93664e-14 3.73076e-29 1.00112e-24
9.98139e-14 3.8033e-29 1.00108e-24
1.00263e-13 3.87707e-29 1.00104e-24
1.00715e-13 3.95208e-29 1.001e-24
1.01169e-13 4.02836e-29 1.00096e-24
1.01624e-13 4.10592e-29 1.00092e-24
1.02082e-13 4.18478e-29 1.00088e-24
1.02542e-13 4.26495e-29 1.00084e-24
1.03003e-13 4.34645e-29 1.0008e-24
1.03467e-13 4.42931e-29 1.00075e-24
1.03933e-13 4.51354e-29 1.00071e-24
1.04401e-13 4.59915e-29 1.00066e-24
1.04872e-13 4.68618e-29 1.00062e-24
1.05344e-13 4.77462e-29 1.00057e-24
1.05818e-13 4.86451e-29 1.00052e-24
1.06295e-13 4.95586e-29 1.00048e-24
1.06774e-13 5.04869e-29 1.00043e-24
1.07255e-13 5.14302e-29 1.00038e-24
1.07738e-13 5.23888e-29 1.00032e-24
1.08223e-13 5.33627e-29 1.00027e-24
1.0871e-13 5.43521e-29 1.00022e-24
1.092e-13 5.53574e-29 1.00016e-24
1.09692e-13 5.63786e-29 1.00011e-24
1.10186e-13 5.7416e-29 1.00005e-24
1.10682e-13 5.84698e-29 9.99995e-25
1.1118e-13 5.95402e-29 9.99936e-25
1.11681e-13 6.06274e-29 9.99877e-25
1.12184e-13 6.17315e-29 9.99816e-25
1.12689e-13 6.28529e-29 9.99754e-25
1.13197e-13 6.39916e-29 9.99692e-25
1.13707e-13 6.5148e-29 9.99628e-25
1.14219e-13 6.63222e-29 9.99562e-25
1.14733e-13 6.75144e-29 9.99496e-25
1.1525e-13 6.87249e-29 9.99429e-25
1.15769e-13 6.99539e-29 9.9936e-25
1.1629e-13 7.12015e-29 9.9929e-25
1.16814e-13 7.2468e-29 9.99219e-25
1.1734e-13 7.37537e-29 9.99146e-25
1.17869e-13 7.50587e-29 9.99073e-25
1.18399e-13 7.63833e-29 9.98997e-25
1.18933e-13 7.77277e-29 9.98921e-25
1.19468e-13 7.9092e-29 9.98843e-25
1.20006e-13 8.04766e-29 9.98764e-25
1.20547e-13 8.18817e-29 9.98684e-25
1.2109e-13 8.33075e-29 9.98602e-25
1.21635e-13 8.47541e-29 9.98519e-25
1.22183e-13 8.6222e-29 9.98434e-25
1.22733e-13 8.77112e-29 9.98348e-25
1.23286e-13 8.9222e-29 9.9826e-25
1.23841e-13 9.07546e-29 9.98171e-25
1.24399e-13 9.23094e-29 9.9808e-25
1.24959e-13 9.38864e-29 9.97988e-25
1.25522e-13 9.5486e-29 9.97894e-25
1.26087e-13 9.71084e-29 9.97798e-25
1.26655e-13 9.87538e-29 9.97701e-25
1.27226e-13 1.00422e-28 9.97602e-25
1.27799e-13 1.02115e-28 9.97502e-25
1.28374e-13 1.03831e-28 9.974e-25
1.28952e-13 1.0557e-28 9.97296e-25
1.29533e-13 1.07335e-28 9.9719e-25
1.30116e-13 1.09123e-28 9.97083e-25
1.30702e-13 1.10936e-28 9.96974e-25
1.31291e-13 1.12775e-28 9.96863e-25
1.31882e-13 1.14638e-28 9.9675e-25
1.32476e-13 1.16527e-28 9.96636e-25
1.33073e-13 1.18442e-28 9.96519e-25
1.33672e-13 1.20382e-28 9.96401e-25
1.34274e-13 1.22349e-28 9.9628e-25
1.34879e-13 1.24342e-28 9.96158e-25
1.35487e-13 1.26362e-28 9.96034e-25
1.36097e-13 1.28409e-28 9.95907e-25
1.3671e-13 1.30483e-28 9.95779e-25
1.37325e-13 1.32584e-28 9.95648e-25
1.37944e-13 1.34713e-28 9.95516e-25
1.38565e-13 1.3687e-28 9.95381e-25
1.39189e-13 1.39055e-28 9.95244e-25
1.39816e-13 1.41269e-28 9.95105e-25
1.40446e-13 1.43511e-28 9.94964e-25
1.41078e-13 1.45783e-28 9.9482e-25
1.41714e-13 1.48083e-28 9.94675e-25
1.42352e-13 1.50413e-28 9.94526e-25
1.42993e-13 1.52772e-28 9.94376e-25
1.43637e-13 1.55162e-28 9.94223e-25
1.44284e-13 1.57581e-28 9.94068e-25
1.44934e-13 1.60032e-28 9.93911e-25
1.45586e-13 1.62512e-28 9.93751e-25
1.46242e-13 1.65024e-28 9.93588e-25
1.46901e-13 1.67567e-28 9.93423e-25
1.47562e-13 1.70141e-28 9.93255e-25
1.48227e-13 1.72747e-28 9.93085e-25
1.48894e-13 1.75385e-28 9.92913e-25
1.49565e-13 1.78055e-28 9.92737e-25
1.50239e-13 1.80758e-28 9.92559e-25
1.50915e-13 1.83493e-28 9.92378e-25
1.51595e-13 1.86261e-28 9.92195e-25
1.52278e-13 1.89063e-28 9.92009e-25
1.52963e-13 1.91897e-28 9.9182e-25
1.53652e-13 1.94766e-28 9.91628e-25
1.54344e-13 1.97668e-28 9.91433e-25
1.5504e-13 2.00605e-28 9.91235e-25
1.55738e-13 2.03575e-28 9.91035e-25
1.56439e-13 2.06581e-28 9.90831e-25
1.57144e-13 2.09621e-28 9.90624e-25
1.57851e-13 2.12697e-28 9.90415e-25
1.58562e-13 2.15807e-28 9.90202e-25
1.59277e-13 2.18954e-28 9.89986e-25
1.59994e-13 2.22136e-28 9.89767e-25
1.60714e-13 2.25354e-28 9.89545e-25
1.61438e-13 2.28608e-28 9.8932e-25
1.62165e-13 2.31899e-28 9.89091e-25
1.62896e-13 2.35227e-28 9.88859e-25
1.63629e-13 2.38592e-28 9.88624e-25
1.64366e-13 2.41994e-28 9.88386e-25
1.65106e-13 2.45433e-28 9.88144e-25
1.6585e-13 2.4891e-28 9.87898e-25
1.66597e-13 2.52425e-28 9.87649e-25
1.67347e-13 2.55978e-28 9.87397e-25
1.68101e-13 2.59569e-28 9.87141e-25
1.68858e-13 2.63198e-28 9.86881e-25
1.69619e-13 2.66867e-28 9.86618e-25
1.70382e-13 2.70574e-28 9.86351e-25
1.7115e-13 2.7432e-28 9.86081e-25
1.71921e-13 2.78106e-28 9.85806e-25
1.72695e-13 2.81931e-28 9.85528e-25
1.73473e-13 2.85797e-28 9.85246e-25
1.74254e-13 2.89702e-28 9.8496e-25
1.75039e-13 2.93647e-28 9.84671e-25
1.75827e-13 2.97632e-28 9.84377e-25
1.76619e-13 3.01658e-28 9.84079e-25
1.77414e-13 3.05725e-28 9.83778e-25
1.78213e-13 3.09833e-28 9.83472e-25
1.79016e-13 3.13981e-28 9.83162e-25
1.79822e-13 3.18171e-28 9.82848e-25
1.80632e-13 3.22403e-28 9.8253e-25
1.81446e-13 3.26676e-28 9.82208e-25
1.82263e-13 3.30991e-28 9.81881e-25
1.83084e-13 3.35347e-28 9.8155e-25
1.83908e-13 3.39746e-28 9.81215e-25
1.84736e-13 3.44187e-28 9.80875e-25
1.85568e-13 3.48671e-28 9.80531e-25
1.86404e-13 3.53197e-28 9.80182e-25
1.87244e-13 3.57766e-28 9.79829e-25
1.88087e-13 3.62378e-28 9.79471e-25
1.88934e-13 3.67033e-28 9.79109e-25
1.89785e-13 3.71731e-28 9.78742e-25
1.9064e-13 3.76472e-28 9.7837e-25
1.91498e-13 3.81257e-28 9.77993e-25
1.92361e-13 3.86085e-28 9.77612e-25
1.93227e-13 3.90957e-28 9.77226e-25
1.94097e-13 3.95873e-28 9.76835e-25
1.94972e-13 4.00833e-28 9.76439e-25
1.9585e-13 4.05836e-28 9.76038e-25
1.96732e-13 4.10884e-28 9.75633e-25
1.97618e-13 4.15976e-28 9.75222e-25
1.98508e-13 4.21113e-28 9.74806e-25
1.99402e-13 4.26294e-28 9.74385e-25
2.003e-13 4.31519e-28 9.73958e-25
2.01202e-13 4.36789e-28 9.73527e-25
2.02108e-13 4.42104e-28 9.7309e-25
2.03018e-13 4.47463e-28 9.72648e-25
2.03933e-13 4.52868e-28 9.722e-25
2.04851e-13 4.58317e-28 9.71748e-25
2.05774e-13 4.63811e-28 9.71289e-25
2.067e-13 4.6935e-28 9.70825e-25
2.07631e-13 4.74934e-28 9.70356e-25
2.08566e-13 4.80564e-28 9.69881e-25
2.09506e-13 4.86238e-28 9.69401e-25
2.10449e-13 4.91958e-28 9.68914e-25
2.11397e-13 4.97722e-28 9.68422e-25
2.12349e-13 5.03533e-28 9.67925e-25
2.13306e-13 5.09388e-28 9.67421e-25
2.14266e-13 5.15288e-28 9.66912e-25
2.15231e-13 5.21234e-28 9.66397e-25
2.16201e-13 5.27225e-28 9.65875e-25
2.17174e-13 5.33262e-28 9.65348e-25
2.18152e-13 5.39344e-28 9.64815e-25
2.19135e-13 5.4547e-28 9.64275e-25
2.20122e-13 5.51643e-28 9.6373e-25
2.21113e-13 5.5786e-28 9.63178e-25
2.22109e-13 5.64122e-28 9.6262e-25
2.23109e-13 5.7043e-28 9.62056e-25
2.24114e-13 5.76783e-28 9.61486e-25
2.25123e-13 5.8318e-28 9.60909e-25
2.26137e-13 5.89623e-28 9.60326e-25
2.27156e-13 5.9611e-28 9.59736e-25
2.28179e-13 6.02643e-28 9.5914e-25
2.29206e-13 6.0922e-28 9.58538e-25
2.30239e-13 6.15842e-28 9.57928e-25
2.31276e-13 6.22508e-28 9.57313e-25
2.32317e-13 6.29219e-28 9.5669e-25
2.33364e-13 6.35974e-28 9.56061e-25
2.34415e-13 6.42774e-28 9.55425e-25
2.3547e-13 6.49617e-28 9.54782e-25
2.36531e-13 6.56505e-28 9.54132e-25
2.37596e-13 6.63436e-28 9.53476e-25
2.38666e-13 6.70412e-28 9.52812e-25
2.39741e-13 6.77431e-28 9.52142e-25
2.40821e-13 6.84493e-28 9.51465e-25
2.41905e-13 6.91599e-28 9.5078e-25
2.42995e-13 6.98747e-28 9.50089e-25
2.44089e-13 7.05939e-28 9.4939e-25
2.45188e-13 7.13174e-28 9.48684e-25
2.46293e-13 7.20451e-28 9.47971e-25
2.47402e-13 7.27771e-28 9.4725e-25
2.48516e-13 7.35132e-28 9.46522e-25
2.49635e-13 7.42536e-28 9.45787e-25
2.5076e-13 7.49982e-28 9.45045e-25
2.51889e-13 7.57469e-28 9.44295e-25
2.53023e-13 7.64997e-28 9.43537e-25
2.54163e-13 7.72567e-28 9.42772e-25
2.55308e-13 7.80178e-28 9.42e-25
2.56458e-13 7.87829e-28 9.4122e-25
2.57613e-13 7.9552e-28 9.40432e-25
2.58773e-13 8.03252e-28 9.39636e-25
2.59938e-13 8.11023e-28 9.38833e-25
2.61109e-13 8.18834e-28 9.38022e-25
2.62285e-13 8.26684e-28 9.37203e-25
2.63466e-13 8.34573e-28 9.36376e-25
2.64653e-13 8.42501e-28 9.35542e-25
2.65845e-13 8.50467e-28 9.34699e-25
2.67042e-13 8.58471e-28 9.33849e-25
2.68245e-13 8.66513e-28 9.3299e-25
2.69453e-13 8.74592e-28 9.32124e-25
2.70666e-13 8.82708e-28 9.31249e-25
2.71885e-13 8.90861e-28 9.30367e-25
2.7311e-13 8.9905e-28 9.29476e-25
2.7434e-13 9.07275e-28 9.28577e-25
2.75575e-13 9.15535e-28 9.27669e-25
2.76816e-13 9.23831e-28 9.26754e-25
2.78063e-13 9.32162e-28 9.2583e-25
2.79315e-13 9.40527e-28 9.24898e-25
2.80573e-13 9.48926e-28 9.23957e-25
2.81837e-13 9.57359e-28 9.23008e-25
2.83106e-13 9.65825e-28 9.22051e-25
2.84381e-13 9.74324e-28 9.21085e-25
2.85662e-13 9.82855e-28 9.20111e-25
2.86949e-13 9.91418e-28 9.19128e-25
2.88241e-13 1.00001e-27 9.18137e-25
2.89539e-13 1.00864e-27 9.17137e-25
2.90843e-13 1.01729e-27 9.16128e-25
2.92153e-13 1.02598e-27 9.15111e-25
2.93469e-13 1.0347e-27 9.14085e-25
2.9479e-13 1.04344e-27 9.1305e-25
2.96118e-13 1.05221e-27 9.12007e-25
2.97452e-13 1.06102e-27 9.10954e-25
2.98791e-13 1.06984e-27 9.09893e-25
3.00137e-13 1.0787e-27 9.08824e-25
3.01489e-13 1.08758e-27 9.07745e-25
3.02847e-13 1.09649e-27 9.06657e-25
3.0421e-13 1.10543e-27 9.05561e-25
3.05581e-13 1.11439e-27 9.04455e-25
3.06957e-13 1.12337e-27 9.03341e-25
3.08339e-13 1.13238e-27 9.02218e-25
3.09728e-13 1.14141e-27 9.01085e-25
3.11123e-13 1.15046e-27 8.99944e-25
3.12524e-13 1.15954e-27 8.98793e-25
3.13932e-13 1.16864e-27 8.97634e-25
3.15345e-13 1.17776e-27 8.96465e-25
3.16766e-13 1.1869e-27 8.95287e-25
3.18192e-13 1.19606e-27 8.94101e-25
3.19625e-13 1.20523e-27 8.92904e-25
3.21065e-13 1.21443e-27 8.91699e-25
3.22511e-13 1.22365e-27 8.90485e-25
3.23963e-13 1.23288e-27 8.89261e-25
3.25422e-13 1.24213e-27 8.88028e-25
3.26888e-13 1.25139e-27 8.86786e-25
3.2836e-13 1.26067e-27 8.85535e-25
3.29839e-13 1.26997e-27 8.84274e-25
3.31324e-13 1.27928e-27 8.83004e-25
3.32817e-13 1.2886e-27 8.81725e-25
3.34316e-13 1.29794e-27 8.80436e-25
3.35821e-13 1.30729e-27 8.79138e-25
3.37334e-13 1.31665e-27 8.77831e-25
3.38853e-13 1.32602e-27 8.76514e-25
3.40379e-13 1.3354e-27 8.75188e-25
3.41912e-13 1.34478e-27 8.73853e-25
3.43452e-13 1.35418e-27 8.72508e-25
3.44999e-13 1.36359e-27 8.71154e-25
3.46552e-13 1.373e-27 8.6979e-25
3.48113e-13 1.38242e-27 8.68417e-25
3.49681e-13 1.39185e-27 8.67035e-25
3.51256e-13 1.40128e-27 8.65643e-25
3.52838e-13 1.41071e-27 8.64242e-25
3.54427e-13 1.42015e-27 8.62831e-25
3.56023e-13 1.42959e-27 8.61411e-25
3.57627e-13 1.43904e-27 8.59981e-25
3.59237e-13 1.44848e-27 8.58542e-25
3.60855e-13 1.45792e-27 8.57094e-25
3.6248e-13 1.46737e-27 8.55636e-25
3.64113e-13 1.47681e-27 8.54169e-25
3.65753e-13 1.48626e-27 8.52692e-25
3.674e-13 1.49569e-27 8.51206e-25
3.69055e-13 1.50513e-27 8.4971e-25
3.70717e-13 1.51456e-27 8.48205e-25
3.72386e-13 1.52399e-27 8.4669e-25
3.74063e-13 1.53341e-27 8.45166e-25
3.75748e-13 1.54283e-27 8.43633e-25
3.7744e-13 1.55223e-27 8.4209e-25
3.7914e-13 1.56163e-27 8.40538e-25
3.80848e-13 1.57102e-27 8.38976e-25
3.82563e-13 1.58041e-27 8.37405e-25
3.84286e-13 1.58978e-27 8.35825e-25
3.86017e-13 1.59914e-27 8.34235e-25
3.87755e-13 1.60848e-27 8.32636e-25
3.89502e-13 1.61782e-27 8.31027e-25
3.91256e-13 1.62714e-27 8.29409e-25
3.93018e-13 1.63644e-27 8.27782e-25
3.94788e-13 1.64573e-27 8.26146e-25
3.96566e-13 1.65501e-27 8.245e-25
3.98352e-13 1.66426e-27 8.22845e-25
4.00146e-13 1.6735e-27 8.21181e-25
4.01948e-13 1.68272e-27 8.19507e-25
4.03758e-13 1.69192e-27 8.17825e-25
4.05577e-13 1.7011e-27 8.16133e-25
4.07403e-13 1.71026e-27 8.14432e-25
4.09238e-13 1.7194e-27 8.12721e-25
4.11081e-13 1.72851e-27 8.11002e-25
4.12933e-13 1.7376e-27 8.09273e-25
4.14792e-13 1.74667e-27 8.07536e-25
4.16661e-13 1.75571e-27 8.05789e-25
4.18537e-13 1.76472e-27 8.04033e-25
4.20422e-13 1.77371e-27 8.02269e-25
4.22315e-13 1.78267e-27 8.00495e-25
4.24217e-13 1.7916e-27 7.98712e-25
4.26128e-13 1.8005e-27 7.96921e-25
4.28047e-13 1.80937e-27 7.9512e-25
4.29975e-13 1.8182e-27 7.93311e-25
4.31911e-13 1.82701e-27 7.91493e-25
4.33857e-13 1.83578e-27 7.89666e-25
4.35811e-13 1.84452e-27 7.8783e-25
4.37773e-13 1.85322e-27 7.85985e-25
4.39745e-13 1.86189e-27 7.84132e-25
4.41725e-13 1.87053e-27 7.8227e-25
4.43715e-13 1.87912e-27 7.804e-25
4.45713e-13 1.88768e-27 7.78521e-25
4.47721e-13 1.89619e-27 7.76633e-25
4.49737e-13 1.90467e-27 7.74737e-25
4.51762e-13 1.91311e-27 7.72832e-25
4.53797e-13 1.9215e-27 7.70919e-25
4.55841e-13 1.92986e-27 7.68997e-25
4.57894e-13 1.93817e-27 7.67068e-25
4.59956e-13 1.94643e-27 7.65129e-25
4.62028e-13 1.95466e-27 7.63183e-25
4.64108e-13 1.96283e-27 7.61228e-25
4.66199e-13 1.97096e-27 7.59265e-25
4.68298e-13 1.97905e-27 7.57294e-25
4.70407e-13 1.98708e-27 7.55315e-25
4.72526e-13 1.99507e-27 7.53328e-25
4.74654e-13 2.003e-27 7.51333e-25
4.76792e-13 2.01089e-27 7.4933e-25
4.78939e-13 2.01872e-27 7.47319e-25
4.81096e-13 2.02651e-27 7.45301e-25
4.83263e-13 2.03424e-27 7.43274e-25
4.85439e-13 2.04191e-27 7.4124e-25
4.87626e-13 2.04953e-27 7.39198e-25
4.89822e-13 2.0571e-27 7.37148e-25
4.92028e-13 2.06461e-27 7.35091e-25
4.94244e-13 2.07207e-27 7.33027e-25
4.9647e-13 2.07946e-27 7.30955e-25
4.98705e-13 2.0868e-27 7.28875e-25
5.00952e-13 2.09408e-27 7.26788e-25
5.03208e-13 2.1013e-27 7.24694e-25
5.05474e-13 2.10847e-27 7.22593e-25
5.0775e-13 2.11556e-27 7.20485e-25
5.10037e-13 2.1226e-27 7.18369e-25
5.12334e-13 2.12958e-27 7.16246e-25
5.14642e-13 2.13649e-27 7.14117e-25
5.16959e-13 2.14334e-27 7.1198e-25
5.19288e-13 2.15012e-27 7.09837e-25
5.21626e-13 2.15684e-27 7.07687e-25
5.23976e-13 2.16349e-27 7.0553e-25
5.26336e-13 2.17007e-27 7.03367e-25
5.28706e-13 2.17659e-27 7.01196e-25
5.31087e-13 2.18304e-27 6.9902e-25
5.33479e-13 2.18942e-27 6.96837e-25
5.35882e-13 2.19573e-27 6.94647e-25
5.38295e-13 2.20197e-27 6.92452e-25
5.40719e-13 2.20814e-27 6.9025e-25
5.43155e-13 2.21424e-27 6.88042e-25
5.45601e-13 2.22027e-27 6.85827e-25
5.48058e-13 2.22622e-27 6.83607e-25
5.50526e-13 2.2321e-27 6.81381e-25
5.53006e-13 2.23791e-27 6.79149e-25
5.55496e-13 2.24364e-27 6.76911e-25
5.57998e-13 2.2493e-27 6.74667e-25
5.60511e-13 2.25488e-27 6.72418e-25
5.63036e-13 2.26039e-27 6.70163e-25
5.65571e-13 2.26582e-27 6.67903e-25
5.68119e-13 2.27117e-27 6.65637e-25
5.70677e-13 2.27644e-27 6.63366e-25
5.73247e-13 2.28164e-27 6.61089e-25
5.75829e-13 2.28675e-27 6.58808e-25
5.78422e-13 2.29179e-27 6.56521e-25
5.81027e-13 2.29675e-27 6.54229e-25
5.83644e-13 2.30163e-27 6.51932e-25
5.86273e-13 2.30642e-27 6.49631e-25
5.88913e-13 2.31114e-27 6.47324e-25
5.91566e-13 2.31577e-27 6.45013e-25
5.9423e-13 2.32032e-27 6.42697e-25
5.96906e-13 2.32479e-27 6.40377e-25
5.99594e-13 2.32917e-27 6.38052e-25
6.02295e-13 2.33347e-27 6.35723e-25
6.05007e-13 2.33769e-27 6.3339e-25
6.07732e-13 2.34182e-27 6.31052e-25
6.10469e-13 2.34586e-27 6.2871e-25
6.13218e-13 2.34983e-27 6.26364e-25
6.1598e-13 2.3537e-27 6.24014e-25
6.18754e-13 2.35749e-27 6.21661e-25
6.21541e-13 2.36119e-27 6.19303e-25
6.2434e-13 2.36481e-27 6.16942e-25
6.27152e-13 2.36834e-27 6.14577e-25
6.29977e-13 2.37178e-27 6.12209e-25
6.32814e-13 2.37513e-27 6.09837e-25
6.35664e-13 2.3784e-27 6.07462e-25
6.38527e-13 2.38157e-27 6.05084e-25
6.41403e-13 2.38466e-27 6.02702e-25
6.44291e-13 2.38766e-27 6.00317e-25
6.47193e-13 2.39057e-27 5.9793e-25
6.50108e-13 2.39338e-27 5.95539e-25
6.53036e-13 2.39611e-27 5.93146e-25
6.55977e-13 2.39875e-27 5.9075e-25
6.58931e-13 2.4013e-27 5.88351e-25
6.61899e-13 2.40376e-27 5.8595e-25
6.6488e-13 2.40613e-27 5.83546e-25
6.67874e-13 2.4084e-27 5.8114e-25
6.70882e-13 2.41059e-27 5.78731e-25
6.73903e-13 2.41268e-27 5.76321e-25
6.76938e-13 2.41468e-27 5.73908e-25
6.79987e-13 2.41659e-27 5.71493e-25
6.8305e-13 2.41841e-27 5.69077e-25
6.86126e-13 2.42013e-27 5.66658e-25
6.89216e-13 2.42177e-27 5.64238e-25
6.9232e-13 2.42331e-27 5.61816e-25
6.95438e-13 2.42476e-27 5.59393e-25
6.9857e-13 2.42611e-27 5.56968e-25
7.01716e-13 2.42738e-27 5.54542e-25
7.04877e-13 2.42855e-27 5.52115e-25
7.08051e-13 2.42962e-27 5.49686e-25
7.1124e-13 2.43061e-27 5.47257e-25
7.14443e-13 2.4315e-27 5.44826e-25
7.17661e-13 2.4323e-27 5.42395e-25
7.20893e-13 2.43301e-27 5.39962e-25
7.2414e-13 2.43362e-27 5.37529e-25
7.27401e-13 2.43414e-27 5.35096e-25
7.30677e-13 2.43457e-27 5.32662e-25
7.33968e-13 2.4349e-27 5.30227e-25
7.37273e-13 2.43515e-27 5.27792e-25
7.40594e-13 2.4353e-27 5.25357e-25
7.43929e-13 2.43535e-27 5.22922e-25
7.4728e-13 2.43532e-27 5.20486e-25
7.50645e-13 2.43519e-27 5.18051e-25
7.54026e-13 2.43497e-27 5.15616e-25
7.57422e-13 2.43465e-27 5.13181e-25
7.60833e-13 2.43425e-27 5.10746e-25
7.6426e-13 2.43375e-27 5.08312e-25
7.67702e-13 2.43316e-27 5.05878e-25
7.71159e-13 2.43248e-27 5.03445e-25
7.74632e-13 2.43171e-27 5.01013e-25
7.78121e-13 2.43084e-27 4.98581e-25
7.81625e-13 2.42988e-27 4.9615e-25
7.85146e-13 2.42884e-27 4.9372e-25
7.88682e-13 2.4277e-27 4.91291e-25
7.92234e-13 2.42647e-27 4.88864e-25
7.95802e-13 2.42515e-27 4.86437e-25
7.99386e-13 2.42374e-27 4.84012e-25
8.02986e-13 2.42224e-27 4.81588e-25
8.06602e-13 2.42065e-27 4.79166e-25
8.10235e-13 2.41897e-27 4.76745e-25
8.13884e-13 2.4172e-27 4.74326e-25
8.1755e-13 2.41534e-27 4.71909e-25
8.21232e-13 2.41339e-27 4.69494e-25
8.2493e-13 2.41136e-27 4.6708e-25
8.28645e-13 2.40923e-27 4.64669e-25
8.32377e-13 2.40702e-27 4.6226e-25
8.36126e-13 2.40472e-27 4.59853e-25
8.39892e-13 2.40234e-27 4.57448e-25
8.43674e-13 2.39986e-27 4.55046e-25
8.47474e-13 2.3973e-27 4.52646e-25
8.51291e-13 2.39466e-27 4.50249e-25
8.55125e-13 2.39192e-27 4.47854e-25
8.58976e-13 2.38911e-27 4.45462e-25
8.62845e-13 2.3862e-27 4.43073e-25
8.66731e-13 2.38322e-27 4.40687e-25
8.70634e-13 2.38015e-27 4.38303e-25
8.74555e-13 2.37699e-27 4.35923e-25
8.78494e-13 2.37375e-27 4.33546e-25
8.82451e-13 2.37043e-27 4.31173e-25
8.86425e-13 2.36703e-27 4.28802e-25
8.90417e-13 2.36354e-27 4.26435e-25
8.94427e-13 2.35997e-27 4.24072e-25
8.98455e-13 2.35632e-27 4.21712e-25
9.02502e-13 2.35259e-27 4.19355e-25
9.06566e-13 2.34879e-27 4.17003e-25
9.10649e-13 2.3449e-27 4.14654e-25
9.14751e-13 2.34093e-27 4.12309e-25
9.1887e-13 2.33688e-27 4.09968e-25
9.23009e-13 2.33275e-27 4.07631e-25
9.27166e-13 2.32855e-27 4.05298e-25
9.31341e-13 2.32427e-27 4.0297e-25
9.35536e-13 2.31991e-27 4.00646e-25
9.39749e-13 2.31548e-27 3.98326e-25
9.43982e-13 2.31097e-27 3.9601e-25
9.48233e-13 2.30639e-27 3.93699e-25
9.52504e-13 2.30173e-27 3.91393e-25
9.56793e-13 2.297e-27 3.89091e-25
9.61103e-13 2.2922e-27 3.86794e-25
9.65431e-13 2.28732e-27 3.84502e-25
9.69779e-13 2.28237e-27 3.82215e-25
9.74147e-13 2.27735e-27 3.79932e-25
9.78534e-13 2.27226e-27 3.77655e-25
9.82941e-13 2.26709e-27 3.75383e-25
9.87368e-13 2.26186e-27 3.73116e-25
9.91815e-13 2.25656e-27 3.70854e-25
9.96282e-13 2.25119e-27 3.68597e-25
1.00077e-12 2.24576e-27 3.66346e-25
1.00528e-12 2.24025e-27 3.641e-25
1.0098e-12 2.23468e-27 3.6186e-25
1.01435e-12 2.22904e-27 3.59625e-25
1.01892e-12 2.22334e-27 3.57396e-25
1.02351e-12 2.21758e-27 3.55173e-25
1.02812e-12 2.21175e-27 3.52955e-25
1.03275e-12 2.20585e-27 3.50744e-25
1.0374e-12 2.1999e-27 3.48538e-25
1.04207e-12 2.19388e-27 3.46338e-25
1.04676e-12 2.1878e-27 3.44144e-25
1.05148e-12 2.18166e-27 3.41956e-25
1.05621e-12 2.17546e-27 3.39774e-25
1.06097e-12 2.1692e-27 3.37599e-25
1.06575e-12 2.16289e-27 3.3543e-25
1.07055e-12 2.15651e-27 3.33267e-25
1.07537e-12 2.15008e-27 3.3111e-25
1.08021e-12 2.14359e-27 3.2896e-25
1.08508e-12 2.13705e-27 3.26817e-25
1.08997e-12 2.13045e-27 3.2468e-25
1.09487e-12 2.1238e-27 3.22549e-25
1.09981e-12 2.11709e-27 3.20425e-25
1.10476e-12 2.11033e-27 3.18308e-25
1.10973e-12 2.10352e-27 3.16198e-25
1.11473e-12 2.09666e-27 3.14094e-25
1.11975e-12 2.08974e-27 3.11998e-25
1.1248e-12 2.08278e-27 3.09908e-25
1.12986e-12 2.07577e-27 3.07825e-25
1.13495e-12 2.06871e-27 3.0575e-25
1.14006e-12 2.0616e-27 3.03681e-25
1.1452e-12 2.05445e-27 3.01619e-25
1.15035e-12 2.04725e-27 2.99565e-25
1.15553e-12 2.04e-27 2.97517e-25
1.16074e-12 2.03271e-27 2.95478e-25
1.16597e-12 2.02537e-27 2.93445e-25
1.17122e-12 2.01799e-27 2.91419e-25
1.17649e-12 2.01057e-27 2.89401e-25
1.18179e-12 2.00311e-27 2.87391e-25
1.18711e-12 1.99561e-27 2.85388e-25
1.19246e-12 1.98806e-27 2.83392e-25
1.19783e-12 1.98048e-27 2.81404e-25
1.20323e-12 1.97286e-27 2.79424e-25
1.20864e-12 1.9652e-27 2.77451e-25
1.21409e-12 1.9575e-27 2.75486e-25
1.21956e-12 1.94977e-27 2.73528e-25
1.22505e-12 1.942e-27 2.71578e-25
1.23057e-12 1.9342e-27 2.69636e-25
1.23611e-12 1.92636e-27 2.67702e-25
1.24167e-12 1.91849e-27 2.65776e-25
1.24727e-12 1.91058e-27 2.63857e-25
1.25288e-12 1.90265e-27 2.61947e-25
1.25853e-12 1.89468e-27 2.60044e-25
1.26419e-12 1.88668e-27 2.58149e-25
1.26989e-12 1.87865e-27 2.56263e-25
1.27561e-12 1.8706e-27 2.54384e-25
1.28135e-12 1.86251e-27 2.52513e-25
1.28712e-12 1.8544e-27 2.50651e-25
1.29292e-12 1.84626e-27 2.48796e-25
1.29874e-12 1.8381e-27 2.4695e-25
1.30459e-12 1.82991e-27 2.45112e-25
1.31047e-12 1.82169e-27 2.43282e-25
1.31637e-12 1.81346e-27 2.41461e-25
1.3223e-12 1.8052e-27 2.39647e-25
1.32825e-12 1.79691e-27 2.37842e-25
1.33424e-12 1.78861e-27 2.36045e-25
1.34024e-12 1.78028e-27 2.34256e-25
1.34628e-12 1.77194e-27 2.32476e-25
1.35234e-12 1.76357e-27 2.30704e-25
1.35843e-12 1.75519e-27 2.28941e-25
1.36455e-12 1.74679e-27 2.27185e-25
1.3707e-12 1.73837e-27 2.25439e-25
1.37687e-12 1.72993e-27 2.237e-25
1.38307e-12 1.72148e-27 2.2197e-25
1.3893e-12 1.71302e-27 2.20249e-25
1.39556e-12 1.70454e-27 2.18536e-25
1.40184e-12 1.69604e-27 2.16831e-25
1.40816e-12 1.68754e-27 2.15135e-25
1.4145e-12 1.67902e-27 2.13448e-25
1.42087e-12 1.67049e-27 2.11769e-25
1.42727e-12 1.66195e-27 2.10098e-25
1.4337e-12 1.65339e-27 2.08436e-25
1.44015e-12 1.64483e-27 2.06783e-25
1.44664e-12 1.63626e-27 2.05138e-25
1.45315e-12 1.62769e-27 2.03502e-25
1.4597e-12 1.6191e-27 2.01874e-25
1.46627e-12 1.61051e-27 2.00255e-25
1.47288e-12 1.60191e-27 1.98644e-25
1.47951e-12 1.59331e-27 1.97043e-25
1.48617e-12 1.5847e-27 1.95449e-25
1.49287e-12 1.57609e-27 1.93865e-25
1.49959e-12 1.56747e-27 1.92288e-25
1.50634e-12 1.55885e-27 1.90721e-25
1.51313e-12 1.55023e-27 1.89162e-25
1.51994e-12 1.54161e-27 1.87612e-25
1.52679e-12 1.53299e-27 1.8607e-25
1.53366e-12 1.52436e-27 1.84537e-25
1.54057e-12 1.51574e-27 1.83013e-25
1.54751e-12 1.50712e-27 1.81497e-25
1.55448e-12 1.4985e-27 1.7999e-25
1.56148e-12 1.48988e-27 1.78492e-25
1.56851e-12 1.48126e-27 1.77002e-25
1.57558e-12 1.47265e-27 1.7552e-25
1.58267e-12 1.46404e-27 1.74048e-25
1.5898e-12 1.45544e-27 1.72584e-25
1.59696e-12 1.44684e-27 1.71128e-25
1.60415e-12 1.43825e-27 1.69681e-25
1.61138e-12 1.42966e-27 1.68243e-25
1.61864e-12 1.42108e-27 1.66814e-25
1.62592e-12 1.41251e-27 1.65392e-25
1.63325e-12 1.40395e-27 1.6398e-25
1.6406e-12 1.39539e-27 1.62576e-25
1.64799e-12 1.38684e-27 1.61181e-25
1.65541e-12 1.37831e-27 1.59794e-25
1.66287e-12 1.36978e-27 1.58415e-25
1.67036e-12 1.36127e-27 1.57046e-25
1.67788e-12 1.35276e-27 1.55684e-25
1.68544e-12 1.34427e-27 1.54332e-25
1.69303e-12 1.33579e-27 1.52987e-25
1.70065e-12 1.32732e-27 1.51652e-25
1.70831e-12 1.31887e-27 1.50324e-25
1.71601e-12 1.31043e-27 1.49005e-25
1.72374e-12 1.302e-27 1.47695e-25
1.7315e-12 1.29359e-27 1.46393e-25
1.7393e-12 1.28519e-27 1.45099e-25
1.74713e-12 1.27681e-27 1.43814e-25
1.755e-12 1.26845e-27 1.42537e-25
1.7629e-12 1.2601e-27 1.41269e-25
1.77084e-12 1.25177e-27 1.40009e-25
1.77882e-12 1.24346e-27 1.38757e-25
1.78683e-12 1.23516e-27 1.37514e-25
1.79488e-12 1.22689e-27 1.36278e-25
1.80296e-12 1.21863e-27 1.35052e-25
1.81108e-12 1.21039e-27 1.33833e-25
1.81924e-12 1.20218e-27 1.32623e-25
1.82743e-12 1.19398e-27 1.3142e-25
1.83566e-12 1.1858e-27 1.30226e-25
1.84393e-12 1.17765e-27 1.29041e-25
1.85223e-12 1.16951e-27 1.27863e-25
1.86057e-12 1.1614e-27 1.26693e-25
1.86895e-12 1.15331e-27 1.25532e-25
1.87737e-12 1.14524e-27 1.24379e-25
1.88583e-12 1.1372e-27 1.23233e-25
1.89432e-12 1.12918e-27 1.22096e-25
1.90285e-12 1.12118e-27 1.20967e-25
1.91142e-12 1.1132e-27 1.19846e-25
1.92003e-12 1.10526e-27 1.18733e-25
1.92868e-12 1.09733e-27 1.17627e-25
1.93736e-12 1.08943e-27 1.1653e-25
1.94609e-12 1.08156e-27 1.15441e-25
1.95485e-12 1.07371e-27 1.14359e-25
1.96366e-12 1.06589e-27 1.13285e-25
1.9725e-12 1.0581e-27 1.1222e-25
1.98138e-12 1.05033e-27 1.11161e-25
1.99031e-12 1.04259e-27 1.10111e-25
1.99927e-12 1.03487e-27 1.09069e-25
2.00827e-12 1.02719e-27 1.08034e-25
2.01732e-12 1.01953e-27 1.07006e-25
2.0264e-12 1.0119e-27 1.05987e-25
2.03553e-12 1.0043e-27 1.04975e-25
2.0447e-12 9.96729e-28 1.03971e-25
2.05391e-12 9.89187e-28 1.02974e-25
2.06316e-12 9.81673e-28 1.01985e-25
2.07245e-12 9.7419e-28 1.01003e-25
2.08178e-12 9.66736e-28 1.00029e-25
2.09116e-12 9.59312e-28 9.90622e-26
2.10058e-12 9.51919e-28 9.81029e-26
2.11004e-12 9.44556e-28 9.7151e-26
2.11954e-12 9.37225e-28 9.62064e-26
2.12909e-12 9.29924e-28 9.52692e-26
2.13867e-12 9.22654e-28 9.43393e-26
2.14831e-12 9.15417e-28 9.34166e-26
2.15798e-12 9.0821e-28 9.25012e-26
2.1677e-12 9.01036e-28 9.1593e-26
2.17746e-12 8.93894e-28 9.06919e-26
2.18727e-12 8.86784e-28 8.97981e-26
2.19712e-12 8.79707e-28 8.89113e-26
2.20702e-12 8.72662e-28 8.80316e-26
2.21696e-12 8.6565e-28 8.71589e-26
2.22694e-12 8.58672e-28 8.62932e-26
2.23697e-12 8.51726e-28 8.54346e-26
2.24704e-12 8.44814e-28 8.45829e-26
2.25716e-12 8.37935e-28 8.3738e-26
2.26733e-12 8.3109e-28 8.29001e-26
2.27754e-12 8.24279e-28 8.2069e-26
2.2878e-12 8.17502e-28 8.12447e-26
2.2981e-12 8.10758e-28 8.04272e-26
2.30845e-12 8.04049e-28 7.96165e-26
2.31885e-12 7.97375e-28 7.88124e-26
2.32929e-12 7.90735e-28 7.8015e-26
2.33978e-12 7.84129e-28 7.72243e-26
2.35032e-12 7.77558e-28 7.64402e-26
2.36091e-12 7.71022e-28 7.56626e-26
2.37154e-12 7.6452e-28 7.48916e-26
2.38222e-12 7.58054e-28 7.41271e-26
2.39295e-12 7.51623e-28 7.3369e-26
2.40373e-12 7.45227e-28 7.26174e-26
2.41455e-12 7.38866e-28 7.18722e-26
2.42543e-12 7.3254e-28 7.11333e-26
2.43635e-12 7.2625e-28 7.04008e-26
2.44732e-12 7.19995e-28 6.96745e-26
2.45834e-12 7.13776e-28 6.89545e-26
2.46942e-12 7.07592e-28 6.82408e-26
2.48054e-12 7.01445e-28 6.75332e-26
2.49171e-12 6.95332e-28 6.68317e-26
2.50293e-12 6.89256e-28 6.61364e-26
2.5142e-12 6.83215e-28 6.54471e-26
2.52553e-12 6.7721e-28 6.47639e-26
2.5369e-12 6.71241e-28 6.40867e-26
2.54833e-12 6.65307e-28 6.34155e-26
2.5598e-12 6.5941e-28 6.27502e-26
2.57133e-12 6.53549e-28 6.20907e-26
2.58291e-12 6.47723e-28 6.14372e-26
2.59454e-12 6.41934e-28 6.07895e-26
2.60623e-12 6.3618e-28 6.01475e-26
2.61797e-12 6.30462e-28 5.95114e-26
2.62976e-12 6.24781e-28 5.88809e-26
2.6416e-12 6.19135e-28 5.82561e-26
2.6535e-12 6.13525e-28 5.7637e-26
2.66545e-12 6.07952e-28 5.70235e-26
2.67745e-12 6.02414e-28 5.64155e-26
2.68951e-12 5.96912e-28 5.58131e-26
2.70162e-12 5.91446e-28 5.52162e-26
2.71379e-12 5.86016e-28 5.46247e-26
2.72601e-12 5.80621e-28 5.40387e-26
2.73829e-12 5.75263e-28 5.34581e-26
2.75062e-12 5.6994e-28 5.28828e-26
2.76301e-12 5.64653e-28 5.23129e-26
2.77546e-12 5.59402e-28 5.17482e-26
2.78796e-12 5.54187e-28 5.11888e-26
2.80051e-12 5.49007e-28 5.06347e-26
2.81312e-12 5.43863e-28 5.00856e-26
2.82579e-12 5.38754e-28 4.95418e-26
2.83852e-12 5.3368e-28 4.9003e-26
2.8513e-12 5.28643e-28 4.84693e-26
2.86415e-12 5.2364e-28 4.79407e-26
2.87705e-12 5.18673e-28 4.74171e-26
2.89e-12 5.13741e-28 4.68984e-26
2.90302e-12 5.08844e-28 4.63847e-26
2.91609e-12 5.03982e-28 4.58758e-26
2.92923e-12 4.99155e-28 4.53718e-26
2.94242e-12 4.94363e-28 4.48727e-26
2.95567e-12 4.89606e-28 4.43783e-26
2.96898e-12 4.84884e-28 4.38887e-26
2.98235e-12 4.80196e-28 4.34038e-26
2.99578e-12 4.75543e-28 4.29236e-26
3.00928e-12 4.70924e-28 4.24481e-26
3.02283e-12 4.6634e-28 4.19772e-26
3.03644e-12 4.6179e-28 4.15108e-26
3.05012e-12 4.57275e-28 4.1049e-26
3.06386e-12 4.52793e-28 4.05918e-26
3.07765e-12 4.48345e-28 4.0139e-26
3.09152e-12 4.43932e-28 3.96906e-26
3.10544e-12 4.39552e-28 3.92467e-26
3.11942e-12 4.35205e-28 3.88071e-26
3.13347e-12 4.30893e-28 3.83719e-26
3.14759e-12 4.26613e-28 3.7941e-26
3.16176e-12 4.22368e-28 3.75144e-26
3.176e-12 4.18155e-28 3.70921e-26
3.19031e-12 4.13975e-28 3.66739e-26
3.20467e-12 4.09829e-28 3.62599e-26
3.21911e-12 4.05715e-28 3.58501e-26
3.2336e-12 4.01634e-28 3.54444e-26
3.24817e-12 3.97586e-28 3.50427e-26
3.2628e-12 3.9357e-28 3.46452e-26
3.27749e-12 3.89586e-28 3.42516e-26
3.29225e-12 3.85635e-28 3.3862e-26
3.30708e-12 3.81716e-28 3.34764e-26
3.32197e-12 3.77828e-28 3.30947e-26
3.33693e-12 3.73973e-28 3.27168e-26
3.35196e-12 3.70149e-28 3.23428e-26
3.36706e-12 3.66357e-28 3.19727e-26
3.38222e-12 3.62596e-28 3.16063e-26
3.39746e-12 3.58866e-28 3.12437e-26
3.41276e-12 3.55168e-28 3.08849e-26
3.42813e-12 3.515e-28 3.05297e-26
3.44357e-12 3.47864e-28 3.01782e-26
3.45908e-12 3.44258e-28 2.98303e-26
3.47465e-12 3.40682e-28 2.94861e-26
3.4903e-12 3.37137e-28 2.91454e-26
3.50602e-12 3.33623e-28 2.88083e-26
3.52181e-12 3.30138e-28 2.84746e-26
3.53767e-12 3.26683e-28 2.81445e-26
3.55361e-12 3.23258e-28 2.78178e-26
3.56961e-12 3.19863e-28 2.74946e-26
3.58569e-12 3.16497e-28 2.71747e-26
3.60184e-12 3.1316e-28 2.68582e-26
3.61806e-12 3.09853e-28 2.6545e-26
3.63435e-12 3.06575e-28 2.62352e-26
3.65072e-12 3.03325e-28 2.59286e-26
3.66716e-12 3.00104e-28 2.56253e-26
3.68368e-12 2.96912e-28 2.53252e-26
3.70027e-12 2.93748e-28 2.50283e-26
3.71693e-12 2.90613e-28 2.47345e-26
3.73367e-12 2.87505e-28 2.44439e-26
3.75049e-12 2.84425e-28 2.41564e-26
3.76738e-12 2.81373e-28 2.3872e-26
3.78435e-12 2.78349e-28 2.35906e-26
3.80139e-12 2.75352e-28 2.33123e-26
3.81851e-12 2.72382e-28 2.30369e-26
3.83571e-12 2.6944e-28 2.27645e-26
3.85298e-12 2.66524e-28 2.24951e-26
3.87034e-12 2.63635e-28 2.22286e-26
3.88777e-12 2.60772e-28 2.19649e-26
3.90528e-12 2.57936e-28 2.17042e-26
3.92286e-12 2.55127e-28 2.14462e-26
3.94053e-12 2.52343e-28 2.11911e-26
3.95828e-12 2.49585e-28 2.09388e-26
3.97611e-12 2.46854e-28 2.06892e-26
3.99401e-12 2.44147e-28 2.04423e-26
4.012e-12 2.41466e-28 2.01982e-26
4.03007e-12 2.38811e-28 1.99567e-26
4.04822e-12 2.3618e-28 1.97179e-26
4.06645e-12 2.33574e-28 1.94817e-26
4.08477e-12 2.30994e-28 1.92481e-26
4.10316e-12 2.28437e-28 1.90171e-26
4.12164e-12 2.25905e-28 1.87887e-26
4.1402e-12 2.23398e-28 1.85628e-26
4.15885e-12 2.20914e-28 1.83394e-26
4.17758e-12 2.18455e-28 1.81185e-26
4.1964e-12 2.16019e-28 1.79e-26
4.2153e-12 2.13607e-28 1.7684e-26
4.23428e-12 2.11218e-28 1.74704e-26
4.25335e-12 2.08852e-28 1.72592e-26
4.27251e-12 2.0651e-28 1.70503e-26
4.29175e-12 2.0419e-28 1.68438e-26
4.31108e-12 2.01893e-28 1.66396e-26
4.33049e-12 1.99619e-28 1.64377e-26
4.35e-12 1.97367e-28 1.62381e-26
4.36959e-12 1.95138e-28 1.60408e-26
4.38927e-12 1.92931e-28 1.58456e-26
4.40903e-12 1.90745e-28 1.56527e-26
4.42889e-12 1.88581e-28 1.54619e-26
4.44884e-12 1.86439e-28 1.52734e-26
4.46887e-12 1.84319e-28 1.50869e-26
4.489e-12 1.82219e-28 1.49026e-26
4.50922e-12 1.80141e-28 1.47204e-26
4.52953e-12 1.78084e-28 1.45402e-26
4.54993e-12 1.76047e-28 1.43622e-26
4.57042e-12 1.74031e-28 1.41861e-26
4.591e-12 1.72036e-28 1.40121e-26
4.61168e-12 1.70061e-28 1.384e-26
4.63245e-12 1.68106e-28 1.367e-26
4.65331e-12 1.6617e-28 1.35019e-26
4.67427e-12 1.64255e-28 1.33357e-26
4.69532e-12 1.6236e-28 1.31715e-26
4.71647e-12 1.60484e-28 1.30091e-26
4.73771e-12 1.58627e-28 1.28486e-26
4.75904e-12 1.5679e-28 1.269e-26
4.78048e-12 1.54971e-28 1.25332e-26
4.80201e-12 1.53171e-28 1.23782e-26
4.82363e-12 1.51391e-28 1.22251e-26
4.84536e-12 1.49628e-28 1.20737e-26
4.86718e-12 1.47884e-28 1.1924e-26
4.8891e-12 1.46159e-28 1.17762e-26
4.91112e-12 1.44451e-28 1.163e-26
4.93324e-12 1.42762e-28 1.14855e-26
4.95546e-12 1.4109e-28 1.13428e-26
4.97777e-12 1.39436e-28 1.12017e-26
5.00019e-12 1.37799e-28 1.10623e-26
5.02271e-12 1.3618e-28 1.09245e-26
5.04533e-12 1.34578e-28 1.07883e-26
5.06806e-12 1.32993e-28 1.06537e-26
5.09088e-12 1.31424e-28 1.05207e-26
5.11381e-12 1.29873e-28 1.03893e-26
5.13684e-12 1.28338e-28 1.02594e-26
5.15997e-12 1.2682e-28 1.01311e-26
5.18321e-12 1.25318e-28 1.00043e-26
5.20656e-12 1.23832e-28 9.87893e-27
5.23001e-12 1.22362e-28 9.7551e-27
5.25356e-12 1.20908e-28 9.63274e-27
5.27722e-12 1.1947e-28 9.51183e-27
5.30099e-12 1.18047e-28 9.39236e-27
5.32486e-12 1.1664e-28 9.27431e-27
5.34884e-12 1.15248e-28 9.15767e-27
5.37293e-12 1.13871e-28 9.04243e-27
5.39713e-12 1.1251e-28 8.92855e-27
5.42144e-12 1.11163e-28 8.81605e-27
5.44586e-12 1.09831e-28 8.70488e-27
5.47038e-12 1.08513e-28 8.59505e-27
5.49502e-12 1.07211e-28 8.48654e-27
5.51977e-12 1.05922e-28 8.37933e-27
5.54463e-12 1.04648e-28 8.27341e-27
5.5696e-12 1.03387e-28 8.16876e-27
5.59468e-12 1.02141e-28 8.06537e-27
5.61988e-12 1.00909e-28 7.96323e-27
5.64519e-12 9.969e-29 7.86232e-27
5.67061e-12 9.84848e-29 7.76263e-27
5.69615e-12 9.72931e-29 7.66415e-27
5.72181e-12 9.61146e-29 7.56685e-27
5.74757e-12 9.49494e-29 7.47074e-27
5.77346e-12 9.37971e-29 7.37579e-27
5.79946e-12 9.26579e-29 7.28199e-27
5.82558e-12 9.15314e-29 7.18933e-27
5.85182e-12 9.04176e-29 7.0978e-27
5.87817e-12 8.93163e-29 7.00738e-27
5.90465e-12 8.82275e-29 6.91807e-27
5.93124e-12 8.7151e-29 6.82984e-27
5.95795e-12 8.60867e-29 6.74269e-27
5.98478e-12 8.50344e-29 6.6566e-27
6.01174e-12 8.39941e-29 6.57157e-27
6.03881e-12 8.29656e-29 6.48757e-27
6.06601e-12 8.19489e-29 6.40461e-27
6.09333e-12 8.09437e-29 6.32266e-27
6.12077e-12 7.99501e-29 6.24172e-27
6.14834e-12 7.89678e-29 6.16177e-27
6.17603e-12 7.79967e-29 6.0828e-27
6.20384e-12 7.70368e-29 6.0048e-27
6.23178e-12 7.6088e-29 5.92776e-27
6.25985e-12 7.515e-29 5.85168e-27
6.28804e-12 7.42229e-29 5.77653e-27
6.31636e-12 7.33064e-29 5.7023e-27
6.34481e-12 7.24006e-29 5.629e-27
6.37339e-12 7.15052e-29 5.5566e-27
6.40209e-12 7.06202e-29 5.48509e-27
6.43092e-12 6.97454e-29 5.41447e-27
6.45989e-12 6.88808e-29 5.34473e-27
6.48898e-12 6.80263e-29 5.27585e-27
6.5182e-12 6.71817e-29 5.20782e-27
6.54756e-12 6.6347e-29 5.14064e-27
6.57705e-12 6.5522e-29 5.07429e-27
6.60667e-12 6.47067e-29 5.00877e-27
6.63642e-12 6.39009e-29 4.94406e-27
6.66631e-12 6.31046e-29 4.88016e-27
6.69633e-12 6.23176e-29 4.81706e-27
6.72649e-12 6.15398e-29 4.75474e-27
6.75679e-12 6.07712e-29 4.6932e-27
6.78722e-12 6.00117e-29 4.63243e-27
6.81779e-12 5.92611e-29 4.57242e-27
6.84849e-12 5.85193e-29 4.51315e-27
6.87933e-12 5.77864e-29 4.45464e-27
6.91032e-12 5.70621e-29 4.39685e-27
6.94144e-12 5.63464e-29 4.33979e-27
6.9727e-12 5.56392e-29 4.28344e-27
7.0041e-12 5.49403e-29 4.2278e-27
7.03565e-12 5.42498e-29 4.17286e-27
7.06734e-12 5.35676e-29 4.11861e-27
7.09916e-12 5.28934e-29 4.06504e-27
7.13114e-12 5.22273e-29 4.01215e-27
7.16325e-12 5.15691e-29 3.95992e-27
7.19551e-12 5.09188e-29 3.90835e-27
7.22792e-12 5.02763e-29 3.85743e-27
7.26047e-12 4.96415e-29 3.80716e-27
7.29317e-12 4.90143e-29 3.75752e-27
7.32602e-12 4.83946e-29 3.7085e-27
7.35901e-12 4.77824e-29 3.66011e-27
7.39216e-12 4.71776e-29 3.61233e-27
7.42545e-12 4.658e-29 3.56515e-27
7.45889e-12 4.59897e-29 3.51857e-27
7.49248e-12 4.54064e-29 3.47258e-27
7.52623e-12 4.48303e-29 3.42717e-27
7.56012e-12 4.4261e-29 3.38234e-27
7.59417e-12 4.36987e-29 3.33808e-27
7.62837e-12 4.31432e-29 3.29438e-27
7.66273e-12 4.25944e-29 3.25124e-27
7.69724e-12 4.20523e-29 3.20864e-27
7.73191e-12 4.15168e-29 3.16659e-27
7.76673e-12 4.09878e-29 3.12508e-27
7.80171e-12 4.04653e-29 3.08409e-27
7.83684e-12 3.99491e-29 3.04362e-27
7.87214e-12 3.94392e-29 3.00367e-27
7.90759e-12 3.89355e-29 2.96423e-27
7.94321e-12 3.8438e-29 2.9253e-27
7.97898e-12 3.79466e-29 2.88686e-27
8.01492e-12 3.74612e-29 2.84891e-27
8.05101e-12 3.69817e-29 2.81145e-27
8.08727e-12 3.65082e-29 2.77447e-27
8.12369e-12 3.60404e-29 2.73796e-27
8.16028e-12 3.55784e-29 2.70192e-27
8.19703e-12 3.51221e-29 2.66634e-27
8.23395e-12 3.46714e-29 2.63122e-27
8.27103e-12 3.42262e-29 2.59655e-27
8.30828e-12 3.37866e-29 2.56232e-27
8.3457e-12 3.33523e-29 2.52854e-27
8.38329e-12 3.29234e-29 2.49519e-27
8.42104e-12 3.24999e-29 2.46226e-27
8.45897e-12 3.20815e-29 2.42976e-27
8.49707e-12 3.16684e-29 2.39768e-27
8.53534e-12 3.12604e-29 2.36601e-27
8.57378e-12 3.08574e-29 2.33475e-27
8.61239e-12 3.04594e-29 2.30389e-27
8.65118e-12 3.00664e-29 2.27343e-27
8.69014e-12 2.96783e-29 2.24337e-27
8.72928e-12 2.9295e-29 2.21369e-27
8.76859e-12 2.89164e-29 2.1844e-27
8.80808e-12 2.85426e-29 2.15548e-27
8.84775e-12 2.81735e-29 2.12694e-27
8.8876e-12 2.78089e-29 2.09876e-27
8.92763e-12 2.74489e-29 2.07095e-27
8.96783e-12 2.70934e-29 2.0435e-27
9.00822e-12 2.67424e-29 2.01641e-27
9.04879e-12 2.63957e-29 1.98967e-27
9.08955e-12 2.60534e-29 1.96327e-27
9.13048e-12 2.57154e-29 1.93722e-27
9.1716e-12 2.53816e-29 1.9115e-27
9.21291e-12 2.5052e-29 1.88612e-27
9.2544e-12 2.47266e-29 1.86107e-27
9.29608e-12 2.44052e-29 1.83634e-27
9.33795e-12 2.40879e-29 1.81194e-27
9.38e-12 2.37746e-29 1.78785e-27
9.42225e-12 2.34652e-29 1.76408e-27
9.46468e-12 2.31597e-29 1.74061e-27
9.50731e-12 2.28581e-29 1.71745e-27
9.55013e-12 2.25603e-29 1.69459e-27
9.59314e-12 2.22663e-29 1.67203e-27
9.63634e-12 2.19759e-29 1.64977e-27
9.67974e-12 2.16893e-29 1.62779e-27
9.72334e-12 2.14062e-29 1.6061e-27
9.76713e-12 2.11268e-29 1.5847e-27
9.81112e-12 2.08509e-29 1.56357e-27
9.8553e-12 2.05784e-29 1.54272e-27
9.89969e-12 2.03095e-29 1.52214e-27
9.94427e-12 2.00439e-29 1.50183e-27
9.98906e-12 1.97818e-29 1.48179e-27
1.0034e-11 1.95229e-29 1.462e-27
1.00792e-11 1.92674e-29 1.44248e-27
1.01246e-11 1.90151e-29 1.42321e-27
1.01702e-11 1.8766e-29 1.4042e-27
1.0216e-11 1.85201e-29 1.38543e-27
1.0262e-11 1.82773e-29 1.36691e-27
1.03083e-11 1.80376e-29 1.34864e-27
1.03547e-11 1.7801e-29 1.3306e-27
1.04013e-11 1.75674e-29 1.3128e-27
1.04482e-11 1.73368e-29 1.29523e-27
1.04952e-11 1.71091e-29 1.27789e-27
1.05425e-11 1.68844e-29 1.26078e-27
1.059e-11 1.66625e-29 1.2439e-27
1.06377e-11 1.64435e-29 1.22724e-27
1.06856e-11 1.62272e-29 1.21079e-27
1.07337e-11 1.60138e-29 1.19457e-27
1.0782e-11 1.58031e-29 1.17855e-27
1.08306e-11 1.5595e-29 1.16275e-27
1.08794e-11 1.53897e-29 1.14715e-27
1.09284e-11 1.5187e-29 1.13176e-27
1.09776e-11 1.49869e-29 1.11658e-27
1.1027e-11 1.47893e-29 1.10159e-27
1.10767e-11 1.45943e-29 1.0868e-27
1.11266e-11 1.44019e-29 1.07221e-27
1.11767e-11 1.42119e-29 1.0578e-27
1.1227e-11 1.40243e-29 1.04359e-27
1.12776e-11 1.38392e-29 1.02957e-27
1.13284e-11 1.36564e-29 1.01573e-27
1.13794e-11 1.3476e-29 1.00207e-27
1.14307e-11 1.3298e-29 9.88597e-28
1.14821e-11 1.31222e-29 9.75299e-28
1.15338e-11 1.29487e-29 9.62177e-28
1.15858e-11 1.27775e-29 9.49228e-28
1.1638e-11 1.26084e-29 9.36451e-28
1.16904e-11 1.24416e-29 9.23842e-28
1.1743e-11 1.22769e-29 9.11401e-28
1.17959e-11 1.21143e-29 8.99124e-28
1.1849e-11 1.19539e-29 8.8701e-28
1.19024e-11 1.17955e-29 8.75056e-28
1.1956e-11 1.16392e-29 8.6326e-28
1.20099e-11 1.14849e-29 8.51621e-28
1.2064e-11 1.13326e-29 8.40136e-28
1.21183e-11 1.11823e-29 8.28803e-28
1.21729e-11 1.1034e-29 8.17621e-28
1.22277e-11 1.08875e-29 8.06587e-28
1.22828e-11 1.0743e-29 7.957e-28
1.23381e-11 1.06004e-29 7.84957e-28
1.23936e-11 1.04596e-29 7.74356e-28
1.24495e-11 1.03206e-29 7.63897e-28
1.25055e-11 1.01835e-29 7.53576e-28
1.25618e-11 1.00481e-29 7.43393e-28
1.26184e-11 9.91452e-30 7.33344e-28
1.26753e-11 9.78267e-30 7.2343e-28
1.27323e-11 9.65253e-30 7.13647e-28
1.27897e-11 9.5241e-30 7.03995e-28
1.28473e-11 9.39734e-30 6.94471e-28
1.29051e-11 9.27224e-30 6.85073e-28
1.29633e-11 9.14877e-30 6.75801e-28
1.30216e-11 9.02691e-30 6.66652e-28
1.30803e-11 8.90665e-30 6.57625e-28
1.31392e-11 8.78796e-30 6.48719e-28
1.31984e-11 8.67082e-30 6.39931e-28
1.32578e-11 8.55522e-30 6.3126e-28
1.33175e-11 8.44113e-30 6.22705e-28
1.33775e-11 8.32853e-30 6.14264e-28
1.34378e-11 8.21741e-30 6.05935e-28
1.34983e-11 8.10774e-30 5.97718e-28
1.35591e-11 7.99952e-30 5.8961e-28
1.36201e-11 7.89271e-30 5.8161e-28
1.36815e-11 7.7873e-30 5.73718e-28
1.37431e-11 7.68328e-30 5.6593e-28
1.3805e-11 7.58063e-30 5.58247e-28
1.38672e-11 7.47932e-30 5.50666e-28
1.39296e-11 7.37934e-30 5.43187e-28
1.39923e-11 7.28068e-30 5.35808e-28
1.40554e-11 7.18331e-30 5.28527e-28
1.41187e-11 7.08723e-30 5.21344e-28
1.41823e-11 6.99241e-30 5.14257e-28
1.42461e-11 6.89883e-30 5.07264e-28
1.43103e-11 6.80649e-30 5.00365e-28
1.43747e-11 6.71537e-30 4.93559e-28
1.44395e-11 6.62544e-30 4.86844e-28
1.45045e-11 6.5367e-30 4.80218e-28
1.45698e-11 6.44913e-30 4.73681e-28
1.46354e-11 6.36272e-30 4.67232e-28
1.47014e-11 6.27744e-30 4.6087e-28
1.47676e-11 6.19329e-30 4.54592e-28
1.48341e-11 6.11025e-30 4.48399e-28
1.49009e-11 6.02831e-30 4.42289e-28
1.4968e-11 5.94745e-30 4.3626e-28
1.50354e-11 5.86766e-30 4.30313e-28
1.51031e-11 5.78892e-30 4.24445e-28
1.51711e-11 5.71122e-30 4.18656e-28
1.52395e-11 5.63455e-30 4.12945e-28
1.53081e-11 5.5589e-30 4.0731e-28
1.5377e-11 5.48424e-30 4.01752e-28
1.54463e-11 5.41057e-30 3.96267e-28
1.55159e-11 5.33788e-30 3.90857e-28
1.55857e-11 5.26615e-30 3.85519e-28
1.56559e-11 5.19537e-30 3.80253e-28
1.57265e-11 5.12553e-30 3.75057e-28
1.57973e-11 5.05662e-30 3.69932e-28
1.58684e-11 4.98861e-30 3.64875e-28
1.59399e-11 4.92151e-30 3.59887e-28
1.60117e-11 4.8553e-30 3.54965e-28
1.60838e-11 4.78997e-30 3.5011e-28
1.61562e-11 4.72551e-30 3.4532e-28
1.6229e-11 4.6619e-30 3.40594e-28
1.63021e-11 4.59913e-30 3.35932e-28
1.63755e-11 4.5372e-30 3.31333e-28
1.64493e-11 4.47609e-30 3.26796e-28
1.65233e-11 4.4158e-30 3.2232e-28
1.65978e-11 4.3563e-30 3.17904e-28
1.66725e-11 4.2976e-30 3.13548e-28
1.67476e-11 4.23968e-30 3.0925e-28
1.6823e-11 4.18252e-30 3.05011e-28
1.68988e-11 4.12613e-30 3.00828e-28
1.69749e-11 4.07049e-30 2.96702e-28
1.70513e-11 4.01559e-30 2.92631e-28
1.71281e-11 3.96142e-30 2.88616e-28
1.72053e-11 3.90797e-30 2.84654e-28
1.72828e-11 3.85523e-30 2.80746e-28
1.73606e-11 3.8032e-30 2.76891e-28
1.74388e-11 3.75186e-30 2.73088e-28
1.75173e-11 3.70121e-30 2.69336e-28
1.75962e-11 3.65123e-30 2.65635e-28
1.76755e-11 3.60191e-30 2.61984e-28
1.77551e-11 3.55326e-30 2.58382e-28
1.7835e-11 3.50525e-30 2.54829e-28
1.79154e-11 3.45789e-30 2.51323e-28
1.7996e-11 3.41116e-30 2.47865e-28
1.80771e-11 3.36505e-30 2.44454e-28
1.81585e-11 3.31955e-30 2.41089e-28
1.82403e-11 3.27467e-30 2.3777e-28
1.83224e-11 3.23038e-30 2.34495e-28
1.8405e-11 3.18669e-30 2.31265e-28
1.84878e-11 3.14358e-30 2.28078e-28
1.85711e-11 3.10105e-30 2.24934e-28
1.86547e-11 3.05909e-30 2.21833e-28
1.87388e-11 3.01769e-30 2.18774e-28
1.88232e-11 2.97684e-30 2.15756e-28
1.89079e-11 2.93654e-30 2.1278e-28
1.89931e-11 2.89677e-30 2.09843e-28
1.90786e-11 2.85755e-30 2.06946e-28
1.91646e-11 2.81884e-30 2.04089e-28
1.92509e-11 2.78066e-30 2.0127e-28
1.93376e-11 2.74298e-30 1.98489e-28
1.94247e-11 2.70581e-30 1.95746e-28
1.95121e-11 2.66914e-30 1.9304e-28
1.96e-11 2.63296e-30 1.90371e-28
1.96883e-11 2.59727e-30 1.87738e-28
1.9777e-11 2.56206e-30 1.85141e-28
1.9866e-11 2.52731e-30 1.82579e-28
1.99555e-11 2.49304e-30 1.80052e-28
2.00454e-11 2.45922e-30 1.77559e-28
2.01357e-11 2.42586e-30 1.75099e-28
2.02263e-11 2.39294e-30 1.72674e-28
2.03174e-11 2.36047e-30 1.70281e-28
2.04089e-11 2.32844e-30 1.6792e-28
2.05008e-11 2.29683e-30 1.65592e-28
2.05932e-11 2.26565e-30 1.63295e-28
2.06859e-11 2.23489e-30 1.61029e-28
2.07791e-11 2.20454e-30 1.58794e-28
2.08727e-11 2.1746e-30 1.5659e-28
2.09667e-11 2.14506e-30 1.54415e-28
2.10611e-11 2.11592e-30 1.5227e-28
2.1156e-11 2.08717e-30 1.50154e-28
2.12512e-11 2.05881e-30 1.48067e-28
2.13469e-11 2.03083e-30 1.46008e-28
2.14431e-11 2.00323e-30 1.43977e-28
2.15397e-11 1.976e-30 1.41974e-28
2.16367e-11 1.94913e-30 1.39998e-28
2.17341e-11 1.92263e-30 1.38049e-28
2.1832e-11 1.89649e-30 1.36126e-28
2.19303e-11 1.87069e-30 1.3423e-28
2.20291e-11 1.84525e-30 1.32359e-28
2.21283e-11 1.82014e-30 1.30514e-28
2.2228e-11 1.79538e-30 1.28694e-28
2.23281e-11 1.77095e-30 1.26898e-28
2.24286e-11 1.74685e-30 1.25128e-28
2.25296e-11 1.72307e-30 1.23381e-28
2.26311e-11 1.69962e-30 1.21658e-28
2.2733e-11 1.67648e-30 1.19958e-28
2.28354e-11 1.65365e-30 1.18282e-28
2.29383e-11 1.63113e-30 1.16628e-28
2.30416e-11 1.60892e-30 1.14997e-28
2.31453e-11 1.58701e-30 1.13388e-28
2.32496e-11 1.56539e-30 1.11801e-28
2.33543e-11 1.54406e-30 1.10235e-28
2.34595e-11 1.52302e-30 1.08691e-28
2.35651e-11 1.50227e-30 1.07168e-28
2.36713e-11 1.4818e-30 1.05666e-28
2.37779e-11 1.4616e-30 1.04184e-28
2.3885e-11 1.44168e-30 1.02723e-28
2.39925e-11 1.42202e-30 1.01281e-28
2.41006e-11 1.40263e-30 9.9859e-29
2.42091e-11 1.38351e-30 9.84563e-29
2.43182e-11 1.36464e-30 9.70728e-29
2.44277e-11 1.34603e-30 9.57082e-29
2.45377e-11 1.32767e-30 9.43622e-29
2.46482e-11 1.30956e-30 9.30345e-29
2.47592e-11 1.29169e-30 9.17249e-29
2.48707e-11 1.27406e-30 9.04332e-29
2.49827e-11 1.25668e-30 8.91592e-29
2.50952e-11 1.23953e-30 8.79025e-29
2.52083e-11 1.22261e-30 8.6663e-29
2.53218e-11 1.20592e-30 8.54404e-29
2.54358e-11 1.18946e-30 8.42345e-29
2.55504e-11 1.17322e-30 8.3045e-29
2.56655e-11 1.1572e-30 8.18718e-29
2.57811e-11 1.14139e-30 8.07146e-29
2.58972e-11 1.12581e-30 7.95732e-29
2.60138e-11 1.11043e-30 7.84474e-29
2.6131e-11 1.09526e-30 7.7337e-29
2.62486e-11 1.0803e-30 7.62417e-29
2.63669e-11 1.06554e-30 7.51614e-29
2.64856e-11 1.05098e-30 7.40959e-29
2.66049e-11 1.03662e-30 7.30449e-29
2.67247e-11 1.02245e-30 7.20083e-29
2.68451e-11 1.00848e-30 7.09858e-29
2.6966e-11 9.94692e-31 6.99773e-29
2.70874e-11 9.81094e-31 6.89826e-29
2.72094e-11 9.67681e-31 6.80015e-29
2.7332e-11 9.54451e-31 6.70339e-29
2.74551e-11 9.414e-31 6.60794e-29
2.75787e-11 9.28526e-31 6.5138e-29
2.77029e-11 9.15827e-31 6.42095e-29
2.78277e-11 9.03301e-31 6.32937e-29
2.7953e-11 8.90945e-31 6.23904e-29
2.80789e-11 8.78757e-31 6.14994e-29
2.82054e-11 8.66735e-31 6.06207e-29
2.83324e-11 8.54876e-31 5.97539e-29
2.846e-11 8.43178e-31 5.8899e-29
2.85882e-11 8.3164e-31 5.80559e-29
2.87169e-11 8.20259e-31 5.72242e-29
2.88462e-11 8.09032e-31 5.6404e-29
2.89762e-11 7.97958e-31 5.55949e-29
2.91067e-11 7.87035e-31 5.4797e-29
2.92377e-11 7.76261e-31 5.40099e-29
2.93694e-11 7.65633e-31 5.32337e-29
2.95017e-11 7.5515e-31 5.2468e-29
2.96346e-11 7.44809e-31 5.17129e-29
2.9768e-11 7.3461e-31 5.09681e-29
2.99021e-11 7.24549e-31 5.02335e-29
3.00368e-11 7.14626e-31 4.95089e-29
3.0172e-11 7.04837e-31 4.87943e-29
3.03079e-11 6.95182e-31 4.80895e-29
3.04444e-11 6.85659e-31 4.73943e-29
3.05815e-11 6.76265e-31 4.67086e-29
3.07193e-11 6.66999e-31 4.60324e-29
3.08576e-11 6.5786e-31 4.53654e-29
3.09966e-11 6.48845e-31 4.47075e-29
3.11362e-11 6.39954e-31 4.40587e-29
3.12764e-11 6.31183e-31 4.34187e-29
3.14173e-11 6.22532e-31 4.27875e-29
3.15588e-11 6.13999e-31 4.2165e-29
3.17009e-11 6.05583e-31 4.1551e-29
3.18437e-11 5.97281e-31 4.09454e-29
3.19871e-11 5.89093e-31 4.03481e-29
3.21312e-11 5.81016e-31 3.9759e-29
3.22759e-11 5.7305e-31 3.9178e-29
3.24212e-11 5.65192e-31 3.8605e-29
3.25672e-11 5.57442e-31 3.80398e-29
3.27139e-11 5.49797e-31 3.74823e-29
3.28612e-11 5.42257e-31 3.69325e-29
3.30092e-11 5.3482e-31 3.63903e-29
3.31579e-11 5.27484e-31 3.58555e-29
3.33072e-11 5.20249e-31 3.5328e-29
3.34573e-11 5.13112e-31 3.48077e-29
3.36079e-11 5.06073e-31 3.42946e-29
3.37593e-11 4.9913e-31 3.37885e-29
3.39113e-11 4.92282e-31 3.32894e-29
3.40641e-11 4.85528e-31 3.27971e-29
3.42175e-11 4.78865e-31 3.23116e-29
3.43716e-11 4.72294e-31 3.18327e-29
3.45264e-11 4.65813e-31 3.13604e-29
3.46819e-11 4.59421e-31 3.08946e-29
3.48381e-11 4.53115e-31 3.04352e-29
3.4995e-11 4.46897e-31 2.99821e-29
3.51526e-11 4.40763e-31 2.95352e-29
3.53109e-11 4.34713e-31 2.90944e-29
3.54699e-11 4.28746e-31 2.86597e-29
3.56297e-11 4.2286e-31 2.8231e-29
3.57901e-11 4.17055e-31 2.78081e-29
3.59513e-11 4.11329e-31 2.73911e-29
3.61132e-11 4.05682e-31 2.69797e-29
3.62759e-11 4.00112e-31 2.6574e-29
3.64393e-11 3.94618e-31 2.61739e-29
3.66034e-11 3.892e-31 2.57793e-29
3.67682e-11 3.83856e-31 2.53901e-29
3.69338e-11 3.78585e-31 2.50063e-29
3.71002e-11 3.73386e-31 2.46277e-29
3.72672e-11 3.68258e-31 2.42543e-29
3.74351e-11 3.632e-31 2.3886e-29
3.76037e-11 3.58212e-31 2.35228e-29
3.7773e-11 3.53292e-31 2.31646e-29
3.79432e-11 3.4844e-31 2.28113e-29
3.8114e-11 3.43654e-31 2.24629e-29
3.82857e-11 3.38933e-31 2.21192e-29
3.84581e-11 3.34278e-31 2.17803e-29
3.86313e-11 3.29686e-31 2.1446e-29
3.88053e-11 3.25157e-31 2.11163e-29
3.89801e-11 3.2069e-31 2.07912e-29
3.91556e-11 3.16284e-31 2.04705e-29
3.9332e-11 3.11939e-31 2.01542e-29
3.95091e-11 3.07653e-31 1.98423e-29
3.96871e-11 3.03426e-31 1.95346e-29
3.98658e-11 2.99257e-31 1.92312e-29
4.00453e-11 2.95146e-31 1.89319e-29
4.02257e-11 2.9109e-31 1.86368e-29
4.04069e-11 2.8709e-31 1.83457e-29
4.05888e-11 2.83146e-31 1.80586e-29
4.07716e-11 2.79255e-31 1.77755e-29
4.09553e-11 2.75417e-31 1.74962e-29
4.11397e-11 2.71633e-31 1.72208e-29
4.1325e-11 2.679e-31 1.69492e-29
4.15111e-11 2.64218e-31 1.66813e-29
4.16981e-11 2.60587e-31 1.6417e-29
4.18859e-11 2.57006e-31 1.61564e-29
4.20745e-11 2.53474e-31 1.58994e-29
4.2264e-11 2.49991e-31 1.5646e-29
4.24543e-11 2.46555e-31 1.5396e-29
4.26455e-11 2.43166e-31 1.51494e-29
4.28376e-11 2.39824e-31 1.49063e-29
4.30305e-11 2.36528e-31 1.46664e-29
4.32243e-11 2.33277e-31 1.44299e-29
4.3419e-11 2.30071e-31 1.41966e-29
4.36146e-11 2.26909e-31 1.39666e-29
4.3811e-11 2.2379e-31 1.37396e-29
4.40083e-11 2.20714e-31 1.35159e-29
4.42065e-11 2.17681e-31 1.32951e-29
4.44056e-11 2.14689e-31 1.30775e-29
4.46056e-11 2.11738e-31 1.28628e-29
4.48065e-11 2.08828e-31 1.2651e-29
4.50083e-11 2.05957e-31 1.24422e-29
4.5211e-11 2.03127e-31 1.22362e-29
4.54146e-11 2.00335e-31 1.20331e-29
4.56191e-11 1.97581e-31 1.18328e-29
4.58246e-11 1.94865e-31 1.16352e-29
4.6031e-11 1.92187e-31 1.14403e-29
4.62383e-11 1.89545e-31 1.12482e-29
4.64465e-11 1.8694e-31 1.10586e-29
4.66557e-11 1.8437e-31 1.08717e-29
4.68658e-11 1.81836e-31 1.06873e-29
4.70769e-11 1.79337e-31 1.05055e-29
4.72889e-11 1.76872e-31 1.03261e-29
4.75019e-11 1.74441e-31 1.01493e-29
4.77158e-11 1.72044e-31 9.97481e-30
4.79307e-11 1.69679e-31 9.80277e-30
4.81466e-11 1.67347e-31 9.63309e-30
4.83634e-11 1.65047e-31 9.46574e-30
4.85812e-11 1.62778e-31 9.30069e-30
4.88e-11 1.60541e-31 9.13792e-30
4.90198e-11 1.58335e-31 8.97737e-30
4.92406e-11 1.56159e-31 8.81904e-30
4.94623e-11 1.54013e-31 8.66288e-30
4.96851e-11 1.51896e-31 8.50887e-30
4.99089e-11 1.49809e-31 8.35697e-30
5.01336e-11 1.4775e-31 8.20716e-30
5.03594e-11 1.45719e-31 8.05941e-30
5.05862e-11 1.43717e-31 7.91369e-30
5.08141e-11 1.41742e-31 7.76998e-30
5.10429e-11 1.39794e-31 7.62824e-30
5.12728e-11 1.37873e-31 7.48844e-30
5.15037e-11 1.35979e-31 7.35057e-30
5.17357e-11 1.3411e-31 7.21459e-30
5.19687e-11 1.32268e-31 7.08048e-30
5.22027e-11 1.3045e-31 6.94821e-30
5.24378e-11 1.28658e-31 6.81776e-30
5.2674e-11 1.2689e-31 6.6891e-30
5.29112e-11 1.25147e-31 6.56221e-30
5.31495e-11 1.23428e-31 6.43707e-30
5.33889e-11 1.21732e-31 6.31364e-30
5.36293e-11 1.2006e-31 6.19191e-30
5.38709e-11 1.18411e-31 6.07185e-30
5.41135e-11 1.16784e-31 5.95343e-30
5.43572e-11 1.1518e-31 5.83665e-30
5.4602e-11 1.13598e-31 5.72147e-30
5.48479e-11 1.12037e-31 5.60787e-30
5.50949e-11 1.10499e-31 5.49584e-30
5.53431e-11 1.08981e-31 5.38534e-30
5.55923e-11 1.07484e-31 5.27636e-30
5.58427e-11 1.06008e-31 5.16887e-30
5.60942e-11 1.04552e-31 5.06286e-30
5.63468e-11 1.03117e-31 4.95831e-30
5.66006e-11 1.01701e-31 4.85519e-30
5.68555e-11 1.00304e-31 4.75349e-30
5.71116e-11 9.89271e-32 4.65319e-30
5.73688e-11 9.75688e-32 4.55426e-30
5.76272e-11 9.62293e-32 4.45669e-30
5.78867e-11 9.49082e-32 4.36046e-30
5.81474e-11 9.36053e-32 4.26556e-30
5.84093e-11 9.23203e-32 4.17195e-30
5.86723e-11 9.10531e-32 4.07963e-30
5.89366e-11 8.98033e-32 3.98858e-30
5.9202e-11 8.85707e-32 3.89877e-30
5.94686e-11 8.73551e-32 3.8102e-30
5.97365e-11 8.61563e-32 3.72285e-30
6.00055e-11 8.4974e-32 3.63669e-30
6.02758e-11 8.38079e-32 3.55172e-30
6.05472e-11 8.26579e-32 3.46791e-30
6.08199e-11 8.15238e-32 3.38525e-30
6.10938e-11 8.04053e-32 3.30373e-30
6.1369e-11 7.93022e-32 3.22332e-30
6.16454e-11 7.82143e-32 3.14402e-30
6.1923e-11 7.71414e-32 3.06581e-30
6.22019e-11 7.60832e-32 2.98867e-30
6.2482e-11 7.50397e-32 2.91258e-30
6.27634e-11 7.40105e-32 2.83754e-30
6.30461e-11 7.29955e-32 2.76353e-30
6.333e-11 7.19945e-32 2.69054e-30
6.36152e-11 7.10072e-32 2.61854e-30
6.39017e-11 7.00336e-32 2.54753e-30
6.41895e-11 6.90734e-32 2.4775e-30
6.44786e-11 6.81264e-32 2.40843e-30
6.4769e-11 6.71925e-32 2.3403e-30
6.50607e-11 6.62714e-32 2.27311e-30
6.53537e-11 6.5363e-32 2.20684e-30
6.56481e-11 6.44672e-32 2.14147e-30
6.59437e-11 6.35836e-32 2.07701e-30
6.62407e-11 6.27123e-32 2.01342e-30
6.65391e-11 6.1853e-32 1.95071e-30
6.68387e-11 6.10054e-32 1.88886e-30
6.71398e-11 6.01696e-32 1.82785e-30
6.74421e-11 5.93453e-32 1.76768e-30
6.77459e-11 5.85323e-32 1.70834e-30
6.8051e-11 5.77306e-32 1.64981e-30
6.83575e-11 5.69399e-32 1.59208e-30
6.86653e-11 5.61601e-32 1.53514e-30
6.89746e-11 5.5391e-32 1.47898e-30
6.92852e-11 5.46325e-32 1.42358e-30
6.95973e-11 5.38845e-32 1.36895e-30
6.99107e-11 5.31467e-32 1.31507e-30
7.02256e-11 5.24192e-32 1.26192e-30
7.05418e-11 5.17016e-32 1.2095e-30
7.08595e-11 5.0994e-32 1.1578e-30
7.11787e-11 5.0296e-32 1.10681e-30
7.14992e-11 4.96077e-32 1.05651e-30
7.18212e-11 4.89289e-32 1.0069e-30
7.21447e-11 4.82594e-32 9.57973e-31
7.24696e-11 4.75992e-32 9.09714e-31
7.2796e-11 4.6948e-32 8.62114e-31
7.31239e-11 4.63058e-32 8.15166e-31
7.34532e-11 4.56725e-32 7.68861e-31
7.3784e-11 4.50479e-32 7.23188e-31
7.41163e-11 4.44319e-32 6.7814e-31
7.44501e-11 4.38243e-32 6.33708e-31
7.47854e-11 4.32252e-32 5.89884e-31
7.51222e-11 4.26342e-32 5.46659e-31
7.54605e-11 4.20514e-32 5.04025e-31
7.58004e-11 4.14767e-32 4.61973e-31
7.61418e-11 4.09098e-32 4.20497e-31
7.64847e-11 4.03508e-32 3.79587e-31
7.68292e-11 3.97995e-32 3.39236e-31
7.71752e-11 3.92557e-32 2.99436e-31
7.75228e-11 3.87194e-32 2.60181e-31
7.78719e-11 3.81905e-32 2.21461e-31
7.82226e-11 3.76689e-32 1.83271e-31
7.85749e-11 3.71545e-32 1.45602e-31
7.89288e-11 3.66472e-32 1.08447e-31
7.92842e-11 3.61468e-32 7.18001e-32
7.96413e-11 3.56533e-32 3.56533e-32
