1e-14 0 3.77907e-24
1.0045e-14 0 3.77907e-24
1.00903e-14 0 3.77907e-24
1.01357e-14 0 3.77907e-24
1.01814e-14 0 3.77907e-24
1.02272e-14 0 3.77907e-24
1.02733e-14 0 3.77907e-24
1.03196e-14 0 3.77907e-24
1.0366e-14 0 3.77907e-24
1.04127e-14 0 3.77907e-24
1.04596e-14 0 3.77907e-24
1.05067e-14 0 3.77907e-24
1.0554e-14 0 3.77907e-24
1.06016e-14 0 3.77907e-24
1.06493e-14 0 3.77907e-24
1.06973e-14 0 3.77907e-24
1.07455e-14 0 3.77907e-24
1.07938e-14 0 3.77907e-24
1.08425e-14 0 3.77907e-24
1.08913e-14 0 3.77907e-24
1.09403e-14 0 3.77907e-24
1.09896e-14 0 3.77907e-24
1.10391e-14 0 3.77907e-24
1.10888e-14 0 3.77907e-24
1.11388e-14 0 3.77907e-24
1.11889e-14 0 3.77907e-24
1.12393e-14 0 3.77907e-24
1.12899e-14 0 3.77907e-24
1.13408e-14 0 3.77907e-24
1.13919e-14 0 3.77907e-24
1.14432e-14 0 3.77907e-24
1.14947e-14 0 3.77907e-24
1.15465e-14 0 3.77907e-24
1.15985e-14 0 3.77907e-24
1.16507e-14 0 3.77907e-24
1.17032e-14 0 3.77907e-24
1.17559e-14 0 3.77907e-24
1.18088e-14 0 3.77907e-24
1.1862e-14 0 3.77907e-24
1.19154e-14 0 3.77907e-24
1.19691e-14 0 3.77907e-24
1.2023e-14 0 3.77907e-24
1.20772e-14 0 3.77907e-24
1.21316e-14 0 3.77907e-24
1.21862e-14 0 3.77907e-24
1.22411e-14 0 3.77907e-24
1.22962e-14 0 3.77907e-24
1.23516e-14 0 3.77907e-24
1.24072e-14 0 3.77907e-24
1.24631e-14 0 3.77907e-24
1.25192e-14 0 3.77907e-24
1.25756e-14 0 3.77907e-24
1.26322e-14 0 3.77907e-24
1.26891e-14 0 3.77907e-24
1.27463e-14 0 3.77907e-24
1.28037e-14 0 3.77907e-24
1.28613e-14 0 3.77907e-24
1.29193e-14 0 3.77907e-24
1.29775e-14 0 3.77907e-24
1.30359e-14 0 3.77907e-24
1.30946e-14 0 3.77907e-24
1.31536e-14 0 3.77907e-24
1.32128e-14 0 3.77907e-24
1.32723e-14 0 3.77907e-24
1.33321e-14 0 3.77907e-24
1.33922e-14 0 3.77907e-24
1.34525e-14 0 3.77907e-24
1.35131e-14 0 3.77907e-24
1.35739e-14 0 3.77907e-24
1.3635e-14 0 3.77907e-24
1.36965e-14 0 3.77907e-24
1.37581e-14 0 3.77907e-24
1.38201e-14 0 3.77907e-24
1.38823e-14 0 3.77907e-24
1.39449e-14 0 3.77907e-24
1.40077e-14 0 3.77907e-24
1.40708e-14 0 3.77907e-24
1.41341e-14 0 3.77907e-24
1.41978e-14 0 3.77907e-24
1.42617e-14 0 3.77907e-24
1.4326e-14 0 3.77907e-24
1.43905e-14 0 3.77907e-24
1.44553e-14 0 3.77907e-24
1.45204e-14 0 3.77907e-24
1.45858e-14 0 3.77907e-24
1.46515e-14 0 3.77907e-24
1.47175e-14 0 3.77907e-24
1.47837e-14 0 3.77907e-24
1.48503e-14 0 3.77907e-24
1.49172e-14 0 3.77907e-24
1.49844e-14 0 3.77907e-24
1.50519e-14 0 3.77907e-24
1.51197e-14 0 3.77907e-24
1.51878e-14 0 3.77907e-24
1.52562e-14 0 3.77907e-24
1.53249e-14 0 3.77907e-24
1.53939e-14 0 3.77907e-24
1.54632e-14 0 3.77907e-24
1.55329e-14 0 3.77907e-24
1.56028e-14 0 3.77907e-24
1.56731e-14 0 3.77907e-24
1.57437e-14 0 3.77907e-24
1.58146e-14 0 3.77907e-24
1.58858e-14 0 3.77907e-24
1.59573e-14 0 3.77907e-24
1.60292e-14 0 3.77907e-24
1.61014e-14 0 3.77907e-24
1.61739e-14 0 3.77907e-24
1.62468e-14 0 3.77907e-24
1.63199e-14 0 3.77907e-24
1.63934e-14 0 3.77907e-24
1.64673e-14 0 3.77907e-24
1.65414e-14 0 3.77907e-24
1.66159e-14 0 3.77907e-24
1.66908e-14 0 3.77907e-24
1.67659e-14 0 3.77907e-24
1.68414e-14 0 3.77907e-24
1.69173e-14 0 3.77907e-24
1.69935e-14 0 3.77907e-24
1.707e-14 0 3.77907e-24
1.71469e-14 0 3.77907e-24
1.72241e-14 0 3.77907e-24
1.73017e-14 0 3.77907e-24
1.73796e-14 0 3.77907e-24
1.74579e-14 0 3.77907e-24
1.75365e-14 0 3.77907e-24
1.76155e-14 0 3.77907e-24
1.76948e-14 0 3.77907e-24
1.77745e-14 0 3.77907e-24
1.78546e-14 0 3.77907e-24
1.7935e-14 0 3.77907e-24
1.80158e-14 0 3.77907e-24
1.80969e-14 0 3.77907e-24
1.81784e-14 0 3.77907e-24
1.82603e-14 0 3.77907e-24
1.83425e-14 0 3.77907e-24
1.84251e-14 0 3.77907e-24
1.85081e-14 0 3.77907e-24
1.85914e-14 0 3.77907e-24
1.86752e-14 0 3.77907e-24
1.87593e-14 0 3.77907e-24
1.88438e-14 0 3.77907e-24
1.89286e-14 0 3.77907e-24
1.90139e-14 0 3.77907e-24
1.90995e-14 0 3.77907e-24
1.91855e-14 0 3.77907e-24
1.92719e-14 0 3.77907e-24
1.93587e-14 0 3.77907e-24
1.94459e-14 0 3.77907e-24
1.95335e-14 0 3.77907e-24
1.96215e-14 0 3.77907e-24
1.97098e-14 0 3.77907e-24
1.97986e-14 0 3.77907e-24
1.98878e-14 0 3.77907e-24
1.99774e-14 0 3.77907e-24
2.00673e-14 0 3.77907e-24
2.01577e-14 0 3.77907e-24
2.02485e-14 0 3.77907e-24
2.03397e-14 0 3.77907e-24
2.04313e-14 0 3.77907e-24
2.05233e-14 0 3.77907e-24
2.06157e-14 0 3.77907e-24
2.07086e-14 0 3.77907e-24
2.08018e-14 0 3.77907e-24
2.08955e-14 0 3.77907e-24
2.09896e-14 0 3.77907e-24
2.10842e-14 0 3.77907e-24
2.11791e-14 0 3.77907e-24
2.12745e-14 0 3.77907e-24
2.13703e-14 0 3.77907e-24
2.14666e-14 0 3.77907e-24
2.15632e-14 0 3.77907e-24
2.16604e-14 0 3.77907e-24
2.17579e-14 0 3.77907e-24
2.18559e-14 0 3.77907e-24
2.19543e-14 0 3.77907e-24
2.20532e-14 0 3.77907e-24
2.21525e-14 0 3.77907e-24
2.22523e-14 0 3.77907e-24
2.23525e-14 0 3.77907e-24
2.24532e-14 0 3.77907e-24
2.25543e-14 0 3.77907e-24
2.26559e-14 0 3.77907e-24
2.27579e-14 0 3.77907e-24
2.28604e-14 0 3.77907e-24
2.29634e-14 0 3.77907e-24
2.30668e-14 0 3.77907e-24
2.31707e-14 0 3.77907e-24
2.3275e-14 0 3.77907e-24
2.33799e-14 0 3.77907e-24
2.34852e-14 0 3.77907e-24
2.35909e-14 0 3.77907e-24
2.36972e-14 0 3.77907e-24
2.38039e-14 0 3.77907e-24
2.39111e-14 0 3.77907e-24
2.40188e-14 0 3.77907e-24
2.4127e-14 0 3.77907e-24
2.42356e-14 0 3.77907e-24
2.43448e-14 0 3.77907e-24
2.44544e-14 0 3.77907e-24
2.45646e-14 0 3.77907e-24
2.46752e-14 0 3.77907e-24
2.47863e-14 0 3.77907e-24
2.4898e-14 0 3.77907e-24
2.50101e-14 0 3.77907e-24
2.51227e-14 0 3.77907e-24
2.52359e-14 0 3.77907e-24
2.53495e-14 0 3.77907e-24
2.54637e-14 0 3.77907e-24
2.55784e-14 0 3.77907e-24
2.56936e-14 0 3.77907e-24
2.58093e-14 0 3.77907e-24
2.59255e-14 0 3.77907e-24
2.60423e-14 0 3.77907e-24
2.61596e-14 0 3.77907e-24
2.62774e-14 0 3.77907e-24
2.63957e-14 0 3.77907e-24
2.65146e-14 0 3.77907e-24
2.6634e-14 0 3.77907e-24
2.6754e-14 0 3.77907e-24
2.68745e-14 0 3.77907e-24
2.69955e-14 0 3.77907e-24
2.71171e-14 0 3.77907e-24
2.72392e-14 0 3.77907e-24
2.73619e-14 0 3.77907e-24
2.74851e-14 0 3.77907e-24
2.76089e-14 0 3.77907e-24
2.77332e-14 0 3.77907e-24
2.78581e-14 0 3.77907e-24
2.79836e-14 0 3.77907e-24
2.81096e-14 0 3.77907e-24
2.82362e-14 0 3.77907e-24
2.83634e-14 0 3.77907e-24
2.84912e-14 0 3.77907e-24
2.86195e-14 0 3.77907e-24
2.87484e-14 0 3.77907e-24
2.88778e-14 0 3.77907e-24
2.90079e-14 0 3.77907e-24
2.91385e-14 0 3.77907e-24
2.92698e-14 0 3.77907e-24
2.94016e-14 0 3.77907e-24
2.9534e-14 0 3.77907e-24
2.9667e-14 0 3.77907e-24
2.98006e-14 0 3.77907e-24
2.99348e-14 0 3.77907e-24
3.00697e-14 0 3.77907e-24
3.02051e-14 0 3.77907e-24
3.03411e-14 0 3.77907e-24
3.04778e-14 0 3.77907e-24
3.0615e-14 0 3.77907e-24
3.07529e-14 0 3.77907e-24
3.08914e-14 0 3.77907e-24
3.10305e-14 0 3.77907e-24
3.11703e-14 0 3.77907e-24
3.13107e-14 0 3.77907e-24
3.14517e-14 0 3.77907e-24
3.15933e-14 0 3.77907e-24
3.17356e-14 0 3.77907e-24
3.18786e-14 0 3.77907e-24
3.20221e-14 0 3.77907e-24
3.21663e-14 0 3.77907e-24
3.23112e-14 0 3.77907e-24
3.24567e-14 0 3.77907e-24
3.26029e-14 0 3.77907e-24
3.27497e-14 0 3.77907e-24
3.28972e-14 0 3.77907e-24
3.30454e-14 0 3.77907e-24
3.31942e-14 0 3.77907e-24
3.33437e-14 0 3.77907e-24
3.34939e-14 0 3.77907e-24
3.36447e-14 0 3.77907e-24
3.37963e-14 0 3.77907e-24
3.39485e-14 0 3.77907e-24
3.41014e-14 0 3.77907e-24
3.42549e-14 0 3.77907e-24
3.44092e-14 0 3.77907e-24
3.45642e-14 0 3.77907e-24
3.47199e-14 0 3.77907e-24
3.48762e-14 0 3.77907e-24
3.50333e-14 0 3.77907e-24
3.51911e-14 0 3.77907e-24
3.53496e-14 0 3.77907e-24
3.55088e-14 0 3.77907e-24
3.56687e-14 0 3.77907e-24
3.58293e-14 0 3.77907e-24
3.59907e-14 0 3.77907e-24
3.61528e-14 0 3.77907e-24
3.63156e-14 0 3.77907e-24
3.64792e-14 0 3.77907e-24
3.66435e-14 0 3.77907e-24
3.68085e-14 0 3.77907e-24
3.69743e-14 0 3.77907e-24
3.71408e-14 0 3.77907e-24
3.73081e-14 0 3.77907e-24
3.74761e-14 0 3.77907e-24
3.76449e-14 0 3.77907e-24
3.78144e-14 0 3.77907e-24
3.79847e-14 0 3.77907e-24
3.81558e-14 0 3.77907e-24
3.83276e-14 0 3.77907e-24
3.85002e-14 0 3.77907e-24
3.86736e-14 0 3.77907e-24
3.88478e-14 0 3.77907e-24
3.90228e-14 0 3.77907e-24
3.91985e-14 0 3.77907e-24
3.93751e-14 0 3.77907e-24
3.95524e-14 0 3.77907e-24
3.97305e-14 0 3.77907e-24
3.99095e-14 0 3.77907e-24
4.00892e-14 0 3.77907e-24
4.02698e-14 0 3.77907e-24
4.04511e-14 0 3.77907e-24
4.06333e-14 0 3.77907e-24
4.08163e-14 0 3.77907e-24
4.10001e-14 0 3.77907e-24
4.11848e-14 0 3.77907e-24
4.13703e-14 0 3.77907e-24
4.15566e-14 0 3.77907e-24
4.17437e-14 0 3.77907e-24
4.19317e-14 0 3.77907e-24
4.21206e-14 0 3.77907e-24
4.23103e-14 0 3.77907e-24
4.25008e-14 0 3.77907e-24
4.26922e-14 0 3.77907e-24
4.28845e-14 0 3.77907e-24
4.30777e-14 0 3.77907e-24
4.32717e-14 0 3.77907e-24
4.34666e-14 0 3.77907e-24
4.36623e-14 0 3.77907e-24
4.3859e-14 0 3.77907e-24
4.40565e-14 0 3.77907e-24
4.42549e-14 0 3.77907e-24
4.44542e-14 0 3.77907e-24
4.46544e-14 0 3.77907e-24
4.48555e-14 0 3.77907e-24
4.50575e-14 0 3.77907e-24
4.52605e-14 0 3.77907e-24
4.54643e-14 0 3.77907e-24
4.56691e-14 0 3.77907e-24
4.58748e-14 0 3.77907e-24
4.60814e-14 0 3.77907e-24
4.62889e-14 0 3.77907e-24
4.64974e-14 0 3.77907e-24
4.67068e-14 0 3.77907e-24
4.69171e-14 0 3.77907e-24
4.71284e-14 0 3.77907e-24
4.73407e-14 0 3.77907e-24
4.75539e-14 0 3.77907e-24
4.77681e-14 0 3.77907e-24
4.79832e-14 0 3.77907e-24
4.81993e-14 0 3.77907e-24
4.84164e-14 0 3.77907e-24
4.86344e-14 0 3.77907e-24
4.88535e-14 0 3.77907e-24
4.90735e-14 0 3.77907e-24
4.92945e-14 0 3.77907e-24
4.95165e-14 0 3.77907e-24
4.97395e-14 0 3.77907e-24
4.99635e-14 0 3.77907e-24
5.01886e-14 0 3.77907e-24
5.04146e-14 0 3.77907e-24
5.06416e-14 0 3.77907e-24
5.08697e-14 0 3.77907e-24
5.10988e-14 0 3.77907e-24
5.13289e-14 0 3.77907e-24
5.15601e-14 0 3.77907e-24
5.17923e-14 0 3.77907e-24
5.20256e-14 0 3.77907e-24
5.22599e-14 0 3.77907e-24
5.24953e-14 0 3.77907e-24
5.27317e-14 0 3.77907e-24
5.29692e-14 0 3.77907e-24
5.32077e-14 0 3.77907e-24
5.34474e-14 0 3.77907e-24
5.36881e-14 0 3.77907e-24
5.39299e-14 0 3.77907e-24
5.41728e-14 0 3.77907e-24
5.44167e-14 0 3.77907e-24
5.46618e-14 0 3.77907e-24
5.4908e-14 0 3.77907e-24
5.51553e-14 0 3.77907e-24
5.54037e-14 0 3.77907e-24
5.56532e-14 0 3.77907e-24
5.59039e-14 0 3.77907e-24
5.61556e-14 0 3.77907e-24
5.64085e-14 0 3.77907e-24
5.66626e-14 0 3.77907e-24
5.69178e-14 0 3.77907e-24
5.71741e-14 0 3.77907e-24
5.74316e-14 0 3.77907e-24
5.76903e-14 0 3.77907e-24
5.79501e-14 0 3.77907e-24
5.82111e-14 0 3.77907e-24
5.84732e-14 0 3.77907e-24
5.87366e-14 0 3.77907e-24
5.90011e-14 0 3.77907e-24
5.92668e-14 0 3.77907e-24
5.95338e-14 0 3.77907e-24
5.98019e-14 0 3.77907e-24
6.00712e-14 0 3.77907e-24
6.03418e-14 0 3.77907e-24
6.06135e-14 0 3.77907e-24
6.08865e-14 0 3.77907e-24
6.11607e-14 0 3.77907e-24
6.14362e-14 0 3.77907e-24
6.17129e-14 0 3.77907e-24
6.19908e-14 0 3.77907e-24
6.227e-14 0 3.77907e-24
6.25504e-14 0 3.77907e-24
6.28321e-14 0 3.77907e-24
6.31151e-14 0 3.77907e-24
6.33994e-14 0 3.77907e-24
6.36849e-14 0 3.77907e-24
6.39717e-14 0 3.77907e-24
6.42598e-14 0 3.77907e-24
6.45492e-14 0 3.77907e-24
6.484e-14 0 3.77907e-24
6.5132e-14 0 3.77907e-24
6.54253e-14 0 3.77907e-24
6.572e-14 0 3.77907e-24
6.6016e-14 0 3.77907e-24
6.63133e-14 0 3.77907e-24
6.66119e-14 0 3.77907e-24
6.69119e-14 0 3.77907e-24
6.72133e-14 0 3.77907e-24
6.7516e-14 0 3.77907e-24
6.78201e-14 0 3.77907e-24
6.81255e-14 0 3.77907e-24
6.84323e-14 0 3.77907e-24
6.87405e-14 0 3.77907e-24
6.90501e-14 0 3.77907e-24
6.93611e-14 0 3.77907e-24
6.96735e-14 0 3.77907e-24
6.99873e-14 0 3.77907e-24
7.03025e-14 0 3.77907e-24
7.06191e-14 0 3.77907e-24
7.09371e-14 0 3.77907e-24
7.12566e-14 0 3.77907e-24
7.15775e-14 0 3.77907e-24
7.18999e-14 0 3.77907e-24
7.22237e-14 0 3.77907e-24
7.2549e-14 0 3.77907e-24
7.28757e-14 0 3.77907e-24
7.32039e-14 0 3.77907e-24
7.35336e-14 0 3.77907e-24
7.38648e-14 0 3.77907e-24
7.41975e-14 0 3.77907e-24
7.45316e-14 0 3.77907e-24
7.48673e-14 0 3.77907e-24
7.52045e-14 0 3.77907e-24
7.55432e-14 0 3.77907e-24
7.58834e-14 0 3.77907e-24
7.62252e-14 0 3.77907e-24
7.65685e-14 0 3.77907e-24
7.69133e-14 0 3.77907e-24
7.72597e-14 0 3.77907e-24
7.76076e-14 0 3.77907e-24
7.79572e-14 0 3.77907e-24
7.83083e-14 0 3.77907e-24
7.86609e-14 0 3.77907e-24
7.90152e-14 0 3.77907e-24
7.93711e-14 0 3.77907e-24
7.97285e-14 0 3.77907e-24
8.00876e-14 0 3.77907e-24
8.04483e-14 0 3.77907e-24
8.08106e-14 0 3.77907e-24
8.11746e-14 0 3.77907e-24
8.15402e-14 0 3.77907e-24
8.19074e-14 0 3.77907e-24
8.22763e-14 0 3.77907e-24
8.26468e-14 0 3.77907e-24
8.3019e-14 0 3.77907e-24
8.33929e-14 0 3.77907e-24
8.37685e-14 0 3.77907e-24
8.41458e-14 0 3.77907e-24
8.45247e-14 0 3.77907e-24
8.49054e-14 0 3.77907e-24
8.52878e-14 0 3.77907e-24
8.56719e-14 0 3.77907e-24
8.60578e-14 0 3.77907e-24
8.64453e-14 0 3.77907e-24
8.68347e-14 0 3.77907e-24
8.72257e-14 0 3.77907e-24
8.76186e-14 0 3.77907e-24
8.80132e-14 0 3.77907e-24
8.84096e-14 0 3.77907e-24
8.88077e-14 0 3.77907e-24
8.92077e-14 0 3.77907e-24
8.96095e-14 0 3.77907e-24
9.00131e-14 0 3.77907e-24
9.04184e-14 0 3.77907e-24
9.08257e-14 0 3.77907e-24
9.12347e-14 0 3.77907e-24
9.16456e-14 0 3.77907e-24
9.20584e-14 0 3.77907e-24
9.2473e-14 0 3.77907e-24
9.28894e-14 0 3.77907e-24
9.33078e-14 0 3.77907e-24
9.3728e-14 0 3.77907e-24
9.41501e-14 0 3.77907e-24
9.45742e-14 0 3.77907e-24
9.50001e-14 0 3.77907e-24
9.54279e-14 0 3.77907e-24
9.58577e-14 0 3.77907e-24
9.62894e-14 0 3.77907e-24
9.67231e-14 0 3.77907e-24
9.71587e-14 0 3.77907e-24
9.75963e-14 0 3.77907e-24
9.80358e-14 0 3.77907e-24
9.84774e-14 0 3.77907e-24
9.89209e-14 0 3.77907e-24
9.93664e-14 0 3.77907e-24
9.98139e-14 0 3.77907e-24
1.00263e-13 0 3.77907e-24
1.00715e-13 0 3.77907e-24
1.01169e-13 0 3.77907e-24
1.01624e-13 0 3.77907e-24
1.02082e-13 0 3.77907e-24
1.02542e-13 0 3.77907e-24
1.03003e-13 0 3.77907e-24
1.03467e-13 0 3.77907e-24
1.03933e-13 0 3.77907e-24
1.04401e-13 0 3.77907e-24
1.04872e-13 0 3.77907e-24
1.05344e-13 0 3.77907e-24
1.05818e-13 0 3.77907e-24
1.06295e-13 0 3.77907e-24
1.06774e-13 0 3.77907e-24
1.07255e-13 0 3.77907e-24
1.07738e-13 0 3.77907e-24
1.08223e-13 0 3.77907e-24
1.0871e-13 0 3.77907e-24
1.092e-13 0 3.77907e-24
1.09692e-13 0 3.77907e-24
1.10186e-13 0 3.77907e-24
1.10682e-13 0 3.77907e-24
1.1118e-13 0 3.77907e-24
1.11681e-13 0 3.77907e-24
1.12184e-13 0 3.77907e-24
1.12689e-13 0 3.77907e-24
1.13197e-13 0 3.77907e-24
1.13707e-13 0 3.77907e-24
1.14219e-13 0 3.77907e-24
1.14733e-13 0 3.77907e-24
1.1525e-13 0 3.77907e-24
1.15769e-13 0 3.77907e-24
1.1629e-13 0 3.77907e-24
1.16814e-13 0 3.77907e-24
1.1734e-13 0 3.77907e-24
1.17869e-13 0 3.77907e-24
1.18399e-13 0 3.77907e-24
1.18933e-13 0 3.77907e-24
1.19468e-13 0 3.77907e-24
1.20006e-13 0 3.77907e-24
1.20547e-13 0 3.77907e-24
1.2109e-13 0 3.77907e-24
1.21635e-13 0 3.77907e-24
1.22183e-13 0 3.77907e-24
1.22733e-13 0 3.77907e-24
1.23286e-13 0 3.77907e-24
1.23841e-13 0 3.77907e-24
1.24399e-13 0 3.77907e-24
1.24959e-13 0 3.77907e-24
1.25522e-13 0 3.77907e-24
1.26087e-13 0 3.77907e-24
1.26655e-13 0 3.77907e-24
1.27226e-13 0 3.77907e-24
1.27799e-13 0 3.77907e-24
1.28374e-13 0 3.77907e-24
1.28952e-13 0 3.77907e-24
1.29533e-13 0 3.77907e-24
1.30116e-13 0 3.77907e-24
1.30702e-13 0 3.77907e-24
1.31291e-13 0 3.77907e-24
1.31882e-13 0 3.77907e-24
1.32476e-13 0 3.77907e-24
1.33073e-13 0 3.77907e-24
1.33672e-13 0 3.77907e-24
1.34274e-13 0 3.77907e-24
1.34879e-13 0 3.77907e-24
1.35487e-13 0 3.77907e-24
1.36097e-13 0 3.77907e-24
1.3671e-13 0 3.77907e-24
1.37325e-13 0 3.77907e-24
1.37944e-13 0 3.77907e-24
1.38565e-13 0 3.77907e-24
1.39189e-13 0 3.77907e-24
1.39816e-13 0 3.77907e-24
1.40446e-13 0 3.77907e-24
1.41078e-13 0 3.77907e-24
1.41714e-13 0 3.77907e-24
1.42352e-13 0 3.77907e-24
1.42993e-13 0 3.77907e-24
1.43637e-13 0 3.77907e-24
1.44284e-13 0 3.77907e-24
1.44934e-13 0 3.77907e-24
1.45586e-13 0 3.77907e-24
1.46242e-13 0 3.77907e-24
1.46901e-13 0 3.77907e-24
1.47562e-13 0 3.77907e-24
1.48227e-13 0 3.77907e-24
1.48894e-13 0 3.77907e-24
1.49565e-13 0 3.77907e-24
1.50239e-13 0 3.77907e-24
1.50915e-13 0 3.77907e-24
1.51595e-13 0 3.77907e-24
1.52278e-13 0 3.77907e-24
1.52963e-13 0 3.77907e-24
1.53652e-13 0 3.77907e-24
1.54344e-13 0 3.77907e-24
1.5504e-13 0 3.77907e-24
1.55738e-13 0 3.77907e-24
1.56439e-13 0 3.77907e-24
1.57144e-13 0 3.77907e-24
1.57851e-13 0 3.77907e-24
1.58562e-13 0 3.77907e-24
1.59277e-13 0 3.77907e-24
1.59994e-13 0 3.77907e-24
1.60714e-13 0 3.77907e-24
1.61438e-13 0 3.77907e-24
1.62165e-13 0 3.77907e-24
1.62896e-13 0 3.77907e-24
1.63629e-13 0 3.77907e-24
1.64366e-13 0 3.77907e-24
1.65106e-13 0 3.77907e-24
1.6585e-13 0 3.77907e-24
1.66597e-13 0 3.77907e-24
1.67347e-13 0 3.77907e-24
1.68101e-13 0 3.77907e-24
1.68858e-13 0 3.77907e-24
1.69619e-13 0 3.77907e-24
1.70382e-13 0 3.77907e-24
1.7115e-13 0 3.77907e-24
1.71921e-13 0 3.77907e-24
1.72695e-13 0 3.77907e-24
1.73473e-13 0 3.77907e-24
1.74254e-13 0 3.77907e-24
1.75039e-13 0 3.77907e-24
1.75827e-13 0 3.77907e-24
1.76619e-13 0 3.77907e-24
1.77414e-13 0 3.77907e-24
1.78213e-13 0 3.77907e-24
1.79016e-13 0 3.77907e-24
1.79822e-13 0 3.77907e-24
1.80632e-13 0 3.77907e-24
1.81446e-13 0 3.77907e-24
1.82263e-13 0 3.77907e-24
1.83084e-13 0 3.77907e-24
1.83908e-13 0 3.77907e-24
1.84736e-13 0 3.77907e-24
1.85568e-13 0 3.77907e-24
1.86404e-13 0 3.77907e-24
1.87244e-13 0 3.77907e-24
1.88087e-13 0 3.77907e-24
1.88934e-13 0 3.77907e-24
1.89785e-13 0 3.77907e-24
1.9064e-13 0 3.77907e-24
1.91498e-13 0 3.77907e-24
1.92361e-13 0 3.77907e-24
1.93227e-13 0 3.77907e-24
1.94097e-13 0 3.77907e-24
1.94972e-13 0 3.77907e-24
1.9585e-13 0 3.77907e-24
1.96732e-13 0 3.77907e-24
1.97618e-13 0 3.77907e-24
1.98508e-13 0 3.77907e-24
1.99402e-13 0 3.77907e-24
2.003e-13 0 3.77907e-24
2.01202e-13 0 3.77907e-24
2.02108e-13 0 3.77907e-24
2.03018e-13 0 3.77907e-24
2.03933e-13 0 3.77907e-24
2.04851e-13 0 3.77907e-24
2.05774e-13 0 3.77907e-24
2.067e-13 0 3.77907e-24
2.07631e-13 0 3.77907e-24
2.08566e-13 0 3.77907e-24
2.09506e-13 0 3.77907e-24
2.10449e-13 0 3.77907e-24
2.11397e-13 0 3.77907e-24
2.12349e-13 0 3.77907e-24
2.13306e-13 0 3.77907e-24
2.14266e-13 0 3.77907e-24
2.15231e-13 0 3.77907e-24
2.16201e-13 0 3.77907e-24
2.17174e-13 0 3.77907e-24
2.18152e-13 0 3.77907e-24
2.19135e-13 0 3.77907e-24
2.20122e-13 0 3.77907e-24
2.21113e-13 0 3.77907e-24
2.22109e-13 0 3.77907e-24
2.23109e-13 0 3.77907e-24
2.24114e-13 0 3.77907e-24
2.25123e-13 0 3.77907e-24
2.26137e-13 0 3.77907e-24
2.27156e-13 0 3.77907e-24
2.28179e-13 0 3.77907e-24
2.29206e-13 0 3.77907e-24
2.30239e-13 0 3.77907e-24
2.31276e-13 0 3.77907e-24
2.32317e-13 0 3.77907e-24
2.33364e-13 0 3.77907e-24
2.34415e-13 0 3.77907e-24
2.3547e-13 0 3.77907e-24
2.36531e-13 0 3.77907e-24
2.37596e-13 0 3.77907e-24
2.38666e-13 0 3.77907e-24
2.39741e-13 0 3.77907e-24
2.40821e-13 0 3.77907e-24
2.41905e-13 0 3.77907e-24
2.42995e-13 0 3.77907e-24
2.44089e-13 0 3.77907e-24
2.45188e-13 0 3.77907e-24
2.46293e-13 0 3.77907e-24
2.47402e-13 0 3.77907e-24
2.48516e-13 0 3.77907e-24
2.49635e-13 0 3.77907e-24
2.5076e-13 0 3.77907e-24
2.51889e-13 0 3.77907e-24
2.53023e-13 0 3.77907e-24
2.54163e-13 0 3.77907e-24
2.55308e-13 0 3.77907e-24
2.56458e-13 0 3.77907e-24
2.57613e-13 0 3.77907e-24
2.58773e-13 0 3.77907e-24
2.59938e-13 0 3.77907e-24
2.61109e-13 0 3.77907e-24
2.62285e-13 0 3.77907e-24
2.63466e-13 0 3.77907e-24
2.64653e-13 0 3.77907e-24
2.65845e-13 0 3.77907e-24
2.67042e-13 0 3.77907e-24
2.68245e-13 0 3.77907e-24
2.69453e-13 0 3.77907e-24
2.70666e-13 0 3.77907e-24
2.71885e-13 0 3.77907e-24
2.7311e-13 0 3.77907e-24
2.7434e-13 0 3.77907e-24
2.75575e-13 0 3.77907e-24
2.76816e-13 0 3.77907e-24
2.78063e-13 0 3.77907e-24
2.79315e-13 0 3.77907e-24
2.80573e-13 0 3.77907e-24
2.81837e-13 0 3.77907e-24
2.83106e-13 0 3.77907e-24
2.84381e-13 0 3.77907e-24
2.85662e-13 0 3.77907e-24
2.86949e-13 0 3.77907e-24
2.88241e-13 0 3.77907e-24
2.89539e-13 0 3.77907e-24
2.90843e-13 0 3.77907e-24
2.92153e-13 0 3.77907e-24
2.93469e-13 0 3.77907e-24
2.9479e-13 0 3.77907e-24
2.96118e-13 0 3.77907e-24
2.97452e-13 0 3.77907e-24
2.98791e-13 0 3.77907e-24
3.00137e-13 0 3.77907e-24
3.01489e-13 0 3.77907e-24
3.02847e-13 0 3.77907e-24
3.0421e-13 0 3.77907e-24
3.05581e-13 0 3.77907e-24
3.06957e-13 0 3.77907e-24
3.08339e-13 0 3.77907e-24
3.09728e-13 0 3.77907e-24
3.11123e-13 0 3.77907e-24
3.12524e-13 0 3.77907e-24
3.13932e-13 0 3.77907e-24
3.15345e-13 0 3.77907e-24
3.16766e-13 0 3.77907e-24
3.18192e-13 0 3.77907e-24
3.19625e-13 0 3.77907e-24
3.21065e-13 0 3.77907e-24
3.22511e-13 0 3.77907e-24
3.23963e-13 0 3.77907e-24
3.25422e-13 0 3.77907e-24
3.26888e-13 0 3.77907e-24
3.2836e-13 0 3.77907e-24
3.29839e-13 0 3.77907e-24
3.31324e-13 0 3.77907e-24
3.32817e-13 0 3.77907e-24
3.34316e-13 1.52538e-29 3.77907e-24
3.35821e-13 7.13052e-29 3.77905e-24
3.37334e-13 8.93515e-29 3.77898e-24
3.38853e-13 1.15042e-28 3.77889e-24
3.40379e-13 1.51348e-28 3.77878e-24
3.41912e-13 2.17122e-28 3.77863e-24
3.43452e-13 3.27571e-28 3.77841e-24
3.44999e-13 4.20967e-28 3.77808e-24
3.46552e-13 6.09594e-28 3.77766e-24
3.48113e-13 7.76094e-28 3.77705e-24
3.49681e-13 8.89065e-28 3.77628e-24
3.51256e-13 1.09117e-27 3.77539e-24
3.52838e-13 1.26511e-27 3.77429e-24
3.54427e-13 1.42397e-27 3.77303e-24
3.56023e-13 1.59717e-27 3.77161e-24
3.57627e-13 1.80959e-27 3.77001e-24
3.59237e-13 1.92277e-27 3.7682e-24
3.60855e-13 2.10814e-27 3.76628e-24
3.6248e-13 2.23181e-27 3.76417e-24
3.64113e-13 2.39396e-27 3.76194e-24
3.65753e-13 2.50651e-27 3.75954e-24
3.674e-13 2.67067e-27 3.75704e-24
3.69055e-13 2.79365e-27 3.75437e-24
3.70717e-13 2.91227e-27 3.75157e-24
3.72386e-13 3.09342e-27 3.74866e-24
3.74063e-13 3.191e-27 3.74557e-24
3.75748e-13 3.31133e-27 3.74237e-24
3.7744e-13 3.4112e-27 3.73906e-24
3.7914e-13 3.60811e-27 3.73565e-24
3.80848e-13 3.7585e-27 3.73204e-24
3.82563e-13 3.91304e-27 3.72829e-24
3.84286e-13 4.10467e-27 3.72437e-24
3.86017e-13 4.21978e-27 3.72027e-24
3.87755e-13 4.38855e-27 3.71605e-24
3.89502e-13 4.50936e-27 3.71166e-24
3.91256e-13 4.61488e-27 3.70715e-24
3.93018e-13 4.79251e-27 3.70254e-24
3.94788e-13 4.89752e-27 3.69774e-24
3.96566e-13 5.09016e-27 3.69285e-24
3.98352e-13 5.26289e-27 3.68776e-24
4.00146e-13 5.40197e-27 3.68249e-24
4.01948e-13 5.5381e-27 3.67709e-24
4.03758e-13 5.673e-27 3.67155e-24
4.05577e-13 5.85468e-27 3.66588e-24
4.07403e-13 6.02451e-27 3.66002e-24
4.09238e-13 6.18687e-27 3.654e-24
4.11081e-13 6.37803e-27 3.64781e-24
4.12933e-13 6.58982e-27 3.64144e-24
4.14792e-13 6.83899e-27 3.63485e-24
4.16661e-13 6.96535e-27 3.62801e-24
4.18537e-13 7.15069e-27 3.62104e-24
4.20422e-13 7.31363e-27 3.61389e-24
4.22315e-13 7.4045e-27 3.60658e-24
4.24217e-13 7.57444e-27 3.59917e-24
4.26128e-13 7.73634e-27 3.5916e-24
4.28047e-13 7.85915e-27 3.58386e-24
4.29975e-13 7.99118e-27 3.576e-24
4.31911e-13 8.09187e-27 3.56801e-24
4.33857e-13 8.13473e-27 3.55992e-24
4.35811e-13 8.2896e-27 3.55178e-24
4.37773e-13 8.41983e-27 3.54349e-24
4.39745e-13 8.5108e-27 3.53508e-24
4.41725e-13 8.55307e-27 3.52656e-24
4.43715e-13 8.65358e-27 3.51801e-24
4.45713e-13 8.70762e-27 3.50936e-24
4.47721e-13 8.76318e-27 3.50065e-24
4.49737e-13 8.84022e-27 3.49189e-24
4.51762e-13 8.98124e-27 3.48305e-24
4.53797e-13 9.13669e-27 3.47407e-24
4.55841e-13 9.28673e-27 3.46493e-24
4.57894e-13 9.33521e-27 3.45564e-24
4.59956e-13 9.4757e-27 3.44631e-24
4.62028e-13 9.58398e-27 3.43683e-24
4.64108e-13 9.65811e-27 3.42725e-24
4.66199e-13 9.79695e-27 3.41759e-24
4.68298e-13 9.83118e-27 3.40779e-24
4.70407e-13 9.85354e-27 3.39796e-24
4.72526e-13 9.93743e-27 3.38811e-24
4.74654e-13 1.00629e-26 3.37817e-24
4.76792e-13 1.01385e-26 3.36811e-24
4.78939e-13 1.02759e-26 3.35797e-24
4.81096e-13 1.03854e-26 3.34769e-24
4.83263e-13 1.05205e-26 3.33731e-24
4.85439e-13 1.0671e-26 3.32679e-24
4.87626e-13 1.07685e-26 3.31612e-24
4.89822e-13 1.0839e-26 3.30535e-24
4.92028e-13 1.09011e-26 3.29451e-24
4.94244e-13 1.10485e-26 3.28361e-24
4.9647e-13 1.12899e-26 3.27256e-24
4.98705e-13 1.14883e-26 3.26127e-24
5.00952e-13 1.16426e-26 3.24978e-24
5.03208e-13 1.18762e-26 3.23814e-24
5.05474e-13 1.20896e-26 3.22626e-24
5.0775e-13 1.23845e-26 3.21417e-24
5.10037e-13 1.25877e-26 3.20179e-24
5.12334e-13 1.27806e-26 3.1892e-24
5.14642e-13 1.3066e-26 3.17642e-24
5.16959e-13 1.33726e-26 3.16335e-24
5.19288e-13 1.35825e-26 3.14998e-24
5.21626e-13 1.37914e-26 3.1364e-24
5.23976e-13 1.40302e-26 3.12261e-24
5.26336e-13 1.42231e-26 3.10858e-24
5.28706e-13 1.44165e-26 3.09435e-24
5.31087e-13 1.46502e-26 3.07994e-24
5.33479e-13 1.48339e-26 3.06529e-24
5.35882e-13 1.50076e-26 3.05045e-24
5.38295e-13 1.51887e-26 3.03545e-24
5.40719e-13 1.53489e-26 3.02026e-24
5.43155e-13 1.55212e-26 3.00491e-24
5.45601e-13 1.56797e-26 2.98939e-24
5.48058e-13 1.57564e-26 2.97371e-24
5.50526e-13 1.58331e-26 2.95795e-24
5.53006e-13 1.59432e-26 2.94212e-24
5.55496e-13 1.59767e-26 2.92617e-24
5.57998e-13 1.59918e-26 2.9102e-24
5.60511e-13 1.60342e-26 2.89421e-24
5.63036e-13 1.60998e-26 2.87817e-24
5.65571e-13 1.614e-26 2.86207e-24
5.68119e-13 1.61688e-26 2.84593e-24
5.70677e-13 1.62292e-26 2.82976e-24
5.73247e-13 1.62353e-26 2.81353e-24
5.75829e-13 1.62711e-26 2.7973e-24
5.78422e-13 1.63125e-26 2.78103e-24
5.81027e-13 1.63536e-26 2.76471e-24
5.83644e-13 1.63547e-26 2.74836e-24
5.86273e-13 1.63683e-26 2.73201e-24
5.88913e-13 1.63841e-26 2.71564e-24
5.91566e-13 1.64309e-26 2.69925e-24
5.9423e-13 1.64942e-26 2.68282e-24
5.96906e-13 1.6565e-26 2.66633e-24
5.99594e-13 1.66154e-26 2.64976e-24
6.02295e-13 1.6662e-26 2.63315e-24
6.05007e-13 1.67103e-26 2.61649e-24
6.07732e-13 1.67311e-26 2.59978e-24
6.10469e-13 1.6763e-26 2.58305e-24
6.13218e-13 1.67918e-26 2.56628e-24
6.1598e-13 1.67959e-26 2.54949e-24
6.18754e-13 1.67745e-26 2.53269e-24
6.21541e-13 1.68348e-26 2.51592e-24
6.2434e-13 1.67845e-26 2.49909e-24
6.27152e-13 1.67905e-26 2.4823e-24
6.29977e-13 1.67451e-26 2.46551e-24
6.32814e-13 1.67385e-26 2.44877e-24
6.35664e-13 1.67132e-26 2.43203e-24
6.38527e-13 1.6722e-26 2.41531e-24
6.41403e-13 1.66908e-26 2.39859e-24
6.44291e-13 1.66633e-26 2.3819e-24
6.47193e-13 1.66191e-26 2.36524e-24
6.50108e-13 1.6578e-26 2.34862e-24
6.53036e-13 1.65652e-26 2.33204e-24
6.55977e-13 1.65375e-26 2.31547e-24
6.58931e-13 1.64683e-26 2.29894e-24
6.61899e-13 1.64012e-26 2.28247e-24
6.6488e-13 1.63351e-26 2.26607e-24
6.67874e-13 1.62936e-26 2.24973e-24
6.70882e-13 1.62363e-26 2.23344e-24
6.73903e-13 1.61579e-26 2.2172e-24
6.76938e-13 1.61443e-26 2.20104e-24
6.79987e-13 1.60893e-26 2.1849e-24
6.8305e-13 1.60207e-26 2.16881e-24
6.86126e-13 1.5975e-26 2.15279e-24
6.89216e-13 1.59175e-26 2.13682e-24
6.9232e-13 1.5854e-26 2.1209e-24
6.95438e-13 1.57839e-26 2.10504e-24
6.9857e-13 1.57464e-26 2.08926e-24
7.01716e-13 1.56973e-26 2.07351e-24
7.04877e-13 1.56305e-26 2.05782e-24
7.08051e-13 1.56252e-26 2.04219e-24
7.1124e-13 1.5567e-26 2.02656e-24
7.14443e-13 1.54935e-26 2.01099e-24
7.17661e-13 1.5482e-26 1.9955e-24
7.20893e-13 1.54891e-26 1.98002e-24
7.2414e-13 1.54428e-26 1.96453e-24
7.27401e-13 1.53561e-26 1.94909e-24
7.30677e-13 1.53734e-26 1.93373e-24
7.33968e-13 1.53259e-26 1.91836e-24
7.37273e-13 1.52468e-26 1.90303e-24
7.40594e-13 1.52097e-26 1.88778e-24
7.43929e-13 1.51039e-26 1.87257e-24
7.4728e-13 1.50634e-26 1.85747e-24
7.50645e-13 1.50154e-26 1.84241e-24
7.54026e-13 1.4959e-26 1.82739e-24
7.57422e-13 1.48823e-26 1.81243e-24
7.60833e-13 1.48097e-26 1.79755e-24
7.6426e-13 1.48416e-26 1.78274e-24
7.67702e-13 1.47863e-26 1.7679e-24
7.71159e-13 1.47501e-26 1.75311e-24
7.74632e-13 1.47113e-26 1.73836e-24
7.78121e-13 1.46741e-26 1.72365e-24
7.81625e-13 1.46493e-26 1.70898e-24
7.85146e-13 1.46173e-26 1.69433e-24
7.88682e-13 1.46004e-26 1.67971e-24
7.92234e-13 1.45552e-26 1.66511e-24
7.95802e-13 1.4479e-26 1.65056e-24
7.99386e-13 1.44625e-26 1.63608e-24
8.02986e-13 1.43911e-26 1.62161e-24
8.06602e-13 1.43142e-26 1.60722e-24
8.10235e-13 1.42286e-26 1.59291e-24
8.13884e-13 1.41905e-26 1.57868e-24
8.1755e-13 1.4088e-26 1.56449e-24
8.21232e-13 1.40442e-26 1.5504e-24
8.2493e-13 1.40087e-26 1.53636e-24
8.28645e-13 1.39633e-26 1.52235e-24
8.32377e-13 1.38727e-26 1.50839e-24
8.36126e-13 1.38681e-26 1.49451e-24
8.39892e-13 1.38092e-26 1.48064e-24
8.43674e-13 1.37231e-26 1.46684e-24
8.47474e-13 1.36528e-26 1.45311e-24
8.51291e-13 1.36217e-26 1.43946e-24
8.55125e-13 1.35083e-26 1.42584e-24
8.58976e-13 1.3509e-26 1.41233e-24
8.62845e-13 1.34252e-26 1.39882e-24
8.66731e-13 1.33469e-26 1.3854e-24
8.70634e-13 1.32837e-26 1.37205e-24
8.74555e-13 1.32115e-26 1.35876e-24
8.78494e-13 1.31672e-26 1.34555e-24
8.82451e-13 1.31179e-26 1.33239e-24
8.86425e-13 1.30647e-26 1.31927e-24
8.90417e-13 1.30011e-26 1.3062e-24
8.94427e-13 1.29129e-26 1.2932e-24
8.98455e-13 1.28202e-26 1.28029e-24
9.02502e-13 1.27159e-26 1.26747e-24
9.06566e-13 1.26432e-26 1.25475e-24
9.10649e-13 1.25678e-26 1.24211e-24
9.14751e-13 1.24704e-26 1.22954e-24
9.1887e-13 1.23762e-26 1.21707e-24
9.23009e-13 1.23401e-26 1.2047e-24
9.27166e-13 1.22796e-26 1.19236e-24
9.31341e-13 1.22268e-26 1.18008e-24
9.35536e-13 1.21406e-26 1.16785e-24
9.39749e-13 1.20349e-26 1.15571e-24
9.43982e-13 1.19359e-26 1.14367e-24
9.48233e-13 1.18422e-26 1.13174e-24
9.52504e-13 1.18087e-26 1.1199e-24
9.56793e-13 1.1715e-26 1.10809e-24
9.61103e-13 1.16304e-26 1.09637e-24
9.65431e-13 1.15637e-26 1.08474e-24
9.69779e-13 1.1476e-26 1.07318e-24
9.74147e-13 1.13797e-26 1.0617e-24
9.78534e-13 1.13377e-26 1.05032e-24
9.82941e-13 1.12509e-26 1.03898e-24
9.87368e-13 1.11635e-26 1.02773e-24
9.91815e-13 1.10892e-26 1.01657e-24
9.96282e-13 1.10159e-26 1.00548e-24
1.00077e-12 1.09418e-26 9.94465e-25
1.00528e-12 1.0868e-26 9.83523e-25
1.0098e-12 1.07796e-26 9.72655e-25
1.01435e-12 1.07239e-26 9.61875e-25
1.01892e-12 1.06293e-26 9.51151e-25
1.02351e-12 1.05453e-26 9.40522e-25
1.02812e-12 1.04646e-26 9.29977e-25
1.03275e-12 1.04099e-26 9.19512e-25
1.0374e-12 1.03521e-26 9.09102e-25
1.04207e-12 1.02621e-26 8.9875e-25
1.04676e-12 1.0181e-26 8.88488e-25
1.05148e-12 1.00863e-26 8.78307e-25
1.05621e-12 1.00108e-26 8.68221e-25
1.06097e-12 9.93061e-27 8.5821e-25
1.06575e-12 9.83666e-27 8.48279e-25
1.07055e-12 9.72701e-27 8.38442e-25
1.07537e-12 9.6325e-27 8.28715e-25
1.08021e-12 9.53141e-27 8.19083e-25
1.08508e-12 9.4491e-27 8.09552e-25
1.08997e-12 9.36114e-27 8.00102e-25
1.09487e-12 9.25302e-27 7.90741e-25
1.09981e-12 9.16272e-27 7.81488e-25
1.10476e-12 9.06101e-27 7.72326e-25
1.10973e-12 8.98675e-27 7.63265e-25
1.11473e-12 8.90654e-27 7.54278e-25
1.11975e-12 8.81132e-27 7.45371e-25
1.1248e-12 8.71836e-27 7.3656e-25
1.12986e-12 8.61742e-27 7.27842e-25
1.13495e-12 8.53034e-27 7.19224e-25
1.14006e-12 8.4315e-27 7.10694e-25
1.1452e-12 8.33378e-27 7.02262e-25
1.15035e-12 8.23716e-27 6.93929e-25
1.15553e-12 8.14907e-27 6.85691e-25
1.16074e-12 8.05453e-27 6.77542e-25
1.16597e-12 7.96105e-27 6.69488e-25
1.17122e-12 7.86863e-27 6.61527e-25
1.17649e-12 7.77726e-27 6.53658e-25
1.18179e-12 7.69237e-27 6.45881e-25
1.18711e-12 7.60298e-27 6.38188e-25
1.19246e-12 7.5146e-27 6.30585e-25
1.19783e-12 7.42722e-27 6.23071e-25
1.20323e-12 7.34083e-27 6.15644e-25
1.20864e-12 7.25541e-27 6.08303e-25
1.21409e-12 7.17096e-27 6.01047e-25
1.21956e-12 7.08747e-27 5.93876e-25
1.22505e-12 7.01054e-27 5.86789e-25
1.23057e-12 6.92886e-27 5.79778e-25
1.23611e-12 6.84811e-27 5.7285e-25
1.24167e-12 6.76827e-27 5.66001e-25
1.24727e-12 6.68934e-27 5.59233e-25
1.25288e-12 6.6113e-27 5.52544e-25
1.25853e-12 6.53415e-27 5.45933e-25
1.26419e-12 6.45787e-27 5.39398e-25
1.26989e-12 6.38246e-27 5.32941e-25
1.27561e-12 6.30791e-27 5.26558e-25
1.28135e-12 6.2342e-27 5.2025e-25
1.28712e-12 6.16133e-27 5.14016e-25
1.29292e-12 6.08929e-27 5.07855e-25
1.29874e-12 6.01807e-27 5.01765e-25
1.30459e-12 5.94766e-27 4.95747e-25
1.31047e-12 5.87805e-27 4.898e-25
1.31637e-12 5.80924e-27 4.83922e-25
1.3223e-12 5.7412e-27 4.78112e-25
1.32825e-12 5.67395e-27 4.72371e-25
1.33424e-12 5.60746e-27 4.66697e-25
1.34024e-12 5.54172e-27 4.6109e-25
1.34628e-12 5.47674e-27 4.55548e-25
1.35234e-12 5.4125e-27 4.50071e-25
1.35843e-12 5.34899e-27 4.44659e-25
1.36455e-12 5.28621e-27 4.3931e-25
1.3707e-12 5.22414e-27 4.34024e-25
1.37687e-12 5.16279e-27 4.28799e-25
1.38307e-12 5.10213e-27 4.23637e-25
1.3893e-12 5.04217e-27 4.18534e-25
1.39556e-12 4.98289e-27 4.13492e-25
1.40184e-12 4.92429e-27 4.08509e-25
1.40816e-12 4.86637e-27 4.03585e-25
1.4145e-12 4.8091e-27 3.98719e-25
1.42087e-12 4.75249e-27 3.9391e-25
1.42727e-12 4.69654e-27 3.89157e-25
1.4337e-12 4.64122e-27 3.84461e-25
1.44015e-12 4.58653e-27 3.79819e-25
1.44664e-12 4.53248e-27 3.75233e-25
1.45315e-12 4.47904e-27 3.707e-25
1.4597e-12 4.42622e-27 3.66221e-25
1.46627e-12 4.374e-27 3.61795e-25
1.47288e-12 4.32238e-27 3.57421e-25
1.47951e-12 4.27136e-27 3.53099e-25
1.48617e-12 4.22092e-27 3.48827e-25
1.49287e-12 4.17106e-27 3.44606e-25
1.49959e-12 4.12178e-27 3.40435e-25
1.50634e-12 4.07306e-27 3.36314e-25
1.51313e-12 4.0249e-27 3.32241e-25
1.51994e-12 3.9773e-27 3.28216e-25
1.52679e-12 3.93025e-27 3.24238e-25
1.53366e-12 3.88374e-27 3.20308e-25
1.54057e-12 3.83776e-27 3.16424e-25
1.54751e-12 3.79231e-27 3.12587e-25
1.55448e-12 3.74739e-27 3.08794e-25
1.56148e-12 3.70299e-27 3.05047e-25
1.56851e-12 3.6591e-27 3.01344e-25
1.57558e-12 3.61571e-27 2.97685e-25
1.58267e-12 3.57283e-27 2.94069e-25
1.5898e-12 3.53044e-27 2.90496e-25
1.59696e-12 3.48854e-27 2.86966e-25
1.60415e-12 3.44713e-27 2.83477e-25
1.61138e-12 3.40619e-27 2.8003e-25
1.61864e-12 3.36573e-27 2.76624e-25
1.62592e-12 3.32573e-27 2.73258e-25
1.63325e-12 3.2862e-27 2.69933e-25
1.6406e-12 3.24713e-27 2.66646e-25
1.64799e-12 3.20851e-27 2.63399e-25
1.65541e-12 3.17034e-27 2.60191e-25
1.66287e-12 3.13261e-27 2.5702e-25
1.67036e-12 3.09531e-27 2.53888e-25
1.67788e-12 3.05845e-27 2.50792e-25
1.68544e-12 3.02202e-27 2.47734e-25
1.69303e-12 2.98601e-27 2.44712e-25
1.70065e-12 2.95042e-27 2.41726e-25
1.70831e-12 2.91524e-27 2.38776e-25
1.71601e-12 2.88047e-27 2.3586e-25
1.72374e-12 2.8461e-27 2.3298e-25
1.7315e-12 2.81214e-27 2.30134e-25
1.7393e-12 2.77856e-27 2.27322e-25
1.74713e-12 2.74538e-27 2.24543e-25
1.755e-12 2.71259e-27 2.21798e-25
1.7629e-12 2.68017e-27 2.19085e-25
1.77084e-12 2.64814e-27 2.16405e-25
1.77882e-12 2.61648e-27 2.13757e-25
1.78683e-12 2.58518e-27 2.1114e-25
1.79488e-12 2.55425e-27 2.08555e-25
1.80296e-12 2.52369e-27 2.06001e-25
1.81108e-12 2.49347e-27 2.03477e-25
1.81924e-12 2.46362e-27 2.00984e-25
1.82743e-12 2.43411e-27 1.9852e-25
1.83566e-12 2.40494e-27 1.96086e-25
1.84393e-12 2.37611e-27 1.93681e-25
1.85223e-12 2.34763e-27 1.91305e-25
1.86057e-12 2.31947e-27 1.88957e-25
1.86895e-12 2.29164e-27 1.86638e-25
1.87737e-12 2.26414e-27 1.84346e-25
1.88583e-12 2.23696e-27 1.82082e-25
1.89432e-12 2.2101e-27 1.79845e-25
1.90285e-12 2.18356e-27 1.77635e-25
1.91142e-12 2.15732e-27 1.75451e-25
1.92003e-12 2.13139e-27 1.73294e-25
1.92868e-12 2.10577e-27 1.71163e-25
1.93736e-12 2.08044e-27 1.69057e-25
1.94609e-12 2.05542e-27 1.66976e-25
1.95485e-12 2.03068e-27 1.64921e-25
1.96366e-12 2.00624e-27 1.6289e-25
1.9725e-12 1.98208e-27 1.60884e-25
1.98138e-12 1.95821e-27 1.58902e-25
1.99031e-12 1.93462e-27 1.56944e-25
1.99927e-12 1.9113e-27 1.55009e-25
2.00827e-12 1.88826e-27 1.53098e-25
2.01732e-12 1.86549e-27 1.5121e-25
2.0264e-12 1.84299e-27 1.49344e-25
2.03553e-12 1.82075e-27 1.47501e-25
2.0447e-12 1.79877e-27 1.4568e-25
2.05391e-12 1.77705e-27 1.43882e-25
2.06316e-12 1.75559e-27 1.42105e-25
2.07245e-12 1.73438e-27 1.40349e-25
2.08178e-12 1.71342e-27 1.38615e-25
2.09116e-12 1.69271e-27 1.36901e-25
2.10058e-12 1.67224e-27 1.35209e-25
2.11004e-12 1.65202e-27 1.33536e-25
2.11954e-12 1.63203e-27 1.31884e-25
2.12909e-12 1.61228e-27 1.30252e-25
2.13867e-12 1.59276e-27 1.2864e-25
2.14831e-12 1.57347e-27 1.27047e-25
2.15798e-12 1.55441e-27 1.25474e-25
2.1677e-12 1.53558e-27 1.23919e-25
2.17746e-12 1.51696e-27 1.22384e-25
2.18727e-12 1.49857e-27 1.20867e-25
2.19712e-12 1.4804e-27 1.19368e-25
2.20702e-12 1.46244e-27 1.17888e-25
2.21696e-12 1.44469e-27 1.16425e-25
2.22694e-12 1.42715e-27 1.14981e-25
2.23697e-12 1.40983e-27 1.13554e-25
2.24704e-12 1.3927e-27 1.12144e-25
2.25716e-12 1.37578e-27 1.10751e-25
2.26733e-12 1.35906e-27 1.09375e-25
2.27754e-12 1.34254e-27 1.08016e-25
2.2878e-12 1.32621e-27 1.06674e-25
2.2981e-12 1.31008e-27 1.05347e-25
2.30845e-12 1.29414e-27 1.04037e-25
2.31885e-12 1.27839e-27 1.02743e-25
2.32929e-12 1.26283e-27 1.01465e-25
2.33978e-12 1.24745e-27 1.00202e-25
2.35032e-12 1.23225e-27 9.89545e-26
2.36091e-12 1.21723e-27 9.77222e-26
2.37154e-12 1.2024e-27 9.6505e-26
2.38222e-12 1.18774e-27 9.53026e-26
2.39295e-12 1.17325e-27 9.41149e-26
2.40373e-12 1.15894e-27 9.29416e-26
2.41455e-12 1.14479e-27 9.17827e-26
2.42543e-12 1.13082e-27 9.06379e-26
2.43635e-12 1.11701e-27 8.95071e-26
2.44732e-12 1.10337e-27 8.83901e-26
2.45834e-12 1.08989e-27 8.72867e-26
2.46942e-12 1.07657e-27 8.61968e-26
2.48054e-12 1.06341e-27 8.51202e-26
2.49171e-12 1.0504e-27 8.40568e-26
2.50293e-12 1.03755e-27 8.30064e-26
2.5142e-12 1.02486e-27 8.19689e-26
2.52553e-12 1.01232e-27 8.0944e-26
2.5369e-12 9.99922e-28 7.99317e-26
2.54833e-12 9.87676e-28 7.89318e-26
2.5598e-12 9.75577e-28 7.79441e-26
2.57133e-12 9.63623e-28 7.69685e-26
2.58291e-12 9.51812e-28 7.60049e-26
2.59454e-12 9.40142e-28 7.50531e-26
2.60623e-12 9.28612e-28 7.41129e-26
2.61797e-12 9.1722e-28 7.31843e-26
2.62976e-12 9.05965e-28 7.22671e-26
2.6416e-12 8.94844e-28 7.13612e-26
2.6535e-12 8.83857e-28 7.04663e-26
2.66545e-12 8.73002e-28 6.95825e-26
2.67745e-12 8.62276e-28 6.87094e-26
2.68951e-12 8.5168e-28 6.78472e-26
2.70162e-12 8.41211e-28 6.69955e-26
2.71379e-12 8.30867e-28 6.61543e-26
2.72601e-12 8.20648e-28 6.53234e-26
2.73829e-12 8.10551e-28 6.45028e-26
2.75062e-12 8.00576e-28 6.36922e-26
2.76301e-12 7.90721e-28 6.28916e-26
2.77546e-12 7.80984e-28 6.21009e-26
2.78796e-12 7.71364e-28 6.13199e-26
2.80051e-12 7.6186e-28 6.05486e-26
2.81312e-12 7.52471e-28 5.97867e-26
2.82579e-12 7.43195e-28 5.90342e-26
2.83852e-12 7.3403e-28 5.8291e-26
2.8513e-12 7.24976e-28 5.7557e-26
2.86415e-12 7.16031e-28 5.6832e-26
2.87705e-12 7.07193e-28 5.6116e-26
2.89e-12 6.98463e-28 5.54088e-26
2.90302e-12 6.89837e-28 5.47104e-26
2.91609e-12 6.81316e-28 5.40205e-26
2.92923e-12 6.72898e-28 5.33392e-26
2.94242e-12 6.64581e-28 5.26663e-26
2.95567e-12 6.56365e-28 5.20017e-26
2.96898e-12 6.48248e-28 5.13454e-26
2.98235e-12 6.40229e-28 5.06971e-26
2.99578e-12 6.32307e-28 5.00569e-26
3.00928e-12 6.24481e-28 4.94246e-26
3.02283e-12 6.1675e-28 4.88001e-26
3.03644e-12 6.09112e-28 4.81833e-26
3.05012e-12 6.01567e-28 4.75742e-26
3.06386e-12 5.94113e-28 4.69727e-26
3.07765e-12 5.86749e-28 4.63785e-26
3.09152e-12 5.79474e-28 4.57918e-26
3.10544e-12 5.72288e-28 4.52123e-26
3.11942e-12 5.65189e-28 4.464e-26
3.13347e-12 5.58176e-28 4.40748e-26
3.14759e-12 5.51248e-28 4.35167e-26
3.16176e-12 5.44404e-28 4.29654e-26
3.176e-12 5.37643e-28 4.2421e-26
3.19031e-12 5.30964e-28 4.18834e-26
3.20467e-12 5.24366e-28 4.13524e-26
3.21911e-12 5.17849e-28 4.0828e-26
3.2336e-12 5.11411e-28 4.03102e-26
3.24817e-12 5.0505e-28 3.97988e-26
3.2628e-12 4.98768e-28 3.92937e-26
3.27749e-12 4.92562e-28 3.8795e-26
3.29225e-12 4.86431e-28 3.83024e-26
3.30708e-12 4.80375e-28 3.7816e-26
3.32197e-12 4.74392e-28 3.73356e-26
3.33693e-12 4.68483e-28 3.68612e-26
3.35196e-12 4.62645e-28 3.63927e-26
3.36706e-12 4.56879e-28 3.59301e-26
3.38222e-12 4.51183e-28 3.54732e-26
3.39746e-12 4.45556e-28 3.5022e-26
3.41276e-12 4.39998e-28 3.45765e-26
3.42813e-12 4.34508e-28 3.41365e-26
3.44357e-12 4.29085e-28 3.3702e-26
3.45908e-12 4.23728e-28 3.32729e-26
3.47465e-12 4.18437e-28 3.28491e-26
3.4903e-12 4.1321e-28 3.24307e-26
3.50602e-12 4.08047e-28 3.20175e-26
3.52181e-12 4.02947e-28 3.16095e-26
3.53767e-12 3.97909e-28 3.12065e-26
3.55361e-12 3.92933e-28 3.08086e-26
3.56961e-12 3.88018e-28 3.04157e-26
3.58569e-12 3.83163e-28 3.00276e-26
3.60184e-12 3.78368e-28 2.96445e-26
3.61806e-12 3.73631e-28 2.92661e-26
3.63435e-12 3.68953e-28 2.88925e-26
3.65072e-12 3.64331e-28 2.85235e-26
3.66716e-12 3.59766e-28 2.81592e-26
3.68368e-12 3.55258e-28 2.77994e-26
3.70027e-12 3.50804e-28 2.74442e-26
3.71693e-12 3.46405e-28 2.70934e-26
3.73367e-12 3.4206e-28 2.6747e-26
3.75049e-12 3.37769e-28 2.64049e-26
3.76738e-12 3.3353e-28 2.60671e-26
3.78435e-12 3.29343e-28 2.57336e-26
3.80139e-12 3.25208e-28 2.54043e-26
3.81851e-12 3.21124e-28 2.50791e-26
3.83571e-12 3.17089e-28 2.47579e-26
3.85298e-12 3.13105e-28 2.44408e-26
3.87034e-12 3.09169e-28 2.41277e-26
3.88777e-12 3.05282e-28 2.38186e-26
3.90528e-12 3.01442e-28 2.35133e-26
3.92286e-12 2.9765e-28 2.32118e-26
3.94053e-12 2.93905e-28 2.29142e-26
3.95828e-12 2.90205e-28 2.26203e-26
3.97611e-12 2.86552e-28 2.23301e-26
3.99401e-12 2.82943e-28 2.20435e-26
4.012e-12 2.79379e-28 2.17606e-26
4.03007e-12 2.75858e-28 2.14812e-26
4.04822e-12 2.72382e-28 2.12054e-26
4.06645e-12 2.68948e-28 2.0933e-26
4.08477e-12 2.65556e-28 2.0664e-26
4.10316e-12 2.62207e-28 2.03985e-26
4.12164e-12 2.58898e-28 2.01363e-26
4.1402e-12 2.55631e-28 1.98774e-26
4.15885e-12 2.52404e-28 1.96217e-26
4.17758e-12 2.49217e-28 1.93693e-26
4.1964e-12 2.46069e-28 1.91201e-26
4.2153e-12 2.4296e-28 1.8874e-26
4.23428e-12 2.3989e-28 1.86311e-26
4.25335e-12 2.36858e-28 1.83912e-26
4.27251e-12 2.33863e-28 1.81543e-26
4.29175e-12 2.30905e-28 1.79205e-26
4.31108e-12 2.27984e-28 1.76896e-26
4.33049e-12 2.25099e-28 1.74616e-26
4.35e-12 2.2225e-28 1.72365e-26
4.36959e-12 2.19437e-28 1.70142e-26
4.38927e-12 2.16658e-28 1.67948e-26
4.40903e-12 2.13913e-28 1.65781e-26
4.42889e-12 2.11203e-28 1.63642e-26
4.44884e-12 2.08526e-28 1.6153e-26
4.46887e-12 2.05883e-28 1.59445e-26
4.489e-12 2.03272e-28 1.57386e-26
4.50922e-12 2.00694e-28 1.55353e-26
4.52953e-12 1.98148e-28 1.53346e-26
4.54993e-12 1.95633e-28 1.51365e-26
4.57042e-12 1.9315e-28 1.49409e-26
4.591e-12 1.90698e-28 1.47477e-26
4.61168e-12 1.88276e-28 1.4557e-26
4.63245e-12 1.85884e-28 1.43687e-26
4.65331e-12 1.83522e-28 1.41829e-26
4.67427e-12 1.81189e-28 1.39993e-26
4.69532e-12 1.78886e-28 1.38181e-26
4.71647e-12 1.76611e-28 1.36393e-26
4.73771e-12 1.74365e-28 1.34626e-26
4.75904e-12 1.72146e-28 1.32883e-26
4.78048e-12 1.69955e-28 1.31161e-26
4.80201e-12 1.67792e-28 1.29462e-26
4.82363e-12 1.65656e-28 1.27784e-26
4.84536e-12 1.63546e-28 1.26127e-26
4.86718e-12 1.61462e-28 1.24492e-26
4.8891e-12 1.59405e-28 1.22877e-26
4.91112e-12 1.57373e-28 1.21283e-26
4.93324e-12 1.55367e-28 1.19709e-26
4.95546e-12 1.53385e-28 1.18156e-26
4.97777e-12 1.51429e-28 1.16622e-26
5.00019e-12 1.49497e-28 1.15108e-26
5.02271e-12 1.47589e-28 1.13613e-26
5.04533e-12 1.45705e-28 1.12137e-26
5.06806e-12 1.43844e-28 1.1068e-26
5.09088e-12 1.42007e-28 1.09241e-26
5.11381e-12 1.40193e-28 1.07821e-26
5.13684e-12 1.38402e-28 1.06419e-26
5.15997e-12 1.36633e-28 1.05035e-26
5.18321e-12 1.34886e-28 1.03669e-26
5.20656e-12 1.33161e-28 1.0232e-26
5.23001e-12 1.31458e-28 1.00989e-26
5.25356e-12 1.29776e-28 9.96739e-27
5.27722e-12 1.28115e-28 9.83762e-27
5.30099e-12 1.26475e-28 9.7095e-27
5.32486e-12 1.24856e-28 9.58303e-27
5.34884e-12 1.23257e-28 9.45817e-27
5.37293e-12 1.21678e-28 9.33492e-27
5.39713e-12 1.20118e-28 9.21324e-27
5.42144e-12 1.18579e-28 9.09312e-27
5.44586e-12 1.17059e-28 8.97454e-27
5.47038e-12 1.15558e-28 8.85748e-27
5.49502e-12 1.14076e-28 8.74193e-27
5.51977e-12 1.12612e-28 8.62785e-27
5.54463e-12 1.11167e-28 8.51524e-27
5.5696e-12 1.0974e-28 8.40407e-27
5.59468e-12 1.08331e-28 8.29433e-27
5.61988e-12 1.0694e-28 8.186e-27
5.64519e-12 1.05566e-28 8.07906e-27
5.67061e-12 1.0421e-28 7.97349e-27
5.69615e-12 1.0287e-28 7.86928e-27
5.72181e-12 1.01548e-28 7.76641e-27
5.74757e-12 1.00242e-28 7.66487e-27
5.77346e-12 9.89531e-29 7.56462e-27
5.79946e-12 9.76801e-29 7.46567e-27
5.82558e-12 9.64232e-29 7.36799e-27
5.85182e-12 9.51822e-29 7.27157e-27
5.87817e-12 9.39568e-29 7.17638e-27
5.90465e-12 9.2747e-29 7.08243e-27
5.93124e-12 9.15524e-29 6.98968e-27
5.95795e-12 9.03729e-29 6.89813e-27
5.98478e-12 8.92083e-29 6.80776e-27
6.01174e-12 8.80585e-29 6.71855e-27
6.03881e-12 8.69232e-29 6.63049e-27
6.06601e-12 8.58022e-29 6.54357e-27
6.09333e-12 8.46955e-29 6.45776e-27
6.12077e-12 8.36028e-29 6.37307e-27
6.14834e-12 8.25239e-29 6.28947e-27
6.17603e-12 8.14586e-29 6.20694e-27
6.20384e-12 8.04069e-29 6.12548e-27
6.23178e-12 7.93685e-29 6.04508e-27
6.25985e-12 7.83433e-29 5.96571e-27
6.28804e-12 7.7331e-29 5.88736e-27
6.31636e-12 7.63316e-29 5.81003e-27
6.34481e-12 7.53449e-29 5.7337e-27
6.37339e-12 7.43707e-29 5.65836e-27
6.40209e-12 7.34089e-29 5.58399e-27
6.43092e-12 7.24593e-29 5.51058e-27
6.45989e-12 7.15217e-29 5.43812e-27
6.48898e-12 7.05961e-29 5.3666e-27
6.5182e-12 6.96822e-29 5.296e-27
6.54756e-12 6.87799e-29 5.22632e-27
6.57705e-12 6.78892e-29 5.15754e-27
6.60667e-12 6.70097e-29 5.08965e-27
6.63642e-12 6.61414e-29 5.02264e-27
6.66631e-12 6.52842e-29 4.9565e-27
6.69633e-12 6.44379e-29 4.89121e-27
6.72649e-12 6.36024e-29 4.82678e-27
6.75679e-12 6.27775e-29 4.76317e-27
6.78722e-12 6.19631e-29 4.7004e-27
6.81779e-12 6.11591e-29 4.63843e-27
6.84849e-12 6.03653e-29 4.57727e-27
6.87933e-12 5.95817e-29 4.51691e-27
6.91032e-12 5.8808e-29 4.45733e-27
6.94144e-12 5.80442e-29 4.39852e-27
6.9727e-12 5.72902e-29 4.34047e-27
7.0041e-12 5.65458e-29 4.28318e-27
7.03565e-12 5.58109e-29 4.22664e-27
7.06734e-12 5.50853e-29 4.17083e-27
7.09916e-12 5.43691e-29 4.11574e-27
7.13114e-12 5.3662e-29 4.06137e-27
7.16325e-12 5.29639e-29 4.00771e-27
7.19551e-12 5.22747e-29 3.95475e-27
7.22792e-12 5.15944e-29 3.90247e-27
7.26047e-12 5.09227e-29 3.85088e-27
7.29317e-12 5.02597e-29 3.79996e-27
7.32602e-12 4.96051e-29 3.7497e-27
7.35901e-12 4.89589e-29 3.70009e-27
7.39216e-12 4.8321e-29 3.65113e-27
7.42545e-12 4.76913e-29 3.60281e-27
7.45889e-12 4.70696e-29 3.55512e-27
7.49248e-12 4.64559e-29 3.50805e-27
7.52623e-12 4.585e-29 3.46159e-27
7.56012e-12 4.52519e-29 3.41574e-27
7.59417e-12 4.46615e-29 3.37049e-27
7.62837e-12 4.40787e-29 3.32583e-27
7.66273e-12 4.35033e-29 3.28175e-27
7.69724e-12 4.29353e-29 3.23825e-27
7.73191e-12 4.23746e-29 3.19531e-27
7.76673e-12 4.18211e-29 3.15294e-27
7.80171e-12 4.12747e-29 3.11112e-27
7.83684e-12 4.07353e-29 3.06984e-27
7.87214e-12 4.02029e-29 3.02911e-27
7.90759e-12 3.96773e-29 2.9889e-27
7.94321e-12 3.91584e-29 2.94923e-27
7.97898e-12 3.86463e-29 2.91007e-27
8.01492e-12 3.81407e-29 2.87142e-27
8.05101e-12 3.76416e-29 2.83328e-27
8.08727e-12 3.71489e-29 2.79564e-27
8.12369e-12 3.66626e-29 2.75849e-27
8.16028e-12 3.61825e-29 2.72183e-27
8.19703e-12 3.57087e-29 2.68565e-27
8.23395e-12 3.52409e-29 2.64994e-27
8.27103e-12 3.47791e-29 2.6147e-27
8.30828e-12 3.43233e-29 2.57992e-27
8.3457e-12 3.38734e-29 2.54559e-27
8.38329e-12 3.34293e-29 2.51172e-27
8.42104e-12 3.29909e-29 2.47829e-27
8.45897e-12 3.25582e-29 2.4453e-27
8.49707e-12 3.2131e-29 2.41274e-27
8.53534e-12 3.17094e-29 2.38061e-27
8.57378e-12 3.12932e-29 2.3489e-27
8.61239e-12 3.08823e-29 2.31761e-27
8.65118e-12 3.04768e-29 2.28673e-27
8.69014e-12 3.00765e-29 2.25625e-27
8.72928e-12 2.96814e-29 2.22617e-27
8.76859e-12 2.92914e-29 2.19649e-27
8.80808e-12 2.89064e-29 2.1672e-27
8.84775e-12 2.85265e-29 2.13829e-27
8.8876e-12 2.81514e-29 2.10977e-27
8.92763e-12 2.77812e-29 2.08162e-27
8.96783e-12 2.74157e-29 2.05384e-27
9.00822e-12 2.70551e-29 2.02642e-27
9.04879e-12 2.6699e-29 1.99936e-27
9.08955e-12 2.63476e-29 1.97267e-27
9.13048e-12 2.60007e-29 1.94632e-27
9.1716e-12 2.56584e-29 1.92032e-27
9.21291e-12 2.53204e-29 1.89466e-27
9.2544e-12 2.49869e-29 1.86934e-27
9.29608e-12 2.46577e-29 1.84435e-27
9.33795e-12 2.43327e-29 1.81969e-27
9.38e-12 2.4012e-29 1.79536e-27
9.42225e-12 2.36954e-29 1.77135e-27
9.46468e-12 2.33829e-29 1.74765e-27
9.50731e-12 2.30745e-29 1.72427e-27
9.55013e-12 2.27701e-29 1.7012e-27
9.59314e-12 2.24696e-29 1.67843e-27
9.63634e-12 2.21731e-29 1.65596e-27
9.67974e-12 2.18804e-29 1.63378e-27
9.72334e-12 2.15915e-29 1.6119e-27
9.76713e-12 2.13064e-29 1.59031e-27
9.81112e-12 2.10249e-29 1.56901e-27
9.8553e-12 2.07472e-29 1.54798e-27
9.89969e-12 2.0473e-29 1.52723e-27
9.94427e-12 2.02024e-29 1.50676e-27
9.98906e-12 1.99353e-29 1.48656e-27
1.0034e-11 1.96717e-29 1.46662e-27
1.00792e-11 1.94116e-29 1.44695e-27
1.01246e-11 1.91548e-29 1.42754e-27
1.01702e-11 1.89014e-29 1.40838e-27
1.0216e-11 1.86513e-29 1.38948e-27
1.0262e-11 1.84044e-29 1.37083e-27
1.03083e-11 1.81608e-29 1.35243e-27
1.03547e-11 1.79203e-29 1.33427e-27
1.04013e-11 1.7683e-29 1.31635e-27
1.04482e-11 1.74487e-29 1.29866e-27
1.04952e-11 1.72176e-29 1.28121e-27
1.05425e-11 1.69894e-29 1.264e-27
1.059e-11 1.67642e-29 1.24701e-27
1.06377e-11 1.6542e-29 1.23024e-27
1.06856e-11 1.63226e-29 1.2137e-27
1.07337e-11 1.61062e-29 1.19738e-27
1.0782e-11 1.58925e-29 1.18127e-27
1.08306e-11 1.56817e-29 1.16538e-27
1.08794e-11 1.54736e-29 1.1497e-27
1.09284e-11 1.52682e-29 1.13422e-27
1.09776e-11 1.50655e-29 1.11896e-27
1.1027e-11 1.48655e-29 1.10389e-27
1.10767e-11 1.46681e-29 1.08903e-27
1.11266e-11 1.44732e-29 1.07436e-27
1.11767e-11 1.42809e-29 1.05988e-27
1.1227e-11 1.40912e-29 1.0456e-27
1.12776e-11 1.39039e-29 1.03151e-27
1.13284e-11 1.37191e-29 1.01761e-27
1.13794e-11 1.35367e-29 1.00389e-27
1.14307e-11 1.33566e-29 9.90352e-28
1.14821e-11 1.3179e-29 9.76996e-28
1.15338e-11 1.30037e-29 9.63817e-28
1.15858e-11 1.28306e-29 9.50813e-28
1.1638e-11 1.26599e-29 9.37983e-28
1.16904e-11 1.24914e-29 9.25323e-28
1.1743e-11 1.23251e-29 9.12831e-28
1.17959e-11 1.21609e-29 9.00506e-28
1.1849e-11 1.1999e-29 8.88345e-28
1.19024e-11 1.18391e-29 8.76346e-28
1.1956e-11 1.16814e-29 8.64507e-28
1.20099e-11 1.15257e-29 8.52826e-28
1.2064e-11 1.13721e-29 8.413e-28
1.21183e-11 1.12205e-29 8.29928e-28
1.21729e-11 1.10709e-29 8.18707e-28
1.22277e-11 1.09233e-29 8.07636e-28
1.22828e-11 1.07776e-29 7.96713e-28
1.23381e-11 1.06338e-29 7.85936e-28
1.23936e-11 1.04919e-29 7.75302e-28
1.24495e-11 1.03519e-29 7.6481e-28
1.25055e-11 1.02137e-29 7.54458e-28
1.25618e-11 1.00773e-29 7.44244e-28
1.26184e-11 9.94278e-30 7.34167e-28
1.26753e-11 9.80999e-30 7.24224e-28
1.27323e-11 9.67894e-30 7.14414e-28
1.27897e-11 9.54963e-30 7.04735e-28
1.28473e-11 9.42202e-30 6.95186e-28
1.29051e-11 9.29609e-30 6.85764e-28
1.29633e-11 9.17183e-30 6.76468e-28
1.30216e-11 9.0492e-30 6.67296e-28
1.30803e-11 8.92819e-30 6.58247e-28
1.31392e-11 8.80878e-30 6.49318e-28
1.31984e-11 8.69094e-30 6.4051e-28
1.32578e-11 8.57466e-30 6.31819e-28
1.33175e-11 8.45992e-30 6.23244e-28
1.33775e-11 8.34669e-30 6.14784e-28
1.34378e-11 8.23496e-30 6.06437e-28
1.34983e-11 8.1247e-30 5.98202e-28
1.35591e-11 8.0159e-30 5.90078e-28
1.36201e-11 7.90854e-30 5.82062e-28
1.36815e-11 7.8026e-30 5.74153e-28
1.37431e-11 7.69805e-30 5.66351e-28
1.3805e-11 7.5949e-30 5.58653e-28
1.38672e-11 7.4931e-30 5.51058e-28
1.39296e-11 7.39266e-30 5.43565e-28
1.39923e-11 7.29354e-30 5.36172e-28
1.40554e-11 7.19573e-30 5.28878e-28
1.41187e-11 7.09922e-30 5.21683e-28
1.41823e-11 7.00399e-30 5.14583e-28
1.42461e-11 6.91002e-30 5.07579e-28
1.43103e-11 6.8173e-30 5.00669e-28
1.43747e-11 6.7258e-30 4.93852e-28
1.44395e-11 6.63552e-30 4.87126e-28
1.45045e-11 6.54643e-30 4.80491e-28
1.45698e-11 6.45852e-30 4.73944e-28
1.46354e-11 6.37178e-30 4.67486e-28
1.47014e-11 6.2862e-30 4.61114e-28
1.47676e-11 6.20174e-30 4.54828e-28
1.48341e-11 6.11841e-30 4.48626e-28
1.49009e-11 6.03618e-30 4.42508e-28
1.4968e-11 5.95505e-30 4.36472e-28
1.50354e-11 5.87499e-30 4.30516e-28
1.51031e-11 5.796e-30 4.24641e-28
1.51711e-11 5.71805e-30 4.18845e-28
1.52395e-11 5.64114e-30 4.13127e-28
1.53081e-11 5.56526e-30 4.07486e-28
1.5377e-11 5.49038e-30 4.01921e-28
1.54463e-11 5.4165e-30 3.96431e-28
1.55159e-11 5.3436e-30 3.91014e-28
1.55857e-11 5.27167e-30 3.85671e-28
1.56559e-11 5.20069e-30 3.80399e-28
1.57265e-11 5.13067e-30 3.75198e-28
1.57973e-11 5.06157e-30 3.70068e-28
1.58684e-11 4.99339e-30 3.65006e-28
1.59399e-11 4.92612e-30 3.60013e-28
1.60117e-11 4.85975e-30 3.55086e-28
1.60838e-11 4.79426e-30 3.50227e-28
1.61562e-11 4.72964e-30 3.45432e-28
1.6229e-11 4.66588e-30 3.40703e-28
1.63021e-11 4.60298e-30 3.36037e-28
1.63755e-11 4.54091e-30 3.31434e-28
1.64493e-11 4.47967e-30 3.26893e-28
1.65233e-11 4.41925e-30 3.22413e-28
1.65978e-11 4.35963e-30 3.17994e-28
1.66725e-11 4.3008e-30 3.13634e-28
1.67476e-11 4.24277e-30 3.09334e-28
1.6823e-11 4.1855e-30 3.05091e-28
1.68988e-11 4.129e-30 3.00905e-28
1.69749e-11 4.07326e-30 2.96776e-28
1.70513e-11 4.01826e-30 2.92703e-28
1.71281e-11 3.96399e-30 2.88685e-28
1.72053e-11 3.91045e-30 2.84721e-28
1.72828e-11 3.85763e-30 2.8081e-28
1.73606e-11 3.80551e-30 2.76953e-28
1.74388e-11 3.75408e-30 2.73147e-28
1.75173e-11 3.70335e-30 2.69393e-28
1.75962e-11 3.65329e-30 2.6569e-28
1.76755e-11 3.6039e-30 2.62037e-28
1.77551e-11 3.55517e-30 2.58433e-28
1.7835e-11 3.5071e-30 2.54878e-28
1.79154e-11 3.45967e-30 2.5137e-28
1.7996e-11 3.41287e-30 2.47911e-28
1.80771e-11 3.3667e-30 2.44498e-28
1.81585e-11 3.32114e-30 2.41131e-28
1.82403e-11 3.2762e-30 2.3781e-28
1.83224e-11 3.23186e-30 2.34534e-28
1.8405e-11 3.18811e-30 2.31302e-28
1.84878e-11 3.14495e-30 2.28114e-28
1.85711e-11 3.10237e-30 2.24969e-28
1.86547e-11 3.06036e-30 2.21867e-28
1.87388e-11 3.01891e-30 2.18806e-28
1.88232e-11 2.97801e-30 2.15787e-28
1.89079e-11 2.93767e-30 2.12809e-28
1.89931e-11 2.89787e-30 2.09872e-28
1.90786e-11 2.8586e-30 2.06974e-28
1.91646e-11 2.81985e-30 2.04115e-28
1.92509e-11 2.78163e-30 2.01295e-28
1.93376e-11 2.74392e-30 1.98514e-28
1.94247e-11 2.70672e-30 1.9577e-28
1.95121e-11 2.67001e-30 1.93063e-28
1.96e-11 2.6338e-30 1.90393e-28
1.96883e-11 2.59808e-30 1.87759e-28
1.9777e-11 2.56283e-30 1.85161e-28
1.9866e-11 2.52806e-30 1.82598e-28
1.99555e-11 2.49376e-30 1.8007e-28
2.00454e-11 2.45991e-30 1.77577e-28
2.01357e-11 2.42652e-30 1.75117e-28
2.02263e-11 2.39358e-30 1.7269e-28
2.03174e-11 2.36109e-30 1.70296e-28
2.04089e-11 2.32903e-30 1.67935e-28
2.05008e-11 2.2974e-30 1.65606e-28
2.05932e-11 2.2662e-30 1.63309e-28
2.06859e-11 2.23542e-30 1.61043e-28
2.07791e-11 2.20505e-30 1.58807e-28
2.08727e-11 2.17509e-30 1.56602e-28
2.09667e-11 2.14553e-30 1.54427e-28
2.10611e-11 2.11637e-30 1.52282e-28
2.1156e-11 2.08761e-30 1.50165e-28
2.12512e-11 2.05923e-30 1.48078e-28
2.13469e-11 2.03124e-30 1.46018e-28
2.14431e-11 2.00362e-30 1.43987e-28
2.15397e-11 1.97637e-30 1.41984e-28
2.16367e-11 1.94949e-30 1.40007e-28
2.17341e-11 1.92298e-30 1.38058e-28
2.1832e-11 1.89682e-30 1.36135e-28
2.19303e-11 1.87101e-30 1.34238e-28
2.20291e-11 1.84555e-30 1.32367e-28
2.21283e-11 1.82044e-30 1.30521e-28
2.2228e-11 1.79566e-30 1.28701e-28
2.23281e-11 1.77122e-30 1.26905e-28
2.24286e-11 1.74711e-30 1.25134e-28
2.25296e-11 1.72332e-30 1.23387e-28
2.26311e-11 1.69986e-30 1.21664e-28
2.2733e-11 1.67671e-30 1.19964e-28
2.28354e-11 1.65388e-30 1.18287e-28
2.29383e-11 1.63135e-30 1.16633e-28
2.30416e-11 1.60913e-30 1.15002e-28
2.31453e-11 1.5872e-30 1.13393e-28
2.32496e-11 1.56558e-30 1.11806e-28
2.33543e-11 1.54424e-30 1.1024e-28
2.34595e-11 1.5232e-30 1.08696e-28
2.35651e-11 1.50244e-30 1.07173e-28
2.36713e-11 1.48196e-30 1.0567e-28
2.37779e-11 1.46175e-30 1.04188e-28
2.3885e-11 1.44182e-30 1.02726e-28
2.39925e-11 1.42216e-30 1.01285e-28
2.41006e-11 1.40277e-30 9.98624e-29
2.42091e-11 1.38364e-30 9.84596e-29
2.43182e-11 1.36477e-30 9.7076e-29
2.44277e-11 1.34615e-30 9.57112e-29
2.45377e-11 1.32778e-30 9.4365e-29
2.46482e-11 1.30967e-30 9.30373e-29
2.47592e-11 1.2918e-30 9.17276e-29
2.48707e-11 1.27417e-30 9.04358e-29
2.49827e-11 1.25678e-30 8.91616e-29
2.50952e-11 1.23962e-30 8.79048e-29
2.52083e-11 1.2227e-30 8.66652e-29
2.53218e-11 1.20601e-30 8.54425e-29
2.54358e-11 1.18954e-30 8.42365e-29
2.55504e-11 1.1733e-30 8.3047e-29
2.56655e-11 1.15728e-30 8.18737e-29
2.57811e-11 1.14147e-30 8.07164e-29
2.58972e-11 1.12588e-30 7.95749e-29
2.60138e-11 1.1105e-30 7.84491e-29
2.6131e-11 1.09533e-30 7.73386e-29
2.62486e-11 1.08036e-30 7.62432e-29
2.63669e-11 1.0656e-30 7.51629e-29
2.64856e-11 1.05104e-30 7.40973e-29
2.66049e-11 1.03667e-30 7.30462e-29
2.67247e-11 1.02251e-30 7.20096e-29
2.68451e-11 1.00853e-30 7.0987e-29
2.6966e-11 9.94742e-31 6.99785e-29
2.70874e-11 9.81142e-31 6.89838e-29
2.72094e-11 9.67727e-31 6.80026e-29
2.7332e-11 9.54494e-31 6.70349e-29
2.74551e-11 9.41442e-31 6.60804e-29
2.75787e-11 9.28566e-31 6.5139e-29
2.77029e-11 9.15866e-31 6.42104e-29
2.78277e-11 9.03338e-31 6.32945e-29
2.7953e-11 8.90981e-31 6.23912e-29
2.80789e-11 8.78791e-31 6.15002e-29
2.82054e-11 8.66767e-31 6.06214e-29
2.83324e-11 8.54907e-31 5.97547e-29
2.846e-11 8.43208e-31 5.88998e-29
2.85882e-11 8.31669e-31 5.80565e-29
2.87169e-11 8.20286e-31 5.72249e-29
2.88462e-11 8.09058e-31 5.64046e-29
2.89762e-11 7.97984e-31 5.55955e-29
2.91067e-11 7.87059e-31 5.47976e-29
2.92377e-11 7.76284e-31 5.40105e-29
2.93694e-11 7.65655e-31 5.32342e-29
2.95017e-11 7.55171e-31 5.24686e-29
2.96346e-11 7.4483e-31 5.17134e-29
2.9768e-11 7.3463e-31 5.09686e-29
2.99021e-11 7.24568e-31 5.02339e-29
3.00368e-11 7.14644e-31 4.95094e-29
3.0172e-11 7.04855e-31 4.87947e-29
3.03079e-11 6.95199e-31 4.80899e-29
3.04444e-11 6.85675e-31 4.73947e-29
3.05815e-11 6.7628e-31 4.6709e-29
3.07193e-11 6.67014e-31 4.60327e-29
3.08576e-11 6.57874e-31 4.53657e-29
3.09966e-11 6.48859e-31 4.47078e-29
3.11362e-11 6.39967e-31 4.4059e-29
3.12764e-11 6.31195e-31 4.3419e-29
3.14173e-11 6.22544e-31 4.27878e-29
3.15588e-11 6.14011e-31 4.21652e-29
3.17009e-11 6.05594e-31 4.15512e-29
3.18437e-11 5.97292e-31 4.09456e-29
3.19871e-11 5.89103e-31 4.03484e-29
3.21312e-11 5.81026e-31 3.97592e-29
3.22759e-11 5.73059e-31 3.91782e-29
3.24212e-11 5.65201e-31 3.86052e-29
3.25672e-11 5.5745e-31 3.804e-29
3.27139e-11 5.49805e-31 3.74825e-29
3.28612e-11 5.42265e-31 3.69327e-29
3.30092e-11 5.34827e-31 3.63904e-29
3.31579e-11 5.27491e-31 3.58556e-29
3.33072e-11 5.20255e-31 3.53281e-29
3.34573e-11 5.13118e-31 3.48079e-29
3.36079e-11 5.06079e-31 3.42948e-29
3.37593e-11 4.99136e-31 3.37887e-29
3.39113e-11 4.92288e-31 3.32895e-29
3.40641e-11 4.85533e-31 3.27972e-29
3.42175e-11 4.78871e-31 3.23117e-29
3.43716e-11 4.72299e-31 3.18328e-29
3.45264e-11 4.65818e-31 3.13605e-29
3.46819e-11 4.59425e-31 3.08947e-29
3.48381e-11 4.5312e-31 3.04353e-29
3.4995e-11 4.46901e-31 2.99822e-29
3.51526e-11 4.40767e-31 2.95353e-29
3.53109e-11 4.34717e-31 2.90945e-29
3.54699e-11 4.28749e-31 2.86598e-29
3.56297e-11 4.22863e-31 2.82311e-29
3.57901e-11 4.17058e-31 2.78082e-29
3.59513e-11 4.11333e-31 2.73911e-29
3.61132e-11 4.05685e-31 2.69798e-29
3.62759e-11 4.00115e-31 2.65741e-29
3.64393e-11 3.94621e-31 2.6174e-29
3.66034e-11 3.89203e-31 2.57794e-29
3.67682e-11 3.83858e-31 2.53902e-29
3.69338e-11 3.78587e-31 2.50063e-29
3.71002e-11 3.73388e-31 2.46277e-29
3.72672e-11 3.6826e-31 2.42543e-29
3.74351e-11 3.63203e-31 2.38861e-29
3.76037e-11 3.58214e-31 2.35229e-29
3.7773e-11 3.53294e-31 2.31647e-29
3.79432e-11 3.48442e-31 2.28114e-29
3.8114e-11 3.43656e-31 2.24629e-29
3.82857e-11 3.38935e-31 2.21193e-29
3.84581e-11 3.34279e-31 2.17803e-29
3.86313e-11 3.29687e-31 2.14461e-29
3.88053e-11 3.25158e-31 2.11164e-29
3.89801e-11 3.20691e-31 2.07912e-29
3.91556e-11 3.16286e-31 2.04705e-29
3.9332e-11 3.1194e-31 2.01542e-29
3.95091e-11 3.07654e-31 1.98423e-29
3.96871e-11 3.03427e-31 1.95346e-29
3.98658e-11 2.99258e-31 1.92312e-29
4.00453e-11 2.95147e-31 1.8932e-29
4.02257e-11 2.91091e-31 1.86368e-29
4.04069e-11 2.87091e-31 1.83457e-29
4.05888e-11 2.83147e-31 1.80586e-29
4.07716e-11 2.79256e-31 1.77755e-29
4.09553e-11 2.75418e-31 1.74962e-29
4.11397e-11 2.71634e-31 1.72208e-29
4.1325e-11 2.67901e-31 1.69492e-29
4.15111e-11 2.64219e-31 1.66813e-29
4.16981e-11 2.60588e-31 1.64171e-29
4.18859e-11 2.57007e-31 1.61565e-29
4.20745e-11 2.53475e-31 1.58995e-29
4.2264e-11 2.49991e-31 1.5646e-29
4.24543e-11 2.46556e-31 1.5396e-29
4.26455e-11 2.43167e-31 1.51494e-29
4.28376e-11 2.39825e-31 1.49063e-29
4.30305e-11 2.36529e-31 1.46664e-29
4.32243e-11 2.33278e-31 1.44299e-29
4.3419e-11 2.30072e-31 1.41966e-29
4.36146e-11 2.2691e-31 1.39666e-29
4.3811e-11 2.23791e-31 1.37397e-29
4.40083e-11 2.20715e-31 1.35159e-29
4.42065e-11 2.17681e-31 1.32951e-29
4.44056e-11 2.14689e-31 1.30775e-29
4.46056e-11 2.11738e-31 1.28628e-29
4.48065e-11 2.08828e-31 1.2651e-29
4.50083e-11 2.05958e-31 1.24422e-29
4.5211e-11 2.03127e-31 1.22363e-29
4.54146e-11 2.00335e-31 1.20331e-29
4.56191e-11 1.97581e-31 1.18328e-29
4.58246e-11 1.94866e-31 1.16352e-29
4.6031e-11 1.92187e-31 1.14403e-29
4.62383e-11 1.89545e-31 1.12482e-29
4.64465e-11 1.8694e-31 1.10586e-29
4.66557e-11 1.84371e-31 1.08717e-29
4.68658e-11 1.81837e-31 1.06873e-29
4.70769e-11 1.79337e-31 1.05055e-29
4.72889e-11 1.76872e-31 1.03261e-29
4.75019e-11 1.74441e-31 1.01493e-29
4.77158e-11 1.72044e-31 9.97481e-30
4.79307e-11 1.69679e-31 9.80277e-30
4.81466e-11 1.67347e-31 9.63309e-30
4.83634e-11 1.65047e-31 9.46574e-30
4.85812e-11 1.62779e-31 9.3007e-30
4.88e-11 1.60541e-31 9.13792e-30
4.90198e-11 1.58335e-31 8.97738e-30
4.92406e-11 1.56159e-31 8.81904e-30
4.94623e-11 1.54013e-31 8.66288e-30
4.96851e-11 1.51896e-31 8.50887e-30
4.99089e-11 1.49809e-31 8.35697e-30
5.01336e-11 1.4775e-31 8.20717e-30
5.03594e-11 1.4572e-31 8.05942e-30
5.05862e-11 1.43717e-31 7.9137e-30
5.08141e-11 1.41742e-31 7.76998e-30
5.10429e-11 1.39794e-31 7.62824e-30
5.12728e-11 1.37873e-31 7.48844e-30
5.15037e-11 1.35979e-31 7.35057e-30
5.17357e-11 1.3411e-31 7.21459e-30
5.19687e-11 1.32268e-31 7.08048e-30
5.22027e-11 1.3045e-31 6.94821e-30
5.24378e-11 1.28658e-31 6.81776e-30
5.2674e-11 1.2689e-31 6.6891e-30
5.29112e-11 1.25147e-31 6.56221e-30
5.31495e-11 1.23428e-31 6.43707e-30
5.33889e-11 1.21732e-31 6.31364e-30
5.36293e-11 1.2006e-31 6.19191e-30
5.38709e-11 1.18411e-31 6.07185e-30
5.41135e-11 1.16784e-31 5.95344e-30
5.43572e-11 1.1518e-31 5.83665e-30
5.4602e-11 1.13598e-31 5.72147e-30
5.48479e-11 1.12037e-31 5.60787e-30
5.50949e-11 1.10499e-31 5.49584e-30
5.53431e-11 1.08981e-31 5.38534e-30
5.55923e-11 1.07484e-31 5.27636e-30
5.58427e-11 1.06008e-31 5.16887e-30
5.60942e-11 1.04552e-31 5.06286e-30
5.63468e-11 1.03117e-31 4.95831e-30
5.66006e-11 1.01701e-31 4.8552e-30
5.68555e-11 1.00304e-31 4.75349e-30
5.71116e-11 9.89271e-32 4.65319e-30
5.73688e-11 9.75688e-32 4.55426e-30
5.76272e-11 9.62293e-32 4.45669e-30
5.78867e-11 9.49082e-32 4.36046e-30
5.81474e-11 9.36053e-32 4.26556e-30
5.84093e-11 9.23204e-32 4.17195e-30
5.86723e-11 9.10531e-32 4.07963e-30
5.89366e-11 8.98033e-32 3.98858e-30
5.9202e-11 8.85708e-32 3.89877e-30
5.94686e-11 8.73552e-32 3.8102e-30
5.97365e-11 8.61563e-32 3.72285e-30
6.00055e-11 8.4974e-32 3.63669e-30
6.02758e-11 8.38079e-32 3.55172e-30
6.05472e-11 8.26579e-32 3.46791e-30
6.08199e-11 8.15238e-32 3.38525e-30
6.10938e-11 8.04053e-32 3.30373e-30
6.1369e-11 7.93022e-32 3.22332e-30
6.16454e-11 7.82143e-32 3.14402e-30
6.1923e-11 7.71414e-32 3.06581e-30
6.22019e-11 7.60832e-32 2.98867e-30
6.2482e-11 7.50397e-32 2.91258e-30
6.27634e-11 7.40105e-32 2.83754e-30
6.30461e-11 7.29955e-32 2.76353e-30
6.333e-11 7.19945e-32 2.69054e-30
6.36152e-11 7.10072e-32 2.61854e-30
6.39017e-11 7.00336e-32 2.54753e-30
6.41895e-11 6.90734e-32 2.4775e-30
6.44786e-11 6.81264e-32 2.40843e-30
6.4769e-11 6.71925e-32 2.3403e-30
6.50607e-11 6.62714e-32 2.27311e-30
6.53537e-11 6.5363e-32 2.20684e-30
6.56481e-11 6.44672e-32 2.14147e-30
6.59437e-11 6.35836e-32 2.07701e-30
6.62407e-11 6.27123e-32 2.01342e-30
6.65391e-11 6.1853e-32 1.95071e-30
6.68387e-11 6.10055e-32 1.88886e-30
6.71398e-11 6.01696e-32 1.82785e-30
6.74421e-11 5.93453e-32 1.76768e-30
6.77459e-11 5.85323e-32 1.70834e-30
6.8051e-11 5.77306e-32 1.64981e-30
6.83575e-11 5.69399e-32 1.59208e-30
6.86653e-11 5.61601e-32 1.53514e-30
6.89746e-11 5.5391e-32 1.47898e-30
6.92852e-11 5.46325e-32 1.42358e-30
6.95973e-11 5.38845e-32 1.36895e-30
6.99107e-11 5.31467e-32 1.31507e-30
7.02256e-11 5.24192e-32 1.26192e-30
7.05418e-11 5.17016e-32 1.2095e-30
7.08595e-11 5.0994e-32 1.1578e-30
7.11787e-11 5.0296e-32 1.10681e-30
7.14992e-11 4.96077e-32 1.05651e-30
7.18212e-11 4.89289e-32 1.0069e-30
7.21447e-11 4.82594e-32 9.57973e-31
7.24696e-11 4.75992e-32 9.09714e-31
7.2796e-11 4.6948e-32 8.62115e-31
7.31239e-11 4.63059e-32 8.15166e-31
7.34532e-11 4.56725e-32 7.68861e-31
7.3784e-11 4.50479e-32 7.23188e-31
7.41163e-11 4.44319e-32 6.7814e-31
7.44501e-11 4.38243e-32 6.33708e-31
7.47854e-11 4.32252e-32 5.89884e-31
7.51222e-11 4.26342e-32 5.46659e-31
7.54605e-11 4.20514e-32 5.04025e-31
7.58004e-11 4.14767e-32 4.61973e-31
7.61418e-11 4.09098e-32 4.20497e-31
7.64847e-11 4.03508e-32 3.79587e-31
7.68292e-11 3.97995e-32 3.39236e-31
7.71752e-11 3.92557e-32 2.99436e-31
7.75228e-11 3.87194e-32 2.60181e-31
7.78719e-11 3.81905e-32 2.21461e-31
7.82226e-11 3.76689e-32 1.83271e-31
7.85749e-11 3.71545e-32 1.45602e-31
7.89288e-11 3.66472e-32 1.08447e-31
7.92842e-11 3.61468e-32 7.18001e-32
7.96413e-11 3.56533e-32 3.56533e-32
