1e-14 4.02483e-37 5.3772e-22
1.0045e-14 4.24241e-37 5.3772e-22
1.00903e-14 4.47156e-37 5.3772e-22
1.01357e-14 4.71282e-37 5.3772e-22
1.01814e-14 4.96683e-37 5.3772e-22
1.02272e-14 5.23434e-37 5.3772e-22
1.02733e-14 5.51591e-37 5.3772e-22
1.03196e-14 5.81236e-37 5.3772e-22
1.0366e-14 6.12447e-37 5.3772e-22
1.04127e-14 6.45299e-37 5.3772e-22
1.04596e-14 6.79887e-37 5.3772e-22
1.05067e-14 7.1629e-37 5.3772e-22
1.0554e-14 7.54606e-37 5.3772e-22
1.06016e-14 7.94933e-37 5.3772e-22
1.06493e-14 8.37374e-37 5.3772e-22
1.06973e-14 8.82039e-37 5.3772e-22
1.07455e-14 9.2904e-37 5.3772e-22
1.07938e-14 9.78491e-37 5.3772e-22
1.08425e-14 1.03054e-36 5.3772e-22
1.08913e-14 1.08529e-36 5.3772e-22
1.09403e-14 1.1429e-36 5.3772e-22
1.09896e-14 1.2035e-36 5.3772e-22
1.10391e-14 1.26727e-36 5.3772e-22
1.10888e-14 1.33434e-36 5.3772e-22
1.11388e-14 1.40489e-36 5.3772e-22
1.11889e-14 1.4791e-36 5.3772e-22
1.12393e-14 1.55716e-36 5.3772e-22
1.12899e-14 1.63926e-36 5.3772e-22
1.13408e-14 1.7256e-36 5.3772e-22
1.13919e-14 1.8164e-36 5.3772e-22
1.14432e-14 1.91188e-36 5.3772e-22
1.14947e-14 2.01228e-36 5.3772e-22
1.15465e-14 2.11786e-36 5.3772e-22
1.15985e-14 2.22886e-36 5.3772e-22
1.16507e-14 2.34557e-36 5.3772e-22
1.17032e-14 2.46827e-36 5.3772e-22
1.17559e-14 2.59725e-36 5.3772e-22
1.18088e-14 2.73285e-36 5.3772e-22
1.1862e-14 2.87539e-36 5.3772e-22
1.19154e-14 3.02522e-36 5.3772e-22
1.19691e-14 3.18269e-36 5.3772e-22
1.2023e-14 3.3482e-36 5.3772e-22
1.20772e-14 3.52214e-36 5.3772e-22
1.21316e-14 3.70494e-36 5.3772e-22
1.21862e-14 3.89703e-36 5.3772e-22
1.22411e-14 4.09889e-36 5.3772e-22
1.22962e-14 4.31099e-36 5.3772e-22
1.23516e-14 4.53385e-36 5.3772e-22
1.24072e-14 4.76799e-36 5.3772e-22
1.24631e-14 5.01398e-36 5.3772e-22
1.25192e-14 5.27239e-36 5.3772e-22
1.25756e-14 5.54387e-36 5.3772e-22
1.26322e-14 5.82904e-36 5.3772e-22
1.26891e-14 6.12857e-36 5.3772e-22
1.27463e-14 6.44318e-36 5.3772e-22
1.28037e-14 6.77361e-36 5.3772e-22
1.28613e-14 7.12064e-36 5.3772e-22
1.29193e-14 7.48508e-36 5.3772e-22
1.29775e-14 7.86779e-36 5.3772e-22
1.30359e-14 8.26966e-36 5.3772e-22
1.30946e-14 8.69164e-36 5.3772e-22
1.31536e-14 9.1347e-36 5.3772e-22
1.32128e-14 9.59988e-36 5.3772e-22
1.32723e-14 1.00883e-35 5.3772e-22
1.33321e-14 1.0601e-35 5.3772e-22
1.33922e-14 1.11392e-35 5.3772e-22
1.34525e-14 1.17041e-35 5.3772e-22
1.35131e-14 1.22972e-35 5.3772e-22
1.35739e-14 1.29196e-35 5.3772e-22
1.3635e-14 1.35729e-35 5.3772e-22
1.36965e-14 1.42585e-35 5.3772e-22
1.37581e-14 1.4978e-35 5.3772e-22
1.38201e-14 1.5733e-35 5.3772e-22
1.38823e-14 1.65253e-35 5.3772e-22
1.39449e-14 1.73567e-35 5.3772e-22
1.40077e-14 1.8229e-35 5.3772e-22
1.40708e-14 1.91442e-35 5.3772e-22
1.41341e-14 2.01044e-35 5.3772e-22
1.41978e-14 2.11116e-35 5.3772e-22
1.42617e-14 2.21683e-35 5.3772e-22
1.4326e-14 2.32767e-35 5.3772e-22
1.43905e-14 2.44393e-35 5.3772e-22
1.44553e-14 2.56588e-35 5.3772e-22
1.45204e-14 2.69378e-35 5.3772e-22
1.45858e-14 2.82791e-35 5.3772e-22
1.46515e-14 2.96858e-35 5.3772e-22
1.47175e-14 3.1161e-35 5.3772e-22
1.47837e-14 3.27078e-35 5.3772e-22
1.48503e-14 3.43297e-35 5.3772e-22
1.49172e-14 3.60304e-35 5.3772e-22
1.49844e-14 3.78134e-35 5.3772e-22
1.50519e-14 3.96827e-35 5.3772e-22
1.51197e-14 4.16423e-35 5.3772e-22
1.51878e-14 4.36966e-35 5.3772e-22
1.52562e-14 4.585e-35 5.3772e-22
1.53249e-14 4.81072e-35 5.3772e-22
1.53939e-14 5.0473e-35 5.3772e-22
1.54632e-14 5.29526e-35 5.3772e-22
1.55329e-14 5.55513e-35 5.3772e-22
1.56028e-14 5.82746e-35 5.3772e-22
1.56731e-14 6.11285e-35 5.3772e-22
1.57437e-14 6.4119e-35 5.3772e-22
1.58146e-14 6.72524e-35 5.3772e-22
1.58858e-14 7.05356e-35 5.3772e-22
1.59573e-14 7.39754e-35 5.3772e-22
1.60292e-14 7.75792e-35 5.3772e-22
1.61014e-14 8.13545e-35 5.3772e-22
1.61739e-14 8.53094e-35 5.3772e-22
1.62468e-14 8.94522e-35 5.3772e-22
1.63199e-14 9.37915e-35 5.3772e-22
1.63934e-14 9.83365e-35 5.3772e-22
1.64673e-14 1.03097e-34 5.3772e-22
1.65414e-14 1.08082e-34 5.3772e-22
1.66159e-14 1.13303e-34 5.3772e-22
1.66908e-14 1.1877e-34 5.3772e-22
1.67659e-14 1.24495e-34 5.3772e-22
1.68414e-14 1.3049e-34 5.3772e-22
1.69173e-14 1.36766e-34 5.3772e-22
1.69935e-14 1.43337e-34 5.3772e-22
1.707e-14 1.50217e-34 5.3772e-22
1.71469e-14 1.57419e-34 5.3772e-22
1.72241e-14 1.64959e-34 5.3772e-22
1.73017e-14 1.72851e-34 5.3772e-22
1.73796e-14 1.81111e-34 5.3772e-22
1.74579e-14 1.89757e-34 5.3772e-22
1.75365e-14 1.98807e-34 5.3772e-22
1.76155e-14 2.08277e-34 5.3772e-22
1.76948e-14 2.18188e-34 5.3772e-22
1.77745e-14 2.28559e-34 5.3772e-22
1.78546e-14 2.39412e-34 5.3772e-22
1.7935e-14 2.50768e-34 5.3772e-22
1.80158e-14 2.62649e-34 5.3772e-22
1.80969e-14 2.7508e-34 5.3772e-22
1.81784e-14 2.88085e-34 5.3772e-22
1.82603e-14 3.01689e-34 5.3772e-22
1.83425e-14 3.15921e-34 5.3772e-22
1.84251e-14 3.30809e-34 5.3772e-22
1.85081e-14 3.4638e-34 5.3772e-22
1.85914e-14 3.62667e-34 5.3772e-22
1.86752e-14 3.79701e-34 5.3772e-22
1.87593e-14 3.97515e-34 5.3772e-22
1.88438e-14 4.16145e-34 5.3772e-22
1.89286e-14 4.35627e-34 5.3772e-22
1.90139e-14 4.55998e-34 5.3772e-22
1.90995e-14 4.77299e-34 5.3772e-22
1.91855e-14 4.9957e-34 5.3772e-22
1.92719e-14 5.22854e-34 5.3772e-22
1.93587e-14 5.47197e-34 5.3772e-22
1.94459e-14 5.72645e-34 5.3772e-22
1.95335e-14 5.99247e-34 5.3772e-22
1.96215e-14 6.27054e-34 5.3772e-22
1.97098e-14 6.56119e-34 5.3772e-22
1.97986e-14 6.86498e-34 5.3772e-22
1.98878e-14 7.18247e-34 5.3772e-22
1.99774e-14 7.51429e-34 5.3772e-22
2.00673e-14 7.86105e-34 5.3772e-22
2.01577e-14 8.2234e-34 5.3772e-22
2.02485e-14 8.60203e-34 5.3772e-22
2.03397e-14 8.99766e-34 5.3772e-22
2.04313e-14 9.41102e-34 5.3772e-22
2.05233e-14 9.84289e-34 5.3772e-22
2.06157e-14 1.02941e-33 5.3772e-22
2.07086e-14 1.07654e-33 5.3772e-22
2.08018e-14 1.12578e-33 5.3772e-22
2.08955e-14 1.1772e-33 5.3772e-22
2.09896e-14 1.23092e-33 5.3772e-22
2.10842e-14 1.28703e-33 5.3772e-22
2.11791e-14 1.34563e-33 5.3772e-22
2.12745e-14 1.40682e-33 5.3772e-22
2.13703e-14 1.47073e-33 5.3772e-22
2.14666e-14 1.53747e-33 5.3772e-22
2.15632e-14 1.60715e-33 5.3772e-22
2.16604e-14 1.67991e-33 5.3772e-22
2.17579e-14 1.75588e-33 5.3772e-22
2.18559e-14 1.83519e-33 5.3772e-22
2.19543e-14 1.91799e-33 5.3772e-22
2.20532e-14 2.00443e-33 5.3772e-22
2.21525e-14 2.09466e-33 5.3772e-22
2.22523e-14 2.18885e-33 5.3772e-22
2.23525e-14 2.28715e-33 5.3772e-22
2.24532e-14 2.38976e-33 5.3772e-22
2.25543e-14 2.49684e-33 5.3772e-22
2.26559e-14 2.6086e-33 5.3772e-22
2.27579e-14 2.72522e-33 5.3772e-22
2.28604e-14 2.84692e-33 5.3772e-22
2.29634e-14 2.97391e-33 5.3772e-22
2.30668e-14 3.1064e-33 5.3772e-22
2.31707e-14 3.24464e-33 5.3772e-22
2.3275e-14 3.38887e-33 5.3772e-22
2.33799e-14 3.53933e-33 5.3772e-22
2.34852e-14 3.69629e-33 5.3772e-22
2.35909e-14 3.86002e-33 5.3772e-22
2.36972e-14 4.03081e-33 5.3772e-22
2.38039e-14 4.20894e-33 5.3772e-22
2.39111e-14 4.39473e-33 5.3772e-22
2.40188e-14 4.5885e-33 5.3772e-22
2.4127e-14 4.79057e-33 5.3772e-22
2.42356e-14 5.0013e-33 5.3772e-22
2.43448e-14 5.22104e-33 5.3772e-22
2.44544e-14 5.45016e-33 5.3772e-22
2.45646e-14 5.68906e-33 5.3772e-22
2.46752e-14 5.93814e-33 5.3772e-22
2.47863e-14 6.19782e-33 5.3772e-22
2.4898e-14 6.46854e-33 5.3772e-22
2.50101e-14 6.75075e-33 5.3772e-22
2.51227e-14 7.04493e-33 5.3772e-22
2.52359e-14 7.35156e-33 5.3772e-22
2.53495e-14 7.67116e-33 5.3772e-22
2.54637e-14 8.00426e-33 5.3772e-22
2.55784e-14 8.35141e-33 5.3772e-22
2.56936e-14 8.7132e-33 5.3772e-22
2.58093e-14 9.0902e-33 5.3772e-22
2.59255e-14 9.48305e-33 5.3772e-22
2.60423e-14 9.89239e-33 5.3772e-22
2.61596e-14 1.03189e-32 5.3772e-22
2.62774e-14 1.07633e-32 5.3772e-22
2.63957e-14 1.12262e-32 5.3772e-22
2.65146e-14 1.17085e-32 5.3772e-22
2.6634e-14 1.22109e-32 5.3772e-22
2.6754e-14 1.27342e-32 5.3772e-22
2.68745e-14 1.32793e-32 5.3772e-22
2.69955e-14 1.38471e-32 5.3772e-22
2.71171e-14 1.44384e-32 5.3772e-22
2.72392e-14 1.50542e-32 5.3772e-22
2.73619e-14 1.56955e-32 5.3772e-22
2.74851e-14 1.63633e-32 5.3772e-22
2.76089e-14 1.70587e-32 5.3772e-22
2.77332e-14 1.77828e-32 5.3772e-22
2.78581e-14 1.85367e-32 5.3772e-22
2.79836e-14 1.93216e-32 5.3772e-22
2.81096e-14 2.01388e-32 5.3772e-22
2.82362e-14 2.09895e-32 5.3772e-22
2.83634e-14 2.1875e-32 5.3772e-22
2.84912e-14 2.27968e-32 5.3772e-22
2.86195e-14 2.37562e-32 5.3772e-22
2.87484e-14 2.47548e-32 5.3772e-22
2.88778e-14 2.57941e-32 5.3772e-22
2.90079e-14 2.68757e-32 5.3772e-22
2.91385e-14 2.80013e-32 5.3772e-22
2.92698e-14 2.91726e-32 5.3772e-22
2.94016e-14 3.03914e-32 5.3772e-22
2.9534e-14 3.16596e-32 5.3772e-22
2.9667e-14 3.2979e-32 5.3772e-22
2.98006e-14 3.43518e-32 5.3772e-22
2.99348e-14 3.57799e-32 5.3772e-22
3.00697e-14 3.72655e-32 5.3772e-22
3.02051e-14 3.88109e-32 5.3772e-22
3.03411e-14 4.04185e-32 5.3772e-22
3.04778e-14 4.20905e-32 5.3772e-22
3.0615e-14 4.38295e-32 5.3772e-22
3.07529e-14 4.56381e-32 5.3772e-22
3.08914e-14 4.75191e-32 5.3772e-22
3.10305e-14 4.94751e-32 5.3772e-22
3.11703e-14 5.15091e-32 5.3772e-22
3.13107e-14 5.3624e-32 5.3772e-22
3.14517e-14 5.5823e-32 5.3772e-22
3.15933e-14 5.81094e-32 5.3772e-22
3.17356e-14 6.04864e-32 5.3772e-22
3.18786e-14 6.29576e-32 5.3772e-22
3.20221e-14 6.55264e-32 5.3772e-22
3.21663e-14 6.81967e-32 5.3772e-22
3.23112e-14 7.09724e-32 5.3772e-22
3.24567e-14 7.38574e-32 5.3772e-22
3.26029e-14 7.68558e-32 5.3772e-22
3.27497e-14 7.9972e-32 5.3772e-22
3.28972e-14 8.32105e-32 5.3772e-22
3.30454e-14 8.65759e-32 5.3772e-22
3.31942e-14 9.00729e-32 5.3772e-22
3.33437e-14 9.37066e-32 5.3772e-22
3.34939e-14 9.7482e-32 5.3772e-22
3.36447e-14 1.01405e-31 5.3772e-22
3.37963e-14 1.0548e-31 5.3772e-22
3.39485e-14 1.09713e-31 5.3772e-22
3.41014e-14 1.14111e-31 5.3772e-22
3.42549e-14 1.18679e-31 5.3772e-22
3.44092e-14 1.23424e-31 5.3772e-22
3.45642e-14 1.28353e-31 5.3772e-22
3.47199e-14 1.33472e-31 5.3772e-22
3.48762e-14 1.38787e-31 5.3772e-22
3.50333e-14 1.44308e-31 5.3772e-22
3.51911e-14 1.50041e-31 5.3772e-22
3.53496e-14 1.55994e-31 5.3772e-22
3.55088e-14 1.62174e-31 5.3772e-22
3.56687e-14 1.68592e-31 5.3772e-22
3.58293e-14 1.75255e-31 5.3772e-22
3.59907e-14 1.82172e-31 5.3772e-22
3.61528e-14 1.89353e-31 5.3772e-22
3.63156e-14 1.96807e-31 5.3772e-22
3.64792e-14 2.04545e-31 5.3772e-22
3.66435e-14 2.12576e-31 5.3772e-22
3.68085e-14 2.20912e-31 5.3772e-22
3.69743e-14 2.29563e-31 5.3772e-22
3.71408e-14 2.38541e-31 5.3772e-22
3.73081e-14 2.47858e-31 5.3772e-22
3.74761e-14 2.57527e-31 5.3772e-22
3.76449e-14 2.67559e-31 5.3772e-22
3.78144e-14 2.77969e-31 5.3772e-22
3.79847e-14 2.88769e-31 5.3772e-22
3.81558e-14 2.99974e-31 5.3772e-22
3.83276e-14 3.11599e-31 5.3772e-22
3.85002e-14 3.23658e-31 5.3772e-22
3.86736e-14 3.36167e-31 5.3772e-22
3.88478e-14 3.49142e-31 5.3772e-22
3.90228e-14 3.626e-31 5.3772e-22
3.91985e-14 3.76559e-31 5.3772e-22
3.93751e-14 3.91035e-31 5.3772e-22
3.95524e-14 4.06048e-31 5.3772e-22
3.97305e-14 4.21617e-31 5.3772e-22
3.99095e-14 4.37761e-31 5.3772e-22
4.00892e-14 4.54501e-31 5.3772e-22
4.02698e-14 4.71857e-31 5.3772e-22
4.04511e-14 4.89852e-31 5.3772e-22
4.06333e-14 5.08509e-31 5.3772e-22
4.08163e-14 5.2785e-31 5.3772e-22
4.10001e-14 5.47899e-31 5.3772e-22
4.11848e-14 5.68682e-31 5.3772e-22
4.13703e-14 5.90224e-31 5.3772e-22
4.15566e-14 6.12552e-31 5.3772e-22
4.17437e-14 6.35694e-31 5.3772e-22
4.19317e-14 6.59677e-31 5.3772e-22
4.21206e-14 6.84531e-31 5.3772e-22
4.23103e-14 7.10286e-31 5.3772e-22
4.25008e-14 7.36975e-31 5.3772e-22
4.26922e-14 7.64628e-31 5.3772e-22
4.28845e-14 7.9328e-31 5.3772e-22
4.30777e-14 8.22964e-31 5.3772e-22
4.32717e-14 8.53718e-31 5.3772e-22
4.34666e-14 8.85577e-31 5.3772e-22
4.36623e-14 9.1858e-31 5.3772e-22
4.3859e-14 9.52765e-31 5.3772e-22
4.40565e-14 9.88174e-31 5.3772e-22
4.42549e-14 1.02485e-30 5.3772e-22
4.44542e-14 1.06283e-30 5.3772e-22
4.46544e-14 1.10217e-30 5.3772e-22
4.48555e-14 1.1429e-30 5.3772e-22
4.50575e-14 1.18509e-30 5.3772e-22
4.52605e-14 1.22877e-30 5.3772e-22
4.54643e-14 1.27399e-30 5.3772e-22
4.56691e-14 1.32082e-30 5.3772e-22
4.58748e-14 1.3693e-30 5.3772e-22
4.60814e-14 1.41949e-30 5.3772e-22
4.62889e-14 1.47145e-30 5.3772e-22
4.64974e-14 1.52523e-30 5.3772e-22
4.67068e-14 1.5809e-30 5.3772e-22
4.69171e-14 1.63852e-30 5.3772e-22
4.71284e-14 1.69816e-30 5.3772e-22
4.73407e-14 1.75988e-30 5.3772e-22
4.75539e-14 1.82376e-30 5.3772e-22
4.77681e-14 1.88986e-30 5.3772e-22
4.79832e-14 1.95826e-30 5.3772e-22
4.81993e-14 2.02904e-30 5.3772e-22
4.84164e-14 2.10227e-30 5.3772e-22
4.86344e-14 2.17803e-30 5.3772e-22
4.88535e-14 2.25642e-30 5.3772e-22
4.90735e-14 2.33751e-30 5.3772e-22
4.92945e-14 2.4214e-30 5.3772e-22
4.95165e-14 2.50817e-30 5.3772e-22
4.97395e-14 2.59792e-30 5.3772e-22
4.99635e-14 2.69076e-30 5.3772e-22
5.01886e-14 2.78677e-30 5.3772e-22
5.04146e-14 2.88607e-30 5.3772e-22
5.06416e-14 2.98876e-30 5.3772e-22
5.08697e-14 3.09495e-30 5.3772e-22
5.10988e-14 3.20475e-30 5.3772e-22
5.13289e-14 3.31829e-30 5.3772e-22
5.15601e-14 3.43568e-30 5.3772e-22
5.17923e-14 3.55705e-30 5.3772e-22
5.20256e-14 3.68252e-30 5.3772e-22
5.22599e-14 3.81223e-30 5.3772e-22
5.24953e-14 3.94632e-30 5.3772e-22
5.27317e-14 4.08492e-30 5.3772e-22
5.29692e-14 4.22818e-30 5.3772e-22
5.32077e-14 4.37625e-30 5.3772e-22
5.34474e-14 4.52928e-30 5.3772e-22
5.36881e-14 4.68743e-30 5.3772e-22
5.39299e-14 4.85087e-30 5.3772e-22
5.41728e-14 5.01976e-30 5.3772e-22
5.44167e-14 5.19427e-30 5.3772e-22
5.46618e-14 5.37458e-30 5.3772e-22
5.4908e-14 5.56088e-30 5.3772e-22
5.51553e-14 5.75335e-30 5.3772e-22
5.54037e-14 5.9522e-30 5.3772e-22
5.56532e-14 6.15761e-30 5.3772e-22
5.59039e-14 6.36979e-30 5.3772e-22
5.61556e-14 6.58897e-30 5.3772e-22
5.64085e-14 6.81535e-30 5.3772e-22
5.66626e-14 7.04916e-30 5.3772e-22
5.69178e-14 7.29063e-30 5.3772e-22
5.71741e-14 7.54e-30 5.3772e-22
5.74316e-14 7.79752e-30 5.3772e-22
5.76903e-14 8.06344e-30 5.3772e-22
5.79501e-14 8.33802e-30 5.3772e-22
5.82111e-14 8.62152e-30 5.3772e-22
5.84732e-14 8.91422e-30 5.3772e-22
5.87366e-14 9.21641e-30 5.3772e-22
5.90011e-14 9.52837e-30 5.3772e-22
5.92668e-14 9.85041e-30 5.3772e-22
5.95338e-14 1.01828e-29 5.3772e-22
5.98019e-14 1.05259e-29 5.3772e-22
6.00712e-14 1.08801e-29 5.3772e-22
6.03418e-14 1.12456e-29 5.3772e-22
6.06135e-14 1.16228e-29 5.3772e-22
6.08865e-14 1.20121e-29 5.3772e-22
6.11607e-14 1.24138e-29 5.3772e-22
6.14362e-14 1.28283e-29 5.3772e-22
6.17129e-14 1.3256e-29 5.3772e-22
6.19908e-14 1.36973e-29 5.3772e-22
6.227e-14 1.41526e-29 5.3772e-22
6.25504e-14 1.46223e-29 5.3772e-22
6.28321e-14 1.51068e-29 5.37719e-22
6.31151e-14 1.56066e-29 5.37719e-22
6.33994e-14 1.61222e-29 5.37719e-22
6.36849e-14 1.6654e-29 5.37719e-22
6.39717e-14 1.72025e-29 5.37719e-22
6.42598e-14 1.77681e-29 5.37719e-22
6.45492e-14 1.83515e-29 5.37719e-22
6.484e-14 1.89531e-29 5.37719e-22
6.5132e-14 1.95734e-29 5.37719e-22
6.54253e-14 2.02131e-29 5.37719e-22
6.572e-14 2.08726e-29 5.37719e-22
6.6016e-14 2.15526e-29 5.37719e-22
6.63133e-14 2.22537e-29 5.37719e-22
6.66119e-14 2.29764e-29 5.37719e-22
6.69119e-14 2.37215e-29 5.37719e-22
6.72133e-14 2.44895e-29 5.37719e-22
6.7516e-14 2.52811e-29 5.37719e-22
6.78201e-14 2.6097e-29 5.37719e-22
6.81255e-14 2.6938e-29 5.37719e-22
6.84323e-14 2.78047e-29 5.37719e-22
6.87405e-14 2.86978e-29 5.37719e-22
6.90501e-14 2.96182e-29 5.37719e-22
6.93611e-14 3.05666e-29 5.37719e-22
6.96735e-14 3.15438e-29 5.37719e-22
6.99873e-14 3.25507e-29 5.37719e-22
7.03025e-14 3.35881e-29 5.37719e-22
7.06191e-14 3.46568e-29 5.37719e-22
7.09371e-14 3.57578e-29 5.37719e-22
7.12566e-14 3.68919e-29 5.37719e-22
7.15775e-14 3.80601e-29 5.37719e-22
7.18999e-14 3.92634e-29 5.37719e-22
7.22237e-14 4.05028e-29 5.37719e-22
7.2549e-14 4.17793e-29 5.37719e-22
7.28757e-14 4.30938e-29 5.37719e-22
7.32039e-14 4.44475e-29 5.37719e-22
7.35336e-14 4.58416e-29 5.37719e-22
7.38648e-14 4.7277e-29 5.37718e-22
7.41975e-14 4.87549e-29 5.37718e-22
7.45316e-14 5.02767e-29 5.37718e-22
7.48673e-14 5.18433e-29 5.37718e-22
7.52045e-14 5.34562e-29 5.37718e-22
7.55432e-14 5.51165e-29 5.37718e-22
7.58834e-14 5.68257e-29 5.37718e-22
7.62252e-14 5.85849e-29 5.37718e-22
7.65685e-14 6.03957e-29 5.37718e-22
7.69133e-14 6.22594e-29 5.37718e-22
7.72597e-14 6.41774e-29 5.37718e-22
7.76076e-14 6.61513e-29 5.37718e-22
7.79572e-14 6.81826e-29 5.37718e-22
7.83083e-14 7.02728e-29 5.37718e-22
7.86609e-14 7.24235e-29 5.37718e-22
7.90152e-14 7.46364e-29 5.37718e-22
7.93711e-14 7.69131e-29 5.37718e-22
7.97285e-14 7.92554e-29 5.37717e-22
8.00876e-14 8.16651e-29 5.37717e-22
8.04483e-14 8.41439e-29 5.37717e-22
8.08106e-14 8.66937e-29 5.37717e-22
8.11746e-14 8.93164e-29 5.37717e-22
8.15402e-14 9.20139e-29 5.37717e-22
8.19074e-14 9.47883e-29 5.37717e-22
8.22763e-14 9.76415e-29 5.37717e-22
8.26468e-14 1.00576e-28 5.37717e-22
8.3019e-14 1.03593e-28 5.37717e-22
8.33929e-14 1.06696e-28 5.37717e-22
8.37685e-14 1.09886e-28 5.37716e-22
8.41458e-14 1.13166e-28 5.37716e-22
8.45247e-14 1.16538e-28 5.37716e-22
8.49054e-14 1.20005e-28 5.37716e-22
8.52878e-14 1.23569e-28 5.37716e-22
8.56719e-14 1.27232e-28 5.37716e-22
8.60578e-14 1.30998e-28 5.37716e-22
8.64453e-14 1.34869e-28 5.37716e-22
8.68347e-14 1.38847e-28 5.37715e-22
8.72257e-14 1.42936e-28 5.37715e-22
8.76186e-14 1.47138e-28 5.37715e-22
8.80132e-14 1.51456e-28 5.37715e-22
8.84096e-14 1.55893e-28 5.37715e-22
8.88077e-14 1.60452e-28 5.37715e-22
8.92077e-14 1.65136e-28 5.37715e-22
8.96095e-14 1.69949e-28 5.37714e-22
9.00131e-14 1.74894e-28 5.37714e-22
9.04184e-14 1.79974e-28 5.37714e-22
9.08257e-14 1.85192e-28 5.37714e-22
9.12347e-14 1.90552e-28 5.37714e-22
9.16456e-14 1.96058e-28 5.37713e-22
9.20584e-14 2.01713e-28 5.37713e-22
9.2473e-14 2.07521e-28 5.37713e-22
9.28894e-14 2.13486e-28 5.37713e-22
9.33078e-14 2.19612e-28 5.37713e-22
9.3728e-14 2.25903e-28 5.37712e-22
9.41501e-14 2.32362e-28 5.37712e-22
9.45742e-14 2.38994e-28 5.37712e-22
9.50001e-14 2.45804e-28 5.37712e-22
9.54279e-14 2.52795e-28 5.37712e-22
9.58577e-14 2.59973e-28 5.37711e-22
9.62894e-14 2.67341e-28 5.37711e-22
9.67231e-14 2.74905e-28 5.37711e-22
9.71587e-14 2.82669e-28 5.3771e-22
9.75963e-14 2.90638e-28 5.3771e-22
9.80358e-14 2.98817e-28 5.3771e-22
9.84774e-14 3.07212e-28 5.3771e-22
9.89209e-14 3.15827e-28 5.37709e-22
9.93664e-14 3.24667e-28 5.37709e-22
9.98139e-14 3.33739e-28 5.37709e-22
1.00263e-13 3.43048e-28 5.37708e-22
1.00715e-13 3.52599e-28 5.37708e-22
1.01169e-13 3.62399e-28 5.37708e-22
1.01624e-13 3.72453e-28 5.37707e-22
1.02082e-13 3.82767e-28 5.37707e-22
1.02542e-13 3.93347e-28 5.37706e-22
1.03003e-13 4.042e-28 5.37706e-22
1.03467e-13 4.15333e-28 5.37706e-22
1.03933e-13 4.26752e-28 5.37705e-22
1.04401e-13 4.38463e-28 5.37705e-22
1.04872e-13 4.50473e-28 5.37704e-22
1.05344e-13 4.6279e-28 5.37704e-22
1.05818e-13 4.75421e-28 5.37703e-22
1.06295e-13 4.88373e-28 5.37703e-22
1.06774e-13 5.01653e-28 5.37703e-22
1.07255e-13 5.1527e-28 5.37702e-22
1.07738e-13 5.2923e-28 5.37702e-22
1.08223e-13 5.43542e-28 5.37701e-22
1.0871e-13 5.58214e-28 5.377e-22
1.092e-13 5.73255e-28 5.377e-22
1.09692e-13 5.88672e-28 5.37699e-22
1.10186e-13 6.04474e-28 5.37699e-22
1.10682e-13 6.2067e-28 5.37698e-22
1.1118e-13 6.3727e-28 5.37697e-22
1.11681e-13 6.54282e-28 5.37697e-22
1.12184e-13 6.71715e-28 5.37696e-22
1.12689e-13 6.89579e-28 5.37696e-22
1.13197e-13 7.07884e-28 5.37695e-22
1.13707e-13 7.2664e-28 5.37694e-22
1.14219e-13 7.45856e-28 5.37693e-22
1.14733e-13 7.65544e-28 5.37693e-22
1.1525e-13 7.85714e-28 5.37692e-22
1.15769e-13 8.06375e-28 5.37691e-22
1.1629e-13 8.2754e-28 5.3769e-22
1.16814e-13 8.49219e-28 5.37689e-22
1.1734e-13 8.71424e-28 5.37689e-22
1.17869e-13 8.94167e-28 5.37688e-22
1.18399e-13 9.17458e-28 5.37687e-22
1.18933e-13 9.41311e-28 5.37686e-22
1.19468e-13 9.65737e-28 5.37685e-22
1.20006e-13 9.90749e-28 5.37684e-22
1.20547e-13 1.01636e-27 5.37683e-22
1.2109e-13 1.04258e-27 5.37682e-22
1.21635e-13 1.06943e-27 5.37681e-22
1.22183e-13 1.09691e-27 5.3768e-22
1.22733e-13 1.12505e-27 5.37679e-22
1.23286e-13 1.15386e-27 5.37678e-22
1.23841e-13 1.18334e-27 5.37677e-22
1.24399e-13 1.21352e-27 5.37675e-22
1.24959e-13 1.24441e-27 5.37674e-22
1.25522e-13 1.27602e-27 5.37673e-22
1.26087e-13 1.30837e-27 5.37672e-22
1.26655e-13 1.34148e-27 5.3767e-22
1.27226e-13 1.37536e-27 5.37669e-22
1.27799e-13 1.41002e-27 5.37668e-22
1.28374e-13 1.4455e-27 5.37666e-22
1.28952e-13 1.48179e-27 5.37665e-22
1.29533e-13 1.51892e-27 5.37663e-22
1.30116e-13 1.5569e-27 5.37662e-22
1.30702e-13 1.59576e-27 5.3766e-22
1.31291e-13 1.63551e-27 5.37659e-22
1.31882e-13 1.67617e-27 5.37657e-22
1.32476e-13 1.71775e-27 5.37655e-22
1.33073e-13 1.76029e-27 5.37654e-22
1.33672e-13 1.80379e-27 5.37652e-22
1.34274e-13 1.84827e-27 5.3765e-22
1.34879e-13 1.89376e-27 5.37648e-22
1.35487e-13 1.94028e-27 5.37646e-22
1.36097e-13 1.98785e-27 5.37644e-22
1.3671e-13 2.03648e-27 5.37642e-22
1.37325e-13 2.0862e-27 5.3764e-22
1.37944e-13 2.13704e-27 5.37638e-22
1.38565e-13 2.189e-27 5.37636e-22
1.39189e-13 2.24212e-27 5.37634e-22
1.39816e-13 2.29643e-27 5.37632e-22
1.40446e-13 2.35193e-27 5.37629e-22
1.41078e-13 2.40866e-27 5.37627e-22
1.41714e-13 2.46664e-27 5.37625e-22
1.42352e-13 2.52589e-27 5.37622e-22
1.42993e-13 2.58644e-27 5.3762e-22
1.43637e-13 2.64832e-27 5.37617e-22
1.44284e-13 2.71155e-27 5.37614e-22
1.44934e-13 2.77615e-27 5.37612e-22
1.45586e-13 2.84216e-27 5.37609e-22
1.46242e-13 2.90959e-27 5.37606e-22
1.46901e-13 2.97848e-27 5.37603e-22
1.47562e-13 3.04886e-27 5.376e-22
1.48227e-13 3.12075e-27 5.37597e-22
1.48894e-13 3.19418e-27 5.37594e-22
1.49565e-13 3.26919e-27 5.37591e-22
1.50239e-13 3.34579e-27 5.37588e-22
1.50915e-13 3.42403e-27 5.37584e-22
1.51595e-13 3.50393e-27 5.37581e-22
1.52278e-13 3.58552e-27 5.37577e-22
1.52963e-13 3.66883e-27 5.37574e-22
1.53652e-13 3.7539e-27 5.3757e-22
1.54344e-13 3.84076e-27 5.37566e-22
1.5504e-13 3.92944e-27 5.37562e-22
1.55738e-13 4.01998e-27 5.37558e-22
1.56439e-13 4.1124e-27 5.37554e-22
1.57144e-13 4.20675e-27 5.3755e-22
1.57851e-13 4.30306e-27 5.37546e-22
1.58562e-13 4.40136e-27 5.37542e-22
1.59277e-13 4.5017e-27 5.37537e-22
1.59994e-13 4.6041e-27 5.37533e-22
1.60714e-13 4.7086e-27 5.37528e-22
1.61438e-13 4.81525e-27 5.37524e-22
1.62165e-13 4.92408e-27 5.37519e-22
1.62896e-13 5.03512e-27 5.37514e-22
1.63629e-13 5.14843e-27 5.37509e-22
1.64366e-13 5.26403e-27 5.37504e-22
1.65106e-13 5.38197e-27 5.37498e-22
1.6585e-13 5.50229e-27 5.37493e-22
1.66597e-13 5.62504e-27 5.37488e-22
1.67347e-13 5.75024e-27 5.37482e-22
1.68101e-13 5.87796e-27 5.37476e-22
1.68858e-13 6.00822e-27 5.3747e-22
1.69619e-13 6.14108e-27 5.37464e-22
1.70382e-13 6.27658e-27 5.37458e-22
1.7115e-13 6.41476e-27 5.37452e-22
1.71921e-13 6.55567e-27 5.37445e-22
1.72695e-13 6.69936e-27 5.37439e-22
1.73473e-13 6.84588e-27 5.37432e-22
1.74254e-13 6.99526e-27 5.37425e-22
1.75039e-13 7.14756e-27 5.37418e-22
1.75827e-13 7.30283e-27 5.37411e-22
1.76619e-13 7.46112e-27 5.37404e-22
1.77414e-13 7.62248e-27 5.37396e-22
1.78213e-13 7.78696e-27 5.37389e-22
1.79016e-13 7.95461e-27 5.37381e-22
1.79822e-13 8.12548e-27 5.37373e-22
1.80632e-13 8.29963e-27 5.37365e-22
1.81446e-13 8.47711e-27 5.37357e-22
1.82263e-13 8.65797e-27 5.37348e-22
1.83084e-13 8.84227e-27 5.37339e-22
1.83908e-13 9.03007e-27 5.37331e-22
1.84736e-13 9.22142e-27 5.37322e-22
1.85568e-13 9.41637e-27 5.37312e-22
1.86404e-13 9.615e-27 5.37303e-22
1.87244e-13 9.81734e-27 5.37293e-22
1.88087e-13 1.00235e-26 5.37284e-22
1.88934e-13 1.02334e-26 5.37274e-22
1.89785e-13 1.04473e-26 5.37263e-22
1.9064e-13 1.06652e-26 5.37253e-22
1.91498e-13 1.0887e-26 5.37242e-22
1.92361e-13 1.1113e-26 5.37231e-22
1.93227e-13 1.13431e-26 5.3722e-22
1.94097e-13 1.15774e-26 5.37209e-22
1.94972e-13 1.1816e-26 5.37197e-22
1.9585e-13 1.2059e-26 5.37185e-22
1.96732e-13 1.23064e-26 5.37173e-22
1.97618e-13 1.25582e-26 5.37161e-22
1.98508e-13 1.28146e-26 5.37149e-22
1.99402e-13 1.30756e-26 5.37136e-22
2.003e-13 1.33413e-26 5.37123e-22
2.01202e-13 1.36118e-26 5.37109e-22
2.02108e-13 1.38871e-26 5.37096e-22
2.03018e-13 1.41673e-26 5.37082e-22
2.03933e-13 1.44524e-26 5.37068e-22
2.04851e-13 1.47426e-26 5.37053e-22
2.05774e-13 1.5038e-26 5.37038e-22
2.067e-13 1.53385e-26 5.37023e-22
2.07631e-13 1.56443e-26 5.37008e-22
2.08566e-13 1.59554e-26 5.36992e-22
2.09506e-13 1.62719e-26 5.36976e-22
2.10449e-13 1.6594e-26 5.3696e-22
2.11397e-13 1.69216e-26 5.36944e-22
2.12349e-13 1.72549e-26 5.36927e-22
2.13306e-13 1.75939e-26 5.36909e-22
2.14266e-13 1.79387e-26 5.36892e-22
2.15231e-13 1.82895e-26 5.36874e-22
2.16201e-13 1.86462e-26 5.36856e-22
2.17174e-13 1.9009e-26 5.36837e-22
2.18152e-13 1.93779e-26 5.36818e-22
2.19135e-13 1.9753e-26 5.36799e-22
2.20122e-13 2.01345e-26 5.36779e-22
2.21113e-13 2.05224e-26 5.36759e-22
2.22109e-13 2.09168e-26 5.36738e-22
2.23109e-13 2.13177e-26 5.36717e-22
2.24114e-13 2.17253e-26 5.36696e-22
2.25123e-13 2.21397e-26 5.36674e-22
2.26137e-13 2.25609e-26 5.36652e-22
2.27156e-13 2.29891e-26 5.36629e-22
2.28179e-13 2.34243e-26 5.36607e-22
2.29206e-13 2.38666e-26 5.36583e-22
2.30239e-13 2.43161e-26 5.36559e-22
2.31276e-13 2.47729e-26 5.36535e-22
2.32317e-13 2.52371e-26 5.3651e-22
2.33364e-13 2.57088e-26 5.36485e-22
2.34415e-13 2.61882e-26 5.36459e-22
2.3547e-13 2.66752e-26 5.36433e-22
2.36531e-13 2.71699e-26 5.36406e-22
2.37596e-13 2.76726e-26 5.36379e-22
2.38666e-13 2.81833e-26 5.36351e-22
2.39741e-13 2.8702e-26 5.36323e-22
2.40821e-13 2.92289e-26 5.36295e-22
2.41905e-13 2.97641e-26 5.36265e-22
2.42995e-13 3.03077e-26 5.36236e-22
2.44089e-13 3.08598e-26 5.36205e-22
2.45188e-13 3.14205e-26 5.36174e-22
2.46293e-13 3.19898e-26 5.36143e-22
2.47402e-13 3.2568e-26 5.36111e-22
2.48516e-13 3.31551e-26 5.36078e-22
2.49635e-13 3.37512e-26 5.36045e-22
2.5076e-13 3.43564e-26 5.36012e-22
2.51889e-13 3.49708e-26 5.35977e-22
2.53023e-13 3.55945e-26 5.35942e-22
2.54163e-13 3.62277e-26 5.35907e-22
2.55308e-13 3.68705e-26 5.3587e-22
2.56458e-13 3.75229e-26 5.35834e-22
2.57613e-13 3.81851e-26 5.35796e-22
2.58773e-13 3.88571e-26 5.35758e-22
2.59938e-13 3.95392e-26 5.35719e-22
2.61109e-13 4.02313e-26 5.35679e-22
2.62285e-13 4.09337e-26 5.35639e-22
2.63466e-13 4.16464e-26 5.35598e-22
2.64653e-13 4.23695e-26 5.35557e-22
2.65845e-13 4.31032e-26 5.35514e-22
2.67042e-13 4.38476e-26 5.35471e-22
2.68245e-13 4.46028e-26 5.35427e-22
2.69453e-13 4.53688e-26 5.35383e-22
2.70666e-13 4.61459e-26 5.35337e-22
2.71885e-13 4.69341e-26 5.35291e-22
2.7311e-13 4.77336e-26 5.35244e-22
2.7434e-13 4.85444e-26 5.35196e-22
2.75575e-13 4.93668e-26 5.35148e-22
2.76816e-13 5.02007e-26 5.35099e-22
2.78063e-13 5.10464e-26 5.35048e-22
2.79315e-13 5.19039e-26 5.34997e-22
2.80573e-13 5.27734e-26 5.34945e-22
2.81837e-13 5.3655e-26 5.34893e-22
2.83106e-13 5.45488e-26 5.34839e-22
2.84381e-13 5.54549e-26 5.34784e-22
2.85662e-13 5.63735e-26 5.34729e-22
2.86949e-13 5.73046e-26 5.34673e-22
2.88241e-13 5.82485e-26 5.34615e-22
2.89539e-13 5.92051e-26 5.34557e-22
2.90843e-13 6.01747e-26 5.34498e-22
2.92153e-13 6.11574e-26 5.34438e-22
2.93469e-13 6.21533e-26 5.34377e-22
2.9479e-13 6.31624e-26 5.34314e-22
2.96118e-13 6.4185e-26 5.34251e-22
2.97452e-13 6.52212e-26 5.34187e-22
2.98791e-13 6.6271e-26 5.34122e-22
3.00137e-13 6.73346e-26 5.34056e-22
3.01489e-13 6.84122e-26 5.33988e-22
3.02847e-13 6.95038e-26 5.3392e-22
3.0421e-13 7.06096e-26 5.3385e-22
3.05581e-13 7.17297e-26 5.3378e-22
3.06957e-13 7.28642e-26 5.33708e-22
3.08339e-13 7.40133e-26 5.33635e-22
3.09728e-13 7.5177e-26 5.33561e-22
3.11123e-13 7.63555e-26 5.33486e-22
3.12524e-13 7.7549e-26 5.3341e-22
3.13932e-13 7.87575e-26 5.33332e-22
3.15345e-13 7.99812e-26 5.33253e-22
3.16766e-13 8.12202e-26 5.33173e-22
3.18192e-13 8.24746e-26 5.33092e-22
3.19625e-13 8.37446e-26 5.3301e-22
3.21065e-13 8.50302e-26 5.32926e-22
3.22511e-13 8.63316e-26 5.32841e-22
3.23963e-13 8.76489e-26 5.32754e-22
3.25422e-13 8.89823e-26 5.32667e-22
3.26888e-13 9.03318e-26 5.32578e-22
3.2836e-13 9.16976e-26 5.32487e-22
3.29839e-13 9.30798e-26 5.32396e-22
3.31324e-13 9.44786e-26 5.32303e-22
3.32817e-13 9.58939e-26 5.32208e-22
3.34316e-13 9.73261e-26 5.32112e-22
3.35821e-13 9.87752e-26 5.32015e-22
3.37334e-13 1.00241e-25 5.31916e-22
3.38853e-13 1.01724e-25 5.31816e-22
3.40379e-13 1.03225e-25 5.31714e-22
3.41912e-13 1.04743e-25 5.31611e-22
3.43452e-13 1.06278e-25 5.31506e-22
3.44999e-13 1.07831e-25 5.314e-22
3.46552e-13 1.09402e-25 5.31292e-22
3.48113e-13 1.1099e-25 5.31183e-22
3.49681e-13 1.12596e-25 5.31072e-22
3.51256e-13 1.14221e-25 5.30959e-22
3.52838e-13 1.15864e-25 5.30845e-22
3.54427e-13 1.17525e-25 5.30729e-22
3.56023e-13 1.19204e-25 5.30612e-22
3.57627e-13 1.20902e-25 5.30492e-22
3.59237e-13 1.22618e-25 5.30371e-22
3.60855e-13 1.24354e-25 5.30249e-22
3.6248e-13 1.26108e-25 5.30125e-22
3.64113e-13 1.27881e-25 5.29998e-22
3.65753e-13 1.29673e-25 5.29871e-22
3.674e-13 1.31484e-25 5.29741e-22
3.69055e-13 1.33315e-25 5.29609e-22
3.70717e-13 1.35165e-25 5.29476e-22
3.72386e-13 1.37034e-25 5.29341e-22
3.74063e-13 1.38924e-25 5.29204e-22
3.75748e-13 1.40832e-25 5.29065e-22
3.7744e-13 1.42761e-25 5.28924e-22
3.7914e-13 1.44709e-25 5.28781e-22
3.80848e-13 1.46678e-25 5.28637e-22
3.82563e-13 1.48666e-25 5.2849e-22
3.84286e-13 1.50675e-25 5.28341e-22
3.86017e-13 1.52704e-25 5.28191e-22
3.87755e-13 1.54753e-25 5.28038e-22
3.89502e-13 1.56823e-25 5.27883e-22
3.91256e-13 1.58913e-25 5.27726e-22
3.93018e-13 1.61024e-25 5.27567e-22
3.94788e-13 1.63156e-25 5.27406e-22
3.96566e-13 1.65308e-25 5.27243e-22
3.98352e-13 1.67482e-25 5.27078e-22
4.00146e-13 1.69676e-25 5.2691e-22
4.01948e-13 1.71892e-25 5.26741e-22
4.03758e-13 1.74128e-25 5.26569e-22
4.05577e-13 1.76386e-25 5.26395e-22
4.07403e-13 1.78665e-25 5.26218e-22
4.09238e-13 1.80965e-25 5.2604e-22
4.11081e-13 1.83287e-25 5.25859e-22
4.12933e-13 1.8563e-25 5.25675e-22
4.14792e-13 1.87995e-25 5.2549e-22
4.16661e-13 1.90381e-25 5.25302e-22
4.18537e-13 1.92789e-25 5.25111e-22
4.20422e-13 1.95219e-25 5.24919e-22
4.22315e-13 1.97671e-25 5.24723e-22
4.24217e-13 2.00144e-25 5.24526e-22
4.26128e-13 2.0264e-25 5.24326e-22
4.28047e-13 2.05157e-25 5.24123e-22
4.29975e-13 2.07697e-25 5.23918e-22
4.31911e-13 2.10258e-25 5.2371e-22
4.33857e-13 2.12842e-25 5.235e-22
4.35811e-13 2.15447e-25 5.23287e-22
4.37773e-13 2.18075e-25 5.23072e-22
4.39745e-13 2.20726e-25 5.22854e-22
4.41725e-13 2.23398e-25 5.22633e-22
4.43715e-13 2.26093e-25 5.22409e-22
4.45713e-13 2.2881e-25 5.22183e-22
4.47721e-13 2.3155e-25 5.21954e-22
4.49737e-13 2.34312e-25 5.21723e-22
4.51762e-13 2.37096e-25 5.21489e-22
4.53797e-13 2.39903e-25 5.21252e-22
4.55841e-13 2.42733e-25 5.21012e-22
4.57894e-13 2.45585e-25 5.20769e-22
4.59956e-13 2.48459e-25 5.20523e-22
4.62028e-13 2.51356e-25 5.20275e-22
4.64108e-13 2.54276e-25 5.20023e-22
4.66199e-13 2.57218e-25 5.19769e-22
4.68298e-13 2.60182e-25 5.19512e-22
4.70407e-13 2.63169e-25 5.19252e-22
4.72526e-13 2.66179e-25 5.18989e-22
4.74654e-13 2.69211e-25 5.18722e-22
4.76792e-13 2.72266e-25 5.18453e-22
4.78939e-13 2.75344e-25 5.18181e-22
4.81096e-13 2.78444e-25 5.17906e-22
4.83263e-13 2.81566e-25 5.17627e-22
4.85439e-13 2.84711e-25 5.17346e-22
4.87626e-13 2.87878e-25 5.17061e-22
4.89822e-13 2.91068e-25 5.16773e-22
4.92028e-13 2.9428e-25 5.16482e-22
4.94244e-13 2.97515e-25 5.16188e-22
4.9647e-13 3.00772e-25 5.1589e-22
4.98705e-13 3.04051e-25 5.15589e-22
5.00952e-13 3.07353e-25 5.15285e-22
5.03208e-13 3.10676e-25 5.14978e-22
5.05474e-13 3.14022e-25 5.14667e-22
5.0775e-13 3.17391e-25 5.14353e-22
5.10037e-13 3.20781e-25 5.14036e-22
5.12334e-13 3.24193e-25 5.13715e-22
5.14642e-13 3.27627e-25 5.13391e-22
5.16959e-13 3.31084e-25 5.13063e-22
5.19288e-13 3.34562e-25 5.12732e-22
5.21626e-13 3.38061e-25 5.12398e-22
5.23976e-13 3.41583e-25 5.1206e-22
5.26336e-13 3.45126e-25 5.11718e-22
5.28706e-13 3.48691e-25 5.11373e-22
5.31087e-13 3.52277e-25 5.11024e-22
5.33479e-13 3.55885e-25 5.10672e-22
5.35882e-13 3.59513e-25 5.10316e-22
5.38295e-13 3.63164e-25 5.09957e-22
5.40719e-13 3.66835e-25 5.09593e-22
5.43155e-13 3.70527e-25 5.09227e-22
5.45601e-13 3.7424e-25 5.08856e-22
5.48058e-13 3.77974e-25 5.08482e-22
5.50526e-13 3.81729e-25 5.08104e-22
5.53006e-13 3.85504e-25 5.07722e-22
5.55496e-13 3.893e-25 5.07337e-22
5.57998e-13 3.93116e-25 5.06947e-22
5.60511e-13 3.96952e-25 5.06554e-22
5.63036e-13 4.00808e-25 5.06157e-22
5.65571e-13 4.04685e-25 5.05756e-22
5.68119e-13 4.08581e-25 5.05352e-22
5.70677e-13 4.12497e-25 5.04943e-22
5.73247e-13 4.16432e-25 5.04531e-22
5.75829e-13 4.20387e-25 5.04114e-22
5.78422e-13 4.24361e-25 5.03694e-22
5.81027e-13 4.28354e-25 5.03269e-22
5.83644e-13 4.32366e-25 5.02841e-22
5.86273e-13 4.36397e-25 5.02409e-22
5.88913e-13 4.40446e-25 5.01972e-22
5.91566e-13 4.44514e-25 5.01532e-22
5.9423e-13 4.48601e-25 5.01087e-22
5.96906e-13 4.52705e-25 5.00639e-22
5.99594e-13 4.56827e-25 5.00186e-22
6.02295e-13 4.60967e-25 4.99729e-22
6.05007e-13 4.65125e-25 4.99268e-22
6.07732e-13 4.693e-25 4.98803e-22
6.10469e-13 4.73492e-25 4.98334e-22
6.13218e-13 4.77702e-25 4.9786e-22
6.1598e-13 4.81928e-25 4.97383e-22
6.18754e-13 4.8617e-25 4.96901e-22
6.21541e-13 4.90429e-25 4.96415e-22
6.2434e-13 4.94704e-25 4.95924e-22
6.27152e-13 4.98995e-25 4.95429e-22
6.29977e-13 5.03302e-25 4.9493e-22
6.32814e-13 5.07624e-25 4.94427e-22
6.35664e-13 5.11962e-25 4.93919e-22
6.38527e-13 5.16315e-25 4.93408e-22
6.41403e-13 5.20682e-25 4.92891e-22
6.44291e-13 5.25064e-25 4.92371e-22
6.47193e-13 5.29461e-25 4.91845e-22
6.50108e-13 5.33872e-25 4.91316e-22
6.53036e-13 5.38296e-25 4.90782e-22
6.55977e-13 5.42734e-25 4.90244e-22
6.58931e-13 5.47186e-25 4.89701e-22
6.61899e-13 5.5165e-25 4.89154e-22
6.6488e-13 5.56128e-25 4.88602e-22
6.67874e-13 5.60618e-25 4.88046e-22
6.70882e-13 5.6512e-25 4.87486e-22
6.73903e-13 5.69634e-25 4.8692e-22
6.76938e-13 5.74161e-25 4.86351e-22
6.79987e-13 5.78698e-25 4.85777e-22
6.8305e-13 5.83247e-25 4.85198e-22
6.86126e-13 5.87807e-25 4.84615e-22
6.89216e-13 5.92378e-25 4.84027e-22
6.9232e-13 5.96959e-25 4.83434e-22
6.95438e-13 6.0155e-25 4.82838e-22
6.9857e-13 6.0615e-25 4.82236e-22
7.01716e-13 6.10761e-25 4.8163e-22
7.04877e-13 6.1538e-25 4.81019e-22
7.08051e-13 6.20008e-25 4.80404e-22
7.1124e-13 6.24645e-25 4.79784e-22
7.14443e-13 6.2929e-25 4.79159e-22
7.17661e-13 6.33943e-25 4.7853e-22
7.20893e-13 6.38604e-25 4.77896e-22
7.2414e-13 6.43272e-25 4.77257e-22
7.27401e-13 6.47947e-25 4.76614e-22
7.30677e-13 6.52629e-25 4.75966e-22
7.33968e-13 6.57317e-25 4.75313e-22
7.37273e-13 6.62011e-25 4.74656e-22
7.40594e-13 6.6671e-25 4.73994e-22
7.43929e-13 6.71415e-25 4.73327e-22
7.4728e-13 6.76125e-25 4.72656e-22
7.50645e-13 6.8084e-25 4.7198e-22
7.54026e-13 6.85559e-25 4.71299e-22
7.57422e-13 6.90281e-25 4.70613e-22
7.60833e-13 6.95008e-25 4.69923e-22
7.6426e-13 6.99738e-25 4.69228e-22
7.67702e-13 7.0447e-25 4.68528e-22
7.71159e-13 7.09206e-25 4.67824e-22
7.74632e-13 7.13943e-25 4.67115e-22
7.78121e-13 7.18682e-25 4.66401e-22
7.81625e-13 7.23423e-25 4.65682e-22
7.85146e-13 7.28165e-25 4.64959e-22
7.88682e-13 7.32907e-25 4.6423e-22
7.92234e-13 7.3765e-25 4.63498e-22
7.95802e-13 7.42393e-25 4.6276e-22
7.99386e-13 7.47135e-25 4.62018e-22
8.02986e-13 7.51877e-25 4.6127e-22
8.06602e-13 7.56618e-25 4.60518e-22
8.10235e-13 7.61357e-25 4.59762e-22
8.13884e-13 7.66094e-25 4.59001e-22
8.1755e-13 7.70829e-25 4.58234e-22
8.21232e-13 7.75562e-25 4.57464e-22
8.2493e-13 7.80291e-25 4.56688e-22
8.28645e-13 7.85017e-25 4.55908e-22
8.32377e-13 7.89739e-25 4.55123e-22
8.36126e-13 7.94457e-25 4.54333e-22
8.39892e-13 7.9917e-25 4.53539e-22
8.43674e-13 8.03878e-25 4.52739e-22
8.47474e-13 8.08581e-25 4.51935e-22
8.51291e-13 8.13278e-25 4.51127e-22
8.55125e-13 8.17969e-25 4.50314e-22
8.58976e-13 8.22653e-25 4.49496e-22
8.62845e-13 8.27331e-25 4.48673e-22
8.66731e-13 8.32001e-25 4.47846e-22
8.70634e-13 8.36663e-25 4.47014e-22
8.74555e-13 8.41317e-25 4.46177e-22
8.78494e-13 8.45963e-25 4.45336e-22
8.82451e-13 8.50599e-25 4.4449e-22
8.86425e-13 8.55227e-25 4.43639e-22
8.90417e-13 8.59844e-25 4.42784e-22
8.94427e-13 8.64451e-25 4.41924e-22
8.98455e-13 8.69048e-25 4.4106e-22
9.02502e-13 8.73634e-25 4.40191e-22
9.06566e-13 8.78208e-25 4.39317e-22
9.10649e-13 8.8277e-25 4.38439e-22
9.14751e-13 8.87321e-25 4.37556e-22
9.1887e-13 8.91859e-25 4.36669e-22
9.23009e-13 8.96383e-25 4.35777e-22
9.27166e-13 9.00894e-25 4.3488e-22
9.31341e-13 9.05392e-25 4.33979e-22
9.35536e-13 9.09875e-25 4.33074e-22
9.39749e-13 9.14344e-25 4.32164e-22
9.43982e-13 9.18797e-25 4.3125e-22
9.48233e-13 9.23235e-25 4.30331e-22
9.52504e-13 9.27658e-25 4.29408e-22
9.56793e-13 9.32064e-25 4.2848e-22
9.61103e-13 9.36453e-25 4.27548e-22
9.65431e-13 9.40825e-25 4.26612e-22
9.69779e-13 9.4518e-25 4.25671e-22
9.74147e-13 9.49517e-25 4.24726e-22
9.78534e-13 9.53836e-25 4.23776e-22
9.82941e-13 9.58136e-25 4.22822e-22
9.87368e-13 9.62417e-25 4.21864e-22
9.91815e-13 9.66679e-25 4.20902e-22
9.96282e-13 9.7092e-25 4.19935e-22
1.00077e-12 9.75142e-25 4.18964e-22
1.00528e-12 9.79343e-25 4.17989e-22
1.0098e-12 9.83522e-25 4.1701e-22
1.01435e-12 9.87681e-25 4.16026e-22
1.01892e-12 9.91817e-25 4.15038e-22
1.02351e-12 9.95932e-25 4.14047e-22
1.02812e-12 1.00002e-24 4.13051e-22
1.03275e-12 1.00409e-24 4.12051e-22
1.0374e-12 1.00814e-24 4.11047e-22
1.04207e-12 1.01216e-24 4.10038e-22
1.04676e-12 1.01616e-24 4.09026e-22
1.05148e-12 1.02013e-24 4.0801e-22
1.05621e-12 1.02408e-24 4.0699e-22
1.06097e-12 1.028e-24 4.05966e-22
1.06575e-12 1.0319e-24 4.04938e-22
1.07055e-12 1.03577e-24 4.03906e-22
1.07537e-12 1.03961e-24 4.0287e-22
1.08021e-12 1.04343e-24 4.01831e-22
1.08508e-12 1.04722e-24 4.00787e-22
1.08997e-12 1.05099e-24 3.9974e-22
1.09487e-12 1.05472e-24 3.98689e-22
1.09981e-12 1.05843e-24 3.97634e-22
1.10476e-12 1.06211e-24 3.96576e-22
1.10973e-12 1.06576e-24 3.95514e-22
1.11473e-12 1.06938e-24 3.94448e-22
1.11975e-12 1.07297e-24 3.93379e-22
1.1248e-12 1.07653e-24 3.92306e-22
1.12986e-12 1.08006e-24 3.91229e-22
1.13495e-12 1.08357e-24 3.90149e-22
1.14006e-12 1.08704e-24 3.89065e-22
1.1452e-12 1.09047e-24 3.87978e-22
1.15035e-12 1.09388e-24 3.86888e-22
1.15553e-12 1.09726e-24 3.85794e-22
1.16074e-12 1.1006e-24 3.84697e-22
1.16597e-12 1.10391e-24 3.83596e-22
1.17122e-12 1.10719e-24 3.82492e-22
1.17649e-12 1.11043e-24 3.81385e-22
1.18179e-12 1.11364e-24 3.80275e-22
1.18711e-12 1.11682e-24 3.79161e-22
1.19246e-12 1.11996e-24 3.78044e-22
1.19783e-12 1.12307e-24 3.76924e-22
1.20323e-12 1.12614e-24 3.75801e-22
1.20864e-12 1.12918e-24 3.74675e-22
1.21409e-12 1.13218e-24 3.73546e-22
1.21956e-12 1.13515e-24 3.72414e-22
1.22505e-12 1.13808e-24 3.71279e-22
1.23057e-12 1.14098e-24 3.7014e-22
1.23611e-12 1.14384e-24 3.69e-22
1.24167e-12 1.14666e-24 3.67856e-22
1.24727e-12 1.14945e-24 3.66709e-22
1.25288e-12 1.15219e-24 3.6556e-22
1.25853e-12 1.15491e-24 3.64407e-22
1.26419e-12 1.15758e-24 3.63252e-22
1.26989e-12 1.16021e-24 3.62095e-22
1.27561e-12 1.16281e-24 3.60935e-22
1.28135e-12 1.16537e-24 3.59772e-22
1.28712e-12 1.16789e-24 3.58606e-22
1.29292e-12 1.17037e-24 3.57439e-22
1.29874e-12 1.17281e-24 3.56268e-22
1.30459e-12 1.17522e-24 3.55095e-22
1.31047e-12 1.17758e-24 3.5392e-22
1.31637e-12 1.1799e-24 3.52743e-22
1.3223e-12 1.18219e-24 3.51563e-22
1.32825e-12 1.18443e-24 3.50381e-22
1.33424e-12 1.18663e-24 3.49196e-22
1.34024e-12 1.1888e-24 3.48009e-22
1.34628e-12 1.19092e-24 3.46821e-22
1.35234e-12 1.193e-24 3.4563e-22
1.35843e-12 1.19504e-24 3.44437e-22
1.36455e-12 1.19704e-24 3.43242e-22
1.3707e-12 1.19899e-24 3.42045e-22
1.37687e-12 1.20091e-24 3.40846e-22
1.38307e-12 1.20278e-24 3.39645e-22
1.3893e-12 1.20461e-24 3.38442e-22
1.39556e-12 1.2064e-24 3.37237e-22
1.40184e-12 1.20815e-24 3.36031e-22
1.40816e-12 1.20986e-24 3.34823e-22
1.4145e-12 1.21152e-24 3.33613e-22
1.42087e-12 1.21314e-24 3.32401e-22
1.42727e-12 1.21471e-24 3.31188e-22
1.4337e-12 1.21625e-24 3.29974e-22
1.44015e-12 1.21774e-24 3.28757e-22
1.44664e-12 1.21919e-24 3.2754e-22
1.45315e-12 1.22059e-24 3.2632e-22
1.4597e-12 1.22195e-24 3.251e-22
1.46627e-12 1.22327e-24 3.23878e-22
1.47288e-12 1.22454e-24 3.22655e-22
1.47951e-12 1.22577e-24 3.2143e-22
1.48617e-12 1.22696e-24 3.20204e-22
1.49287e-12 1.2281e-24 3.18977e-22
1.49959e-12 1.2292e-24 3.17749e-22
1.50634e-12 1.23025e-24 3.1652e-22
1.51313e-12 1.23126e-24 3.1529e-22
1.51994e-12 1.23223e-24 3.14059e-22
1.52679e-12 1.23315e-24 3.12826e-22
1.53366e-12 1.23403e-24 3.11593e-22
1.54057e-12 1.23487e-24 3.10359e-22
1.54751e-12 1.23566e-24 3.09124e-22
1.55448e-12 1.2364e-24 3.07889e-22
1.56148e-12 1.2371e-24 3.06652e-22
1.56851e-12 1.23776e-24 3.05415e-22
1.57558e-12 1.23837e-24 3.04177e-22
1.58267e-12 1.23894e-24 3.02939e-22
1.5898e-12 1.23946e-24 3.017e-22
1.59696e-12 1.23994e-24 3.00461e-22
1.60415e-12 1.24038e-24 2.99221e-22
1.61138e-12 1.24077e-24 2.9798e-22
1.61864e-12 1.24112e-24 2.96739e-22
1.62592e-12 1.24142e-24 2.95498e-22
1.63325e-12 1.24168e-24 2.94257e-22
1.6406e-12 1.24189e-24 2.93015e-22
1.64799e-12 1.24206e-24 2.91773e-22
1.65541e-12 1.24218e-24 2.90531e-22
1.66287e-12 1.24226e-24 2.89289e-22
1.67036e-12 1.2423e-24 2.88047e-22
1.67788e-12 1.24229e-24 2.86805e-22
1.68544e-12 1.24224e-24 2.85562e-22
1.69303e-12 1.24215e-24 2.8432e-22
1.70065e-12 1.24201e-24 2.83078e-22
1.70831e-12 1.24183e-24 2.81836e-22
1.71601e-12 1.2416e-24 2.80594e-22
1.72374e-12 1.24133e-24 2.79352e-22
1.7315e-12 1.24101e-24 2.78111e-22
1.7393e-12 1.24066e-24 2.7687e-22
1.74713e-12 1.24026e-24 2.75629e-22
1.755e-12 1.23981e-24 2.74389e-22
1.7629e-12 1.23933e-24 2.73149e-22
1.77084e-12 1.2388e-24 2.7191e-22
1.77882e-12 1.23822e-24 2.70671e-22
1.78683e-12 1.23761e-24 2.69433e-22
1.79488e-12 1.23695e-24 2.68195e-22
1.80296e-12 1.23625e-24 2.66958e-22
1.81108e-12 1.2355e-24 2.65722e-22
1.81924e-12 1.23472e-24 2.64487e-22
1.82743e-12 1.23389e-24 2.63252e-22
1.83566e-12 1.23302e-24 2.62018e-22
1.84393e-12 1.23211e-24 2.60785e-22
1.85223e-12 1.23115e-24 2.59553e-22
1.86057e-12 1.23016e-24 2.58322e-22
1.86895e-12 1.22912e-24 2.57092e-22
1.87737e-12 1.22804e-24 2.55863e-22
1.88583e-12 1.22693e-24 2.54634e-22
1.89432e-12 1.22577e-24 2.53408e-22
1.90285e-12 1.22457e-24 2.52182e-22
1.91142e-12 1.22333e-24 2.50957e-22
1.92003e-12 1.22204e-24 2.49734e-22
1.92868e-12 1.22072e-24 2.48512e-22
1.93736e-12 1.21936e-24 2.47291e-22
1.94609e-12 1.21796e-24 2.46072e-22
1.95485e-12 1.21652e-24 2.44854e-22
1.96366e-12 1.21504e-24 2.43637e-22
1.9725e-12 1.21352e-24 2.42422e-22
1.98138e-12 1.21196e-24 2.41209e-22
1.99031e-12 1.21037e-24 2.39997e-22
1.99927e-12 1.20873e-24 2.38786e-22
2.00827e-12 1.20706e-24 2.37578e-22
2.01732e-12 1.20535e-24 2.36371e-22
2.0264e-12 1.2036e-24 2.35165e-22
2.03553e-12 1.20181e-24 2.33962e-22
2.0447e-12 1.19999e-24 2.3276e-22
2.05391e-12 1.19813e-24 2.3156e-22
2.06316e-12 1.19623e-24 2.30362e-22
2.07245e-12 1.1943e-24 2.29165e-22
2.08178e-12 1.19233e-24 2.27971e-22
2.09116e-12 1.19032e-24 2.26779e-22
2.10058e-12 1.18828e-24 2.25589e-22
2.11004e-12 1.1862e-24 2.244e-22
2.11954e-12 1.18409e-24 2.23214e-22
2.12909e-12 1.18194e-24 2.2203e-22
2.13867e-12 1.17976e-24 2.20848e-22
2.14831e-12 1.17754e-24 2.19668e-22
2.15798e-12 1.17529e-24 2.18491e-22
2.1677e-12 1.173e-24 2.17315e-22
2.17746e-12 1.17068e-24 2.16142e-22
2.18727e-12 1.16833e-24 2.14972e-22
2.19712e-12 1.16595e-24 2.13803e-22
2.20702e-12 1.16353e-24 2.12637e-22
2.21696e-12 1.16108e-24 2.11474e-22
2.22694e-12 1.1586e-24 2.10313e-22
2.23697e-12 1.15608e-24 2.09154e-22
2.24704e-12 1.15353e-24 2.07998e-22
2.25716e-12 1.15096e-24 2.06845e-22
2.26733e-12 1.14835e-24 2.05694e-22
2.27754e-12 1.14571e-24 2.04545e-22
2.2878e-12 1.14304e-24 2.034e-22
2.2981e-12 1.14034e-24 2.02257e-22
2.30845e-12 1.13761e-24 2.01116e-22
2.31885e-12 1.13485e-24 1.99979e-22
2.32929e-12 1.13206e-24 1.98844e-22
2.33978e-12 1.12925e-24 1.97712e-22
2.35032e-12 1.1264e-24 1.96583e-22
2.36091e-12 1.12353e-24 1.95456e-22
2.37154e-12 1.12062e-24 1.94333e-22
2.38222e-12 1.11769e-24 1.93212e-22
2.39295e-12 1.11474e-24 1.92094e-22
2.40373e-12 1.11175e-24 1.9098e-22
2.41455e-12 1.10874e-24 1.89868e-22
2.42543e-12 1.10571e-24 1.88759e-22
2.43635e-12 1.10265e-24 1.87653e-22
2.44732e-12 1.09956e-24 1.86551e-22
2.45834e-12 1.09644e-24 1.85451e-22
2.46942e-12 1.09331e-24 1.84355e-22
2.48054e-12 1.09014e-24 1.83261e-22
2.49171e-12 1.08696e-24 1.82171e-22
2.50293e-12 1.08375e-24 1.81084e-22
2.5142e-12 1.08051e-24 1.80001e-22
2.52553e-12 1.07725e-24 1.7892e-22
2.5369e-12 1.07397e-24 1.77843e-22
2.54833e-12 1.07067e-24 1.76769e-22
2.5598e-12 1.06734e-24 1.75698e-22
2.57133e-12 1.064e-24 1.74631e-22
2.58291e-12 1.06063e-24 1.73567e-22
2.59454e-12 1.05723e-24 1.72506e-22
2.60623e-12 1.05382e-24 1.71449e-22
2.61797e-12 1.05039e-24 1.70395e-22
2.62976e-12 1.04694e-24 1.69345e-22
2.6416e-12 1.04347e-24 1.68298e-22
2.6535e-12 1.03997e-24 1.67254e-22
2.66545e-12 1.03646e-24 1.66214e-22
2.67745e-12 1.03293e-24 1.65178e-22
2.68951e-12 1.02938e-24 1.64145e-22
2.70162e-12 1.02582e-24 1.63116e-22
2.71379e-12 1.02223e-24 1.6209e-22
2.72601e-12 1.01863e-24 1.61067e-22
2.73829e-12 1.01501e-24 1.60049e-22
2.75062e-12 1.01137e-24 1.59034e-22
2.76301e-12 1.00772e-24 1.58022e-22
2.77546e-12 1.00405e-24 1.57015e-22
2.78796e-12 1.00037e-24 1.56011e-22
2.80051e-12 9.96667e-25 1.5501e-22
2.81312e-12 9.92952e-25 1.54014e-22
2.82579e-12 9.89221e-25 1.53021e-22
2.83852e-12 9.85476e-25 1.52031e-22
2.8513e-12 9.81717e-25 1.51046e-22
2.86415e-12 9.77944e-25 1.50064e-22
2.87705e-12 9.74158e-25 1.49086e-22
2.89e-12 9.70358e-25 1.48112e-22
2.90302e-12 9.66546e-25 1.47142e-22
2.91609e-12 9.62721e-25 1.46175e-22
2.92923e-12 9.58884e-25 1.45213e-22
2.94242e-12 9.55035e-25 1.44254e-22
2.95567e-12 9.51175e-25 1.43299e-22
2.96898e-12 9.47303e-25 1.42347e-22
2.98235e-12 9.43421e-25 1.414e-22
2.99578e-12 9.39528e-25 1.40457e-22
3.00928e-12 9.35625e-25 1.39517e-22
3.02283e-12 9.31712e-25 1.38582e-22
3.03644e-12 9.2779e-25 1.3765e-22
3.05012e-12 9.23858e-25 1.36722e-22
3.06386e-12 9.19917e-25 1.35798e-22
3.07765e-12 9.15968e-25 1.34878e-22
3.09152e-12 9.12011e-25 1.33962e-22
3.10544e-12 9.08045e-25 1.3305e-22
3.11942e-12 9.04072e-25 1.32142e-22
3.13347e-12 9.00092e-25 1.31238e-22
3.14759e-12 8.96104e-25 1.30338e-22
3.16176e-12 8.9211e-25 1.29442e-22
3.176e-12 8.8811e-25 1.2855e-22
3.19031e-12 8.84103e-25 1.27662e-22
3.20467e-12 8.80091e-25 1.26778e-22
3.21911e-12 8.76073e-25 1.25898e-22
3.2336e-12 8.7205e-25 1.25022e-22
3.24817e-12 8.68022e-25 1.24149e-22
3.2628e-12 8.6399e-25 1.23281e-22
3.27749e-12 8.59953e-25 1.22417e-22
3.29225e-12 8.55912e-25 1.21558e-22
3.30708e-12 8.51868e-25 1.20702e-22
3.32197e-12 8.4782e-25 1.1985e-22
3.33693e-12 8.43769e-25 1.19002e-22
3.35196e-12 8.39716e-25 1.18158e-22
3.36706e-12 8.35659e-25 1.17318e-22
3.38222e-12 8.31601e-25 1.16483e-22
3.39746e-12 8.27541e-25 1.15651e-22
3.41276e-12 8.23479e-25 1.14824e-22
3.42813e-12 8.19415e-25 1.14e-22
3.44357e-12 8.1535e-25 1.13181e-22
3.45908e-12 8.11285e-25 1.12365e-22
3.47465e-12 8.07219e-25 1.11554e-22
3.4903e-12 8.03153e-25 1.10747e-22
3.50602e-12 7.99086e-25 1.09944e-22
3.52181e-12 7.9502e-25 1.09145e-22
3.53767e-12 7.90954e-25 1.0835e-22
3.55361e-12 7.86889e-25 1.07559e-22
3.56961e-12 7.82825e-25 1.06772e-22
3.58569e-12 7.78763e-25 1.05989e-22
3.60184e-12 7.74702e-25 1.0521e-22
3.61806e-12 7.70642e-25 1.04436e-22
3.63435e-12 7.66585e-25 1.03665e-22
3.65072e-12 7.6253e-25 1.02898e-22
3.66716e-12 7.58477e-25 1.02136e-22
3.68368e-12 7.54427e-25 1.01377e-22
3.70027e-12 7.5038e-25 1.00623e-22
3.71693e-12 7.46337e-25 9.98725e-23
3.73367e-12 7.42297e-25 9.91261e-23
3.75049e-12 7.3826e-25 9.83838e-23
3.76738e-12 7.34228e-25 9.76456e-23
3.78435e-12 7.30199e-25 9.69113e-23
3.80139e-12 7.26176e-25 9.61811e-23
3.81851e-12 7.22156e-25 9.5455e-23
3.83571e-12 7.18142e-25 9.47328e-23
3.85298e-12 7.14132e-25 9.40147e-23
3.87034e-12 7.10128e-25 9.33005e-23
3.88777e-12 7.0613e-25 9.25904e-23
3.90528e-12 7.02137e-25 9.18843e-23
3.92286e-12 6.9815e-25 9.11821e-23
3.94053e-12 6.94169e-25 9.0484e-23
3.95828e-12 6.90194e-25 8.97898e-23
3.97611e-12 6.86226e-25 8.90996e-23
3.99401e-12 6.82265e-25 8.84134e-23
4.012e-12 6.7831e-25 8.77311e-23
4.03007e-12 6.74363e-25 8.70528e-23
4.04822e-12 6.70423e-25 8.63785e-23
4.06645e-12 6.6649e-25 8.5708e-23
4.08477e-12 6.62566e-25 8.50415e-23
4.10316e-12 6.58649e-25 8.4379e-23
4.12164e-12 6.5474e-25 8.37203e-23
4.1402e-12 6.50839e-25 8.30656e-23
4.15885e-12 6.46947e-25 8.24148e-23
4.17758e-12 6.43063e-25 8.17678e-23
4.1964e-12 6.39188e-25 8.11247e-23
4.2153e-12 6.35322e-25 8.04856e-23
4.23428e-12 6.31465e-25 7.98502e-23
4.25335e-12 6.27618e-25 7.92188e-23
4.27251e-12 6.2378e-25 7.85912e-23
4.29175e-12 6.19951e-25 7.79674e-23
4.31108e-12 6.16132e-25 7.73474e-23
4.33049e-12 6.12323e-25 7.67313e-23
4.35e-12 6.08524e-25 7.6119e-23
4.36959e-12 6.04735e-25 7.55104e-23
4.38927e-12 6.00957e-25 7.49057e-23
4.40903e-12 5.97189e-25 7.43047e-23
4.42889e-12 5.93432e-25 7.37076e-23
4.44884e-12 5.89685e-25 7.31141e-23
4.46887e-12 5.8595e-25 7.25244e-23
4.489e-12 5.82225e-25 7.19385e-23
4.50922e-12 5.78512e-25 7.13563e-23
4.52953e-12 5.7481e-25 7.07778e-23
4.54993e-12 5.71119e-25 7.02029e-23
4.57042e-12 5.6744e-25 6.96318e-23
4.591e-12 5.63773e-25 6.90644e-23
4.61168e-12 5.60117e-25 6.85006e-23
4.63245e-12 5.56474e-25 6.79405e-23
4.65331e-12 5.52842e-25 6.7384e-23
4.67427e-12 5.49223e-25 6.68312e-23
4.69532e-12 5.45615e-25 6.6282e-23
4.71647e-12 5.42021e-25 6.57363e-23
4.73771e-12 5.38438e-25 6.51943e-23
4.75904e-12 5.34869e-25 6.46559e-23
4.78048e-12 5.31312e-25 6.4121e-23
4.80201e-12 5.27767e-25 6.35897e-23
4.82363e-12 5.24236e-25 6.30619e-23
4.84536e-12 5.20718e-25 6.25377e-23
4.86718e-12 5.17212e-25 6.2017e-23
4.8891e-12 5.1372e-25 6.14998e-23
4.91112e-12 5.10242e-25 6.09861e-23
4.93324e-12 5.06776e-25 6.04758e-23
4.95546e-12 5.03324e-25 5.9969e-23
4.97777e-12 4.99886e-25 5.94657e-23
5.00019e-12 4.96461e-25 5.89658e-23
5.02271e-12 4.93049e-25 5.84694e-23
5.04533e-12 4.89652e-25 5.79763e-23
5.06806e-12 4.86268e-25 5.74867e-23
5.09088e-12 4.82898e-25 5.70004e-23
5.11381e-12 4.79543e-25 5.65175e-23
5.13684e-12 4.76201e-25 5.6038e-23
5.15997e-12 4.72873e-25 5.55618e-23
5.18321e-12 4.6956e-25 5.50889e-23
5.20656e-12 4.6626e-25 5.46193e-23
5.23001e-12 4.62975e-25 5.41531e-23
5.25356e-12 4.59704e-25 5.36901e-23
5.27722e-12 4.56448e-25 5.32304e-23
5.30099e-12 4.53206e-25 5.27739e-23
5.32486e-12 4.49979e-25 5.23207e-23
5.34884e-12 4.46766e-25 5.18707e-23
5.37293e-12 4.43568e-25 5.1424e-23
5.39713e-12 4.40384e-25 5.09804e-23
5.42144e-12 4.37216e-25 5.054e-23
5.44586e-12 4.34061e-25 5.01028e-23
5.47038e-12 4.30922e-25 4.96688e-23
5.49502e-12 4.27797e-25 4.92378e-23
5.51977e-12 4.24688e-25 4.881e-23
5.54463e-12 4.21593e-25 4.83853e-23
5.5696e-12 4.18513e-25 4.79637e-23
5.59468e-12 4.15448e-25 4.75452e-23
5.61988e-12 4.12398e-25 4.71298e-23
5.64519e-12 4.09363e-25 4.67174e-23
5.67061e-12 4.06343e-25 4.6308e-23
5.69615e-12 4.03338e-25 4.59017e-23
5.72181e-12 4.00348e-25 4.54983e-23
5.74757e-12 3.97374e-25 4.5098e-23
5.77346e-12 3.94414e-25 4.47006e-23
5.79946e-12 3.91469e-25 4.43062e-23
5.82558e-12 3.8854e-25 4.39147e-23
5.85182e-12 3.85626e-25 4.35262e-23
5.87817e-12 3.82727e-25 4.31406e-23
5.90465e-12 3.79843e-25 4.27578e-23
5.93124e-12 3.76975e-25 4.2378e-23
5.95795e-12 3.74121e-25 4.2001e-23
5.98478e-12 3.71283e-25 4.16269e-23
6.01174e-12 3.6846e-25 4.12556e-23
6.03881e-12 3.65652e-25 4.08872e-23
6.06601e-12 3.6286e-25 4.05215e-23
6.09333e-12 3.60083e-25 4.01587e-23
6.12077e-12 3.5732e-25 3.97986e-23
6.14834e-12 3.54574e-25 3.94413e-23
6.17603e-12 3.51842e-25 3.90867e-23
6.20384e-12 3.49126e-25 3.87348e-23
6.23178e-12 3.46425e-25 3.83857e-23
6.25985e-12 3.43739e-25 3.80393e-23
6.28804e-12 3.41068e-25 3.76955e-23
6.31636e-12 3.38412e-25 3.73545e-23
6.34481e-12 3.35772e-25 3.70161e-23
6.37339e-12 3.33147e-25 3.66803e-23
6.40209e-12 3.30537e-25 3.63471e-23
6.43092e-12 3.27942e-25 3.60166e-23
6.45989e-12 3.25362e-25 3.56887e-23
6.48898e-12 3.22798e-25 3.53633e-23
6.5182e-12 3.20248e-25 3.50405e-23
6.54756e-12 3.17714e-25 3.47203e-23
6.57705e-12 3.15194e-25 3.44025e-23
6.60667e-12 3.1269e-25 3.40874e-23
6.63642e-12 3.10201e-25 3.37747e-23
6.66631e-12 3.07726e-25 3.34645e-23
6.69633e-12 3.05267e-25 3.31567e-23
6.72649e-12 3.02822e-25 3.28515e-23
6.75679e-12 3.00393e-25 3.25486e-23
6.78722e-12 2.97978e-25 3.22483e-23
6.81779e-12 2.95578e-25 3.19503e-23
6.84849e-12 2.93193e-25 3.16547e-23
6.87933e-12 2.90823e-25 3.13615e-23
6.91032e-12 2.88468e-25 3.10707e-23
6.94144e-12 2.86127e-25 3.07822e-23
6.9727e-12 2.83801e-25 3.04961e-23
7.0041e-12 2.8149e-25 3.02123e-23
7.03565e-12 2.79193e-25 2.99308e-23
7.06734e-12 2.76911e-25 2.96516e-23
7.09916e-12 2.74644e-25 2.93747e-23
7.13114e-12 2.72391e-25 2.91e-23
7.16325e-12 2.70152e-25 2.88277e-23
7.19551e-12 2.67928e-25 2.85575e-23
7.22792e-12 2.65719e-25 2.82896e-23
7.26047e-12 2.63524e-25 2.80239e-23
7.29317e-12 2.61343e-25 2.77603e-23
7.32602e-12 2.59176e-25 2.7499e-23
7.35901e-12 2.57024e-25 2.72398e-23
7.39216e-12 2.54886e-25 2.69828e-23
7.42545e-12 2.52762e-25 2.67279e-23
7.45889e-12 2.50652e-25 2.64751e-23
7.49248e-12 2.48556e-25 2.62245e-23
7.52623e-12 2.46474e-25 2.59759e-23
7.56012e-12 2.44407e-25 2.57295e-23
7.59417e-12 2.42353e-25 2.54851e-23
7.62837e-12 2.40313e-25 2.52427e-23
7.66273e-12 2.38287e-25 2.50024e-23
7.69724e-12 2.36274e-25 2.47641e-23
7.73191e-12 2.34276e-25 2.45278e-23
7.76673e-12 2.32291e-25 2.42936e-23
7.80171e-12 2.3032e-25 2.40613e-23
7.83684e-12 2.28362e-25 2.38309e-23
7.87214e-12 2.26418e-25 2.36026e-23
7.90759e-12 2.24487e-25 2.33762e-23
7.94321e-12 2.2257e-25 2.31517e-23
7.97898e-12 2.20667e-25 2.29291e-23
8.01492e-12 2.18776e-25 2.27084e-23
8.05101e-12 2.16899e-25 2.24897e-23
8.08727e-12 2.15035e-25 2.22728e-23
8.12369e-12 2.13184e-25 2.20577e-23
8.16028e-12 2.11347e-25 2.18445e-23
8.19703e-12 2.09522e-25 2.16332e-23
8.23395e-12 2.07711e-25 2.14237e-23
8.27103e-12 2.05912e-25 2.1216e-23
8.30828e-12 2.04126e-25 2.101e-23
8.3457e-12 2.02353e-25 2.08059e-23
8.38329e-12 2.00593e-25 2.06036e-23
8.42104e-12 1.98846e-25 2.0403e-23
8.45897e-12 1.97111e-25 2.02041e-23
8.49707e-12 1.95389e-25 2.0007e-23
8.53534e-12 1.9368e-25 1.98116e-23
8.57378e-12 1.91983e-25 1.9618e-23
8.61239e-12 1.90298e-25 1.9426e-23
8.65118e-12 1.88626e-25 1.92357e-23
8.69014e-12 1.86966e-25 1.9047e-23
8.72928e-12 1.85319e-25 1.88601e-23
8.76859e-12 1.83683e-25 1.86748e-23
8.80808e-12 1.8206e-25 1.84911e-23
8.84775e-12 1.80449e-25 1.8309e-23
8.8876e-12 1.7885e-25 1.81286e-23
8.92763e-12 1.77263e-25 1.79497e-23
8.96783e-12 1.75688e-25 1.77725e-23
9.00822e-12 1.74124e-25 1.75968e-23
9.04879e-12 1.72573e-25 1.74226e-23
9.08955e-12 1.71033e-25 1.72501e-23
9.13048e-12 1.69505e-25 1.7079e-23
9.1716e-12 1.67988e-25 1.69095e-23
9.21291e-12 1.66483e-25 1.67415e-23
9.2544e-12 1.64989e-25 1.65751e-23
9.29608e-12 1.63507e-25 1.64101e-23
9.33795e-12 1.62037e-25 1.62466e-23
9.38e-12 1.60577e-25 1.60845e-23
9.42225e-12 1.59129e-25 1.5924e-23
9.46468e-12 1.57692e-25 1.57648e-23
9.50731e-12 1.56266e-25 1.56071e-23
9.55013e-12 1.54851e-25 1.54509e-23
9.59314e-12 1.53447e-25 1.5296e-23
9.63634e-12 1.52054e-25 1.51426e-23
9.67974e-12 1.50672e-25 1.49905e-23
9.72334e-12 1.49301e-25 1.48398e-23
9.76713e-12 1.47941e-25 1.46905e-23
9.81112e-12 1.46591e-25 1.45426e-23
9.8553e-12 1.45252e-25 1.4396e-23
9.89969e-12 1.43923e-25 1.42508e-23
9.94427e-12 1.42605e-25 1.41068e-23
9.98906e-12 1.41297e-25 1.39642e-23
1.0034e-11 1.4e-25 1.38229e-23
1.00792e-11 1.38713e-25 1.36829e-23
1.01246e-11 1.37437e-25 1.35442e-23
1.01702e-11 1.3617e-25 1.34068e-23
1.0216e-11 1.34914e-25 1.32706e-23
1.0262e-11 1.33668e-25 1.31357e-23
1.03083e-11 1.32431e-25 1.3002e-23
1.03547e-11 1.31205e-25 1.28696e-23
1.04013e-11 1.29989e-25 1.27384e-23
1.04482e-11 1.28782e-25 1.26084e-23
1.04952e-11 1.27586e-25 1.24796e-23
1.05425e-11 1.26398e-25 1.2352e-23
1.059e-11 1.25221e-25 1.22256e-23
1.06377e-11 1.24053e-25 1.21004e-23
1.06856e-11 1.22895e-25 1.19764e-23
1.07337e-11 1.21746e-25 1.18535e-23
1.0782e-11 1.20607e-25 1.17317e-23
1.08306e-11 1.19477e-25 1.16111e-23
1.08794e-11 1.18356e-25 1.14916e-23
1.09284e-11 1.17245e-25 1.13733e-23
1.09776e-11 1.16142e-25 1.1256e-23
1.1027e-11 1.15049e-25 1.11399e-23
1.10767e-11 1.13965e-25 1.10248e-23
1.11266e-11 1.1289e-25 1.09109e-23
1.11767e-11 1.11824e-25 1.0798e-23
1.1227e-11 1.10766e-25 1.06862e-23
1.12776e-11 1.09718e-25 1.05754e-23
1.13284e-11 1.08678e-25 1.04657e-23
1.13794e-11 1.07647e-25 1.0357e-23
1.14307e-11 1.06625e-25 1.02494e-23
1.14821e-11 1.05611e-25 1.01427e-23
1.15338e-11 1.04606e-25 1.00371e-23
1.15858e-11 1.03609e-25 9.93251e-24
1.1638e-11 1.02621e-25 9.8289e-24
1.16904e-11 1.01641e-25 9.72628e-24
1.1743e-11 1.00669e-25 9.62464e-24
1.17959e-11 9.97055e-26 9.52397e-24
1.1849e-11 9.87502e-26 9.42427e-24
1.19024e-11 9.78031e-26 9.32552e-24
1.1956e-11 9.6864e-26 9.22771e-24
1.20099e-11 9.5933e-26 9.13085e-24
1.2064e-11 9.50099e-26 9.03492e-24
1.21183e-11 9.40948e-26 8.93991e-24
1.21729e-11 9.31875e-26 8.84581e-24
1.22277e-11 9.2288e-26 8.75263e-24
1.22828e-11 9.13962e-26 8.66034e-24
1.23381e-11 9.05121e-26 8.56894e-24
1.23936e-11 8.96357e-26 8.47843e-24
1.24495e-11 8.87668e-26 8.38879e-24
1.25055e-11 8.79055e-26 8.30003e-24
1.25618e-11 8.70516e-26 8.21212e-24
1.26184e-11 8.62052e-26 8.12507e-24
1.26753e-11 8.53661e-26 8.03886e-24
1.27323e-11 8.45343e-26 7.9535e-24
1.27897e-11 8.37098e-26 7.86896e-24
1.28473e-11 8.28925e-26 7.78525e-24
1.29051e-11 8.20824e-26 7.70236e-24
1.29633e-11 8.12794e-26 7.62028e-24
1.30216e-11 8.04834e-26 7.539e-24
1.30803e-11 7.96944e-26 7.45852e-24
1.31392e-11 7.89123e-26 7.37882e-24
1.31984e-11 7.81372e-26 7.29991e-24
1.32578e-11 7.73689e-26 7.22177e-24
1.33175e-11 7.66074e-26 7.1444e-24
1.33775e-11 7.58526e-26 7.0678e-24
1.34378e-11 7.51045e-26 6.99194e-24
1.34983e-11 7.43631e-26 6.91684e-24
1.35591e-11 7.36283e-26 6.84248e-24
1.36201e-11 7.29e-26 6.76885e-24
1.36815e-11 7.21782e-26 6.69595e-24
1.37431e-11 7.14628e-26 6.62377e-24
1.3805e-11 7.07539e-26 6.55231e-24
1.38672e-11 7.00512e-26 6.48155e-24
1.39296e-11 6.93549e-26 6.4115e-24
1.39923e-11 6.86649e-26 6.34215e-24
1.40554e-11 6.7981e-26 6.27348e-24
1.41187e-11 6.73033e-26 6.2055e-24
1.41823e-11 6.66317e-26 6.1382e-24
1.42461e-11 6.59662e-26 6.07157e-24
1.43103e-11 6.53067e-26 6.0056e-24
1.43747e-11 6.46532e-26 5.94029e-24
1.44395e-11 6.40055e-26 5.87564e-24
1.45045e-11 6.33638e-26 5.81163e-24
1.45698e-11 6.27279e-26 5.74827e-24
1.46354e-11 6.20978e-26 5.68554e-24
1.47014e-11 6.14734e-26 5.62345e-24
1.47676e-11 6.08547e-26 5.56197e-24
1.48341e-11 6.02416e-26 5.50112e-24
1.49009e-11 5.96342e-26 5.44088e-24
1.4968e-11 5.90323e-26 5.38124e-24
1.50354e-11 5.8436e-26 5.32221e-24
1.51031e-11 5.78451e-26 5.26377e-24
1.51711e-11 5.72596e-26 5.20593e-24
1.52395e-11 5.66796e-26 5.14867e-24
1.53081e-11 5.61048e-26 5.09199e-24
1.5377e-11 5.55354e-26 5.03588e-24
1.54463e-11 5.49713e-26 4.98035e-24
1.55159e-11 5.44123e-26 4.92538e-24
1.55857e-11 5.38585e-26 4.87096e-24
1.56559e-11 5.33099e-26 4.81711e-24
1.57265e-11 5.27664e-26 4.7638e-24
1.57973e-11 5.22279e-26 4.71103e-24
1.58684e-11 5.16944e-26 4.6588e-24
1.59399e-11 5.11659e-26 4.60711e-24
1.60117e-11 5.06423e-26 4.55594e-24
1.60838e-11 5.01236e-26 4.5053e-24
1.61562e-11 4.96097e-26 4.45518e-24
1.6229e-11 4.91007e-26 4.40557e-24
1.63021e-11 4.85964e-26 4.35647e-24
1.63755e-11 4.80969e-26 4.30787e-24
1.64493e-11 4.76021e-26 4.25977e-24
1.65233e-11 4.71119e-26 4.21217e-24
1.65978e-11 4.66263e-26 4.16506e-24
1.66725e-11 4.61453e-26 4.11843e-24
1.67476e-11 4.56688e-26 4.07229e-24
1.6823e-11 4.51969e-26 4.02662e-24
1.68988e-11 4.47294e-26 3.98142e-24
1.69749e-11 4.42663e-26 3.93669e-24
1.70513e-11 4.38076e-26 3.89243e-24
1.71281e-11 4.33533e-26 3.84862e-24
1.72053e-11 4.29032e-26 3.80526e-24
1.72828e-11 4.24575e-26 3.76236e-24
1.73606e-11 4.2016e-26 3.7199e-24
1.74388e-11 4.15787e-26 3.67789e-24
1.75173e-11 4.11456e-26 3.63631e-24
1.75962e-11 4.07167e-26 3.59516e-24
1.76755e-11 4.02918e-26 3.55445e-24
1.77551e-11 3.9871e-26 3.51415e-24
1.7835e-11 3.94542e-26 3.47428e-24
1.79154e-11 3.90415e-26 3.43483e-24
1.7996e-11 3.86327e-26 3.39579e-24
1.80771e-11 3.82278e-26 3.35716e-24
1.81585e-11 3.78268e-26 3.31893e-24
1.82403e-11 3.74297e-26 3.2811e-24
1.83224e-11 3.70364e-26 3.24367e-24
1.8405e-11 3.66469e-26 3.20663e-24
1.84878e-11 3.62612e-26 3.16999e-24
1.85711e-11 3.58793e-26 3.13373e-24
1.86547e-11 3.5501e-26 3.09785e-24
1.87388e-11 3.51264e-26 3.06235e-24
1.88232e-11 3.47554e-26 3.02722e-24
1.89079e-11 3.4388e-26 2.99246e-24
1.89931e-11 3.40242e-26 2.95808e-24
1.90786e-11 3.3664e-26 2.92405e-24
1.91646e-11 3.33073e-26 2.89039e-24
1.92509e-11 3.2954e-26 2.85708e-24
1.93376e-11 3.26042e-26 2.82413e-24
1.94247e-11 3.22578e-26 2.79152e-24
1.95121e-11 3.19149e-26 2.75926e-24
1.96e-11 3.15752e-26 2.72735e-24
1.96883e-11 3.1239e-26 2.69577e-24
1.9777e-11 3.0906e-26 2.66454e-24
1.9866e-11 3.05763e-26 2.63363e-24
1.99555e-11 3.02498e-26 2.60305e-24
2.00454e-11 2.99265e-26 2.5728e-24
2.01357e-11 2.96065e-26 2.54288e-24
2.02263e-11 2.92896e-26 2.51327e-24
2.03174e-11 2.89758e-26 2.48398e-24
2.04089e-11 2.86652e-26 2.45501e-24
2.05008e-11 2.83576e-26 2.42634e-24
2.05932e-11 2.8053e-26 2.39798e-24
2.06859e-11 2.77515e-26 2.36993e-24
2.07791e-11 2.7453e-26 2.34218e-24
2.08727e-11 2.71575e-26 2.31473e-24
2.09667e-11 2.68648e-26 2.28757e-24
2.10611e-11 2.65752e-26 2.2607e-24
2.1156e-11 2.62884e-26 2.23413e-24
2.12512e-11 2.60044e-26 2.20784e-24
2.13469e-11 2.57233e-26 2.18183e-24
2.14431e-11 2.5445e-26 2.15611e-24
2.15397e-11 2.51695e-26 2.13067e-24
2.16367e-11 2.48968e-26 2.1055e-24
2.17341e-11 2.46268e-26 2.0806e-24
2.1832e-11 2.43595e-26 2.05597e-24
2.19303e-11 2.40949e-26 2.03161e-24
2.20291e-11 2.38329e-26 2.00752e-24
2.21283e-11 2.35736e-26 1.98369e-24
2.2228e-11 2.3317e-26 1.96011e-24
2.23281e-11 2.30629e-26 1.9368e-24
2.24286e-11 2.28113e-26 1.91373e-24
2.25296e-11 2.25623e-26 1.89092e-24
2.26311e-11 2.23159e-26 1.86836e-24
2.2733e-11 2.20719e-26 1.84604e-24
2.28354e-11 2.18304e-26 1.82397e-24
2.29383e-11 2.15914e-26 1.80214e-24
2.30416e-11 2.13548e-26 1.78055e-24
2.31453e-11 2.11205e-26 1.75919e-24
2.32496e-11 2.08887e-26 1.73807e-24
2.33543e-11 2.06593e-26 1.71719e-24
2.34595e-11 2.04321e-26 1.69653e-24
2.35651e-11 2.02073e-26 1.67609e-24
2.36713e-11 1.99848e-26 1.65589e-24
2.37779e-11 1.97646e-26 1.6359e-24
2.3885e-11 1.95466e-26 1.61614e-24
2.39925e-11 1.93309e-26 1.59659e-24
2.41006e-11 1.91174e-26 1.57726e-24
2.42091e-11 1.8906e-26 1.55814e-24
2.43182e-11 1.86969e-26 1.53924e-24
2.44277e-11 1.84899e-26 1.52054e-24
2.45377e-11 1.8285e-26 1.50205e-24
2.46482e-11 1.80822e-26 1.48376e-24
2.47592e-11 1.78816e-26 1.46568e-24
2.48707e-11 1.7683e-26 1.4478e-24
2.49827e-11 1.74864e-26 1.43012e-24
2.50952e-11 1.72919e-26 1.41263e-24
2.52083e-11 1.70994e-26 1.39534e-24
2.53218e-11 1.69089e-26 1.37824e-24
2.54358e-11 1.67204e-26 1.36133e-24
2.55504e-11 1.65338e-26 1.34461e-24
2.56655e-11 1.63492e-26 1.32808e-24
2.57811e-11 1.61664e-26 1.31173e-24
2.58972e-11 1.59856e-26 1.29556e-24
2.60138e-11 1.58067e-26 1.27958e-24
2.6131e-11 1.56297e-26 1.26377e-24
2.62486e-11 1.54544e-26 1.24814e-24
2.63669e-11 1.52811e-26 1.23269e-24
2.64856e-11 1.51095e-26 1.2174e-24
2.66049e-11 1.49397e-26 1.20229e-24
2.67247e-11 1.47717e-26 1.18735e-24
2.68451e-11 1.46055e-26 1.17258e-24
2.6966e-11 1.4441e-26 1.15798e-24
2.70874e-11 1.42783e-26 1.14354e-24
2.72094e-11 1.41172e-26 1.12926e-24
2.7332e-11 1.39579e-26 1.11514e-24
2.74551e-11 1.38002e-26 1.10118e-24
2.75787e-11 1.36442e-26 1.08738e-24
2.77029e-11 1.34899e-26 1.07374e-24
2.78277e-11 1.33371e-26 1.06025e-24
2.7953e-11 1.3186e-26 1.04691e-24
2.80789e-11 1.30365e-26 1.03373e-24
2.82054e-11 1.28886e-26 1.02069e-24
2.83324e-11 1.27422e-26 1.0078e-24
2.846e-11 1.25974e-26 9.95058e-25
2.85882e-11 1.24541e-26 9.82461e-25
2.87169e-11 1.23124e-26 9.70007e-25
2.88462e-11 1.21722e-26 9.57694e-25
2.89762e-11 1.20334e-26 9.45522e-25
2.91067e-11 1.18961e-26 9.33489e-25
2.92377e-11 1.17603e-26 9.21592e-25
2.93694e-11 1.1626e-26 9.09832e-25
2.95017e-11 1.14931e-26 8.98206e-25
2.96346e-11 1.13616e-26 8.86713e-25
2.9768e-11 1.12315e-26 8.75351e-25
2.99021e-11 1.11028e-26 8.6412e-25
3.00368e-11 1.09755e-26 8.53017e-25
3.0172e-11 1.08495e-26 8.42042e-25
3.03079e-11 1.07249e-26 8.31192e-25
3.04444e-11 1.06017e-26 8.20467e-25
3.05815e-11 1.04798e-26 8.09866e-25
3.07193e-11 1.03592e-26 7.99386e-25
3.08576e-11 1.02398e-26 7.89027e-25
3.09966e-11 1.01218e-26 7.78787e-25
3.11362e-11 1.00051e-26 7.68665e-25
3.12764e-11 9.88957e-27 7.5866e-25
3.14173e-11 9.77533e-27 7.4877e-25
3.15588e-11 9.66233e-27 7.38995e-25
3.17009e-11 9.55055e-27 7.29333e-25
3.18437e-11 9.43999e-27 7.19782e-25
3.19871e-11 9.33062e-27 7.10342e-25
3.21312e-11 9.22244e-27 7.01011e-25
3.22759e-11 9.11544e-27 6.91789e-25
3.24212e-11 9.0096e-27 6.82674e-25
3.25672e-11 8.90492e-27 6.73664e-25
3.27139e-11 8.80137e-27 6.64759e-25
3.28612e-11 8.69896e-27 6.55958e-25
3.30092e-11 8.59767e-27 6.47259e-25
3.31579e-11 8.49748e-27 6.38661e-25
3.33072e-11 8.39838e-27 6.30164e-25
3.34573e-11 8.30038e-27 6.21765e-25
3.36079e-11 8.20344e-27 6.13465e-25
3.37593e-11 8.10757e-27 6.05261e-25
3.39113e-11 8.01275e-27 5.97154e-25
3.40641e-11 7.91898e-27 5.89141e-25
3.42175e-11 7.82623e-27 5.81222e-25
3.43716e-11 7.73451e-27 5.73396e-25
3.45264e-11 7.64379e-27 5.65661e-25
3.46819e-11 7.55408e-27 5.58018e-25
3.48381e-11 7.46535e-27 5.50463e-25
3.4995e-11 7.3776e-27 5.42998e-25
3.51526e-11 7.29083e-27 5.35621e-25
3.53109e-11 7.20501e-27 5.2833e-25
3.54699e-11 7.12014e-27 5.21125e-25
3.56297e-11 7.03621e-27 5.14005e-25
3.57901e-11 6.95322e-27 5.06968e-25
3.59513e-11 6.87114e-27 5.00015e-25
3.61132e-11 6.78998e-27 4.93144e-25
3.62759e-11 6.70971e-27 4.86354e-25
3.64393e-11 6.63034e-27 4.79644e-25
3.66034e-11 6.55186e-27 4.73014e-25
3.67682e-11 6.47424e-27 4.66462e-25
3.69338e-11 6.3975e-27 4.59988e-25
3.71002e-11 6.32161e-27 4.5359e-25
3.72672e-11 6.24656e-27 4.47269e-25
3.74351e-11 6.17236e-27 4.41022e-25
3.76037e-11 6.09899e-27 4.3485e-25
3.7773e-11 6.02643e-27 4.28751e-25
3.79432e-11 5.95469e-27 4.22724e-25
3.8114e-11 5.88376e-27 4.1677e-25
3.82857e-11 5.81362e-27 4.10886e-25
3.84581e-11 5.74427e-27 4.05072e-25
3.86313e-11 5.6757e-27 3.99328e-25
3.88053e-11 5.6079e-27 3.93652e-25
3.89801e-11 5.54086e-27 3.88044e-25
3.91556e-11 5.47458e-27 3.82504e-25
3.9332e-11 5.40905e-27 3.77029e-25
3.95091e-11 5.34425e-27 3.7162e-25
3.96871e-11 5.28019e-27 3.66276e-25
3.98658e-11 5.21685e-27 3.60996e-25
4.00453e-11 5.15423e-27 3.55779e-25
4.02257e-11 5.09232e-27 3.50624e-25
4.04069e-11 5.03111e-27 3.45532e-25
4.05888e-11 4.97059e-27 3.40501e-25
4.07716e-11 4.91076e-27 3.3553e-25
4.09553e-11 4.85161e-27 3.3062e-25
4.11397e-11 4.79313e-27 3.25768e-25
4.1325e-11 4.73532e-27 3.20975e-25
4.15111e-11 4.67817e-27 3.1624e-25
4.16981e-11 4.62166e-27 3.11561e-25
4.18859e-11 4.5658e-27 3.0694e-25
4.20745e-11 4.51058e-27 3.02374e-25
4.2264e-11 4.45599e-27 2.97863e-25
4.24543e-11 4.40203e-27 2.93407e-25
4.26455e-11 4.34868e-27 2.89005e-25
4.28376e-11 4.29594e-27 2.84657e-25
4.30305e-11 4.24381e-27 2.80361e-25
4.32243e-11 4.19227e-27 2.76117e-25
4.3419e-11 4.14133e-27 2.71925e-25
4.36146e-11 4.09097e-27 2.67783e-25
4.3811e-11 4.04119e-27 2.63692e-25
4.40083e-11 3.99198e-27 2.59651e-25
4.42065e-11 3.94334e-27 2.55659e-25
4.44056e-11 3.89526e-27 2.51716e-25
4.46056e-11 3.84773e-27 2.47821e-25
4.48065e-11 3.80075e-27 2.43973e-25
4.50083e-11 3.75432e-27 2.40172e-25
4.5211e-11 3.70842e-27 2.36418e-25
4.54146e-11 3.66305e-27 2.32709e-25
4.56191e-11 3.61821e-27 2.29046e-25
4.58246e-11 3.57388e-27 2.25428e-25
4.6031e-11 3.53008e-27 2.21854e-25
4.62383e-11 3.48677e-27 2.18324e-25
4.64465e-11 3.44398e-27 2.14837e-25
4.66557e-11 3.40167e-27 2.11393e-25
4.68658e-11 3.35987e-27 2.07992e-25
4.70769e-11 3.31854e-27 2.04632e-25
4.72889e-11 3.2777e-27 2.01313e-25
4.75019e-11 3.23734e-27 1.98036e-25
4.77158e-11 3.19744e-27 1.94798e-25
4.79307e-11 3.15801e-27 1.91601e-25
4.81466e-11 3.11904e-27 1.88443e-25
4.83634e-11 3.08053e-27 1.85324e-25
4.85812e-11 3.04247e-27 1.82243e-25
4.88e-11 3.00485e-27 1.79201e-25
4.90198e-11 2.96768e-27 1.76196e-25
4.92406e-11 2.93094e-27 1.73228e-25
4.94623e-11 2.89463e-27 1.70297e-25
4.96851e-11 2.85875e-27 1.67403e-25
4.99089e-11 2.82329e-27 1.64544e-25
5.01336e-11 2.78825e-27 1.61721e-25
5.03594e-11 2.75362e-27 1.58932e-25
5.05862e-11 2.71939e-27 1.56179e-25
5.08141e-11 2.68557e-27 1.53459e-25
5.10429e-11 2.65215e-27 1.50774e-25
5.12728e-11 2.61913e-27 1.48122e-25
5.15037e-11 2.58649e-27 1.45503e-25
5.17357e-11 2.55424e-27 1.42916e-25
5.19687e-11 2.52237e-27 1.40362e-25
5.22027e-11 2.49088e-27 1.37839e-25
5.24378e-11 2.45977e-27 1.35349e-25
5.2674e-11 2.42902e-27 1.32889e-25
5.29112e-11 2.39863e-27 1.3046e-25
5.31495e-11 2.36861e-27 1.28061e-25
5.33889e-11 2.33895e-27 1.25693e-25
5.36293e-11 2.30963e-27 1.23354e-25
5.38709e-11 2.28067e-27 1.21044e-25
5.41135e-11 2.25205e-27 1.18763e-25
5.43572e-11 2.22377e-27 1.16511e-25
5.4602e-11 2.19583e-27 1.14287e-25
5.48479e-11 2.16823e-27 1.12092e-25
5.50949e-11 2.14095e-27 1.09923e-25
5.53431e-11 2.114e-27 1.07782e-25
5.55923e-11 2.08737e-27 1.05668e-25
5.58427e-11 2.06106e-27 1.03581e-25
5.60942e-11 2.03507e-27 1.0152e-25
5.63468e-11 2.00938e-27 9.9485e-26
5.66006e-11 1.98401e-27 9.74756e-26
5.68555e-11 1.95894e-27 9.54916e-26
5.71116e-11 1.93417e-27 9.35327e-26
5.73688e-11 1.9097e-27 9.15985e-26
5.76272e-11 1.88552e-27 8.96888e-26
5.78867e-11 1.86164e-27 8.78033e-26
5.81474e-11 1.83804e-27 8.59416e-26
5.84093e-11 1.81473e-27 8.41036e-26
5.86723e-11 1.7917e-27 8.22888e-26
5.89366e-11 1.76895e-27 8.04971e-26
5.9202e-11 1.74647e-27 7.87282e-26
5.94686e-11 1.72426e-27 7.69817e-26
5.97365e-11 1.70232e-27 7.52575e-26
6.00055e-11 1.68065e-27 7.35551e-26
6.02758e-11 1.65924e-27 7.18745e-26
6.05472e-11 1.6381e-27 7.02153e-26
6.08199e-11 1.6172e-27 6.85772e-26
6.10938e-11 1.59656e-27 6.696e-26
6.1369e-11 1.57618e-27 6.53634e-26
6.16454e-11 1.55604e-27 6.37872e-26
6.1923e-11 1.53614e-27 6.22312e-26
6.22019e-11 1.51649e-27 6.0695e-26
6.2482e-11 1.49708e-27 5.91785e-26
6.27634e-11 1.4779e-27 5.76815e-26
6.30461e-11 1.45896e-27 5.62036e-26
6.333e-11 1.44025e-27 5.47446e-26
6.36152e-11 1.42177e-27 5.33043e-26
6.39017e-11 1.40351e-27 5.18826e-26
6.41895e-11 1.38548e-27 5.04791e-26
6.44786e-11 1.36767e-27 4.90936e-26
6.4769e-11 1.35008e-27 4.77259e-26
6.50607e-11 1.3327e-27 4.63758e-26
6.53537e-11 1.31554e-27 4.50431e-26
6.56481e-11 1.29859e-27 4.37276e-26
6.59437e-11 1.28184e-27 4.2429e-26
6.62407e-11 1.2653e-27 4.11472e-26
6.65391e-11 1.24897e-27 3.98819e-26
6.68387e-11 1.23284e-27 3.86329e-26
6.71398e-11 1.2169e-27 3.74001e-26
6.74421e-11 1.20116e-27 3.61832e-26
6.77459e-11 1.18562e-27 3.4982e-26
6.8051e-11 1.17027e-27 3.37964e-26
6.83575e-11 1.15511e-27 3.26261e-26
6.86653e-11 1.14013e-27 3.1471e-26
6.89746e-11 1.12534e-27 3.03309e-26
6.92852e-11 1.11074e-27 2.92055e-26
6.95973e-11 1.09631e-27 2.80948e-26
6.99107e-11 1.08207e-27 2.69985e-26
7.02256e-11 1.068e-27 2.59164e-26
7.05418e-11 1.05411e-27 2.48484e-26
7.08595e-11 1.04038e-27 2.37943e-26
7.11787e-11 1.02683e-27 2.27539e-26
7.14992e-11 1.01345e-27 2.17271e-26
7.18212e-11 1.00024e-27 2.07136e-26
7.21447e-11 9.87185e-28 1.97134e-26
7.24696e-11 9.74298e-28 1.87262e-26
7.2796e-11 9.61571e-28 1.77519e-26
7.31239e-11 9.49003e-28 1.67903e-26
7.34532e-11 9.36592e-28 1.58413e-26
7.3784e-11 9.24336e-28 1.49047e-26
7.41163e-11 9.12234e-28 1.39804e-26
7.44501e-11 9.00283e-28 1.30682e-26
7.47854e-11 8.88482e-28 1.21679e-26
7.51222e-11 8.76829e-28 1.12794e-26
7.54605e-11 8.65323e-28 1.04026e-26
7.58004e-11 8.5396e-28 9.53726e-27
7.61418e-11 8.42741e-28 8.6833e-27
7.64847e-11 8.31663e-28 7.84056e-27
7.68292e-11 8.20724e-28 7.00889e-27
7.71752e-11 8.09922e-28 6.18817e-27
7.75228e-11 7.99257e-28 5.37825e-27
7.78719e-11 7.88726e-28 4.57899e-27
7.82226e-11 7.78329e-28 3.79027e-27
7.85749e-11 7.68062e-28 3.01194e-27
7.89288e-11 7.57925e-28 2.24388e-27
7.92842e-11 7.47916e-28 1.48595e-27
7.96413e-11 7.38034e-28 7.38034e-28
