1e-14 0.00030094 4.26406e+12
1.0045e-14 0.000317253 4.26406e+12
1.00903e-14 0.000334436 4.26406e+12
1.01357e-14 0.00035253 4.26406e+12
1.01814e-14 0.000371584 4.26406e+12
1.02272e-14 0.000391653 4.26406e+12
1.02733e-14 0.000412781 4.26406e+12
1.03196e-14 0.00043503 4.26406e+12
1.0366e-14 0.000458458 4.26406e+12
1.04127e-14 0.000483123 4.26406e+12
1.04596e-14 0.000509094 4.26406e+12
1.05067e-14 0.000536434 4.26406e+12
1.0554e-14 0.000565216 4.26406e+12
1.06016e-14 0.000595514 4.26406e+12
1.06493e-14 0.000627406 4.26406e+12
1.06973e-14 0.000660975 4.26406e+12
1.07455e-14 0.000696307 4.26406e+12
1.07938e-14 0.000733489 4.26406e+12
1.08425e-14 0.000772627 4.26406e+12
1.08913e-14 0.000813812 4.26406e+12
1.09403e-14 0.000857149 4.26406e+12
1.09896e-14 0.000902754 4.26406e+12
1.10391e-14 0.000950741 4.26406e+12
1.10888e-14 0.00100123 4.26406e+12
1.11388e-14 0.00105435 4.26406e+12
1.11889e-14 0.00111024 4.26406e+12
1.12393e-14 0.00116903 4.26406e+12
1.12899e-14 0.00123088 4.26406e+12
1.13408e-14 0.00129594 4.26406e+12
1.13919e-14 0.00136438 4.26406e+12
1.14432e-14 0.00143636 4.26406e+12
1.14947e-14 0.00151206 4.26406e+12
1.15465e-14 0.00159169 4.26406e+12
1.15985e-14 0.00167542 4.26406e+12
1.16507e-14 0.00176348 4.26406e+12
1.17032e-14 0.00185608 4.26406e+12
1.17559e-14 0.00195345 4.26406e+12
1.18088e-14 0.00205583 4.26406e+12
1.1862e-14 0.00216348 4.26406e+12
1.19154e-14 0.00227665 4.26406e+12
1.19691e-14 0.00239563 4.26406e+12
1.2023e-14 0.00252071 4.26406e+12
1.20772e-14 0.00265219 4.26406e+12
1.21316e-14 0.00279041 4.26406e+12
1.21862e-14 0.00293568 4.26406e+12
1.22411e-14 0.00308838 4.26406e+12
1.22962e-14 0.00324886 4.26406e+12
1.23516e-14 0.00341753 4.26406e+12
1.24072e-14 0.00359477 4.26406e+12
1.24631e-14 0.00378104 4.26406e+12
1.25192e-14 0.00397676 4.26406e+12
1.25756e-14 0.00418243 4.26406e+12
1.26322e-14 0.00439852 4.26406e+12
1.26891e-14 0.00462556 4.26406e+12
1.27463e-14 0.00486409 4.26406e+12
1.28037e-14 0.00511468 4.26406e+12
1.28613e-14 0.00537793 4.26406e+12
1.29193e-14 0.00565446 4.26406e+12
1.29775e-14 0.00594493 4.26406e+12
1.30359e-14 0.00625003 4.26406e+12
1.30946e-14 0.00657047 4.26406e+12
1.31536e-14 0.00690703 4.26406e+12
1.32128e-14 0.00726048 4.26406e+12
1.32723e-14 0.00763165 4.26406e+12
1.33321e-14 0.00802142 4.26406e+12
1.33922e-14 0.00843071 4.26406e+12
1.34525e-14 0.00886046 4.26406e+12
1.35131e-14 0.00931169 4.26406e+12
1.35739e-14 0.00978543 4.26406e+12
1.3635e-14 0.0102828 4.26406e+12
1.36965e-14 0.0108049 4.26406e+12
1.37581e-14 0.011353 4.26406e+12
1.38201e-14 0.0119284 4.26406e+12
1.38823e-14 0.0125323 4.26406e+12
1.39449e-14 0.0131662 4.26406e+12
1.40077e-14 0.0138315 4.26406e+12
1.40708e-14 0.0145297 4.26406e+12
1.41341e-14 0.0152625 4.26406e+12
1.41978e-14 0.0160314 4.26406e+12
1.42617e-14 0.0168383 4.26406e+12
1.4326e-14 0.017685 4.26406e+12
1.43905e-14 0.0185734 4.26406e+12
1.44553e-14 0.0195055 4.26406e+12
1.45204e-14 0.0204835 4.26406e+12
1.45858e-14 0.0215094 4.26406e+12
1.46515e-14 0.0225857 4.26406e+12
1.47175e-14 0.0237147 4.26406e+12
1.47837e-14 0.024899 4.26406e+12
1.48503e-14 0.0261412 4.26406e+12
1.49172e-14 0.0274441 4.26406e+12
1.49844e-14 0.0288106 4.26406e+12
1.50519e-14 0.0302437 4.26406e+12
1.51197e-14 0.0317466 4.26406e+12
1.51878e-14 0.0333226 4.26406e+12
1.52562e-14 0.0349752 4.26406e+12
1.53249e-14 0.0367081 4.26406e+12
1.53939e-14 0.038525 4.26406e+12
1.54632e-14 0.0404299 4.26406e+12
1.55329e-14 0.042427 4.26406e+12
1.56028e-14 0.0445207 4.26406e+12
1.56731e-14 0.0467156 4.26406e+12
1.57437e-14 0.0490163 4.26406e+12
1.58146e-14 0.051428 4.26406e+12
1.58858e-14 0.0539558 4.26406e+12
1.59573e-14 0.0566051 4.26406e+12
1.60292e-14 0.0593818 4.26406e+12
1.61014e-14 0.0622918 4.26406e+12
1.61739e-14 0.0653413 4.26406e+12
1.62468e-14 0.0685369 4.26406e+12
1.63199e-14 0.0718854 4.26406e+12
1.63934e-14 0.075394 4.26406e+12
1.64673e-14 0.0790702 4.26406e+12
1.65414e-14 0.0829217 4.26406e+12
1.66159e-14 0.0869567 4.26406e+12
1.66908e-14 0.0911838 4.26406e+12
1.67659e-14 0.0956119 4.26406e+12
1.68414e-14 0.10025 4.26406e+12
1.69173e-14 0.105109 4.26406e+12
1.69935e-14 0.110198 4.26406e+12
1.707e-14 0.115528 4.26406e+12
1.71469e-14 0.12111 4.26406e+12
1.72241e-14 0.126956 4.26406e+12
1.73017e-14 0.133077 4.26406e+12
1.73796e-14 0.139488 4.26406e+12
1.74579e-14 0.1462 4.26406e+12
1.75365e-14 0.153228 4.26406e+12
1.76155e-14 0.160587 4.26406e+12
1.76948e-14 0.168291 4.26406e+12
1.77745e-14 0.176356 4.26406e+12
1.78546e-14 0.1848 4.26406e+12
1.7935e-14 0.193638 4.26406e+12
1.80158e-14 0.20289 4.26406e+12
1.80969e-14 0.212574 4.26406e+12
1.81784e-14 0.22271 4.26406e+12
1.82603e-14 0.233318 4.26406e+12
1.83425e-14 0.24442 4.26406e+12
1.84251e-14 0.256038 4.26406e+12
1.85081e-14 0.268196 4.26406e+12
1.85914e-14 0.280919 4.26406e+12
1.86752e-14 0.294231 4.26406e+12
1.87593e-14 0.308159 4.26406e+12
1.88438e-14 0.322732 4.26406e+12
1.89286e-14 0.337978 4.26406e+12
1.90139e-14 0.353928 4.26406e+12
1.90995e-14 0.370613 4.26406e+12
1.91855e-14 0.388067 4.26406e+12
1.92719e-14 0.406324 4.26406e+12
1.93587e-14 0.42542 4.26406e+12
1.94459e-14 0.445392 4.26406e+12
1.95335e-14 0.466281 4.26406e+12
1.96215e-14 0.488126 4.26406e+12
1.97098e-14 0.510971 4.26406e+12
1.97986e-14 0.534861 4.26406e+12
1.98878e-14 0.559841 4.26406e+12
1.99774e-14 0.58596 4.26406e+12
2.00673e-14 0.61327 4.26406e+12
2.01577e-14 0.641822 4.26406e+12
2.02485e-14 0.671673 4.26406e+12
2.03397e-14 0.702879 4.26406e+12
2.04313e-14 0.7355 4.26406e+12
2.05233e-14 0.7696 4.26406e+12
2.06157e-14 0.805244 4.26406e+12
2.07086e-14 0.842498 4.26406e+12
2.08018e-14 0.881436 4.26406e+12
2.08955e-14 0.92213 4.26406e+12
2.09896e-14 0.964658 4.26406e+12
2.10842e-14 1.0091 4.26406e+12
2.11791e-14 1.05554 4.26406e+12
2.12745e-14 1.10407 4.26406e+12
2.13703e-14 1.15477 4.26406e+12
2.14666e-14 1.20775 4.26406e+12
2.15632e-14 1.2631 4.26406e+12
2.16604e-14 1.32092 4.26406e+12
2.17579e-14 1.38132 4.26406e+12
2.18559e-14 1.44443 4.26406e+12
2.19543e-14 1.51034 4.26406e+12
2.20532e-14 1.57919 4.26406e+12
2.21525e-14 1.6511 4.26406e+12
2.22523e-14 1.7262 4.26406e+12
2.23525e-14 1.80464 4.26406e+12
2.24532e-14 1.88655 4.26406e+12
2.25543e-14 1.97209 4.26406e+12
2.26559e-14 2.06141 4.26406e+12
2.27579e-14 2.15468 4.26406e+12
2.28604e-14 2.25206 4.26406e+12
2.29634e-14 2.35373 4.26406e+12
2.30668e-14 2.45988 4.26406e+12
2.31707e-14 2.5707 4.26406e+12
2.3275e-14 2.68639 4.26406e+12
2.33799e-14 2.80715 4.26406e+12
2.34852e-14 2.9332 4.26406e+12
2.35909e-14 3.06478 4.26406e+12
2.36972e-14 3.2021 4.26406e+12
2.38039e-14 3.34543 4.26406e+12
2.39111e-14 3.49501 4.26406e+12
2.40188e-14 3.6511 4.26406e+12
2.4127e-14 3.81399 4.26406e+12
2.42356e-14 3.98397 4.26406e+12
2.43448e-14 4.16132 4.26406e+12
2.44544e-14 4.34637 4.26406e+12
2.45646e-14 4.53944 4.26406e+12
2.46752e-14 4.74086 4.26406e+12
2.47863e-14 4.95099 4.26406e+12
2.4898e-14 5.1702 4.26406e+12
2.50101e-14 5.39886 4.26406e+12
2.51227e-14 5.63738 4.26406e+12
2.52359e-14 5.88616 4.26406e+12
2.53495e-14 6.14563 4.26406e+12
2.54637e-14 6.41625 4.26406e+12
2.55784e-14 6.69847 4.26406e+12
2.56936e-14 6.99278 4.26406e+12
2.58093e-14 7.29968 4.26406e+12
2.59255e-14 7.6197 4.26406e+12
2.60423e-14 7.95338 4.26406e+12
2.61596e-14 8.30129 4.26406e+12
2.62774e-14 8.66402 4.26406e+12
2.63957e-14 9.04218 4.26406e+12
2.65146e-14 9.43642 4.26406e+12
2.6634e-14 9.84738 4.26406e+12
2.6754e-14 10.2758 4.26406e+12
2.68745e-14 10.7223 4.26406e+12
2.69955e-14 11.1877 4.26406e+12
2.71171e-14 11.6728 4.26406e+12
2.72392e-14 12.1783 4.26406e+12
2.73619e-14 12.7052 4.26406e+12
2.74851e-14 13.2542 4.26406e+12
2.76089e-14 13.8263 4.26406e+12
2.77332e-14 14.4225 4.26406e+12
2.78581e-14 15.0436 4.26406e+12
2.79836e-14 15.6908 4.26406e+12
2.81096e-14 16.3651 4.26406e+12
2.82362e-14 17.0676 4.26406e+12
2.83634e-14 17.7994 4.26406e+12
2.84912e-14 18.5617 4.26406e+12
2.86195e-14 19.3557 4.26406e+12
2.87484e-14 20.1829 4.26406e+12
2.88778e-14 21.0443 4.26406e+12
2.90079e-14 21.9416 4.26406e+12
2.91385e-14 22.876 4.26406e+12
2.92698e-14 23.8492 4.26406e+12
2.94016e-14 24.8626 4.26406e+12
2.9534e-14 25.9178 4.26406e+12
2.9667e-14 27.0166 4.26406e+12
2.98006e-14 28.1607 4.26406e+12
2.99348e-14 29.3519 4.26406e+12
3.00697e-14 30.592 4.26406e+12
3.02051e-14 31.8831 4.26406e+12
3.03411e-14 33.2272 4.26406e+12
3.04778e-14 34.6263 4.26406e+12
3.0615e-14 36.0827 4.26406e+12
3.07529e-14 37.5986 4.26406e+12
3.08914e-14 39.1764 4.26406e+12
3.10305e-14 40.8185 4.26406e+12
3.11703e-14 42.5274 4.26406e+12
3.13107e-14 44.3059 4.26406e+12
3.14517e-14 46.1567 4.26406e+12
3.15933e-14 48.0825 4.26406e+12
3.17356e-14 50.0864 4.26406e+12
3.18786e-14 52.1715 4.26406e+12
3.20221e-14 54.3408 4.26406e+12
3.21663e-14 56.5977 4.26406e+12
3.23112e-14 58.9456 4.26406e+12
3.24567e-14 61.3882 4.26406e+12
3.26029e-14 63.929 4.26406e+12
3.27497e-14 66.5719 4.26406e+12
3.28972e-14 69.3209 4.26406e+12
3.30454e-14 72.18 4.26406e+12
3.31942e-14 75.1537 4.26406e+12
3.33437e-14 78.2463 4.26406e+12
3.34939e-14 81.4624 4.26406e+12
3.36447e-14 84.8068 4.26406e+12
3.37963e-14 88.2844 4.26406e+12
3.39485e-14 91.9005 4.26406e+12
3.41014e-14 95.6602 4.26406e+12
3.42549e-14 99.5693 4.26406e+12
3.44092e-14 103.633 4.26406e+12
3.45642e-14 107.858 4.26406e+12
3.47199e-14 112.25 4.26406e+12
3.48762e-14 116.816 4.26406e+12
3.50333e-14 121.561 4.26406e+12
3.51911e-14 126.494 4.26406e+12
3.53496e-14 131.621 4.26406e+12
3.55088e-14 136.949 4.26406e+12
3.56687e-14 142.487 4.26406e+12
3.58293e-14 148.241 4.26406e+12
3.59907e-14 154.221 4.26406e+12
3.61528e-14 160.435 4.26406e+12
3.63156e-14 166.891 4.26406e+12
3.64792e-14 173.6 4.26406e+12
3.66435e-14 180.57 4.26406e+12
3.68085e-14 187.811 4.26406e+12
3.69743e-14 195.333 4.26406e+12
3.71408e-14 203.148 4.26406e+12
3.73081e-14 211.265 4.26406e+12
3.74761e-14 219.697 4.26406e+12
3.76449e-14 228.455 4.26406e+12
3.78144e-14 237.551 4.26406e+12
3.79847e-14 246.998 4.26406e+12
3.81558e-14 256.809 4.26406e+12
3.83276e-14 266.998 4.26406e+12
3.85002e-14 277.578 4.26406e+12
3.86736e-14 288.564 4.26406e+12
3.88478e-14 299.972 4.26406e+12
3.90228e-14 311.815 4.26406e+12
3.91985e-14 324.112 4.26406e+12
3.93751e-14 336.879 4.26406e+12
3.95524e-14 350.132 4.26406e+12
3.97305e-14 363.89 4.26406e+12
3.99095e-14 378.172 4.26406e+12
4.00892e-14 392.996 4.26406e+12
4.02698e-14 408.382 4.26406e+12
4.04511e-14 424.352 4.26406e+12
4.06333e-14 440.926 4.26406e+12
4.08163e-14 458.127 4.26406e+12
4.10001e-14 475.976 4.26406e+12
4.11848e-14 494.499 4.26406e+12
4.13703e-14 513.719 4.26406e+12
4.15566e-14 533.662 4.26406e+12
4.17437e-14 554.354 4.26406e+12
4.19317e-14 575.822 4.26406e+12
4.21206e-14 598.094 4.26406e+12
4.23103e-14 621.2 4.26406e+12
4.25008e-14 645.169 4.26406e+12
4.26922e-14 670.031 4.26406e+12
4.28845e-14 695.821 4.26406e+12
4.30777e-14 722.57 4.26406e+12
4.32717e-14 750.314 4.26406e+12
4.34666e-14 779.087 4.26406e+12
4.36623e-14 808.927 4.26406e+12
4.3859e-14 839.872 4.26406e+12
4.40565e-14 871.961 4.26406e+12
4.42549e-14 905.234 4.26406e+12
4.44542e-14 939.735 4.26406e+12
4.46544e-14 975.507 4.26406e+12
4.48555e-14 1012.59 4.26406e+12
4.50575e-14 1051.04 4.26406e+12
4.52605e-14 1090.9 4.26406e+12
4.54643e-14 1132.22 4.26406e+12
4.56691e-14 1175.06 4.26406e+12
4.58748e-14 1219.45 4.26406e+12
4.60814e-14 1265.47 4.26406e+12
4.62889e-14 1313.16 4.26406e+12
4.64974e-14 1362.59 4.26406e+12
4.67068e-14 1413.82 4.26406e+12
4.69171e-14 1466.91 4.26406e+12
4.71284e-14 1521.92 4.26406e+12
4.73407e-14 1578.92 4.26406e+12
4.75539e-14 1637.98 4.26406e+12
4.77681e-14 1699.18 4.26406e+12
4.79832e-14 1762.58 4.26406e+12
4.81993e-14 1828.26 4.26406e+12
4.84164e-14 1896.31 4.26406e+12
4.86344e-14 1966.8 4.26406e+12
4.88535e-14 2039.82 4.26406e+12
4.90735e-14 2115.45 4.26406e+12
4.92945e-14 2193.79 4.26406e+12
4.95165e-14 2274.93 4.26406e+12
4.97395e-14 2358.96 4.26406e+12
4.99635e-14 2445.98 4.26406e+12
5.01886e-14 2536.1 4.26406e+12
5.04146e-14 2629.43 4.26406e+12
5.06416e-14 2726.06 4.26406e+12
5.08697e-14 2826.12 4.26406e+12
5.10988e-14 2929.71 4.26406e+12
5.13289e-14 3036.97 4.26406e+12
5.15601e-14 3148.01 4.26406e+12
5.17923e-14 3262.97 4.26406e+12
5.20256e-14 3381.97 4.26406e+12
5.22599e-14 3505.15 4.26406e+12
5.24953e-14 3632.66 4.26406e+12
5.27317e-14 3764.63 4.26406e+12
5.29692e-14 3901.22 4.26406e+12
5.32077e-14 4042.59 4.26406e+12
5.34474e-14 4188.89 4.26406e+12
5.36881e-14 4340.29 4.26406e+12
5.39299e-14 4496.96 4.26406e+12
5.41728e-14 4659.08 4.26406e+12
5.44167e-14 4826.82 4.26406e+12
5.46618e-14 5000.38 4.26406e+12
5.4908e-14 5179.94 4.26406e+12
5.51553e-14 5365.71 4.26406e+12
5.54037e-14 5557.9 4.26406e+12
5.56532e-14 5756.7 4.26406e+12
5.59039e-14 5962.36 4.26406e+12
5.61556e-14 6175.08 4.26406e+12
5.64085e-14 6395.1 4.26406e+12
5.66626e-14 6622.66 4.26406e+12
5.69178e-14 6858.02 4.26406e+12
5.71741e-14 7101.42 4.26406e+12
5.74316e-14 7353.13 4.26406e+12
5.76903e-14 7613.42 4.26406e+12
5.79501e-14 7882.57 4.26406e+12
5.82111e-14 8160.87 4.26406e+12
5.84732e-14 8448.61 4.26406e+12
5.87366e-14 8746.11 4.26406e+12
5.90011e-14 9053.68 4.26406e+12
5.92668e-14 9371.64 4.26406e+12
5.95338e-14 9700.34 4.26406e+12
5.98019e-14 10040.1 4.26406e+12
6.00712e-14 10391.3 4.26406e+12
6.03418e-14 10754.3 4.26406e+12
6.06135e-14 11129.5 4.26406e+12
6.08865e-14 11517.3 4.26406e+12
6.11607e-14 11918.1 4.26406e+12
6.14362e-14 12332.2 4.26406e+12
6.17129e-14 12760.2 4.26406e+12
6.19908e-14 13202.4 4.26406e+12
6.227e-14 13659.3 4.26406e+12
6.25504e-14 14131.5 4.26406e+12
6.28321e-14 14619.3 4.26406e+12
6.31151e-14 15123.2 4.26406e+12
6.33994e-14 15643.8 4.26406e+12
6.36849e-14 16181.7 4.26406e+12
6.39717e-14 16737.2 4.26406e+12
6.42598e-14 17311.1 4.26406e+12
6.45492e-14 17903.8 4.26406e+12
6.484e-14 18516.1 4.26406e+12
6.5132e-14 19148.4 4.26406e+12
6.54253e-14 19801.4 4.26406e+12
6.572e-14 20475.7 4.26406e+12
6.6016e-14 21172.1 4.26406e+12
6.63133e-14 21891.2 4.26406e+12
6.66119e-14 22633.7 4.26406e+12
6.69119e-14 23400.4 4.26406e+12
6.72133e-14 24191.9 4.26406e+12
6.7516e-14 25009.1 4.26406e+12
6.78201e-14 25852.8 4.26406e+12
6.81255e-14 26723.7 4.26406e+12
6.84323e-14 27622.8 4.26406e+12
6.87405e-14 28550.8 4.26406e+12
6.90501e-14 29508.7 4.26406e+12
6.93611e-14 30497.3 4.26406e+12
6.96735e-14 31517.7 4.26406e+12
6.99873e-14 32570.8 4.26406e+12
7.03025e-14 33657.6 4.26406e+12
7.06191e-14 34779.1 4.26406e+12
7.09371e-14 35936.3 4.26406e+12
7.12566e-14 37130.5 4.26406e+12
7.15775e-14 38362.6 4.26406e+12
7.18999e-14 39633.8 4.26406e+12
7.22237e-14 40945.3 4.26406e+12
7.2549e-14 42298.4 4.26406e+12
7.28757e-14 43694.2 4.26406e+12
7.32039e-14 45134.1 4.26406e+12
7.35336e-14 46619.4 4.26406e+12
7.38648e-14 48151.5 4.26406e+12
7.41975e-14 49731.6 4.26406e+12
7.45316e-14 51361.4 4.26406e+12
7.48673e-14 53042.2 4.26406e+12
7.52045e-14 54775.6 4.26406e+12
7.55432e-14 56563.2 4.26406e+12
7.58834e-14 58406.5 4.26406e+12
7.62252e-14 60307.2 4.26406e+12
7.65685e-14 62267 4.26406e+12
7.69133e-14 64287.6 4.26406e+12
7.72597e-14 66370.9 4.26406e+12
7.76076e-14 68518.7 4.26406e+12
7.79572e-14 70732.8 4.26406e+12
7.83083e-14 73015.3 4.26406e+12
7.86609e-14 75368.1 4.26406e+12
7.90152e-14 77793.3 4.26406e+12
7.93711e-14 80293 4.26406e+12
7.97285e-14 82869.3 4.26406e+12
8.00876e-14 85524.6 4.26406e+12
8.04483e-14 88261 4.26406e+12
8.08106e-14 91081 4.26406e+12
8.11746e-14 93986.9 4.26406e+12
8.15402e-14 96981.3 4.26406e+12
8.19074e-14 100067 4.26405e+12
8.22763e-14 103246 4.26405e+12
8.26468e-14 106521 4.26405e+12
8.3019e-14 109895 4.26405e+12
8.33929e-14 113372 4.26405e+12
8.37685e-14 116953 4.26405e+12
8.41458e-14 120641 4.26405e+12
8.45247e-14 124441 4.26405e+12
8.49054e-14 128355 4.26405e+12
8.52878e-14 132386 4.26405e+12
8.56719e-14 136538 4.26405e+12
8.60578e-14 140814 4.26405e+12
8.64453e-14 145217 4.26405e+12
8.68347e-14 149751 4.26405e+12
8.72257e-14 154420 4.26405e+12
8.76186e-14 159228 4.26405e+12
8.80132e-14 164178 4.26405e+12
8.84096e-14 169275 4.26405e+12
8.88077e-14 174522 4.26405e+12
8.92077e-14 179924 4.26405e+12
8.96095e-14 185486 4.26405e+12
9.00131e-14 191210 4.26405e+12
9.04184e-14 197103 4.26405e+12
9.08257e-14 203169 4.26405e+12
9.12347e-14 209411 4.26405e+12
9.16456e-14 215837 4.26405e+12
9.20584e-14 222450 4.26405e+12
9.2473e-14 229255 4.26405e+12
9.28894e-14 236258 4.26405e+12
9.33078e-14 243465 4.26405e+12
9.3728e-14 250880 4.26405e+12
9.41501e-14 258510 4.26405e+12
9.45742e-14 266360 4.26405e+12
9.50001e-14 274437 4.26405e+12
9.54279e-14 282747 4.26405e+12
9.58577e-14 291295 4.26405e+12
9.62894e-14 300089 4.26405e+12
9.67231e-14 309134 4.26405e+12
9.71587e-14 318439 4.26405e+12
9.75963e-14 328009 4.26405e+12
9.80358e-14 337852 4.26405e+12
9.84774e-14 347975 4.26405e+12
9.89209e-14 358386 4.26405e+12
9.93664e-14 369093 4.26405e+12
9.98139e-14 380103 4.26405e+12
1.00263e-13 391424 4.26405e+12
1.00715e-13 403065 4.26405e+12
1.01169e-13 415034 4.26404e+12
1.01624e-13 427340 4.26404e+12
1.02082e-13 439991 4.26404e+12
1.02542e-13 452998 4.26404e+12
1.03003e-13 466369 4.26404e+12
1.03467e-13 480113 4.26404e+12
1.03933e-13 494242 4.26404e+12
1.04401e-13 508764 4.26404e+12
1.04872e-13 523690 4.26404e+12
1.05344e-13 539030 4.26404e+12
1.05818e-13 554796 4.26404e+12
1.06295e-13 570999 4.26404e+12
1.06774e-13 587649 4.26404e+12
1.07255e-13 604758 4.26404e+12
1.07738e-13 622338 4.26404e+12
1.08223e-13 640402 4.26404e+12
1.0871e-13 658962 4.26404e+12
1.092e-13 678031 4.26404e+12
1.09692e-13 697621 4.26403e+12
1.10186e-13 717746 4.26403e+12
1.10682e-13 738419 4.26403e+12
1.1118e-13 759656 4.26403e+12
1.11681e-13 781469 4.26403e+12
1.12184e-13 803875 4.26403e+12
1.12689e-13 826886 4.26403e+12
1.13197e-13 850520 4.26403e+12
1.13707e-13 874792 4.26403e+12
1.14219e-13 899717 4.26403e+12
1.14733e-13 925313 4.26403e+12
1.1525e-13 951596 4.26403e+12
1.15769e-13 978584 4.26403e+12
1.1629e-13 1.00629e+06 4.26402e+12
1.16814e-13 1.03474e+06 4.26402e+12
1.1734e-13 1.06395e+06 4.26402e+12
1.17869e-13 1.09394e+06 4.26402e+12
1.18399e-13 1.12472e+06 4.26402e+12
1.18933e-13 1.15632e+06 4.26402e+12
1.19468e-13 1.18876e+06 4.26402e+12
1.20006e-13 1.22205e+06 4.26402e+12
1.20547e-13 1.25622e+06 4.26402e+12
1.2109e-13 1.29129e+06 4.26401e+12
1.21635e-13 1.32729e+06 4.26401e+12
1.22183e-13 1.36423e+06 4.26401e+12
1.22733e-13 1.40213e+06 4.26401e+12
1.23286e-13 1.44103e+06 4.26401e+12
1.23841e-13 1.48095e+06 4.26401e+12
1.24399e-13 1.5219e+06 4.26401e+12
1.24959e-13 1.56392e+06 4.264e+12
1.25522e-13 1.60703e+06 4.264e+12
1.26087e-13 1.65126e+06 4.264e+12
1.26655e-13 1.69664e+06 4.264e+12
1.27226e-13 1.74318e+06 4.264e+12
1.27799e-13 1.79093e+06 4.264e+12
1.28374e-13 1.83991e+06 4.26399e+12
1.28952e-13 1.89014e+06 4.26399e+12
1.29533e-13 1.94166e+06 4.26399e+12
1.30116e-13 1.99451e+06 4.26399e+12
1.30702e-13 2.0487e+06 4.26399e+12
1.31291e-13 2.10428e+06 4.26398e+12
1.31882e-13 2.16127e+06 4.26398e+12
1.32476e-13 2.21971e+06 4.26398e+12
1.33073e-13 2.27964e+06 4.26398e+12
1.33672e-13 2.34108e+06 4.26398e+12
1.34274e-13 2.40408e+06 4.26397e+12
1.34879e-13 2.46866e+06 4.26397e+12
1.35487e-13 2.53487e+06 4.26397e+12
1.36097e-13 2.60275e+06 4.26397e+12
1.3671e-13 2.67234e+06 4.26396e+12
1.37325e-13 2.74366e+06 4.26396e+12
1.37944e-13 2.81678e+06 4.26396e+12
1.38565e-13 2.89171e+06 4.26396e+12
1.39189e-13 2.96851e+06 4.26395e+12
1.39816e-13 3.04723e+06 4.26395e+12
1.40446e-13 3.1279e+06 4.26395e+12
1.41078e-13 3.21057e+06 4.26394e+12
1.41714e-13 3.29528e+06 4.26394e+12
1.42352e-13 3.38209e+06 4.26394e+12
1.42993e-13 3.47103e+06 4.26393e+12
1.43637e-13 3.56216e+06 4.26393e+12
1.44284e-13 3.65554e+06 4.26393e+12
1.44934e-13 3.7512e+06 4.26392e+12
1.45586e-13 3.8492e+06 4.26392e+12
1.46242e-13 3.94959e+06 4.26391e+12
1.46901e-13 4.05243e+06 4.26391e+12
1.47562e-13 4.15778e+06 4.26391e+12
1.48227e-13 4.26568e+06 4.2639e+12
1.48894e-13 4.3762e+06 4.2639e+12
1.49565e-13 4.48939e+06 4.26389e+12
1.50239e-13 4.60531e+06 4.26389e+12
1.50915e-13 4.72403e+06 4.26388e+12
1.51595e-13 4.84561e+06 4.26388e+12
1.52278e-13 4.9701e+06 4.26388e+12
1.52963e-13 5.09758e+06 4.26387e+12
1.53652e-13 5.22811e+06 4.26387e+12
1.54344e-13 5.36176e+06 4.26386e+12
1.5504e-13 5.49859e+06 4.26385e+12
1.55738e-13 5.63867e+06 4.26385e+12
1.56439e-13 5.78208e+06 4.26384e+12
1.57144e-13 5.92889e+06 4.26384e+12
1.57851e-13 6.07917e+06 4.26383e+12
1.58562e-13 6.233e+06 4.26383e+12
1.59277e-13 6.39045e+06 4.26382e+12
1.59994e-13 6.55161e+06 4.26381e+12
1.60714e-13 6.71655e+06 4.26381e+12
1.61438e-13 6.88535e+06 4.2638e+12
1.62165e-13 7.05809e+06 4.26379e+12
1.62896e-13 7.23488e+06 4.26379e+12
1.63629e-13 7.41577e+06 4.26378e+12
1.64366e-13 7.60087e+06 4.26377e+12
1.65106e-13 7.79027e+06 4.26376e+12
1.6585e-13 7.98405e+06 4.26376e+12
1.66597e-13 8.18231e+06 4.26375e+12
1.67347e-13 8.38514e+06 4.26374e+12
1.68101e-13 8.59264e+06 4.26373e+12
1.68858e-13 8.80491e+06 4.26372e+12
1.69619e-13 9.02204e+06 4.26371e+12
1.70382e-13 9.24414e+06 4.2637e+12
1.7115e-13 9.47132e+06 4.2637e+12
1.71921e-13 9.70367e+06 4.26369e+12
1.72695e-13 9.94131e+06 4.26368e+12
1.73473e-13 1.01844e+07 4.26367e+12
1.74254e-13 1.04329e+07 4.26366e+12
1.75039e-13 1.06871e+07 4.26365e+12
1.75827e-13 1.0947e+07 4.26364e+12
1.76619e-13 1.12127e+07 4.26362e+12
1.77414e-13 1.14844e+07 4.26361e+12
1.78213e-13 1.17623e+07 4.2636e+12
1.79016e-13 1.20463e+07 4.26359e+12
1.79822e-13 1.23367e+07 4.26358e+12
1.80632e-13 1.26336e+07 4.26357e+12
1.81446e-13 1.2937e+07 4.26355e+12
1.82263e-13 1.32473e+07 4.26354e+12
1.83084e-13 1.35643e+07 4.26353e+12
1.83908e-13 1.38885e+07 4.26351e+12
1.84736e-13 1.42197e+07 4.2635e+12
1.85568e-13 1.45583e+07 4.26349e+12
1.86404e-13 1.49043e+07 4.26347e+12
1.87244e-13 1.52579e+07 4.26346e+12
1.88087e-13 1.56192e+07 4.26344e+12
1.88934e-13 1.59884e+07 4.26342e+12
1.89785e-13 1.63657e+07 4.26341e+12
1.9064e-13 1.67512e+07 4.26339e+12
1.91498e-13 1.71451e+07 4.26338e+12
1.92361e-13 1.75475e+07 4.26336e+12
1.93227e-13 1.79586e+07 4.26334e+12
1.94097e-13 1.83786e+07 4.26332e+12
1.94972e-13 1.88076e+07 4.2633e+12
1.9585e-13 1.92459e+07 4.26329e+12
1.96732e-13 1.96935e+07 4.26327e+12
1.97618e-13 2.01507e+07 4.26325e+12
1.98508e-13 2.06178e+07 4.26323e+12
1.99402e-13 2.10947e+07 4.26321e+12
2.003e-13 2.15818e+07 4.26318e+12
2.01202e-13 2.20793e+07 4.26316e+12
2.02108e-13 2.25873e+07 4.26314e+12
2.03018e-13 2.3106e+07 4.26312e+12
2.03933e-13 2.36356e+07 4.2631e+12
2.04851e-13 2.41765e+07 4.26307e+12
2.05774e-13 2.47286e+07 4.26305e+12
2.067e-13 2.52924e+07 4.26302e+12
2.07631e-13 2.58679e+07 4.263e+12
2.08566e-13 2.64555e+07 4.26297e+12
2.09506e-13 2.70553e+07 4.26295e+12
2.10449e-13 2.76675e+07 4.26292e+12
2.11397e-13 2.82925e+07 4.26289e+12
2.12349e-13 2.89304e+07 4.26286e+12
2.13306e-13 2.95814e+07 4.26283e+12
2.14266e-13 3.02459e+07 4.2628e+12
2.15231e-13 3.0924e+07 4.26277e+12
2.16201e-13 3.16161e+07 4.26274e+12
2.17174e-13 3.23223e+07 4.26271e+12
2.18152e-13 3.3043e+07 4.26268e+12
2.19135e-13 3.37783e+07 4.26265e+12
2.20122e-13 3.45286e+07 4.26261e+12
2.21113e-13 3.52942e+07 4.26258e+12
2.22109e-13 3.60752e+07 4.26254e+12
2.23109e-13 3.6872e+07 4.26251e+12
2.24114e-13 3.76849e+07 4.26247e+12
2.25123e-13 3.85141e+07 4.26243e+12
2.26137e-13 3.936e+07 4.26239e+12
2.27156e-13 4.02228e+07 4.26235e+12
2.28179e-13 4.11029e+07 4.26231e+12
2.29206e-13 4.20006e+07 4.26227e+12
2.30239e-13 4.2916e+07 4.26223e+12
2.31276e-13 4.38497e+07 4.26219e+12
2.32317e-13 4.48019e+07 4.26214e+12
2.33364e-13 4.57729e+07 4.2621e+12
2.34415e-13 4.6763e+07 4.26205e+12
2.3547e-13 4.77726e+07 4.26201e+12
2.36531e-13 4.88021e+07 4.26196e+12
2.37596e-13 4.98517e+07 4.26191e+12
2.38666e-13 5.09219e+07 4.26186e+12
2.39741e-13 5.20129e+07 4.26181e+12
2.40821e-13 5.31251e+07 4.26176e+12
2.41905e-13 5.4259e+07 4.2617e+12
2.42995e-13 5.54147e+07 4.26165e+12
2.44089e-13 5.65928e+07 4.26159e+12
2.45188e-13 5.77937e+07 4.26154e+12
2.46293e-13 5.90176e+07 4.26148e+12
2.47402e-13 6.02651e+07 4.26142e+12
2.48516e-13 6.15364e+07 4.26136e+12
2.49635e-13 6.28321e+07 4.2613e+12
2.5076e-13 6.41524e+07 4.26124e+12
2.51889e-13 6.54978e+07 4.26117e+12
2.53023e-13 6.68688e+07 4.26111e+12
2.54163e-13 6.82657e+07 4.26104e+12
2.55308e-13 6.9689e+07 4.26097e+12
2.56458e-13 7.11392e+07 4.2609e+12
2.57613e-13 7.26166e+07 4.26083e+12
2.58773e-13 7.41217e+07 4.26076e+12
2.59938e-13 7.56549e+07 4.26068e+12
2.61109e-13 7.72169e+07 4.26061e+12
2.62285e-13 7.88079e+07 4.26053e+12
2.63466e-13 8.04284e+07 4.26045e+12
2.64653e-13 8.2079e+07 4.26037e+12
2.65845e-13 8.37601e+07 4.26029e+12
2.67042e-13 8.54724e+07 4.26021e+12
2.68245e-13 8.72159e+07 4.26012e+12
2.69453e-13 8.89916e+07 4.26003e+12
2.70666e-13 9.07999e+07 4.25994e+12
2.71885e-13 9.26411e+07 4.25985e+12
2.7311e-13 9.45159e+07 4.25976e+12
2.7434e-13 9.64249e+07 4.25967e+12
2.75575e-13 9.83685e+07 4.25957e+12
2.76816e-13 1.00347e+08 4.25947e+12
2.78063e-13 1.02362e+08 4.25937e+12
2.79315e-13 1.04413e+08 4.25927e+12
2.80573e-13 1.065e+08 4.25916e+12
2.81837e-13 1.08625e+08 4.25906e+12
2.83106e-13 1.10788e+08 4.25895e+12
2.84381e-13 1.1299e+08 4.25884e+12
2.85662e-13 1.15231e+08 4.25873e+12
2.86949e-13 1.17511e+08 4.25861e+12
2.88241e-13 1.19832e+08 4.25849e+12
2.89539e-13 1.22194e+08 4.25837e+12
2.90843e-13 1.24598e+08 4.25825e+12
2.92153e-13 1.27044e+08 4.25813e+12
2.93469e-13 1.29533e+08 4.258e+12
2.9479e-13 1.32065e+08 4.25787e+12
2.96118e-13 1.34641e+08 4.25774e+12
2.97452e-13 1.37263e+08 4.2576e+12
2.98791e-13 1.3993e+08 4.25747e+12
3.00137e-13 1.42643e+08 4.25733e+12
3.01489e-13 1.45403e+08 4.25718e+12
3.02847e-13 1.4821e+08 4.25704e+12
3.0421e-13 1.51066e+08 4.25689e+12
3.05581e-13 1.53971e+08 4.25674e+12
3.06957e-13 1.56925e+08 4.25658e+12
3.08339e-13 1.5993e+08 4.25643e+12
3.09728e-13 1.62986e+08 4.25627e+12
3.11123e-13 1.66094e+08 4.2561e+12
3.12524e-13 1.69254e+08 4.25594e+12
3.13932e-13 1.72468e+08 4.25577e+12
3.15345e-13 1.75736e+08 4.2556e+12
3.16766e-13 1.79059e+08 4.25542e+12
3.18192e-13 1.82437e+08 4.25524e+12
3.19625e-13 1.85872e+08 4.25506e+12
3.21065e-13 1.89364e+08 4.25487e+12
3.22511e-13 1.92914e+08 4.25468e+12
3.23963e-13 1.96524e+08 4.25449e+12
3.25422e-13 2.00193e+08 4.25429e+12
3.26888e-13 2.03922e+08 4.25409e+12
3.2836e-13 2.07713e+08 4.25389e+12
3.29839e-13 2.11566e+08 4.25368e+12
3.31324e-13 2.15481e+08 4.25347e+12
3.32817e-13 2.19461e+08 4.25326e+12
3.34316e-13 2.23506e+08 4.25304e+12
3.35821e-13 2.27616e+08 4.25281e+12
3.37334e-13 2.31794e+08 4.25259e+12
3.38853e-13 2.36038e+08 4.25235e+12
3.40379e-13 2.40351e+08 4.25212e+12
3.41912e-13 2.44733e+08 4.25188e+12
3.43452e-13 2.49186e+08 4.25163e+12
3.44999e-13 2.53709e+08 4.25138e+12
3.46552e-13 2.58304e+08 4.25113e+12
3.48113e-13 2.62973e+08 4.25087e+12
3.49681e-13 2.67716e+08 4.25061e+12
3.51256e-13 2.72533e+08 4.25034e+12
3.52838e-13 2.77426e+08 4.25007e+12
3.54427e-13 2.82397e+08 4.24979e+12
3.56023e-13 2.87446e+08 4.24951e+12
3.57627e-13 2.92573e+08 4.24922e+12
3.59237e-13 2.9778e+08 4.24893e+12
3.60855e-13 3.03068e+08 4.24863e+12
3.6248e-13 3.08439e+08 4.24833e+12
3.64113e-13 3.13892e+08 4.24802e+12
3.65753e-13 3.19429e+08 4.2477e+12
3.674e-13 3.25051e+08 4.24739e+12
3.69055e-13 3.3076e+08 4.24706e+12
3.70717e-13 3.36556e+08 4.24673e+12
3.72386e-13 3.42441e+08 4.24639e+12
3.74063e-13 3.48415e+08 4.24605e+12
3.75748e-13 3.54479e+08 4.2457e+12
3.7744e-13 3.60635e+08 4.24535e+12
3.7914e-13 3.66884e+08 4.24499e+12
3.80848e-13 3.73227e+08 4.24462e+12
3.82563e-13 3.79665e+08 4.24425e+12
3.84286e-13 3.862e+08 4.24387e+12
3.86017e-13 3.92832e+08 4.24348e+12
3.87755e-13 3.99562e+08 4.24309e+12
3.89502e-13 4.06392e+08 4.24269e+12
3.91256e-13 4.13322e+08 4.24228e+12
3.93018e-13 4.20355e+08 4.24187e+12
3.94788e-13 4.27492e+08 4.24145e+12
3.96566e-13 4.34732e+08 4.24102e+12
3.98352e-13 4.42079e+08 4.24059e+12
4.00146e-13 4.49533e+08 4.24014e+12
4.01948e-13 4.57095e+08 4.23969e+12
4.03758e-13 4.64766e+08 4.23924e+12
4.05577e-13 4.72548e+08 4.23877e+12
4.07403e-13 4.80442e+08 4.2383e+12
4.09238e-13 4.8845e+08 4.23782e+12
4.11081e-13 4.96572e+08 4.23733e+12
4.12933e-13 5.04809e+08 4.23683e+12
4.14792e-13 5.13164e+08 4.23633e+12
4.16661e-13 5.21638e+08 4.23582e+12
4.18537e-13 5.30231e+08 4.2353e+12
4.20422e-13 5.38945e+08 4.23476e+12
4.22315e-13 5.47782e+08 4.23423e+12
4.24217e-13 5.56742e+08 4.23368e+12
4.26128e-13 5.65828e+08 4.23312e+12
4.28047e-13 5.7504e+08 4.23256e+12
4.29975e-13 5.8438e+08 4.23198e+12
4.31911e-13 5.93849e+08 4.2314e+12
4.33857e-13 6.03449e+08 4.2308e+12
4.35811e-13 6.13181e+08 4.2302e+12
4.37773e-13 6.23047e+08 4.22959e+12
4.39745e-13 6.33047e+08 4.22896e+12
4.41725e-13 6.43182e+08 4.22833e+12
4.43715e-13 6.53456e+08 4.22769e+12
4.45713e-13 6.63868e+08 4.22703e+12
4.47721e-13 6.74422e+08 4.22637e+12
4.49737e-13 6.85117e+08 4.22569e+12
4.51762e-13 6.95956e+08 4.22501e+12
4.53797e-13 7.0694e+08 4.22431e+12
4.55841e-13 7.18071e+08 4.22361e+12
4.57894e-13 7.29348e+08 4.22289e+12
4.59956e-13 7.40774e+08 4.22216e+12
4.62028e-13 7.52352e+08 4.22142e+12
4.64108e-13 7.64082e+08 4.22067e+12
4.66199e-13 7.75967e+08 4.2199e+12
4.68298e-13 7.88007e+08 4.21913e+12
4.70407e-13 8.00202e+08 4.21834e+12
4.72526e-13 8.12555e+08 4.21754e+12
4.74654e-13 8.25069e+08 4.21673e+12
4.76792e-13 8.37746e+08 4.2159e+12
4.78939e-13 8.50585e+08 4.21506e+12
4.81096e-13 8.63587e+08 4.21421e+12
4.83263e-13 8.76755e+08 4.21335e+12
4.85439e-13 8.90092e+08 4.21247e+12
4.87626e-13 9.03599e+08 4.21158e+12
4.89822e-13 9.17274e+08 4.21068e+12
4.92028e-13 9.31122e+08 4.20976e+12
4.94244e-13 9.45145e+08 4.20883e+12
4.9647e-13 9.59345e+08 4.20788e+12
4.98705e-13 9.73717e+08 4.20693e+12
5.00952e-13 9.8827e+08 4.20595e+12
5.03208e-13 1.003e+09 4.20496e+12
5.05474e-13 1.01792e+09 4.20396e+12
5.0775e-13 1.03302e+09 4.20294e+12
5.10037e-13 1.0483e+09 4.20191e+12
5.12334e-13 1.06378e+09 4.20086e+12
5.14642e-13 1.07943e+09 4.1998e+12
5.16959e-13 1.09528e+09 4.19872e+12
5.19288e-13 1.11132e+09 4.19762e+12
5.21626e-13 1.12755e+09 4.19651e+12
5.23976e-13 1.14398e+09 4.19538e+12
5.26336e-13 1.16061e+09 4.19424e+12
5.28706e-13 1.17743e+09 4.19308e+12
5.31087e-13 1.19445e+09 4.1919e+12
5.33479e-13 1.21168e+09 4.19071e+12
5.35882e-13 1.2291e+09 4.1895e+12
5.38295e-13 1.24673e+09 4.18827e+12
5.40719e-13 1.26457e+09 4.18702e+12
5.43155e-13 1.28261e+09 4.18575e+12
5.45601e-13 1.30087e+09 4.18447e+12
5.48058e-13 1.31933e+09 4.18317e+12
5.50526e-13 1.33801e+09 4.18185e+12
5.53006e-13 1.3569e+09 4.18051e+12
5.55496e-13 1.37601e+09 4.17916e+12
5.57998e-13 1.39534e+09 4.17778e+12
5.60511e-13 1.41488e+09 4.17639e+12
5.63036e-13 1.43465e+09 4.17497e+12
5.65571e-13 1.45464e+09 4.17354e+12
5.68119e-13 1.47486e+09 4.17208e+12
5.70677e-13 1.4953e+09 4.17061e+12
5.73247e-13 1.51596e+09 4.16911e+12
5.75829e-13 1.53686e+09 4.1676e+12
5.78422e-13 1.55799e+09 4.16606e+12
5.81027e-13 1.57935e+09 4.1645e+12
5.83644e-13 1.60094e+09 4.16292e+12
5.86273e-13 1.62278e+09 4.16132e+12
5.88913e-13 1.64484e+09 4.1597e+12
5.91566e-13 1.66715e+09 4.15805e+12
5.9423e-13 1.6897e+09 4.15639e+12
5.96906e-13 1.71249e+09 4.1547e+12
5.99594e-13 1.73552e+09 4.15298e+12
6.02295e-13 1.75881e+09 4.15125e+12
6.05007e-13 1.78233e+09 4.14949e+12
6.07732e-13 1.80611e+09 4.14771e+12
6.10469e-13 1.83013e+09 4.1459e+12
6.13218e-13 1.85441e+09 4.14407e+12
6.1598e-13 1.87894e+09 4.14222e+12
6.18754e-13 1.90373e+09 4.14034e+12
6.21541e-13 1.92877e+09 4.13843e+12
6.2434e-13 1.95407e+09 4.1365e+12
6.27152e-13 1.97964e+09 4.13455e+12
6.29977e-13 2.00546e+09 4.13257e+12
6.32814e-13 2.03155e+09 4.13057e+12
6.35664e-13 2.05789e+09 4.12853e+12
6.38527e-13 2.08451e+09 4.12648e+12
6.41403e-13 2.1114e+09 4.12439e+12
6.44291e-13 2.13855e+09 4.12228e+12
6.47193e-13 2.16598e+09 4.12014e+12
6.50108e-13 2.19367e+09 4.11798e+12
6.53036e-13 2.22164e+09 4.11578e+12
6.55977e-13 2.24988e+09 4.11356e+12
6.58931e-13 2.2784e+09 4.11131e+12
6.61899e-13 2.3072e+09 4.10903e+12
6.6488e-13 2.33628e+09 4.10672e+12
6.67874e-13 2.36564e+09 4.10439e+12
6.70882e-13 2.39528e+09 4.10202e+12
6.73903e-13 2.4252e+09 4.09963e+12
6.76938e-13 2.45541e+09 4.0972e+12
6.79987e-13 2.48592e+09 4.09475e+12
6.8305e-13 2.51669e+09 4.09226e+12
6.86126e-13 2.54776e+09 4.08974e+12
6.89216e-13 2.57914e+09 4.0872e+12
6.9232e-13 2.61078e+09 4.08462e+12
6.95438e-13 2.64273e+09 4.08201e+12
6.9857e-13 2.67498e+09 4.07936e+12
7.01716e-13 2.70751e+09 4.07669e+12
7.04877e-13 2.74034e+09 4.07398e+12
7.08051e-13 2.77348e+09 4.07124e+12
7.1124e-13 2.80692e+09 4.06847e+12
7.14443e-13 2.84065e+09 4.06566e+12
7.17661e-13 2.87468e+09 4.06282e+12
7.20893e-13 2.90902e+09 4.05995e+12
7.2414e-13 2.94367e+09 4.05704e+12
7.27401e-13 2.97861e+09 4.05409e+12
7.30677e-13 3.01386e+09 4.05111e+12
7.33968e-13 3.04943e+09 4.0481e+12
7.37273e-13 3.0853e+09 4.04505e+12
7.40594e-13 3.12147e+09 4.04197e+12
7.43929e-13 3.15796e+09 4.03884e+12
7.4728e-13 3.19477e+09 4.03569e+12
7.50645e-13 3.23188e+09 4.03249e+12
7.54026e-13 3.2693e+09 4.02926e+12
7.57422e-13 3.30704e+09 4.02599e+12
7.60833e-13 3.3451e+09 4.02268e+12
7.6426e-13 3.38349e+09 4.01934e+12
7.67702e-13 3.42217e+09 4.01595e+12
7.71159e-13 3.46117e+09 4.01253e+12
7.74632e-13 3.5005e+09 4.00907e+12
7.78121e-13 3.54015e+09 4.00557e+12
7.81625e-13 3.58013e+09 4.00203e+12
7.85146e-13 3.62042e+09 3.99845e+12
7.88682e-13 3.66102e+09 3.99483e+12
7.92234e-13 3.70195e+09 3.99117e+12
7.95802e-13 3.7432e+09 3.98747e+12
7.99386e-13 3.78479e+09 3.98372e+12
8.02986e-13 3.8267e+09 3.97994e+12
8.06602e-13 3.86894e+09 3.97611e+12
8.10235e-13 3.91149e+09 3.97224e+12
8.13884e-13 3.95436e+09 3.96833e+12
8.1755e-13 3.99757e+09 3.96438e+12
8.21232e-13 4.0411e+09 3.96038e+12
8.2493e-13 4.08497e+09 3.95634e+12
8.28645e-13 4.12916e+09 3.95225e+12
8.32377e-13 4.17369e+09 3.94812e+12
8.36126e-13 4.21855e+09 3.94395e+12
8.39892e-13 4.26372e+09 3.93973e+12
8.43674e-13 4.30922e+09 3.93547e+12
8.47474e-13 4.35505e+09 3.93116e+12
8.51291e-13 4.40121e+09 3.9268e+12
8.55125e-13 4.4477e+09 3.9224e+12
8.58976e-13 4.49453e+09 3.91796e+12
8.62845e-13 4.54168e+09 3.91346e+12
8.66731e-13 4.58917e+09 3.90892e+12
8.70634e-13 4.63699e+09 3.90433e+12
8.74555e-13 4.68513e+09 3.89969e+12
8.78494e-13 4.73361e+09 3.89501e+12
8.82451e-13 4.78242e+09 3.89027e+12
8.86425e-13 4.83156e+09 3.88549e+12
8.90417e-13 4.88102e+09 3.88066e+12
8.94427e-13 4.93081e+09 3.87578e+12
8.98455e-13 4.98093e+09 3.87085e+12
9.02502e-13 5.03137e+09 3.86587e+12
9.06566e-13 5.08215e+09 3.86084e+12
9.10649e-13 5.13325e+09 3.85575e+12
9.14751e-13 5.18468e+09 3.85062e+12
9.1887e-13 5.23644e+09 3.84544e+12
9.23009e-13 5.28853e+09 3.8402e+12
9.27166e-13 5.34094e+09 3.83491e+12
9.31341e-13 5.39367e+09 3.82957e+12
9.35536e-13 5.44674e+09 3.82418e+12
9.39749e-13 5.50012e+09 3.81873e+12
9.43982e-13 5.55383e+09 3.81323e+12
9.48233e-13 5.60786e+09 3.80768e+12
9.52504e-13 5.66222e+09 3.80207e+12
9.56793e-13 5.71689e+09 3.79641e+12
9.61103e-13 5.77189e+09 3.79069e+12
9.65431e-13 5.8272e+09 3.78492e+12
9.69779e-13 5.88282e+09 3.77909e+12
9.74147e-13 5.93876e+09 3.77321e+12
9.78534e-13 5.99501e+09 3.76727e+12
9.82941e-13 6.05158e+09 3.76127e+12
9.87368e-13 6.10845e+09 3.75522e+12
9.91815e-13 6.16564e+09 3.74911e+12
9.96282e-13 6.22315e+09 3.74295e+12
1.00077e-12 6.28096e+09 3.73672e+12
1.00528e-12 6.33908e+09 3.73044e+12
1.0098e-12 6.39751e+09 3.7241e+12
1.01435e-12 6.45624e+09 3.71771e+12
1.01892e-12 6.51529e+09 3.71125e+12
1.02351e-12 6.57463e+09 3.70474e+12
1.02812e-12 6.63429e+09 3.69816e+12
1.03275e-12 6.6942e+09 3.69153e+12
1.0374e-12 6.7544e+09 3.68483e+12
1.04207e-12 6.81491e+09 3.67808e+12
1.04676e-12 6.87571e+09 3.67126e+12
1.05148e-12 6.93681e+09 3.66439e+12
1.05621e-12 6.9982e+09 3.65745e+12
1.06097e-12 7.05988e+09 3.65045e+12
1.06575e-12 7.12186e+09 3.64339e+12
1.07055e-12 7.18409e+09 3.63627e+12
1.07537e-12 7.24657e+09 3.62909e+12
1.08021e-12 7.30934e+09 3.62184e+12
1.08508e-12 7.3724e+09 3.61453e+12
1.08997e-12 7.43573e+09 3.60716e+12
1.09487e-12 7.49935e+09 3.59972e+12
1.09981e-12 7.56325e+09 3.59222e+12
1.10476e-12 7.62734e+09 3.58466e+12
1.10973e-12 7.6917e+09 3.57703e+12
1.11473e-12 7.75633e+09 3.56934e+12
1.11975e-12 7.82123e+09 3.56158e+12
1.1248e-12 7.8864e+09 3.55376e+12
1.12986e-12 7.95181e+09 3.54588e+12
1.13495e-12 8.01741e+09 3.53793e+12
1.14006e-12 8.08327e+09 3.52991e+12
1.1452e-12 8.14938e+09 3.52182e+12
1.15035e-12 8.21576e+09 3.51368e+12
1.15553e-12 8.28237e+09 3.50546e+12
1.16074e-12 8.34913e+09 3.49718e+12
1.16597e-12 8.41614e+09 3.48883e+12
1.17122e-12 8.4834e+09 3.48041e+12
1.17649e-12 8.55091e+09 3.47193e+12
1.18179e-12 8.61858e+09 3.46338e+12
1.18711e-12 8.68642e+09 3.45476e+12
1.19246e-12 8.75451e+09 3.44607e+12
1.19783e-12 8.82284e+09 3.43732e+12
1.20323e-12 8.89135e+09 3.42849e+12
1.20864e-12 8.95997e+09 3.4196e+12
1.21409e-12 9.02883e+09 3.41064e+12
1.21956e-12 9.09793e+09 3.40161e+12
1.22505e-12 9.16717e+09 3.39252e+12
1.23057e-12 9.23652e+09 3.38335e+12
1.23611e-12 9.30609e+09 3.37411e+12
1.24167e-12 9.37589e+09 3.36481e+12
1.24727e-12 9.44576e+09 3.35543e+12
1.25288e-12 9.51577e+09 3.34599e+12
1.25853e-12 9.58599e+09 3.33647e+12
1.26419e-12 9.65642e+09 3.32688e+12
1.26989e-12 9.72682e+09 3.31723e+12
1.27561e-12 9.79743e+09 3.3075e+12
1.28135e-12 9.86825e+09 3.2977e+12
1.28712e-12 9.93909e+09 3.28783e+12
1.29292e-12 1.001e+10 3.2779e+12
1.29874e-12 1.00812e+10 3.26789e+12
1.30459e-12 1.01524e+10 3.2578e+12
1.31047e-12 1.02237e+10 3.24765e+12
1.31637e-12 1.02951e+10 3.23743e+12
1.3223e-12 1.03667e+10 3.22713e+12
1.32825e-12 1.04382e+10 3.21677e+12
1.33424e-12 1.05099e+10 3.20633e+12
1.34024e-12 1.05816e+10 3.19582e+12
1.34628e-12 1.06533e+10 3.18524e+12
1.35234e-12 1.07252e+10 3.17458e+12
1.35843e-12 1.07972e+10 3.16386e+12
1.36455e-12 1.0869e+10 3.15306e+12
1.3707e-12 1.09411e+10 3.14219e+12
1.37687e-12 1.10131e+10 3.13125e+12
1.38307e-12 1.10851e+10 3.12024e+12
1.3893e-12 1.11572e+10 3.10915e+12
1.39556e-12 1.12292e+10 3.098e+12
1.40184e-12 1.13013e+10 3.08677e+12
1.40816e-12 1.13735e+10 3.07547e+12
1.4145e-12 1.14454e+10 3.06409e+12
1.42087e-12 1.15175e+10 3.05265e+12
1.42727e-12 1.15895e+10 3.04113e+12
1.4337e-12 1.16614e+10 3.02954e+12
1.44015e-12 1.17335e+10 3.01788e+12
1.44664e-12 1.18052e+10 3.00614e+12
1.45315e-12 1.18771e+10 2.99434e+12
1.4597e-12 1.19489e+10 2.98246e+12
1.46627e-12 1.20205e+10 2.97051e+12
1.47288e-12 1.20922e+10 2.95849e+12
1.47951e-12 1.21636e+10 2.9464e+12
1.48617e-12 1.2235e+10 2.93424e+12
1.49287e-12 1.23063e+10 2.922e+12
1.49959e-12 1.23774e+10 2.9097e+12
1.50634e-12 1.24486e+10 2.89732e+12
1.51313e-12 1.25193e+10 2.88487e+12
1.51994e-12 1.25903e+10 2.87235e+12
1.52679e-12 1.26607e+10 2.85976e+12
1.53366e-12 1.27312e+10 2.8471e+12
1.54057e-12 1.28014e+10 2.83437e+12
1.54751e-12 1.28715e+10 2.82157e+12
1.55448e-12 1.29414e+10 2.8087e+12
1.56148e-12 1.3011e+10 2.79575e+12
1.56851e-12 1.30805e+10 2.78274e+12
1.57558e-12 1.31496e+10 2.76966e+12
1.58267e-12 1.32188e+10 2.75651e+12
1.5898e-12 1.32873e+10 2.74329e+12
1.59696e-12 1.3356e+10 2.73001e+12
1.60415e-12 1.3424e+10 2.71665e+12
1.61138e-12 1.34921e+10 2.70323e+12
1.61864e-12 1.35596e+10 2.68973e+12
1.62592e-12 1.36271e+10 2.67617e+12
1.63325e-12 1.36939e+10 2.66255e+12
1.6406e-12 1.37608e+10 2.64885e+12
1.64799e-12 1.3827e+10 2.63509e+12
1.65541e-12 1.38932e+10 2.62127e+12
1.66287e-12 1.39586e+10 2.60737e+12
1.67036e-12 1.40241e+10 2.59341e+12
1.67788e-12 1.40887e+10 2.57939e+12
1.68544e-12 1.41535e+10 2.5653e+12
1.69303e-12 1.42173e+10 2.55115e+12
1.70065e-12 1.42812e+10 2.53693e+12
1.70831e-12 1.43441e+10 2.52265e+12
1.71601e-12 1.44071e+10 2.50831e+12
1.72374e-12 1.44692e+10 2.4939e+12
1.7315e-12 1.45312e+10 2.47943e+12
1.7393e-12 1.45923e+10 2.4649e+12
1.74713e-12 1.46532e+10 2.45031e+12
1.755e-12 1.47135e+10 2.43565e+12
1.7629e-12 1.47732e+10 2.42094e+12
1.77084e-12 1.48326e+10 2.40617e+12
1.77882e-12 1.4891e+10 2.39133e+12
1.78683e-12 1.49494e+10 2.37644e+12
1.79488e-12 1.50066e+10 2.36149e+12
1.80296e-12 1.50637e+10 2.34649e+12
1.81108e-12 1.51197e+10 2.33142e+12
1.81924e-12 1.51754e+10 2.3163e+12
1.82743e-12 1.52304e+10 2.30113e+12
1.83566e-12 1.52845e+10 2.2859e+12
1.84393e-12 1.53384e+10 2.27061e+12
1.85223e-12 1.5391e+10 2.25527e+12
1.86057e-12 1.54434e+10 2.23988e+12
1.86895e-12 1.54947e+10 2.22444e+12
1.87737e-12 1.55453e+10 2.20894e+12
1.88583e-12 1.55954e+10 2.1934e+12
1.89432e-12 1.56443e+10 2.1778e+12
1.90285e-12 1.56928e+10 2.16216e+12
1.91142e-12 1.57401e+10 2.14647e+12
1.92003e-12 1.57867e+10 2.13073e+12
1.92868e-12 1.58328e+10 2.11494e+12
1.93736e-12 1.58773e+10 2.09911e+12
1.94609e-12 1.59215e+10 2.08323e+12
1.95485e-12 1.59646e+10 2.06731e+12
1.96366e-12 1.60065e+10 2.05134e+12
1.9725e-12 1.60481e+10 2.03534e+12
1.98138e-12 1.6088e+10 2.01929e+12
1.99031e-12 1.61272e+10 2.0032e+12
1.99927e-12 1.61657e+10 1.98707e+12
2.00827e-12 1.62024e+10 1.97091e+12
2.01732e-12 1.62386e+10 1.95471e+12
2.0264e-12 1.62738e+10 1.93847e+12
2.03553e-12 1.63073e+10 1.92219e+12
2.0447e-12 1.63403e+10 1.90589e+12
2.05391e-12 1.6372e+10 1.88955e+12
2.06316e-12 1.64021e+10 1.87317e+12
2.07245e-12 1.64316e+10 1.85677e+12
2.08178e-12 1.64596e+10 1.84034e+12
2.09116e-12 1.64861e+10 1.82388e+12
2.10058e-12 1.65119e+10 1.80739e+12
2.11004e-12 1.65361e+10 1.79088e+12
2.11954e-12 1.65587e+10 1.77435e+12
2.12909e-12 1.65805e+10 1.75779e+12
2.13867e-12 1.66008e+10 1.74121e+12
2.14831e-12 1.66192e+10 1.72461e+12
2.15798e-12 1.66367e+10 1.70799e+12
2.1677e-12 1.6653e+10 1.69135e+12
2.17746e-12 1.66669e+10 1.6747e+12
2.18727e-12 1.66799e+10 1.65803e+12
2.19712e-12 1.66918e+10 1.64135e+12
2.20702e-12 1.67011e+10 1.62466e+12
2.21696e-12 1.67092e+10 1.60796e+12
2.22694e-12 1.67162e+10 1.59125e+12
2.23697e-12 1.67211e+10 1.57453e+12
2.24704e-12 1.6724e+10 1.55781e+12
2.25716e-12 1.67257e+10 1.54109e+12
2.26733e-12 1.67261e+10 1.52436e+12
2.27754e-12 1.67235e+10 1.50764e+12
2.2878e-12 1.67196e+10 1.49091e+12
2.2981e-12 1.67142e+10 1.47419e+12
2.30845e-12 1.6707e+10 1.45748e+12
2.31885e-12 1.6697e+10 1.44077e+12
2.32929e-12 1.66855e+10 1.42407e+12
2.33978e-12 1.66726e+10 1.40739e+12
2.35032e-12 1.66572e+10 1.39072e+12
2.36091e-12 1.66392e+10 1.37406e+12
2.37154e-12 1.66197e+10 1.35742e+12
2.38222e-12 1.65984e+10 1.3408e+12
2.39295e-12 1.65745e+10 1.3242e+12
2.40373e-12 1.65478e+10 1.30763e+12
2.41455e-12 1.65194e+10 1.29108e+12
2.42543e-12 1.64892e+10 1.27456e+12
2.43635e-12 1.64563e+10 1.25807e+12
2.44732e-12 1.64202e+10 1.24161e+12
2.45834e-12 1.63822e+10 1.22519e+12
2.46942e-12 1.63421e+10 1.20881e+12
2.48054e-12 1.63e+10 1.19247e+12
2.49171e-12 1.62537e+10 1.17617e+12
2.50293e-12 1.62052e+10 1.15992e+12
2.5142e-12 1.61545e+10 1.14371e+12
2.52553e-12 1.61015e+10 1.12756e+12
2.5369e-12 1.60455e+10 1.11145e+12
2.54833e-12 1.59857e+10 1.09541e+12
2.5598e-12 1.59234e+10 1.07942e+12
2.57133e-12 1.58586e+10 1.0635e+12
2.58291e-12 1.57913e+10 1.04764e+12
2.59454e-12 1.57205e+10 1.03185e+12
2.60623e-12 1.56458e+10 1.01613e+12
2.61797e-12 1.55683e+10 1.00048e+12
2.62976e-12 1.5488e+10 9.84915e+11
2.6416e-12 1.54049e+10 9.69427e+11
2.6535e-12 1.53186e+10 9.54022e+11
2.66545e-12 1.52274e+10 9.38704e+11
2.67745e-12 1.51332e+10 9.23476e+11
2.68951e-12 1.50359e+10 9.08343e+11
2.70162e-12 1.49355e+10 8.93307e+11
2.71379e-12 1.48319e+10 8.78372e+11
2.72601e-12 1.47243e+10 8.6354e+11
2.73829e-12 1.46119e+10 8.48815e+11
2.75062e-12 1.44963e+10 8.34204e+11
2.76301e-12 1.43773e+10 8.19707e+11
2.77546e-12 1.42549e+10 8.0533e+11
2.78796e-12 1.41291e+10 7.91075e+11
2.80051e-12 1.39997e+10 7.76946e+11
2.81312e-12 1.38648e+10 7.62946e+11
2.82579e-12 1.37264e+10 7.49082e+11
2.83852e-12 1.35847e+10 7.35355e+11
2.8513e-12 1.34397e+10 7.21771e+11
2.86415e-12 1.32913e+10 7.08331e+11
2.87705e-12 1.31396e+10 6.9504e+11
2.89e-12 1.29847e+10 6.819e+11
2.90302e-12 1.28247e+10 6.68915e+11
2.91609e-12 1.26618e+10 6.5609e+11
2.92923e-12 1.24961e+10 6.43429e+11
2.94242e-12 1.23279e+10 6.30933e+11
2.95567e-12 1.21572e+10 6.18605e+11
2.96898e-12 1.19843e+10 6.06447e+11
2.98235e-12 1.18093e+10 5.94463e+11
2.99578e-12 1.16327e+10 5.82654e+11
3.00928e-12 1.1453e+10 5.71021e+11
3.02283e-12 1.12718e+10 5.59568e+11
3.03644e-12 1.10896e+10 5.48297e+11
3.05012e-12 1.09067e+10 5.37207e+11
3.06386e-12 1.07234e+10 5.263e+11
3.07765e-12 1.05398e+10 5.15577e+11
3.09152e-12 1.03563e+10 5.05037e+11
3.10544e-12 1.01731e+10 4.94681e+11
3.11942e-12 9.99034e+09 4.84508e+11
3.13347e-12 9.80829e+09 4.74517e+11
3.14759e-12 9.62623e+09 4.64709e+11
3.16176e-12 9.44505e+09 4.55083e+11
3.176e-12 9.26521e+09 4.45638e+11
3.19031e-12 9.08688e+09 4.36372e+11
3.20467e-12 8.91021e+09 4.27286e+11
3.21911e-12 8.73531e+09 4.18375e+11
3.2336e-12 8.56233e+09 4.0964e+11
3.24817e-12 8.39137e+09 4.01078e+11
3.2628e-12 8.22253e+09 3.92686e+11
3.27749e-12 8.0559e+09 3.84464e+11
3.29225e-12 7.89154e+09 3.76408e+11
3.30708e-12 7.72954e+09 3.68516e+11
3.32197e-12 7.56995e+09 3.60787e+11
3.33693e-12 7.41281e+09 3.53217e+11
3.35196e-12 7.25796e+09 3.45804e+11
3.36706e-12 7.10533e+09 3.38546e+11
3.38222e-12 6.9553e+09 3.31441e+11
3.39746e-12 6.80789e+09 3.24485e+11
3.41276e-12 6.6631e+09 3.17678e+11
3.42813e-12 6.52095e+09 3.11014e+11
3.44357e-12 6.38142e+09 3.04493e+11
3.45908e-12 6.24452e+09 2.98112e+11
3.47465e-12 6.11023e+09 2.91868e+11
3.4903e-12 5.97854e+09 2.85757e+11
3.50602e-12 5.84944e+09 2.79779e+11
3.52181e-12 5.7229e+09 2.73929e+11
3.53767e-12 5.59891e+09 2.68206e+11
3.55361e-12 5.47743e+09 2.62608e+11
3.56961e-12 5.35845e+09 2.5713e+11
3.58569e-12 5.24192e+09 2.51772e+11
3.60184e-12 5.12783e+09 2.4653e+11
3.61806e-12 5.01613e+09 2.41402e+11
3.63435e-12 4.9068e+09 2.36386e+11
3.65072e-12 4.7998e+09 2.31479e+11
3.66716e-12 4.69509e+09 2.26679e+11
3.68368e-12 4.59264e+09 2.21984e+11
3.70027e-12 4.49241e+09 2.17391e+11
3.71693e-12 4.39436e+09 2.12899e+11
3.73367e-12 4.29845e+09 2.08505e+11
3.75049e-12 4.20465e+09 2.04206e+11
3.76738e-12 4.11292e+09 2.00002e+11
3.78435e-12 4.02322e+09 1.95889e+11
3.80139e-12 3.9355e+09 1.91865e+11
3.81851e-12 3.84975e+09 1.8793e+11
3.83571e-12 3.7659e+09 1.8408e+11
3.85298e-12 3.68393e+09 1.80314e+11
3.87034e-12 3.60381e+09 1.7663e+11
3.88777e-12 3.52548e+09 1.73027e+11
3.90528e-12 3.44892e+09 1.69501e+11
3.92286e-12 3.37409e+09 1.66052e+11
3.94053e-12 3.30095e+09 1.62678e+11
3.95828e-12 3.22946e+09 1.59377e+11
3.97611e-12 3.1596e+09 1.56148e+11
3.99401e-12 3.09133e+09 1.52988e+11
4.012e-12 3.02461e+09 1.49897e+11
4.03007e-12 2.95941e+09 1.46872e+11
4.04822e-12 2.89569e+09 1.43913e+11
4.06645e-12 2.83343e+09 1.41017e+11
4.08477e-12 2.77259e+09 1.38184e+11
4.10316e-12 2.71314e+09 1.35411e+11
4.12164e-12 2.65493e+09 1.32698e+11
4.1402e-12 2.59795e+09 1.30043e+11
4.15885e-12 2.54227e+09 1.27445e+11
4.17758e-12 2.48786e+09 1.24903e+11
4.1964e-12 2.43469e+09 1.22415e+11
4.2153e-12 2.38274e+09 1.1998e+11
4.23428e-12 2.33198e+09 1.17597e+11
4.25335e-12 2.28238e+09 1.15265e+11
4.27251e-12 2.23391e+09 1.12983e+11
4.29175e-12 2.18655e+09 1.10749e+11
4.31108e-12 2.14029e+09 1.08563e+11
4.33049e-12 2.09508e+09 1.06422e+11
4.35e-12 2.05091e+09 1.04327e+11
4.36959e-12 2.00775e+09 1.02276e+11
4.38927e-12 1.96559e+09 1.00269e+11
4.40903e-12 1.92426e+09 9.8303e+10
4.42889e-12 1.88374e+09 9.63787e+10
4.44884e-12 1.84415e+09 9.4495e+10
4.46887e-12 1.80546e+09 9.26508e+10
4.489e-12 1.76767e+09 9.08454e+10
4.50922e-12 1.73074e+09 8.90777e+10
4.52953e-12 1.69467e+09 8.73469e+10
4.54993e-12 1.65942e+09 8.56523e+10
4.57042e-12 1.62499e+09 8.39928e+10
4.591e-12 1.59135e+09 8.23679e+10
4.61168e-12 1.55848e+09 8.07765e+10
4.63245e-12 1.52615e+09 7.9218e+10
4.65331e-12 1.4945e+09 7.76919e+10
4.67427e-12 1.46358e+09 7.61974e+10
4.69532e-12 1.43338e+09 7.47338e+10
4.71647e-12 1.40387e+09 7.33004e+10
4.73771e-12 1.37504e+09 7.18966e+10
4.75904e-12 1.34688e+09 7.05215e+10
4.78048e-12 1.31937e+09 6.91746e+10
4.80201e-12 1.2925e+09 6.78553e+10
4.82363e-12 1.26599e+09 6.65628e+10
4.84536e-12 1.24006e+09 6.52968e+10
4.86718e-12 1.21474e+09 6.40567e+10
4.8891e-12 1.19001e+09 6.2842e+10
4.91112e-12 1.16585e+09 6.1652e+10
4.93324e-12 1.14226e+09 6.04861e+10
4.95546e-12 1.11921e+09 5.93439e+10
4.97777e-12 1.09666e+09 5.82246e+10
5.00019e-12 1.07439e+09 5.7128e+10
5.02271e-12 1.05265e+09 5.60536e+10
5.04533e-12 1.03142e+09 5.50009e+10
5.06806e-12 1.01068e+09 5.39695e+10
5.09088e-12 9.90428e+08 5.29588e+10
5.11381e-12 9.70654e+08 5.19684e+10
5.13684e-12 9.51287e+08 5.09978e+10
5.15997e-12 9.32158e+08 5.00465e+10
5.18321e-12 9.1348e+08 4.91143e+10
5.20656e-12 8.95242e+08 4.82008e+10
5.23001e-12 8.77437e+08 4.73056e+10
5.25356e-12 8.60054e+08 4.64282e+10
5.27722e-12 8.43086e+08 4.55681e+10
5.30099e-12 8.263e+08 4.4725e+10
5.32486e-12 8.09865e+08 4.38987e+10
5.34884e-12 7.93822e+08 4.30889e+10
5.37293e-12 7.78162e+08 4.2295e+10
5.39713e-12 7.62879e+08 4.15169e+10
5.42144e-12 7.47964e+08 4.0754e+10
5.44586e-12 7.33182e+08 4.0006e+10
5.47038e-12 7.1872e+08 3.92728e+10
5.49502e-12 7.04607e+08 3.85541e+10
5.51977e-12 6.90836e+08 3.78495e+10
5.54463e-12 6.774e+08 3.71587e+10
5.5696e-12 6.64225e+08 3.64813e+10
5.59468e-12 6.51185e+08 3.58171e+10
5.61988e-12 6.38463e+08 3.51659e+10
5.64519e-12 6.26053e+08 3.45274e+10
5.67061e-12 6.13948e+08 3.39014e+10
5.69615e-12 6.02143e+08 3.32874e+10
5.72181e-12 5.90393e+08 3.26853e+10
5.74757e-12 5.78924e+08 3.20949e+10
5.77346e-12 5.6774e+08 3.15159e+10
5.79946e-12 5.56835e+08 3.09482e+10
5.82558e-12 5.46204e+08 3.03914e+10
5.85182e-12 5.35622e+08 2.98452e+10
5.87817e-12 5.25285e+08 2.93095e+10
5.90465e-12 5.15209e+08 2.87843e+10
5.93124e-12 5.05387e+08 2.82691e+10
5.95795e-12 4.95798e+08 2.77637e+10
5.98478e-12 4.86241e+08 2.72679e+10
6.01174e-12 4.76928e+08 2.67816e+10
6.03881e-12 4.67853e+08 2.63047e+10
6.06601e-12 4.59012e+08 2.58368e+10
6.09333e-12 4.50302e+08 2.53778e+10
6.12077e-12 4.41693e+08 2.49275e+10
6.14834e-12 4.33307e+08 2.44858e+10
6.17603e-12 4.25139e+08 2.40525e+10
6.20384e-12 4.17186e+08 2.36274e+10
6.23178e-12 4.09237e+08 2.32102e+10
6.25985e-12 4.01487e+08 2.2801e+10
6.28804e-12 3.93942e+08 2.23995e+10
6.31636e-12 3.86598e+08 2.20055e+10
6.34481e-12 3.7932e+08 2.16189e+10
6.37339e-12 3.72159e+08 2.12396e+10
6.40209e-12 3.6519e+08 2.08675e+10
6.43092e-12 3.58409e+08 2.05023e+10
6.45989e-12 3.51726e+08 2.01439e+10
6.48898e-12 3.45111e+08 1.97921e+10
6.5182e-12 3.38675e+08 1.9447e+10
6.54756e-12 3.32416e+08 1.91084e+10
6.57705e-12 3.26261e+08 1.87759e+10
6.60667e-12 3.20151e+08 1.84497e+10
6.63642e-12 3.1421e+08 1.81295e+10
6.66631e-12 3.08436e+08 1.78153e+10
6.69633e-12 3.0275e+08 1.75069e+10
6.72649e-12 2.9711e+08 1.72041e+10
6.75679e-12 2.91628e+08 1.6907e+10
6.78722e-12 2.86302e+08 1.66154e+10
6.81779e-12 2.81034e+08 1.63291e+10
6.84849e-12 2.7583e+08 1.60481e+10
6.87933e-12 2.70776e+08 1.57722e+10
6.91032e-12 2.65867e+08 1.55014e+10
6.94144e-12 2.60971e+08 1.52356e+10
6.9727e-12 2.56172e+08 1.49746e+10
7.0041e-12 2.51515e+08 1.47184e+10
7.03565e-12 2.46984e+08 1.44669e+10
7.06734e-12 2.42429e+08 1.42199e+10
7.09916e-12 2.38008e+08 1.39775e+10
7.13114e-12 2.3372e+08 1.37395e+10
7.16325e-12 2.29487e+08 1.35058e+10
7.19551e-12 2.25291e+08 1.32763e+10
7.22792e-12 2.21222e+08 1.3051e+10
7.26047e-12 2.17278e+08 1.28298e+10
7.29317e-12 2.13309e+08 1.26125e+10
7.32602e-12 2.09448e+08 1.23992e+10
7.35901e-12 2.05707e+08 1.21897e+10
7.39216e-12 2.02014e+08 1.1984e+10
7.42545e-12 1.98351e+08 1.1782e+10
7.45889e-12 1.94803e+08 1.15837e+10
7.49248e-12 1.91361e+08 1.13889e+10
7.52623e-12 1.87886e+08 1.11975e+10
7.56012e-12 1.84522e+08 1.10096e+10
7.59417e-12 1.81266e+08 1.08251e+10
7.62837e-12 1.78013e+08 1.06438e+10
7.66273e-12 1.74823e+08 1.04658e+10
7.69724e-12 1.71737e+08 1.0291e+10
7.73191e-12 1.68694e+08 1.01193e+10
7.76673e-12 1.6567e+08 9.95057e+09
7.80171e-12 1.62746e+08 9.7849e+09
7.83684e-12 1.59895e+08 9.62215e+09
7.87214e-12 1.57029e+08 9.46226e+09
7.90759e-12 1.54259e+08 9.30523e+09
7.94321e-12 1.51583e+08 9.15097e+09
7.97898e-12 1.48868e+08 8.99938e+09
8.01492e-12 1.46245e+08 8.85052e+09
8.05101e-12 1.43714e+08 8.70427e+09
8.08727e-12 1.41158e+08 8.56056e+09
8.12369e-12 1.38675e+08 8.4194e+09
8.16028e-12 1.3628e+08 8.28073e+09
8.19703e-12 1.33871e+08 8.14445e+09
8.23395e-12 1.31522e+08 8.01057e+09
8.27103e-12 1.29258e+08 7.87905e+09
8.30828e-12 1.26984e+08 7.7498e+09
8.3457e-12 1.24762e+08 7.62281e+09
8.38329e-12 1.22622e+08 7.49805e+09
8.42104e-12 1.20472e+08 7.37543e+09
8.45897e-12 1.18371e+08 7.25496e+09
8.49707e-12 1.1635e+08 7.13658e+09
8.53534e-12 1.14313e+08 7.02023e+09
8.57378e-12 1.12329e+08 6.90592e+09
8.61239e-12 1.10421e+08 6.79359e+09
8.65118e-12 1.08489e+08 6.68317e+09
8.69014e-12 1.06615e+08 6.57468e+09
8.72928e-12 1.04815e+08 6.46807e+09
8.76859e-12 1.02979e+08 6.36325e+09
8.80808e-12 1.01212e+08 6.26027e+09
8.84775e-12 9.95013e+07 6.15906e+09
8.8876e-12 9.77663e+07 6.05956e+09
8.92763e-12 9.61004e+07 5.96179e+09
8.96783e-12 9.44703e+07 5.86569e+09
9.00822e-12 9.28346e+07 5.77122e+09
9.04879e-12 9.12656e+07 5.67839e+09
9.08955e-12 8.97092e+07 5.58712e+09
9.13048e-12 8.81685e+07 5.49741e+09
9.1716e-12 8.66923e+07 5.40925e+09
9.21291e-12 8.52034e+07 5.32255e+09
9.2544e-12 8.37536e+07 5.23735e+09
9.29608e-12 8.23627e+07 5.1536e+09
9.33795e-12 8.09393e+07 5.07123e+09
9.38e-12 7.95766e+07 4.99029e+09
9.42225e-12 7.82422e+07 4.91072e+09
9.46468e-12 7.69041e+07 4.83248e+09
9.50731e-12 7.56249e+07 4.75557e+09
9.55013e-12 7.43423e+07 4.67995e+09
9.59314e-12 7.3086e+07 4.6056e+09
9.63634e-12 7.1885e+07 4.53252e+09
9.67974e-12 7.06516e+07 4.46063e+09
9.72334e-12 6.94737e+07 4.38998e+09
9.76713e-12 6.83159e+07 4.32051e+09
9.81112e-12 6.71593e+07 4.25219e+09
9.8553e-12 6.60567e+07 4.18503e+09
9.89969e-12 6.49383e+07 4.11898e+09
9.94427e-12 6.38555e+07 4.05404e+09
9.98906e-12 6.28056e+07 3.99018e+09
1.0034e-11 6.17426e+07 3.92738e+09
1.00792e-11 6.07307e+07 3.86563e+09
1.01246e-11 5.97133e+07 3.8049e+09
1.01702e-11 5.87198e+07 3.74519e+09
1.0216e-11 5.77634e+07 3.68647e+09
1.0262e-11 5.67882e+07 3.62871e+09
1.03083e-11 5.58615e+07 3.57192e+09
1.03547e-11 5.49318e+07 3.51606e+09
1.04013e-11 5.40221e+07 3.46112e+09
1.04482e-11 5.31467e+07 3.4071e+09
1.04952e-11 5.22541e+07 3.35396e+09
1.05425e-11 5.14073e+07 3.3017e+09
1.059e-11 5.05537e+07 3.25029e+09
1.06377e-11 4.97228e+07 3.19974e+09
1.06856e-11 4.89177e+07 3.15002e+09
1.07337e-11 4.81026e+07 3.1011e+09
1.0782e-11 4.73312e+07 3.053e+09
1.08306e-11 4.65435e+07 3.00567e+09
1.08794e-11 4.57867e+07 2.95912e+09
1.09284e-11 4.50427e+07 2.91334e+09
1.09776e-11 4.43004e+07 2.86829e+09
1.1027e-11 4.35972e+07 2.82399e+09
1.10767e-11 4.28695e+07 2.7804e+09
1.11266e-11 4.21824e+07 2.73753e+09
1.11767e-11 4.14913e+07 2.69534e+09
1.1227e-11 4.08177e+07 2.65385e+09
1.12776e-11 4.01633e+07 2.61304e+09
1.13284e-11 3.95032e+07 2.57287e+09
1.13794e-11 3.88818e+07 2.53337e+09
1.14307e-11 3.82365e+07 2.49449e+09
1.14821e-11 3.76276e+07 2.45625e+09
1.15338e-11 3.70155e+07 2.41862e+09
1.15858e-11 3.6419e+07 2.38161e+09
1.1638e-11 3.58381e+07 2.34519e+09
1.16904e-11 3.5254e+07 2.30935e+09
1.1743e-11 3.47024e+07 2.2741e+09
1.17959e-11 3.41305e+07 2.23939e+09
1.1849e-11 3.35941e+07 2.20526e+09
1.19024e-11 3.30469e+07 2.17167e+09
1.1956e-11 3.25218e+07 2.13862e+09
1.20099e-11 3.20012e+07 2.1061e+09
1.2064e-11 3.14875e+07 2.0741e+09
1.21183e-11 3.0992e+07 2.04261e+09
1.21729e-11 3.04894e+07 2.01162e+09
1.22277e-11 3.00175e+07 1.98113e+09
1.22828e-11 2.95262e+07 1.95111e+09
1.23381e-11 2.90674e+07 1.92159e+09
1.23936e-11 2.85962e+07 1.89252e+09
1.24495e-11 2.81478e+07 1.86392e+09
1.25055e-11 2.76982e+07 1.83578e+09
1.25618e-11 2.726e+07 1.80808e+09
1.26184e-11 2.68307e+07 1.78082e+09
1.26753e-11 2.64027e+07 1.75399e+09
1.27323e-11 2.59926e+07 1.72758e+09
1.27897e-11 2.55747e+07 1.70159e+09
1.28473e-11 2.51826e+07 1.67602e+09
1.29051e-11 2.47748e+07 1.65083e+09
1.29633e-11 2.43964e+07 1.62606e+09
1.30216e-11 2.40018e+07 1.60166e+09
1.30803e-11 2.36327e+07 1.57766e+09
1.31392e-11 2.32547e+07 1.55403e+09
1.31984e-11 2.28949e+07 1.53077e+09
1.32578e-11 2.25325e+07 1.50788e+09
1.33175e-11 2.21818e+07 1.48535e+09
1.33775e-11 2.18342e+07 1.46316e+09
1.34378e-11 2.14926e+07 1.44133e+09
1.34983e-11 2.11589e+07 1.41984e+09
1.35591e-11 2.08262e+07 1.39868e+09
1.36201e-11 2.05057e+07 1.37785e+09
1.36815e-11 2.0182e+07 1.35735e+09
1.37431e-11 1.98739e+07 1.33717e+09
1.3805e-11 1.95589e+07 1.31729e+09
1.38672e-11 1.92625e+07 1.29773e+09
1.39296e-11 1.89563e+07 1.27847e+09
1.39923e-11 1.8671e+07 1.25951e+09
1.40554e-11 1.83734e+07 1.24084e+09
1.41187e-11 1.80986e+07 1.22247e+09
1.41823e-11 1.78094e+07 1.20437e+09
1.42461e-11 1.75445e+07 1.18656e+09
1.43103e-11 1.72637e+07 1.16902e+09
1.43747e-11 1.70068e+07 1.15175e+09
1.44395e-11 1.67357e+07 1.13475e+09
1.45045e-11 1.64867e+07 1.11801e+09
1.45698e-11 1.62247e+07 1.10152e+09
1.46354e-11 1.59834e+07 1.0853e+09
1.47014e-11 1.57301e+07 1.06932e+09
1.47676e-11 1.54965e+07 1.05359e+09
1.48341e-11 1.52514e+07 1.03809e+09
1.49009e-11 1.50253e+07 1.02284e+09
1.4968e-11 1.4788e+07 1.00781e+09
1.50354e-11 1.45694e+07 9.93024e+08
1.51031e-11 1.43394e+07 9.78455e+08
1.51711e-11 1.41282e+07 9.64116e+08
1.52395e-11 1.39051e+07 9.49988e+08
1.53081e-11 1.37012e+07 9.36082e+08
1.5377e-11 1.34847e+07 9.22381e+08
1.54463e-11 1.32877e+07 9.08897e+08
1.55159e-11 1.30777e+07 8.95609e+08
1.55857e-11 1.28863e+07 8.82531e+08
1.56559e-11 1.26836e+07 8.69645e+08
1.57265e-11 1.24976e+07 8.56961e+08
1.57973e-11 1.23021e+07 8.44464e+08
1.58684e-11 1.21211e+07 8.32162e+08
1.59399e-11 1.19327e+07 8.2004e+08
1.60117e-11 1.17565e+07 8.08108e+08
1.60838e-11 1.15751e+07 7.96351e+08
1.61562e-11 1.14033e+07 7.84776e+08
1.6229e-11 1.12289e+07 7.73373e+08
1.63021e-11 1.10614e+07 7.62144e+08
1.63755e-11 1.08937e+07 7.51083e+08
1.64493e-11 1.07302e+07 7.40189e+08
1.65233e-11 1.05693e+07 7.29459e+08
1.65978e-11 1.04095e+07 7.18889e+08
1.66725e-11 1.02552e+07 7.0848e+08
1.67476e-11 1.0099e+07 6.98225e+08
1.6823e-11 9.95126e+06 6.88126e+08
1.68988e-11 9.79836e+06 6.78174e+08
1.69749e-11 9.65707e+06 6.68376e+08
1.70513e-11 9.5073e+06 6.58719e+08
1.71281e-11 9.37111e+06 6.49212e+08
1.72053e-11 9.22554e+06 6.39841e+08
1.72828e-11 9.092e+06 6.30615e+08
1.73606e-11 8.95282e+06 6.21523e+08
1.74388e-11 8.82177e+06 6.1257e+08
1.75173e-11 8.68888e+06 6.03748e+08
1.75962e-11 8.56016e+06 5.95059e+08
1.76755e-11 8.43347e+06 5.86499e+08
1.77551e-11 8.30693e+06 5.78066e+08
1.7835e-11 8.18636e+06 5.69759e+08
1.79154e-11 8.06185e+06 5.61573e+08
1.7996e-11 7.94731e+06 5.53511e+08
1.80771e-11 7.82469e+06 5.45563e+08
1.81585e-11 7.71318e+06 5.37739e+08
1.82403e-11 7.59524e+06 5.30026e+08
1.83224e-11 7.4853e+06 5.2243e+08
1.8405e-11 7.37329e+06 5.14945e+08
1.84878e-11 7.26481e+06 5.07572e+08
1.85711e-11 7.15865e+06 5.00307e+08
1.86547e-11 7.0515e+06 4.93148e+08
1.87388e-11 6.95113e+06 4.86097e+08
1.88232e-11 6.8452e+06 4.79146e+08
1.89079e-11 6.74889e+06 4.723e+08
1.89931e-11 6.64571e+06 4.65552e+08
1.90786e-11 6.55039e+06 4.58906e+08
1.91646e-11 6.45288e+06 4.52355e+08
1.92509e-11 6.35844e+06 4.45903e+08
1.93376e-11 6.26652e+06 4.39544e+08
1.94247e-11 6.17288e+06 4.33278e+08
1.95121e-11 6.08648e+06 4.27105e+08
1.96e-11 5.99354e+06 4.21018e+08
1.96883e-11 5.90905e+06 4.15025e+08
1.9777e-11 5.82028e+06 4.09116e+08
1.9866e-11 5.73632e+06 4.03295e+08
1.99555e-11 5.65295e+06 3.97559e+08
2.00454e-11 5.56944e+06 3.91906e+08
2.01357e-11 5.49141e+06 3.86337e+08
2.02263e-11 5.40826e+06 3.80845e+08
2.03174e-11 5.33268e+06 3.75437e+08
2.04089e-11 5.25266e+06 3.70104e+08
2.05008e-11 5.17731e+06 3.64852e+08
2.05932e-11 5.10251e+06 3.59674e+08
2.06859e-11 5.02732e+06 3.54572e+08
2.07791e-11 4.95768e+06 3.49544e+08
2.08727e-11 4.88259e+06 3.44587e+08
2.09667e-11 4.81433e+06 3.39704e+08
2.10611e-11 4.74299e+06 3.3489e+08
2.1156e-11 4.67472e+06 3.30147e+08
2.12512e-11 4.60842e+06 3.25472e+08
2.13469e-11 4.54008e+06 3.20864e+08
2.14431e-11 4.47798e+06 3.16324e+08
2.15397e-11 4.41029e+06 3.11846e+08
2.16367e-11 4.34804e+06 3.07435e+08
2.17341e-11 4.28526e+06 3.03087e+08
2.1832e-11 4.22279e+06 2.98802e+08
2.19303e-11 4.16488e+06 2.94579e+08
2.20291e-11 4.10214e+06 2.90414e+08
2.21283e-11 4.04512e+06 2.86312e+08
2.2228e-11 3.98599e+06 2.82267e+08
2.23281e-11 3.92864e+06 2.78281e+08
2.24286e-11 3.87426e+06 2.74353e+08
2.25296e-11 3.81652e+06 2.70478e+08
2.26311e-11 3.76405e+06 2.66662e+08
2.2733e-11 3.70868e+06 2.62898e+08
2.28354e-11 3.65578e+06 2.59189e+08
2.29383e-11 3.60502e+06 2.55533e+08
2.30416e-11 3.55164e+06 2.51928e+08
2.31453e-11 3.50314e+06 2.48377e+08
2.32496e-11 3.45157e+06 2.44873e+08
2.33543e-11 3.40255e+06 2.41422e+08
2.34595e-11 3.35549e+06 2.38019e+08
2.35651e-11 3.3059e+06 2.34664e+08
2.36713e-11 3.26084e+06 2.31358e+08
2.37779e-11 3.21313e+06 2.28097e+08
2.3885e-11 3.16748e+06 2.24884e+08
2.39925e-11 3.12416e+06 2.21716e+08
2.41006e-11 3.07786e+06 2.18592e+08
2.42091e-11 3.0358e+06 2.15514e+08
2.43182e-11 2.99195e+06 2.12479e+08
2.44277e-11 2.94922e+06 2.09487e+08
2.45377e-11 2.90967e+06 2.06537e+08
2.46482e-11 2.86624e+06 2.03628e+08
2.47592e-11 2.82677e+06 2.00762e+08
2.48707e-11 2.78678e+06 1.97935e+08
2.49827e-11 2.7466e+06 1.95148e+08
2.50952e-11 2.7101e+06 1.92401e+08
2.52083e-11 2.66986e+06 1.89691e+08
2.53218e-11 2.63264e+06 1.87021e+08
2.54358e-11 2.5965e+06 1.84389e+08
2.55504e-11 2.55851e+06 1.81792e+08
2.56655e-11 2.524e+06 1.79234e+08
2.57811e-11 2.48768e+06 1.7671e+08
2.58972e-11 2.45239e+06 1.74222e+08
2.60138e-11 2.42009e+06 1.7177e+08
2.6131e-11 2.38399e+06 1.6935e+08
2.62486e-11 2.35117e+06 1.66966e+08
2.63669e-11 2.31874e+06 1.64614e+08
2.64856e-11 2.28511e+06 1.62296e+08
2.66049e-11 2.25457e+06 1.60011e+08
2.67247e-11 2.22213e+06 1.57756e+08
2.68451e-11 2.19077e+06 1.55534e+08
2.6966e-11 2.16219e+06 1.53343e+08
2.70874e-11 2.12997e+06 1.51181e+08
2.72094e-11 2.10069e+06 1.49051e+08
2.7332e-11 2.07213e+06 1.4695e+08
2.74551e-11 2.042e+06 1.44878e+08
2.75787e-11 2.01462e+06 1.42836e+08
2.77029e-11 1.9862e+06 1.40822e+08
2.78277e-11 1.95798e+06 1.38835e+08
2.7953e-11 1.93235e+06 1.36877e+08
2.80789e-11 1.90415e+06 1.34945e+08
2.82054e-11 1.87768e+06 1.33041e+08
2.83324e-11 1.85312e+06 1.31163e+08
2.846e-11 1.82576e+06 1.2931e+08
2.85882e-11 1.80091e+06 1.27484e+08
2.87169e-11 1.77657e+06 1.25683e+08
2.88462e-11 1.75084e+06 1.23907e+08
2.89762e-11 1.72747e+06 1.22156e+08
2.91067e-11 1.70343e+06 1.20429e+08
2.92377e-11 1.6792e+06 1.18725e+08
2.93694e-11 1.65719e+06 1.17046e+08
2.95017e-11 1.63352e+06 1.15389e+08
2.96346e-11 1.61066e+06 1.13755e+08
2.9768e-11 1.5899e+06 1.12145e+08
2.99021e-11 1.56667e+06 1.10555e+08
3.00368e-11 1.54506e+06 1.08988e+08
3.0172e-11 1.5252e+06 1.07443e+08
3.03079e-11 1.5027e+06 1.05918e+08
3.04444e-11 1.48226e+06 1.04415e+08
3.05815e-11 1.46282e+06 1.02933e+08
3.07193e-11 1.44149e+06 1.0147e+08
3.08576e-11 1.42212e+06 1.00028e+08
3.09966e-11 1.40314e+06 9.86063e+07
3.11362e-11 1.3829e+06 9.72032e+07
3.12764e-11 1.36451e+06 9.58203e+07
3.14173e-11 1.34604e+06 9.44557e+07
3.15588e-11 1.32679e+06 9.31097e+07
3.17009e-11 1.30931e+06 9.17829e+07
3.18437e-11 1.29139e+06 9.04736e+07
3.19871e-11 1.27305e+06 8.91822e+07
3.21312e-11 1.25641e+06 8.79092e+07
3.22759e-11 1.23906e+06 8.66528e+07
3.24212e-11 1.22157e+06 8.54137e+07
3.25672e-11 1.2057e+06 8.41921e+07
3.27139e-11 1.18896e+06 8.29864e+07
3.28612e-11 1.17225e+06 8.17975e+07
3.30092e-11 1.15708e+06 8.06252e+07
3.31579e-11 1.14099e+06 7.94681e+07
3.33072e-11 1.12499e+06 7.83271e+07
3.34573e-11 1.11047e+06 7.72022e+07
3.36079e-11 1.09503e+06 7.60917e+07
3.37593e-11 1.07969e+06 7.49967e+07
3.39113e-11 1.06577e+06 7.3917e+07
3.40641e-11 1.05102e+06 7.28512e+07
3.42175e-11 1.03629e+06 7.18002e+07
3.43716e-11 1.02291e+06 7.07639e+07
3.45264e-11 1.00886e+06 6.9741e+07
3.46819e-11 994682 6.87321e+07
3.48381e-11 981812 6.77374e+07
3.4995e-11 968475 6.67556e+07
3.51526e-11 954809 6.57871e+07
3.53109e-11 942401 6.48323e+07
3.54699e-11 929793 6.38899e+07
3.56297e-11 916596 6.29601e+07
3.57901e-11 904612 6.20435e+07
3.59513e-11 892744 6.11389e+07
3.61132e-11 879976 6.02462e+07
3.62759e-11 868381 5.93662e+07
3.64393e-11 857264 5.84978e+07
3.66034e-11 844889 5.76406e+07
3.67682e-11 833648 5.67957e+07
3.69338e-11 823291 5.5962e+07
3.71002e-11 811274 5.51387e+07
3.72672e-11 800356 5.43275e+07
3.74351e-11 790453 5.35271e+07
3.76037e-11 779076 5.27367e+07
3.7773e-11 768452 5.19576e+07
3.79432e-11 758812 5.11891e+07
3.8114e-11 748244 5.04303e+07
3.82857e-11 737885 4.96821e+07
3.84581e-11 728484 4.89442e+07
3.86313e-11 718727 4.82157e+07
3.88053e-11 708608 4.7497e+07
3.89801e-11 699421 4.67884e+07
3.91556e-11 690479 4.60889e+07
3.9332e-11 680574 4.53985e+07
3.95091e-11 671580 4.47179e+07
3.96871e-11 663423 4.40463e+07
3.98658e-11 653743 4.33829e+07
4.00453e-11 644919 4.27291e+07
4.02257e-11 636914 4.20842e+07
4.04069e-11 628073 4.14473e+07
4.05888e-11 619399 4.08192e+07
4.07716e-11 611527 4.01998e+07
4.09553e-11 603526 3.95883e+07
4.11397e-11 594983 3.89848e+07
4.1325e-11 587225 3.83898e+07
4.15111e-11 580067 3.78026e+07
4.16981e-11 571635 3.72225e+07
4.18859e-11 563976 3.66509e+07
4.20745e-11 557029 3.60869e+07
4.2264e-11 549323 3.55299e+07
4.24543e-11 541746 3.49806e+07
4.26455e-11 534869 3.44388e+07
4.28376e-11 528016 3.39039e+07
4.30305e-11 520503 3.33759e+07
4.32243e-11 513682 3.28554e+07
4.3419e-11 507498 3.23417e+07
4.36146e-11 500221 3.18342e+07
4.3811e-11 493441 3.1334e+07
4.40083e-11 487290 3.08406e+07
4.42065e-11 480870 3.03533e+07
4.44056e-11 474118 2.98724e+07
4.46056e-11 467988 2.93983e+07
4.48065e-11 462425 2.89303e+07
4.50083e-11 455687 2.84679e+07
4.5211e-11 449566 2.80122e+07
4.54146e-11 444013 2.75626e+07
4.56191e-11 438125 2.71186e+07
4.58246e-11 432000 2.66805e+07
4.6031e-11 426440 2.62485e+07
4.62383e-11 421401 2.58221e+07
4.64465e-11 415269 2.54007e+07
4.66557e-11 409690 2.49854e+07
4.68658e-11 404630 2.45757e+07
4.70769e-11 399352 2.41711e+07
4.72889e-11 393743 2.37717e+07
4.75019e-11 388651 2.3378e+07
4.77158e-11 384035 2.29893e+07
4.79307e-11 378578 2.26053e+07
4.81466e-11 373444 2.22267e+07
4.83634e-11 368786 2.18533e+07
4.85812e-11 364179 2.14845e+07
4.88e-11 358992 2.11203e+07
4.90198e-11 354282 2.07613e+07
4.92406e-11 350012 2.0407e+07
4.94623e-11 345278 2.0057e+07
4.96851e-11 340506 1.97117e+07
4.99089e-11 336175 1.93712e+07
5.01336e-11 332250 1.90351e+07
5.03594e-11 327442 1.87028e+07
5.05862e-11 323041 1.83754e+07
5.08141e-11 319049 1.80523e+07
5.10429e-11 315078 1.77333e+07
5.12728e-11 310596 1.74182e+07
5.15037e-11 306527 1.71076e+07
5.17357e-11 302838 1.68011e+07
5.19687e-11 298828 1.64982e+07
5.22027e-11 294672 1.61994e+07
5.24378e-11 290900 1.59047e+07
5.2674e-11 287482 1.56138e+07
5.29112e-11 283472 1.53263e+07
5.31495e-11 279608 1.50429e+07
5.33889e-11 276103 1.47633e+07
5.36293e-11 272916 1.44872e+07
5.38709e-11 268951 1.42142e+07
5.41135e-11 265350 1.39453e+07
5.43572e-11 262083 1.36799e+07
5.4602e-11 258919 1.34179e+07
5.48479e-11 255212 1.31589e+07
5.50949e-11 251845 1.29037e+07
5.53431e-11 248793 1.26519e+07
5.55923e-11 245682 1.24031e+07
5.58427e-11 242206 1.21574e+07
5.60942e-11 239050 1.19152e+07
5.63468e-11 236189 1.16762e+07
5.66006e-11 233157 1.144e+07
5.68555e-11 229888 1.12068e+07
5.71116e-11 226921 1.09769e+07
5.73688e-11 224232 1.075e+07
5.76272e-11 221302 1.05258e+07
5.78867e-11 218219 1.03045e+07
5.81474e-11 215421 1.00863e+07
5.84093e-11 212886 9.87083e+06
5.86723e-11 210078 9.65794e+06
5.89366e-11 207162 9.44787e+06
5.9202e-11 204516 9.2407e+06
5.94686e-11 202117 9.03619e+06
5.97365e-11 199449 8.83407e+06
6.00055e-11 196683 8.63462e+06
6.02758e-11 194172 8.43794e+06
6.05472e-11 191896 8.24377e+06
6.08199e-11 189383 8.05187e+06
6.10938e-11 186750 7.86249e+06
6.1369e-11 184360 7.67574e+06
6.16454e-11 182194 7.49138e+06
6.1923e-11 179850 7.30918e+06
6.22019e-11 177336 7.12933e+06
6.2482e-11 175054 6.952e+06
6.27634e-11 172985 6.77694e+06
6.30461e-11 170822 6.60396e+06
6.333e-11 168414 6.43314e+06
6.36152e-11 166228 6.26472e+06
6.39017e-11 164246 6.0985e+06
6.41895e-11 162274 5.93425e+06
6.44786e-11 159960 5.77198e+06
6.4769e-11 157859 5.61202e+06
6.50607e-11 155953 5.45416e+06
6.53537e-11 154183 5.2982e+06
6.56481e-11 151952 5.14402e+06
6.59437e-11 149925 4.99207e+06
6.62407e-11 148087 4.84215e+06
6.65391e-11 146423 4.69406e+06
6.68387e-11 144368 4.54763e+06
6.71398e-11 142408 4.40327e+06
6.74421e-11 140629 4.26086e+06
6.77459e-11 139017 4.12023e+06
6.8051e-11 137191 3.98121e+06
6.83575e-11 135287 3.84402e+06
6.86653e-11 133559 3.70873e+06
6.89746e-11 131994 3.57517e+06
6.92852e-11 130403 3.44318e+06
6.95973e-11 128548 3.31278e+06
6.99107e-11 126864 3.18423e+06
7.02256e-11 125337 3.05737e+06
7.05418e-11 123954 2.93203e+06
7.08595e-11 122173 2.80808e+06
7.11787e-11 120526 2.6859e+06
7.14992e-11 119031 2.56538e+06
7.18212e-11 117678 2.44635e+06
7.21447e-11 116148 2.32867e+06
7.24696e-11 114531 2.21252e+06
7.2796e-11 113063 2.09799e+06
7.31239e-11 111733 1.98493e+06
7.34532e-11 110460 1.87319e+06
7.3784e-11 108867 1.76273e+06
7.41163e-11 107421 1.65386e+06
7.44501e-11 106109 1.54644e+06
7.47854e-11 104921 1.44033e+06
7.51222e-11 103522 1.33541e+06
7.54605e-11 102091 1.23189e+06
7.58004e-11 100793 1.1298e+06
7.61418e-11 99615.9 1.02901e+06
7.64847e-11 98484.2 929392
7.68292e-11 97063.8 830908
7.71752e-11 95773.7 733844
7.75228e-11 94603.7 638070
7.78719e-11 93544.5 543466
7.82226e-11 92328.5 449922
7.85749e-11 91042.3 357593
7.89288e-11 89874.8 266551
7.92842e-11 88816.8 176676
7.96413e-11 87859.6 87859.6
