1e-14 1.02305e-35 1.42294e-23
1.0045e-14 1.0725e-35 1.42294e-23
1.00903e-14 1.1243e-35 1.42294e-23
1.01357e-14 1.17852e-35 1.42294e-23
1.01814e-14 1.23527e-35 1.42294e-23
1.02272e-14 1.29471e-35 1.42294e-23
1.02733e-14 1.35692e-35 1.42294e-23
1.03196e-14 1.42203e-35 1.42294e-23
1.0366e-14 1.49022e-35 1.42294e-23
1.04127e-14 1.56157e-35 1.42294e-23
1.04596e-14 1.63627e-35 1.42294e-23
1.05067e-14 1.71446e-35 1.42294e-23
1.0554e-14 1.79628e-35 1.42294e-23
1.06016e-14 1.8819e-35 1.42294e-23
1.06493e-14 1.97151e-35 1.42294e-23
1.06973e-14 2.06528e-35 1.42294e-23
1.07455e-14 2.16339e-35 1.42294e-23
1.07938e-14 2.26601e-35 1.42294e-23
1.08425e-14 2.37343e-35 1.42294e-23
1.08913e-14 2.48577e-35 1.42294e-23
1.09403e-14 2.6033e-35 1.42294e-23
1.09896e-14 2.72624e-35 1.42294e-23
1.10391e-14 2.85485e-35 1.42294e-23
1.10888e-14 2.98934e-35 1.42294e-23
1.11388e-14 3.13004e-35 1.42294e-23
1.11889e-14 3.27716e-35 1.42294e-23
1.12393e-14 3.43103e-35 1.42294e-23
1.12899e-14 3.59194e-35 1.42294e-23
1.13408e-14 3.76018e-35 1.42294e-23
1.13919e-14 3.9361e-35 1.42294e-23
1.14432e-14 4.12002e-35 1.42294e-23
1.14947e-14 4.31231e-35 1.42294e-23
1.15465e-14 4.51336e-35 1.42294e-23
1.15985e-14 4.72352e-35 1.42294e-23
1.16507e-14 4.94319e-35 1.42294e-23
1.17032e-14 5.17283e-35 1.42294e-23
1.17559e-14 5.41284e-35 1.42294e-23
1.18088e-14 5.66368e-35 1.42294e-23
1.1862e-14 5.92588e-35 1.42294e-23
1.19154e-14 6.19985e-35 1.42294e-23
1.19691e-14 6.48613e-35 1.42294e-23
1.2023e-14 6.78531e-35 1.42294e-23
1.20772e-14 7.09788e-35 1.42294e-23
1.21316e-14 7.4245e-35 1.42294e-23
1.21862e-14 7.76569e-35 1.42294e-23
1.22411e-14 8.12217e-35 1.42294e-23
1.22962e-14 8.49457e-35 1.42294e-23
1.23516e-14 8.88357e-35 1.42294e-23
1.24072e-14 9.28988e-35 1.42294e-23
1.24631e-14 9.71427e-35 1.42294e-23
1.25192e-14 1.01575e-34 1.42294e-23
1.25756e-14 1.06204e-34 1.42294e-23
1.26322e-14 1.11039e-34 1.42294e-23
1.26891e-14 1.16087e-34 1.42294e-23
1.27463e-14 1.21358e-34 1.42294e-23
1.28037e-14 1.26862e-34 1.42294e-23
1.28613e-14 1.32609e-34 1.42294e-23
1.29193e-14 1.38608e-34 1.42294e-23
1.29775e-14 1.44872e-34 1.42294e-23
1.30359e-14 1.51411e-34 1.42294e-23
1.30946e-14 1.58236e-34 1.42294e-23
1.31536e-14 1.6536e-34 1.42294e-23
1.32128e-14 1.72797e-34 1.42294e-23
1.32723e-14 1.80557e-34 1.42294e-23
1.33321e-14 1.88657e-34 1.42294e-23
1.33922e-14 1.9711e-34 1.42294e-23
1.34525e-14 2.05931e-34 1.42294e-23
1.35131e-14 2.15135e-34 1.42294e-23
1.35739e-14 2.24738e-34 1.42294e-23
1.3635e-14 2.34758e-34 1.42294e-23
1.36965e-14 2.45212e-34 1.42294e-23
1.37581e-14 2.56118e-34 1.42294e-23
1.38201e-14 2.67494e-34 1.42294e-23
1.38823e-14 2.79362e-34 1.42294e-23
1.39449e-14 2.91741e-34 1.42294e-23
1.40077e-14 3.04652e-34 1.42294e-23
1.40708e-14 3.18118e-34 1.42294e-23
1.41341e-14 3.32162e-34 1.42294e-23
1.41978e-14 3.46807e-34 1.42294e-23
1.42617e-14 3.62079e-34 1.42294e-23
1.4326e-14 3.78004e-34 1.42294e-23
1.43905e-14 3.94609e-34 1.42294e-23
1.44553e-14 4.11922e-34 1.42294e-23
1.45204e-14 4.29971e-34 1.42294e-23
1.45858e-14 4.48788e-34 1.42294e-23
1.46515e-14 4.68404e-34 1.42294e-23
1.47175e-14 4.88851e-34 1.42294e-23
1.47837e-14 5.10165e-34 1.42294e-23
1.48503e-14 5.32379e-34 1.42294e-23
1.49172e-14 5.55532e-34 1.42294e-23
1.49844e-14 5.79662e-34 1.42294e-23
1.50519e-14 6.04807e-34 1.42294e-23
1.51197e-14 6.31011e-34 1.42294e-23
1.51878e-14 6.58315e-34 1.42294e-23
1.52562e-14 6.86764e-34 1.42294e-23
1.53249e-14 7.16407e-34 1.42294e-23
1.53939e-14 7.47288e-34 1.42294e-23
1.54632e-14 7.7946e-34 1.42294e-23
1.55329e-14 8.12975e-34 1.42294e-23
1.56028e-14 8.47886e-34 1.42294e-23
1.56731e-14 8.84251e-34 1.42294e-23
1.57437e-14 9.22126e-34 1.42294e-23
1.58146e-14 9.61574e-34 1.42294e-23
1.58858e-14 1.00266e-33 1.42294e-23
1.59573e-14 1.04544e-33 1.42294e-23
1.60292e-14 1.08999e-33 1.42294e-23
1.61014e-14 1.13638e-33 1.42294e-23
1.61739e-14 1.18468e-33 1.42294e-23
1.62468e-14 1.23498e-33 1.42294e-23
1.63199e-14 1.28733e-33 1.42294e-23
1.63934e-14 1.34184e-33 1.42294e-23
1.64673e-14 1.39859e-33 1.42294e-23
1.65414e-14 1.45765e-33 1.42294e-23
1.66159e-14 1.51913e-33 1.42294e-23
1.66908e-14 1.58313e-33 1.42294e-23
1.67659e-14 1.64973e-33 1.42294e-23
1.68414e-14 1.71904e-33 1.42294e-23
1.69173e-14 1.79117e-33 1.42294e-23
1.69935e-14 1.86623e-33 1.42294e-23
1.707e-14 1.94434e-33 1.42294e-23
1.71469e-14 2.0256e-33 1.42294e-23
1.72241e-14 2.11016e-33 1.42294e-23
1.73017e-14 2.19813e-33 1.42294e-23
1.73796e-14 2.28964e-33 1.42294e-23
1.74579e-14 2.38484e-33 1.42294e-23
1.75365e-14 2.48387e-33 1.42294e-23
1.76155e-14 2.58688e-33 1.42294e-23
1.76948e-14 2.69402e-33 1.42294e-23
1.77745e-14 2.80544e-33 1.42294e-23
1.78546e-14 2.92133e-33 1.42294e-23
1.7935e-14 3.04184e-33 1.42294e-23
1.80158e-14 3.16716e-33 1.42294e-23
1.80969e-14 3.29747e-33 1.42294e-23
1.81784e-14 3.43296e-33 1.42294e-23
1.82603e-14 3.57383e-33 1.42294e-23
1.83425e-14 3.72029e-33 1.42294e-23
1.84251e-14 3.87254e-33 1.42294e-23
1.85081e-14 4.03082e-33 1.42294e-23
1.85914e-14 4.19535e-33 1.42294e-23
1.86752e-14 4.36636e-33 1.42294e-23
1.87593e-14 4.54411e-33 1.42294e-23
1.88438e-14 4.72885e-33 1.42294e-23
1.89286e-14 4.92084e-33 1.42294e-23
1.90139e-14 5.12036e-33 1.42294e-23
1.90995e-14 5.32769e-33 1.42294e-23
1.91855e-14 5.54313e-33 1.42294e-23
1.92719e-14 5.76697e-33 1.42294e-23
1.93587e-14 5.99955e-33 1.42294e-23
1.94459e-14 6.24117e-33 1.42294e-23
1.95335e-14 6.49219e-33 1.42294e-23
1.96215e-14 6.75296e-33 1.42294e-23
1.97098e-14 7.02383e-33 1.42294e-23
1.97986e-14 7.30518e-33 1.42294e-23
1.98878e-14 7.59741e-33 1.42294e-23
1.99774e-14 7.90092e-33 1.42294e-23
2.00673e-14 8.21612e-33 1.42294e-23
2.01577e-14 8.54345e-33 1.42294e-23
2.02485e-14 8.88336e-33 1.42294e-23
2.03397e-14 9.23631e-33 1.42294e-23
2.04313e-14 9.60279e-33 1.42294e-23
2.05233e-14 9.98328e-33 1.42294e-23
2.06157e-14 1.03783e-32 1.42294e-23
2.07086e-14 1.07884e-32 1.42294e-23
2.08018e-14 1.12141e-32 1.42294e-23
2.08955e-14 1.1656e-32 1.42294e-23
2.09896e-14 1.21147e-32 1.42294e-23
2.10842e-14 1.25908e-32 1.42294e-23
2.11791e-14 1.3085e-32 1.42294e-23
2.12745e-14 1.35978e-32 1.42294e-23
2.13703e-14 1.41299e-32 1.42294e-23
2.14666e-14 1.46821e-32 1.42294e-23
2.15632e-14 1.52552e-32 1.42294e-23
2.16604e-14 1.58497e-32 1.42294e-23
2.17579e-14 1.64666e-32 1.42294e-23
2.18559e-14 1.71066e-32 1.42294e-23
2.19543e-14 1.77705e-32 1.42294e-23
2.20532e-14 1.84592e-32 1.42294e-23
2.21525e-14 1.91737e-32 1.42294e-23
2.22523e-14 1.99147e-32 1.42294e-23
2.23525e-14 2.06833e-32 1.42294e-23
2.24532e-14 2.14805e-32 1.42294e-23
2.25543e-14 2.23072e-32 1.42294e-23
2.26559e-14 2.31646e-32 1.42294e-23
2.27579e-14 2.40536e-32 1.42294e-23
2.28604e-14 2.49755e-32 1.42294e-23
2.29634e-14 2.59313e-32 1.42294e-23
2.30668e-14 2.69223e-32 1.42294e-23
2.31707e-14 2.79498e-32 1.42294e-23
2.3275e-14 2.90149e-32 1.42294e-23
2.33799e-14 3.01191e-32 1.42294e-23
2.34852e-14 3.12637e-32 1.42294e-23
2.35909e-14 3.245e-32 1.42294e-23
2.36972e-14 3.36797e-32 1.42294e-23
2.38039e-14 3.49541e-32 1.42294e-23
2.39111e-14 3.62749e-32 1.42294e-23
2.40188e-14 3.76436e-32 1.42294e-23
2.4127e-14 3.90619e-32 1.42294e-23
2.42356e-14 4.05316e-32 1.42294e-23
2.43448e-14 4.20544e-32 1.42294e-23
2.44544e-14 4.36321e-32 1.42294e-23
2.45646e-14 4.52666e-32 1.42294e-23
2.46752e-14 4.696e-32 1.42294e-23
2.47863e-14 4.87142e-32 1.42294e-23
2.4898e-14 5.05313e-32 1.42294e-23
2.50101e-14 5.24134e-32 1.42294e-23
2.51227e-14 5.43628e-32 1.42294e-23
2.52359e-14 5.63818e-32 1.42294e-23
2.53495e-14 5.84728e-32 1.42294e-23
2.54637e-14 6.06381e-32 1.42294e-23
2.55784e-14 6.28804e-32 1.42294e-23
2.56936e-14 6.52022e-32 1.42294e-23
2.58093e-14 6.76062e-32 1.42294e-23
2.59255e-14 7.00952e-32 1.42294e-23
2.60423e-14 7.26721e-32 1.42294e-23
2.61596e-14 7.53399e-32 1.42294e-23
2.62774e-14 7.81015e-32 1.42294e-23
2.63957e-14 8.09601e-32 1.42294e-23
2.65146e-14 8.3919e-32 1.42294e-23
2.6634e-14 8.69816e-32 1.42294e-23
2.6754e-14 9.01512e-32 1.42294e-23
2.68745e-14 9.34316e-32 1.42294e-23
2.69955e-14 9.68262e-32 1.42294e-23
2.71171e-14 1.00339e-31 1.42294e-23
2.72392e-14 1.03974e-31 1.42294e-23
2.73619e-14 1.07735e-31 1.42294e-23
2.74851e-14 1.11626e-31 1.42294e-23
2.76089e-14 1.15652e-31 1.42294e-23
2.77332e-14 1.19817e-31 1.42294e-23
2.78581e-14 1.24125e-31 1.42294e-23
2.79836e-14 1.28581e-31 1.42294e-23
2.81096e-14 1.33191e-31 1.42294e-23
2.82362e-14 1.37959e-31 1.42294e-23
2.83634e-14 1.4289e-31 1.42294e-23
2.84912e-14 1.4799e-31 1.42294e-23
2.86195e-14 1.53263e-31 1.42294e-23
2.87484e-14 1.58717e-31 1.42294e-23
2.88778e-14 1.64356e-31 1.42294e-23
2.90079e-14 1.70186e-31 1.42294e-23
2.91385e-14 1.76215e-31 1.42294e-23
2.92698e-14 1.82447e-31 1.42294e-23
2.94016e-14 1.8889e-31 1.42294e-23
2.9534e-14 1.95551e-31 1.42294e-23
2.9667e-14 2.02435e-31 1.42294e-23
2.98006e-14 2.09552e-31 1.42294e-23
2.99348e-14 2.16907e-31 1.42294e-23
3.00697e-14 2.24509e-31 1.42294e-23
3.02051e-14 2.32366e-31 1.42294e-23
3.03411e-14 2.40484e-31 1.42294e-23
3.04778e-14 2.48874e-31 1.42294e-23
3.0615e-14 2.57543e-31 1.42294e-23
3.07529e-14 2.66501e-31 1.42294e-23
3.08914e-14 2.75755e-31 1.42294e-23
3.10305e-14 2.85316e-31 1.42294e-23
3.11703e-14 2.95194e-31 1.42294e-23
3.13107e-14 3.05398e-31 1.42294e-23
3.14517e-14 3.15938e-31 1.42294e-23
3.15933e-14 3.26825e-31 1.42294e-23
3.17356e-14 3.3807e-31 1.42294e-23
3.18786e-14 3.49683e-31 1.42294e-23
3.20221e-14 3.61677e-31 1.42294e-23
3.21663e-14 3.74063e-31 1.42294e-23
3.23112e-14 3.86853e-31 1.42294e-23
3.24567e-14 4.0006e-31 1.42294e-23
3.26029e-14 4.13696e-31 1.42294e-23
3.27497e-14 4.27776e-31 1.42294e-23
3.28972e-14 4.42311e-31 1.42294e-23
3.30454e-14 4.57317e-31 1.42294e-23
3.31942e-14 4.72808e-31 1.42294e-23
3.33437e-14 4.88798e-31 1.42294e-23
3.34939e-14 5.05303e-31 1.42294e-23
3.36447e-14 5.22338e-31 1.42294e-23
3.37963e-14 5.3992e-31 1.42294e-23
3.39485e-14 5.58064e-31 1.42294e-23
3.41014e-14 5.76789e-31 1.42294e-23
3.42549e-14 5.96112e-31 1.42294e-23
3.44092e-14 6.1605e-31 1.42294e-23
3.45642e-14 6.36622e-31 1.42294e-23
3.47199e-14 6.57847e-31 1.42294e-23
3.48762e-14 6.79745e-31 1.42294e-23
3.50333e-14 7.02336e-31 1.42294e-23
3.51911e-14 7.2564e-31 1.42294e-23
3.53496e-14 7.49679e-31 1.42294e-23
3.55088e-14 7.74474e-31 1.42294e-23
3.56687e-14 8.00049e-31 1.42294e-23
3.58293e-14 8.26425e-31 1.42294e-23
3.59907e-14 8.53627e-31 1.42294e-23
3.61528e-14 8.81679e-31 1.42294e-23
3.63156e-14 9.10606e-31 1.42294e-23
3.64792e-14 9.40434e-31 1.42294e-23
3.66435e-14 9.71189e-31 1.42294e-23
3.68085e-14 1.0029e-30 1.42294e-23
3.69743e-14 1.03559e-30 1.42294e-23
3.71408e-14 1.06929e-30 1.42294e-23
3.73081e-14 1.10403e-30 1.42294e-23
3.74761e-14 1.13985e-30 1.42294e-23
3.76449e-14 1.17676e-30 1.42294e-23
3.78144e-14 1.21481e-30 1.42294e-23
3.79847e-14 1.25402e-30 1.42294e-23
3.81558e-14 1.29443e-30 1.42294e-23
3.83276e-14 1.33608e-30 1.42294e-23
3.85002e-14 1.37899e-30 1.42294e-23
3.86736e-14 1.42321e-30 1.42294e-23
3.88478e-14 1.46877e-30 1.42294e-23
3.90228e-14 1.51572e-30 1.42294e-23
3.91985e-14 1.56408e-30 1.42294e-23
3.93751e-14 1.6139e-30 1.42294e-23
3.95524e-14 1.66523e-30 1.42294e-23
3.97305e-14 1.7181e-30 1.42294e-23
3.99095e-14 1.77255e-30 1.42294e-23
4.00892e-14 1.82864e-30 1.42294e-23
4.02698e-14 1.88641e-30 1.42294e-23
4.04511e-14 1.94591e-30 1.42294e-23
4.06333e-14 2.00717e-30 1.42294e-23
4.08163e-14 2.07026e-30 1.42294e-23
4.10001e-14 2.13522e-30 1.42294e-23
4.11848e-14 2.20211e-30 1.42294e-23
4.13703e-14 2.27098e-30 1.42294e-23
4.15566e-14 2.34188e-30 1.42294e-23
4.17437e-14 2.41488e-30 1.42294e-23
4.19317e-14 2.49001e-30 1.42293e-23
4.21206e-14 2.56736e-30 1.42293e-23
4.23103e-14 2.64697e-30 1.42293e-23
4.25008e-14 2.72892e-30 1.42293e-23
4.26922e-14 2.81325e-30 1.42293e-23
4.28845e-14 2.90004e-30 1.42293e-23
4.30777e-14 2.98936e-30 1.42293e-23
4.32717e-14 3.08127e-30 1.42293e-23
4.34666e-14 3.17585e-30 1.42293e-23
4.36623e-14 3.27316e-30 1.42293e-23
4.3859e-14 3.37327e-30 1.42293e-23
4.40565e-14 3.47628e-30 1.42293e-23
4.42549e-14 3.58224e-30 1.42293e-23
4.44542e-14 3.69125e-30 1.42293e-23
4.46544e-14 3.80338e-30 1.42293e-23
4.48555e-14 3.91872e-30 1.42293e-23
4.50575e-14 4.03735e-30 1.42293e-23
4.52605e-14 4.15935e-30 1.42293e-23
4.54643e-14 4.28483e-30 1.42293e-23
4.56691e-14 4.41386e-30 1.42293e-23
4.58748e-14 4.54655e-30 1.42293e-23
4.60814e-14 4.68299e-30 1.42293e-23
4.62889e-14 4.82327e-30 1.42293e-23
4.64974e-14 4.96751e-30 1.42293e-23
4.67068e-14 5.1158e-30 1.42293e-23
4.69171e-14 5.26824e-30 1.42293e-23
4.71284e-14 5.42495e-30 1.42293e-23
4.73407e-14 5.58604e-30 1.42292e-23
4.75539e-14 5.75162e-30 1.42292e-23
4.77681e-14 5.9218e-30 1.42292e-23
4.79832e-14 6.09671e-30 1.42292e-23
4.81993e-14 6.27647e-30 1.42292e-23
4.84164e-14 6.4612e-30 1.42292e-23
4.86344e-14 6.65102e-30 1.42292e-23
4.88535e-14 6.84607e-30 1.42292e-23
4.90735e-14 7.04649e-30 1.42292e-23
4.92945e-14 7.2524e-30 1.42292e-23
4.95165e-14 7.46395e-30 1.42292e-23
4.97395e-14 7.68127e-30 1.42292e-23
4.99635e-14 7.90453e-30 1.42292e-23
5.01886e-14 8.13386e-30 1.42292e-23
5.04146e-14 8.36941e-30 1.42292e-23
5.06416e-14 8.61135e-30 1.42291e-23
5.08697e-14 8.85984e-30 1.42291e-23
5.10988e-14 9.11502e-30 1.42291e-23
5.13289e-14 9.37709e-30 1.42291e-23
5.15601e-14 9.64619e-30 1.42291e-23
5.17923e-14 9.92252e-30 1.42291e-23
5.20256e-14 1.02062e-29 1.42291e-23
5.22599e-14 1.04975e-29 1.42291e-23
5.24953e-14 1.07966e-29 1.42291e-23
5.27317e-14 1.11036e-29 1.42291e-23
5.29692e-14 1.14188e-29 1.4229e-23
5.32077e-14 1.17423e-29 1.4229e-23
5.34474e-14 1.20744e-29 1.4229e-23
5.36881e-14 1.24152e-29 1.4229e-23
5.39299e-14 1.27651e-29 1.4229e-23
5.41728e-14 1.31241e-29 1.4229e-23
5.44167e-14 1.34925e-29 1.4229e-23
5.46618e-14 1.38705e-29 1.4229e-23
5.4908e-14 1.42584e-29 1.42289e-23
5.51553e-14 1.46565e-29 1.42289e-23
5.54037e-14 1.50648e-29 1.42289e-23
5.56532e-14 1.54838e-29 1.42289e-23
5.59039e-14 1.59136e-29 1.42289e-23
5.61556e-14 1.63545e-29 1.42289e-23
5.64085e-14 1.68068e-29 1.42289e-23
5.66626e-14 1.72707e-29 1.42288e-23
5.69178e-14 1.77465e-29 1.42288e-23
5.71741e-14 1.82345e-29 1.42288e-23
5.74316e-14 1.8735e-29 1.42288e-23
5.76903e-14 1.92482e-29 1.42288e-23
5.79501e-14 1.97745e-29 1.42287e-23
5.82111e-14 2.03142e-29 1.42287e-23
5.84732e-14 2.08675e-29 1.42287e-23
5.87366e-14 2.14348e-29 1.42287e-23
5.90011e-14 2.20164e-29 1.42287e-23
5.92668e-14 2.26127e-29 1.42286e-23
5.95338e-14 2.32239e-29 1.42286e-23
5.98019e-14 2.38505e-29 1.42286e-23
6.00712e-14 2.44927e-29 1.42286e-23
6.03418e-14 2.51509e-29 1.42285e-23
6.06135e-14 2.58255e-29 1.42285e-23
6.08865e-14 2.65169e-29 1.42285e-23
6.11607e-14 2.72254e-29 1.42285e-23
6.14362e-14 2.79514e-29 1.42284e-23
6.17129e-14 2.86954e-29 1.42284e-23
6.19908e-14 2.94576e-29 1.42284e-23
6.227e-14 3.02386e-29 1.42284e-23
6.25504e-14 3.10387e-29 1.42283e-23
6.28321e-14 3.18584e-29 1.42283e-23
6.31151e-14 3.2698e-29 1.42283e-23
6.33994e-14 3.35581e-29 1.42282e-23
6.36849e-14 3.44391e-29 1.42282e-23
6.39717e-14 3.53414e-29 1.42282e-23
6.42598e-14 3.62656e-29 1.42281e-23
6.45492e-14 3.7212e-29 1.42281e-23
6.484e-14 3.81812e-29 1.42281e-23
6.5132e-14 3.91737e-29 1.4228e-23
6.54253e-14 4.01899e-29 1.4228e-23
6.572e-14 4.12305e-29 1.42279e-23
6.6016e-14 4.22958e-29 1.42279e-23
6.63133e-14 4.33865e-29 1.42279e-23
6.66119e-14 4.45031e-29 1.42278e-23
6.69119e-14 4.56461e-29 1.42278e-23
6.72133e-14 4.68161e-29 1.42277e-23
6.7516e-14 4.80137e-29 1.42277e-23
6.78201e-14 4.92394e-29 1.42276e-23
6.81255e-14 5.04939e-29 1.42276e-23
6.84323e-14 5.17778e-29 1.42275e-23
6.87405e-14 5.30916e-29 1.42275e-23
6.90501e-14 5.4436e-29 1.42274e-23
6.93611e-14 5.58117e-29 1.42274e-23
6.96735e-14 5.72192e-29 1.42273e-23
6.99873e-14 5.86593e-29 1.42273e-23
7.03025e-14 6.01326e-29 1.42272e-23
7.06191e-14 6.16398e-29 1.42271e-23
7.09371e-14 6.31816e-29 1.42271e-23
7.12566e-14 6.47588e-29 1.4227e-23
7.15775e-14 6.6372e-29 1.42269e-23
7.18999e-14 6.80219e-29 1.42269e-23
7.22237e-14 6.97094e-29 1.42268e-23
7.2549e-14 7.14351e-29 1.42267e-23
7.28757e-14 7.31999e-29 1.42267e-23
7.32039e-14 7.50045e-29 1.42266e-23
7.35336e-14 7.68498e-29 1.42265e-23
7.38648e-14 7.87365e-29 1.42264e-23
7.41975e-14 8.06655e-29 1.42264e-23
7.45316e-14 8.26376e-29 1.42263e-23
7.48673e-14 8.46536e-29 1.42262e-23
7.52045e-14 8.67145e-29 1.42261e-23
7.55432e-14 8.88212e-29 1.4226e-23
7.58834e-14 9.09744e-29 1.42259e-23
7.62252e-14 9.31752e-29 1.42258e-23
7.65685e-14 9.54245e-29 1.42258e-23
7.69133e-14 9.77231e-29 1.42257e-23
7.72597e-14 1.00072e-28 1.42256e-23
7.76076e-14 1.02472e-28 1.42255e-23
7.79572e-14 1.04925e-28 1.42254e-23
7.83083e-14 1.07431e-28 1.42253e-23
7.86609e-14 1.09992e-28 1.42251e-23
7.90152e-14 1.12607e-28 1.4225e-23
7.93711e-14 1.15279e-28 1.42249e-23
7.97285e-14 1.18009e-28 1.42248e-23
8.00876e-14 1.20797e-28 1.42247e-23
8.04483e-14 1.23645e-28 1.42246e-23
8.08106e-14 1.26554e-28 1.42244e-23
8.11746e-14 1.29525e-28 1.42243e-23
8.15402e-14 1.32559e-28 1.42242e-23
8.19074e-14 1.35657e-28 1.42241e-23
8.22763e-14 1.38821e-28 1.42239e-23
8.26468e-14 1.42051e-28 1.42238e-23
8.3019e-14 1.4535e-28 1.42236e-23
8.33929e-14 1.48717e-28 1.42235e-23
8.37685e-14 1.52155e-28 1.42233e-23
8.41458e-14 1.55664e-28 1.42232e-23
8.45247e-14 1.59247e-28 1.4223e-23
8.49054e-14 1.62904e-28 1.42229e-23
8.52878e-14 1.66637e-28 1.42227e-23
8.56719e-14 1.70446e-28 1.42226e-23
8.60578e-14 1.74334e-28 1.42224e-23
8.64453e-14 1.78302e-28 1.42222e-23
8.68347e-14 1.82351e-28 1.4222e-23
8.72257e-14 1.86483e-28 1.42218e-23
8.76186e-14 1.90699e-28 1.42217e-23
8.80132e-14 1.95e-28 1.42215e-23
8.84096e-14 1.99389e-28 1.42213e-23
8.88077e-14 2.03866e-28 1.42211e-23
8.92077e-14 2.08434e-28 1.42209e-23
8.96095e-14 2.13093e-28 1.42207e-23
9.00131e-14 2.17845e-28 1.42204e-23
9.04184e-14 2.22692e-28 1.42202e-23
9.08257e-14 2.27636e-28 1.422e-23
9.12347e-14 2.32679e-28 1.42198e-23
9.16456e-14 2.3782e-28 1.42195e-23
9.20584e-14 2.43064e-28 1.42193e-23
9.2473e-14 2.48411e-28 1.42191e-23
9.28894e-14 2.53863e-28 1.42188e-23
9.33078e-14 2.59421e-28 1.42186e-23
9.3728e-14 2.65088e-28 1.42183e-23
9.41501e-14 2.70866e-28 1.4218e-23
9.45742e-14 2.76756e-28 1.42178e-23
9.50001e-14 2.82759e-28 1.42175e-23
9.54279e-14 2.88879e-28 1.42172e-23
9.58577e-14 2.95117e-28 1.42169e-23
9.62894e-14 3.01474e-28 1.42166e-23
9.67231e-14 3.07953e-28 1.42163e-23
9.71587e-14 3.14555e-28 1.4216e-23
9.75963e-14 3.21284e-28 1.42157e-23
9.80358e-14 3.28139e-28 1.42154e-23
9.84774e-14 3.35125e-28 1.42151e-23
9.89209e-14 3.42242e-28 1.42147e-23
9.93664e-14 3.49494e-28 1.42144e-23
9.98139e-14 3.56881e-28 1.4214e-23
1.00263e-13 3.64406e-28 1.42137e-23
1.00715e-13 3.72072e-28 1.42133e-23
1.01169e-13 3.7988e-28 1.42129e-23
1.01624e-13 3.87833e-28 1.42126e-23
1.02082e-13 3.95933e-28 1.42122e-23
1.02542e-13 4.04182e-28 1.42118e-23
1.03003e-13 4.12582e-28 1.42114e-23
1.03467e-13 4.21136e-28 1.4211e-23
1.03933e-13 4.29846e-28 1.42105e-23
1.04401e-13 4.38715e-28 1.42101e-23
1.04872e-13 4.47745e-28 1.42097e-23
1.05344e-13 4.56938e-28 1.42092e-23
1.05818e-13 4.66297e-28 1.42088e-23
1.06295e-13 4.75824e-28 1.42083e-23
1.06774e-13 4.85522e-28 1.42078e-23
1.07255e-13 4.95393e-28 1.42073e-23
1.07738e-13 5.05439e-28 1.42068e-23
1.08223e-13 5.15664e-28 1.42063e-23
1.0871e-13 5.2607e-28 1.42058e-23
1.092e-13 5.3666e-28 1.42053e-23
1.09692e-13 5.47436e-28 1.42048e-23
1.10186e-13 5.584e-28 1.42042e-23
1.10682e-13 5.69557e-28 1.42036e-23
1.1118e-13 5.80907e-28 1.42031e-23
1.11681e-13 5.92455e-28 1.42025e-23
1.12184e-13 6.04202e-28 1.42019e-23
1.12689e-13 6.16152e-28 1.42013e-23
1.13197e-13 6.28308e-28 1.42007e-23
1.13707e-13 6.40672e-28 1.42001e-23
1.14219e-13 6.53247e-28 1.41994e-23
1.14733e-13 6.66036e-28 1.41988e-23
1.1525e-13 6.79042e-28 1.41981e-23
1.15769e-13 6.92269e-28 1.41974e-23
1.1629e-13 7.05718e-28 1.41967e-23
1.16814e-13 7.19393e-28 1.4196e-23
1.1734e-13 7.33297e-28 1.41953e-23
1.17869e-13 7.47434e-28 1.41946e-23
1.18399e-13 7.61805e-28 1.41938e-23
1.18933e-13 7.76415e-28 1.41931e-23
1.19468e-13 7.91266e-28 1.41923e-23
1.20006e-13 8.06362e-28 1.41915e-23
1.20547e-13 8.21705e-28 1.41907e-23
1.2109e-13 8.373e-28 1.41899e-23
1.21635e-13 8.53148e-28 1.4189e-23
1.22183e-13 8.69254e-28 1.41882e-23
1.22733e-13 8.85621e-28 1.41873e-23
1.23286e-13 9.02252e-28 1.41864e-23
1.23841e-13 9.1915e-28 1.41855e-23
1.24399e-13 9.36319e-28 1.41846e-23
1.24959e-13 9.53762e-28 1.41837e-23
1.25522e-13 9.71482e-28 1.41827e-23
1.26087e-13 9.89483e-28 1.41817e-23
1.26655e-13 1.00777e-27 1.41807e-23
1.27226e-13 1.02634e-27 1.41797e-23
1.27799e-13 1.04521e-27 1.41787e-23
1.28374e-13 1.06437e-27 1.41777e-23
1.28952e-13 1.08382e-27 1.41766e-23
1.29533e-13 1.10358e-27 1.41755e-23
1.30116e-13 1.12365e-27 1.41744e-23
1.30702e-13 1.14402e-27 1.41733e-23
1.31291e-13 1.16471e-27 1.41721e-23
1.31882e-13 1.18571e-27 1.4171e-23
1.32476e-13 1.20703e-27 1.41698e-23
1.33073e-13 1.22868e-27 1.41686e-23
1.33672e-13 1.25065e-27 1.41674e-23
1.34274e-13 1.27296e-27 1.41661e-23
1.34879e-13 1.2956e-27 1.41648e-23
1.35487e-13 1.31858e-27 1.41635e-23
1.36097e-13 1.3419e-27 1.41622e-23
1.3671e-13 1.36556e-27 1.41609e-23
1.37325e-13 1.38958e-27 1.41595e-23
1.37944e-13 1.41395e-27 1.41581e-23
1.38565e-13 1.43867e-27 1.41567e-23
1.39189e-13 1.46376e-27 1.41553e-23
1.39816e-13 1.48922e-27 1.41538e-23
1.40446e-13 1.51504e-27 1.41523e-23
1.41078e-13 1.54123e-27 1.41508e-23
1.41714e-13 1.56781e-27 1.41493e-23
1.42352e-13 1.59476e-27 1.41477e-23
1.42993e-13 1.6221e-27 1.41461e-23
1.43637e-13 1.64982e-27 1.41445e-23
1.44284e-13 1.67794e-27 1.41428e-23
1.44934e-13 1.70646e-27 1.41411e-23
1.45586e-13 1.73537e-27 1.41394e-23
1.46242e-13 1.76469e-27 1.41377e-23
1.46901e-13 1.79442e-27 1.41359e-23
1.47562e-13 1.82456e-27 1.41341e-23
1.48227e-13 1.85512e-27 1.41323e-23
1.48894e-13 1.8861e-27 1.41305e-23
1.49565e-13 1.9175e-27 1.41286e-23
1.50239e-13 1.94933e-27 1.41267e-23
1.50915e-13 1.9816e-27 1.41247e-23
1.51595e-13 2.0143e-27 1.41227e-23
1.52278e-13 2.04744e-27 1.41207e-23
1.52963e-13 2.08103e-27 1.41187e-23
1.53652e-13 2.11506e-27 1.41166e-23
1.54344e-13 2.14955e-27 1.41145e-23
1.5504e-13 2.18449e-27 1.41123e-23
1.55738e-13 2.2199e-27 1.41101e-23
1.56439e-13 2.25577e-27 1.41079e-23
1.57144e-13 2.29211e-27 1.41057e-23
1.57851e-13 2.32892e-27 1.41034e-23
1.58562e-13 2.36621e-27 1.4101e-23
1.59277e-13 2.40398e-27 1.40987e-23
1.59994e-13 2.44224e-27 1.40963e-23
1.60714e-13 2.48099e-27 1.40938e-23
1.61438e-13 2.52022e-27 1.40914e-23
1.62165e-13 2.55996e-27 1.40888e-23
1.62896e-13 2.6002e-27 1.40863e-23
1.63629e-13 2.64094e-27 1.40837e-23
1.64366e-13 2.68219e-27 1.4081e-23
1.65106e-13 2.72396e-27 1.40783e-23
1.6585e-13 2.76624e-27 1.40756e-23
1.66597e-13 2.80905e-27 1.40729e-23
1.67347e-13 2.85238e-27 1.407e-23
1.68101e-13 2.89624e-27 1.40672e-23
1.68858e-13 2.94063e-27 1.40643e-23
1.69619e-13 2.98556e-27 1.40614e-23
1.70382e-13 3.03103e-27 1.40584e-23
1.7115e-13 3.07705e-27 1.40553e-23
1.71921e-13 3.12361e-27 1.40523e-23
1.72695e-13 3.17073e-27 1.40491e-23
1.73473e-13 3.2184e-27 1.4046e-23
1.74254e-13 3.26664e-27 1.40428e-23
1.75039e-13 3.31543e-27 1.40395e-23
1.75827e-13 3.3648e-27 1.40362e-23
1.76619e-13 3.41474e-27 1.40328e-23
1.77414e-13 3.46525e-27 1.40294e-23
1.78213e-13 3.51634e-27 1.40259e-23
1.79016e-13 3.56802e-27 1.40224e-23
1.79822e-13 3.62028e-27 1.40188e-23
1.80632e-13 3.67313e-27 1.40152e-23
1.81446e-13 3.72657e-27 1.40115e-23
1.82263e-13 3.78061e-27 1.40078e-23
1.83084e-13 3.83525e-27 1.4004e-23
1.83908e-13 3.8905e-27 1.40002e-23
1.84736e-13 3.94635e-27 1.39963e-23
1.85568e-13 4.00282e-27 1.39924e-23
1.86404e-13 4.0599e-27 1.39884e-23
1.87244e-13 4.11759e-27 1.39843e-23
1.88087e-13 4.17591e-27 1.39802e-23
1.88934e-13 4.23485e-27 1.3976e-23
1.89785e-13 4.29442e-27 1.39718e-23
1.9064e-13 4.35462e-27 1.39675e-23
1.91498e-13 4.41545e-27 1.39631e-23
1.92361e-13 4.47692e-27 1.39587e-23
1.93227e-13 4.53903e-27 1.39542e-23
1.94097e-13 4.60178e-27 1.39497e-23
1.94972e-13 4.66517e-27 1.39451e-23
1.9585e-13 4.72922e-27 1.39404e-23
1.96732e-13 4.79392e-27 1.39357e-23
1.97618e-13 4.85927e-27 1.39309e-23
1.98508e-13 4.92528e-27 1.3926e-23
1.99402e-13 4.99195e-27 1.39211e-23
2.003e-13 5.05928e-27 1.39161e-23
2.01202e-13 5.12727e-27 1.39111e-23
2.02108e-13 5.19594e-27 1.39059e-23
2.03018e-13 5.26527e-27 1.39007e-23
2.03933e-13 5.33528e-27 1.38955e-23
2.04851e-13 5.40596e-27 1.38901e-23
2.05774e-13 5.47731e-27 1.38847e-23
2.067e-13 5.54935e-27 1.38793e-23
2.07631e-13 5.62207e-27 1.38737e-23
2.08566e-13 5.69547e-27 1.38681e-23
2.09506e-13 5.76956e-27 1.38624e-23
2.10449e-13 5.84433e-27 1.38566e-23
2.11397e-13 5.91979e-27 1.38508e-23
2.12349e-13 5.99595e-27 1.38449e-23
2.13306e-13 6.07279e-27 1.38389e-23
2.14266e-13 6.15033e-27 1.38328e-23
2.15231e-13 6.22857e-27 1.38266e-23
2.16201e-13 6.30751e-27 1.38204e-23
2.17174e-13 6.38714e-27 1.38141e-23
2.18152e-13 6.46748e-27 1.38077e-23
2.19135e-13 6.54851e-27 1.38013e-23
2.20122e-13 6.63025e-27 1.37947e-23
2.21113e-13 6.71269e-27 1.37881e-23
2.22109e-13 6.79584e-27 1.37814e-23
2.23109e-13 6.8797e-27 1.37746e-23
2.24114e-13 6.96426e-27 1.37677e-23
2.25123e-13 7.04953e-27 1.37607e-23
2.26137e-13 7.13551e-27 1.37537e-23
2.27156e-13 7.22219e-27 1.37465e-23
2.28179e-13 7.30959e-27 1.37393e-23
2.29206e-13 7.39769e-27 1.3732e-23
2.30239e-13 7.48651e-27 1.37246e-23
2.31276e-13 7.57604e-27 1.37171e-23
2.32317e-13 7.66628e-27 1.37095e-23
2.33364e-13 7.75723e-27 1.37019e-23
2.34415e-13 7.84889e-27 1.36941e-23
2.3547e-13 7.94126e-27 1.36863e-23
2.36531e-13 8.03434e-27 1.36783e-23
2.37596e-13 8.12813e-27 1.36703e-23
2.38666e-13 8.22263e-27 1.36622e-23
2.39741e-13 8.31784e-27 1.36539e-23
2.40821e-13 8.41376e-27 1.36456e-23
2.41905e-13 8.51039e-27 1.36372e-23
2.42995e-13 8.60772e-27 1.36287e-23
2.44089e-13 8.70576e-27 1.36201e-23
2.45188e-13 8.80451e-27 1.36114e-23
2.46293e-13 8.90396e-27 1.36026e-23
2.47402e-13 9.00411e-27 1.35937e-23
2.48516e-13 9.10496e-27 1.35847e-23
2.49635e-13 9.20652e-27 1.35756e-23
2.5076e-13 9.30877e-27 1.35664e-23
2.51889e-13 9.41172e-27 1.35571e-23
2.53023e-13 9.51537e-27 1.35476e-23
2.54163e-13 9.6197e-27 1.35381e-23
2.55308e-13 9.72473e-27 1.35285e-23
2.56458e-13 9.83045e-27 1.35188e-23
2.57613e-13 9.93685e-27 1.3509e-23
2.58773e-13 1.00439e-26 1.3499e-23
2.59938e-13 1.01517e-26 1.3489e-23
2.61109e-13 1.02602e-26 1.34788e-23
2.62285e-13 1.03693e-26 1.34686e-23
2.63466e-13 1.04791e-26 1.34582e-23
2.64653e-13 1.05896e-26 1.34477e-23
2.65845e-13 1.07007e-26 1.34371e-23
2.67042e-13 1.08125e-26 1.34264e-23
2.68245e-13 1.0925e-26 1.34156e-23
2.69453e-13 1.10381e-26 1.34047e-23
2.70666e-13 1.11519e-26 1.33936e-23
2.71885e-13 1.12663e-26 1.33825e-23
2.7311e-13 1.13814e-26 1.33712e-23
2.7434e-13 1.14971e-26 1.33598e-23
2.75575e-13 1.16135e-26 1.33484e-23
2.76816e-13 1.17304e-26 1.33367e-23
2.78063e-13 1.18481e-26 1.3325e-23
2.79315e-13 1.19663e-26 1.33132e-23
2.80573e-13 1.20852e-26 1.33012e-23
2.81837e-13 1.22047e-26 1.32891e-23
2.83106e-13 1.23248e-26 1.32769e-23
2.84381e-13 1.24455e-26 1.32646e-23
2.85662e-13 1.25668e-26 1.32521e-23
2.86949e-13 1.26887e-26 1.32396e-23
2.88241e-13 1.28112e-26 1.32269e-23
2.89539e-13 1.29343e-26 1.32141e-23
2.90843e-13 1.3058e-26 1.32011e-23
2.92153e-13 1.31822e-26 1.31881e-23
2.93469e-13 1.3307e-26 1.31749e-23
2.9479e-13 1.34324e-26 1.31616e-23
2.96118e-13 1.35583e-26 1.31482e-23
2.97452e-13 1.36848e-26 1.31346e-23
2.98791e-13 1.38118e-26 1.31209e-23
3.00137e-13 1.39394e-26 1.31071e-23
3.01489e-13 1.40675e-26 1.30932e-23
3.02847e-13 1.41961e-26 1.30791e-23
3.0421e-13 1.43253e-26 1.30649e-23
3.05581e-13 1.44549e-26 1.30506e-23
3.06957e-13 1.45851e-26 1.30361e-23
3.08339e-13 1.47158e-26 1.30215e-23
3.09728e-13 1.48469e-26 1.30068e-23
3.11123e-13 1.49786e-26 1.2992e-23
3.12524e-13 1.51107e-26 1.2977e-23
3.13932e-13 1.52432e-26 1.29619e-23
3.15345e-13 1.53763e-26 1.29466e-23
3.16766e-13 1.55098e-26 1.29313e-23
3.18192e-13 1.56437e-26 1.29157e-23
3.19625e-13 1.57781e-26 1.29001e-23
3.21065e-13 1.59129e-26 1.28843e-23
3.22511e-13 1.60481e-26 1.28684e-23
3.23963e-13 1.61837e-26 1.28524e-23
3.25422e-13 1.63197e-26 1.28362e-23
3.26888e-13 1.64562e-26 1.28199e-23
3.2836e-13 1.6593e-26 1.28034e-23
3.29839e-13 1.67302e-26 1.27868e-23
3.31324e-13 1.68677e-26 1.27701e-23
3.32817e-13 1.70056e-26 1.27532e-23
3.34316e-13 1.71439e-26 1.27362e-23
3.35821e-13 1.72825e-26 1.27191e-23
3.37334e-13 1.74214e-26 1.27018e-23
3.38853e-13 1.75606e-26 1.26844e-23
3.40379e-13 1.77002e-26 1.26668e-23
3.41912e-13 1.784e-26 1.26491e-23
3.43452e-13 1.79802e-26 1.26313e-23
3.44999e-13 1.81206e-26 1.26133e-23
3.46552e-13 1.82613e-26 1.25952e-23
3.48113e-13 1.84022e-26 1.25769e-23
3.49681e-13 1.85434e-26 1.25585e-23
3.51256e-13 1.86848e-26 1.254e-23
3.52838e-13 1.88265e-26 1.25213e-23
3.54427e-13 1.89684e-26 1.25024e-23
3.56023e-13 1.91104e-26 1.24835e-23
3.57627e-13 1.92527e-26 1.24644e-23
3.59237e-13 1.93952e-26 1.24451e-23
3.60855e-13 1.95378e-26 1.24257e-23
3.6248e-13 1.96806e-26 1.24062e-23
3.64113e-13 1.98235e-26 1.23865e-23
3.65753e-13 1.99666e-26 1.23667e-23
3.674e-13 2.01098e-26 1.23467e-23
3.69055e-13 2.02531e-26 1.23266e-23
3.70717e-13 2.03965e-26 1.23063e-23
3.72386e-13 2.054e-26 1.22859e-23
3.74063e-13 2.06836e-26 1.22654e-23
3.75748e-13 2.08273e-26 1.22447e-23
3.7744e-13 2.0971e-26 1.22239e-23
3.7914e-13 2.11148e-26 1.22029e-23
3.80848e-13 2.12586e-26 1.21818e-23
3.82563e-13 2.14024e-26 1.21606e-23
3.84286e-13 2.15462e-26 1.21392e-23
3.86017e-13 2.169e-26 1.21176e-23
3.87755e-13 2.18338e-26 1.20959e-23
3.89502e-13 2.19775e-26 1.20741e-23
3.91256e-13 2.21212e-26 1.20521e-23
3.93018e-13 2.22649e-26 1.203e-23
3.94788e-13 2.24085e-26 1.20077e-23
3.96566e-13 2.2552e-26 1.19853e-23
3.98352e-13 2.26954e-26 1.19628e-23
4.00146e-13 2.28387e-26 1.19401e-23
4.01948e-13 2.29819e-26 1.19172e-23
4.03758e-13 2.31249e-26 1.18942e-23
4.05577e-13 2.32678e-26 1.18711e-23
4.07403e-13 2.34106e-26 1.18478e-23
4.09238e-13 2.35531e-26 1.18244e-23
4.11081e-13 2.36955e-26 1.18009e-23
4.12933e-13 2.38377e-26 1.17772e-23
4.14792e-13 2.39797e-26 1.17534e-23
4.16661e-13 2.41214e-26 1.17294e-23
4.18537e-13 2.42629e-26 1.17052e-23
4.20422e-13 2.44041e-26 1.1681e-23
4.22315e-13 2.45451e-26 1.16566e-23
4.24217e-13 2.46858e-26 1.1632e-23
4.26128e-13 2.48262e-26 1.16074e-23
4.28047e-13 2.49663e-26 1.15825e-23
4.29975e-13 2.5106e-26 1.15576e-23
4.31911e-13 2.52455e-26 1.15325e-23
4.33857e-13 2.53846e-26 1.15072e-23
4.35811e-13 2.55233e-26 1.14818e-23
4.37773e-13 2.56616e-26 1.14563e-23
4.39745e-13 2.57996e-26 1.14306e-23
4.41725e-13 2.59371e-26 1.14048e-23
4.43715e-13 2.60742e-26 1.13789e-23
4.45713e-13 2.62109e-26 1.13528e-23
4.47721e-13 2.63472e-26 1.13266e-23
4.49737e-13 2.6483e-26 1.13003e-23
4.51762e-13 2.66183e-26 1.12738e-23
4.53797e-13 2.67531e-26 1.12472e-23
4.55841e-13 2.68874e-26 1.12204e-23
4.57894e-13 2.70213e-26 1.11935e-23
4.59956e-13 2.71545e-26 1.11665e-23
4.62028e-13 2.72873e-26 1.11394e-23
4.64108e-13 2.74195e-26 1.11121e-23
4.66199e-13 2.75511e-26 1.10846e-23
4.68298e-13 2.76821e-26 1.10571e-23
4.70407e-13 2.78126e-26 1.10294e-23
4.72526e-13 2.79424e-26 1.10016e-23
4.74654e-13 2.80716e-26 1.09737e-23
4.76792e-13 2.82002e-26 1.09456e-23
4.78939e-13 2.83281e-26 1.09174e-23
4.81096e-13 2.84553e-26 1.08891e-23
4.83263e-13 2.85819e-26 1.08606e-23
4.85439e-13 2.87078e-26 1.0832e-23
4.87626e-13 2.8833e-26 1.08033e-23
4.89822e-13 2.89574e-26 1.07745e-23
4.92028e-13 2.90811e-26 1.07455e-23
4.94244e-13 2.92041e-26 1.07164e-23
4.9647e-13 2.93263e-26 1.06872e-23
4.98705e-13 2.94478e-26 1.06579e-23
5.00952e-13 2.95685e-26 1.06285e-23
5.03208e-13 2.96883e-26 1.05989e-23
5.05474e-13 2.98074e-26 1.05692e-23
5.0775e-13 2.99256e-26 1.05394e-23
5.10037e-13 3.0043e-26 1.05095e-23
5.12334e-13 3.01596e-26 1.04794e-23
5.14642e-13 3.02753e-26 1.04493e-23
5.16959e-13 3.03901e-26 1.0419e-23
5.19288e-13 3.0504e-26 1.03886e-23
5.21626e-13 3.0617e-26 1.03581e-23
5.23976e-13 3.07291e-26 1.03275e-23
5.26336e-13 3.08403e-26 1.02968e-23
5.28706e-13 3.09506e-26 1.02659e-23
5.31087e-13 3.10599e-26 1.0235e-23
5.33479e-13 3.11682e-26 1.02039e-23
5.35882e-13 3.12756e-26 1.01727e-23
5.38295e-13 3.1382e-26 1.01415e-23
5.40719e-13 3.14874e-26 1.01101e-23
5.43155e-13 3.15918e-26 1.00786e-23
5.45601e-13 3.16952e-26 1.0047e-23
5.48058e-13 3.17975e-26 1.00153e-23
5.50526e-13 3.18988e-26 9.98351e-24
5.53006e-13 3.1999e-26 9.95161e-24
5.55496e-13 3.20982e-26 9.91961e-24
5.57998e-13 3.21963e-26 9.88751e-24
5.60511e-13 3.22933e-26 9.85531e-24
5.63036e-13 3.23893e-26 9.82302e-24
5.65571e-13 3.24841e-26 9.79063e-24
5.68119e-13 3.25778e-26 9.75815e-24
5.70677e-13 3.26703e-26 9.72557e-24
5.73247e-13 3.27617e-26 9.6929e-24
5.75829e-13 3.2852e-26 9.66014e-24
5.78422e-13 3.29411e-26 9.62728e-24
5.81027e-13 3.30291e-26 9.59434e-24
5.83644e-13 3.31159e-26 9.56131e-24
5.86273e-13 3.32014e-26 9.5282e-24
5.88913e-13 3.32858e-26 9.495e-24
5.91566e-13 3.3369e-26 9.46171e-24
5.9423e-13 3.34509e-26 9.42834e-24
5.96906e-13 3.35317e-26 9.39489e-24
5.99594e-13 3.36112e-26 9.36136e-24
6.02295e-13 3.36894e-26 9.32775e-24
6.05007e-13 3.37664e-26 9.29406e-24
6.07732e-13 3.38422e-26 9.26029e-24
6.10469e-13 3.39166e-26 9.22645e-24
6.13218e-13 3.39898e-26 9.19253e-24
6.1598e-13 3.40617e-26 9.15854e-24
6.18754e-13 3.41324e-26 9.12448e-24
6.21541e-13 3.42017e-26 9.09035e-24
6.2434e-13 3.42697e-26 9.05615e-24
6.27152e-13 3.43364e-26 9.02188e-24
6.29977e-13 3.44017e-26 8.98754e-24
6.32814e-13 3.44658e-26 8.95314e-24
6.35664e-13 3.45285e-26 8.91867e-24
6.38527e-13 3.45898e-26 8.88415e-24
6.41403e-13 3.46498e-26 8.84956e-24
6.44291e-13 3.47084e-26 8.81491e-24
6.47193e-13 3.47657e-26 8.7802e-24
6.50108e-13 3.48216e-26 8.74543e-24
6.53036e-13 3.48762e-26 8.71061e-24
6.55977e-13 3.49293e-26 8.67573e-24
6.58931e-13 3.49811e-26 8.64081e-24
6.61899e-13 3.50315e-26 8.60582e-24
6.6488e-13 3.50804e-26 8.57079e-24
6.67874e-13 3.5128e-26 8.53571e-24
6.70882e-13 3.51742e-26 8.50058e-24
6.73903e-13 3.52189e-26 8.46541e-24
6.76938e-13 3.52623e-26 8.43019e-24
6.79987e-13 3.53042e-26 8.39493e-24
6.8305e-13 3.53447e-26 8.35963e-24
6.86126e-13 3.53837e-26 8.32428e-24
6.89216e-13 3.54214e-26 8.2889e-24
6.9232e-13 3.54575e-26 8.25348e-24
6.95438e-13 3.54923e-26 8.21802e-24
6.9857e-13 3.55256e-26 8.18253e-24
7.01716e-13 3.55575e-26 8.147e-24
7.04877e-13 3.55879e-26 8.11144e-24
7.08051e-13 3.56168e-26 8.07585e-24
7.1124e-13 3.56443e-26 8.04024e-24
7.14443e-13 3.56704e-26 8.00459e-24
7.17661e-13 3.56949e-26 7.96892e-24
7.20893e-13 3.57181e-26 7.93323e-24
7.2414e-13 3.57397e-26 7.89751e-24
7.27401e-13 3.57599e-26 7.86177e-24
7.30677e-13 3.57786e-26 7.82601e-24
7.33968e-13 3.57959e-26 7.79023e-24
7.37273e-13 3.58117e-26 7.75444e-24
7.40594e-13 3.5826e-26 7.71862e-24
7.43929e-13 3.58388e-26 7.6828e-24
7.4728e-13 3.58502e-26 7.64696e-24
7.50645e-13 3.58601e-26 7.61111e-24
7.54026e-13 3.58686e-26 7.57525e-24
7.57422e-13 3.58755e-26 7.53938e-24
7.60833e-13 3.5881e-26 7.5035e-24
7.6426e-13 3.5885e-26 7.46762e-24
7.67702e-13 3.58876e-26 7.43174e-24
7.71159e-13 3.58887e-26 7.39585e-24
7.74632e-13 3.58883e-26 7.35996e-24
7.78121e-13 3.58864e-26 7.32407e-24
7.81625e-13 3.58831e-26 7.28819e-24
7.85146e-13 3.58783e-26 7.2523e-24
7.88682e-13 3.58721e-26 7.21643e-24
7.92234e-13 3.58644e-26 7.18055e-24
7.95802e-13 3.58552e-26 7.14469e-24
7.99386e-13 3.58446e-26 7.10883e-24
8.02986e-13 3.58325e-26 7.07299e-24
8.06602e-13 3.5819e-26 7.03716e-24
8.10235e-13 3.5804e-26 7.00134e-24
8.13884e-13 3.57876e-26 6.96553e-24
8.1755e-13 3.57697e-26 6.92975e-24
8.21232e-13 3.57504e-26 6.89398e-24
8.2493e-13 3.57297e-26 6.85823e-24
8.28645e-13 3.57075e-26 6.8225e-24
8.32377e-13 3.56839e-26 6.78679e-24
8.36126e-13 3.56588e-26 6.75111e-24
8.39892e-13 3.56324e-26 6.71545e-24
8.43674e-13 3.56045e-26 6.67981e-24
8.47474e-13 3.55753e-26 6.64421e-24
8.51291e-13 3.55446e-26 6.60863e-24
8.55125e-13 3.55125e-26 6.57309e-24
8.58976e-13 3.5479e-26 6.53758e-24
8.62845e-13 3.54441e-26 6.5021e-24
8.66731e-13 3.54079e-26 6.46665e-24
8.70634e-13 3.53702e-26 6.43125e-24
8.74555e-13 3.53312e-26 6.39588e-24
8.78494e-13 3.52908e-26 6.36055e-24
8.82451e-13 3.52491e-26 6.32525e-24
8.86425e-13 3.5206e-26 6.29001e-24
8.90417e-13 3.51615e-26 6.2548e-24
8.94427e-13 3.51157e-26 6.21964e-24
8.98455e-13 3.50686e-26 6.18452e-24
9.02502e-13 3.50201e-26 6.14945e-24
9.06566e-13 3.49703e-26 6.11443e-24
9.10649e-13 3.49192e-26 6.07946e-24
9.14751e-13 3.48668e-26 6.04454e-24
9.1887e-13 3.4813e-26 6.00968e-24
9.23009e-13 3.4758e-26 5.97486e-24
9.27166e-13 3.47017e-26 5.94011e-24
9.31341e-13 3.46441e-26 5.9054e-24
9.35536e-13 3.45853e-26 5.87076e-24
9.39749e-13 3.45251e-26 5.83618e-24
9.43982e-13 3.44638e-26 5.80165e-24
9.48233e-13 3.44011e-26 5.76719e-24
9.52504e-13 3.43373e-26 5.73279e-24
9.56793e-13 3.42722e-26 5.69845e-24
9.61103e-13 3.42058e-26 5.66418e-24
9.65431e-13 3.41383e-26 5.62997e-24
9.69779e-13 3.40695e-26 5.59583e-24
9.74147e-13 3.39996e-26 5.56176e-24
9.78534e-13 3.39285e-26 5.52776e-24
9.82941e-13 3.38562e-26 5.49383e-24
9.87368e-13 3.37827e-26 5.45998e-24
9.91815e-13 3.37081e-26 5.4262e-24
9.96282e-13 3.36323e-26 5.39249e-24
1.00077e-12 3.35554e-26 5.35885e-24
1.00528e-12 3.34774e-26 5.3253e-24
1.0098e-12 3.33982e-26 5.29182e-24
1.01435e-12 3.33179e-26 5.25842e-24
1.01892e-12 3.32366e-26 5.22511e-24
1.02351e-12 3.31541e-26 5.19187e-24
1.02812e-12 3.30706e-26 5.15872e-24
1.03275e-12 3.2986e-26 5.12564e-24
1.0374e-12 3.29003e-26 5.09266e-24
1.04207e-12 3.28136e-26 5.05976e-24
1.04676e-12 3.27258e-26 5.02694e-24
1.05148e-12 3.26371e-26 4.99422e-24
1.05621e-12 3.25473e-26 4.96158e-24
1.06097e-12 3.24565e-26 4.92903e-24
1.06575e-12 3.23647e-26 4.89658e-24
1.07055e-12 3.22719e-26 4.86421e-24
1.07537e-12 3.21782e-26 4.83194e-24
1.08021e-12 3.20835e-26 4.79976e-24
1.08508e-12 3.19879e-26 4.76768e-24
1.08997e-12 3.18913e-26 4.73569e-24
1.09487e-12 3.17938e-26 4.7038e-24
1.09981e-12 3.16954e-26 4.67201e-24
1.10476e-12 3.1596e-26 4.64031e-24
1.10973e-12 3.14958e-26 4.60872e-24
1.11473e-12 3.13948e-26 4.57722e-24
1.11975e-12 3.12928e-26 4.54582e-24
1.1248e-12 3.119e-26 4.51453e-24
1.12986e-12 3.10863e-26 4.48334e-24
1.13495e-12 3.09818e-26 4.45226e-24
1.14006e-12 3.08765e-26 4.42127e-24
1.1452e-12 3.07704e-26 4.3904e-24
1.15035e-12 3.06635e-26 4.35963e-24
1.15553e-12 3.05558e-26 4.32896e-24
1.16074e-12 3.04474e-26 4.29841e-24
1.16597e-12 3.03381e-26 4.26796e-24
1.17122e-12 3.02282e-26 4.23762e-24
1.17649e-12 3.01175e-26 4.20739e-24
1.18179e-12 3.00061e-26 4.17728e-24
1.18711e-12 2.98939e-26 4.14727e-24
1.19246e-12 2.97811e-26 4.11738e-24
1.19783e-12 2.96676e-26 4.0876e-24
1.20323e-12 2.95534e-26 4.05793e-24
1.20864e-12 2.94385e-26 4.02837e-24
1.21409e-12 2.9323e-26 3.99894e-24
1.21956e-12 2.92069e-26 3.96961e-24
1.22505e-12 2.90901e-26 3.94041e-24
1.23057e-12 2.89727e-26 3.91132e-24
1.23611e-12 2.88548e-26 3.88234e-24
1.24167e-12 2.87362e-26 3.85349e-24
1.24727e-12 2.86171e-26 3.82475e-24
1.25288e-12 2.84974e-26 3.79613e-24
1.25853e-12 2.83771e-26 3.76764e-24
1.26419e-12 2.82564e-26 3.73926e-24
1.26989e-12 2.81351e-26 3.711e-24
1.27561e-12 2.80132e-26 3.68287e-24
1.28135e-12 2.78909e-26 3.65486e-24
1.28712e-12 2.77681e-26 3.62696e-24
1.29292e-12 2.76448e-26 3.5992e-24
1.29874e-12 2.75211e-26 3.57155e-24
1.30459e-12 2.73969e-26 3.54403e-24
1.31047e-12 2.72723e-26 3.51663e-24
1.31637e-12 2.71472e-26 3.48936e-24
1.3223e-12 2.70217e-26 3.46221e-24
1.32825e-12 2.68959e-26 3.43519e-24
1.33424e-12 2.67696e-26 3.4083e-24
1.34024e-12 2.6643e-26 3.38153e-24
1.34628e-12 2.6516e-26 3.35488e-24
1.35234e-12 2.63886e-26 3.32837e-24
1.35843e-12 2.62609e-26 3.30198e-24
1.36455e-12 2.61329e-26 3.27572e-24
1.3707e-12 2.60046e-26 3.24959e-24
1.37687e-12 2.58759e-26 3.22358e-24
1.38307e-12 2.5747e-26 3.19771e-24
1.3893e-12 2.56178e-26 3.17196e-24
1.39556e-12 2.54883e-26 3.14634e-24
1.40184e-12 2.53585e-26 3.12085e-24
1.40816e-12 2.52286e-26 3.09549e-24
1.4145e-12 2.50983e-26 3.07027e-24
1.42087e-12 2.49679e-26 3.04517e-24
1.42727e-12 2.48373e-26 3.0202e-24
1.4337e-12 2.47064e-26 2.99536e-24
1.44015e-12 2.45754e-26 2.97066e-24
1.44664e-12 2.44442e-26 2.94608e-24
1.45315e-12 2.43128e-26 2.92164e-24
1.4597e-12 2.41813e-26 2.89732e-24
1.46627e-12 2.40496e-26 2.87314e-24
1.47288e-12 2.39178e-26 2.84909e-24
1.47951e-12 2.37859e-26 2.82517e-24
1.48617e-12 2.36539e-26 2.80139e-24
1.49287e-12 2.35218e-26 2.77773e-24
1.49959e-12 2.33895e-26 2.75421e-24
1.50634e-12 2.32573e-26 2.73082e-24
1.51313e-12 2.31249e-26 2.70757e-24
1.51994e-12 2.29925e-26 2.68444e-24
1.52679e-12 2.28601e-26 2.66145e-24
1.53366e-12 2.27276e-26 2.63859e-24
1.54057e-12 2.25951e-26 2.61586e-24
1.54751e-12 2.24626e-26 2.59327e-24
1.55448e-12 2.23301e-26 2.5708e-24
1.56148e-12 2.21976e-26 2.54847e-24
1.56851e-12 2.20652e-26 2.52628e-24
1.57558e-12 2.19327e-26 2.50421e-24
1.58267e-12 2.18003e-26 2.48228e-24
1.5898e-12 2.1668e-26 2.46048e-24
1.59696e-12 2.15357e-26 2.43881e-24
1.60415e-12 2.14035e-26 2.41727e-24
1.61138e-12 2.12713e-26 2.39587e-24
1.61864e-12 2.11393e-26 2.3746e-24
1.62592e-12 2.10073e-26 2.35346e-24
1.63325e-12 2.08755e-26 2.33245e-24
1.6406e-12 2.07438e-26 2.31158e-24
1.64799e-12 2.06122e-26 2.29083e-24
1.65541e-12 2.04807e-26 2.27022e-24
1.66287e-12 2.03494e-26 2.24974e-24
1.67036e-12 2.02182e-26 2.22939e-24
1.67788e-12 2.00873e-26 2.20917e-24
1.68544e-12 1.99564e-26 2.18908e-24
1.69303e-12 1.98258e-26 2.16913e-24
1.70065e-12 1.96953e-26 2.1493e-24
1.70831e-12 1.95651e-26 2.12961e-24
1.71601e-12 1.94351e-26 2.11004e-24
1.72374e-12 1.93052e-26 2.09061e-24
1.7315e-12 1.91756e-26 2.0713e-24
1.7393e-12 1.90463e-26 2.05213e-24
1.74713e-12 1.89171e-26 2.03308e-24
1.755e-12 1.87882e-26 2.01416e-24
1.7629e-12 1.86596e-26 1.99537e-24
1.77084e-12 1.85313e-26 1.97672e-24
1.77882e-12 1.84032e-26 1.95818e-24
1.78683e-12 1.82754e-26 1.93978e-24
1.79488e-12 1.81478e-26 1.92151e-24
1.80296e-12 1.80206e-26 1.90336e-24
1.81108e-12 1.78937e-26 1.88534e-24
1.81924e-12 1.77671e-26 1.86744e-24
1.82743e-12 1.76408e-26 1.84968e-24
1.83566e-12 1.75148e-26 1.83204e-24
1.84393e-12 1.73891e-26 1.81452e-24
1.85223e-12 1.72638e-26 1.79713e-24
1.86057e-12 1.71389e-26 1.77987e-24
1.86895e-12 1.70142e-26 1.76273e-24
1.87737e-12 1.689e-26 1.74571e-24
1.88583e-12 1.67661e-26 1.72882e-24
1.89432e-12 1.66426e-26 1.71206e-24
1.90285e-12 1.65194e-26 1.69542e-24
1.91142e-12 1.63966e-26 1.6789e-24
1.92003e-12 1.62742e-26 1.6625e-24
1.92868e-12 1.61523e-26 1.64623e-24
1.93736e-12 1.60307e-26 1.63007e-24
1.94609e-12 1.59095e-26 1.61404e-24
1.95485e-12 1.57887e-26 1.59813e-24
1.96366e-12 1.56684e-26 1.58234e-24
1.9725e-12 1.55484e-26 1.56668e-24
1.98138e-12 1.54289e-26 1.55113e-24
1.99031e-12 1.53098e-26 1.5357e-24
1.99927e-12 1.51912e-26 1.52039e-24
2.00827e-12 1.5073e-26 1.5052e-24
2.01732e-12 1.49553e-26 1.49012e-24
2.0264e-12 1.4838e-26 1.47517e-24
2.03553e-12 1.47211e-26 1.46033e-24
2.0447e-12 1.46048e-26 1.44561e-24
2.05391e-12 1.44889e-26 1.43101e-24
2.06316e-12 1.43734e-26 1.41652e-24
2.07245e-12 1.42585e-26 1.40214e-24
2.08178e-12 1.4144e-26 1.38788e-24
2.09116e-12 1.403e-26 1.37374e-24
2.10058e-12 1.39165e-26 1.35971e-24
2.11004e-12 1.38034e-26 1.34579e-24
2.11954e-12 1.36909e-26 1.33199e-24
2.12909e-12 1.35789e-26 1.3183e-24
2.13867e-12 1.34674e-26 1.30472e-24
2.14831e-12 1.33563e-26 1.29125e-24
2.15798e-12 1.32458e-26 1.2779e-24
2.1677e-12 1.31358e-26 1.26465e-24
2.17746e-12 1.30264e-26 1.25152e-24
2.18727e-12 1.29174e-26 1.23849e-24
2.19712e-12 1.2809e-26 1.22557e-24
2.20702e-12 1.27011e-26 1.21276e-24
2.21696e-12 1.25937e-26 1.20006e-24
2.22694e-12 1.24868e-26 1.18747e-24
2.23697e-12 1.23805e-26 1.17498e-24
2.24704e-12 1.22747e-26 1.1626e-24
2.25716e-12 1.21695e-26 1.15033e-24
2.26733e-12 1.20648e-26 1.13816e-24
2.27754e-12 1.19606e-26 1.12609e-24
2.2878e-12 1.1857e-26 1.11413e-24
2.2981e-12 1.1754e-26 1.10227e-24
2.30845e-12 1.16515e-26 1.09052e-24
2.31885e-12 1.15495e-26 1.07887e-24
2.32929e-12 1.14481e-26 1.06732e-24
2.33978e-12 1.13472e-26 1.05587e-24
2.35032e-12 1.1247e-26 1.04452e-24
2.36091e-12 1.11472e-26 1.03328e-24
2.37154e-12 1.10481e-26 1.02213e-24
2.38222e-12 1.09495e-26 1.01108e-24
2.39295e-12 1.08514e-26 1.00013e-24
2.40373e-12 1.07539e-26 9.89281e-25
2.41455e-12 1.0657e-26 9.78527e-25
2.42543e-12 1.05607e-26 9.6787e-25
2.43635e-12 1.04649e-26 9.57309e-25
2.44732e-12 1.03697e-26 9.46844e-25
2.45834e-12 1.02751e-26 9.36475e-25
2.46942e-12 1.01811e-26 9.262e-25
2.48054e-12 1.00876e-26 9.16018e-25
2.49171e-12 9.99467e-27 9.05931e-25
2.50293e-12 9.90234e-27 8.95936e-25
2.5142e-12 9.81058e-27 8.86034e-25
2.52553e-12 9.7194e-27 8.76223e-25
2.5369e-12 9.6288e-27 8.66504e-25
2.54833e-12 9.53877e-27 8.56875e-25
2.5598e-12 9.44932e-27 8.47336e-25
2.57133e-12 9.36045e-27 8.37887e-25
2.58291e-12 9.27215e-27 8.28527e-25
2.59454e-12 9.18443e-27 8.19254e-25
2.60623e-12 9.09729e-27 8.1007e-25
2.61797e-12 9.01073e-27 8.00973e-25
2.62976e-12 8.92474e-27 7.91962e-25
2.6416e-12 8.83934e-27 7.83037e-25
2.6535e-12 8.75451e-27 7.74198e-25
2.66545e-12 8.67025e-27 7.65443e-25
2.67745e-12 8.58657e-27 7.56773e-25
2.68951e-12 8.50347e-27 7.48187e-25
2.70162e-12 8.42095e-27 7.39683e-25
2.71379e-12 8.339e-27 7.31262e-25
2.72601e-12 8.25762e-27 7.22923e-25
2.73829e-12 8.17682e-27 7.14665e-25
2.75062e-12 8.09659e-27 7.06489e-25
2.76301e-12 8.01694e-27 6.98392e-25
2.77546e-12 7.93785e-27 6.90375e-25
2.78796e-12 7.85934e-27 6.82437e-25
2.80051e-12 7.7814e-27 6.74578e-25
2.81312e-12 7.70403e-27 6.66797e-25
2.82579e-12 7.62722e-27 6.59093e-25
2.83852e-12 7.55098e-27 6.51465e-25
2.8513e-12 7.47531e-27 6.43914e-25
2.86415e-12 7.4002e-27 6.36439e-25
2.87705e-12 7.32566e-27 6.29039e-25
2.89e-12 7.25168e-27 6.21713e-25
2.90302e-12 7.17826e-27 6.14461e-25
2.91609e-12 7.1054e-27 6.07283e-25
2.92923e-12 7.03309e-27 6.00178e-25
2.94242e-12 6.96135e-27 5.93145e-25
2.95567e-12 6.89016e-27 5.86183e-25
2.96898e-12 6.81952e-27 5.79293e-25
2.98235e-12 6.74944e-27 5.72474e-25
2.99578e-12 6.6799e-27 5.65724e-25
3.00928e-12 6.61092e-27 5.59044e-25
3.02283e-12 6.54248e-27 5.52433e-25
3.03644e-12 6.47459e-27 5.45891e-25
3.05012e-12 6.40724e-27 5.39416e-25
3.06386e-12 6.34044e-27 5.33009e-25
3.07765e-12 6.27417e-27 5.26669e-25
3.09152e-12 6.20845e-27 5.20395e-25
3.10544e-12 6.14326e-27 5.14186e-25
3.11942e-12 6.0786e-27 5.08043e-25
3.13347e-12 6.01448e-27 5.01964e-25
3.14759e-12 5.95088e-27 4.9595e-25
3.16176e-12 5.88782e-27 4.89999e-25
3.176e-12 5.82528e-27 4.84111e-25
3.19031e-12 5.76327e-27 4.78286e-25
3.20467e-12 5.70178e-27 4.72522e-25
3.21911e-12 5.64081e-27 4.66821e-25
3.2336e-12 5.58035e-27 4.6118e-25
3.24817e-12 5.52042e-27 4.556e-25
3.2628e-12 5.46099e-27 4.50079e-25
3.27749e-12 5.40208e-27 4.44618e-25
3.29225e-12 5.34368e-27 4.39216e-25
3.30708e-12 5.28578e-27 4.33872e-25
3.32197e-12 5.22839e-27 4.28587e-25
3.33693e-12 5.17149e-27 4.23358e-25
3.35196e-12 5.1151e-27 4.18187e-25
3.36706e-12 5.05921e-27 4.13072e-25
3.38222e-12 5.00381e-27 4.08012e-25
3.39746e-12 4.9489e-27 4.03009e-25
3.41276e-12 4.89448e-27 3.9806e-25
3.42813e-12 4.84055e-27 3.93165e-25
3.44357e-12 4.7871e-27 3.88325e-25
3.45908e-12 4.73414e-27 3.83538e-25
3.47465e-12 4.68165e-27 3.78803e-25
3.4903e-12 4.62965e-27 3.74122e-25
3.50602e-12 4.57811e-27 3.69492e-25
3.52181e-12 4.52705e-27 3.64914e-25
3.53767e-12 4.47646e-27 3.60387e-25
3.55361e-12 4.42633e-27 3.5591e-25
3.56961e-12 4.37667e-27 3.51484e-25
3.58569e-12 4.32747e-27 3.47107e-25
3.60184e-12 4.27873e-27 3.4278e-25
3.61806e-12 4.23044e-27 3.38501e-25
3.63435e-12 4.18261e-27 3.34271e-25
3.65072e-12 4.13523e-27 3.30088e-25
3.66716e-12 4.0883e-27 3.25953e-25
3.68368e-12 4.04181e-27 3.21865e-25
3.70027e-12 3.99576e-27 3.17823e-25
3.71693e-12 3.95016e-27 3.13827e-25
3.73367e-12 3.90499e-27 3.09877e-25
3.75049e-12 3.86025e-27 3.05972e-25
3.76738e-12 3.81595e-27 3.02112e-25
3.78435e-12 3.77207e-27 2.98296e-25
3.80139e-12 3.72862e-27 2.94524e-25
3.81851e-12 3.6856e-27 2.90795e-25
3.83571e-12 3.64299e-27 2.87109e-25
3.85298e-12 3.60081e-27 2.83466e-25
3.87034e-12 3.55903e-27 2.79866e-25
3.88777e-12 3.51767e-27 2.76307e-25
3.90528e-12 3.47672e-27 2.72789e-25
3.92286e-12 3.43617e-27 2.69312e-25
3.94053e-12 3.39603e-27 2.65876e-25
3.95828e-12 3.35629e-27 2.6248e-25
3.97611e-12 3.31695e-27 2.59124e-25
3.99401e-12 3.278e-27 2.55807e-25
4.012e-12 3.23944e-27 2.52529e-25
4.03007e-12 3.20128e-27 2.49289e-25
4.04822e-12 3.1635e-27 2.46088e-25
4.06645e-12 3.1261e-27 2.42925e-25
4.08477e-12 3.08909e-27 2.39798e-25
4.10316e-12 3.05245e-27 2.36709e-25
4.12164e-12 3.01619e-27 2.33657e-25
4.1402e-12 2.98031e-27 2.30641e-25
4.15885e-12 2.94479e-27 2.2766e-25
4.17758e-12 2.90964e-27 2.24716e-25
4.1964e-12 2.87485e-27 2.21806e-25
4.2153e-12 2.84043e-27 2.18931e-25
4.23428e-12 2.80636e-27 2.16091e-25
4.25335e-12 2.77265e-27 2.13284e-25
4.27251e-12 2.7393e-27 2.10512e-25
4.29175e-12 2.70629e-27 2.07772e-25
4.31108e-12 2.67363e-27 2.05066e-25
4.33049e-12 2.64132e-27 2.02392e-25
4.35e-12 2.60935e-27 1.99751e-25
4.36959e-12 2.57772e-27 1.97142e-25
4.38927e-12 2.54642e-27 1.94564e-25
4.40903e-12 2.51546e-27 1.92018e-25
4.42889e-12 2.48483e-27 1.89502e-25
4.44884e-12 2.45453e-27 1.87017e-25
4.46887e-12 2.42456e-27 1.84563e-25
4.489e-12 2.3949e-27 1.82138e-25
4.50922e-12 2.36557e-27 1.79743e-25
4.52953e-12 2.33656e-27 1.77378e-25
4.54993e-12 2.30786e-27 1.75041e-25
4.57042e-12 2.27947e-27 1.72733e-25
4.591e-12 2.25139e-27 1.70454e-25
4.61168e-12 2.22362e-27 1.68203e-25
4.63245e-12 2.19616e-27 1.65979e-25
4.65331e-12 2.169e-27 1.63783e-25
4.67427e-12 2.14213e-27 1.61614e-25
4.69532e-12 2.11556e-27 1.59472e-25
4.71647e-12 2.08929e-27 1.57356e-25
4.73771e-12 2.06331e-27 1.55267e-25
4.75904e-12 2.03761e-27 1.53203e-25
4.78048e-12 2.0122e-27 1.51166e-25
4.80201e-12 1.98708e-27 1.49154e-25
4.82363e-12 1.96224e-27 1.47167e-25
4.84536e-12 1.93767e-27 1.45204e-25
4.86718e-12 1.91339e-27 1.43267e-25
4.8891e-12 1.88937e-27 1.41353e-25
4.91112e-12 1.86563e-27 1.39464e-25
4.93324e-12 1.84215e-27 1.37598e-25
4.95546e-12 1.81894e-27 1.35756e-25
4.97777e-12 1.796e-27 1.33937e-25
5.00019e-12 1.77331e-27 1.32141e-25
5.02271e-12 1.75089e-27 1.30368e-25
5.04533e-12 1.72872e-27 1.28617e-25
5.06806e-12 1.70681e-27 1.26888e-25
5.09088e-12 1.68514e-27 1.25181e-25
5.11381e-12 1.66373e-27 1.23496e-25
5.13684e-12 1.64256e-27 1.21833e-25
5.15997e-12 1.62164e-27 1.2019e-25
5.18321e-12 1.60096e-27 1.18568e-25
5.20656e-12 1.58051e-27 1.16967e-25
5.23001e-12 1.56031e-27 1.15387e-25
5.25356e-12 1.54034e-27 1.13827e-25
5.27722e-12 1.52061e-27 1.12286e-25
5.30099e-12 1.5011e-27 1.10766e-25
5.32486e-12 1.48182e-27 1.09265e-25
5.34884e-12 1.46277e-27 1.07783e-25
5.37293e-12 1.44394e-27 1.0632e-25
5.39713e-12 1.42534e-27 1.04876e-25
5.42144e-12 1.40695e-27 1.03451e-25
5.44586e-12 1.38878e-27 1.02044e-25
5.47038e-12 1.37083e-27 1.00655e-25
5.49502e-12 1.35309e-27 9.92841e-26
5.51977e-12 1.33556e-27 9.7931e-26
5.54463e-12 1.31823e-27 9.65955e-26
5.5696e-12 1.30112e-27 9.52772e-26
5.59468e-12 1.28421e-27 9.39761e-26
5.61988e-12 1.2675e-27 9.26919e-26
5.64519e-12 1.25099e-27 9.14244e-26
5.67061e-12 1.23468e-27 9.01734e-26
5.69615e-12 1.21856e-27 8.89387e-26
5.72181e-12 1.20264e-27 8.77202e-26
5.74757e-12 1.18692e-27 8.65175e-26
5.77346e-12 1.17138e-27 8.53306e-26
5.79946e-12 1.15603e-27 8.41592e-26
5.82558e-12 1.14086e-27 8.30032e-26
5.85182e-12 1.12588e-27 8.18624e-26
5.87817e-12 1.11108e-27 8.07365e-26
5.90465e-12 1.09647e-27 7.96254e-26
5.93124e-12 1.08203e-27 7.85289e-26
5.95795e-12 1.06776e-27 7.74469e-26
5.98478e-12 1.05368e-27 7.63791e-26
6.01174e-12 1.03976e-27 7.53255e-26
6.03881e-12 1.02602e-27 7.42857e-26
6.06601e-12 1.01244e-27 7.32597e-26
6.09333e-12 9.99032e-28 7.22472e-26
6.12077e-12 9.85788e-28 7.12482e-26
6.14834e-12 9.72709e-28 7.02624e-26
6.17603e-12 9.59791e-28 6.92897e-26
6.20384e-12 9.47033e-28 6.83299e-26
6.23178e-12 9.34434e-28 6.73829e-26
6.25985e-12 9.21991e-28 6.64485e-26
6.28804e-12 9.09703e-28 6.55265e-26
6.31636e-12 8.97568e-28 6.46168e-26
6.34481e-12 8.85585e-28 6.37192e-26
6.37339e-12 8.73751e-28 6.28336e-26
6.40209e-12 8.62065e-28 6.19599e-26
6.43092e-12 8.50526e-28 6.10978e-26
6.45989e-12 8.39132e-28 6.02473e-26
6.48898e-12 8.2788e-28 5.94081e-26
6.5182e-12 8.16771e-28 5.85803e-26
6.54756e-12 8.05801e-28 5.77635e-26
6.57705e-12 7.9497e-28 5.69577e-26
6.60667e-12 7.84276e-28 5.61627e-26
6.63642e-12 7.73717e-28 5.53784e-26
6.66631e-12 7.63292e-28 5.46047e-26
6.69633e-12 7.52999e-28 5.38414e-26
6.72649e-12 7.42836e-28 5.30884e-26
6.75679e-12 7.32803e-28 5.23456e-26
6.78722e-12 7.22898e-28 5.16128e-26
6.81779e-12 7.13119e-28 5.08899e-26
6.84849e-12 7.03465e-28 5.01768e-26
6.87933e-12 6.93934e-28 4.94733e-26
6.91032e-12 6.84526e-28 4.87794e-26
6.94144e-12 6.75238e-28 4.80948e-26
6.9727e-12 6.66069e-28 4.74196e-26
7.0041e-12 6.57017e-28 4.67535e-26
7.03565e-12 6.48083e-28 4.60965e-26
7.06734e-12 6.39263e-28 4.54484e-26
7.09916e-12 6.30557e-28 4.48092e-26
7.13114e-12 6.21963e-28 4.41786e-26
7.16325e-12 6.13481e-28 4.35567e-26
7.19551e-12 6.05108e-28 4.29432e-26
7.22792e-12 5.96843e-28 4.23381e-26
7.26047e-12 5.88686e-28 4.17412e-26
7.29317e-12 5.80635e-28 4.11525e-26
7.32602e-12 5.72688e-28 4.05719e-26
7.35901e-12 5.64845e-28 3.99992e-26
7.39216e-12 5.57103e-28 3.94344e-26
7.42545e-12 5.49463e-28 3.88773e-26
7.45889e-12 5.41923e-28 3.83278e-26
7.49248e-12 5.34481e-28 3.77859e-26
7.52623e-12 5.27136e-28 3.72514e-26
7.56012e-12 5.19888e-28 3.67243e-26
7.59417e-12 5.12734e-28 3.62044e-26
7.62837e-12 5.05675e-28 3.56916e-26
7.66273e-12 4.98708e-28 3.5186e-26
7.69724e-12 4.91833e-28 3.46873e-26
7.73191e-12 4.85048e-28 3.41954e-26
7.76673e-12 4.78353e-28 3.37104e-26
7.80171e-12 4.71746e-28 3.3232e-26
7.83684e-12 4.65226e-28 3.27603e-26
7.87214e-12 4.58793e-28 3.22951e-26
7.90759e-12 4.52444e-28 3.18363e-26
7.94321e-12 4.4618e-28 3.13838e-26
7.97898e-12 4.39999e-28 3.09376e-26
8.01492e-12 4.339e-28 3.04976e-26
8.05101e-12 4.27881e-28 3.00637e-26
8.08727e-12 4.21943e-28 2.96359e-26
8.12369e-12 4.16084e-28 2.92139e-26
8.16028e-12 4.10303e-28 2.87978e-26
8.19703e-12 4.04599e-28 2.83875e-26
8.23395e-12 3.98971e-28 2.79829e-26
8.27103e-12 3.93418e-28 2.7584e-26
8.30828e-12 3.87939e-28 2.71905e-26
8.3457e-12 3.82534e-28 2.68026e-26
8.38329e-12 3.77201e-28 2.64201e-26
8.42104e-12 3.7194e-28 2.60429e-26
8.45897e-12 3.66749e-28 2.56709e-26
8.49707e-12 3.61628e-28 2.53042e-26
8.53534e-12 3.56576e-28 2.49425e-26
8.57378e-12 3.51591e-28 2.4586e-26
8.61239e-12 3.46674e-28 2.42344e-26
8.65118e-12 3.41823e-28 2.38877e-26
8.69014e-12 3.37038e-28 2.35459e-26
8.72928e-12 3.32317e-28 2.32088e-26
8.76859e-12 3.2766e-28 2.28765e-26
8.80808e-12 3.23066e-28 2.25489e-26
8.84775e-12 3.18533e-28 2.22258e-26
8.8876e-12 3.14063e-28 2.19073e-26
8.92763e-12 3.09653e-28 2.15932e-26
8.96783e-12 3.05302e-28 2.12836e-26
9.00822e-12 3.01011e-28 2.09783e-26
9.04879e-12 2.96778e-28 2.06772e-26
9.08955e-12 2.92603e-28 2.03805e-26
9.13048e-12 2.88484e-28 2.00879e-26
9.1716e-12 2.84422e-28 1.97994e-26
9.21291e-12 2.80415e-28 1.9515e-26
9.2544e-12 2.76462e-28 1.92345e-26
9.29608e-12 2.72564e-28 1.89581e-26
9.33795e-12 2.68718e-28 1.86855e-26
9.38e-12 2.64926e-28 1.84168e-26
9.42225e-12 2.61185e-28 1.81519e-26
9.46468e-12 2.57495e-28 1.78907e-26
9.50731e-12 2.53856e-28 1.76332e-26
9.55013e-12 2.50266e-28 1.73793e-26
9.59314e-12 2.46726e-28 1.71291e-26
9.63634e-12 2.43235e-28 1.68823e-26
9.67974e-12 2.39791e-28 1.66391e-26
9.72334e-12 2.36395e-28 1.63993e-26
9.76713e-12 2.33046e-28 1.61629e-26
9.81112e-12 2.29742e-28 1.59299e-26
9.8553e-12 2.26484e-28 1.57001e-26
9.89969e-12 2.23271e-28 1.54736e-26
9.94427e-12 2.20103e-28 1.52504e-26
9.98906e-12 2.16978e-28 1.50303e-26
1.0034e-11 2.13896e-28 1.48133e-26
1.00792e-11 2.10857e-28 1.45994e-26
1.01246e-11 2.07859e-28 1.43885e-26
1.01702e-11 2.04904e-28 1.41807e-26
1.0216e-11 2.01989e-28 1.39758e-26
1.0262e-11 1.99114e-28 1.37738e-26
1.03083e-11 1.9628e-28 1.35747e-26
1.03547e-11 1.93485e-28 1.33784e-26
1.04013e-11 1.90728e-28 1.31849e-26
1.04482e-11 1.8801e-28 1.29942e-26
1.04952e-11 1.85329e-28 1.28062e-26
1.05425e-11 1.82686e-28 1.26208e-26
1.059e-11 1.8008e-28 1.24382e-26
1.06377e-11 1.7751e-28 1.22581e-26
1.06856e-11 1.74975e-28 1.20806e-26
1.07337e-11 1.72476e-28 1.19056e-26
1.0782e-11 1.70012e-28 1.17331e-26
1.08306e-11 1.67582e-28 1.15631e-26
1.08794e-11 1.65186e-28 1.13955e-26
1.09284e-11 1.62824e-28 1.12303e-26
1.09776e-11 1.60494e-28 1.10675e-26
1.1027e-11 1.58198e-28 1.0907e-26
1.10767e-11 1.55933e-28 1.07488e-26
1.11266e-11 1.537e-28 1.05929e-26
1.11767e-11 1.51498e-28 1.04392e-26
1.1227e-11 1.49327e-28 1.02877e-26
1.12776e-11 1.47187e-28 1.01384e-26
1.13284e-11 1.45076e-28 9.99118e-27
1.13794e-11 1.42996e-28 9.8461e-27
1.14307e-11 1.40944e-28 9.70311e-27
1.14821e-11 1.38921e-28 9.56216e-27
1.15338e-11 1.36927e-28 9.42324e-27
1.15858e-11 1.34961e-28 9.28631e-27
1.1638e-11 1.33022e-28 9.15135e-27
1.16904e-11 1.31111e-28 9.01833e-27
1.1743e-11 1.29226e-28 8.88722e-27
1.17959e-11 1.27368e-28 8.75799e-27
1.1849e-11 1.25537e-28 8.63063e-27
1.19024e-11 1.23731e-28 8.50509e-27
1.1956e-11 1.2195e-28 8.38136e-27
1.20099e-11 1.20195e-28 8.25941e-27
1.2064e-11 1.18465e-28 8.13921e-27
1.21183e-11 1.16759e-28 8.02075e-27
1.21729e-11 1.15077e-28 7.90399e-27
1.22277e-11 1.13419e-28 7.78891e-27
1.22828e-11 1.11784e-28 7.67549e-27
1.23381e-11 1.10173e-28 7.56371e-27
1.23936e-11 1.08584e-28 7.45354e-27
1.24495e-11 1.07018e-28 7.34495e-27
1.25055e-11 1.05474e-28 7.23793e-27
1.25618e-11 1.03952e-28 7.13246e-27
1.26184e-11 1.02452e-28 7.02851e-27
1.26753e-11 1.00972e-28 6.92606e-27
1.27323e-11 9.95143e-29 6.82508e-27
1.27897e-11 9.80768e-29 6.72557e-27
1.28473e-11 9.66598e-29 6.62749e-27
1.29051e-11 9.5263e-29 6.53083e-27
1.29633e-11 9.3886e-29 6.43557e-27
1.30216e-11 9.25286e-29 6.34168e-27
1.30803e-11 9.11905e-29 6.24916e-27
1.31392e-11 8.98714e-29 6.15797e-27
1.31984e-11 8.85712e-29 6.06809e-27
1.32578e-11 8.72895e-29 5.97952e-27
1.33175e-11 8.60261e-29 5.89223e-27
1.33775e-11 8.47806e-29 5.80621e-27
1.34378e-11 8.3553e-29 5.72143e-27
1.34983e-11 8.23429e-29 5.63787e-27
1.35591e-11 8.115e-29 5.55553e-27
1.36201e-11 7.99742e-29 5.47438e-27
1.36815e-11 7.88152e-29 5.39441e-27
1.37431e-11 7.76728e-29 5.31559e-27
1.3805e-11 7.65467e-29 5.23792e-27
1.38672e-11 7.54367e-29 5.16137e-27
1.39296e-11 7.43425e-29 5.08594e-27
1.39923e-11 7.32641e-29 5.01159e-27
1.40554e-11 7.22011e-29 4.93833e-27
1.41187e-11 7.11533e-29 4.86613e-27
1.41823e-11 7.01205e-29 4.79497e-27
1.42461e-11 6.91026e-29 4.72485e-27
1.43103e-11 6.80992e-29 4.65575e-27
1.43747e-11 6.71102e-29 4.58765e-27
1.44395e-11 6.61355e-29 4.52054e-27
1.45045e-11 6.51747e-29 4.45441e-27
1.45698e-11 6.42277e-29 4.38923e-27
1.46354e-11 6.32943e-29 4.325e-27
1.47014e-11 6.23743e-29 4.26171e-27
1.47676e-11 6.14675e-29 4.19934e-27
1.48341e-11 6.05738e-29 4.13787e-27
1.49009e-11 5.9693e-29 4.07729e-27
1.4968e-11 5.88248e-29 4.0176e-27
1.50354e-11 5.7969e-29 3.95878e-27
1.51031e-11 5.71257e-29 3.90081e-27
1.51711e-11 5.62944e-29 3.84368e-27
1.52395e-11 5.54752e-29 3.78739e-27
1.53081e-11 5.46677e-29 3.73191e-27
1.5377e-11 5.38719e-29 3.67724e-27
1.54463e-11 5.30875e-29 3.62337e-27
1.55159e-11 5.23145e-29 3.57028e-27
1.55857e-11 5.15526e-29 3.51797e-27
1.56559e-11 5.08017e-29 3.46642e-27
1.57265e-11 5.00616e-29 3.41562e-27
1.57973e-11 4.93322e-29 3.36555e-27
1.58684e-11 4.86134e-29 3.31622e-27
1.59399e-11 4.79049e-29 3.26761e-27
1.60117e-11 4.72067e-29 3.2197e-27
1.60838e-11 4.65185e-29 3.1725e-27
1.61562e-11 4.58403e-29 3.12598e-27
1.6229e-11 4.5172e-29 3.08014e-27
1.63021e-11 4.45132e-29 3.03497e-27
1.63755e-11 4.38641e-29 2.99045e-27
1.64493e-11 4.32243e-29 2.94659e-27
1.65233e-11 4.25937e-29 2.90337e-27
1.65978e-11 4.19723e-29 2.86077e-27
1.66725e-11 4.13599e-29 2.8188e-27
1.67476e-11 4.07564e-29 2.77744e-27
1.6823e-11 4.01616e-29 2.73668e-27
1.68988e-11 3.95755e-29 2.69652e-27
1.69749e-11 3.89978e-29 2.65695e-27
1.70513e-11 3.84285e-29 2.61795e-27
1.71281e-11 3.78675e-29 2.57952e-27
1.72053e-11 3.73146e-29 2.54165e-27
1.72828e-11 3.67697e-29 2.50434e-27
1.73606e-11 3.62327e-29 2.46757e-27
1.74388e-11 3.57036e-29 2.43133e-27
1.75173e-11 3.51821e-29 2.39563e-27
1.75962e-11 3.46682e-29 2.36045e-27
1.76755e-11 3.41617e-29 2.32578e-27
1.77551e-11 3.36626e-29 2.29162e-27
1.7835e-11 3.31708e-29 2.25796e-27
1.79154e-11 3.26861e-29 2.22479e-27
1.7996e-11 3.22084e-29 2.1921e-27
1.80771e-11 3.17378e-29 2.15989e-27
1.81585e-11 3.12739e-29 2.12815e-27
1.82403e-11 3.08168e-29 2.09688e-27
1.83224e-11 3.03663e-29 2.06606e-27
1.8405e-11 2.99225e-29 2.0357e-27
1.84878e-11 2.9485e-29 2.00577e-27
1.85711e-11 2.9054e-29 1.97629e-27
1.86547e-11 2.86292e-29 1.94724e-27
1.87388e-11 2.82106e-29 1.91861e-27
1.88232e-11 2.77981e-29 1.8904e-27
1.89079e-11 2.73916e-29 1.8626e-27
1.89931e-11 2.6991e-29 1.83521e-27
1.90786e-11 2.65963e-29 1.80821e-27
1.91646e-11 2.62073e-29 1.78162e-27
1.92509e-11 2.5824e-29 1.75541e-27
1.93376e-11 2.54463e-29 1.72959e-27
1.94247e-11 2.50741e-29 1.70414e-27
1.95121e-11 2.47073e-29 1.67907e-27
1.96e-11 2.43459e-29 1.65436e-27
1.96883e-11 2.39897e-29 1.63001e-27
1.9777e-11 2.36388e-29 1.60602e-27
1.9866e-11 2.32929e-29 1.58239e-27
1.99555e-11 2.29522e-29 1.55909e-27
2.00454e-11 2.26164e-29 1.53614e-27
2.01357e-11 2.22855e-29 1.51352e-27
2.02263e-11 2.19594e-29 1.49124e-27
2.03174e-11 2.16381e-29 1.46928e-27
2.04089e-11 2.13215e-29 1.44764e-27
2.05008e-11 2.10095e-29 1.42632e-27
2.05932e-11 2.07021e-29 1.40531e-27
2.06859e-11 2.03992e-29 1.38461e-27
2.07791e-11 2.01007e-29 1.36421e-27
2.08727e-11 1.98065e-29 1.34411e-27
2.09667e-11 1.95167e-29 1.3243e-27
2.10611e-11 1.92311e-29 1.30478e-27
2.1156e-11 1.89497e-29 1.28555e-27
2.12512e-11 1.86724e-29 1.2666e-27
2.13469e-11 1.83992e-29 1.24793e-27
2.14431e-11 1.81299e-29 1.22953e-27
2.15397e-11 1.78646e-29 1.2114e-27
2.16367e-11 1.76032e-29 1.19354e-27
2.17341e-11 1.73456e-29 1.17593e-27
2.1832e-11 1.70918e-29 1.15859e-27
2.19303e-11 1.68417e-29 1.1415e-27
2.20291e-11 1.65953e-29 1.12466e-27
2.21283e-11 1.63525e-29 1.10806e-27
2.2228e-11 1.61132e-29 1.09171e-27
2.23281e-11 1.58774e-29 1.07559e-27
2.24286e-11 1.56451e-29 1.05972e-27
2.25296e-11 1.54162e-29 1.04407e-27
2.26311e-11 1.51907e-29 1.02866e-27
2.2733e-11 1.49684e-29 1.01346e-27
2.28354e-11 1.47494e-29 9.98496e-28
2.29383e-11 1.45337e-29 9.83747e-28
2.30416e-11 1.4321e-29 9.69213e-28
2.31453e-11 1.41115e-29 9.54892e-28
2.32496e-11 1.39051e-29 9.40781e-28
2.33543e-11 1.37017e-29 9.26876e-28
2.34595e-11 1.35013e-29 9.13174e-28
2.35651e-11 1.33038e-29 8.99672e-28
2.36713e-11 1.31093e-29 8.86369e-28
2.37779e-11 1.29175e-29 8.73259e-28
2.3885e-11 1.27286e-29 8.60342e-28
2.39925e-11 1.25425e-29 8.47613e-28
2.41006e-11 1.23591e-29 8.35071e-28
2.42091e-11 1.21784e-29 8.22712e-28
2.43182e-11 1.20003e-29 8.10533e-28
2.44277e-11 1.18248e-29 7.98533e-28
2.45377e-11 1.1652e-29 7.86708e-28
2.46482e-11 1.14816e-29 7.75056e-28
2.47592e-11 1.13138e-29 7.63575e-28
2.48707e-11 1.11484e-29 7.52261e-28
2.49827e-11 1.09855e-29 7.41112e-28
2.50952e-11 1.08249e-29 7.30127e-28
2.52083e-11 1.06667e-29 7.19302e-28
2.53218e-11 1.05109e-29 7.08635e-28
2.54358e-11 1.03573e-29 6.98124e-28
2.55504e-11 1.0206e-29 6.87767e-28
2.56655e-11 1.00569e-29 6.77561e-28
2.57811e-11 9.90995e-30 6.67504e-28
2.58972e-11 9.76519e-30 6.57594e-28
2.60138e-11 9.62256e-30 6.47829e-28
2.6131e-11 9.48203e-30 6.38206e-28
2.62486e-11 9.34356e-30 6.28724e-28
2.63669e-11 9.20713e-30 6.19381e-28
2.64856e-11 9.0727e-30 6.10174e-28
2.66049e-11 8.94024e-30 6.01101e-28
2.67247e-11 8.80973e-30 5.92161e-28
2.68451e-11 8.68114e-30 5.83351e-28
2.6966e-11 8.55444e-30 5.7467e-28
2.70874e-11 8.4296e-30 5.66115e-28
2.72094e-11 8.30659e-30 5.57686e-28
2.7332e-11 8.1854e-30 5.49379e-28
2.74551e-11 8.06598e-30 5.41194e-28
2.75787e-11 7.94832e-30 5.33128e-28
2.77029e-11 7.83239e-30 5.2518e-28
2.78277e-11 7.71816e-30 5.17347e-28
2.7953e-11 7.60561e-30 5.09629e-28
2.80789e-11 7.49471e-30 5.02023e-28
2.82054e-11 7.38545e-30 4.94529e-28
2.83324e-11 7.27779e-30 4.87143e-28
2.846e-11 7.17171e-30 4.79865e-28
2.85882e-11 7.06719e-30 4.72694e-28
2.87169e-11 6.96421e-30 4.65627e-28
2.88462e-11 6.86274e-30 4.58662e-28
2.89762e-11 6.76277e-30 4.518e-28
2.91067e-11 6.66426e-30 4.45037e-28
2.92377e-11 6.5672e-30 4.38373e-28
2.93694e-11 6.47157e-30 4.31805e-28
2.95017e-11 6.37734e-30 4.25334e-28
2.96346e-11 6.2845e-30 4.18957e-28
2.9768e-11 6.19302e-30 4.12672e-28
2.99021e-11 6.10288e-30 4.06479e-28
3.00368e-11 6.01408e-30 4.00376e-28
3.0172e-11 5.92657e-30 3.94362e-28
3.03079e-11 5.84035e-30 3.88435e-28
3.04444e-11 5.7554e-30 3.82595e-28
3.05815e-11 5.6717e-30 3.7684e-28
3.07193e-11 5.58923e-30 3.71168e-28
3.08576e-11 5.50797e-30 3.65579e-28
3.09966e-11 5.4279e-30 3.60071e-28
3.11362e-11 5.34902e-30 3.54643e-28
3.12764e-11 5.27129e-30 3.49294e-28
3.14173e-11 5.1947e-30 3.44023e-28
3.15588e-11 5.11923e-30 3.38828e-28
3.17009e-11 5.04488e-30 3.33709e-28
3.18437e-11 4.97162e-30 3.28664e-28
3.19871e-11 4.89943e-30 3.23692e-28
3.21312e-11 4.82831e-30 3.18793e-28
3.22759e-11 4.75823e-30 3.13964e-28
3.24212e-11 4.68918e-30 3.09206e-28
3.25672e-11 4.62114e-30 3.04517e-28
3.27139e-11 4.55411e-30 2.99896e-28
3.28612e-11 4.48805e-30 2.95342e-28
3.30092e-11 4.42297e-30 2.90854e-28
3.31579e-11 4.35885e-30 2.86431e-28
3.33072e-11 4.29566e-30 2.82072e-28
3.34573e-11 4.23341e-30 2.77776e-28
3.36079e-11 4.17206e-30 2.73543e-28
3.37593e-11 4.11162e-30 2.69371e-28
3.39113e-11 4.05207e-30 2.65259e-28
3.40641e-11 3.99339e-30 2.61207e-28
3.42175e-11 3.93557e-30 2.57214e-28
3.43716e-11 3.8786e-30 2.53278e-28
3.45264e-11 3.82246e-30 2.494e-28
3.46819e-11 3.76715e-30 2.45577e-28
3.48381e-11 3.71265e-30 2.4181e-28
3.4995e-11 3.65895e-30 2.38097e-28
3.51526e-11 3.60604e-30 2.34438e-28
3.53109e-11 3.55391e-30 2.30832e-28
3.54699e-11 3.50254e-30 2.27278e-28
3.56297e-11 3.45192e-30 2.23776e-28
3.57901e-11 3.40205e-30 2.20324e-28
3.59513e-11 3.35291e-30 2.16922e-28
3.61132e-11 3.30448e-30 2.13569e-28
3.62759e-11 3.25677e-30 2.10264e-28
3.64393e-11 3.20976e-30 2.07008e-28
3.66034e-11 3.16344e-30 2.03798e-28
3.67682e-11 3.11779e-30 2.00634e-28
3.69338e-11 3.07282e-30 1.97517e-28
3.71002e-11 3.0285e-30 1.94444e-28
3.72672e-11 2.98484e-30 1.91415e-28
3.74351e-11 2.94181e-30 1.88431e-28
3.76037e-11 2.89941e-30 1.85489e-28
3.7773e-11 2.85764e-30 1.82589e-28
3.79432e-11 2.81647e-30 1.79732e-28
3.8114e-11 2.77591e-30 1.76915e-28
3.82857e-11 2.73595e-30 1.74139e-28
3.84581e-11 2.69657e-30 1.71403e-28
3.86313e-11 2.65776e-30 1.68707e-28
3.88053e-11 2.61953e-30 1.66049e-28
3.89801e-11 2.58185e-30 1.63429e-28
3.91556e-11 2.54472e-30 1.60848e-28
3.9332e-11 2.50814e-30 1.58303e-28
3.95091e-11 2.47209e-30 1.55795e-28
3.96871e-11 2.43658e-30 1.53323e-28
3.98658e-11 2.40158e-30 1.50886e-28
4.00453e-11 2.36709e-30 1.48485e-28
4.02257e-11 2.3331e-30 1.46117e-28
4.04069e-11 2.29962e-30 1.43784e-28
4.05888e-11 2.26662e-30 1.41485e-28
4.07716e-11 2.23411e-30 1.39218e-28
4.09553e-11 2.20207e-30 1.36984e-28
4.11397e-11 2.17049e-30 1.34782e-28
4.1325e-11 2.13938e-30 1.32611e-28
4.15111e-11 2.10873e-30 1.30472e-28
4.16981e-11 2.07852e-30 1.28363e-28
4.18859e-11 2.04875e-30 1.26285e-28
4.20745e-11 2.01942e-30 1.24236e-28
4.2264e-11 1.99052e-30 1.22217e-28
4.24543e-11 1.96204e-30 1.20226e-28
4.26455e-11 1.93397e-30 1.18264e-28
4.28376e-11 1.90631e-30 1.1633e-28
4.30305e-11 1.87906e-30 1.14424e-28
4.32243e-11 1.8522e-30 1.12545e-28
4.3419e-11 1.82574e-30 1.10693e-28
4.36146e-11 1.79966e-30 1.08867e-28
4.3811e-11 1.77396e-30 1.07067e-28
4.40083e-11 1.74864e-30 1.05293e-28
4.42065e-11 1.72369e-30 1.03545e-28
4.44056e-11 1.69909e-30 1.01821e-28
4.46056e-11 1.67486e-30 1.00122e-28
4.48065e-11 1.65098e-30 9.84469e-29
4.50083e-11 1.62745e-30 9.67959e-29
4.5211e-11 1.60426e-30 9.51685e-29
4.54146e-11 1.58141e-30 9.35642e-29
4.56191e-11 1.55889e-30 9.19828e-29
4.58246e-11 1.5367e-30 9.04239e-29
4.6031e-11 1.51483e-30 8.88872e-29
4.62383e-11 1.49328e-30 8.73724e-29
4.64465e-11 1.47205e-30 8.58791e-29
4.66557e-11 1.45112e-30 8.4407e-29
4.68658e-11 1.43049e-30 8.29559e-29
4.70769e-11 1.41017e-30 8.15254e-29
4.72889e-11 1.39014e-30 8.01152e-29
4.75019e-11 1.3704e-30 7.87251e-29
4.77158e-11 1.35095e-30 7.73547e-29
4.79307e-11 1.33178e-30 7.60038e-29
4.81466e-11 1.31289e-30 7.4672e-29
4.83634e-11 1.29428e-30 7.33591e-29
4.85812e-11 1.27593e-30 7.20648e-29
4.88e-11 1.25785e-30 7.07889e-29
4.90198e-11 1.24003e-30 6.9531e-29
4.92406e-11 1.22248e-30 6.8291e-29
4.94623e-11 1.20517e-30 6.70685e-29
4.96851e-11 1.18812e-30 6.58633e-29
4.99089e-11 1.17131e-30 6.46752e-29
5.01336e-11 1.15475e-30 6.35039e-29
5.03594e-11 1.13843e-30 6.23492e-29
5.05862e-11 1.12234e-30 6.12107e-29
5.08141e-11 1.10648e-30 6.00884e-29
5.10429e-11 1.09086e-30 5.89819e-29
5.12728e-11 1.07546e-30 5.7891e-29
5.15037e-11 1.06029e-30 5.68156e-29
5.17357e-11 1.04533e-30 5.57553e-29
5.19687e-11 1.03059e-30 5.471e-29
5.22027e-11 1.01607e-30 5.36794e-29
5.24378e-11 1.00175e-30 5.26633e-29
5.2674e-11 9.87639e-31 5.16616e-29
5.29112e-11 9.73733e-31 5.06739e-29
5.31495e-11 9.60028e-31 4.97002e-29
5.33889e-11 9.46521e-31 4.87402e-29
5.36293e-11 9.33209e-31 4.77936e-29
5.38709e-11 9.20089e-31 4.68604e-29
5.41135e-11 9.07158e-31 4.59403e-29
5.43572e-11 8.94414e-31 4.50332e-29
5.4602e-11 8.81854e-31 4.41388e-29
5.48479e-11 8.69474e-31 4.32569e-29
5.50949e-11 8.57273e-31 4.23874e-29
5.53431e-11 8.45248e-31 4.15302e-29
5.55923e-11 8.33396e-31 4.06849e-29
5.58427e-11 8.21715e-31 3.98515e-29
5.60942e-11 8.10202e-31 3.90298e-29
5.63468e-11 7.98854e-31 3.82196e-29
5.66006e-11 7.8767e-31 3.74207e-29
5.68555e-11 7.76647e-31 3.66331e-29
5.71116e-11 7.65782e-31 3.58564e-29
5.73688e-11 7.55073e-31 3.50906e-29
5.76272e-11 7.44518e-31 3.43356e-29
5.78867e-11 7.34115e-31 3.35911e-29
5.81474e-11 7.23861e-31 3.28569e-29
5.84093e-11 7.13755e-31 3.21331e-29
5.86723e-11 7.03793e-31 3.14193e-29
5.89366e-11 6.93975e-31 3.07155e-29
5.9202e-11 6.84297e-31 3.00216e-29
5.94686e-11 6.74758e-31 2.93373e-29
5.97365e-11 6.65356e-31 2.86625e-29
6.00055e-11 6.56089e-31 2.79971e-29
6.02758e-11 6.46954e-31 2.73411e-29
6.05472e-11 6.3795e-31 2.66941e-29
6.08199e-11 6.29075e-31 2.60562e-29
6.10938e-11 6.20328e-31 2.54271e-29
6.1369e-11 6.11705e-31 2.48067e-29
6.16454e-11 6.03206e-31 2.4195e-29
6.1923e-11 5.94828e-31 2.35918e-29
6.22019e-11 5.8657e-31 2.2997e-29
6.2482e-11 5.7843e-31 2.24104e-29
6.27634e-11 5.70406e-31 2.1832e-29
6.30461e-11 5.62497e-31 2.12616e-29
6.333e-11 5.54701e-31 2.06991e-29
6.36152e-11 5.47016e-31 2.01444e-29
6.39017e-11 5.39441e-31 1.95974e-29
6.41895e-11 5.31973e-31 1.9058e-29
6.44786e-11 5.24612e-31 1.8526e-29
6.4769e-11 5.17357e-31 1.80014e-29
6.50607e-11 5.10204e-31 1.7484e-29
6.53537e-11 5.03153e-31 1.69738e-29
6.56481e-11 4.96203e-31 1.64707e-29
6.59437e-11 4.89352e-31 1.59744e-29
6.62407e-11 4.82598e-31 1.54851e-29
6.65391e-11 4.7594e-31 1.50025e-29
6.68387e-11 4.69377e-31 1.45266e-29
6.71398e-11 4.62907e-31 1.40572e-29
6.74421e-11 4.5653e-31 1.35943e-29
6.77459e-11 4.50242e-31 1.31377e-29
6.8051e-11 4.44044e-31 1.26875e-29
6.83575e-11 4.37934e-31 1.22435e-29
6.86653e-11 4.31911e-31 1.18055e-29
6.89746e-11 4.25973e-31 1.13736e-29
6.92852e-11 4.20119e-31 1.09476e-29
6.95973e-11 4.14348e-31 1.05275e-29
6.99107e-11 4.08659e-31 1.01132e-29
7.02256e-11 4.03051e-31 9.70451e-30
7.05418e-11 3.97522e-31 9.30146e-30
7.08595e-11 3.92071e-31 8.90394e-30
7.11787e-11 3.86698e-31 8.51187e-30
7.14992e-11 3.814e-31 8.12517e-30
7.18212e-11 3.76177e-31 7.74377e-30
7.21447e-11 3.71028e-31 7.36759e-30
7.24696e-11 3.65952e-31 6.99657e-30
7.2796e-11 3.60947e-31 6.63061e-30
7.31239e-11 3.56013e-31 6.26967e-30
7.34532e-11 3.51149e-31 5.91365e-30
7.3784e-11 3.46353e-31 5.5625e-30
7.41163e-11 3.41625e-31 5.21615e-30
7.44501e-11 3.36964e-31 4.87453e-30
7.47854e-11 3.32368e-31 4.53756e-30
7.51222e-11 3.27837e-31 4.20519e-30
7.54605e-11 3.2337e-31 3.87736e-30
7.58004e-11 3.18965e-31 3.55399e-30
7.61418e-11 3.14623e-31 3.23502e-30
7.64847e-11 3.10341e-31 2.9204e-30
7.68292e-11 3.0612e-31 2.61006e-30
7.71752e-11 3.01958e-31 2.30394e-30
7.75228e-11 2.97855e-31 2.00198e-30
7.78719e-11 2.93809e-31 1.70412e-30
7.82226e-11 2.8982e-31 1.41032e-30
7.85749e-11 2.85887e-31 1.1205e-30
7.89288e-11 2.82009e-31 8.34609e-31
7.92842e-11 2.78185e-31 5.526e-31
7.96413e-11 2.74415e-31 2.74415e-31
