1e-14 9.86932e-66 5.02693e-54
1.0045e-14 1.03012e-65 5.02693e-54
1.00903e-14 1.07515e-65 5.02693e-54
1.01357e-14 1.12209e-65 5.02693e-54
1.01814e-14 1.17099e-65 5.02693e-54
1.02272e-14 1.22201e-65 5.02693e-54
1.02733e-14 1.27516e-65 5.02693e-54
1.03196e-14 1.33056e-65 5.02693e-54
1.0366e-14 1.38833e-65 5.02693e-54
1.04127e-14 1.44851e-65 5.02693e-54
1.04596e-14 1.51125e-65 5.02693e-54
1.05067e-14 1.57664e-65 5.02693e-54
1.0554e-14 1.64477e-65 5.02693e-54
1.06016e-14 1.71577e-65 5.02693e-54
1.06493e-14 1.78976e-65 5.02693e-54
1.06973e-14 1.86685e-65 5.02693e-54
1.07455e-14 1.94716e-65 5.02693e-54
1.07938e-14 2.03081e-65 5.02693e-54
1.08425e-14 2.11801e-65 5.02693e-54
1.08913e-14 2.20882e-65 5.02693e-54
1.09403e-14 2.30341e-65 5.02693e-54
1.09896e-14 2.40195e-65 5.02693e-54
1.10391e-14 2.5046e-65 5.02693e-54
1.10888e-14 2.61149e-65 5.02693e-54
1.11388e-14 2.72284e-65 5.02693e-54
1.11889e-14 2.83879e-65 5.02693e-54
1.12393e-14 2.95955e-65 5.02693e-54
1.12899e-14 3.08532e-65 5.02693e-54
1.13408e-14 3.21626e-65 5.02693e-54
1.13919e-14 3.35261e-65 5.02693e-54
1.14432e-14 3.49456e-65 5.02693e-54
1.14947e-14 3.64237e-65 5.02693e-54
1.15465e-14 3.79626e-65 5.02693e-54
1.15985e-14 3.95647e-65 5.02693e-54
1.16507e-14 4.12323e-65 5.02693e-54
1.17032e-14 4.29685e-65 5.02693e-54
1.17559e-14 4.47755e-65 5.02693e-54
1.18088e-14 4.66564e-65 5.02693e-54
1.1862e-14 4.86143e-65 5.02693e-54
1.19154e-14 5.06519e-65 5.02693e-54
1.19691e-14 5.27722e-65 5.02693e-54
1.2023e-14 5.4979e-65 5.02693e-54
1.20772e-14 5.72752e-65 5.02693e-54
1.21316e-14 5.96648e-65 5.02693e-54
1.21862e-14 6.2151e-65 5.02693e-54
1.22411e-14 6.4738e-65 5.02693e-54
1.22962e-14 6.74296e-65 5.02693e-54
1.23516e-14 7.02297e-65 5.02693e-54
1.24072e-14 7.31427e-65 5.02693e-54
1.24631e-14 7.61731e-65 5.02693e-54
1.25192e-14 7.93252e-65 5.02693e-54
1.25756e-14 8.26042e-65 5.02693e-54
1.26322e-14 8.60148e-65 5.02693e-54
1.26891e-14 8.95619e-65 5.02693e-54
1.27463e-14 9.32509e-65 5.02693e-54
1.28037e-14 9.70875e-65 5.02693e-54
1.28613e-14 1.01078e-64 5.02693e-54
1.29193e-14 1.05226e-64 5.02693e-54
1.29775e-14 1.09541e-64 5.02693e-54
1.30359e-14 1.14026e-64 5.02693e-54
1.30946e-14 1.1869e-64 5.02693e-54
1.31536e-14 1.23539e-64 5.02693e-54
1.32128e-14 1.28581e-64 5.02693e-54
1.32723e-14 1.33821e-64 5.02693e-54
1.33321e-14 1.39269e-64 5.02693e-54
1.33922e-14 1.44933e-64 5.02693e-54
1.34525e-14 1.50819e-64 5.02693e-54
1.35131e-14 1.56937e-64 5.02693e-54
1.35739e-14 1.63296e-64 5.02693e-54
1.3635e-14 1.69905e-64 5.02693e-54
1.36965e-14 1.76773e-64 5.02693e-54
1.37581e-14 1.83911e-64 5.02693e-54
1.38201e-14 1.91327e-64 5.02693e-54
1.38823e-14 1.99034e-64 5.02693e-54
1.39449e-14 2.07042e-64 5.02693e-54
1.40077e-14 2.15361e-64 5.02693e-54
1.40708e-14 2.24005e-64 5.02693e-54
1.41341e-14 2.32985e-64 5.02693e-54
1.41978e-14 2.42314e-64 5.02693e-54
1.42617e-14 2.52005e-64 5.02693e-54
1.4326e-14 2.62071e-64 5.02693e-54
1.43905e-14 2.72527e-64 5.02693e-54
1.44553e-14 2.83387e-64 5.02693e-54
1.45204e-14 2.94667e-64 5.02693e-54
1.45858e-14 3.06381e-64 5.02693e-54
1.46515e-14 3.18546e-64 5.02693e-54
1.47175e-14 3.31179e-64 5.02693e-54
1.47837e-14 3.44297e-64 5.02693e-54
1.48503e-14 3.57918e-64 5.02693e-54
1.49172e-14 3.72061e-64 5.02693e-54
1.49844e-14 3.86746e-64 5.02693e-54
1.50519e-14 4.01991e-64 5.02693e-54
1.51197e-14 4.17818e-64 5.02693e-54
1.51878e-14 4.34248e-64 5.02693e-54
1.52562e-14 4.51304e-64 5.02693e-54
1.53249e-14 4.69008e-64 5.02693e-54
1.53939e-14 4.87384e-64 5.02693e-54
1.54632e-14 5.06457e-64 5.02693e-54
1.55329e-14 5.26252e-64 5.02693e-54
1.56028e-14 5.46795e-64 5.02693e-54
1.56731e-14 5.68115e-64 5.02693e-54
1.57437e-14 5.90239e-64 5.02693e-54
1.58146e-14 6.13196e-64 5.02693e-54
1.58858e-14 6.37017e-64 5.02693e-54
1.59573e-14 6.61733e-64 5.02693e-54
1.60292e-14 6.87376e-64 5.02693e-54
1.61014e-14 7.1398e-64 5.02693e-54
1.61739e-14 7.4158e-64 5.02693e-54
1.62468e-14 7.70212e-64 5.02693e-54
1.63199e-14 7.99912e-64 5.02693e-54
1.63934e-14 8.3072e-64 5.02693e-54
1.64673e-14 8.62674e-64 5.02693e-54
1.65414e-14 8.95816e-64 5.02693e-54
1.66159e-14 9.3019e-64 5.02693e-54
1.66908e-14 9.65838e-64 5.02693e-54
1.67659e-14 1.00281e-63 5.02693e-54
1.68414e-14 1.04114e-63 5.02693e-54
1.69173e-14 1.08089e-63 5.02693e-54
1.69935e-14 1.12211e-63 5.02693e-54
1.707e-14 1.16485e-63 5.02693e-54
1.71469e-14 1.20915e-63 5.02693e-54
1.72241e-14 1.25509e-63 5.02693e-54
1.73017e-14 1.30271e-63 5.02693e-54
1.73796e-14 1.35208e-63 5.02693e-54
1.74579e-14 1.40325e-63 5.02693e-54
1.75365e-14 1.4563e-63 5.02693e-54
1.76155e-14 1.51128e-63 5.02693e-54
1.76948e-14 1.56826e-63 5.02693e-54
1.77745e-14 1.62732e-63 5.02693e-54
1.78546e-14 1.68852e-63 5.02693e-54
1.7935e-14 1.75195e-63 5.02693e-54
1.80158e-14 1.81767e-63 5.02693e-54
1.80969e-14 1.88578e-63 5.02693e-54
1.81784e-14 1.95634e-63 5.02693e-54
1.82603e-14 2.02946e-63 5.02693e-54
1.83425e-14 2.10521e-63 5.02693e-54
1.84251e-14 2.18369e-63 5.02693e-54
1.85081e-14 2.26499e-63 5.02693e-54
1.85914e-14 2.34921e-63 5.02693e-54
1.86752e-14 2.43645e-63 5.02693e-54
1.87593e-14 2.52682e-63 5.02693e-54
1.88438e-14 2.62041e-63 5.02693e-54
1.89286e-14 2.71735e-63 5.02693e-54
1.90139e-14 2.81775e-63 5.02693e-54
1.90995e-14 2.92172e-63 5.02693e-54
1.91855e-14 3.0294e-63 5.02693e-54
1.92719e-14 3.14089e-63 5.02693e-54
1.93587e-14 3.25634e-63 5.02693e-54
1.94459e-14 3.37588e-63 5.02693e-54
1.95335e-14 3.49965e-63 5.02693e-54
1.96215e-14 3.62779e-63 5.02693e-54
1.97098e-14 3.76045e-63 5.02693e-54
1.97986e-14 3.89779e-63 5.02693e-54
1.98878e-14 4.03995e-63 5.02693e-54
1.99774e-14 4.18711e-63 5.02693e-54
2.00673e-14 4.33944e-63 5.02693e-54
2.01577e-14 4.4971e-63 5.02693e-54
2.02485e-14 4.66027e-63 5.02693e-54
2.03397e-14 4.82915e-63 5.02693e-54
2.04313e-14 5.00391e-63 5.02693e-54
2.05233e-14 5.18477e-63 5.02693e-54
2.06157e-14 5.37191e-63 5.02693e-54
2.07086e-14 5.56556e-63 5.02693e-54
2.08018e-14 5.76593e-63 5.02693e-54
2.08955e-14 5.97324e-63 5.02693e-54
2.09896e-14 6.18772e-63 5.02693e-54
2.10842e-14 6.4096e-63 5.02693e-54
2.11791e-14 6.63915e-63 5.02693e-54
2.12745e-14 6.8766e-63 5.02693e-54
2.13703e-14 7.12222e-63 5.02693e-54
2.14666e-14 7.37627e-63 5.02693e-54
2.15632e-14 7.63904e-63 5.02693e-54
2.16604e-14 7.91081e-63 5.02693e-54
2.17579e-14 8.19188e-63 5.02693e-54
2.18559e-14 8.48255e-63 5.02693e-54
2.19543e-14 8.78313e-63 5.02693e-54
2.20532e-14 9.09394e-63 5.02693e-54
2.21525e-14 9.41533e-63 5.02693e-54
2.22523e-14 9.74764e-63 5.02693e-54
2.23525e-14 1.00912e-62 5.02693e-54
2.24532e-14 1.04464e-62 5.02693e-54
2.25543e-14 1.08136e-62 5.02693e-54
2.26559e-14 1.11933e-62 5.02693e-54
2.27579e-14 1.15857e-62 5.02693e-54
2.28604e-14 1.19913e-62 5.02693e-54
2.29634e-14 1.24106e-62 5.02693e-54
2.30668e-14 1.28439e-62 5.02693e-54
2.31707e-14 1.32918e-62 5.02693e-54
2.3275e-14 1.37547e-62 5.02693e-54
2.33799e-14 1.4233e-62 5.02693e-54
2.34852e-14 1.47273e-62 5.02693e-54
2.35909e-14 1.52381e-62 5.02693e-54
2.36972e-14 1.57659e-62 5.02693e-54
2.38039e-14 1.63112e-62 5.02693e-54
2.39111e-14 1.68746e-62 5.02693e-54
2.40188e-14 1.74567e-62 5.02693e-54
2.4127e-14 1.8058e-62 5.02693e-54
2.42356e-14 1.86792e-62 5.02693e-54
2.43448e-14 1.93209e-62 5.02693e-54
2.44544e-14 1.99838e-62 5.02693e-54
2.45646e-14 2.06684e-62 5.02693e-54
2.46752e-14 2.13755e-62 5.02693e-54
2.47863e-14 2.21059e-62 5.02693e-54
2.4898e-14 2.28601e-62 5.02693e-54
2.50101e-14 2.3639e-62 5.02693e-54
2.51227e-14 2.44433e-62 5.02693e-54
2.52359e-14 2.52739e-62 5.02693e-54
2.53495e-14 2.61315e-62 5.02693e-54
2.54637e-14 2.70169e-62 5.02693e-54
2.55784e-14 2.79311e-62 5.02693e-54
2.56936e-14 2.8875e-62 5.02693e-54
2.58093e-14 2.98493e-62 5.02693e-54
2.59255e-14 3.08552e-62 5.02693e-54
2.60423e-14 3.18935e-62 5.02693e-54
2.61596e-14 3.29653e-62 5.02693e-54
2.62774e-14 3.40715e-62 5.02693e-54
2.63957e-14 3.52132e-62 5.02693e-54
2.65146e-14 3.63916e-62 5.02693e-54
2.6634e-14 3.76077e-62 5.02693e-54
2.6754e-14 3.88627e-62 5.02693e-54
2.68745e-14 4.01577e-62 5.02693e-54
2.69955e-14 4.1494e-62 5.02693e-54
2.71171e-14 4.28729e-62 5.02693e-54
2.72392e-14 4.42955e-62 5.02693e-54
2.73619e-14 4.57633e-62 5.02693e-54
2.74851e-14 4.72777e-62 5.02693e-54
2.76089e-14 4.88399e-62 5.02693e-54
2.77332e-14 5.04514e-62 5.02693e-54
2.78581e-14 5.21138e-62 5.02693e-54
2.79836e-14 5.38285e-62 5.02693e-54
2.81096e-14 5.55971e-62 5.02693e-54
2.82362e-14 5.74212e-62 5.02693e-54
2.83634e-14 5.93025e-62 5.02693e-54
2.84912e-14 6.12427e-62 5.02693e-54
2.86195e-14 6.32435e-62 5.02693e-54
2.87484e-14 6.53067e-62 5.02693e-54
2.88778e-14 6.74342e-62 5.02693e-54
2.90079e-14 6.96278e-62 5.02693e-54
2.91385e-14 7.18896e-62 5.02693e-54
2.92698e-14 7.42215e-62 5.02693e-54
2.94016e-14 7.66256e-62 5.02693e-54
2.9534e-14 7.91039e-62 5.02693e-54
2.9667e-14 8.16588e-62 5.02693e-54
2.98006e-14 8.42923e-62 5.02693e-54
2.99348e-14 8.70069e-62 5.02693e-54
3.00697e-14 8.98048e-62 5.02693e-54
3.02051e-14 9.26886e-62 5.02693e-54
3.03411e-14 9.56606e-62 5.02693e-54
3.04778e-14 9.87235e-62 5.02693e-54
3.0615e-14 1.0188e-61 5.02693e-54
3.07529e-14 1.05132e-61 5.02693e-54
3.08914e-14 1.08484e-61 5.02693e-54
3.10305e-14 1.11937e-61 5.02693e-54
3.11703e-14 1.15495e-61 5.02693e-54
3.13107e-14 1.19161e-61 5.02693e-54
3.14517e-14 1.22937e-61 5.02693e-54
3.15933e-14 1.26828e-61 5.02693e-54
3.17356e-14 1.30836e-61 5.02693e-54
3.18786e-14 1.34964e-61 5.02693e-54
3.20221e-14 1.39216e-61 5.02693e-54
3.21663e-14 1.43596e-61 5.02693e-54
3.23112e-14 1.48107e-61 5.02693e-54
3.24567e-14 1.52753e-61 5.02693e-54
3.26029e-14 1.57538e-61 5.02693e-54
3.27497e-14 1.62465e-61 5.02693e-54
3.28972e-14 1.67538e-61 5.02693e-54
3.30454e-14 1.72763e-61 5.02693e-54
3.31942e-14 1.78142e-61 5.02693e-54
3.33437e-14 1.8368e-61 5.02693e-54
3.34939e-14 1.89382e-61 5.02693e-54
3.36447e-14 1.95253e-61 5.02693e-54
3.37963e-14 2.01296e-61 5.02693e-54
3.39485e-14 2.07517e-61 5.02693e-54
3.41014e-14 2.13921e-61 5.02693e-54
3.42549e-14 2.20512e-61 5.02693e-54
3.44092e-14 2.27296e-61 5.02693e-54
3.45642e-14 2.34279e-61 5.02693e-54
3.47199e-14 2.41465e-61 5.02693e-54
3.48762e-14 2.4886e-61 5.02693e-54
3.50333e-14 2.56471e-61 5.02693e-54
3.51911e-14 2.64302e-61 5.02693e-54
3.53496e-14 2.7236e-61 5.02693e-54
3.55088e-14 2.80651e-61 5.02693e-54
3.56687e-14 2.89182e-61 5.02692e-54
3.58293e-14 2.97959e-61 5.02692e-54
3.59907e-14 3.06988e-61 5.02692e-54
3.61528e-14 3.16277e-61 5.02692e-54
3.63156e-14 3.25832e-61 5.02692e-54
3.64792e-14 3.35661e-61 5.02692e-54
3.66435e-14 3.45771e-61 5.02692e-54
3.68085e-14 3.5617e-61 5.02692e-54
3.69743e-14 3.66864e-61 5.02692e-54
3.71408e-14 3.77863e-61 5.02692e-54
3.73081e-14 3.89175e-61 5.02692e-54
3.74761e-14 4.00807e-61 5.02692e-54
3.76449e-14 4.12768e-61 5.02692e-54
3.78144e-14 4.25067e-61 5.02692e-54
3.79847e-14 4.37713e-61 5.02692e-54
3.81558e-14 4.50715e-61 5.02692e-54
3.83276e-14 4.64082e-61 5.02692e-54
3.85002e-14 4.77825e-61 5.02692e-54
3.86736e-14 4.91953e-61 5.02692e-54
3.88478e-14 5.06476e-61 5.02692e-54
3.90228e-14 5.21404e-61 5.02692e-54
3.91985e-14 5.36748e-61 5.02692e-54
3.93751e-14 5.52519e-61 5.02692e-54
3.95524e-14 5.68728e-61 5.02692e-54
3.97305e-14 5.85386e-61 5.02691e-54
3.99095e-14 6.02506e-61 5.02691e-54
4.00892e-14 6.20098e-61 5.02691e-54
4.02698e-14 6.38176e-61 5.02691e-54
4.04511e-14 6.56751e-61 5.02691e-54
4.06333e-14 6.75837e-61 5.02691e-54
4.08163e-14 6.95446e-61 5.02691e-54
4.10001e-14 7.15593e-61 5.02691e-54
4.11848e-14 7.3629e-61 5.02691e-54
4.13703e-14 7.57553e-61 5.02691e-54
4.15566e-14 7.79394e-61 5.02691e-54
4.17437e-14 8.01829e-61 5.02691e-54
4.19317e-14 8.24874e-61 5.02691e-54
4.21206e-14 8.48543e-61 5.02691e-54
4.23103e-14 8.72852e-61 5.02691e-54
4.25008e-14 8.97818e-61 5.0269e-54
4.26922e-14 9.23457e-61 5.0269e-54
4.28845e-14 9.49785e-61 5.0269e-54
4.30777e-14 9.76821e-61 5.0269e-54
4.32717e-14 1.00458e-60 5.0269e-54
4.34666e-14 1.03309e-60 5.0269e-54
4.36623e-14 1.06235e-60 5.0269e-54
4.3859e-14 1.0924e-60 5.0269e-54
4.40565e-14 1.12324e-60 5.0269e-54
4.42549e-14 1.15491e-60 5.0269e-54
4.44542e-14 1.18741e-60 5.02689e-54
4.46544e-14 1.22078e-60 5.02689e-54
4.48555e-14 1.25502e-60 5.02689e-54
4.50575e-14 1.29017e-60 5.02689e-54
4.52605e-14 1.32625e-60 5.02689e-54
4.54643e-14 1.36327e-60 5.02689e-54
4.56691e-14 1.40127e-60 5.02689e-54
4.58748e-14 1.44026e-60 5.02688e-54
4.60814e-14 1.48027e-60 5.02688e-54
4.62889e-14 1.52132e-60 5.02688e-54
4.64974e-14 1.56345e-60 5.02688e-54
4.67068e-14 1.60666e-60 5.02688e-54
4.69171e-14 1.651e-60 5.02688e-54
4.71284e-14 1.69649e-60 5.02688e-54
4.73407e-14 1.74315e-60 5.02687e-54
4.75539e-14 1.79102e-60 5.02687e-54
4.77681e-14 1.84012e-60 5.02687e-54
4.79832e-14 1.89049e-60 5.02687e-54
4.81993e-14 1.94214e-60 5.02687e-54
4.84164e-14 1.99512e-60 5.02686e-54
4.86344e-14 2.04945e-60 5.02686e-54
4.88535e-14 2.10517e-60 5.02686e-54
4.90735e-14 2.16231e-60 5.02686e-54
4.92945e-14 2.2209e-60 5.02686e-54
4.95165e-14 2.28098e-60 5.02685e-54
4.97395e-14 2.34258e-60 5.02685e-54
4.99635e-14 2.40573e-60 5.02685e-54
5.01886e-14 2.47048e-60 5.02685e-54
5.04146e-14 2.53686e-60 5.02684e-54
5.06416e-14 2.60491e-60 5.02684e-54
5.08697e-14 2.67466e-60 5.02684e-54
5.10988e-14 2.74616e-60 5.02684e-54
5.13289e-14 2.81945e-60 5.02683e-54
5.15601e-14 2.89457e-60 5.02683e-54
5.17923e-14 2.97155e-60 5.02683e-54
5.20256e-14 3.05045e-60 5.02683e-54
5.22599e-14 3.13131e-60 5.02682e-54
5.24953e-14 3.21417e-60 5.02682e-54
5.27317e-14 3.29907e-60 5.02682e-54
5.29692e-14 3.38607e-60 5.02681e-54
5.32077e-14 3.4752e-60 5.02681e-54
5.34474e-14 3.56653e-60 5.02681e-54
5.36881e-14 3.66009e-60 5.0268e-54
5.39299e-14 3.75595e-60 5.0268e-54
5.41728e-14 3.85414e-60 5.02679e-54
5.44167e-14 3.95473e-60 5.02679e-54
5.46618e-14 4.05776e-60 5.02679e-54
5.4908e-14 4.1633e-60 5.02678e-54
5.51553e-14 4.27139e-60 5.02678e-54
5.54037e-14 4.38209e-60 5.02677e-54
5.56532e-14 4.49547e-60 5.02677e-54
5.59039e-14 4.61157e-60 5.02677e-54
5.61556e-14 4.73047e-60 5.02676e-54
5.64085e-14 4.85222e-60 5.02676e-54
5.66626e-14 4.97688e-60 5.02675e-54
5.69178e-14 5.10452e-60 5.02675e-54
5.71741e-14 5.2352e-60 5.02674e-54
5.74316e-14 5.36899e-60 5.02674e-54
5.76903e-14 5.50596e-60 5.02673e-54
5.79501e-14 5.64618e-60 5.02673e-54
5.82111e-14 5.78971e-60 5.02672e-54
5.84732e-14 5.93663e-60 5.02671e-54
5.87366e-14 6.08701e-60 5.02671e-54
5.90011e-14 6.24092e-60 5.0267e-54
5.92668e-14 6.39845e-60 5.0267e-54
5.95338e-14 6.55966e-60 5.02669e-54
5.98019e-14 6.72464e-60 5.02668e-54
6.00712e-14 6.89347e-60 5.02668e-54
6.03418e-14 7.06623e-60 5.02667e-54
6.06135e-14 7.24299e-60 5.02666e-54
6.08865e-14 7.42386e-60 5.02665e-54
6.11607e-14 7.6089e-60 5.02665e-54
6.14362e-14 7.79822e-60 5.02664e-54
6.17129e-14 7.99189e-60 5.02663e-54
6.19908e-14 8.19002e-60 5.02662e-54
6.227e-14 8.39269e-60 5.02662e-54
6.25504e-14 8.6e-60 5.02661e-54
6.28321e-14 8.81205e-60 5.0266e-54
6.31151e-14 9.02892e-60 5.02659e-54
6.33994e-14 9.25073e-60 5.02658e-54
6.36849e-14 9.47758e-60 5.02657e-54
6.39717e-14 9.70956e-60 5.02656e-54
6.42598e-14 9.94678e-60 5.02655e-54
6.45492e-14 1.01894e-59 5.02654e-54
6.484e-14 1.04374e-59 5.02653e-54
6.5132e-14 1.0691e-59 5.02652e-54
6.54253e-14 1.09503e-59 5.02651e-54
6.572e-14 1.12154e-59 5.0265e-54
6.6016e-14 1.14864e-59 5.02649e-54
6.63133e-14 1.17634e-59 5.02648e-54
6.66119e-14 1.20466e-59 5.02647e-54
6.69119e-14 1.2336e-59 5.02645e-54
6.72133e-14 1.26319e-59 5.02644e-54
6.7516e-14 1.29343e-59 5.02643e-54
6.78201e-14 1.32434e-59 5.02642e-54
6.81255e-14 1.35592e-59 5.0264e-54
6.84323e-14 1.3882e-59 5.02639e-54
6.87405e-14 1.42119e-59 5.02638e-54
6.90501e-14 1.45489e-59 5.02636e-54
6.93611e-14 1.48933e-59 5.02635e-54
6.96735e-14 1.52452e-59 5.02633e-54
6.99873e-14 1.56047e-59 5.02632e-54
7.03025e-14 1.5972e-59 5.0263e-54
7.06191e-14 1.63472e-59 5.02628e-54
7.09371e-14 1.67306e-59 5.02627e-54
7.12566e-14 1.71221e-59 5.02625e-54
7.15775e-14 1.75221e-59 5.02623e-54
7.18999e-14 1.79306e-59 5.02622e-54
7.22237e-14 1.83478e-59 5.0262e-54
7.2549e-14 1.8774e-59 5.02618e-54
7.28757e-14 1.92092e-59 5.02616e-54
7.32039e-14 1.96536e-59 5.02614e-54
7.35336e-14 2.01075e-59 5.02612e-54
7.38648e-14 2.05709e-59 5.0261e-54
7.41975e-14 2.10441e-59 5.02608e-54
7.45316e-14 2.15272e-59 5.02606e-54
7.48673e-14 2.20205e-59 5.02604e-54
7.52045e-14 2.25241e-59 5.02602e-54
7.55432e-14 2.30382e-59 5.026e-54
7.58834e-14 2.35631e-59 5.02597e-54
7.62252e-14 2.40988e-59 5.02595e-54
7.65685e-14 2.46457e-59 5.02592e-54
7.69133e-14 2.52039e-59 5.0259e-54
7.72597e-14 2.57736e-59 5.02587e-54
7.76076e-14 2.6355e-59 5.02585e-54
7.79572e-14 2.69484e-59 5.02582e-54
7.83083e-14 2.75539e-59 5.0258e-54
7.86609e-14 2.81718e-59 5.02577e-54
7.90152e-14 2.88024e-59 5.02574e-54
7.93711e-14 2.94457e-59 5.02571e-54
7.97285e-14 3.01022e-59 5.02568e-54
8.00876e-14 3.07719e-59 5.02565e-54
8.04483e-14 3.14552e-59 5.02562e-54
8.08106e-14 3.21523e-59 5.02559e-54
8.11746e-14 3.28634e-59 5.02556e-54
8.15402e-14 3.35887e-59 5.02552e-54
8.19074e-14 3.43286e-59 5.02549e-54
8.22763e-14 3.50833e-59 5.02546e-54
8.26468e-14 3.5853e-59 5.02542e-54
8.3019e-14 3.6638e-59 5.02539e-54
8.33929e-14 3.74386e-59 5.02535e-54
8.37685e-14 3.82551e-59 5.02531e-54
8.41458e-14 3.90876e-59 5.02527e-54
8.45247e-14 3.99365e-59 5.02523e-54
8.49054e-14 4.08021e-59 5.02519e-54
8.52878e-14 4.16847e-59 5.02515e-54
8.56719e-14 4.25846e-59 5.02511e-54
8.60578e-14 4.35019e-59 5.02507e-54
8.64453e-14 4.44372e-59 5.02503e-54
8.68347e-14 4.53905e-59 5.02498e-54
8.72257e-14 4.63624e-59 5.02494e-54
8.76186e-14 4.7353e-59 5.02489e-54
8.80132e-14 4.83626e-59 5.02484e-54
8.84096e-14 4.93917e-59 5.02479e-54
8.88077e-14 5.04405e-59 5.02474e-54
8.92077e-14 5.15094e-59 5.02469e-54
8.96095e-14 5.25986e-59 5.02464e-54
9.00131e-14 5.37086e-59 5.02459e-54
9.04184e-14 5.48396e-59 5.02454e-54
9.08257e-14 5.59921e-59 5.02448e-54
9.12347e-14 5.71663e-59 5.02443e-54
9.16456e-14 5.83626e-59 5.02437e-54
9.20584e-14 5.95814e-59 5.02431e-54
9.2473e-14 6.0823e-59 5.02425e-54
9.28894e-14 6.20878e-59 5.02419e-54
9.33078e-14 6.33762e-59 5.02413e-54
9.3728e-14 6.46886e-59 5.02406e-54
9.41501e-14 6.60253e-59 5.024e-54
9.45742e-14 6.73868e-59 5.02393e-54
9.50001e-14 6.87734e-59 5.02387e-54
9.54279e-14 7.01854e-59 5.0238e-54
9.58577e-14 7.16235e-59 5.02373e-54
9.62894e-14 7.30878e-59 5.02366e-54
9.67231e-14 7.45789e-59 5.02358e-54
9.71587e-14 7.60971e-59 5.02351e-54
9.75963e-14 7.7643e-59 5.02343e-54
9.80358e-14 7.92168e-59 5.02335e-54
9.84774e-14 8.08191e-59 5.02327e-54
9.89209e-14 8.24502e-59 5.02319e-54
9.93664e-14 8.41107e-59 5.02311e-54
9.98139e-14 8.5801e-59 5.02303e-54
1.00263e-13 8.75214e-59 5.02294e-54
1.00715e-13 8.92726e-59 5.02285e-54
1.01169e-13 9.10549e-59 5.02276e-54
1.01624e-13 9.28688e-59 5.02267e-54
1.02082e-13 9.47148e-59 5.02258e-54
1.02542e-13 9.65933e-59 5.02249e-54
1.03003e-13 9.8505e-59 5.02239e-54
1.03467e-13 1.0045e-58 5.02229e-54
1.03933e-13 1.02429e-58 5.02219e-54
1.04401e-13 1.04443e-58 5.02209e-54
1.04872e-13 1.06492e-58 5.02198e-54
1.05344e-13 1.08576e-58 5.02188e-54
1.05818e-13 1.10697e-58 5.02177e-54
1.06295e-13 1.12854e-58 5.02166e-54
1.06774e-13 1.15048e-58 5.02154e-54
1.07255e-13 1.1728e-58 5.02143e-54
1.07738e-13 1.1955e-58 5.02131e-54
1.08223e-13 1.21858e-58 5.02119e-54
1.0871e-13 1.24206e-58 5.02107e-54
1.092e-13 1.26594e-58 5.02095e-54
1.09692e-13 1.29023e-58 5.02082e-54
1.10186e-13 1.31492e-58 5.02069e-54
1.10682e-13 1.34003e-58 5.02056e-54
1.1118e-13 1.36556e-58 5.02043e-54
1.11681e-13 1.39152e-58 5.02029e-54
1.12184e-13 1.41791e-58 5.02015e-54
1.12689e-13 1.44474e-58 5.02001e-54
1.13197e-13 1.47201e-58 5.01986e-54
1.13707e-13 1.49974e-58 5.01972e-54
1.14219e-13 1.52792e-58 5.01957e-54
1.14733e-13 1.55657e-58 5.01941e-54
1.1525e-13 1.58569e-58 5.01926e-54
1.15769e-13 1.61528e-58 5.0191e-54
1.1629e-13 1.64536e-58 5.01894e-54
1.16814e-13 1.67592e-58 5.01877e-54
1.1734e-13 1.70698e-58 5.01861e-54
1.17869e-13 1.73855e-58 5.01844e-54
1.18399e-13 1.77062e-58 5.01826e-54
1.18933e-13 1.8032e-58 5.01808e-54
1.19468e-13 1.83631e-58 5.0179e-54
1.20006e-13 1.86995e-58 5.01772e-54
1.20547e-13 1.90412e-58 5.01753e-54
1.2109e-13 1.93884e-58 5.01734e-54
1.21635e-13 1.9741e-58 5.01715e-54
1.22183e-13 2.00992e-58 5.01695e-54
1.22733e-13 2.04631e-58 5.01675e-54
1.23286e-13 2.08326e-58 5.01655e-54
1.23841e-13 2.1208e-58 5.01634e-54
1.24399e-13 2.15892e-58 5.01613e-54
1.24959e-13 2.19763e-58 5.01591e-54
1.25522e-13 2.23694e-58 5.01569e-54
1.26087e-13 2.27685e-58 5.01547e-54
1.26655e-13 2.31739e-58 5.01524e-54
1.27226e-13 2.35854e-58 5.01501e-54
1.27799e-13 2.40033e-58 5.01477e-54
1.28374e-13 2.44275e-58 5.01453e-54
1.28952e-13 2.48581e-58 5.01429e-54
1.29533e-13 2.52953e-58 5.01404e-54
1.30116e-13 2.57391e-58 5.01379e-54
1.30702e-13 2.61896e-58 5.01353e-54
1.31291e-13 2.66469e-58 5.01327e-54
1.31882e-13 2.71109e-58 5.013e-54
1.32476e-13 2.7582e-58 5.01273e-54
1.33073e-13 2.806e-58 5.01245e-54
1.33672e-13 2.85451e-58 5.01217e-54
1.34274e-13 2.90373e-58 5.01189e-54
1.34879e-13 2.95369e-58 5.0116e-54
1.35487e-13 3.00437e-58 5.0113e-54
1.36097e-13 3.0558e-58 5.011e-54
1.3671e-13 3.10797e-58 5.01069e-54
1.37325e-13 3.16091e-58 5.01038e-54
1.37944e-13 3.21461e-58 5.01007e-54
1.38565e-13 3.26909e-58 5.00975e-54
1.39189e-13 3.32435e-58 5.00942e-54
1.39816e-13 3.3804e-58 5.00909e-54
1.40446e-13 3.43726e-58 5.00875e-54
1.41078e-13 3.49492e-58 5.00841e-54
1.41714e-13 3.5534e-58 5.00806e-54
1.42352e-13 3.61271e-58 5.0077e-54
1.42993e-13 3.67286e-58 5.00734e-54
1.43637e-13 3.73385e-58 5.00697e-54
1.44284e-13 3.7957e-58 5.0066e-54
1.44934e-13 3.85841e-58 5.00622e-54
1.45586e-13 3.92199e-58 5.00583e-54
1.46242e-13 3.98645e-58 5.00544e-54
1.46901e-13 4.05181e-58 5.00504e-54
1.47562e-13 4.11806e-58 5.00464e-54
1.48227e-13 4.18522e-58 5.00423e-54
1.48894e-13 4.2533e-58 5.00381e-54
1.49565e-13 4.32231e-58 5.00338e-54
1.50239e-13 4.39225e-58 5.00295e-54
1.50915e-13 4.46314e-58 5.00251e-54
1.51595e-13 4.53499e-58 5.00206e-54
1.52278e-13 4.6078e-58 5.00161e-54
1.52963e-13 4.68158e-58 5.00115e-54
1.53652e-13 4.75635e-58 5.00068e-54
1.54344e-13 4.83211e-58 5.00021e-54
1.5504e-13 4.90887e-58 4.99972e-54
1.55738e-13 4.98664e-58 4.99923e-54
1.56439e-13 5.06544e-58 4.99873e-54
1.57144e-13 5.14527e-58 4.99823e-54
1.57851e-13 5.22614e-58 4.99771e-54
1.58562e-13 5.30805e-58 4.99719e-54
1.59277e-13 5.39103e-58 4.99666e-54
1.59994e-13 5.47508e-58 4.99612e-54
1.60714e-13 5.56021e-58 4.99557e-54
1.61438e-13 5.64643e-58 4.99502e-54
1.62165e-13 5.73375e-58 4.99445e-54
1.62896e-13 5.82218e-58 4.99388e-54
1.63629e-13 5.91172e-58 4.9933e-54
1.64366e-13 6.0024e-58 4.9927e-54
1.65106e-13 6.09421e-58 4.9921e-54
1.6585e-13 6.18717e-58 4.99149e-54
1.66597e-13 6.28129e-58 4.99088e-54
1.67347e-13 6.37658e-58 4.99025e-54
1.68101e-13 6.47305e-58 4.98961e-54
1.68858e-13 6.5707e-58 4.98896e-54
1.69619e-13 6.66955e-58 4.98831e-54
1.70382e-13 6.76961e-58 4.98764e-54
1.7115e-13 6.87089e-58 4.98696e-54
1.71921e-13 6.97339e-58 4.98627e-54
1.72695e-13 7.07713e-58 4.98558e-54
1.73473e-13 7.18212e-58 4.98487e-54
1.74254e-13 7.28836e-58 4.98415e-54
1.75039e-13 7.39588e-58 4.98342e-54
1.75827e-13 7.50466e-58 4.98268e-54
1.76619e-13 7.61474e-58 4.98193e-54
1.77414e-13 7.72611e-58 4.98117e-54
1.78213e-13 7.83879e-58 4.9804e-54
1.79016e-13 7.95278e-58 4.97961e-54
1.79822e-13 8.0681e-58 4.97882e-54
1.80632e-13 8.18476e-58 4.97801e-54
1.81446e-13 8.30276e-58 4.97719e-54
1.82263e-13 8.42212e-58 4.97636e-54
1.83084e-13 8.54284e-58 4.97552e-54
1.83908e-13 8.66493e-58 4.97467e-54
1.84736e-13 8.78841e-58 4.9738e-54
1.85568e-13 8.91329e-58 4.97292e-54
1.86404e-13 9.03956e-58 4.97203e-54
1.87244e-13 9.16725e-58 4.97113e-54
1.88087e-13 9.29637e-58 4.97021e-54
1.88934e-13 9.42691e-58 4.96928e-54
1.89785e-13 9.5589e-58 4.96834e-54
1.9064e-13 9.69234e-58 4.96738e-54
1.91498e-13 9.82724e-58 4.96641e-54
1.92361e-13 9.96361e-58 4.96543e-54
1.93227e-13 1.01015e-57 4.96443e-54
1.94097e-13 1.02408e-57 4.96342e-54
1.94972e-13 1.03816e-57 4.9624e-54
1.9585e-13 1.0524e-57 4.96136e-54
1.96732e-13 1.06678e-57 4.96031e-54
1.97618e-13 1.08132e-57 4.95924e-54
1.98508e-13 1.09601e-57 4.95816e-54
1.99402e-13 1.11086e-57 4.95706e-54
2.003e-13 1.12586e-57 4.95595e-54
2.01202e-13 1.14102e-57 4.95483e-54
2.02108e-13 1.15633e-57 4.95369e-54
2.03018e-13 1.1718e-57 4.95253e-54
2.03933e-13 1.18743e-57 4.95136e-54
2.04851e-13 1.20322e-57 4.95017e-54
2.05774e-13 1.21917e-57 4.94897e-54
2.067e-13 1.23528e-57 4.94775e-54
2.07631e-13 1.25156e-57 4.94651e-54
2.08566e-13 1.26799e-57 4.94526e-54
2.09506e-13 1.28459e-57 4.94399e-54
2.10449e-13 1.30136e-57 4.94271e-54
2.11397e-13 1.31829e-57 4.94141e-54
2.12349e-13 1.33539e-57 4.94009e-54
2.13306e-13 1.35265e-57 4.93875e-54
2.14266e-13 1.37008e-57 4.9374e-54
2.15231e-13 1.38768e-57 4.93603e-54
2.16201e-13 1.40544e-57 4.93464e-54
2.17174e-13 1.42338e-57 4.93324e-54
2.18152e-13 1.44149e-57 4.93182e-54
2.19135e-13 1.45977e-57 4.93037e-54
2.20122e-13 1.47822e-57 4.92891e-54
2.21113e-13 1.49685e-57 4.92744e-54
2.22109e-13 1.51564e-57 4.92594e-54
2.23109e-13 1.53462e-57 4.92442e-54
2.24114e-13 1.55376e-57 4.92289e-54
2.25123e-13 1.57308e-57 4.92133e-54
2.26137e-13 1.59258e-57 4.91976e-54
2.27156e-13 1.61225e-57 4.91817e-54
2.28179e-13 1.63211e-57 4.91656e-54
2.29206e-13 1.65214e-57 4.91492e-54
2.30239e-13 1.67234e-57 4.91327e-54
2.31276e-13 1.69273e-57 4.9116e-54
2.32317e-13 1.7133e-57 4.90991e-54
2.33364e-13 1.73404e-57 4.90819e-54
2.34415e-13 1.75497e-57 4.90646e-54
2.3547e-13 1.77608e-57 4.90471e-54
2.36531e-13 1.79737e-57 4.90293e-54
2.37596e-13 1.81884e-57 4.90113e-54
2.38666e-13 1.84049e-57 4.89931e-54
2.39741e-13 1.86233e-57 4.89747e-54
2.40821e-13 1.88435e-57 4.89561e-54
2.41905e-13 1.90655e-57 4.89373e-54
2.42995e-13 1.92894e-57 4.89182e-54
2.44089e-13 1.95152e-57 4.88989e-54
2.45188e-13 1.97427e-57 4.88794e-54
2.46293e-13 1.99722e-57 4.88596e-54
2.47402e-13 2.02035e-57 4.88397e-54
2.48516e-13 2.04366e-57 4.88195e-54
2.49635e-13 2.06717e-57 4.8799e-54
2.5076e-13 2.09085e-57 4.87784e-54
2.51889e-13 2.11473e-57 4.87575e-54
2.53023e-13 2.13879e-57 4.87363e-54
2.54163e-13 2.16304e-57 4.87149e-54
2.55308e-13 2.18748e-57 4.86933e-54
2.56458e-13 2.21211e-57 4.86714e-54
2.57613e-13 2.23692e-57 4.86493e-54
2.58773e-13 2.26192e-57 4.86269e-54
2.59938e-13 2.28711e-57 4.86043e-54
2.61109e-13 2.31249e-57 4.85814e-54
2.62285e-13 2.33805e-57 4.85583e-54
2.63466e-13 2.36381e-57 4.85349e-54
2.64653e-13 2.38975e-57 4.85113e-54
2.65845e-13 2.41589e-57 4.84874e-54
2.67042e-13 2.44221e-57 4.84632e-54
2.68245e-13 2.46872e-57 4.84388e-54
2.69453e-13 2.49541e-57 4.84141e-54
2.70666e-13 2.5223e-57 4.83892e-54
2.71885e-13 2.54938e-57 4.83639e-54
2.7311e-13 2.57664e-57 4.83385e-54
2.7434e-13 2.60409e-57 4.83127e-54
2.75575e-13 2.63173e-57 4.82866e-54
2.76816e-13 2.65956e-57 4.82603e-54
2.78063e-13 2.68758e-57 4.82337e-54
2.79315e-13 2.71578e-57 4.82069e-54
2.80573e-13 2.74417e-57 4.81797e-54
2.81837e-13 2.77275e-57 4.81523e-54
2.83106e-13 2.80151e-57 4.81245e-54
2.84381e-13 2.83046e-57 4.80965e-54
2.85662e-13 2.8596e-57 4.80682e-54
2.86949e-13 2.88892e-57 4.80396e-54
2.88241e-13 2.91843e-57 4.80107e-54
2.89539e-13 2.94812e-57 4.79815e-54
2.90843e-13 2.978e-57 4.79521e-54
2.92153e-13 3.00806e-57 4.79223e-54
2.93469e-13 3.03831e-57 4.78922e-54
2.9479e-13 3.06874e-57 4.78618e-54
2.96118e-13 3.09935e-57 4.78311e-54
2.97452e-13 3.13015e-57 4.78001e-54
2.98791e-13 3.16112e-57 4.77688e-54
3.00137e-13 3.19228e-57 4.77372e-54
3.01489e-13 3.22362e-57 4.77053e-54
3.02847e-13 3.25513e-57 4.76731e-54
3.0421e-13 3.28683e-57 4.76405e-54
3.05581e-13 3.3187e-57 4.76076e-54
3.06957e-13 3.35076e-57 4.75745e-54
3.08339e-13 3.38298e-57 4.75409e-54
3.09728e-13 3.41539e-57 4.75071e-54
3.11123e-13 3.44797e-57 4.7473e-54
3.12524e-13 3.48072e-57 4.74385e-54
3.13932e-13 3.51365e-57 4.74037e-54
3.15345e-13 3.54675e-57 4.73685e-54
3.16766e-13 3.58003e-57 4.73331e-54
3.18192e-13 3.61347e-57 4.72973e-54
3.19625e-13 3.64708e-57 4.72611e-54
3.21065e-13 3.68087e-57 4.72247e-54
3.22511e-13 3.71482e-57 4.71879e-54
3.23963e-13 3.74893e-57 4.71507e-54
3.25422e-13 3.78322e-57 4.71132e-54
3.26888e-13 3.81767e-57 4.70754e-54
3.2836e-13 3.85228e-57 4.70372e-54
3.29839e-13 3.88705e-57 4.69987e-54
3.31324e-13 3.92199e-57 4.69598e-54
3.32817e-13 3.95708e-57 4.69206e-54
3.34316e-13 3.99233e-57 4.6881e-54
3.35821e-13 4.02774e-57 4.68411e-54
3.37334e-13 4.06331e-57 4.68008e-54
3.38853e-13 4.09903e-57 4.67602e-54
3.40379e-13 4.13491e-57 4.67192e-54
3.41912e-13 4.17094e-57 4.66779e-54
3.43452e-13 4.20712e-57 4.66361e-54
3.44999e-13 4.24344e-57 4.65941e-54
3.46552e-13 4.27992e-57 4.65516e-54
3.48113e-13 4.31654e-57 4.65088e-54
3.49681e-13 4.35331e-57 4.64657e-54
3.51256e-13 4.39022e-57 4.64221e-54
3.52838e-13 4.42727e-57 4.63782e-54
3.54427e-13 4.46446e-57 4.6334e-54
3.56023e-13 4.50179e-57 4.62893e-54
3.57627e-13 4.53926e-57 4.62443e-54
3.59237e-13 4.57686e-57 4.61989e-54
3.60855e-13 4.6146e-57 4.61531e-54
3.6248e-13 4.65247e-57 4.6107e-54
3.64113e-13 4.69047e-57 4.60605e-54
3.65753e-13 4.72859e-57 4.60136e-54
3.674e-13 4.76684e-57 4.59663e-54
3.69055e-13 4.80522e-57 4.59186e-54
3.70717e-13 4.84372e-57 4.58706e-54
3.72386e-13 4.88234e-57 4.58221e-54
3.74063e-13 4.92108e-57 4.57733e-54
3.75748e-13 4.95994e-57 4.57241e-54
3.7744e-13 4.99891e-57 4.56745e-54
3.7914e-13 5.03799e-57 4.56245e-54
3.80848e-13 5.07718e-57 4.55741e-54
3.82563e-13 5.11649e-57 4.55233e-54
3.84286e-13 5.1559e-57 4.54722e-54
3.86017e-13 5.19541e-57 4.54206e-54
3.87755e-13 5.23503e-57 4.53687e-54
3.89502e-13 5.27475e-57 4.53163e-54
3.91256e-13 5.31456e-57 4.52636e-54
3.93018e-13 5.35447e-57 4.52104e-54
3.94788e-13 5.39448e-57 4.51569e-54
3.96566e-13 5.43458e-57 4.51029e-54
3.98352e-13 5.47476e-57 4.50486e-54
4.00146e-13 5.51503e-57 4.49938e-54
4.01948e-13 5.55539e-57 4.49387e-54
4.03758e-13 5.59583e-57 4.48831e-54
4.05577e-13 5.63635e-57 4.48272e-54
4.07403e-13 5.67694e-57 4.47708e-54
4.09238e-13 5.71761e-57 4.4714e-54
4.11081e-13 5.75836e-57 4.46569e-54
4.12933e-13 5.79917e-57 4.45993e-54
4.14792e-13 5.84005e-57 4.45413e-54
4.16661e-13 5.881e-57 4.44829e-54
4.18537e-13 5.92201e-57 4.44241e-54
4.20422e-13 5.96307e-57 4.43649e-54
4.22315e-13 6.0042e-57 4.43052e-54
4.24217e-13 6.04538e-57 4.42452e-54
4.26128e-13 6.08661e-57 4.41847e-54
4.28047e-13 6.12789e-57 4.41239e-54
4.29975e-13 6.16922e-57 4.40626e-54
4.31911e-13 6.21059e-57 4.40009e-54
4.33857e-13 6.252e-57 4.39388e-54
4.35811e-13 6.29345e-57 4.38763e-54
4.37773e-13 6.33494e-57 4.38133e-54
4.39745e-13 6.37646e-57 4.375e-54
4.41725e-13 6.41801e-57 4.36862e-54
4.43715e-13 6.45959e-57 4.3622e-54
4.45713e-13 6.50119e-57 4.35575e-54
4.47721e-13 6.54281e-57 4.34924e-54
4.49737e-13 6.58445e-57 4.3427e-54
4.51762e-13 6.62611e-57 4.33612e-54
4.53797e-13 6.66778e-57 4.32949e-54
4.55841e-13 6.70946e-57 4.32282e-54
4.57894e-13 6.75115e-57 4.31611e-54
4.59956e-13 6.79284e-57 4.30936e-54
4.62028e-13 6.83454e-57 4.30257e-54
4.64108e-13 6.87623e-57 4.29573e-54
4.66199e-13 6.91792e-57 4.28886e-54
4.68298e-13 6.9596e-57 4.28194e-54
4.70407e-13 7.00126e-57 4.27498e-54
4.72526e-13 7.04292e-57 4.26798e-54
4.74654e-13 7.08456e-57 4.26094e-54
4.76792e-13 7.12617e-57 4.25385e-54
4.78939e-13 7.16777e-57 4.24673e-54
4.81096e-13 7.20934e-57 4.23956e-54
4.83263e-13 7.25088e-57 4.23235e-54
4.85439e-13 7.29238e-57 4.2251e-54
4.87626e-13 7.33385e-57 4.21781e-54
4.89822e-13 7.37528e-57 4.21047e-54
4.92028e-13 7.41667e-57 4.2031e-54
4.94244e-13 7.45802e-57 4.19568e-54
4.9647e-13 7.49932e-57 4.18822e-54
4.98705e-13 7.54056e-57 4.18072e-54
5.00952e-13 7.58175e-57 4.17318e-54
5.03208e-13 7.62289e-57 4.1656e-54
5.05474e-13 7.66396e-57 4.15798e-54
5.0775e-13 7.70497e-57 4.15031e-54
5.10037e-13 7.74591e-57 4.14261e-54
5.12334e-13 7.78678e-57 4.13486e-54
5.14642e-13 7.82757e-57 4.12708e-54
5.16959e-13 7.86829e-57 4.11925e-54
5.19288e-13 7.90893e-57 4.11138e-54
5.21626e-13 7.94948e-57 4.10347e-54
5.23976e-13 7.98995e-57 4.09552e-54
5.26336e-13 8.03033e-57 4.08753e-54
5.28706e-13 8.07061e-57 4.0795e-54
5.31087e-13 8.1108e-57 4.07143e-54
5.33479e-13 8.15088e-57 4.06332e-54
5.35882e-13 8.19087e-57 4.05517e-54
5.38295e-13 8.23074e-57 4.04698e-54
5.40719e-13 8.27051e-57 4.03875e-54
5.43155e-13 8.31017e-57 4.03048e-54
5.45601e-13 8.3497e-57 4.02217e-54
5.48058e-13 8.38912e-57 4.01382e-54
5.50526e-13 8.42842e-57 4.00543e-54
5.53006e-13 8.46759e-57 3.997e-54
5.55496e-13 8.50663e-57 3.98853e-54
5.57998e-13 8.54553e-57 3.98003e-54
5.60511e-13 8.5843e-57 3.97148e-54
5.63036e-13 8.62293e-57 3.9629e-54
5.65571e-13 8.66142e-57 3.95427e-54
5.68119e-13 8.69976e-57 3.94561e-54
5.70677e-13 8.73796e-57 3.93691e-54
5.73247e-13 8.776e-57 3.92817e-54
5.75829e-13 8.81388e-57 3.9194e-54
5.78422e-13 8.85161e-57 3.91058e-54
5.81027e-13 8.88918e-57 3.90173e-54
5.83644e-13 8.92657e-57 3.89284e-54
5.86273e-13 8.96381e-57 3.88392e-54
5.88913e-13 9.00086e-57 3.87495e-54
5.91566e-13 9.03775e-57 3.86595e-54
5.9423e-13 9.07445e-57 3.85691e-54
5.96906e-13 9.11098e-57 3.84784e-54
5.99594e-13 9.14732e-57 3.83873e-54
6.02295e-13 9.18347e-57 3.82958e-54
6.05007e-13 9.21943e-57 3.8204e-54
6.07732e-13 9.2552e-57 3.81118e-54
6.10469e-13 9.29077e-57 3.80192e-54
6.13218e-13 9.32614e-57 3.79263e-54
6.1598e-13 9.36131e-57 3.78331e-54
6.18754e-13 9.39627e-57 3.77394e-54
6.21541e-13 9.43102e-57 3.76455e-54
6.2434e-13 9.46555e-57 3.75512e-54
6.27152e-13 9.49988e-57 3.74565e-54
6.29977e-13 9.53398e-57 3.73615e-54
6.32814e-13 9.56786e-57 3.72662e-54
6.35664e-13 9.60152e-57 3.71705e-54
6.38527e-13 9.63495e-57 3.70745e-54
6.41403e-13 9.66815e-57 3.69781e-54
6.44291e-13 9.70111e-57 3.68815e-54
6.47193e-13 9.73384e-57 3.67844e-54
6.50108e-13 9.76633e-57 3.66871e-54
6.53036e-13 9.79858e-57 3.65894e-54
6.55977e-13 9.83058e-57 3.64915e-54
6.58931e-13 9.86233e-57 3.63932e-54
6.61899e-13 9.89384e-57 3.62945e-54
6.6488e-13 9.92508e-57 3.61956e-54
6.67874e-13 9.95608e-57 3.60963e-54
6.70882e-13 9.98681e-57 3.59968e-54
6.73903e-13 1.00173e-56 3.58969e-54
6.76938e-13 1.00475e-56 3.57967e-54
6.79987e-13 1.00774e-56 3.56963e-54
6.8305e-13 1.01071e-56 3.55955e-54
6.86126e-13 1.01365e-56 3.54944e-54
6.89216e-13 1.01656e-56 3.53931e-54
6.9232e-13 1.01944e-56 3.52914e-54
6.95438e-13 1.0223e-56 3.51895e-54
6.9857e-13 1.02513e-56 3.50872e-54
7.01716e-13 1.02793e-56 3.49847e-54
7.04877e-13 1.0307e-56 3.48819e-54
7.08051e-13 1.03344e-56 3.47788e-54
7.1124e-13 1.03615e-56 3.46755e-54
7.14443e-13 1.03883e-56 3.45719e-54
7.17661e-13 1.04149e-56 3.4468e-54
7.20893e-13 1.04411e-56 3.43639e-54
7.2414e-13 1.0467e-56 3.42594e-54
7.27401e-13 1.04926e-56 3.41548e-54
7.30677e-13 1.05179e-56 3.40498e-54
7.33968e-13 1.05429e-56 3.39447e-54
7.37273e-13 1.05676e-56 3.38392e-54
7.40594e-13 1.0592e-56 3.37336e-54
7.43929e-13 1.0616e-56 3.36276e-54
7.4728e-13 1.06398e-56 3.35215e-54
7.50645e-13 1.06632e-56 3.34151e-54
7.54026e-13 1.06863e-56 3.33085e-54
7.57422e-13 1.0709e-56 3.32016e-54
7.60833e-13 1.07315e-56 3.30945e-54
7.6426e-13 1.07536e-56 3.29872e-54
7.67702e-13 1.07754e-56 3.28797e-54
7.71159e-13 1.07968e-56 3.27719e-54
7.74632e-13 1.08179e-56 3.26639e-54
7.78121e-13 1.08387e-56 3.25557e-54
7.81625e-13 1.08592e-56 3.24474e-54
7.85146e-13 1.08793e-56 3.23388e-54
7.88682e-13 1.0899e-56 3.223e-54
7.92234e-13 1.09184e-56 3.2121e-54
7.95802e-13 1.09375e-56 3.20118e-54
7.99386e-13 1.09562e-56 3.19024e-54
8.02986e-13 1.09746e-56 3.17929e-54
8.06602e-13 1.09926e-56 3.16831e-54
8.10235e-13 1.10103e-56 3.15732e-54
8.13884e-13 1.10276e-56 3.14631e-54
8.1755e-13 1.10446e-56 3.13528e-54
8.21232e-13 1.10612e-56 3.12424e-54
8.2493e-13 1.10774e-56 3.11318e-54
8.28645e-13 1.10933e-56 3.1021e-54
8.32377e-13 1.11088e-56 3.09101e-54
8.36126e-13 1.1124e-56 3.0799e-54
8.39892e-13 1.11388e-56 3.06877e-54
8.43674e-13 1.11533e-56 3.05763e-54
8.47474e-13 1.11673e-56 3.04648e-54
8.51291e-13 1.11811e-56 3.03531e-54
8.55125e-13 1.11944e-56 3.02413e-54
8.58976e-13 1.12074e-56 3.01294e-54
8.62845e-13 1.122e-56 3.00173e-54
8.66731e-13 1.12322e-56 2.99051e-54
8.70634e-13 1.12441e-56 2.97928e-54
8.74555e-13 1.12556e-56 2.96803e-54
8.78494e-13 1.12667e-56 2.95678e-54
8.82451e-13 1.12774e-56 2.94551e-54
8.86425e-13 1.12878e-56 2.93423e-54
8.90417e-13 1.12978e-56 2.92295e-54
8.94427e-13 1.13074e-56 2.91165e-54
8.98455e-13 1.13167e-56 2.90034e-54
9.02502e-13 1.13255e-56 2.88902e-54
9.06566e-13 1.1334e-56 2.8777e-54
9.10649e-13 1.13421e-56 2.86636e-54
9.14751e-13 1.13499e-56 2.85502e-54
9.1887e-13 1.13572e-56 2.84367e-54
9.23009e-13 1.13642e-56 2.83232e-54
9.27166e-13 1.13708e-56 2.82095e-54
9.31341e-13 1.1377e-56 2.80958e-54
9.35536e-13 1.13828e-56 2.7982e-54
9.39749e-13 1.13883e-56 2.78682e-54
9.43982e-13 1.13933e-56 2.77543e-54
9.48233e-13 1.1398e-56 2.76404e-54
9.52504e-13 1.14023e-56 2.75264e-54
9.56793e-13 1.14062e-56 2.74124e-54
9.61103e-13 1.14098e-56 2.72983e-54
9.65431e-13 1.14129e-56 2.71842e-54
9.69779e-13 1.14157e-56 2.70701e-54
9.74147e-13 1.14181e-56 2.69559e-54
9.78534e-13 1.14201e-56 2.68418e-54
9.82941e-13 1.14217e-56 2.67276e-54
9.87368e-13 1.1423e-56 2.66133e-54
9.91815e-13 1.14238e-56 2.64991e-54
9.96282e-13 1.14243e-56 2.63849e-54
1.00077e-12 1.14244e-56 2.62706e-54
1.00528e-12 1.14241e-56 2.61564e-54
1.0098e-12 1.14235e-56 2.60421e-54
1.01435e-12 1.14224e-56 2.59279e-54
1.01892e-12 1.1421e-56 2.58137e-54
1.02351e-12 1.14192e-56 2.56995e-54
1.02812e-12 1.1417e-56 2.55853e-54
1.03275e-12 1.14145e-56 2.54711e-54
1.0374e-12 1.14115e-56 2.5357e-54
1.04207e-12 1.14082e-56 2.52429e-54
1.04676e-12 1.14045e-56 2.51288e-54
1.05148e-12 1.14005e-56 2.50147e-54
1.05621e-12 1.1396e-56 2.49007e-54
1.06097e-12 1.13912e-56 2.47868e-54
1.06575e-12 1.13861e-56 2.46729e-54
1.07055e-12 1.13805e-56 2.4559e-54
1.07537e-12 1.13746e-56 2.44452e-54
1.08021e-12 1.13683e-56 2.43314e-54
1.08508e-12 1.13616e-56 2.42178e-54
1.08997e-12 1.13546e-56 2.41041e-54
1.09487e-12 1.13472e-56 2.39906e-54
1.09981e-12 1.13394e-56 2.38771e-54
1.10476e-12 1.13313e-56 2.37637e-54
1.10973e-12 1.13228e-56 2.36504e-54
1.11473e-12 1.13139e-56 2.35372e-54
1.11975e-12 1.13047e-56 2.34241e-54
1.1248e-12 1.12951e-56 2.3311e-54
1.12986e-12 1.12851e-56 2.31981e-54
1.13495e-12 1.12748e-56 2.30852e-54
1.14006e-12 1.12642e-56 2.29725e-54
1.1452e-12 1.12532e-56 2.28598e-54
1.15035e-12 1.12418e-56 2.27473e-54
1.15553e-12 1.12301e-56 2.26349e-54
1.16074e-12 1.1218e-56 2.25226e-54
1.16597e-12 1.12056e-56 2.24104e-54
1.17122e-12 1.11928e-56 2.22983e-54
1.17649e-12 1.11797e-56 2.21864e-54
1.18179e-12 1.11662e-56 2.20746e-54
1.18711e-12 1.11524e-56 2.19629e-54
1.19246e-12 1.11383e-56 2.18514e-54
1.19783e-12 1.11238e-56 2.174e-54
1.20323e-12 1.1109e-56 2.16288e-54
1.20864e-12 1.10938e-56 2.15177e-54
1.21409e-12 1.10783e-56 2.14068e-54
1.21956e-12 1.10625e-56 2.1296e-54
1.22505e-12 1.10463e-56 2.11854e-54
1.23057e-12 1.10298e-56 2.10749e-54
1.23611e-12 1.1013e-56 2.09646e-54
1.24167e-12 1.09959e-56 2.08545e-54
1.24727e-12 1.09784e-56 2.07445e-54
1.25288e-12 1.09606e-56 2.06347e-54
1.25853e-12 1.09425e-56 2.05251e-54
1.26419e-12 1.09241e-56 2.04157e-54
1.26989e-12 1.09054e-56 2.03065e-54
1.27561e-12 1.08863e-56 2.01974e-54
1.28135e-12 1.08669e-56 2.00885e-54
1.28712e-12 1.08473e-56 1.99799e-54
1.29292e-12 1.08273e-56 1.98714e-54
1.29874e-12 1.0807e-56 1.97631e-54
1.30459e-12 1.07864e-56 1.96551e-54
1.31047e-12 1.07655e-56 1.95472e-54
1.31637e-12 1.07444e-56 1.94395e-54
1.3223e-12 1.07229e-56 1.93321e-54
1.32825e-12 1.07011e-56 1.92249e-54
1.33424e-12 1.0679e-56 1.91178e-54
1.34024e-12 1.06567e-56 1.90111e-54
1.34628e-12 1.0634e-56 1.89045e-54
1.35234e-12 1.06111e-56 1.87981e-54
1.35843e-12 1.05879e-56 1.8692e-54
1.36455e-12 1.05644e-56 1.85862e-54
1.3707e-12 1.05407e-56 1.84805e-54
1.37687e-12 1.05166e-56 1.83751e-54
1.38307e-12 1.04923e-56 1.82699e-54
1.3893e-12 1.04678e-56 1.8165e-54
1.39556e-12 1.04429e-56 1.80603e-54
1.40184e-12 1.04178e-56 1.79559e-54
1.40816e-12 1.03924e-56 1.78517e-54
1.4145e-12 1.03668e-56 1.77478e-54
1.42087e-12 1.03409e-56 1.76441e-54
1.42727e-12 1.03148e-56 1.75407e-54
1.4337e-12 1.02884e-56 1.74376e-54
1.44015e-12 1.02618e-56 1.73347e-54
1.44664e-12 1.02349e-56 1.72321e-54
1.45315e-12 1.02078e-56 1.71297e-54
1.4597e-12 1.01804e-56 1.70277e-54
1.46627e-12 1.01528e-56 1.69259e-54
1.47288e-12 1.01249e-56 1.68243e-54
1.47951e-12 1.00969e-56 1.67231e-54
1.48617e-12 1.00686e-56 1.66221e-54
1.49287e-12 1.004e-56 1.65214e-54
1.49959e-12 1.00113e-56 1.6421e-54
1.50634e-12 9.98229e-57 1.63209e-54
1.51313e-12 9.95309e-57 1.62211e-54
1.51994e-12 9.92368e-57 1.61216e-54
1.52679e-12 9.89405e-57 1.60223e-54
1.53366e-12 9.86421e-57 1.59234e-54
1.54057e-12 9.83416e-57 1.58247e-54
1.54751e-12 9.80391e-57 1.57264e-54
1.55448e-12 9.77346e-57 1.56284e-54
1.56148e-12 9.74281e-57 1.55306e-54
1.56851e-12 9.71196e-57 1.54332e-54
1.57558e-12 9.68091e-57 1.53361e-54
1.58267e-12 9.64968e-57 1.52393e-54
1.5898e-12 9.61826e-57 1.51428e-54
1.59696e-12 9.58665e-57 1.50466e-54
1.60415e-12 9.55486e-57 1.49507e-54
1.61138e-12 9.52289e-57 1.48552e-54
1.61864e-12 9.49074e-57 1.47599e-54
1.62592e-12 9.45842e-57 1.4665e-54
1.63325e-12 9.42593e-57 1.45704e-54
1.6406e-12 9.39327e-57 1.44762e-54
1.64799e-12 9.36045e-57 1.43823e-54
1.65541e-12 9.32746e-57 1.42887e-54
1.66287e-12 9.29432e-57 1.41954e-54
1.67036e-12 9.26101e-57 1.41024e-54
1.67788e-12 9.22756e-57 1.40098e-54
1.68544e-12 9.19395e-57 1.39175e-54
1.69303e-12 9.16019e-57 1.38256e-54
1.70065e-12 9.12629e-57 1.3734e-54
1.70831e-12 9.09225e-57 1.36427e-54
1.71601e-12 9.05807e-57 1.35518e-54
1.72374e-12 9.02375e-57 1.34612e-54
1.7315e-12 8.9893e-57 1.3371e-54
1.7393e-12 8.95472e-57 1.32811e-54
1.74713e-12 8.92001e-57 1.31916e-54
1.755e-12 8.88517e-57 1.31024e-54
1.7629e-12 8.85021e-57 1.30135e-54
1.77084e-12 8.81514e-57 1.2925e-54
1.77882e-12 8.77995e-57 1.28369e-54
1.78683e-12 8.74464e-57 1.27491e-54
1.79488e-12 8.70922e-57 1.26616e-54
1.80296e-12 8.6737e-57 1.25745e-54
1.81108e-12 8.63807e-57 1.24878e-54
1.81924e-12 8.60234e-57 1.24014e-54
1.82743e-12 8.56651e-57 1.23154e-54
1.83566e-12 8.53058e-57 1.22297e-54
1.84393e-12 8.49456e-57 1.21444e-54
1.85223e-12 8.45844e-57 1.20595e-54
1.86057e-12 8.42224e-57 1.19749e-54
1.86895e-12 8.38596e-57 1.18907e-54
1.87737e-12 8.34959e-57 1.18068e-54
1.88583e-12 8.31314e-57 1.17233e-54
1.89432e-12 8.27662e-57 1.16402e-54
1.90285e-12 8.24002e-57 1.15574e-54
1.91142e-12 8.20335e-57 1.1475e-54
1.92003e-12 8.16661e-57 1.1393e-54
1.92868e-12 8.1298e-57 1.13113e-54
1.93736e-12 8.09294e-57 1.123e-54
1.94609e-12 8.05601e-57 1.11491e-54
1.95485e-12 8.01902e-57 1.10685e-54
1.96366e-12 7.98198e-57 1.09883e-54
1.9725e-12 7.94488e-57 1.09085e-54
1.98138e-12 7.90774e-57 1.08291e-54
1.99031e-12 7.87055e-57 1.075e-54
1.99927e-12 7.83331e-57 1.06713e-54
2.00827e-12 7.79603e-57 1.05929e-54
2.01732e-12 7.75871e-57 1.0515e-54
2.0264e-12 7.72136e-57 1.04374e-54
2.03553e-12 7.68397e-57 1.03602e-54
2.0447e-12 7.64655e-57 1.02833e-54
2.05391e-12 7.6091e-57 1.02069e-54
2.06316e-12 7.57162e-57 1.01308e-54
2.07245e-12 7.53412e-57 1.00551e-54
2.08178e-12 7.4966e-57 9.97972e-55
2.09116e-12 7.45906e-57 9.90476e-55
2.10058e-12 7.4215e-57 9.83017e-55
2.11004e-12 7.38393e-57 9.75595e-55
2.11954e-12 7.34635e-57 9.68211e-55
2.12909e-12 7.30875e-57 9.60865e-55
2.13867e-12 7.27116e-57 9.53556e-55
2.14831e-12 7.23355e-57 9.46285e-55
2.15798e-12 7.19595e-57 9.39052e-55
2.1677e-12 7.15834e-57 9.31856e-55
2.17746e-12 7.12074e-57 9.24697e-55
2.18727e-12 7.08314e-57 9.17577e-55
2.19712e-12 7.04555e-57 9.10493e-55
2.20702e-12 7.00797e-57 9.03448e-55
2.21696e-12 6.97041e-57 8.9644e-55
2.22694e-12 6.93285e-57 8.89469e-55
2.23697e-12 6.89532e-57 8.82537e-55
2.24704e-12 6.8578e-57 8.75641e-55
2.25716e-12 6.8203e-57 8.68783e-55
2.26733e-12 6.78283e-57 8.61963e-55
2.27754e-12 6.74538e-57 8.5518e-55
2.2878e-12 6.70796e-57 8.48435e-55
2.2981e-12 6.67057e-57 8.41727e-55
2.30845e-12 6.63321e-57 8.35056e-55
2.31885e-12 6.59588e-57 8.28423e-55
2.32929e-12 6.55859e-57 8.21827e-55
2.33978e-12 6.52134e-57 8.15269e-55
2.35032e-12 6.48413e-57 8.08747e-55
2.36091e-12 6.44696e-57 8.02263e-55
2.37154e-12 6.40983e-57 7.95816e-55
2.38222e-12 6.37275e-57 7.89407e-55
2.39295e-12 6.33572e-57 7.83034e-55
2.40373e-12 6.29874e-57 7.76698e-55
2.41455e-12 6.26181e-57 7.70399e-55
2.42543e-12 6.22494e-57 7.64137e-55
2.43635e-12 6.18812e-57 7.57913e-55
2.44732e-12 6.15136e-57 7.51724e-55
2.45834e-12 6.11466e-57 7.45573e-55
2.46942e-12 6.07802e-57 7.39458e-55
2.48054e-12 6.04144e-57 7.3338e-55
2.49171e-12 6.00493e-57 7.27339e-55
2.50293e-12 5.96848e-57 7.21334e-55
2.5142e-12 5.9321e-57 7.15366e-55
2.52553e-12 5.8958e-57 7.09433e-55
2.5369e-12 5.85956e-57 7.03538e-55
2.54833e-12 5.8234e-57 6.97678e-55
2.5598e-12 5.78731e-57 6.91855e-55
2.57133e-12 5.75131e-57 6.86067e-55
2.58291e-12 5.71537e-57 6.80316e-55
2.59454e-12 5.67952e-57 6.74601e-55
2.60623e-12 5.64375e-57 6.68921e-55
2.61797e-12 5.60807e-57 6.63277e-55
2.62976e-12 5.57247e-57 6.57669e-55
2.6416e-12 5.53695e-57 6.52097e-55
2.6535e-12 5.50153e-57 6.4656e-55
2.66545e-12 5.46619e-57 6.41058e-55
2.67745e-12 5.43094e-57 6.35592e-55
2.68951e-12 5.39579e-57 6.30161e-55
2.70162e-12 5.36073e-57 6.24765e-55
2.71379e-12 5.32576e-57 6.19405e-55
2.72601e-12 5.29089e-57 6.14079e-55
2.73829e-12 5.25612e-57 6.08788e-55
2.75062e-12 5.22145e-57 6.03532e-55
2.76301e-12 5.18688e-57 5.98311e-55
2.77546e-12 5.15241e-57 5.93124e-55
2.78796e-12 5.11804e-57 5.87971e-55
2.80051e-12 5.08378e-57 5.82853e-55
2.81312e-12 5.04962e-57 5.77769e-55
2.82579e-12 5.01557e-57 5.7272e-55
2.83852e-12 4.98163e-57 5.67704e-55
2.8513e-12 4.94779e-57 5.62723e-55
2.86415e-12 4.91407e-57 5.57775e-55
2.87705e-12 4.88046e-57 5.52861e-55
2.89e-12 4.84696e-57 5.4798e-55
2.90302e-12 4.81357e-57 5.43133e-55
2.91609e-12 4.7803e-57 5.3832e-55
2.92923e-12 4.74714e-57 5.33539e-55
2.94242e-12 4.7141e-57 5.28792e-55
2.95567e-12 4.68118e-57 5.24078e-55
2.96898e-12 4.64838e-57 5.19397e-55
2.98235e-12 4.61569e-57 5.14749e-55
2.99578e-12 4.58313e-57 5.10133e-55
3.00928e-12 4.55069e-57 5.0555e-55
3.02283e-12 4.51837e-57 5.00999e-55
3.03644e-12 4.48617e-57 4.96481e-55
3.05012e-12 4.4541e-57 4.91995e-55
3.06386e-12 4.42215e-57 4.8754e-55
3.07765e-12 4.39033e-57 4.83118e-55
3.09152e-12 4.35864e-57 4.78728e-55
3.10544e-12 4.32707e-57 4.74369e-55
3.11942e-12 4.29563e-57 4.70042e-55
3.13347e-12 4.26432e-57 4.65747e-55
3.14759e-12 4.23314e-57 4.61482e-55
3.16176e-12 4.20209e-57 4.57249e-55
3.176e-12 4.17117e-57 4.53047e-55
3.19031e-12 4.14038e-57 4.48876e-55
3.20467e-12 4.10973e-57 4.44736e-55
3.21911e-12 4.0792e-57 4.40626e-55
3.2336e-12 4.04882e-57 4.36547e-55
3.24817e-12 4.01856e-57 4.32498e-55
3.2628e-12 3.98844e-57 4.28479e-55
3.27749e-12 3.95846e-57 4.24491e-55
3.29225e-12 3.92861e-57 4.20532e-55
3.30708e-12 3.8989e-57 4.16604e-55
3.32197e-12 3.86932e-57 4.12705e-55
3.33693e-12 3.83988e-57 4.08835e-55
3.35196e-12 3.81058e-57 4.04996e-55
3.36706e-12 3.78142e-57 4.01185e-55
3.38222e-12 3.7524e-57 3.97404e-55
3.39746e-12 3.72352e-57 3.93651e-55
3.41276e-12 3.69477e-57 3.89928e-55
3.42813e-12 3.66617e-57 3.86233e-55
3.44357e-12 3.63771e-57 3.82567e-55
3.45908e-12 3.60938e-57 3.78929e-55
3.47465e-12 3.5812e-57 3.7532e-55
3.4903e-12 3.55316e-57 3.71738e-55
3.50602e-12 3.52526e-57 3.68185e-55
3.52181e-12 3.49751e-57 3.6466e-55
3.53767e-12 3.46989e-57 3.61163e-55
3.55361e-12 3.44242e-57 3.57693e-55
3.56961e-12 3.41509e-57 3.5425e-55
3.58569e-12 3.38791e-57 3.50835e-55
3.60184e-12 3.36087e-57 3.47447e-55
3.61806e-12 3.33397e-57 3.44086e-55
3.63435e-12 3.30721e-57 3.40752e-55
3.65072e-12 3.2806e-57 3.37445e-55
3.66716e-12 3.25413e-57 3.34165e-55
3.68368e-12 3.22781e-57 3.3091e-55
3.70027e-12 3.20163e-57 3.27683e-55
3.71693e-12 3.1756e-57 3.24481e-55
3.73367e-12 3.14971e-57 3.21305e-55
3.75049e-12 3.12396e-57 3.18156e-55
3.76738e-12 3.09836e-57 3.15032e-55
3.78435e-12 3.0729e-57 3.11933e-55
3.80139e-12 3.04759e-57 3.0886e-55
3.81851e-12 3.02242e-57 3.05813e-55
3.83571e-12 2.9974e-57 3.0279e-55
3.85298e-12 2.97252e-57 2.99793e-55
3.87034e-12 2.94779e-57 2.96821e-55
3.88777e-12 2.9232e-57 2.93873e-55
3.90528e-12 2.89876e-57 2.9095e-55
3.92286e-12 2.87446e-57 2.88051e-55
3.94053e-12 2.8503e-57 2.85176e-55
3.95828e-12 2.82629e-57 2.82326e-55
3.97611e-12 2.80242e-57 2.795e-55
3.99401e-12 2.7787e-57 2.76697e-55
4.012e-12 2.75512e-57 2.73919e-55
4.03007e-12 2.73169e-57 2.71163e-55
4.04822e-12 2.7084e-57 2.68432e-55
4.06645e-12 2.68525e-57 2.65723e-55
4.08477e-12 2.66225e-57 2.63038e-55
4.10316e-12 2.63939e-57 2.60376e-55
4.12164e-12 2.61668e-57 2.57736e-55
4.1402e-12 2.5941e-57 2.5512e-55
4.15885e-12 2.57167e-57 2.52526e-55
4.17758e-12 2.54939e-57 2.49954e-55
4.1964e-12 2.52724e-57 2.47405e-55
4.2153e-12 2.50524e-57 2.44877e-55
4.23428e-12 2.48338e-57 2.42372e-55
4.25335e-12 2.46166e-57 2.39889e-55
4.27251e-12 2.44008e-57 2.37427e-55
4.29175e-12 2.41864e-57 2.34987e-55
4.31108e-12 2.39735e-57 2.32568e-55
4.33049e-12 2.37619e-57 2.30171e-55
4.35e-12 2.35518e-57 2.27795e-55
4.36959e-12 2.3343e-57 2.2544e-55
4.38927e-12 2.31357e-57 2.23105e-55
4.40903e-12 2.29297e-57 2.20792e-55
4.42889e-12 2.27252e-57 2.18499e-55
4.44884e-12 2.2522e-57 2.16226e-55
4.46887e-12 2.23202e-57 2.13974e-55
4.489e-12 2.21198e-57 2.11742e-55
4.50922e-12 2.19207e-57 2.0953e-55
4.52953e-12 2.17231e-57 2.07338e-55
4.54993e-12 2.15268e-57 2.05166e-55
4.57042e-12 2.13318e-57 2.03013e-55
4.591e-12 2.11382e-57 2.0088e-55
4.61168e-12 2.0946e-57 1.98766e-55
4.63245e-12 2.07552e-57 1.96671e-55
4.65331e-12 2.05656e-57 1.94596e-55
4.67427e-12 2.03775e-57 1.92539e-55
4.69532e-12 2.01906e-57 1.90502e-55
4.71647e-12 2.00051e-57 1.88483e-55
4.73771e-12 1.9821e-57 1.86482e-55
4.75904e-12 1.96381e-57 1.845e-55
4.78048e-12 1.94566e-57 1.82536e-55
4.80201e-12 1.92764e-57 1.8059e-55
4.82363e-12 1.90975e-57 1.78663e-55
4.84536e-12 1.892e-57 1.76753e-55
4.86718e-12 1.87437e-57 1.74861e-55
4.8891e-12 1.85687e-57 1.72987e-55
4.91112e-12 1.8395e-57 1.7113e-55
4.93324e-12 1.82226e-57 1.6929e-55
4.95546e-12 1.80515e-57 1.67468e-55
4.97777e-12 1.78817e-57 1.65663e-55
5.00019e-12 1.77131e-57 1.63875e-55
5.02271e-12 1.75458e-57 1.62103e-55
5.04533e-12 1.73798e-57 1.60349e-55
5.06806e-12 1.7215e-57 1.58611e-55
5.09088e-12 1.70515e-57 1.56889e-55
5.11381e-12 1.68893e-57 1.55184e-55
5.13684e-12 1.67282e-57 1.53495e-55
5.15997e-12 1.65685e-57 1.51822e-55
5.18321e-12 1.64099e-57 1.50166e-55
5.20656e-12 1.62526e-57 1.48525e-55
5.23001e-12 1.60965e-57 1.46899e-55
5.25356e-12 1.59416e-57 1.4529e-55
5.27722e-12 1.57879e-57 1.43696e-55
5.30099e-12 1.56354e-57 1.42117e-55
5.32486e-12 1.54841e-57 1.40553e-55
5.34884e-12 1.5334e-57 1.39005e-55
5.37293e-12 1.51851e-57 1.37471e-55
5.39713e-12 1.50374e-57 1.35953e-55
5.42144e-12 1.48908e-57 1.34449e-55
5.44586e-12 1.47455e-57 1.3296e-55
5.47038e-12 1.46013e-57 1.31486e-55
5.49502e-12 1.44582e-57 1.30025e-55
5.51977e-12 1.43163e-57 1.2858e-55
5.54463e-12 1.41755e-57 1.27148e-55
5.5696e-12 1.40359e-57 1.2573e-55
5.59468e-12 1.38974e-57 1.24327e-55
5.61988e-12 1.37601e-57 1.22937e-55
5.64519e-12 1.36238e-57 1.21561e-55
5.67061e-12 1.34887e-57 1.20199e-55
5.69615e-12 1.33547e-57 1.1885e-55
5.72181e-12 1.32218e-57 1.17514e-55
5.74757e-12 1.309e-57 1.16192e-55
5.77346e-12 1.29593e-57 1.14883e-55
5.79946e-12 1.28297e-57 1.13587e-55
5.82558e-12 1.27011e-57 1.12304e-55
5.85182e-12 1.25737e-57 1.11034e-55
5.87817e-12 1.24473e-57 1.09777e-55
5.90465e-12 1.23219e-57 1.08532e-55
5.93124e-12 1.21977e-57 1.073e-55
5.95795e-12 1.20744e-57 1.0608e-55
5.98478e-12 1.19522e-57 1.04873e-55
6.01174e-12 1.18311e-57 1.03677e-55
6.03881e-12 1.1711e-57 1.02494e-55
6.06601e-12 1.15919e-57 1.01323e-55
6.09333e-12 1.14738e-57 1.00164e-55
6.12077e-12 1.13568e-57 9.90167e-56
6.14834e-12 1.12407e-57 9.7881e-56
6.17603e-12 1.11257e-57 9.67569e-56
6.20384e-12 1.10116e-57 9.56443e-56
6.23178e-12 1.08985e-57 9.45432e-56
6.25985e-12 1.07865e-57 9.34533e-56
6.28804e-12 1.06754e-57 9.23747e-56
6.31636e-12 1.05652e-57 9.13071e-56
6.34481e-12 1.0456e-57 9.02506e-56
6.37339e-12 1.03478e-57 8.9205e-56
6.40209e-12 1.02406e-57 8.81702e-56
6.43092e-12 1.01343e-57 8.71462e-56
6.45989e-12 1.00289e-57 8.61328e-56
6.48898e-12 9.92445e-58 8.51299e-56
6.5182e-12 9.82093e-58 8.41374e-56
6.54756e-12 9.71834e-58 8.31553e-56
6.57705e-12 9.61667e-58 8.21835e-56
6.60667e-12 9.5159e-58 8.12218e-56
6.63642e-12 9.41604e-58 8.02702e-56
6.66631e-12 9.31708e-58 7.93286e-56
6.69633e-12 9.219e-58 7.83969e-56
6.72649e-12 9.12181e-58 7.7475e-56
6.75679e-12 9.02551e-58 7.65628e-56
6.78722e-12 8.93007e-58 7.56603e-56
6.81779e-12 8.8355e-58 7.47673e-56
6.84849e-12 8.7418e-58 7.38837e-56
6.87933e-12 8.64895e-58 7.30096e-56
6.91032e-12 8.55694e-58 7.21447e-56
6.94144e-12 8.46579e-58 7.1289e-56
6.9727e-12 8.37547e-58 7.04424e-56
7.0041e-12 8.28598e-58 6.96048e-56
7.03565e-12 8.19732e-58 6.87762e-56
7.06734e-12 8.10947e-58 6.79565e-56
7.09916e-12 8.02244e-58 6.71456e-56
7.13114e-12 7.93622e-58 6.63433e-56
7.16325e-12 7.85081e-58 6.55497e-56
7.19551e-12 7.76618e-58 6.47646e-56
7.22792e-12 7.68235e-58 6.3988e-56
7.26047e-12 7.59931e-58 6.32198e-56
7.29317e-12 7.51704e-58 6.24598e-56
7.32602e-12 7.43555e-58 6.17081e-56
7.35901e-12 7.35482e-58 6.09646e-56
7.39216e-12 7.27486e-58 6.02291e-56
7.42545e-12 7.19565e-58 5.95016e-56
7.45889e-12 7.1172e-58 5.8782e-56
7.49248e-12 7.03949e-58 5.80703e-56
7.52623e-12 6.96251e-58 5.73664e-56
7.56012e-12 6.88628e-58 5.66701e-56
7.59417e-12 6.81077e-58 5.59815e-56
7.62837e-12 6.73598e-58 5.53004e-56
7.66273e-12 6.66191e-58 5.46268e-56
7.69724e-12 6.58855e-58 5.39606e-56
7.73191e-12 6.5159e-58 5.33018e-56
7.76673e-12 6.44395e-58 5.26502e-56
7.80171e-12 6.3727e-58 5.20058e-56
7.83684e-12 6.30213e-58 5.13685e-56
7.87214e-12 6.23225e-58 5.07383e-56
7.90759e-12 6.16305e-58 5.01151e-56
7.94321e-12 6.09452e-58 4.94988e-56
7.97898e-12 6.02666e-58 4.88893e-56
8.01492e-12 5.95946e-58 4.82867e-56
8.05101e-12 5.89292e-58 4.76907e-56
8.08727e-12 5.82704e-58 4.71014e-56
8.12369e-12 5.7618e-58 4.65187e-56
8.16028e-12 5.6972e-58 4.59425e-56
8.19703e-12 5.63324e-58 4.53728e-56
8.23395e-12 5.56991e-58 4.48095e-56
8.27103e-12 5.50721e-58 4.42525e-56
8.30828e-12 5.44513e-58 4.37018e-56
8.3457e-12 5.38367e-58 4.31573e-56
8.38329e-12 5.32282e-58 4.26189e-56
8.42104e-12 5.26257e-58 4.20866e-56
8.45897e-12 5.20293e-58 4.15604e-56
8.49707e-12 5.14388e-58 4.10401e-56
8.53534e-12 5.08542e-58 4.05257e-56
8.57378e-12 5.02756e-58 4.00171e-56
8.61239e-12 4.97027e-58 3.95144e-56
8.65118e-12 4.91356e-58 3.90173e-56
8.69014e-12 4.85742e-58 3.8526e-56
8.72928e-12 4.80185e-58 3.80403e-56
8.76859e-12 4.74684e-58 3.75601e-56
8.80808e-12 4.69239e-58 3.70854e-56
8.84775e-12 4.63849e-58 3.66161e-56
8.8876e-12 4.58514e-58 3.61523e-56
8.92763e-12 4.53233e-58 3.56938e-56
8.96783e-12 4.48007e-58 3.52405e-56
9.00822e-12 4.42833e-58 3.47925e-56
9.04879e-12 4.37713e-58 3.43497e-56
9.08955e-12 4.32645e-58 3.3912e-56
9.13048e-12 4.2763e-58 3.34793e-56
9.1716e-12 4.22665e-58 3.30517e-56
9.21291e-12 4.17752e-58 3.26291e-56
9.2544e-12 4.1289e-58 3.22113e-56
9.29608e-12 4.08078e-58 3.17984e-56
9.33795e-12 4.03316e-58 3.13903e-56
9.38e-12 3.98603e-58 3.0987e-56
9.42225e-12 3.93939e-58 3.05884e-56
9.46468e-12 3.89324e-58 3.01945e-56
9.50731e-12 3.84757e-58 2.98051e-56
9.55013e-12 3.80238e-58 2.94204e-56
9.59314e-12 3.75765e-58 2.90402e-56
9.63634e-12 3.7134e-58 2.86644e-56
9.67974e-12 3.66961e-58 2.8293e-56
9.72334e-12 3.62628e-58 2.79261e-56
9.76713e-12 3.58341e-58 2.75635e-56
9.81112e-12 3.54098e-58 2.72051e-56
9.8553e-12 3.49901e-58 2.6851e-56
9.89969e-12 3.45748e-58 2.65011e-56
9.94427e-12 3.41639e-58 2.61554e-56
9.98906e-12 3.37573e-58 2.58137e-56
1.0034e-11 3.33551e-58 2.54762e-56
1.00792e-11 3.29571e-58 2.51426e-56
1.01246e-11 3.25634e-58 2.4813e-56
1.01702e-11 3.21739e-58 2.44874e-56
1.0216e-11 3.17885e-58 2.41657e-56
1.0262e-11 3.14073e-58 2.38478e-56
1.03083e-11 3.10301e-58 2.35337e-56
1.03547e-11 3.0657e-58 2.32234e-56
1.04013e-11 3.02879e-58 2.29168e-56
1.04482e-11 2.99228e-58 2.2614e-56
1.04952e-11 2.95616e-58 2.23147e-56
1.05425e-11 2.92043e-58 2.20191e-56
1.059e-11 2.88509e-58 2.17271e-56
1.06377e-11 2.85013e-58 2.14386e-56
1.06856e-11 2.81555e-58 2.11535e-56
1.07337e-11 2.78135e-58 2.0872e-56
1.0782e-11 2.74751e-58 2.05939e-56
1.08306e-11 2.71405e-58 2.03191e-56
1.08794e-11 2.68095e-58 2.00477e-56
1.09284e-11 2.64821e-58 1.97796e-56
1.09776e-11 2.61583e-58 1.95148e-56
1.1027e-11 2.58381e-58 1.92532e-56
1.10767e-11 2.55213e-58 1.89948e-56
1.11266e-11 2.52081e-58 1.87396e-56
1.11767e-11 2.48983e-58 1.84875e-56
1.1227e-11 2.45919e-58 1.82385e-56
1.12776e-11 2.42889e-58 1.79926e-56
1.13284e-11 2.39892e-58 1.77497e-56
1.13794e-11 2.36929e-58 1.75098e-56
1.14307e-11 2.33998e-58 1.72729e-56
1.14821e-11 2.311e-58 1.70389e-56
1.15338e-11 2.28234e-58 1.68078e-56
1.15858e-11 2.254e-58 1.65796e-56
1.1638e-11 2.22598e-58 1.63542e-56
1.16904e-11 2.19826e-58 1.61316e-56
1.1743e-11 2.17086e-58 1.59118e-56
1.17959e-11 2.14377e-58 1.56947e-56
1.1849e-11 2.11698e-58 1.54803e-56
1.19024e-11 2.09049e-58 1.52686e-56
1.1956e-11 2.0643e-58 1.50595e-56
1.20099e-11 2.0384e-58 1.48531e-56
1.2064e-11 2.01279e-58 1.46493e-56
1.21183e-11 1.98748e-58 1.4448e-56
1.21729e-11 1.96245e-58 1.42493e-56
1.22277e-11 1.9377e-58 1.4053e-56
1.22828e-11 1.91323e-58 1.38592e-56
1.23381e-11 1.88905e-58 1.36679e-56
1.23936e-11 1.86513e-58 1.3479e-56
1.24495e-11 1.84149e-58 1.32925e-56
1.25055e-11 1.81812e-58 1.31083e-56
1.25618e-11 1.79502e-58 1.29265e-56
1.26184e-11 1.77218e-58 1.2747e-56
1.26753e-11 1.7496e-58 1.25698e-56
1.27323e-11 1.72728e-58 1.23949e-56
1.27897e-11 1.70522e-58 1.22221e-56
1.28473e-11 1.68341e-58 1.20516e-56
1.29051e-11 1.66185e-58 1.18833e-56
1.29633e-11 1.64054e-58 1.17171e-56
1.30216e-11 1.61947e-58 1.1553e-56
1.30803e-11 1.59865e-58 1.13911e-56
1.31392e-11 1.57808e-58 1.12312e-56
1.31984e-11 1.55774e-58 1.10734e-56
1.32578e-11 1.53763e-58 1.09176e-56
1.33175e-11 1.51776e-58 1.07639e-56
1.33775e-11 1.49812e-58 1.06121e-56
1.34378e-11 1.47871e-58 1.04623e-56
1.34983e-11 1.45953e-58 1.03144e-56
1.35591e-11 1.44057e-58 1.01685e-56
1.36201e-11 1.42184e-58 1.00244e-56
1.36815e-11 1.40332e-58 9.88221e-57
1.37431e-11 1.38502e-58 9.74188e-57
1.3805e-11 1.36694e-58 9.60338e-57
1.38672e-11 1.34906e-58 9.46669e-57
1.39296e-11 1.3314e-58 9.33178e-57
1.39923e-11 1.31395e-58 9.19864e-57
1.40554e-11 1.29671e-58 9.06724e-57
1.41187e-11 1.27967e-58 8.93757e-57
1.41823e-11 1.26283e-58 8.80961e-57
1.42461e-11 1.24619e-58 8.68332e-57
1.43103e-11 1.22975e-58 8.55871e-57
1.43747e-11 1.2135e-58 8.43573e-57
1.44395e-11 1.19745e-58 8.31438e-57
1.45045e-11 1.18159e-58 8.19464e-57
1.45698e-11 1.16592e-58 8.07648e-57
1.46354e-11 1.15044e-58 7.95988e-57
1.47014e-11 1.13514e-58 7.84484e-57
1.47676e-11 1.12003e-58 7.73133e-57
1.48341e-11 1.1051e-58 7.61932e-57
1.49009e-11 1.09035e-58 7.50881e-57
1.4968e-11 1.07577e-58 7.39978e-57
1.50354e-11 1.06138e-58 7.2922e-57
1.51031e-11 1.04715e-58 7.18606e-57
1.51711e-11 1.0331e-58 7.08135e-57
1.52395e-11 1.01922e-58 6.97804e-57
1.53081e-11 1.00551e-58 6.87612e-57
1.5377e-11 9.91966e-59 6.77556e-57
1.54463e-11 9.78587e-59 6.67637e-57
1.55159e-11 9.6537e-59 6.57851e-57
1.55857e-11 9.52315e-59 6.48197e-57
1.56559e-11 9.39419e-59 6.38674e-57
1.57265e-11 9.26682e-59 6.2928e-57
1.57973e-11 9.14101e-59 6.20013e-57
1.58684e-11 9.01674e-59 6.10872e-57
1.59399e-11 8.89401e-59 6.01855e-57
1.60117e-11 8.77278e-59 5.92961e-57
1.60838e-11 8.65306e-59 5.84189e-57
1.61562e-11 8.53481e-59 5.75535e-57
1.6229e-11 8.41802e-59 5.67001e-57
1.63021e-11 8.30268e-59 5.58583e-57
1.63755e-11 8.18878e-59 5.5028e-57
1.64493e-11 8.07629e-59 5.42091e-57
1.65233e-11 7.96519e-59 5.34015e-57
1.65978e-11 7.85549e-59 5.2605e-57
1.66725e-11 7.74715e-59 5.18194e-57
1.67476e-11 7.64017e-59 5.10447e-57
1.6823e-11 7.53452e-59 5.02807e-57
1.68988e-11 7.4302e-59 4.95272e-57
1.69749e-11 7.32719e-59 4.87842e-57
1.70513e-11 7.22548e-59 4.80515e-57
1.71281e-11 7.12504e-59 4.7329e-57
1.72053e-11 7.02587e-59 4.66164e-57
1.72828e-11 6.92795e-59 4.59139e-57
1.73606e-11 6.83128e-59 4.52211e-57
1.74388e-11 6.73582e-59 4.45379e-57
1.75173e-11 6.64158e-59 4.38644e-57
1.75962e-11 6.54853e-59 4.32002e-57
1.76755e-11 6.45667e-59 4.25453e-57
1.77551e-11 6.36597e-59 4.18997e-57
1.7835e-11 6.27643e-59 4.12631e-57
1.79154e-11 6.18804e-59 4.06354e-57
1.7996e-11 6.10078e-59 4.00166e-57
1.80771e-11 6.01463e-59 3.94066e-57
1.81585e-11 5.92959e-59 3.88051e-57
1.82403e-11 5.84564e-59 3.82121e-57
1.83224e-11 5.76277e-59 3.76276e-57
1.8405e-11 5.68097e-59 3.70513e-57
1.84878e-11 5.60023e-59 3.64832e-57
1.85711e-11 5.52053e-59 3.59232e-57
1.86547e-11 5.44186e-59 3.53711e-57
1.87388e-11 5.36421e-59 3.48269e-57
1.88232e-11 5.28757e-59 3.42905e-57
1.89079e-11 5.21192e-59 3.37618e-57
1.89931e-11 5.13726e-59 3.32406e-57
1.90786e-11 5.06357e-59 3.27268e-57
1.91646e-11 4.99084e-59 3.22205e-57
1.92509e-11 4.91907e-59 3.17214e-57
1.93376e-11 4.84823e-59 3.12295e-57
1.94247e-11 4.77833e-59 3.07447e-57
1.95121e-11 4.70934e-59 3.02668e-57
1.96e-11 4.64126e-59 2.97959e-57
1.96883e-11 4.57407e-59 2.93318e-57
1.9777e-11 4.50777e-59 2.88744e-57
1.9866e-11 4.44235e-59 2.84236e-57
1.99555e-11 4.37779e-59 2.79794e-57
2.00454e-11 4.31409e-59 2.75416e-57
2.01357e-11 4.25124e-59 2.71102e-57
2.02263e-11 4.18922e-59 2.6685e-57
2.03174e-11 4.12802e-59 2.62661e-57
2.04089e-11 4.06764e-59 2.58533e-57
2.05008e-11 4.00807e-59 2.54466e-57
2.05932e-11 3.94929e-59 2.50457e-57
2.06859e-11 3.8913e-59 2.46508e-57
2.07791e-11 3.83409e-59 2.42617e-57
2.08727e-11 3.77764e-59 2.38783e-57
2.09667e-11 3.72196e-59 2.35005e-57
2.10611e-11 3.66702e-59 2.31283e-57
2.1156e-11 3.61283e-59 2.27616e-57
2.12512e-11 3.55937e-59 2.24003e-57
2.13469e-11 3.50663e-59 2.20444e-57
2.14431e-11 3.4546e-59 2.16937e-57
2.15397e-11 3.40329e-59 2.13483e-57
2.16367e-11 3.35267e-59 2.10079e-57
2.17341e-11 3.30274e-59 2.06727e-57
2.1832e-11 3.25348e-59 2.03424e-57
2.19303e-11 3.20491e-59 2.00171e-57
2.20291e-11 3.15699e-59 1.96966e-57
2.21283e-11 3.10973e-59 1.93809e-57
2.2228e-11 3.06312e-59 1.90699e-57
2.23281e-11 3.01715e-59 1.87636e-57
2.24286e-11 2.97182e-59 1.84619e-57
2.25296e-11 2.9271e-59 1.81647e-57
2.26311e-11 2.88301e-59 1.7872e-57
2.2733e-11 2.83952e-59 1.75837e-57
2.28354e-11 2.79664e-59 1.72997e-57
2.29383e-11 2.75435e-59 1.70201e-57
2.30416e-11 2.71264e-59 1.67446e-57
2.31453e-11 2.67152e-59 1.64734e-57
2.32496e-11 2.63097e-59 1.62062e-57
2.33543e-11 2.59098e-59 1.59431e-57
2.34595e-11 2.55156e-59 1.5684e-57
2.35651e-11 2.51268e-59 1.54289e-57
2.36713e-11 2.47435e-59 1.51776e-57
2.37779e-11 2.43656e-59 1.49302e-57
2.3885e-11 2.3993e-59 1.46865e-57
2.39925e-11 2.36256e-59 1.44466e-57
2.41006e-11 2.32634e-59 1.42103e-57
2.42091e-11 2.29063e-59 1.39777e-57
2.43182e-11 2.25543e-59 1.37486e-57
2.44277e-11 2.22072e-59 1.35231e-57
2.45377e-11 2.18651e-59 1.3301e-57
2.46482e-11 2.15278e-59 1.30823e-57
2.47592e-11 2.11953e-59 1.28671e-57
2.48707e-11 2.08676e-59 1.26551e-57
2.49827e-11 2.05445e-59 1.24464e-57
2.50952e-11 2.02261e-59 1.2241e-57
2.52083e-11 1.99122e-59 1.20387e-57
2.53218e-11 1.96028e-59 1.18396e-57
2.54358e-11 1.92978e-59 1.16436e-57
2.55504e-11 1.89972e-59 1.14506e-57
2.56655e-11 1.8701e-59 1.12606e-57
2.57811e-11 1.8409e-59 1.10736e-57
2.58972e-11 1.81213e-59 1.08895e-57
2.60138e-11 1.78377e-59 1.07083e-57
2.6131e-11 1.75582e-59 1.05299e-57
2.62486e-11 1.72828e-59 1.03544e-57
2.63669e-11 1.70113e-59 1.01815e-57
2.64856e-11 1.67439e-59 1.00114e-57
2.66049e-11 1.64803e-59 9.84399e-58
2.67247e-11 1.62206e-59 9.67918e-58
2.68451e-11 1.59646e-59 9.51698e-58
2.6966e-11 1.57124e-59 9.35733e-58
2.70874e-11 1.54639e-59 9.20021e-58
2.72094e-11 1.52191e-59 9.04557e-58
2.7332e-11 1.49778e-59 8.89338e-58
2.74551e-11 1.47402e-59 8.7436e-58
2.75787e-11 1.4506e-59 8.5962e-58
2.77029e-11 1.42753e-59 8.45114e-58
2.78277e-11 1.40479e-59 8.30838e-58
2.7953e-11 1.3824e-59 8.1679e-58
2.80789e-11 1.36034e-59 8.02966e-58
2.82054e-11 1.3386e-59 7.89363e-58
2.83324e-11 1.31719e-59 7.75977e-58
2.846e-11 1.2961e-59 7.62805e-58
2.85882e-11 1.27533e-59 7.49844e-58
2.87169e-11 1.25486e-59 7.37091e-58
2.88462e-11 1.2347e-59 7.24542e-58
2.89762e-11 1.21484e-59 7.12195e-58
2.91067e-11 1.19529e-59 7.00047e-58
2.92377e-11 1.17602e-59 6.88094e-58
2.93694e-11 1.15705e-59 6.76334e-58
2.95017e-11 1.13836e-59 6.64763e-58
2.96346e-11 1.11995e-59 6.5338e-58
2.9768e-11 1.10183e-59 6.4218e-58
2.99021e-11 1.08398e-59 6.31162e-58
3.00368e-11 1.06639e-59 6.20322e-58
3.0172e-11 1.04908e-59 6.09658e-58
3.03079e-11 1.03203e-59 5.99167e-58
3.04444e-11 1.01524e-59 5.88847e-58
3.05815e-11 9.98704e-60 5.78695e-58
3.07193e-11 9.82423e-60 5.68708e-58
3.08576e-11 9.66391e-60 5.58883e-58
3.09966e-11 9.50605e-60 5.49219e-58
3.11362e-11 9.35061e-60 5.39713e-58
3.12764e-11 9.19756e-60 5.30363e-58
3.14173e-11 9.04687e-60 5.21165e-58
3.15588e-11 8.89851e-60 5.12118e-58
3.17009e-11 8.75243e-60 5.0322e-58
3.18437e-11 8.60862e-60 4.94467e-58
3.19871e-11 8.46703e-60 4.85859e-58
3.21312e-11 8.32764e-60 4.77392e-58
3.22759e-11 8.19042e-60 4.69064e-58
3.24212e-11 8.05533e-60 4.60874e-58
3.25672e-11 7.92235e-60 4.52818e-58
3.27139e-11 7.79144e-60 4.44896e-58
3.28612e-11 7.66258e-60 4.37105e-58
3.30092e-11 7.53573e-60 4.29442e-58
3.31579e-11 7.41087e-60 4.21906e-58
3.33072e-11 7.28797e-60 4.14495e-58
3.34573e-11 7.16701e-60 4.07207e-58
3.36079e-11 7.04794e-60 4.0004e-58
3.37593e-11 6.93076e-60 3.92992e-58
3.39113e-11 6.81542e-60 3.86062e-58
3.40641e-11 6.7019e-60 3.79246e-58
3.42175e-11 6.59019e-60 3.72544e-58
3.43716e-11 6.48024e-60 3.65954e-58
3.45264e-11 6.37203e-60 3.59474e-58
3.46819e-11 6.26555e-60 3.53102e-58
3.48381e-11 6.16076e-60 3.46836e-58
3.4995e-11 6.05764e-60 3.40676e-58
3.51526e-11 5.95617e-60 3.34618e-58
3.53109e-11 5.85632e-60 3.28662e-58
3.54699e-11 5.75807e-60 3.22805e-58
3.56297e-11 5.66139e-60 3.17047e-58
3.57901e-11 5.56626e-60 3.11386e-58
3.59513e-11 5.47266e-60 3.0582e-58
3.61132e-11 5.38057e-60 3.00347e-58
3.62759e-11 5.28996e-60 2.94967e-58
3.64393e-11 5.20081e-60 2.89677e-58
3.66034e-11 5.1131e-60 2.84476e-58
3.67682e-11 5.02681e-60 2.79363e-58
3.69338e-11 4.94192e-60 2.74336e-58
3.71002e-11 4.8584e-60 2.69394e-58
3.72672e-11 4.77624e-60 2.64536e-58
3.74351e-11 4.69542e-60 2.59759e-58
3.76037e-11 4.61591e-60 2.55064e-58
3.7773e-11 4.53769e-60 2.50448e-58
3.79432e-11 4.46076e-60 2.4591e-58
3.8114e-11 4.38508e-60 2.4145e-58
3.82857e-11 4.31064e-60 2.37064e-58
3.84581e-11 4.23742e-60 2.32754e-58
3.86313e-11 4.1654e-60 2.28516e-58
3.88053e-11 4.09456e-60 2.24351e-58
3.89801e-11 4.02489e-60 2.20256e-58
3.91556e-11 3.95636e-60 2.16232e-58
3.9332e-11 3.88897e-60 2.12275e-58
3.95091e-11 3.82268e-60 2.08386e-58
3.96871e-11 3.7575e-60 2.04564e-58
3.98658e-11 3.69339e-60 2.00806e-58
4.00453e-11 3.63034e-60 1.97113e-58
4.02257e-11 3.56834e-60 1.93482e-58
4.04069e-11 3.50736e-60 1.89914e-58
4.05888e-11 3.4474e-60 1.86407e-58
4.07716e-11 3.38844e-60 1.82959e-58
4.09553e-11 3.33046e-60 1.79571e-58
4.11397e-11 3.27345e-60 1.7624e-58
4.1325e-11 3.21739e-60 1.72967e-58
4.15111e-11 3.16227e-60 1.69749e-58
4.16981e-11 3.10807e-60 1.66587e-58
4.18859e-11 3.05478e-60 1.63479e-58
4.20745e-11 3.00238e-60 1.60424e-58
4.2264e-11 2.95086e-60 1.57422e-58
4.24543e-11 2.90021e-60 1.54471e-58
4.26455e-11 2.85041e-60 1.51571e-58
4.28376e-11 2.80145e-60 1.4872e-58
4.30305e-11 2.75331e-60 1.45919e-58
4.32243e-11 2.70599e-60 1.43166e-58
4.3419e-11 2.65947e-60 1.4046e-58
4.36146e-11 2.61373e-60 1.378e-58
4.3811e-11 2.56877e-60 1.35187e-58
4.40083e-11 2.52457e-60 1.32618e-58
4.42065e-11 2.48112e-60 1.30093e-58
4.44056e-11 2.43841e-60 1.27612e-58
4.46056e-11 2.39642e-60 1.25174e-58
4.48065e-11 2.35515e-60 1.22777e-58
4.50083e-11 2.31458e-60 1.20422e-58
4.5211e-11 2.27471e-60 1.18108e-58
4.54146e-11 2.23551e-60 1.15833e-58
4.56191e-11 2.19699e-60 1.13597e-58
4.58246e-11 2.15912e-60 1.114e-58
4.6031e-11 2.1219e-60 1.09241e-58
4.62383e-11 2.08532e-60 1.07119e-58
4.64465e-11 2.04936e-60 1.05034e-58
4.66557e-11 2.01402e-60 1.02985e-58
4.68658e-11 1.97929e-60 1.00971e-58
4.70769e-11 1.94516e-60 9.89913e-59
4.72889e-11 1.91161e-60 9.70462e-59
4.75019e-11 1.87864e-60 9.51345e-59
4.77158e-11 1.84624e-60 9.32559e-59
4.79307e-11 1.8144e-60 9.14096e-59
4.81466e-11 1.78311e-60 8.95952e-59
4.83634e-11 1.75236e-60 8.78121e-59
4.85812e-11 1.72214e-60 8.60598e-59
4.88e-11 1.69244e-60 8.43376e-59
4.90198e-11 1.66325e-60 8.26452e-59
4.92406e-11 1.63458e-60 8.0982e-59
4.94623e-11 1.60639e-60 7.93474e-59
4.96851e-11 1.5787e-60 7.7741e-59
4.99089e-11 1.55149e-60 7.61623e-59
5.01336e-11 1.52475e-60 7.46108e-59
5.03594e-11 1.49848e-60 7.3086e-59
5.05862e-11 1.47266e-60 7.15876e-59
5.08141e-11 1.44729e-60 7.01149e-59
5.10429e-11 1.42237e-60 6.86676e-59
5.12728e-11 1.39788e-60 6.72452e-59
5.15037e-11 1.37381e-60 6.58474e-59
5.17357e-11 1.35017e-60 6.44736e-59
5.19687e-11 1.32693e-60 6.31234e-59
5.22027e-11 1.30411e-60 6.17965e-59
5.24378e-11 1.28168e-60 6.04924e-59
5.2674e-11 1.25965e-60 5.92107e-59
5.29112e-11 1.238e-60 5.7951e-59
5.31495e-11 1.21673e-60 5.6713e-59
5.33889e-11 1.19583e-60 5.54963e-59
5.36293e-11 1.1753e-60 5.43005e-59
5.38709e-11 1.15512e-60 5.31252e-59
5.41135e-11 1.13531e-60 5.19701e-59
5.43572e-11 1.11584e-60 5.08347e-59
5.4602e-11 1.09671e-60 4.97189e-59
5.48479e-11 1.07791e-60 4.86222e-59
5.50949e-11 1.05945e-60 4.75443e-59
5.53431e-11 1.04131e-60 4.64848e-59
5.55923e-11 1.02349e-60 4.54435e-59
5.58427e-11 1.00599e-60 4.442e-59
5.60942e-11 9.88787e-61 4.3414e-59
5.63468e-11 9.71891e-61 4.24253e-59
5.66006e-11 9.55292e-61 4.14534e-59
5.68555e-11 9.38986e-61 4.04981e-59
5.71116e-11 9.22966e-61 3.95591e-59
5.73688e-11 9.07229e-61 3.86361e-59
5.76272e-11 8.91769e-61 3.77289e-59
5.78867e-11 8.76581e-61 3.68371e-59
5.81474e-11 8.61661e-61 3.59605e-59
5.84093e-11 8.47004e-61 3.50989e-59
5.86723e-11 8.32605e-61 3.42519e-59
5.89366e-11 8.1846e-61 3.34193e-59
5.9202e-11 8.04565e-61 3.26008e-59
5.94686e-11 7.90915e-61 3.17962e-59
5.97365e-11 7.77505e-61 3.10053e-59
6.00055e-11 7.64332e-61 3.02278e-59
6.02758e-11 7.51391e-61 2.94635e-59
6.05472e-11 7.38678e-61 2.87121e-59
6.08199e-11 7.2619e-61 2.79734e-59
6.10938e-11 7.13922e-61 2.72472e-59
6.1369e-11 7.0187e-61 2.65333e-59
6.16454e-11 6.90031e-61 2.58314e-59
6.1923e-11 6.78401e-61 2.51414e-59
6.22019e-11 6.66975e-61 2.4463e-59
6.2482e-11 6.55752e-61 2.3796e-59
6.27634e-11 6.44726e-61 2.31403e-59
6.30461e-11 6.33895e-61 2.24956e-59
6.333e-11 6.23254e-61 2.18617e-59
6.36152e-11 6.12802e-61 2.12384e-59
6.39017e-11 6.02533e-61 2.06256e-59
6.41895e-11 5.92445e-61 2.00231e-59
6.44786e-11 5.82535e-61 1.94306e-59
6.4769e-11 5.728e-61 1.88481e-59
6.50607e-11 5.63236e-61 1.82753e-59
6.53537e-11 5.5384e-61 1.77121e-59
6.56481e-11 5.4461e-61 1.71582e-59
6.59437e-11 5.35543e-61 1.66136e-59
6.62407e-11 5.26634e-61 1.60781e-59
6.65391e-11 5.17883e-61 1.55514e-59
6.68387e-11 5.09285e-61 1.50336e-59
6.71398e-11 5.00838e-61 1.45243e-59
6.74421e-11 4.9254e-61 1.40234e-59
6.77459e-11 4.84387e-61 1.35309e-59
6.8051e-11 4.76378e-61 1.30465e-59
6.83575e-11 4.68509e-61 1.25701e-59
6.86653e-11 4.60778e-61 1.21016e-59
6.89746e-11 4.53183e-61 1.16408e-59
6.92852e-11 4.4572e-61 1.11877e-59
6.95973e-11 4.38389e-61 1.07419e-59
6.99107e-11 4.31186e-61 1.03035e-59
7.02256e-11 4.24108e-61 9.87236e-60
7.05418e-11 4.17155e-61 9.44825e-60
7.08595e-11 4.10323e-61 9.0311e-60
7.11787e-11 4.0361e-61 8.62077e-60
7.14992e-11 3.97015e-61 8.21716e-60
7.18212e-11 3.90534e-61 7.82015e-60
7.21447e-11 3.84167e-61 7.42961e-60
7.24696e-11 3.77911e-61 7.04545e-60
7.2796e-11 3.71763e-61 6.66754e-60
7.31239e-11 3.65723e-61 6.29577e-60
7.34532e-11 3.59787e-61 5.93005e-60
7.3784e-11 3.53955e-61 5.57026e-60
7.41163e-11 3.48224e-61 5.21631e-60
7.44501e-11 3.42592e-61 4.86808e-60
7.47854e-11 3.37059e-61 4.52549e-60
7.51222e-11 3.3162e-61 4.18843e-60
7.54605e-11 3.26277e-61 3.85681e-60
7.58004e-11 3.21025e-61 3.53054e-60
7.61418e-11 3.15865e-61 3.20951e-60
7.64847e-11 3.10793e-61 2.89365e-60
7.68292e-11 3.05809e-61 2.58285e-60
7.71752e-11 3.00911e-61 2.27704e-60
7.75228e-11 2.96098e-61 1.97613e-60
7.78719e-11 2.91367e-61 1.68004e-60
7.82226e-11 2.86717e-61 1.38867e-60
7.85749e-11 2.82148e-61 1.10195e-60
7.89288e-11 2.77657e-61 8.19804e-61
7.92842e-11 2.73243e-61 5.42147e-61
7.96413e-11 2.68904e-61 2.68904e-61
