1e-14 0 1.79165e-53
1.0045e-14 0 1.79165e-53
1.00903e-14 0 1.79165e-53
1.01357e-14 0 1.79165e-53
1.01814e-14 0 1.79165e-53
1.02272e-14 0 1.79165e-53
1.02733e-14 0 1.79165e-53
1.03196e-14 0 1.79165e-53
1.0366e-14 0 1.79165e-53
1.04127e-14 0 1.79165e-53
1.04596e-14 0 1.79165e-53
1.05067e-14 0 1.79165e-53
1.0554e-14 0 1.79165e-53
1.06016e-14 0 1.79165e-53
1.06493e-14 0 1.79165e-53
1.06973e-14 0 1.79165e-53
1.07455e-14 0 1.79165e-53
1.07938e-14 0 1.79165e-53
1.08425e-14 0 1.79165e-53
1.08913e-14 0 1.79165e-53
1.09403e-14 0 1.79165e-53
1.09896e-14 0 1.79165e-53
1.10391e-14 0 1.79165e-53
1.10888e-14 0 1.79165e-53
1.11388e-14 0 1.79165e-53
1.11889e-14 0 1.79165e-53
1.12393e-14 0 1.79165e-53
1.12899e-14 0 1.79165e-53
1.13408e-14 0 1.79165e-53
1.13919e-14 0 1.79165e-53
1.14432e-14 0 1.79165e-53
1.14947e-14 0 1.79165e-53
1.15465e-14 0 1.79165e-53
1.15985e-14 0 1.79165e-53
1.16507e-14 0 1.79165e-53
1.17032e-14 0 1.79165e-53
1.17559e-14 0 1.79165e-53
1.18088e-14 0 1.79165e-53
1.1862e-14 0 1.79165e-53
1.19154e-14 0 1.79165e-53
1.19691e-14 0 1.79165e-53
1.2023e-14 0 1.79165e-53
1.20772e-14 0 1.79165e-53
1.21316e-14 0 1.79165e-53
1.21862e-14 0 1.79165e-53
1.22411e-14 0 1.79165e-53
1.22962e-14 0 1.79165e-53
1.23516e-14 0 1.79165e-53
1.24072e-14 0 1.79165e-53
1.24631e-14 0 1.79165e-53
1.25192e-14 0 1.79165e-53
1.25756e-14 0 1.79165e-53
1.26322e-14 0 1.79165e-53
1.26891e-14 0 1.79165e-53
1.27463e-14 0 1.79165e-53
1.28037e-14 0 1.79165e-53
1.28613e-14 0 1.79165e-53
1.29193e-14 0 1.79165e-53
1.29775e-14 0 1.79165e-53
1.30359e-14 0 1.79165e-53
1.30946e-14 0 1.79165e-53
1.31536e-14 0 1.79165e-53
1.32128e-14 0 1.79165e-53
1.32723e-14 0 1.79165e-53
1.33321e-14 0 1.79165e-53
1.33922e-14 0 1.79165e-53
1.34525e-14 0 1.79165e-53
1.35131e-14 0 1.79165e-53
1.35739e-14 0 1.79165e-53
1.3635e-14 0 1.79165e-53
1.36965e-14 0 1.79165e-53
1.37581e-14 0 1.79165e-53
1.38201e-14 0 1.79165e-53
1.38823e-14 0 1.79165e-53
1.39449e-14 0 1.79165e-53
1.40077e-14 0 1.79165e-53
1.40708e-14 0 1.79165e-53
1.41341e-14 0 1.79165e-53
1.41978e-14 0 1.79165e-53
1.42617e-14 0 1.79165e-53
1.4326e-14 0 1.79165e-53
1.43905e-14 0 1.79165e-53
1.44553e-14 0 1.79165e-53
1.45204e-14 0 1.79165e-53
1.45858e-14 0 1.79165e-53
1.46515e-14 0 1.79165e-53
1.47175e-14 0 1.79165e-53
1.47837e-14 0 1.79165e-53
1.48503e-14 0 1.79165e-53
1.49172e-14 0 1.79165e-53
1.49844e-14 0 1.79165e-53
1.50519e-14 0 1.79165e-53
1.51197e-14 0 1.79165e-53
1.51878e-14 0 1.79165e-53
1.52562e-14 0 1.79165e-53
1.53249e-14 0 1.79165e-53
1.53939e-14 0 1.79165e-53
1.54632e-14 0 1.79165e-53
1.55329e-14 0 1.79165e-53
1.56028e-14 0 1.79165e-53
1.56731e-14 0 1.79165e-53
1.57437e-14 0 1.79165e-53
1.58146e-14 0 1.79165e-53
1.58858e-14 0 1.79165e-53
1.59573e-14 0 1.79165e-53
1.60292e-14 0 1.79165e-53
1.61014e-14 0 1.79165e-53
1.61739e-14 0 1.79165e-53
1.62468e-14 0 1.79165e-53
1.63199e-14 0 1.79165e-53
1.63934e-14 0 1.79165e-53
1.64673e-14 0 1.79165e-53
1.65414e-14 0 1.79165e-53
1.66159e-14 0 1.79165e-53
1.66908e-14 0 1.79165e-53
1.67659e-14 0 1.79165e-53
1.68414e-14 0 1.79165e-53
1.69173e-14 0 1.79165e-53
1.69935e-14 0 1.79165e-53
1.707e-14 0 1.79165e-53
1.71469e-14 0 1.79165e-53
1.72241e-14 0 1.79165e-53
1.73017e-14 0 1.79165e-53
1.73796e-14 0 1.79165e-53
1.74579e-14 0 1.79165e-53
1.75365e-14 0 1.79165e-53
1.76155e-14 0 1.79165e-53
1.76948e-14 0 1.79165e-53
1.77745e-14 0 1.79165e-53
1.78546e-14 0 1.79165e-53
1.7935e-14 0 1.79165e-53
1.80158e-14 0 1.79165e-53
1.80969e-14 0 1.79165e-53
1.81784e-14 0 1.79165e-53
1.82603e-14 0 1.79165e-53
1.83425e-14 0 1.79165e-53
1.84251e-14 0 1.79165e-53
1.85081e-14 0 1.79165e-53
1.85914e-14 0 1.79165e-53
1.86752e-14 0 1.79165e-53
1.87593e-14 0 1.79165e-53
1.88438e-14 0 1.79165e-53
1.89286e-14 0 1.79165e-53
1.90139e-14 0 1.79165e-53
1.90995e-14 0 1.79165e-53
1.91855e-14 0 1.79165e-53
1.92719e-14 0 1.79165e-53
1.93587e-14 0 1.79165e-53
1.94459e-14 0 1.79165e-53
1.95335e-14 0 1.79165e-53
1.96215e-14 0 1.79165e-53
1.97098e-14 0 1.79165e-53
1.97986e-14 0 1.79165e-53
1.98878e-14 0 1.79165e-53
1.99774e-14 0 1.79165e-53
2.00673e-14 0 1.79165e-53
2.01577e-14 0 1.79165e-53
2.02485e-14 0 1.79165e-53
2.03397e-14 0 1.79165e-53
2.04313e-14 0 1.79165e-53
2.05233e-14 0 1.79165e-53
2.06157e-14 0 1.79165e-53
2.07086e-14 0 1.79165e-53
2.08018e-14 0 1.79165e-53
2.08955e-14 0 1.79165e-53
2.09896e-14 0 1.79165e-53
2.10842e-14 0 1.79165e-53
2.11791e-14 0 1.79165e-53
2.12745e-14 0 1.79165e-53
2.13703e-14 0 1.79165e-53
2.14666e-14 0 1.79165e-53
2.15632e-14 0 1.79165e-53
2.16604e-14 0 1.79165e-53
2.17579e-14 0 1.79165e-53
2.18559e-14 0 1.79165e-53
2.19543e-14 0 1.79165e-53
2.20532e-14 0 1.79165e-53
2.21525e-14 0 1.79165e-53
2.22523e-14 0 1.79165e-53
2.23525e-14 0 1.79165e-53
2.24532e-14 0 1.79165e-53
2.25543e-14 0 1.79165e-53
2.26559e-14 0 1.79165e-53
2.27579e-14 0 1.79165e-53
2.28604e-14 0 1.79165e-53
2.29634e-14 0 1.79165e-53
2.30668e-14 0 1.79165e-53
2.31707e-14 0 1.79165e-53
2.3275e-14 0 1.79165e-53
2.33799e-14 0 1.79165e-53
2.34852e-14 0 1.79165e-53
2.35909e-14 0 1.79165e-53
2.36972e-14 0 1.79165e-53
2.38039e-14 0 1.79165e-53
2.39111e-14 0 1.79165e-53
2.40188e-14 0 1.79165e-53
2.4127e-14 0 1.79165e-53
2.42356e-14 0 1.79165e-53
2.43448e-14 0 1.79165e-53
2.44544e-14 0 1.79165e-53
2.45646e-14 0 1.79165e-53
2.46752e-14 0 1.79165e-53
2.47863e-14 0 1.79165e-53
2.4898e-14 0 1.79165e-53
2.50101e-14 0 1.79165e-53
2.51227e-14 0 1.79165e-53
2.52359e-14 0 1.79165e-53
2.53495e-14 0 1.79165e-53
2.54637e-14 0 1.79165e-53
2.55784e-14 0 1.79165e-53
2.56936e-14 0 1.79165e-53
2.58093e-14 0 1.79165e-53
2.59255e-14 0 1.79165e-53
2.60423e-14 0 1.79165e-53
2.61596e-14 0 1.79165e-53
2.62774e-14 0 1.79165e-53
2.63957e-14 0 1.79165e-53
2.65146e-14 0 1.79165e-53
2.6634e-14 0 1.79165e-53
2.6754e-14 0 1.79165e-53
2.68745e-14 0 1.79165e-53
2.69955e-14 0 1.79165e-53
2.71171e-14 0 1.79165e-53
2.72392e-14 0 1.79165e-53
2.73619e-14 0 1.79165e-53
2.74851e-14 0 1.79165e-53
2.76089e-14 0 1.79165e-53
2.77332e-14 0 1.79165e-53
2.78581e-14 0 1.79165e-53
2.79836e-14 0 1.79165e-53
2.81096e-14 0 1.79165e-53
2.82362e-14 0 1.79165e-53
2.83634e-14 0 1.79165e-53
2.84912e-14 0 1.79165e-53
2.86195e-14 0 1.79165e-53
2.87484e-14 0 1.79165e-53
2.88778e-14 0 1.79165e-53
2.90079e-14 0 1.79165e-53
2.91385e-14 0 1.79165e-53
2.92698e-14 0 1.79165e-53
2.94016e-14 0 1.79165e-53
2.9534e-14 0 1.79165e-53
2.9667e-14 0 1.79165e-53
2.98006e-14 0 1.79165e-53
2.99348e-14 0 1.79165e-53
3.00697e-14 0 1.79165e-53
3.02051e-14 0 1.79165e-53
3.03411e-14 0 1.79165e-53
3.04778e-14 0 1.79165e-53
3.0615e-14 0 1.79165e-53
3.07529e-14 0 1.79165e-53
3.08914e-14 0 1.79165e-53
3.10305e-14 0 1.79165e-53
3.11703e-14 0 1.79165e-53
3.13107e-14 0 1.79165e-53
3.14517e-14 0 1.79165e-53
3.15933e-14 0 1.79165e-53
3.17356e-14 0 1.79165e-53
3.18786e-14 0 1.79165e-53
3.20221e-14 0 1.79165e-53
3.21663e-14 0 1.79165e-53
3.23112e-14 0 1.79165e-53
3.24567e-14 0 1.79165e-53
3.26029e-14 0 1.79165e-53
3.27497e-14 0 1.79165e-53
3.28972e-14 0 1.79165e-53
3.30454e-14 0 1.79165e-53
3.31942e-14 0 1.79165e-53
3.33437e-14 0 1.79165e-53
3.34939e-14 0 1.79165e-53
3.36447e-14 0 1.79165e-53
3.37963e-14 0 1.79165e-53
3.39485e-14 0 1.79165e-53
3.41014e-14 0 1.79165e-53
3.42549e-14 0 1.79165e-53
3.44092e-14 0 1.79165e-53
3.45642e-14 0 1.79165e-53
3.47199e-14 0 1.79165e-53
3.48762e-14 0 1.79165e-53
3.50333e-14 0 1.79165e-53
3.51911e-14 0 1.79165e-53
3.53496e-14 0 1.79165e-53
3.55088e-14 0 1.79165e-53
3.56687e-14 0 1.79165e-53
3.58293e-14 0 1.79165e-53
3.59907e-14 0 1.79165e-53
3.61528e-14 0 1.79165e-53
3.63156e-14 0 1.79165e-53
3.64792e-14 0 1.79165e-53
3.66435e-14 0 1.79165e-53
3.68085e-14 0 1.79165e-53
3.69743e-14 0 1.79165e-53
3.71408e-14 0 1.79165e-53
3.73081e-14 0 1.79165e-53
3.74761e-14 0 1.79165e-53
3.76449e-14 0 1.79165e-53
3.78144e-14 0 1.79165e-53
3.79847e-14 0 1.79165e-53
3.81558e-14 0 1.79165e-53
3.83276e-14 0 1.79165e-53
3.85002e-14 0 1.79165e-53
3.86736e-14 0 1.79165e-53
3.88478e-14 0 1.79165e-53
3.90228e-14 0 1.79165e-53
3.91985e-14 0 1.79165e-53
3.93751e-14 0 1.79165e-53
3.95524e-14 0 1.79165e-53
3.97305e-14 0 1.79165e-53
3.99095e-14 0 1.79165e-53
4.00892e-14 0 1.79165e-53
4.02698e-14 0 1.79165e-53
4.04511e-14 0 1.79165e-53
4.06333e-14 0 1.79165e-53
4.08163e-14 0 1.79165e-53
4.10001e-14 0 1.79165e-53
4.11848e-14 0 1.79165e-53
4.13703e-14 0 1.79165e-53
4.15566e-14 0 1.79165e-53
4.17437e-14 0 1.79165e-53
4.19317e-14 0 1.79165e-53
4.21206e-14 0 1.79165e-53
4.23103e-14 0 1.79165e-53
4.25008e-14 0 1.79165e-53
4.26922e-14 0 1.79165e-53
4.28845e-14 0 1.79165e-53
4.30777e-14 0 1.79165e-53
4.32717e-14 0 1.79165e-53
4.34666e-14 0 1.79165e-53
4.36623e-14 0 1.79165e-53
4.3859e-14 0 1.79165e-53
4.40565e-14 0 1.79165e-53
4.42549e-14 0 1.79165e-53
4.44542e-14 0 1.79165e-53
4.46544e-14 0 1.79165e-53
4.48555e-14 0 1.79165e-53
4.50575e-14 0 1.79165e-53
4.52605e-14 0 1.79165e-53
4.54643e-14 0 1.79165e-53
4.56691e-14 0 1.79165e-53
4.58748e-14 0 1.79165e-53
4.60814e-14 0 1.79165e-53
4.62889e-14 0 1.79165e-53
4.64974e-14 0 1.79165e-53
4.67068e-14 0 1.79165e-53
4.69171e-14 0 1.79165e-53
4.71284e-14 0 1.79165e-53
4.73407e-14 0 1.79165e-53
4.75539e-14 0 1.79165e-53
4.77681e-14 0 1.79165e-53
4.79832e-14 0 1.79165e-53
4.81993e-14 0 1.79165e-53
4.84164e-14 0 1.79165e-53
4.86344e-14 0 1.79165e-53
4.88535e-14 0 1.79165e-53
4.90735e-14 0 1.79165e-53
4.92945e-14 0 1.79165e-53
4.95165e-14 0 1.79165e-53
4.97395e-14 0 1.79165e-53
4.99635e-14 0 1.79165e-53
5.01886e-14 0 1.79165e-53
5.04146e-14 0 1.79165e-53
5.06416e-14 0 1.79165e-53
5.08697e-14 0 1.79165e-53
5.10988e-14 0 1.79165e-53
5.13289e-14 0 1.79165e-53
5.15601e-14 0 1.79165e-53
5.17923e-14 0 1.79165e-53
5.20256e-14 0 1.79165e-53
5.22599e-14 0 1.79165e-53
5.24953e-14 0 1.79165e-53
5.27317e-14 0 1.79165e-53
5.29692e-14 0 1.79165e-53
5.32077e-14 0 1.79165e-53
5.34474e-14 0 1.79165e-53
5.36881e-14 0 1.79165e-53
5.39299e-14 0 1.79165e-53
5.41728e-14 0 1.79165e-53
5.44167e-14 0 1.79165e-53
5.46618e-14 0 1.79165e-53
5.4908e-14 0 1.79165e-53
5.51553e-14 0 1.79165e-53
5.54037e-14 0 1.79165e-53
5.56532e-14 0 1.79165e-53
5.59039e-14 0 1.79165e-53
5.61556e-14 0 1.79165e-53
5.64085e-14 0 1.79165e-53
5.66626e-14 0 1.79165e-53
5.69178e-14 0 1.79165e-53
5.71741e-14 0 1.79165e-53
5.74316e-14 0 1.79165e-53
5.76903e-14 0 1.79165e-53
5.79501e-14 0 1.79165e-53
5.82111e-14 0 1.79165e-53
5.84732e-14 0 1.79165e-53
5.87366e-14 0 1.79165e-53
5.90011e-14 0 1.79165e-53
5.92668e-14 0 1.79165e-53
5.95338e-14 0 1.79165e-53
5.98019e-14 0 1.79165e-53
6.00712e-14 0 1.79165e-53
6.03418e-14 0 1.79165e-53
6.06135e-14 0 1.79165e-53
6.08865e-14 0 1.79165e-53
6.11607e-14 0 1.79165e-53
6.14362e-14 0 1.79165e-53
6.17129e-14 0 1.79165e-53
6.19908e-14 0 1.79165e-53
6.227e-14 0 1.79165e-53
6.25504e-14 0 1.79165e-53
6.28321e-14 0 1.79165e-53
6.31151e-14 0 1.79165e-53
6.33994e-14 0 1.79165e-53
6.36849e-14 0 1.79165e-53
6.39717e-14 0 1.79165e-53
6.42598e-14 0 1.79165e-53
6.45492e-14 0 1.79165e-53
6.484e-14 0 1.79165e-53
6.5132e-14 0 1.79165e-53
6.54253e-14 0 1.79165e-53
6.572e-14 0 1.79165e-53
6.6016e-14 0 1.79165e-53
6.63133e-14 0 1.79165e-53
6.66119e-14 0 1.79165e-53
6.69119e-14 0 1.79165e-53
6.72133e-14 0 1.79165e-53
6.7516e-14 0 1.79165e-53
6.78201e-14 0 1.79165e-53
6.81255e-14 0 1.79165e-53
6.84323e-14 0 1.79165e-53
6.87405e-14 0 1.79165e-53
6.90501e-14 0 1.79165e-53
6.93611e-14 0 1.79165e-53
6.96735e-14 0 1.79165e-53
6.99873e-14 0 1.79165e-53
7.03025e-14 0 1.79165e-53
7.06191e-14 0 1.79165e-53
7.09371e-14 0 1.79165e-53
7.12566e-14 0 1.79165e-53
7.15775e-14 0 1.79165e-53
7.18999e-14 0 1.79165e-53
7.22237e-14 0 1.79165e-53
7.2549e-14 0 1.79165e-53
7.28757e-14 0 1.79165e-53
7.32039e-14 0 1.79165e-53
7.35336e-14 0 1.79165e-53
7.38648e-14 0 1.79165e-53
7.41975e-14 0 1.79165e-53
7.45316e-14 0 1.79165e-53
7.48673e-14 0 1.79165e-53
7.52045e-14 0 1.79165e-53
7.55432e-14 0 1.79165e-53
7.58834e-14 0 1.79165e-53
7.62252e-14 0 1.79165e-53
7.65685e-14 0 1.79165e-53
7.69133e-14 0 1.79165e-53
7.72597e-14 0 1.79165e-53
7.76076e-14 0 1.79165e-53
7.79572e-14 0 1.79165e-53
7.83083e-14 0 1.79165e-53
7.86609e-14 0 1.79165e-53
7.90152e-14 0 1.79165e-53
7.93711e-14 0 1.79165e-53
7.97285e-14 0 1.79165e-53
8.00876e-14 0 1.79165e-53
8.04483e-14 0 1.79165e-53
8.08106e-14 0 1.79165e-53
8.11746e-14 0 1.79165e-53
8.15402e-14 0 1.79165e-53
8.19074e-14 0 1.79165e-53
8.22763e-14 0 1.79165e-53
8.26468e-14 0 1.79165e-53
8.3019e-14 0 1.79165e-53
8.33929e-14 0 1.79165e-53
8.37685e-14 0 1.79165e-53
8.41458e-14 0 1.79165e-53
8.45247e-14 0 1.79165e-53
8.49054e-14 0 1.79165e-53
8.52878e-14 0 1.79165e-53
8.56719e-14 0 1.79165e-53
8.60578e-14 0 1.79165e-53
8.64453e-14 0 1.79165e-53
8.68347e-14 0 1.79165e-53
8.72257e-14 0 1.79165e-53
8.76186e-14 0 1.79165e-53
8.80132e-14 0 1.79165e-53
8.84096e-14 0 1.79165e-53
8.88077e-14 0 1.79165e-53
8.92077e-14 0 1.79165e-53
8.96095e-14 0 1.79165e-53
9.00131e-14 0 1.79165e-53
9.04184e-14 0 1.79165e-53
9.08257e-14 0 1.79165e-53
9.12347e-14 0 1.79165e-53
9.16456e-14 0 1.79165e-53
9.20584e-14 0 1.79165e-53
9.2473e-14 0 1.79165e-53
9.28894e-14 0 1.79165e-53
9.33078e-14 0 1.79165e-53
9.3728e-14 0 1.79165e-53
9.41501e-14 0 1.79165e-53
9.45742e-14 0 1.79165e-53
9.50001e-14 0 1.79165e-53
9.54279e-14 0 1.79165e-53
9.58577e-14 0 1.79165e-53
9.62894e-14 0 1.79165e-53
9.67231e-14 0 1.79165e-53
9.71587e-14 0 1.79165e-53
9.75963e-14 0 1.79165e-53
9.80358e-14 0 1.79165e-53
9.84774e-14 0 1.79165e-53
9.89209e-14 0 1.79165e-53
9.93664e-14 0 1.79165e-53
9.98139e-14 0 1.79165e-53
1.00263e-13 0 1.79165e-53
1.00715e-13 0 1.79165e-53
1.01169e-13 0 1.79165e-53
1.01624e-13 0 1.79165e-53
1.02082e-13 0 1.79165e-53
1.02542e-13 0 1.79165e-53
1.03003e-13 0 1.79165e-53
1.03467e-13 0 1.79165e-53
1.03933e-13 0 1.79165e-53
1.04401e-13 0 1.79165e-53
1.04872e-13 0 1.79165e-53
1.05344e-13 0 1.79165e-53
1.05818e-13 0 1.79165e-53
1.06295e-13 0 1.79165e-53
1.06774e-13 0 1.79165e-53
1.07255e-13 0 1.79165e-53
1.07738e-13 0 1.79165e-53
1.08223e-13 0 1.79165e-53
1.0871e-13 0 1.79165e-53
1.092e-13 0 1.79165e-53
1.09692e-13 0 1.79165e-53
1.10186e-13 0 1.79165e-53
1.10682e-13 0 1.79165e-53
1.1118e-13 0 1.79165e-53
1.11681e-13 0 1.79165e-53
1.12184e-13 0 1.79165e-53
1.12689e-13 0 1.79165e-53
1.13197e-13 0 1.79165e-53
1.13707e-13 0 1.79165e-53
1.14219e-13 0 1.79165e-53
1.14733e-13 0 1.79165e-53
1.1525e-13 0 1.79165e-53
1.15769e-13 0 1.79165e-53
1.1629e-13 0 1.79165e-53
1.16814e-13 0 1.79165e-53
1.1734e-13 0 1.79165e-53
1.17869e-13 0 1.79165e-53
1.18399e-13 0 1.79165e-53
1.18933e-13 0 1.79165e-53
1.19468e-13 0 1.79165e-53
1.20006e-13 0 1.79165e-53
1.20547e-13 0 1.79165e-53
1.2109e-13 0 1.79165e-53
1.21635e-13 0 1.79165e-53
1.22183e-13 0 1.79165e-53
1.22733e-13 0 1.79165e-53
1.23286e-13 0 1.79165e-53
1.23841e-13 0 1.79165e-53
1.24399e-13 0 1.79165e-53
1.24959e-13 0 1.79165e-53
1.25522e-13 0 1.79165e-53
1.26087e-13 0 1.79165e-53
1.26655e-13 0 1.79165e-53
1.27226e-13 0 1.79165e-53
1.27799e-13 0 1.79165e-53
1.28374e-13 0 1.79165e-53
1.28952e-13 0 1.79165e-53
1.29533e-13 0 1.79165e-53
1.30116e-13 0 1.79165e-53
1.30702e-13 0 1.79165e-53
1.31291e-13 0 1.79165e-53
1.31882e-13 0 1.79165e-53
1.32476e-13 0 1.79165e-53
1.33073e-13 0 1.79165e-53
1.33672e-13 0 1.79165e-53
1.34274e-13 0 1.79165e-53
1.34879e-13 0 1.79165e-53
1.35487e-13 0 1.79165e-53
1.36097e-13 0 1.79165e-53
1.3671e-13 0 1.79165e-53
1.37325e-13 0 1.79165e-53
1.37944e-13 0 1.79165e-53
1.38565e-13 0 1.79165e-53
1.39189e-13 0 1.79165e-53
1.39816e-13 0 1.79165e-53
1.40446e-13 0 1.79165e-53
1.41078e-13 0 1.79165e-53
1.41714e-13 0 1.79165e-53
1.42352e-13 0 1.79165e-53
1.42993e-13 0 1.79165e-53
1.43637e-13 0 1.79165e-53
1.44284e-13 0 1.79165e-53
1.44934e-13 0 1.79165e-53
1.45586e-13 0 1.79165e-53
1.46242e-13 0 1.79165e-53
1.46901e-13 0 1.79165e-53
1.47562e-13 0 1.79165e-53
1.48227e-13 0 1.79165e-53
1.48894e-13 0 1.79165e-53
1.49565e-13 0 1.79165e-53
1.50239e-13 0 1.79165e-53
1.50915e-13 0 1.79165e-53
1.51595e-13 0 1.79165e-53
1.52278e-13 0 1.79165e-53
1.52963e-13 0 1.79165e-53
1.53652e-13 0 1.79165e-53
1.54344e-13 0 1.79165e-53
1.5504e-13 0 1.79165e-53
1.55738e-13 0 1.79165e-53
1.56439e-13 0 1.79165e-53
1.57144e-13 0 1.79165e-53
1.57851e-13 0 1.79165e-53
1.58562e-13 0 1.79165e-53
1.59277e-13 0 1.79165e-53
1.59994e-13 0 1.79165e-53
1.60714e-13 0 1.79165e-53
1.61438e-13 0 1.79165e-53
1.62165e-13 0 1.79165e-53
1.62896e-13 0 1.79165e-53
1.63629e-13 0 1.79165e-53
1.64366e-13 0 1.79165e-53
1.65106e-13 0 1.79165e-53
1.6585e-13 0 1.79165e-53
1.66597e-13 0 1.79165e-53
1.67347e-13 0 1.79165e-53
1.68101e-13 0 1.79165e-53
1.68858e-13 0 1.79165e-53
1.69619e-13 0 1.79165e-53
1.70382e-13 0 1.79165e-53
1.7115e-13 0 1.79165e-53
1.71921e-13 0 1.79165e-53
1.72695e-13 0 1.79165e-53
1.73473e-13 0 1.79165e-53
1.74254e-13 0 1.79165e-53
1.75039e-13 0 1.79165e-53
1.75827e-13 0 1.79165e-53
1.76619e-13 0 1.79165e-53
1.77414e-13 0 1.79165e-53
1.78213e-13 0 1.79165e-53
1.79016e-13 0 1.79165e-53
1.79822e-13 0 1.79165e-53
1.80632e-13 0 1.79165e-53
1.81446e-13 0 1.79165e-53
1.82263e-13 0 1.79165e-53
1.83084e-13 0 1.79165e-53
1.83908e-13 0 1.79165e-53
1.84736e-13 0 1.79165e-53
1.85568e-13 0 1.79165e-53
1.86404e-13 0 1.79165e-53
1.87244e-13 0 1.79165e-53
1.88087e-13 0 1.79165e-53
1.88934e-13 0 1.79165e-53
1.89785e-13 0 1.79165e-53
1.9064e-13 0 1.79165e-53
1.91498e-13 0 1.79165e-53
1.92361e-13 0 1.79165e-53
1.93227e-13 0 1.79165e-53
1.94097e-13 0 1.79165e-53
1.94972e-13 0 1.79165e-53
1.9585e-13 0 1.79165e-53
1.96732e-13 0 1.79165e-53
1.97618e-13 0 1.79165e-53
1.98508e-13 0 1.79165e-53
1.99402e-13 0 1.79165e-53
2.003e-13 0 1.79165e-53
2.01202e-13 0 1.79165e-53
2.02108e-13 0 1.79165e-53
2.03018e-13 0 1.79165e-53
2.03933e-13 0 1.79165e-53
2.04851e-13 0 1.79165e-53
2.05774e-13 0 1.79165e-53
2.067e-13 0 1.79165e-53
2.07631e-13 0 1.79165e-53
2.08566e-13 0 1.79165e-53
2.09506e-13 0 1.79165e-53
2.10449e-13 0 1.79165e-53
2.11397e-13 0 1.79165e-53
2.12349e-13 0 1.79165e-53
2.13306e-13 0 1.79165e-53
2.14266e-13 0 1.79165e-53
2.15231e-13 0 1.79165e-53
2.16201e-13 0 1.79165e-53
2.17174e-13 0 1.79165e-53
2.18152e-13 0 1.79165e-53
2.19135e-13 0 1.79165e-53
2.20122e-13 0 1.79165e-53
2.21113e-13 0 1.79165e-53
2.22109e-13 0 1.79165e-53
2.23109e-13 0 1.79165e-53
2.24114e-13 0 1.79165e-53
2.25123e-13 0 1.79165e-53
2.26137e-13 0 1.79165e-53
2.27156e-13 0 1.79165e-53
2.28179e-13 0 1.79165e-53
2.29206e-13 0 1.79165e-53
2.30239e-13 0 1.79165e-53
2.31276e-13 0 1.79165e-53
2.32317e-13 0 1.79165e-53
2.33364e-13 0 1.79165e-53
2.34415e-13 0 1.79165e-53
2.3547e-13 0 1.79165e-53
2.36531e-13 0 1.79165e-53
2.37596e-13 0 1.79165e-53
2.38666e-13 0 1.79165e-53
2.39741e-13 0 1.79165e-53
2.40821e-13 0 1.79165e-53
2.41905e-13 0 1.79165e-53
2.42995e-13 0 1.79165e-53
2.44089e-13 0 1.79165e-53
2.45188e-13 0 1.79165e-53
2.46293e-13 0 1.79165e-53
2.47402e-13 0 1.79165e-53
2.48516e-13 0 1.79165e-53
2.49635e-13 0 1.79165e-53
2.5076e-13 0 1.79165e-53
2.51889e-13 0 1.79165e-53
2.53023e-13 0 1.79165e-53
2.54163e-13 0 1.79165e-53
2.55308e-13 0 1.79165e-53
2.56458e-13 0 1.79165e-53
2.57613e-13 0 1.79165e-53
2.58773e-13 0 1.79165e-53
2.59938e-13 0 1.79165e-53
2.61109e-13 0 1.79165e-53
2.62285e-13 0 1.79165e-53
2.63466e-13 0 1.79165e-53
2.64653e-13 0 1.79165e-53
2.65845e-13 0 1.79165e-53
2.67042e-13 0 1.79165e-53
2.68245e-13 0 1.79165e-53
2.69453e-13 0 1.79165e-53
2.70666e-13 0 1.79165e-53
2.71885e-13 0 1.79165e-53
2.7311e-13 0 1.79165e-53
2.7434e-13 0 1.79165e-53
2.75575e-13 0 1.79165e-53
2.76816e-13 0 1.79165e-53
2.78063e-13 0 1.79165e-53
2.79315e-13 0 1.79165e-53
2.80573e-13 0 1.79165e-53
2.81837e-13 0 1.79165e-53
2.83106e-13 0 1.79165e-53
2.84381e-13 0 1.79165e-53
2.85662e-13 0 1.79165e-53
2.86949e-13 0 1.79165e-53
2.88241e-13 0 1.79165e-53
2.89539e-13 0 1.79165e-53
2.90843e-13 0 1.79165e-53
2.92153e-13 0 1.79165e-53
2.93469e-13 0 1.79165e-53
2.9479e-13 0 1.79165e-53
2.96118e-13 0 1.79165e-53
2.97452e-13 0 1.79165e-53
2.98791e-13 0 1.79165e-53
3.00137e-13 0 1.79165e-53
3.01489e-13 0 1.79165e-53
3.02847e-13 0 1.79165e-53
3.0421e-13 0 1.79165e-53
3.05581e-13 0 1.79165e-53
3.06957e-13 0 1.79165e-53
3.08339e-13 0 1.79165e-53
3.09728e-13 0 1.79165e-53
3.11123e-13 0 1.79165e-53
3.12524e-13 0 1.79165e-53
3.13932e-13 0 1.79165e-53
3.15345e-13 0 1.79165e-53
3.16766e-13 0 1.79165e-53
3.18192e-13 0 1.79165e-53
3.19625e-13 0 1.79165e-53
3.21065e-13 0 1.79165e-53
3.22511e-13 0 1.79165e-53
3.23963e-13 0 1.79165e-53
3.25422e-13 0 1.79165e-53
3.26888e-13 0 1.79165e-53
3.2836e-13 0 1.79165e-53
3.29839e-13 0 1.79165e-53
3.31324e-13 0 1.79165e-53
3.32817e-13 0 1.79165e-53
3.34316e-13 4.56599e-59 1.79165e-53
3.35821e-13 2.13693e-58 1.79164e-53
3.37334e-13 2.68168e-58 1.79162e-53
3.38853e-13 3.45835e-58 1.79159e-53
3.40379e-13 4.56107e-58 1.79156e-53
3.41912e-13 6.56522e-58 1.79151e-53
3.43452e-13 9.93601e-58 1.79145e-53
3.44999e-13 1.27915e-57 1.79135e-53
3.46552e-13 1.85935e-57 1.79122e-53
3.48113e-13 2.37215e-57 1.79103e-53
3.49681e-13 2.72325e-57 1.7908e-53
3.51256e-13 3.34925e-57 1.79053e-53
3.52838e-13 3.89082e-57 1.79019e-53
3.54427e-13 4.38832e-57 1.7898e-53
3.56023e-13 4.93128e-57 1.78936e-53
3.57627e-13 5.59655e-57 1.78887e-53
3.59237e-13 5.95669e-57 1.78831e-53
3.60855e-13 6.54391e-57 1.78771e-53
3.6248e-13 6.93874e-57 1.78706e-53
3.64113e-13 7.45574e-57 1.78637e-53
3.65753e-13 7.82076e-57 1.78562e-53
3.674e-13 8.34654e-57 1.78484e-53
3.69055e-13 8.74816e-57 1.784e-53
3.70717e-13 9.13561e-57 1.78313e-53
3.72386e-13 9.72097e-57 1.78222e-53
3.74063e-13 1.00447e-56 1.78124e-53
3.75748e-13 1.04422e-56 1.78024e-53
3.7744e-13 1.07763e-56 1.77919e-53
3.7914e-13 1.14183e-56 1.77812e-53
3.80848e-13 1.19189e-56 1.77697e-53
3.82563e-13 1.24317e-56 1.77578e-53
3.84286e-13 1.3064e-56 1.77454e-53
3.86017e-13 1.34562e-56 1.77323e-53
3.87755e-13 1.40203e-56 1.77189e-53
3.89502e-13 1.44321e-56 1.77049e-53
3.91256e-13 1.47965e-56 1.76904e-53
3.93018e-13 1.53961e-56 1.76756e-53
3.94788e-13 1.57615e-56 1.76602e-53
3.96566e-13 1.64133e-56 1.76445e-53
3.98352e-13 1.70008e-56 1.76281e-53
4.00146e-13 1.74842e-56 1.76111e-53
4.01948e-13 1.79589e-56 1.75936e-53
4.03758e-13 1.84325e-56 1.75756e-53
4.05577e-13 1.90624e-56 1.75572e-53
4.07403e-13 1.96543e-56 1.75381e-53
4.09238e-13 2.02242e-56 1.75185e-53
4.11081e-13 2.08898e-56 1.74982e-53
4.12933e-13 2.16273e-56 1.74774e-53
4.14792e-13 2.24912e-56 1.74557e-53
4.16661e-13 2.29513e-56 1.74332e-53
4.18537e-13 2.36045e-56 1.74103e-53
4.20422e-13 2.41874e-56 1.73867e-53
4.22315e-13 2.45332e-56 1.73625e-53
4.24217e-13 2.51431e-56 1.7338e-53
4.26128e-13 2.57299e-56 1.73128e-53
4.28047e-13 2.61892e-56 1.72871e-53
4.29975e-13 2.66769e-56 1.72609e-53
4.31911e-13 2.70629e-56 1.72342e-53
4.33857e-13 2.72552e-56 1.72072e-53
4.35811e-13 2.783e-56 1.71799e-53
4.37773e-13 2.83214e-56 1.71521e-53
4.39745e-13 2.86827e-56 1.71237e-53
4.41725e-13 2.88784e-56 1.70951e-53
4.43715e-13 2.92737e-56 1.70662e-53
4.45713e-13 2.95105e-56 1.70369e-53
4.47721e-13 2.97539e-56 1.70074e-53
4.49737e-13 3.00745e-56 1.69776e-53
4.51762e-13 3.06182e-56 1.69476e-53
4.53797e-13 3.1213e-56 1.6917e-53
4.55841e-13 3.17916e-56 1.68857e-53
4.57894e-13 3.2019e-56 1.6854e-53
4.59956e-13 3.25697e-56 1.68219e-53
4.62028e-13 3.30096e-56 1.67894e-53
4.64108e-13 3.3332e-56 1.67564e-53
4.66199e-13 3.38865e-56 1.6723e-53
4.68298e-13 3.40727e-56 1.66891e-53
4.70407e-13 3.42166e-56 1.66551e-53
4.72526e-13 3.4578e-56 1.66208e-53
4.74654e-13 3.50891e-56 1.65863e-53
4.76792e-13 3.54259e-56 1.65512e-53
4.78939e-13 3.59857e-56 1.65158e-53
4.81096e-13 3.64484e-56 1.64798e-53
4.83263e-13 3.70045e-56 1.64433e-53
4.85439e-13 3.76209e-56 1.64063e-53
4.87626e-13 3.80488e-56 1.63687e-53
4.89822e-13 3.83764e-56 1.63306e-53
4.92028e-13 3.86786e-56 1.62923e-53
4.94244e-13 3.92924e-56 1.62536e-53
4.9647e-13 4.02451e-56 1.62143e-53
4.98705e-13 4.10484e-56 1.61741e-53
5.00952e-13 4.16888e-56 1.6133e-53
5.03208e-13 4.26215e-56 1.60913e-53
5.05474e-13 4.34916e-56 1.60487e-53
5.0775e-13 4.46623e-56 1.60052e-53
5.10037e-13 4.54977e-56 1.59605e-53
5.12334e-13 4.62966e-56 1.5915e-53
5.14642e-13 4.74446e-56 1.58687e-53
5.16959e-13 4.86756e-56 1.58213e-53
5.19288e-13 4.95498e-56 1.57726e-53
5.21626e-13 5.04231e-56 1.57231e-53
5.23976e-13 5.14117e-56 1.56727e-53
5.26336e-13 5.22292e-56 1.56212e-53
5.28706e-13 5.30542e-56 1.5569e-53
5.31087e-13 5.40413e-56 1.5516e-53
5.33479e-13 5.48354e-56 1.54619e-53
5.35882e-13 5.55964e-56 1.54071e-53
5.38295e-13 5.6386e-56 1.53515e-53
5.40719e-13 5.71025e-56 1.52951e-53
5.43155e-13 5.78709e-56 1.5238e-53
5.45601e-13 5.85881e-56 1.51801e-53
5.48058e-13 5.89961e-56 1.51215e-53
5.50526e-13 5.94121e-56 1.50625e-53
5.53006e-13 5.99549e-56 1.50031e-53
5.55496e-13 6.02041e-56 1.49432e-53
5.57998e-13 6.03869e-56 1.4883e-53
5.60511e-13 6.06796e-56 1.48226e-53
5.63036e-13 6.10607e-56 1.47619e-53
5.65571e-13 6.13471e-56 1.47008e-53
5.68119e-13 6.15889e-56 1.46395e-53
5.70677e-13 6.19538e-56 1.45779e-53
5.73247e-13 6.21116e-56 1.4516e-53
5.75829e-13 6.23808e-56 1.44538e-53
5.78422e-13 6.26806e-56 1.43915e-53
5.81027e-13 6.29777e-56 1.43288e-53
5.83644e-13 6.31162e-56 1.42658e-53
5.86273e-13 6.33057e-56 1.42027e-53
5.88913e-13 6.35086e-56 1.41394e-53
5.91566e-13 6.38297e-56 1.40759e-53
5.9423e-13 6.42235e-56 1.4012e-53
5.96906e-13 6.46443e-56 1.39478e-53
5.99594e-13 6.49885e-56 1.38832e-53
6.02295e-13 6.5317e-56 1.38182e-53
6.05007e-13 6.56608e-56 1.37529e-53
6.07732e-13 6.58873e-56 1.36872e-53
6.10469e-13 6.61638e-56 1.36213e-53
6.13218e-13 6.64285e-56 1.35552e-53
6.1598e-13 6.65948e-56 1.34887e-53
6.18754e-13 6.66544e-56 1.34221e-53
6.21541e-13 6.70542e-56 1.33555e-53
6.2434e-13 6.69943e-56 1.32884e-53
6.27152e-13 6.7164e-56 1.32214e-53
6.29977e-13 6.7128e-56 1.31543e-53
6.32814e-13 6.72541e-56 1.30871e-53
6.35664e-13 6.73022e-56 1.30199e-53
6.38527e-13 6.74958e-56 1.29526e-53
6.41403e-13 6.7522e-56 1.28851e-53
6.44291e-13 6.75641e-56 1.28176e-53
6.47193e-13 6.75368e-56 1.275e-53
6.50108e-13 6.75228e-56 1.26825e-53
6.53036e-13 6.76293e-56 1.26149e-53
6.55977e-13 6.76731e-56 1.25473e-53
6.58931e-13 6.75392e-56 1.24796e-53
6.61899e-13 6.74164e-56 1.24121e-53
6.6488e-13 6.72982e-56 1.23447e-53
6.67874e-13 6.72829e-56 1.22774e-53
6.70882e-13 6.7205e-56 1.22101e-53
6.73903e-13 6.70331e-56 1.21429e-53
6.76938e-13 6.71382e-56 1.20759e-53
6.79987e-13 6.70628e-56 1.20087e-53
6.8305e-13 6.69324e-56 1.19417e-53
6.86126e-13 6.68983e-56 1.18747e-53
6.89216e-13 6.68117e-56 1.18078e-53
6.9232e-13 6.6699e-56 1.1741e-53
6.95438e-13 6.65562e-56 1.16743e-53
6.9857e-13 6.65585e-56 1.16078e-53
7.01716e-13 6.65078e-56 1.15412e-53
7.04877e-13 6.63769e-56 1.14747e-53
7.08051e-13 6.65202e-56 1.14083e-53
7.1124e-13 6.64295e-56 1.13418e-53
7.14443e-13 6.62689e-56 1.12754e-53
7.17661e-13 6.6383e-56 1.12091e-53
7.20893e-13 6.65837e-56 1.11427e-53
7.2414e-13 6.65419e-56 1.10761e-53
7.27401e-13 6.63218e-56 1.10096e-53
7.30677e-13 6.65678e-56 1.09433e-53
7.33968e-13 6.6517e-56 1.08767e-53
7.37273e-13 6.63266e-56 1.08102e-53
7.40594e-13 6.63281e-56 1.07439e-53
7.43929e-13 6.60187e-56 1.06775e-53
7.4728e-13 6.60034e-56 1.06115e-53
7.50645e-13 6.59531e-56 1.05455e-53
7.54026e-13 6.58676e-56 1.04796e-53
7.57422e-13 6.56843e-56 1.04137e-53
7.60833e-13 6.55193e-56 1.0348e-53
7.6426e-13 6.58454e-56 1.02825e-53
7.67702e-13 6.57598e-56 1.02166e-53
7.71159e-13 6.57711e-56 1.01509e-53
7.74632e-13 6.57657e-56 1.00851e-53
7.78121e-13 6.57643e-56 1.00193e-53
7.81625e-13 6.58226e-56 9.95358e-54
7.85146e-13 6.58515e-56 9.88776e-54
7.88682e-13 6.59503e-56 9.8219e-54
7.92234e-13 6.59138e-56 9.75595e-54
7.95802e-13 6.57323e-56 9.69004e-54
7.99386e-13 6.58335e-56 9.62431e-54
8.02986e-13 6.56724e-56 9.55847e-54
8.06602e-13 6.54854e-56 9.4928e-54
8.10235e-13 6.52519e-56 9.42732e-54
8.13884e-13 6.5251e-56 9.36206e-54
8.1755e-13 6.4933e-56 9.29681e-54
8.21232e-13 6.49001e-56 9.23188e-54
8.2493e-13 6.49074e-56 9.16698e-54
8.28645e-13 6.48679e-56 9.10207e-54
8.32377e-13 6.46034e-56 9.03721e-54
8.36126e-13 6.47616e-56 8.9726e-54
8.39892e-13 6.46521e-56 8.90784e-54
8.43674e-13 6.44085e-56 8.84319e-54
8.47474e-13 6.42403e-56 8.77878e-54
8.51291e-13 6.42632e-56 8.71454e-54
8.55125e-13 6.38815e-56 8.65028e-54
8.58976e-13 6.40658e-56 8.58639e-54
8.62845e-13 6.38281e-56 8.52233e-54
8.66731e-13 6.36175e-56 8.4585e-54
8.70634e-13 6.34815e-56 8.39488e-54
8.74555e-13 6.33002e-56 8.3314e-54
8.78494e-13 6.32593e-56 8.2681e-54
8.82451e-13 6.31913e-56 8.20484e-54
8.86425e-13 6.31036e-56 8.14165e-54
8.90417e-13 6.29601e-56 8.07855e-54
8.94427e-13 6.26899e-56 8.01559e-54
8.98455e-13 6.23935e-56 7.9529e-54
9.02502e-13 6.20374e-56 7.8905e-54
9.06566e-13 6.18438e-56 7.82847e-54
9.10649e-13 6.16351e-56 7.76662e-54
9.14751e-13 6.13116e-56 7.70499e-54
9.1887e-13 6.10015e-56 7.64368e-54
9.23009e-13 6.09926e-56 7.58267e-54
9.27166e-13 6.08526e-56 7.52168e-54
9.31341e-13 6.07541e-56 7.46083e-54
9.35536e-13 6.04837e-56 7.40008e-54
9.39749e-13 6.01067e-56 7.33959e-54
9.43982e-13 5.97597e-56 7.27949e-54
9.48233e-13 5.94383e-56 7.21973e-54
9.52504e-13 5.9436e-56 7.16029e-54
9.56793e-13 5.9112e-56 7.10085e-54
9.61103e-13 5.88365e-56 7.04174e-54
9.65431e-13 5.86565e-56 6.9829e-54
9.69779e-13 5.83598e-56 6.92425e-54
9.74147e-13 5.80188e-56 6.86589e-54
9.78534e-13 5.79691e-56 6.80787e-54
9.82941e-13 5.76745e-56 6.7499e-54
9.87368e-13 5.73764e-56 6.69222e-54
9.91815e-13 5.7148e-56 6.63485e-54
9.96282e-13 5.69237e-56 6.5777e-54
1.00077e-12 5.66931e-56 6.52078e-54
1.00528e-12 5.6461e-56 6.46408e-54
1.0098e-12 5.61473e-56 6.40762e-54
1.01435e-12 5.60112e-56 6.35147e-54
1.01892e-12 5.56596e-56 6.29546e-54
1.02351e-12 5.53672e-56 6.2398e-54
1.02812e-12 5.50885e-56 6.18444e-54
1.03275e-12 5.49531e-56 6.12935e-54
1.0374e-12 5.48012e-56 6.07439e-54
1.04207e-12 5.44671e-56 6.01959e-54
1.04676e-12 5.41807e-56 5.96513e-54
1.05148e-12 5.38146e-56 5.91095e-54
1.05621e-12 5.35562e-56 5.85713e-54
1.06097e-12 5.32676e-56 5.80357e-54
1.06575e-12 5.28969e-56 5.75031e-54
1.07055e-12 5.24359e-56 5.69741e-54
1.07537e-12 5.20583e-56 5.64497e-54
1.08021e-12 5.16424e-56 5.59292e-54
1.08508e-12 5.13316e-56 5.54127e-54
1.08997e-12 5.09859e-56 5.48994e-54
1.09487e-12 5.05214e-56 5.43896e-54
1.09981e-12 5.01575e-56 5.38843e-54
1.10476e-12 4.97242e-56 5.33828e-54
1.10973e-12 4.94501e-56 5.28855e-54
1.11473e-12 4.9138e-56 5.2391e-54
1.11975e-12 4.87355e-56 5.18997e-54
1.1248e-12 4.83444e-56 5.14123e-54
1.12986e-12 4.79033e-56 5.09289e-54
1.13495e-12 4.75415e-56 5.04498e-54
1.14006e-12 4.71076e-56 4.99744e-54
1.1452e-12 4.66775e-56 4.95033e-54
1.15035e-12 4.62512e-56 4.90366e-54
1.15553e-12 4.58735e-56 4.8574e-54
1.16074e-12 4.54544e-56 4.81153e-54
1.16597e-12 4.5039e-56 4.76608e-54
1.17122e-12 4.46274e-56 4.72104e-54
1.17649e-12 4.42194e-56 4.67641e-54
1.18179e-12 4.38482e-56 4.63219e-54
1.18711e-12 4.34471e-56 4.58834e-54
1.19246e-12 4.30497e-56 4.5449e-54
1.19783e-12 4.26558e-56 4.50185e-54
1.20323e-12 4.22654e-56 4.45919e-54
1.20864e-12 4.18785e-56 4.41692e-54
1.21409e-12 4.1495e-56 4.37505e-54
1.21956e-12 4.1115e-56 4.33355e-54
1.22505e-12 4.07733e-56 4.29244e-54
1.23057e-12 4.03997e-56 4.25166e-54
1.23611e-12 4.00295e-56 4.21126e-54
1.24167e-12 3.96625e-56 4.17123e-54
1.24727e-12 3.92988e-56 4.13157e-54
1.25288e-12 3.89384e-56 4.09227e-54
1.25853e-12 3.85812e-56 4.05333e-54
1.26419e-12 3.82272e-56 4.01475e-54
1.26989e-12 3.78764e-56 3.97653e-54
1.27561e-12 3.75287e-56 3.93865e-54
1.28135e-12 3.71841e-56 3.90112e-54
1.28712e-12 3.68426e-56 3.86394e-54
1.29292e-12 3.65042e-56 3.82709e-54
1.29874e-12 3.61687e-56 3.79059e-54
1.30459e-12 3.58363e-56 3.75442e-54
1.31047e-12 3.55069e-56 3.71858e-54
1.31637e-12 3.51804e-56 3.68308e-54
1.3223e-12 3.48568e-56 3.6479e-54
1.32825e-12 3.45361e-56 3.61304e-54
1.33424e-12 3.42183e-56 3.5785e-54
1.34024e-12 3.39034e-56 3.54429e-54
1.34628e-12 3.35913e-56 3.51038e-54
1.35234e-12 3.32819e-56 3.47679e-54
1.35843e-12 3.29754e-56 3.44351e-54
1.36455e-12 3.26715e-56 3.41053e-54
1.3707e-12 3.23704e-56 3.37786e-54
1.37687e-12 3.2072e-56 3.34549e-54
1.38307e-12 3.17763e-56 3.31342e-54
1.3893e-12 3.14833e-56 3.28164e-54
1.39556e-12 3.11928e-56 3.25016e-54
1.40184e-12 3.0905e-56 3.21897e-54
1.40816e-12 3.06197e-56 3.18806e-54
1.4145e-12 3.03371e-56 3.15744e-54
1.42087e-12 3.00569e-56 3.12711e-54
1.42727e-12 2.97793e-56 3.09705e-54
1.4337e-12 2.95041e-56 3.06727e-54
1.44015e-12 2.92314e-56 3.03777e-54
1.44664e-12 2.89612e-56 3.00853e-54
1.45315e-12 2.86934e-56 2.97957e-54
1.4597e-12 2.8428e-56 2.95088e-54
1.46627e-12 2.8165e-56 2.92245e-54
1.47288e-12 2.79044e-56 2.89429e-54
1.47951e-12 2.76461e-56 2.86638e-54
1.48617e-12 2.73901e-56 2.83874e-54
1.49287e-12 2.71364e-56 2.81135e-54
1.49959e-12 2.6885e-56 2.78421e-54
1.50634e-12 2.66359e-56 2.75732e-54
1.51313e-12 2.6389e-56 2.73069e-54
1.51994e-12 2.61443e-56 2.7043e-54
1.52679e-12 2.59018e-56 2.67816e-54
1.53366e-12 2.56615e-56 2.65225e-54
1.54057e-12 2.54234e-56 2.62659e-54
1.54751e-12 2.51874e-56 2.60117e-54
1.55448e-12 2.49535e-56 2.57598e-54
1.56148e-12 2.47218e-56 2.55103e-54
1.56851e-12 2.44921e-56 2.52631e-54
1.57558e-12 2.42645e-56 2.50181e-54
1.58267e-12 2.4039e-56 2.47755e-54
1.5898e-12 2.38154e-56 2.45351e-54
1.59696e-12 2.35939e-56 2.42969e-54
1.60415e-12 2.33744e-56 2.4061e-54
1.61138e-12 2.31569e-56 2.38273e-54
1.61864e-12 2.29413e-56 2.35957e-54
1.62592e-12 2.27277e-56 2.33663e-54
1.63325e-12 2.2516e-56 2.3139e-54
1.6406e-12 2.23062e-56 2.29138e-54
1.64799e-12 2.20983e-56 2.26908e-54
1.65541e-12 2.18923e-56 2.24698e-54
1.66287e-12 2.16882e-56 2.22509e-54
1.67036e-12 2.14859e-56 2.2034e-54
1.67788e-12 2.12854e-56 2.18191e-54
1.68544e-12 2.10867e-56 2.16063e-54
1.69303e-12 2.08898e-56 2.13954e-54
1.70065e-12 2.06947e-56 2.11865e-54
1.70831e-12 2.05014e-56 2.09796e-54
1.71601e-12 2.03098e-56 2.07746e-54
1.72374e-12 2.01199e-56 2.05715e-54
1.7315e-12 1.99318e-56 2.03703e-54
1.7393e-12 1.97454e-56 2.01709e-54
1.74713e-12 1.95606e-56 1.99735e-54
1.755e-12 1.93775e-56 1.97779e-54
1.7629e-12 1.91961e-56 1.95841e-54
1.77084e-12 1.90163e-56 1.93921e-54
1.77882e-12 1.88382e-56 1.9202e-54
1.78683e-12 1.86616e-56 1.90136e-54
1.79488e-12 1.84867e-56 1.8827e-54
1.80296e-12 1.83133e-56 1.86421e-54
1.81108e-12 1.81415e-56 1.8459e-54
1.81924e-12 1.79713e-56 1.82776e-54
1.82743e-12 1.78026e-56 1.80979e-54
1.83566e-12 1.76354e-56 1.79198e-54
1.84393e-12 1.74698e-56 1.77435e-54
1.85223e-12 1.73057e-56 1.75688e-54
1.86057e-12 1.7143e-56 1.73957e-54
1.86895e-12 1.69818e-56 1.72243e-54
1.87737e-12 1.68221e-56 1.70545e-54
1.88583e-12 1.66638e-56 1.68863e-54
1.89432e-12 1.6507e-56 1.67196e-54
1.90285e-12 1.63516e-56 1.65545e-54
1.91142e-12 1.61976e-56 1.6391e-54
1.92003e-12 1.6045e-56 1.6229e-54
1.92868e-12 1.58938e-56 1.60686e-54
1.93736e-12 1.5744e-56 1.59097e-54
1.94609e-12 1.55955e-56 1.57522e-54
1.95485e-12 1.54484e-56 1.55963e-54
1.96366e-12 1.53026e-56 1.54418e-54
1.9725e-12 1.51581e-56 1.52888e-54
1.98138e-12 1.5015e-56 1.51372e-54
1.99031e-12 1.48732e-56 1.4987e-54
1.99927e-12 1.47326e-56 1.48383e-54
2.00827e-12 1.45933e-56 1.4691e-54
2.01732e-12 1.44553e-56 1.4545e-54
2.0264e-12 1.43186e-56 1.44005e-54
2.03553e-12 1.41831e-56 1.42573e-54
2.0447e-12 1.40488e-56 1.41155e-54
2.05391e-12 1.39158e-56 1.3975e-54
2.06316e-12 1.37839e-56 1.38358e-54
2.07245e-12 1.36533e-56 1.3698e-54
2.08178e-12 1.35239e-56 1.35614e-54
2.09116e-12 1.33956e-56 1.34262e-54
2.10058e-12 1.32685e-56 1.32923e-54
2.11004e-12 1.31426e-56 1.31596e-54
2.11954e-12 1.30178e-56 1.30281e-54
2.12909e-12 1.28942e-56 1.2898e-54
2.13867e-12 1.27717e-56 1.2769e-54
2.14831e-12 1.26503e-56 1.26413e-54
2.15798e-12 1.253e-56 1.25148e-54
2.1677e-12 1.24108e-56 1.23895e-54
2.17746e-12 1.22927e-56 1.22654e-54
2.18727e-12 1.21757e-56 1.21425e-54
2.19712e-12 1.20597e-56 1.20207e-54
2.20702e-12 1.19449e-56 1.19001e-54
2.21696e-12 1.1831e-56 1.17807e-54
2.22694e-12 1.17182e-56 1.16624e-54
2.23697e-12 1.16065e-56 1.15452e-54
2.24704e-12 1.14957e-56 1.14291e-54
2.25716e-12 1.1386e-56 1.13141e-54
2.26733e-12 1.12773e-56 1.12003e-54
2.27754e-12 1.11696e-56 1.10875e-54
2.2878e-12 1.10629e-56 1.09758e-54
2.2981e-12 1.09571e-56 1.08652e-54
2.30845e-12 1.08523e-56 1.07556e-54
2.31885e-12 1.07485e-56 1.06471e-54
2.32929e-12 1.06456e-56 1.05396e-54
2.33978e-12 1.05437e-56 1.04332e-54
2.35032e-12 1.04427e-56 1.03277e-54
2.36091e-12 1.03426e-56 1.02233e-54
2.37154e-12 1.02435e-56 1.01199e-54
2.38222e-12 1.01452e-56 1.00174e-54
2.39295e-12 1.00479e-56 9.91598e-55
2.40373e-12 9.95148e-57 9.8155e-55
2.41455e-12 9.85593e-57 9.71599e-55
2.42543e-12 9.76125e-57 9.61743e-55
2.43635e-12 9.66745e-57 9.51981e-55
2.44732e-12 9.57451e-57 9.42314e-55
2.45834e-12 9.48243e-57 9.32739e-55
2.46942e-12 9.39119e-57 9.23257e-55
2.48054e-12 9.3008e-57 9.13866e-55
2.49171e-12 9.21123e-57 9.04565e-55
2.50293e-12 9.12249e-57 8.95354e-55
2.5142e-12 9.03457e-57 8.86231e-55
2.52553e-12 8.94746e-57 8.77197e-55
2.5369e-12 8.86115e-57 8.68249e-55
2.54833e-12 8.77564e-57 8.59388e-55
2.5598e-12 8.69092e-57 8.50612e-55
2.57133e-12 8.60698e-57 8.41922e-55
2.58291e-12 8.52381e-57 8.33315e-55
2.59454e-12 8.44142e-57 8.24791e-55
2.60623e-12 8.35978e-57 8.16349e-55
2.61797e-12 8.2789e-57 8.0799e-55
2.62976e-12 8.19876e-57 7.99711e-55
2.6416e-12 8.11937e-57 7.91512e-55
2.6535e-12 8.04071e-57 7.83393e-55
2.66545e-12 7.96277e-57 7.75352e-55
2.67745e-12 7.88556e-57 7.67389e-55
2.68951e-12 7.80906e-57 7.59503e-55
2.70162e-12 7.73327e-57 7.51694e-55
2.71379e-12 7.65819e-57 7.43961e-55
2.72601e-12 7.58379e-57 7.36303e-55
2.73829e-12 7.51009e-57 7.28719e-55
2.75062e-12 7.43707e-57 7.21209e-55
2.76301e-12 7.36473e-57 7.13772e-55
2.77546e-12 7.29306e-57 7.06407e-55
2.78796e-12 7.22205e-57 6.99114e-55
2.80051e-12 7.1517e-57 6.91892e-55
2.81312e-12 7.08201e-57 6.8474e-55
2.82579e-12 7.01296e-57 6.77658e-55
2.83852e-12 6.94455e-57 6.70645e-55
2.8513e-12 6.87678e-57 6.63701e-55
2.86415e-12 6.80964e-57 6.56824e-55
2.87705e-12 6.74312e-57 6.50015e-55
2.89e-12 6.67722e-57 6.43271e-55
2.90302e-12 6.61194e-57 6.36594e-55
2.91609e-12 6.54726e-57 6.29982e-55
2.92923e-12 6.48318e-57 6.23435e-55
2.94242e-12 6.41971e-57 6.16952e-55
2.95567e-12 6.35682e-57 6.10532e-55
2.96898e-12 6.29452e-57 6.04175e-55
2.98235e-12 6.23279e-57 5.97881e-55
2.99578e-12 6.17165e-57 5.91648e-55
3.00928e-12 6.11107e-57 5.85476e-55
3.02283e-12 6.05106e-57 5.79365e-55
3.03644e-12 5.99161e-57 5.73314e-55
3.05012e-12 5.93272e-57 5.67323e-55
3.06386e-12 5.87437e-57 5.6139e-55
3.07765e-12 5.81657e-57 5.55515e-55
3.09152e-12 5.75931e-57 5.49699e-55
3.10544e-12 5.70259e-57 5.4394e-55
3.11942e-12 5.64639e-57 5.38237e-55
3.13347e-12 5.59072e-57 5.32591e-55
3.14759e-12 5.53557e-57 5.27e-55
3.16176e-12 5.48094e-57 5.21464e-55
3.176e-12 5.42682e-57 5.15983e-55
3.19031e-12 5.37321e-57 5.10557e-55
3.20467e-12 5.3201e-57 5.05183e-55
3.21911e-12 5.26749e-57 4.99863e-55
3.2336e-12 5.21537e-57 4.94596e-55
3.24817e-12 5.16374e-57 4.8938e-55
3.2628e-12 5.11259e-57 4.84217e-55
3.27749e-12 5.06193e-57 4.79104e-55
3.29225e-12 5.01174e-57 4.74042e-55
3.30708e-12 4.96202e-57 4.6903e-55
3.32197e-12 4.91277e-57 4.64068e-55
3.33693e-12 4.86398e-57 4.59156e-55
3.35196e-12 4.81565e-57 4.54292e-55
3.36706e-12 4.76777e-57 4.49476e-55
3.38222e-12 4.72035e-57 4.44708e-55
3.39746e-12 4.67337e-57 4.39988e-55
3.41276e-12 4.62684e-57 4.35314e-55
3.42813e-12 4.58074e-57 4.30688e-55
3.44357e-12 4.53508e-57 4.26107e-55
3.45908e-12 4.48985e-57 4.21572e-55
3.47465e-12 4.44504e-57 4.17082e-55
3.4903e-12 4.40066e-57 4.12637e-55
3.50602e-12 4.3567e-57 4.08236e-55
3.52181e-12 4.31315e-57 4.0388e-55
3.53767e-12 4.27001e-57 3.99566e-55
3.55361e-12 4.22728e-57 3.95296e-55
3.56961e-12 4.18496e-57 3.91069e-55
3.58569e-12 4.14303e-57 3.86884e-55
3.60184e-12 4.10151e-57 3.82741e-55
3.61806e-12 4.06037e-57 3.7864e-55
3.63435e-12 4.01962e-57 3.74579e-55
3.65072e-12 3.97927e-57 3.7056e-55
3.66716e-12 3.93929e-57 3.6658e-55
3.68368e-12 3.89969e-57 3.62641e-55
3.70027e-12 3.86047e-57 3.58741e-55
3.71693e-12 3.82162e-57 3.54881e-55
3.73367e-12 3.78314e-57 3.51059e-55
3.75049e-12 3.74502e-57 3.47276e-55
3.76738e-12 3.70727e-57 3.43531e-55
3.78435e-12 3.66987e-57 3.39824e-55
3.80139e-12 3.63283e-57 3.36154e-55
3.81851e-12 3.59614e-57 3.32521e-55
3.83571e-12 3.55981e-57 3.28925e-55
3.85298e-12 3.52381e-57 3.25365e-55
3.87034e-12 3.48816e-57 3.21841e-55
3.88777e-12 3.45285e-57 3.18353e-55
3.90528e-12 3.41788e-57 3.149e-55
3.92286e-12 3.38324e-57 3.11483e-55
3.94053e-12 3.34893e-57 3.08099e-55
3.95828e-12 3.31495e-57 3.0475e-55
3.97611e-12 3.28129e-57 3.01435e-55
3.99401e-12 3.24796e-57 2.98154e-55
4.012e-12 3.21494e-57 2.94906e-55
4.03007e-12 3.18224e-57 2.91691e-55
4.04822e-12 3.14985e-57 2.88509e-55
4.06645e-12 3.11777e-57 2.85359e-55
4.08477e-12 3.086e-57 2.82241e-55
4.10316e-12 3.05453e-57 2.79155e-55
4.12164e-12 3.02336e-57 2.76101e-55
4.1402e-12 2.9925e-57 2.73077e-55
4.15885e-12 2.96193e-57 2.70085e-55
4.17758e-12 2.93165e-57 2.67123e-55
4.1964e-12 2.90166e-57 2.64191e-55
4.2153e-12 2.87196e-57 2.6129e-55
4.23428e-12 2.84255e-57 2.58418e-55
4.25335e-12 2.81342e-57 2.55575e-55
4.27251e-12 2.78457e-57 2.52762e-55
4.29175e-12 2.75599e-57 2.49977e-55
4.31108e-12 2.72769e-57 2.47221e-55
4.33049e-12 2.69967e-57 2.44494e-55
4.35e-12 2.67191e-57 2.41794e-55
4.36959e-12 2.64442e-57 2.39122e-55
4.38927e-12 2.6172e-57 2.36478e-55
4.40903e-12 2.59024e-57 2.3386e-55
4.42889e-12 2.56354e-57 2.3127e-55
4.44884e-12 2.5371e-57 2.28707e-55
4.46887e-12 2.51091e-57 2.26169e-55
4.489e-12 2.48498e-57 2.23659e-55
4.50922e-12 2.45929e-57 2.21174e-55
4.52953e-12 2.43386e-57 2.18714e-55
4.54993e-12 2.40867e-57 2.1628e-55
4.57042e-12 2.38373e-57 2.13872e-55
4.591e-12 2.35902e-57 2.11488e-55
4.61168e-12 2.33456e-57 2.09129e-55
4.63245e-12 2.31033e-57 2.06794e-55
4.65331e-12 2.28634e-57 2.04484e-55
4.67427e-12 2.26259e-57 2.02198e-55
4.69532e-12 2.23906e-57 1.99935e-55
4.71647e-12 2.21576e-57 1.97696e-55
4.73771e-12 2.19269e-57 1.9548e-55
4.75904e-12 2.16984e-57 1.93288e-55
4.78048e-12 2.14722e-57 1.91118e-55
4.80201e-12 2.12481e-57 1.88971e-55
4.82363e-12 2.10263e-57 1.86846e-55
4.84536e-12 2.08066e-57 1.84743e-55
4.86718e-12 2.0589e-57 1.82663e-55
4.8891e-12 2.03736e-57 1.80604e-55
4.91112e-12 2.01603e-57 1.78566e-55
4.93324e-12 1.9949e-57 1.7655e-55
4.95546e-12 1.97399e-57 1.74555e-55
4.97777e-12 1.95327e-57 1.72581e-55
5.00019e-12 1.93276e-57 1.70628e-55
5.02271e-12 1.91245e-57 1.68695e-55
5.04533e-12 1.89234e-57 1.66783e-55
5.06806e-12 1.87243e-57 1.64891e-55
5.09088e-12 1.85271e-57 1.63018e-55
5.11381e-12 1.83319e-57 1.61165e-55
5.13684e-12 1.81385e-57 1.59332e-55
5.15997e-12 1.79471e-57 1.57518e-55
5.18321e-12 1.77576e-57 1.55724e-55
5.20656e-12 1.75699e-57 1.53948e-55
5.23001e-12 1.7384e-57 1.52191e-55
5.25356e-12 1.72e-57 1.50452e-55
5.27722e-12 1.70178e-57 1.48732e-55
5.30099e-12 1.68374e-57 1.47031e-55
5.32486e-12 1.66588e-57 1.45347e-55
5.34884e-12 1.6482e-57 1.43681e-55
5.37293e-12 1.63069e-57 1.42033e-55
5.39713e-12 1.61335e-57 1.40402e-55
5.42144e-12 1.59618e-57 1.38789e-55
5.44586e-12 1.57919e-57 1.37193e-55
5.47038e-12 1.56236e-57 1.35613e-55
5.49502e-12 1.54569e-57 1.34051e-55
5.51977e-12 1.5292e-57 1.32505e-55
5.54463e-12 1.51286e-57 1.30976e-55
5.5696e-12 1.49669e-57 1.29463e-55
5.59468e-12 1.48068e-57 1.27967e-55
5.61988e-12 1.46483e-57 1.26486e-55
5.64519e-12 1.44914e-57 1.25021e-55
5.67061e-12 1.4336e-57 1.23572e-55
5.69615e-12 1.41822e-57 1.22138e-55
5.72181e-12 1.40299e-57 1.2072e-55
5.74757e-12 1.38791e-57 1.19317e-55
5.77346e-12 1.37298e-57 1.17929e-55
5.79946e-12 1.3582e-57 1.16556e-55
5.82558e-12 1.34357e-57 1.15198e-55
5.85182e-12 1.32908e-57 1.13855e-55
5.87817e-12 1.31474e-57 1.12525e-55
5.90465e-12 1.30055e-57 1.11211e-55
5.93124e-12 1.28649e-57 1.0991e-55
5.95795e-12 1.27258e-57 1.08624e-55
5.98478e-12 1.2588e-57 1.07351e-55
6.01174e-12 1.24516e-57 1.06092e-55
6.03881e-12 1.23166e-57 1.04847e-55
6.06601e-12 1.2183e-57 1.03615e-55
6.09333e-12 1.20507e-57 1.02397e-55
6.12077e-12 1.19197e-57 1.01192e-55
6.14834e-12 1.179e-57 1e-55
6.17603e-12 1.16617e-57 9.88211e-56
6.20384e-12 1.15346e-57 9.7655e-56
6.23178e-12 1.14089e-57 9.65015e-56
6.25985e-12 1.12843e-57 9.53606e-56
6.28804e-12 1.11611e-57 9.42322e-56
6.31636e-12 1.10391e-57 9.31161e-56
6.34481e-12 1.09183e-57 9.20122e-56
6.37339e-12 1.07987e-57 9.09203e-56
6.40209e-12 1.06804e-57 8.98405e-56
6.43092e-12 1.05632e-57 8.87724e-56
6.45989e-12 1.04473e-57 8.77161e-56
6.48898e-12 1.03325e-57 8.66714e-56
6.5182e-12 1.02189e-57 8.56381e-56
6.54756e-12 1.01064e-57 8.46162e-56
6.57705e-12 9.99509e-58 8.36056e-56
6.60667e-12 9.88489e-58 8.26061e-56
6.63642e-12 9.77582e-58 8.16176e-56
6.66631e-12 9.66786e-58 8.064e-56
6.69633e-12 9.561e-58 7.96732e-56
6.72649e-12 9.45523e-58 7.87171e-56
6.75679e-12 9.35053e-58 7.77716e-56
6.78722e-12 9.24691e-58 7.68366e-56
6.81779e-12 9.14434e-58 7.59119e-56
6.84849e-12 9.04283e-58 7.49974e-56
6.87933e-12 8.94235e-58 7.40931e-56
6.91032e-12 8.8429e-58 7.31989e-56
6.94144e-12 8.74447e-58 7.23146e-56
6.9727e-12 8.64705e-58 7.14402e-56
7.0041e-12 8.55063e-58 7.05755e-56
7.03565e-12 8.45519e-58 6.97204e-56
7.06734e-12 8.36074e-58 6.88749e-56
7.09916e-12 8.26726e-58 6.80388e-56
7.13114e-12 8.17475e-58 6.72121e-56
7.16325e-12 8.08318e-58 6.63946e-56
7.19551e-12 7.99256e-58 6.55863e-56
7.22792e-12 7.90288e-58 6.4787e-56
7.26047e-12 7.81412e-58 6.39968e-56
7.29317e-12 7.72627e-58 6.32153e-56
7.32602e-12 7.63934e-58 6.24427e-56
7.35901e-12 7.5533e-58 6.16788e-56
7.39216e-12 7.46816e-58 6.09235e-56
7.42545e-12 7.3839e-58 6.01766e-56
7.45889e-12 7.30051e-58 5.94382e-56
7.49248e-12 7.21798e-58 5.87082e-56
7.52623e-12 7.13632e-58 5.79864e-56
7.56012e-12 7.0555e-58 5.72728e-56
7.59417e-12 6.97552e-58 5.65672e-56
7.62837e-12 6.89638e-58 5.58697e-56
7.66273e-12 6.81806e-58 5.518e-56
7.69724e-12 6.74056e-58 5.44982e-56
7.73191e-12 6.66386e-58 5.38242e-56
7.76673e-12 6.58797e-58 5.31578e-56
7.80171e-12 6.51287e-58 5.2499e-56
7.83684e-12 6.43855e-58 5.18477e-56
7.87214e-12 6.36502e-58 5.12038e-56
7.90759e-12 6.29225e-58 5.05673e-56
7.94321e-12 6.22025e-58 4.99381e-56
7.97898e-12 6.149e-58 4.93161e-56
8.01492e-12 6.0785e-58 4.87012e-56
8.05101e-12 6.00874e-58 4.80933e-56
8.08727e-12 5.93972e-58 4.74925e-56
8.12369e-12 5.87142e-58 4.68985e-56
8.16028e-12 5.80384e-58 4.63113e-56
8.19703e-12 5.73698e-58 4.5731e-56
8.23395e-12 5.67082e-58 4.51573e-56
8.27103e-12 5.60536e-58 4.45902e-56
8.30828e-12 5.54059e-58 4.40296e-56
8.3457e-12 5.47651e-58 4.34756e-56
8.38329e-12 5.4131e-58 4.29279e-56
8.42104e-12 5.35037e-58 4.23866e-56
8.45897e-12 5.2883e-58 4.18516e-56
8.49707e-12 5.2269e-58 4.13228e-56
8.53534e-12 5.16614e-58 4.08001e-56
8.57378e-12 5.10603e-58 4.02835e-56
8.61239e-12 5.04656e-58 3.97729e-56
8.65118e-12 4.98773e-58 3.92682e-56
8.69014e-12 4.92952e-58 3.87694e-56
8.72928e-12 4.87193e-58 3.82765e-56
8.76859e-12 4.81496e-58 3.77893e-56
8.80808e-12 4.7586e-58 3.73078e-56
8.84775e-12 4.70284e-58 3.68319e-56
8.8876e-12 4.64768e-58 3.63616e-56
8.92763e-12 4.59311e-58 3.58969e-56
8.96783e-12 4.53912e-58 3.54376e-56
9.00822e-12 4.48572e-58 3.49836e-56
9.04879e-12 4.43289e-58 3.45351e-56
9.08955e-12 4.38062e-58 3.40918e-56
9.13048e-12 4.32892e-58 3.36537e-56
9.1716e-12 4.27778e-58 3.32208e-56
9.21291e-12 4.22719e-58 3.27931e-56
9.2544e-12 4.17715e-58 3.23703e-56
9.29608e-12 4.12764e-58 3.19526e-56
9.33795e-12 4.07868e-58 3.15399e-56
9.38e-12 4.03024e-58 3.1132e-56
9.42225e-12 3.98233e-58 3.0729e-56
9.46468e-12 3.93493e-58 3.03307e-56
9.50731e-12 3.88805e-58 2.99372e-56
9.55013e-12 3.84169e-58 2.95484e-56
9.59314e-12 3.79582e-58 2.91643e-56
9.63634e-12 3.75046e-58 2.87847e-56
9.67974e-12 3.70559e-58 2.84096e-56
9.72334e-12 3.66121e-58 2.80391e-56
9.76713e-12 3.61731e-58 2.7673e-56
9.81112e-12 3.5739e-58 2.73112e-56
9.8553e-12 3.53095e-58 2.69538e-56
9.89969e-12 3.48848e-58 2.66007e-56
9.94427e-12 3.44648e-58 2.62519e-56
9.98906e-12 3.40494e-58 2.59072e-56
1.0034e-11 3.36385e-58 2.55667e-56
1.00792e-11 3.32321e-58 2.52304e-56
1.01246e-11 3.28302e-58 2.4898e-56
1.01702e-11 3.24328e-58 2.45697e-56
1.0216e-11 3.20397e-58 2.42454e-56
1.0262e-11 3.1651e-58 2.3925e-56
1.03083e-11 3.12665e-58 2.36085e-56
1.03547e-11 3.08863e-58 2.32958e-56
1.04013e-11 3.05104e-58 2.2987e-56
1.04482e-11 3.01386e-58 2.26819e-56
1.04952e-11 2.97709e-58 2.23805e-56
1.05425e-11 2.94073e-58 2.20828e-56
1.059e-11 2.90477e-58 2.17887e-56
1.06377e-11 2.86922e-58 2.14982e-56
1.06856e-11 2.83406e-58 2.12113e-56
1.07337e-11 2.79929e-58 2.09279e-56
1.0782e-11 2.76491e-58 2.0648e-56
1.08306e-11 2.73092e-58 2.03715e-56
1.08794e-11 2.6973e-58 2.00984e-56
1.09284e-11 2.66406e-58 1.98287e-56
1.09776e-11 2.6312e-58 1.95623e-56
1.1027e-11 2.5987e-58 1.92991e-56
1.10767e-11 2.56657e-58 1.90393e-56
1.11266e-11 2.5348e-58 1.87826e-56
1.11767e-11 2.50338e-58 1.85291e-56
1.1227e-11 2.47232e-58 1.82788e-56
1.12776e-11 2.44162e-58 1.80316e-56
1.13284e-11 2.41125e-58 1.77874e-56
1.13794e-11 2.38124e-58 1.75463e-56
1.14307e-11 2.35156e-58 1.73081e-56
1.14821e-11 2.32221e-58 1.7073e-56
1.15338e-11 2.2932e-58 1.68408e-56
1.15858e-11 2.26452e-58 1.66114e-56
1.1638e-11 2.23617e-58 1.6385e-56
1.16904e-11 2.20814e-58 1.61614e-56
1.1743e-11 2.18043e-58 1.59406e-56
1.17959e-11 2.15303e-58 1.57225e-56
1.1849e-11 2.12595e-58 1.55072e-56
1.19024e-11 2.09917e-58 1.52946e-56
1.1956e-11 2.0727e-58 1.50847e-56
1.20099e-11 2.04654e-58 1.48774e-56
1.2064e-11 2.02067e-58 1.46728e-56
1.21183e-11 1.99511e-58 1.44707e-56
1.21729e-11 1.96983e-58 1.42712e-56
1.22277e-11 1.94485e-58 1.40742e-56
1.22828e-11 1.92016e-58 1.38797e-56
1.23381e-11 1.89574e-58 1.36877e-56
1.23936e-11 1.87162e-58 1.34981e-56
1.24495e-11 1.84777e-58 1.3311e-56
1.25055e-11 1.82419e-58 1.31262e-56
1.25618e-11 1.80089e-58 1.29438e-56
1.26184e-11 1.77786e-58 1.27637e-56
1.26753e-11 1.7551e-58 1.25859e-56
1.27323e-11 1.7326e-58 1.24104e-56
1.27897e-11 1.71036e-58 1.22371e-56
1.28473e-11 1.68839e-58 1.20661e-56
1.29051e-11 1.66666e-58 1.18973e-56
1.29633e-11 1.6452e-58 1.17306e-56
1.30216e-11 1.62398e-58 1.15661e-56
1.30803e-11 1.60301e-58 1.14037e-56
1.31392e-11 1.58229e-58 1.12434e-56
1.31984e-11 1.56181e-58 1.10852e-56
1.32578e-11 1.54157e-58 1.0929e-56
1.33175e-11 1.52157e-58 1.07748e-56
1.33775e-11 1.50181e-58 1.06227e-56
1.34378e-11 1.48227e-58 1.04725e-56
1.34983e-11 1.46297e-58 1.03243e-56
1.35591e-11 1.4439e-58 1.0178e-56
1.36201e-11 1.42505e-58 1.00336e-56
1.36815e-11 1.40643e-58 9.89106e-57
1.37431e-11 1.38802e-58 9.75042e-57
1.3805e-11 1.36984e-58 9.61161e-57
1.38672e-11 1.35187e-58 9.47463e-57
1.39296e-11 1.33412e-58 9.33944e-57
1.39923e-11 1.31657e-58 9.20603e-57
1.40554e-11 1.29924e-58 9.07438e-57
1.41187e-11 1.28211e-58 8.94445e-57
1.41823e-11 1.26519e-58 8.81624e-57
1.42461e-11 1.24847e-58 8.68972e-57
1.43103e-11 1.23195e-58 8.56487e-57
1.43747e-11 1.21563e-58 8.44168e-57
1.44395e-11 1.19951e-58 8.32012e-57
1.45045e-11 1.18358e-58 8.20017e-57
1.45698e-11 1.16784e-58 8.08181e-57
1.46354e-11 1.15229e-58 7.96502e-57
1.47014e-11 1.13693e-58 7.84979e-57
1.47676e-11 1.12176e-58 7.7361e-57
1.48341e-11 1.10677e-58 7.62393e-57
1.49009e-11 1.09196e-58 7.51325e-57
1.4968e-11 1.07733e-58 7.40405e-57
1.50354e-11 1.06288e-58 7.29632e-57
1.51031e-11 1.0486e-58 7.19003e-57
1.51711e-11 1.0345e-58 7.08517e-57
1.52395e-11 1.02057e-58 6.98172e-57
1.53081e-11 1.00681e-58 6.87967e-57
1.5377e-11 9.93222e-59 6.77898e-57
1.54463e-11 9.79798e-59 6.67966e-57
1.55159e-11 9.66539e-59 6.58168e-57
1.55857e-11 9.53442e-59 6.48503e-57
1.56559e-11 9.40507e-59 6.38968e-57
1.57265e-11 9.27731e-59 6.29563e-57
1.57973e-11 9.15113e-59 6.20286e-57
1.58684e-11 9.02651e-59 6.11135e-57
1.59399e-11 8.90342e-59 6.02108e-57
1.60117e-11 8.78186e-59 5.93205e-57
1.60838e-11 8.66181e-59 5.84423e-57
1.61562e-11 8.54325e-59 5.75761e-57
1.6229e-11 8.42616e-59 5.67218e-57
1.63021e-11 8.31053e-59 5.58792e-57
1.63755e-11 8.19634e-59 5.50481e-57
1.64493e-11 8.08358e-59 5.42285e-57
1.65233e-11 7.97223e-59 5.34201e-57
1.65978e-11 7.86227e-59 5.26229e-57
1.66725e-11 7.75368e-59 5.18367e-57
1.67476e-11 7.64646e-59 5.10613e-57
1.6823e-11 7.54059e-59 5.02967e-57
1.68988e-11 7.43605e-59 4.95426e-57
1.69749e-11 7.33283e-59 4.8799e-57
1.70513e-11 7.23091e-59 4.80657e-57
1.71281e-11 7.13027e-59 4.73426e-57
1.72053e-11 7.03091e-59 4.66296e-57
1.72828e-11 6.93281e-59 4.59265e-57
1.73606e-11 6.83595e-59 4.52332e-57
1.74388e-11 6.74033e-59 4.45497e-57
1.75173e-11 6.64592e-59 4.38756e-57
1.75962e-11 6.55271e-59 4.3211e-57
1.76755e-11 6.46069e-59 4.25558e-57
1.77551e-11 6.36985e-59 4.19097e-57
1.7835e-11 6.28016e-59 4.12727e-57
1.79154e-11 6.19163e-59 4.06447e-57
1.7996e-11 6.10423e-59 4.00255e-57
1.80771e-11 6.01796e-59 3.94151e-57
1.81585e-11 5.93279e-59 3.88133e-57
1.82403e-11 5.84873e-59 3.822e-57
1.83224e-11 5.76574e-59 3.76352e-57
1.8405e-11 5.68383e-59 3.70586e-57
1.84878e-11 5.60298e-59 3.64902e-57
1.85711e-11 5.52317e-59 3.59299e-57
1.86547e-11 5.4444e-59 3.53776e-57
1.87388e-11 5.36666e-59 3.48331e-57
1.88232e-11 5.28992e-59 3.42965e-57
1.89079e-11 5.21419e-59 3.37675e-57
1.89931e-11 5.13944e-59 3.32461e-57
1.90786e-11 5.06567e-59 3.27321e-57
1.91646e-11 4.99286e-59 3.22256e-57
1.92509e-11 4.92101e-59 3.17263e-57
1.93376e-11 4.8501e-59 3.12342e-57
1.94247e-11 4.78012e-59 3.07492e-57
1.95121e-11 4.71106e-59 3.02711e-57
1.96e-11 4.64292e-59 2.98e-57
1.96883e-11 4.57567e-59 2.93357e-57
1.9777e-11 4.50931e-59 2.88782e-57
1.9866e-11 4.44383e-59 2.84272e-57
1.99555e-11 4.37921e-59 2.79829e-57
2.00454e-11 4.31546e-59 2.75449e-57
2.01357e-11 4.25255e-59 2.71134e-57
2.02263e-11 4.19048e-59 2.66881e-57
2.03174e-11 4.12923e-59 2.62691e-57
2.04089e-11 4.0688e-59 2.58562e-57
2.05008e-11 4.00918e-59 2.54493e-57
2.05932e-11 3.95036e-59 2.50484e-57
2.06859e-11 3.89233e-59 2.46533e-57
2.07791e-11 3.83508e-59 2.42641e-57
2.08727e-11 3.7786e-59 2.38806e-57
2.09667e-11 3.72287e-59 2.35027e-57
2.10611e-11 3.6679e-59 2.31305e-57
2.1156e-11 3.61367e-59 2.27637e-57
2.12512e-11 3.56018e-59 2.24023e-57
2.13469e-11 3.50741e-59 2.20463e-57
2.14431e-11 3.45535e-59 2.16955e-57
2.15397e-11 3.404e-59 2.135e-57
2.16367e-11 3.35335e-59 2.10096e-57
2.17341e-11 3.3034e-59 2.06743e-57
2.1832e-11 3.25412e-59 2.03439e-57
2.19303e-11 3.20551e-59 2.00185e-57
2.20291e-11 3.15758e-59 1.9698e-57
2.21283e-11 3.11029e-59 1.93822e-57
2.2228e-11 3.06366e-59 1.90712e-57
2.23281e-11 3.01767e-59 1.87648e-57
2.24286e-11 2.97231e-59 1.8463e-57
2.25296e-11 2.92758e-59 1.81658e-57
2.26311e-11 2.88346e-59 1.78731e-57
2.2733e-11 2.83996e-59 1.75847e-57
2.28354e-11 2.79706e-59 1.73007e-57
2.29383e-11 2.75475e-59 1.7021e-57
2.30416e-11 2.71303e-59 1.67455e-57
2.31453e-11 2.67189e-59 1.64742e-57
2.32496e-11 2.63132e-59 1.6207e-57
2.33543e-11 2.59132e-59 1.59439e-57
2.34595e-11 2.55188e-59 1.56848e-57
2.35651e-11 2.51299e-59 1.54296e-57
2.36713e-11 2.47465e-59 1.51783e-57
2.37779e-11 2.43684e-59 1.49308e-57
2.3885e-11 2.39957e-59 1.46871e-57
2.39925e-11 2.36282e-59 1.44472e-57
2.41006e-11 2.32659e-59 1.42109e-57
2.42091e-11 2.29087e-59 1.39782e-57
2.43182e-11 2.25566e-59 1.37492e-57
2.44277e-11 2.22094e-59 1.35236e-57
2.45377e-11 2.18672e-59 1.33015e-57
2.46482e-11 2.15298e-59 1.30828e-57
2.47592e-11 2.11973e-59 1.28675e-57
2.48707e-11 2.08694e-59 1.26555e-57
2.49827e-11 2.05463e-59 1.24469e-57
2.50952e-11 2.02278e-59 1.22414e-57
2.52083e-11 1.99138e-59 1.20391e-57
2.53218e-11 1.96043e-59 1.184e-57
2.54358e-11 1.92993e-59 1.16439e-57
2.55504e-11 1.89987e-59 1.14509e-57
2.56655e-11 1.87024e-59 1.1261e-57
2.57811e-11 1.84104e-59 1.10739e-57
2.58972e-11 1.81225e-59 1.08898e-57
2.60138e-11 1.78389e-59 1.07086e-57
2.6131e-11 1.75594e-59 1.05302e-57
2.62486e-11 1.72839e-59 1.03546e-57
2.63669e-11 1.70124e-59 1.01818e-57
2.64856e-11 1.67449e-59 1.00117e-57
2.66049e-11 1.64813e-59 9.8442e-58
2.67247e-11 1.62215e-59 9.67939e-58
2.68451e-11 1.59655e-59 9.51718e-58
2.6966e-11 1.57133e-59 9.35752e-58
2.70874e-11 1.54647e-59 9.20039e-58
2.72094e-11 1.52199e-59 9.04574e-58
2.7332e-11 1.49786e-59 8.89354e-58
2.74551e-11 1.47409e-59 8.74376e-58
2.75787e-11 1.45067e-59 8.59635e-58
2.77029e-11 1.42759e-59 8.45128e-58
2.78277e-11 1.40486e-59 8.30852e-58
2.7953e-11 1.38246e-59 8.16804e-58
2.80789e-11 1.3604e-59 8.02979e-58
2.82054e-11 1.33866e-59 7.89375e-58
2.83324e-11 1.31725e-59 7.75988e-58
2.846e-11 1.29615e-59 7.62816e-58
2.85882e-11 1.27537e-59 7.49854e-58
2.87169e-11 1.25491e-59 7.37101e-58
2.88462e-11 1.23475e-59 7.24552e-58
2.89762e-11 1.21489e-59 7.12204e-58
2.91067e-11 1.19533e-59 7.00055e-58
2.92377e-11 1.17606e-59 6.88102e-58
2.93694e-11 1.15708e-59 6.76342e-58
2.95017e-11 1.13839e-59 6.64771e-58
2.96346e-11 1.11999e-59 6.53387e-58
2.9768e-11 1.10186e-59 6.42187e-58
2.99021e-11 1.08401e-59 6.31168e-58
3.00368e-11 1.06642e-59 6.20328e-58
3.0172e-11 1.04911e-59 6.09664e-58
3.03079e-11 1.03206e-59 5.99173e-58
3.04444e-11 1.01526e-59 5.88852e-58
3.05815e-11 9.98728e-60 5.787e-58
3.07193e-11 9.82446e-60 5.68712e-58
3.08576e-11 9.66413e-60 5.58888e-58
3.09966e-11 9.50626e-60 5.49224e-58
3.11362e-11 9.35081e-60 5.39718e-58
3.12764e-11 9.19775e-60 5.30367e-58
3.14173e-11 9.04705e-60 5.21169e-58
3.15588e-11 8.89868e-60 5.12122e-58
3.17009e-11 8.7526e-60 5.03223e-58
3.18437e-11 8.60878e-60 4.94471e-58
3.19871e-11 8.46718e-60 4.85862e-58
3.21312e-11 8.32779e-60 4.77395e-58
3.22759e-11 8.19056e-60 4.69067e-58
3.24212e-11 8.05546e-60 4.60876e-58
3.25672e-11 7.92247e-60 4.52821e-58
3.27139e-11 7.79156e-60 4.44898e-58
3.28612e-11 7.66269e-60 4.37107e-58
3.30092e-11 7.53584e-60 4.29444e-58
3.31579e-11 7.41097e-60 4.21908e-58
3.33072e-11 7.28807e-60 4.14497e-58
3.34573e-11 7.1671e-60 4.07209e-58
3.36079e-11 7.04803e-60 4.00042e-58
3.37593e-11 6.93084e-60 3.92994e-58
3.39113e-11 6.8155e-60 3.86063e-58
3.40641e-11 6.70198e-60 3.79248e-58
3.42175e-11 6.59026e-60 3.72546e-58
3.43716e-11 6.48031e-60 3.65956e-58
3.45264e-11 6.3721e-60 3.59475e-58
3.46819e-11 6.26562e-60 3.53103e-58
3.48381e-11 6.16082e-60 3.46838e-58
3.4995e-11 6.0577e-60 3.40677e-58
3.51526e-11 5.95623e-60 3.34619e-58
3.53109e-11 5.85637e-60 3.28663e-58
3.54699e-11 5.75812e-60 3.22806e-58
3.56297e-11 5.66143e-60 3.17048e-58
3.57901e-11 5.5663e-60 3.11387e-58
3.59513e-11 5.4727e-60 3.05821e-58
3.61132e-11 5.38061e-60 3.00348e-58
3.62759e-11 5.28999e-60 2.94967e-58
3.64393e-11 5.20084e-60 2.89677e-58
3.66034e-11 5.11313e-60 2.84476e-58
3.67682e-11 5.02684e-60 2.79363e-58
3.69338e-11 4.94195e-60 2.74336e-58
3.71002e-11 4.85843e-60 2.69395e-58
3.72672e-11 4.77627e-60 2.64536e-58
3.74351e-11 4.69544e-60 2.5976e-58
3.76037e-11 4.61593e-60 2.55064e-58
3.7773e-11 4.53772e-60 2.50448e-58
3.79432e-11 4.46078e-60 2.45911e-58
3.8114e-11 4.3851e-60 2.4145e-58
3.82857e-11 4.31066e-60 2.37065e-58
3.84581e-11 4.23744e-60 2.32754e-58
3.86313e-11 4.16542e-60 2.28517e-58
3.88053e-11 4.09458e-60 2.24351e-58
3.89801e-11 4.02491e-60 2.20257e-58
3.91556e-11 3.95638e-60 2.16232e-58
3.9332e-11 3.88898e-60 2.12275e-58
3.95091e-11 3.8227e-60 2.08387e-58
3.96871e-11 3.75751e-60 2.04564e-58
3.98658e-11 3.6934e-60 2.00806e-58
4.00453e-11 3.63035e-60 1.97113e-58
4.02257e-11 3.56835e-60 1.93483e-58
4.04069e-11 3.50738e-60 1.89914e-58
4.05888e-11 3.44742e-60 1.86407e-58
4.07716e-11 3.38845e-60 1.82959e-58
4.09553e-11 3.33047e-60 1.79571e-58
4.11397e-11 3.27346e-60 1.7624e-58
4.1325e-11 3.2174e-60 1.72967e-58
4.15111e-11 3.16228e-60 1.6975e-58
4.16981e-11 3.10808e-60 1.66587e-58
4.18859e-11 3.05478e-60 1.63479e-58
4.20745e-11 3.00239e-60 1.60424e-58
4.2264e-11 2.95087e-60 1.57422e-58
4.24543e-11 2.90021e-60 1.54471e-58
4.26455e-11 2.85041e-60 1.51571e-58
4.28376e-11 2.80145e-60 1.48721e-58
4.30305e-11 2.75332e-60 1.45919e-58
4.32243e-11 2.70599e-60 1.43166e-58
4.3419e-11 2.65947e-60 1.4046e-58
4.36146e-11 2.61373e-60 1.378e-58
4.3811e-11 2.56877e-60 1.35187e-58
4.40083e-11 2.52457e-60 1.32618e-58
4.42065e-11 2.48112e-60 1.30093e-58
4.44056e-11 2.43841e-60 1.27612e-58
4.46056e-11 2.39643e-60 1.25174e-58
4.48065e-11 2.35515e-60 1.22777e-58
4.50083e-11 2.31459e-60 1.20422e-58
4.5211e-11 2.27471e-60 1.18108e-58
4.54146e-11 2.23551e-60 1.15833e-58
4.56191e-11 2.19699e-60 1.13597e-58
4.58246e-11 2.15912e-60 1.114e-58
4.6031e-11 2.1219e-60 1.09241e-58
4.62383e-11 2.08532e-60 1.07119e-58
4.64465e-11 2.04936e-60 1.05034e-58
4.66557e-11 2.01403e-60 1.02985e-58
4.68658e-11 1.9793e-60 1.00971e-58
4.70769e-11 1.94516e-60 9.89913e-59
4.72889e-11 1.91162e-60 9.70462e-59
4.75019e-11 1.87865e-60 9.51346e-59
4.77158e-11 1.84625e-60 9.32559e-59
4.79307e-11 1.8144e-60 9.14097e-59
4.81466e-11 1.78311e-60 8.95953e-59
4.83634e-11 1.75236e-60 8.78122e-59
4.85812e-11 1.72214e-60 8.60598e-59
4.88e-11 1.69244e-60 8.43377e-59
4.90198e-11 1.66325e-60 8.26452e-59
4.92406e-11 1.63458e-60 8.0982e-59
4.94623e-11 1.6064e-60 7.93474e-59
4.96851e-11 1.5787e-60 7.7741e-59
4.99089e-11 1.55149e-60 7.61623e-59
5.01336e-11 1.52475e-60 7.46108e-59
5.03594e-11 1.49848e-60 7.30861e-59
5.05862e-11 1.47266e-60 7.15876e-59
5.08141e-11 1.44729e-60 7.01149e-59
5.10429e-11 1.42237e-60 6.86676e-59
5.12728e-11 1.39788e-60 6.72453e-59
5.15037e-11 1.37381e-60 6.58474e-59
5.17357e-11 1.35017e-60 6.44736e-59
5.19687e-11 1.32694e-60 6.31234e-59
5.22027e-11 1.30411e-60 6.17965e-59
5.24378e-11 1.28168e-60 6.04924e-59
5.2674e-11 1.25965e-60 5.92107e-59
5.29112e-11 1.238e-60 5.7951e-59
5.31495e-11 1.21673e-60 5.6713e-59
5.33889e-11 1.19583e-60 5.54963e-59
5.36293e-11 1.1753e-60 5.43005e-59
5.38709e-11 1.15513e-60 5.31252e-59
5.41135e-11 1.13531e-60 5.19701e-59
5.43572e-11 1.11584e-60 5.08348e-59
5.4602e-11 1.09671e-60 4.97189e-59
5.48479e-11 1.07791e-60 4.86222e-59
5.50949e-11 1.05945e-60 4.75443e-59
5.53431e-11 1.04131e-60 4.64848e-59
5.55923e-11 1.02349e-60 4.54435e-59
5.58427e-11 1.00599e-60 4.442e-59
5.60942e-11 9.88787e-61 4.34141e-59
5.63468e-11 9.71891e-61 4.24253e-59
5.66006e-11 9.55293e-61 4.14534e-59
5.68555e-11 9.38986e-61 4.04981e-59
5.71116e-11 9.22967e-61 3.95591e-59
5.73688e-11 9.07229e-61 3.86361e-59
5.76272e-11 8.91769e-61 3.77289e-59
5.78867e-11 8.76581e-61 3.68371e-59
5.81474e-11 8.61661e-61 3.59605e-59
5.84093e-11 8.47004e-61 3.50989e-59
5.86723e-11 8.32605e-61 3.42519e-59
5.89366e-11 8.18461e-61 3.34193e-59
5.9202e-11 8.04565e-61 3.26008e-59
5.94686e-11 7.90915e-61 3.17963e-59
5.97365e-11 7.77505e-61 3.10053e-59
6.00055e-11 7.64332e-61 3.02278e-59
6.02758e-11 7.51391e-61 2.94635e-59
6.05472e-11 7.38678e-61 2.87121e-59
6.08199e-11 7.2619e-61 2.79734e-59
6.10938e-11 7.13922e-61 2.72472e-59
6.1369e-11 7.0187e-61 2.65333e-59
6.16454e-11 6.90031e-61 2.58314e-59
6.1923e-11 6.78401e-61 2.51414e-59
6.22019e-11 6.66976e-61 2.4463e-59
6.2482e-11 6.55752e-61 2.3796e-59
6.27634e-11 6.44726e-61 2.31403e-59
6.30461e-11 6.33895e-61 2.24956e-59
6.333e-11 6.23254e-61 2.18617e-59
6.36152e-11 6.12802e-61 2.12384e-59
6.39017e-11 6.02533e-61 2.06256e-59
6.41895e-11 5.92445e-61 2.00231e-59
6.44786e-11 5.82535e-61 1.94306e-59
6.4769e-11 5.728e-61 1.88481e-59
6.50607e-11 5.63236e-61 1.82753e-59
6.53537e-11 5.53841e-61 1.77121e-59
6.56481e-11 5.4461e-61 1.71582e-59
6.59437e-11 5.35543e-61 1.66136e-59
6.62407e-11 5.26634e-61 1.60781e-59
6.65391e-11 5.17883e-61 1.55514e-59
6.68387e-11 5.09285e-61 1.50336e-59
6.71398e-11 5.00838e-61 1.45243e-59
6.74421e-11 4.9254e-61 1.40234e-59
6.77459e-11 4.84387e-61 1.35309e-59
6.8051e-11 4.76378e-61 1.30465e-59
6.83575e-11 4.68509e-61 1.25701e-59
6.86653e-11 4.60778e-61 1.21016e-59
6.89746e-11 4.53183e-61 1.16408e-59
6.92852e-11 4.4572e-61 1.11877e-59
6.95973e-11 4.38389e-61 1.07419e-59
6.99107e-11 4.31186e-61 1.03035e-59
7.02256e-11 4.24108e-61 9.87236e-60
7.05418e-11 4.17155e-61 9.44825e-60
7.08595e-11 4.10323e-61 9.0311e-60
7.11787e-11 4.0361e-61 8.62077e-60
7.14992e-11 3.97015e-61 8.21716e-60
7.18212e-11 3.90534e-61 7.82015e-60
7.21447e-11 3.84167e-61 7.42961e-60
7.24696e-11 3.77911e-61 7.04545e-60
7.2796e-11 3.71763e-61 6.66754e-60
7.31239e-11 3.65723e-61 6.29577e-60
7.34532e-11 3.59787e-61 5.93005e-60
7.3784e-11 3.53955e-61 5.57026e-60
7.41163e-11 3.48224e-61 5.21631e-60
7.44501e-11 3.42592e-61 4.86808e-60
7.47854e-11 3.37059e-61 4.52549e-60
7.51222e-11 3.31621e-61 4.18843e-60
7.54605e-11 3.26277e-61 3.85681e-60
7.58004e-11 3.21025e-61 3.53054e-60
7.61418e-11 3.15865e-61 3.20951e-60
7.64847e-11 3.10793e-61 2.89365e-60
7.68292e-11 3.05809e-61 2.58285e-60
7.71752e-11 3.00911e-61 2.27704e-60
7.75228e-11 2.96098e-61 1.97613e-60
7.78719e-11 2.91367e-61 1.68004e-60
7.82226e-11 2.86717e-61 1.38867e-60
7.85749e-11 2.82148e-61 1.10195e-60
7.89288e-11 2.77657e-61 8.19804e-61
7.92842e-11 2.73243e-61 5.42147e-61
7.96413e-11 2.68904e-61 2.68904e-61
