854.145, 836.706, 809.331, 774.065, 732.909, 687.719, 640.139, 591.568, 543.158, 495.82, 450.247, 406.939, 366.231, 328.324, 293.31, 261.194, 231.918, 205.376, 181.428, 159.913, 140.659, 123.488, 108.222, 94.6891, 82.7231, 72.1676, 62.8765, 54.7146, 47.5578, 41.2928, 35.8172, 31.0384, 26.8733, 23.2476, 20.0953, 17.3575, 14.9821, 12.9232, 11.1401, 9.59735, 8.2635, 7.11117, 6.11637, 5.25814, 4.51822, 3.88067, 3.33166, 2.85915, 2.45268, 2.10322
845.94, 831.288, 806.642, 773.946, 735.128, 691.996, 646.167, 599.035, 551.758, 505.267, 460.277, 417.318, 376.758, 338.828, 303.648, 271.254, 241.61, 214.635, 190.206, 168.181, 148.4, 130.698, 114.905, 100.857, 88.3928, 77.3609, 67.6177, 59.03, 51.4745, 44.8384, 39.0191, 33.9234, 29.4674, 25.5756, 22.1805, 19.222, 16.6467, 14.4069, 12.4608, 10.7712, 9.30551, 8.03503, 6.93451, 5.98187, 5.15774, 4.44522, 3.82955, 3.29784, 2.83888, 2.44291
836.812, 824.94, 803.046, 772.971, 736.566, 695.583, 651.609, 606.027, 559.998, 514.464, 470.166, 427.658, 387.337, 349.465, 314.192, 281.58, 251.62, 224.251, 199.374, 176.861, 156.569, 138.343, 122.026, 107.46, 94.4912, 82.9724, 72.764, 63.7349, 55.7637, 48.7383, 42.5564, 37.1245, 32.358, 28.1807, 24.524, 21.3265, 18.5334, 16.0958, 13.9703, 12.1186, 10.5067, 9.10451, 7.88561, 6.82674, 5.90746, 5.10984, 4.41815, 3.81865, 3.2993, 2.84961
826.729, 817.619, 798.492, 771.083, 737.158, 698.412, 656.397, 612.476, 567.809, 523.349, 479.854, 437.903, 397.921, 360.196, 324.909, 292.147, 261.928, 234.214, 208.926, 185.954, 165.171, 146.436, 129.601, 114.519, 101.042, 89.0283, 78.3435, 68.8594, 60.4567, 53.0247, 46.4616, 40.6742, 35.5777, 31.0952, 27.1573, 23.7015, 20.6719, 18.0184, 15.6963, 13.6659, 11.892, 10.3432, 8.99199, 7.8138, 6.78714, 5.89303, 5.11477, 4.43769, 3.84893, 3.33719
815.66, 809.284, 792.93, 768.221, 736.838, 700.413, 660.456, 618.307, 575.119, 531.851, 489.276, 447.994, 408.454, 370.974, 335.758, 302.923, 272.51, 244.506, 218.852, 195.458, 174.211, 154.985, 137.645, 122.051, 108.066, 95.5542, 84.3848, 74.4342, 65.5859, 57.7311, 50.7692, 44.6075, 39.1615, 34.354, 30.1148, 26.3809, 23.0953, 20.2068, 17.6696, 15.4429, 13.4899, 11.7784, 10.2795, 8.96755, 7.81992, 6.81659, 5.93988, 5.17417, 4.50572, 3.92243
803.574, 799.894, 786.306, 764.324, 735.538, 701.512, 663.708, 623.439, 581.847, 539.892, 498.357, 457.861, 418.875, 381.741, 346.691, 313.866, 283.334, 255.102, 229.135, 205.361, 183.685, 163.994, 146.166, 130.073, 115.585, 102.574, 90.9155, 80.4899, 71.1843, 62.8923, 55.5153, 48.9616, 43.1471, 37.9947, 33.4343, 29.402, 25.8402, 22.6969, 19.9252, 17.4831, 15.333, 13.4413, 11.778, 10.3164, 9.03285, 7.90617, 6.9177, 6.0509, 5.29113, 4.62545
790.441, 789.407, 778.57, 759.331, 733.188, 701.63, 666.07, 627.788, 587.908, 547.387, 507.016, 467.427, 429.111, 392.433, 357.65, 324.928, 294.358, 265.971, 239.752, 215.65, 193.586, 173.463, 155.172, 138.596, 123.616, 110.111, 97.9621, 87.0565, 77.2848, 68.5439, 60.7374, 53.7752, 47.5743, 42.0581, 37.1565, 32.8055, 28.947, 25.5284, 22.5019, 19.8246, 17.458, 15.3674, 13.5218, 11.8934, 10.4574, 9.19175, 8.07676, 7.09494, 6.23074, 5.47039
776.235, 777.784, 769.67, 753.179, 729.713, 700.687, 667.455, 631.261, 593.208, 554.244, 515.161, 476.605, 439.082, 402.977, 368.57, 336.051, 305.533, 277.071, 250.67, 226.299, 203.897, 183.383, 164.662, 147.628, 132.172, 118.182, 105.548, 94.1622, 83.9196, 74.7213, 66.4735, 59.0886, 52.4849, 46.587, 41.3251, 36.6354, 32.4598, 28.7451, 25.443, 22.51, 19.9067, 17.5974, 15.5501, 13.7363, 12.13, 10.7083, 9.45051, 8.33819, 7.35492, 6.48605
760.931, 764.987, 759.553, 745.803, 725.039, 698.598, 667.772, 633.764, 597.648, 560.361, 522.695, 485.299, 448.696, 413.287, 379.372, 347.163, 316.797, 288.349, 261.847, 237.276, 214.596, 193.74, 174.628, 157.167, 141.26, 126.803, 113.695, 101.833, 91.1191, 81.4587, 72.7615, 64.9425, 57.9221, 51.6263, 45.9863, 40.939, 36.4262, 32.3948, 28.7963, 25.5865, 22.7254, 20.1767, 17.9076, 15.8885, 14.0928, 12.4965, 11.078, 9.81816, 8.69956, 7.70672
744.505, 750.979, 748.171, 737.14, 719.091, 695.276, 666.926, 635.192, 601.121, 565.631, 529.507, 493.403, 457.85, 423.265, 389.965, 358.184, 328.077, 299.742, 273.226, 248.535, 225.645, 204.506, 185.053, 167.207, 150.88, 135.981, 122.416, 110.09, 98.9104, 88.7886, 79.6381, 71.3774, 63.9295, 57.2223, 51.1885, 45.7661, 40.8973, 36.5294, 32.6138, 29.1062, 25.966, 23.1566, 20.6445, 18.3993, 16.3938, 14.603, 13.0047, 11.5787, 10.3069, 9.17296
726.939, 735.728, 735.474, 727.128, 711.792, 690.634, 664.816, 635.44, 603.515, 569.937, 535.481, 500.8, 466.43, 432.802, 400.247, 369.016, 339.286, 311.172, 284.741, 260.019, 236.998, 215.646, 195.911, 177.73, 161.025, 145.717, 131.72, 118.948, 107.316, 96.739, 87.1369, 78.4318, 70.5497, 63.4212, 56.9811, 51.1684, 45.9267, 41.2038, 36.9515, 33.1255, 29.6853, 26.5938, 23.8171, 21.3244, 19.0877, 17.0815, 15.2827, 13.6706, 12.2262, 10.9325
708.219, 719.204, 721.42, 715.706, 703.066, 684.582, 661.342, 634.395, 604.709, 573.153, 540.488, 507.361, 474.31, 441.775, 410.1, 379.55, 350.32, 322.544, 296.307, 271.653, 248.591, 227.105, 207.16, 188.704, 171.673, 155.999, 141.605, 128.415, 116.35, 105.332, 95.2871, 86.1407, 77.8233, 70.2683, 63.413, 57.1985, 51.5698, 46.4757, 41.8689, 37.7054, 33.9449, 30.5503, 27.4876, 24.7256, 22.2359, 19.9926, 17.972, 16.1526, 14.5149, 13.0412
688.336, 701.383, 705.966, 702.817, 692.84, 677.029, 656.401, 631.942, 604.578, 575.148, 544.391, 512.946, 481.35, 450.046, 419.389, 389.657, 361.06, 333.748, 307.823, 283.347, 260.344, 238.817, 218.742, 200.083, 182.79, 166.803, 152.058, 138.486, 126.018, 114.583, 104.11, 94.5333, 85.7858, 77.805, 70.5312, 63.9079, 57.8821, 52.4041, 47.4276, 42.9097, 38.8105, 35.0932, 31.7239, 28.6714, 25.907, 23.4046, 21.14, 19.0914, 17.2386, 15.5634
667.289, 682.248, 689.079, 688.409, 681.044, 667.89, 649.887, 627.963, 602.993, 575.78, 547.043, 517.404, 487.396, 457.463, 427.966, 399.193, 371.367, 344.653, 319.168, 294.989, 272.158, 250.691, 230.581, 211.804, 194.321, 178.088, 163.048, 149.143, 136.312, 124.492, 113.618, 103.63, 94.4656, 86.0671, 78.3781, 71.345, 64.9172, 59.0472, 53.6901, 48.8043, 44.3508, 40.2934, 36.5987, 33.2357, 30.1758, 27.3928, 24.8624, 22.5623, 20.4722, 18.5734
645.084, 661.791, 670.732, 672.435, 667.612, 657.079, 641.7, 622.339, 599.819, 574.907, 548.289, 520.574, 492.283, 463.858, 435.664, 407.994, 381.083, 355.107, 330.198, 306.446, 283.91, 262.617, 242.577, 223.777, 206.194, 189.792, 174.526, 160.349, 147.207, 135.046, 123.808, 113.437, 103.88, 95.0806, 86.9878, 79.5515, 72.724, 66.4599, 60.7168, 55.4543, 50.6351, 46.2239, 42.188, 38.497, 35.1228, 32.0391, 29.2219, 26.6488, 24.2994, 22.1546
621.738, 640.012, 650.907, 654.859, 652.486, 644.517, 631.741, 614.953, 594.925, 572.378, 547.97, 522.285, 495.834, 469.051, 442.299, 415.878, 390.028, 364.936, 340.746, 317.56, 295.45, 274.458, 254.604, 235.892, 218.308, 201.828, 186.42, 172.044, 158.657, 146.21, 134.657, 123.946, 114.029, 104.857, 96.3824, 88.5587, 81.342, 74.69, 68.5624, 62.9212, 57.7307, 52.957, 48.5687, 44.5362, 40.8319, 37.4304, 34.3077, 31.4417, 28.8121, 26.3998
597.282, 616.926, 629.601, 635.657, 635.62, 630.137, 619.919, 605.693, 588.176, 568.043, 545.918, 522.36, 497.86, 472.845, 447.672, 422.643, 398.002, 373.943, 350.62, 328.145, 306.602, 286.045, 266.508, 248.004, 230.533, 214.081, 198.626, 184.14, 170.586, 157.926, 146.119, 135.123, 124.894, 115.389, 106.565, 98.3816, 90.797, 83.7727, 77.2715, 71.2579, 65.6982, 60.5605, 55.8148, 51.4327, 47.3879, 43.6556, 40.2124, 37.037, 34.1089, 31.4097
571.76, 592.562, 606.826, 614.818, 616.982, 613.882, 606.153, 594.455, 579.447, 561.757, 541.969, 520.615, 498.166, 475.033, 451.569, 428.07, 404.783, 381.906, 359.6, 337.987, 317.159, 297.182, 278.1, 259.938, 242.705, 226.399, 211.008, 196.513, 182.886, 170.099, 158.117, 146.904, 136.425, 126.641, 117.516, 109.012, 101.093, 93.7245, 86.8719, 80.5027, 74.5858, 69.0916, 63.9919, 59.2602, 54.8713, 50.8015, 47.0287, 43.5319, 40.2918, 37.29
545.234, 566.969, 582.611, 592.353, 596.558, 595.714, 590.379, 581.149, 568.622, 553.378, 535.961, 516.87, 496.553, 475.403, 453.763, 431.924, 410.129, 388.581, 367.442, 346.843, 326.883, 307.636, 289.156, 271.478, 254.62, 238.592, 223.389, 209.001, 195.411, 182.597, 170.532, 159.189, 148.537, 138.544, 129.179, 120.41, 112.206, 104.534, 97.3657, 90.6706, 84.4208, 78.5892, 73.15, 68.0784, 63.3512, 58.9462, 54.8424, 51.02, 47.4606, 44.1466
517.785, 540.216, 557.011, 568.295, 574.36, 575.617, 572.555, 565.704, 555.603, 542.782, 527.742, 510.949, 492.822, 473.738, 454.022, 433.958, 413.784, 393.703, 373.878, 354.442, 335.502, 317.139, 299.414, 282.369, 266.034, 250.424, 235.546, 221.396, 207.965, 195.24, 183.202, 171.829, 161.098, 150.983, 141.457, 132.495, 124.069, 116.153, 108.719, 101.743, 95.1993, 89.0635, 83.3124, 77.9238, 72.8762, 68.1494, 63.724, 59.5817, 55.705, 52.0777
489.517, 512.398, 530.106, 542.706, 550.424, 553.604, 552.666, 548.076, 540.316, 529.864, 517.179, 502.69, 486.788, 469.826, 452.113, 433.921, 415.482, 396.993, 378.616, 360.488, 342.718, 325.391, 308.574, 292.317, 276.657, 261.615, 247.206, 233.436, 220.301, 207.795, 195.907, 184.622, 173.922, 163.787, 154.198, 145.132, 136.567, 128.48, 120.851, 113.655, 106.873, 100.482, 94.4633, 88.7956, 83.4605, 78.4398, 73.7159, 69.2721, 65.0927, 61.1624
460.558, 483.637, 502.005, 515.68, 524.826, 529.725, 530.733, 528.256, 522.719, 514.551, 504.167, 491.957, 478.283, 463.471, 447.815, 431.569, 414.955, 398.165, 381.358, 364.668, 348.206, 332.06, 316.302, 300.986, 286.154, 271.834, 258.047, 244.805, 232.112, 219.967, 208.366, 197.3, 186.757, 176.722, 167.182, 158.118, 149.514, 141.352, 133.613, 126.28, 119.333, 112.756, 106.531, 100.64, 95.0678, 89.7979, 84.8151, 80.1046, 75.6523, 71.4445
431.062, 454.083, 472.854, 487.348, 497.679, 504.07, 506.821, 506.279, 502.817, 496.813, 488.639, 478.649, 467.171, 454.507, 440.927, 426.671, 411.947, 396.938, 381.799, 366.659, 351.629, 336.798, 322.238, 308.008, 294.153, 280.707, 267.694, 255.133, 243.033, 231.399, 220.231, 209.526, 199.278, 189.477, 180.114, 171.177, 162.651, 154.525, 146.782, 139.41, 132.393, 125.717, 119.367, 113.329, 107.59, 102.135, 96.9525, 92.0288, 87.3519, 82.9101
401.207, 423.922, 442.833, 457.882, 469.14, 476.778, 481.044, 482.232, 480.663, 476.67, 470.582, 462.715, 453.366, 442.808, 431.289, 419.031, 406.229, 393.054, 379.652, 366.148, 352.65, 339.245, 326.006, 312.993, 300.252, 287.822, 275.731, 264, 252.643, 241.67, 231.085, 220.891, 211.084, 201.661, 192.615, 183.94, 175.625, 167.661, 160.038, 152.744, 145.769, 139.101, 132.728, 126.639, 120.823, 115.269, 109.966, 104.904, 100.072, 95.4605
371.201, 393.365, 412.159, 427.497, 439.415, 448.041, 453.573, 456.26, 456.376, 454.209, 450.046, 444.169, 436.841, 428.309, 418.798, 408.508, 397.621, 386.294, 374.664, 362.85, 350.952, 339.057, 327.236, 315.547, 304.039, 292.751, 281.713, 270.949, 260.477, 250.31, 240.455, 230.917, 221.7, 212.801, 204.219, 195.949, 187.987, 180.324, 172.956, 165.872, 159.067, 152.53, 146.253, 140.229, 134.447, 128.899, 123.576, 118.471, 113.575, 108.88
341.269, 362.655, 381.083, 396.449, 408.758, 418.102, 424.641, 428.578, 430.144, 429.588, 427.159, 423.102, 417.651, 411.025, 403.424, 395.032, 386.011, 376.505, 366.642, 356.531, 346.267, 335.93, 325.589, 315.302, 305.115, 295.068, 285.192, 275.512, 266.048, 256.814, 247.822, 239.08, 230.591, 222.358, 214.383, 206.662, 199.195, 191.977, 185.004, 178.271, 171.772, 165.502, 159.454, 153.622, 148, 142.581, 137.358, 132.325, 127.476, 122.804
311.657, 332.06, 349.889, 365.031, 377.469, 387.264, 394.541, 399.465, 402.231, 403.048, 402.132, 399.694, 395.94, 391.062, 385.237, 378.628, 371.382, 363.628, 355.482, 347.044, 338.402, 329.63, 320.793, 311.944, 303.13, 294.387, 285.748, 277.238, 268.876, 260.68, 252.662, 244.83, 237.191, 229.751, 222.511, 215.472, 208.635, 201.997, 195.557, 189.312, 183.259, 177.393, 171.711, 166.208, 160.879, 155.721, 150.728, 145.896, 141.219, 136.694
282.623, 301.863, 318.886, 333.572, 345.888, 355.874, 363.623, 369.269, 372.973, 374.911, 375.267, 374.223, 371.956, 368.634, 364.413, 359.435, 353.83, 347.716, 341.193, 334.354, 327.277, 320.031, 312.674, 305.258, 297.823, 290.407, 283.04, 275.745, 268.543, 261.451, 254.482, 247.645, 240.948, 234.398, 227.998, 221.75, 215.657, 209.718, 203.933, 198.3, 192.818, 187.485, 182.298, 177.255, 172.352, 167.586, 162.955, 158.454, 154.081, 149.831
254.425, 272.357, 288.395, 302.42, 314.388, 324.32, 332.287, 338.394, 342.775, 345.576, 346.953, 347.061, 346.051, 344.068, 341.248, 337.715, 333.584, 328.956, 323.922, 318.564, 312.951, 307.146, 301.201, 295.163, 289.07, 282.955, 276.846, 270.767, 264.737, 258.772, 252.885, 247.086, 241.383, 235.783, 230.291, 224.909, 219.641, 214.487, 209.449, 204.525, 199.717, 195.022, 190.439, 185.967, 181.604, 177.348, 173.196, 169.147, 165.199, 161.348
227.317, 243.831, 258.742, 271.933, 283.355, 293.016, 300.966, 307.291, 312.098, 315.509, 317.654, 318.665, 318.671, 317.796, 316.156, 313.859, 311.004, 307.68, 303.966, 299.933, 295.645, 291.154, 286.509, 281.75, 276.913, 272.027, 267.118, 262.208, 257.314, 252.451, 247.632, 242.866, 238.162, 233.527, 228.964, 224.479, 220.074, 215.75, 211.51, 207.354, 203.282, 199.294, 195.39, 191.568, 187.828, 184.168, 180.587, 177.084, 173.657, 170.305
201.531, 216.559, 230.239, 242.462, 253.176, 262.379, 270.109, 276.431, 281.434, 285.218, 287.891, 289.564, 290.346, 290.343, 289.653, 288.37, 286.578, 284.354, 281.767, 278.878, 275.743, 272.407, 268.914, 265.299, 261.593, 257.823, 254.011, 250.178, 246.338, 242.507, 238.694, 234.91, 231.162, 227.457, 223.799, 220.192, 216.64, 213.144, 209.707, 206.329, 203.011, 199.753, 196.556, 193.419, 190.341, 187.322, 184.361, 181.458, 178.611, 175.819
177.272, 190.785, 203.172, 214.333, 224.217, 232.815, 240.155, 246.289, 251.286, 255.23, 258.212, 260.322, 261.654, 262.295, 262.331, 261.84, 260.895, 259.56, 257.896, 255.955, 253.783, 251.423, 248.911, 246.277, 243.548, 240.749, 237.899, 235.015, 232.112, 229.201, 226.294, 223.398, 220.52, 217.667, 214.843, 212.052, 209.296, 206.578, 203.9, 201.264, 198.669, 196.116, 193.607, 191.14, 188.716, 186.334, 183.995, 181.697, 179.439, 177.222
154.708, 166.715, 177.787, 187.833, 196.805, 204.693, 211.514, 217.309, 222.136, 226.061, 229.161, 231.511, 233.188, 234.268, 234.82, 234.913, 234.606, 233.956, 233.012, 231.821, 230.422, 228.85, 227.137, 225.309, 223.389, 221.398, 219.354, 217.27, 215.16, 213.034, 210.902, 208.771, 206.646, 204.534, 202.438, 200.362, 198.309, 196.281, 194.28, 192.307, 190.363, 188.448, 186.564, 184.71, 182.886, 181.093, 179.329, 177.596, 175.892, 174.217
133.96, 144.505, 154.276, 163.194, 171.215, 178.326, 184.539, 189.887, 194.416, 198.181, 201.244, 203.669, 205.519, 206.858, 207.744, 208.234, 208.378, 208.224, 207.815, 207.188, 206.378, 205.414, 204.322, 203.126, 201.846, 200.498, 199.097, 197.657, 196.188, 194.7, 193.199, 191.693, 190.187, 188.686, 187.193, 185.712, 184.245, 182.794, 181.361, 179.947, 178.552, 177.179, 175.826, 174.495, 173.185, 171.897, 170.63, 169.385, 168.162, 166.959
115.101, 124.257, 132.775, 140.586, 147.651, 153.958, 159.514, 164.345, 168.488, 171.99, 174.899, 177.271, 179.156, 180.608, 181.676, 182.407, 182.843, 183.024, 182.985, 182.759, 182.373, 181.854, 181.222, 180.499, 179.699, 178.839, 177.929, 176.982, 176.007, 175.01, 174, 172.981, 171.958, 170.935, 169.915, 168.902, 167.897, 166.902, 165.918, 164.947, 163.99, 163.047, 162.119, 161.205, 160.307, 159.424, 158.557, 157.705, 156.868, 156.047
98.154, 106.017, 113.355, 120.11, 126.247, 131.754, 136.638, 140.918, 144.625, 147.796, 150.473, 152.699, 154.517, 155.972, 157.104, 157.952, 158.551, 158.935, 159.132, 159.17, 159.073, 158.86, 158.551, 158.162, 157.707, 157.197, 156.644, 156.057, 155.443, 154.809, 154.16, 153.501, 152.836, 152.169, 151.502, 150.838, 150.177, 149.523, 148.876, 148.238, 147.608, 146.988, 146.378, 145.778, 145.189, 144.611, 144.044, 143.487, 142.942, 142.407
83.0944, 89.7759, 96.0273, 101.798, 107.06, 111.801, 116.026, 119.752, 123.003, 125.809, 128.205, 130.227, 131.91, 133.29, 134.401, 135.275, 135.941, 136.427, 136.757, 136.953, 137.035, 137.019, 136.922, 136.756, 136.534, 136.264, 135.957, 135.619, 135.257, 134.876, 134.481, 134.076, 133.665, 133.249, 132.831, 132.414, 131.999, 131.586, 131.178, 130.775, 130.378, 129.987, 129.602, 129.225, 128.855, 128.492, 128.137, 127.789, 127.448, 127.115
69.8566, 75.4781, 80.7472, 85.6217, 90.0774, 94.1053, 97.7086, 100.9, 103.701, 106.134, 108.23, 110.016, 111.523, 112.78, 113.814, 114.653, 115.319, 115.836, 116.223, 116.499, 116.68, 116.779, 116.81, 116.783, 116.708, 116.594, 116.446, 116.272, 116.077, 115.865, 115.64, 115.406, 115.164, 114.918, 114.669, 114.418, 114.168, 113.919, 113.672, 113.428, 113.187, 112.95, 112.717, 112.489, 112.266, 112.047, 111.833, 111.624, 111.42, 111.221
58.3407, 63.0263, 67.4234, 71.4974, 75.2283, 78.6085, 81.6407, 84.3356, 86.7096, 88.7832, 90.5794, 92.1221, 93.4358, 94.5443, 95.4703, 96.2354, 96.8593, 97.3602, 97.7545, 98.0569, 98.2806, 98.4373, 98.537, 98.5887, 98.6003, 98.5784, 98.5289, 98.4567, 98.3661, 98.2608, 98.1439, 98.0181, 97.8854, 97.7479, 97.607, 97.4641, 97.3203, 97.1764, 97.0332, 96.8913, 96.7512, 96.6131, 96.4776, 96.3447, 96.2147, 96.0876, 95.9637, 95.8428, 95.7252, 95.6106
48.4213, 52.2929, 55.9286, 59.3004, 62.3918, 65.197, 67.7182, 69.9642, 71.9485, 73.6879, 75.201, 76.5077, 77.6276, 78.5804, 79.3845, 80.0574, 80.6152, 81.0727, 81.4431, 81.7385, 81.9694, 82.1454, 82.2746, 82.3642, 82.4207, 82.4494, 82.4549, 82.4414, 82.4124, 82.3706, 82.3187, 82.2588, 82.1927, 82.1218, 82.0475, 81.9708, 81.8925, 81.8135, 81.7343, 81.6553, 81.5771, 81.4998, 81.4239, 81.3493, 81.2764, 81.2053, 81.1359, 81.0684, 81.0028, 80.9391
39.9561, 43.1294, 46.1102, 48.8758, 51.4132, 53.7177, 55.7914, 57.6416, 59.2794, 60.7186, 61.9743, 63.0627, 63.9999, 64.8017, 65.4831, 66.0583, 66.5403, 66.941, 67.2713, 67.5407, 67.7578, 67.9302, 68.0645, 68.1666, 68.2415, 68.2936, 68.3267, 68.3439, 68.3481, 68.3415, 68.3264, 68.3042, 68.2765, 68.2444, 68.2091, 68.1713, 68.1317, 68.091, 68.0496, 68.0078, 67.9662, 67.9248, 67.8839, 67.8437, 67.8043, 67.7658, 67.7283, 67.6919, 67.6565, 67.6221
32.7945, 35.3762, 37.8011, 40.051, 42.1157, 43.9917, 45.6809, 47.1894, 48.5263, 49.7028, 50.7315, 51.6252, 52.3973, 53.0603, 53.6264, 54.1071, 54.5129, 54.8532, 55.1369, 55.3716, 55.5642, 55.7208, 55.8467, 55.9465, 56.0243, 56.0835, 56.1272, 56.1579, 56.1779, 56.189, 56.1928, 56.1907, 56.1838, 56.1731, 56.1593, 56.1433, 56.1255, 56.1064, 56.0864, 56.0658, 56.0449, 56.0239, 56.003, 55.9822, 55.9618, 55.9418, 55.9222, 55.9032, 55.8847, 55.8668
26.7841, 28.8704, 30.8291, 32.6459, 34.313, 35.8278, 37.1919, 38.4105, 39.4912, 40.4431, 41.2763, 42.0014, 42.6289, 43.1692, 43.632, 44.0265, 44.3611, 44.6435, 44.8805, 45.0785, 45.2428, 45.3782, 45.4891, 45.5791, 45.6514, 45.7088, 45.7537, 45.788, 45.8136, 45.8319, 45.8442, 45.8516, 45.855, 45.8551, 45.8526, 45.8481, 45.8419, 45.8344, 45.826, 45.8169, 45.8073, 45.7974, 45.7874, 45.7773, 45.7672, 45.7573, 45.7475, 45.738, 45.7287, 45.7196
21.7771, 23.4526, 25.0247, 26.4821, 27.8188, 29.0329, 30.1261, 31.1027, 31.9688, 32.7319, 33.4003, 33.9825, 34.4869, 34.9218, 35.2951, 35.6141, 35.8856, 36.1155, 36.3095, 36.4724, 36.6086, 36.7219, 36.8157, 36.8929, 36.9561, 37.0073, 37.0485, 37.0812, 37.107, 37.1269, 37.1419, 37.1529, 37.1605, 37.1655, 37.1682, 37.1692, 37.1688, 37.1672, 37.1647, 37.1615, 37.1578, 37.1538, 37.1495, 37.145, 37.1404, 37.1358, 37.1312, 37.1266, 37.1221, 37.1178
17.634, 18.9722, 20.2267, 21.3888, 22.4539, 23.4207, 24.2909, 25.0679, 25.7569, 26.364, 26.8957, 27.3589, 27.7605, 28.1071, 28.4049, 28.6598, 28.8771, 29.0616, 29.2177, 29.3494, 29.4599, 29.5525, 29.6296, 29.6936, 29.7465, 29.79, 29.8255, 29.8544, 29.8777, 29.8963, 29.911, 29.9225, 29.9312, 29.9378, 29.9426, 29.9459, 29.9479, 29.949, 29.9493, 29.949, 29.9482, 29.9471, 29.9456, 29.9439, 29.9421, 29.9402, 29.9382, 29.9362, 29.9342, 29.9322
14.2268, 15.2902, 16.286, 17.2077, 18.0517, 18.8173, 19.5057, 20.1202, 20.6647, 21.1443, 21.5643, 21.9301, 22.2473, 22.5211, 22.7565, 22.9582, 23.1302, 23.2766, 23.4006, 23.5055, 23.5938, 23.668, 23.7301, 23.7819, 23.825, 23.8608, 23.8903, 23.9145, 23.9343, 23.9505, 23.9635, 23.974, 23.9824, 23.9889, 23.9941, 23.998, 24.0009, 24.003, 24.0044, 24.0053, 24.0058, 24.006, 24.0059, 24.0056, 24.0051, 24.0045, 24.0038, 24.003, 24.0022, 24.0014
11.4402, 12.2814, 13.0683, 13.7958, 14.4613, 15.0644, 15.6063, 16.0895, 16.5174, 16.8941, 17.2238, 17.5108, 17.7597, 17.9745, 18.1591, 18.3173, 18.4524, 18.5674, 18.665, 18.7475, 18.8172, 18.8759, 18.9251, 18.9664, 19.0008, 19.0295, 19.0533, 19.073, 19.0893, 19.1027, 19.1137, 19.1226, 19.1299, 19.1358, 19.1405, 19.1442, 19.1471, 19.1494, 19.1512, 19.1525, 19.1535, 19.1541, 19.1546, 19.1548, 19.1549, 19.1549, 19.1548, 19.1546, 19.1544, 19.1542
9.17252, 9.83531, 10.4545, 11.0263, 11.5488, 12.0217, 12.4463, 12.8245, 13.1591, 13.4535, 13.7109, 13.9349, 14.129, 14.2965, 14.4404, 14.5637, 14.669, 14.7586, 14.8348, 14.8992, 14.9537, 14.9995, 15.0381, 15.0705, 15.0976, 15.1203, 15.1392, 15.1549, 15.1679, 15.1787, 15.1876, 15.1949, 15.201, 15.2059, 15.2099, 15.2132, 15.2158, 15.2179, 15.2196, 15.2209, 15.2219, 15.2227, 15.2233, 15.2238, 15.2241, 15.2243, 15.2245, 15.2245, 15.2246, 15.2245
7.33537, 7.85568, 8.34113, 8.78882, 9.19741, 9.56685, 9.8981, 10.1929, 10.4535, 10.6825, 10.8826, 11.0566, 11.2072, 11.3372, 11.4488, 11.5443, 11.6259, 11.6954, 11.7544, 11.8043, 11.8465, 11.8821, 11.9121, 11.9373, 11.9584, 11.9761, 11.9908, 12.0032, 12.0134, 12.0219, 12.029, 12.0349, 12.0397, 12.0437, 12.047, 12.0497, 12.0519, 12.0536, 12.0551, 12.0563, 12.0572, 12.058, 12.0586, 12.0591, 12.0594, 12.0597, 12.0599, 12.0601, 12.0602, 12.0603
5.85293, 6.26005, 6.63938, 6.98874, 7.30718, 7.59475, 7.8523, 8.08125, 8.28343, 8.46089, 8.61583, 8.75045, 8.86691, 8.96725, 9.05341, 9.12715, 9.19007, 9.24361, 9.28907, 9.32757, 9.36011, 9.38756, 9.41068, 9.43011, 9.44642, 9.46008, 9.47151, 9.48106, 9.48903, 9.49567, 9.50119, 9.50578, 9.50959, 9.51274, 9.51534, 9.5175, 9.51927, 9.52073, 9.52192, 9.5229, 9.5237, 9.52435, 9.52488, 9.5253, 9.52564, 9.52592, 9.52614, 9.52631, 9.52644, 9.52655
