22122.7, 18917.5, 16172.6, 13822.6, 11811.3, 10090.4, 8618.36, 7359.52, 6283.27, 5363.35, 4577.24, 3905.63, 3331.97, 2842.08, 2423.81, 2066.77, 1762.04, 1502.01, 1280.16, 1090.93, 929.538, 791.916, 674.581, 574.558, 489.305, 416.652, 354.745, 302.002, 257.072, 218.803, 186.212, 158.459, 134.829, 114.712, 97.5868, 83.0109, 70.6059, 60.0494, 51.0669, 43.4246, 36.9229, 31.3923, 26.688, 22.6871, 19.2845, 16.3911, 13.9308, 11.8391, 10.0607, 8.54896
26432.9, 22685.4, 19464.6, 16697.2, 14320.2, 12278.9, 10526.5, 9022.41, 7731.76, 6624.52, 5674.85, 4860.49, 4162.3, 3563.84, 3050.96, 2611.5, 2235.02, 1912.55, 1636.39, 1399.92, 1197.47, 1024.17, 875.848, 748.922, 640.319, 547.405, 467.926, 399.945, 341.808, 292.094, 249.588, 213.248, 182.183, 155.631, 132.938, 113.544, 96.9729, 82.8137, 70.7168, 60.3827, 51.5552, 44.0153, 37.5757, 32.0762, 27.3799, 23.3698, 19.9459, 17.0227, 14.5271, 12.3967
31765.7, 27367.1, 23572.3, 20299.5, 17477.5, 15044.9, 12948.4, 11142.1, 9586.09, 8245.99, 7092.1, 6098.73, 5243.72, 4507.92, 3874.84, 3330.22, 2861.78, 2458.93, 2112.53, 1814.73, 1558.73, 1338.7, 1149.61, 987.129, 847.531, 727.607, 624.596, 536.121, 460.141, 394.896, 338.876, 290.78, 249.493, 214.052, 183.633, 157.527, 135.123, 115.898, 99.4029, 85.2502, 73.1084, 62.6924, 53.7576, 46.0938, 39.5205, 33.8831, 29.0484, 24.9025, 21.3473, 18.2989
38378, 33197.5, 28710.5, 24825.1, 21461.6, 18550.5, 16031.5, 13852.3, 11967.5, 10337.6, 8928.35, 7710.17, 6657.31, 5747.49, 4961.4, 4282.33, 3695.78, 3189.22, 2751.81, 2374.15, 2048.12, 1766.7, 1523.82, 1314.21, 1133.34, 977.284, 842.653, 726.515, 626.339, 539.939, 465.426, 401.171, 345.766, 297.995, 256.81, 221.304, 190.698, 164.316, 141.577, 121.978, 105.088, 90.5332, 77.9906, 67.183, 57.8707, 49.8474, 42.9348, 36.9795, 31.8492, 27.4297
46592, 40472.7, 35150.6, 30523, 26500.2, 23003.9, 19965.9, 17326.6, 15034.1, 13043.1, 11314.4, 9813.63, 8510.92, 7380.32, 6399.22, 5547.99, 4809.51, 4168.94, 3613.36, 3131.56, 2713.77, 2351.54, 2037.5, 1765.28, 1529.32, 1324.81, 1147.58, 993.991, 860.912, 745.607, 645.711, 559.17, 484.204, 419.268, 363.024, 314.312, 272.124, 235.589, 203.952, 176.557, 152.835, 132.297, 114.515, 99.1194, 85.7912, 74.2531, 64.265, 55.6189, 48.1348, 41.6567
56810.5, 49564.5, 43235.8, 37709.2, 32884.2, 28672.5, 24996.9, 21789.7, 18991.7, 16551, 14422.4, 12566.2, 10947.9, 9536.99, 8307.18, 7235.33, 6301.26, 5487.34, 4778.19, 4160.38, 3622.21, 3153.44, 2745.17, 2389.62, 2079.99, 1810.39, 1575.65, 1371.28, 1193.36, 1038.48, 903.657, 786.308, 684.171, 595.278, 517.916, 450.593, 392.008, 341.03, 296.672, 258.076, 224.495, 195.279, 169.861, 147.747, 128.51, 111.775, 97.2172, 84.5537, 73.5384, 63.957
69536, 60940, 53398.9, 46784.6, 40984.2, 35898.6, 31440.3, 27532.7, 24108.1, 21107.5, 18478.5, 16175.6, 14158.4, 12391.8, 10844.7, 9490.15, 8304.19, 7265.95, 6357.12, 5561.63, 4865.41, 4256.11, 3722.93, 3256.38, 2848.17, 2491.02, 2178.57, 1905.23, 1666.12, 1456.97, 1274.03, 1114.02, 974.083, 851.697, 744.667, 651.069, 569.222, 497.652, 435.07, 380.351, 332.506, 290.675, 254.101, 222.125, 194.17, 169.73, 148.364, 129.686, 113.358, 99.084
85394.7, 75183.4, 66184.8, 58256.2, 51271.7, 45119.8, 39702.1, 34931.6, 30731.5, 27034.1, 23779.7, 20915.4, 18394.8, 16176.9, 14225.5, 12508.7, 10998.5, 9670.12, 8501.71, 7474.12, 6570.43, 5775.75, 5076.97, 4462.57, 3922.37, 3447.44, 3029.92, 2662.88, 2340.24, 2056.63, 1807.34, 1588.23, 1395.65, 1226.39, 1077.64, 946.909, 832.022, 731.062, 642.341, 564.379, 495.871, 435.673, 382.777, 336.3, 295.462, 259.58, 228.053, 200.353, 176.016, 154.634
105164, 93024.5, 82277.3, 72764.3, 64345, 56894.8, 50302.9, 44471.2, 39312.6, 34749.9, 30714.7, 27146.4, 23991.2, 21201.5, 18735.3, 16555.1, 14627.9, 12924.5, 11418.9, 10088.4, 8912.55, 7873.49, 6955.33, 6144.06, 5427.26, 4793.95, 4234.43, 3740.13, 3303.45, 2917.7, 2576.93, 2275.93, 2010.04, 1775.19, 1567.75, 1384.53, 1222.71, 1079.79, 953.558, 842.075, 743.617, 656.665, 579.874, 512.058, 452.17, 399.282, 352.578, 311.334, 274.913, 242.751
129807, 115371, 102532, 91114.2, 80961.1, 71933.9, 63908.7, 56775.1, 50434.6, 44799.5, 39791.9, 35342.2, 31388.5, 27875.9, 24755.3, 21983.2, 19520.7, 17333.5, 15390.9, 13665.5, 12133.2, 10772.4, 9564.03, 8490.97, 7538.14, 6692.09, 5940.88, 5273.9, 4681.72, 4155.97, 3689.2, 3274.8, 2906.92, 2580.33, 2290.4, 2033.03, 1804.56, 1601.75, 1421.72, 1261.92, 1120.06, 994.15, 882.385, 783.179, 695.123, 616.963, 547.589, 486.013, 431.359, 382.85
160508, 143351, 128017, 114316, 102074, 91137.7, 81368.4, 72642.3, 64848.7, 57888.6, 51673.2, 46123.2, 41167.7, 36743.3, 32793.3, 29267.1, 26119.2, 23309.2, 20801.1, 18562.3, 16564.2, 14780.8, 13189.2, 11768.7, 10501.1, 9369.8, 8360.28, 7459.43, 6655.56, 5938.25, 5298.18, 4727.06, 4217.46, 3762.76, 3357.06, 2995.08, 2672.1, 2383.94, 2126.84, 1897.46, 1692.8, 1510.21, 1347.31, 1201.98, 1072.31, 956.636, 853.433, 761.361, 679.22, 605.938
198726, 178352, 160057, 143630, 128882, 115643, 103760, 93093.1, 83519.8, 74928.1, 67218, 60299.3, 54091.1, 48520.7, 43522.8, 39038.8, 35016, 31407.1, 28169.5, 25265.3, 22660.1, 20323.2, 18227, 16346.8, 14660.4, 13147.8, 11791.1, 10574.4, 9483.05, 8504.29, 7626.49, 6839.24, 6133.22, 5500.04, 4932.2, 4422.96, 3966.27, 3556.73, 3189.45, 2860.09, 2564.74, 2299.87, 2062.35, 1849.36, 1658.35, 1487.07, 1333.48, 1195.75, 1072.24, 961.488
246238, 222082, 200287, 180623, 162883, 146880, 132445, 119424, 107681, 97089.2, 87537.2, 78923, 71155, 64150.2, 57833.9, 52138.6, 47003.4, 42373.3, 38198.8, 34435, 31041.8, 27982.6, 25224.6, 22738.2, 20496.8, 18476.1, 16654.5, 15012.4, 13532.1, 12197.7, 10994.8, 9910.54, 8933.12, 8052.07, 7257.88, 6542, 5896.71, 5315.05, 4790.75, 4318.16, 3892.18, 3508.21, 3162.11, 2850.16, 2568.97, 2315.52, 2087.07, 1881.16, 1695.56, 1528.27
305202, 276627, 250719, 227231, 205937, 186634, 169136, 153276, 138899, 125869, 114059, 103356, 93655.6, 84864.4, 76897.5, 69677.6, 63134.9, 57206, 51833.4, 46965, 42553.5, 38556.1, 34934, 31651.9, 28678.1, 25983.5, 23541.9, 21329.7, 19325.3, 17509.2, 15863.7, 14372.8, 13022, 11798.1, 10689.2, 9684.48, 8774.2, 7949.46, 7202.23, 6525.23, 5911.86, 5356.13, 4852.64, 4396.47, 3983.18, 3608.74, 3269.49, 2962.14, 2683.67, 2431.38
378219, 344513, 313804, 285827, 260341, 237123, 215973, 196707, 179158, 163172, 148611, 135349, 123269, 112266, 102245, 93117.7, 84804.6, 77233.3, 70337.6, 64057.4, 58337.6, 53128.3, 48384.1, 44063.3, 40128.3, 36544.6, 33280.9, 30308.6, 27601.6, 25136.4, 22891.4, 20846.8, 18984.8, 17289.1, 15744.8, 14338.5, 13057.7, 11891.4, 10829.2, 9861.89, 8980.97, 8178.74, 7448.16, 6782.84, 6176.95, 5625.18, 5122.69, 4665.09, 4248.37, 3868.86
468401, 428781, 392510, 359305, 328908, 301081, 275608, 252288, 230942, 211400, 193512, 177138, 162148, 148427, 135867, 124370, 113845, 104211, 95392.2, 87319.7, 79930.2, 73166.1, 66974.4, 61306.6, 56118.5, 51369.4, 47022.2, 43042.9, 39400.4, 36066.1, 33014, 30220.2, 27662.8, 25321.8, 23178.9, 21217.4, 19421.9, 17778.3, 16273.8, 14896.6, 13636, 12482.1, 11425.8, 10458.9, 9573.8, 8763.62, 8022.01, 7343.15, 6721.74, 6152.92
579432, 533058, 490398, 451156, 415057, 381850, 351301, 323198, 297346, 273563, 251684, 231556, 213038, 196003, 180331, 165912, 152647, 140444, 129216, 118886, 109383, 100640, 92595.3, 85194.3, 78385.1, 72120.3, 66356.3, 61053.2, 56174, 51684.9, 47554.5, 43754.4, 40257.9, 37041, 34081.1, 31357.8, 28852.2, 26546.8, 24425.6, 22474, 20678.3, 19026.1, 17505.9, 16107.2, 14820.3, 13636.2, 12546.7, 11544.2, 10621.9, 9773.27
715633, 661620, 611696, 565552, 522898, 483470, 447024, 413331, 382184, 353390, 326769, 302158, 279404, 258367, 238916, 220932, 204304, 188929, 174713, 161567, 149412, 138173, 127779, 118169, 109281, 101063, 93463.4, 86435.6, 79936.5, 73926.5, 68368.6, 63228.8, 58475.6, 54079.9, 50014.7, 46255.3, 42778.6, 39563.3, 36589.7, 33839.7, 31296.5, 28944.4, 26769.2, 24757.5, 22896.9, 21176.3, 19584.9, 18113.2, 16752.1, 15493.3
882007, 819454, 761364, 707417, 657314, 610778, 567554, 527403, 490105, 455456, 423267, 393361, 365576, 339760, 315773, 293485, 272774, 253528, 235644, 219024, 203579, 189226, 175886, 163489, 151966, 141258, 131304, 122054, 113455, 105464, 98035.4, 91131, 84713.3, 78748, 73203.1, 68048.9, 63258, 58804.6, 54664.9, 50816.8, 47239.7, 43914.6, 40823.7, 37950.4, 35279.4, 32796.5, 30488.4, 28342.8, 26348.2, 24494.1
1.08427e+06, 1.01229e+06, 945141, 882490, 824030, 769477, 718565, 671049, 626699, 585300, 546654, 510576, 476894, 445446, 416082, 388664, 363062, 339153, 316825, 295973, 276499, 258310, 241321, 225454, 210633, 196788, 183856, 171776, 160491, 149950, 140102, 130902, 122307, 114277, 106775, 99767, 93219.1, 87101.5, 81385.9, 76045.7, 71056.3, 66394.6, 62039, 57969.3, 54166.9, 50614, 47294.4, 44192.6, 41294.3, 38586.3
1.32883e+06, 1.24661e+06, 1.16956e+06, 1.09735e+06, 1.02965e+06, 966191, 906693, 850903, 798586, 749522, 703503, 660338, 619847, 581860, 546220, 512781, 481405, 451961, 424331, 398400, 374064, 351222, 329782, 309658, 290768, 273035, 256388, 240760, 226088, 212313, 199380, 187238, 175837, 165132, 155081, 145643, 136780, 128459, 120644, 113306, 106414, 99943.1, 93865.9, 88158.8, 82799.2, 77765.9, 73038.9, 68599.5, 64430.3, 60514.8
1.62278e+06, 1.52961e+06, 1.44193e+06, 1.35938e+06, 1.28166e+06, 1.20848e+06, 1.13955e+06, 1.07463e+06, 1.01347e+06, 955851, 901560, 850398, 802182, 756736, 713898, 673515, 635443, 599546, 565698, 533780, 503679, 475291, 448516, 423262, 399440, 376968, 355770, 335770, 316902, 299100, 282303, 266455, 251500, 237389, 224073, 211506, 199647, 188456, 177894, 167926, 158518, 149638, 141258, 133348, 125882, 118835, 112183, 105905, 99978, 94383.7
1.97372e+06, 1.8691e+06, 1.77022e+06, 1.67674e+06, 1.58835e+06, 1.50476e+06, 1.42569e+06, 1.35089e+06, 1.28012e+06, 1.21315e+06, 1.14976e+06, 1.08976e+06, 1.03296e+06, 979178, 928252, 880024, 834345, 791077, 750089, 711256, 674463, 639599, 606561, 575251, 545576, 517449, 490788, 465514, 441554, 418839, 397302, 376882, 357520, 339159, 321749, 305238, 289580, 274729, 260645, 247287, 234617, 222599, 211200, 200387, 190130, 180400, 171170, 162414, 154107, 146227
2.38965e+06, 2.27332e+06, 2.16292e+06, 2.05814e+06, 1.95867e+06, 1.8642e+06, 1.77448e+06, 1.68925e+06, 1.60827e+06, 1.53131e+06, 1.45817e+06, 1.38863e+06, 1.32251e+06, 1.25964e+06, 1.19984e+06, 1.14296e+06, 1.08885e+06, 1.03737e+06, 988375, 941751, 897375, 855135, 814923, 776639, 740186, 705474, 672418, 640935, 610950, 582387, 555178, 529258, 504563, 481035, 458616, 437254, 416897, 397497, 379009, 361389, 344595, 328588, 313331, 298787, 284923, 271707, 259108, 247097, 235647, 224729
2.87869e+06, 2.7507e+06, 2.6288e+06, 2.51266e+06, 2.40198e+06, 2.29647e+06, 2.19587e+06, 2.09993e+06, 2.00841e+06, 1.92109e+06, 1.83775e+06, 1.75821e+06, 1.68227e+06, 1.60976e+06, 1.54051e+06, 1.47436e+06, 1.41117e+06, 1.35079e+06, 1.29308e+06, 1.23793e+06, 1.18521e+06, 1.13481e+06, 1.08662e+06, 1.04054e+06, 996465, 954310, 913986, 875409, 838500, 803184, 769388, 737045, 706089, 676460, 648097, 620945, 594951, 570063, 546232, 523414, 501562, 480636, 460595, 441400, 423016, 405406, 388537, 372379, 356899, 342069
3.44874e+06, 3.30956e+06, 3.17653e+06, 3.04934e+06, 2.92771e+06, 2.81135e+06, 2.70001e+06, 2.59343e+06, 2.4914e+06, 2.39368e+06, 2.30008e+06, 2.2104e+06, 2.12445e+06, 2.04207e+06, 1.96309e+06, 1.88735e+06, 1.8147e+06, 1.74501e+06, 1.67815e+06, 1.61399e+06, 1.5524e+06, 1.49328e+06, 1.43653e+06, 1.38202e+06, 1.32968e+06, 1.27941e+06, 1.23112e+06, 1.18472e+06, 1.14014e+06, 1.09729e+06, 1.05612e+06, 1.01654e+06, 978500, 941927, 906762, 872950, 840435, 809164, 779088, 750159, 722331, 695560, 669804, 645023, 621179, 598234, 576153, 554904, 534452, 514768
4.10713e+06, 3.95761e+06, 3.81426e+06, 3.67678e+06, 3.54489e+06, 3.41831e+06, 3.29679e+06, 3.1801e+06, 3.068e+06, 2.96028e+06, 2.85675e+06, 2.75721e+06, 2.66149e+06, 2.56941e+06, 2.48082e+06, 2.39557e+06, 2.3135e+06, 2.23448e+06, 2.15839e+06, 2.0851e+06, 2.01449e+06, 1.94646e+06, 1.88089e+06, 1.81769e+06, 1.75676e+06, 1.69801e+06, 1.64135e+06, 1.5867e+06, 1.53398e+06, 1.48311e+06, 1.43403e+06, 1.38667e+06, 1.34095e+06, 1.29682e+06, 1.25421e+06, 1.21307e+06, 1.17335e+06, 1.13499e+06, 1.09793e+06, 1.06214e+06, 1.02757e+06, 994161, 961884, 930696, 900556, 871427, 843273, 816059, 789752, 764319
4.86011e+06, 4.70157e+06, 4.54917e+06, 4.40261e+06, 4.26161e+06, 4.12591e+06, 3.99526e+06, 3.86943e+06, 3.7482e+06, 3.63137e+06, 3.51874e+06, 3.41012e+06, 3.30534e+06, 3.20424e+06, 3.10666e+06, 3.01246e+06, 2.92148e+06, 2.83361e+06, 2.74871e+06, 2.66666e+06, 2.58735e+06, 2.51067e+06, 2.43652e+06, 2.36481e+06, 2.29542e+06, 2.22829e+06, 2.16332e+06, 2.10043e+06, 2.03954e+06, 1.98059e+06, 1.92349e+06, 1.86819e+06, 1.81462e+06, 1.76271e+06, 1.7124e+06, 1.66365e+06, 1.6164e+06, 1.57059e+06, 1.52617e+06, 1.4831e+06, 1.44133e+06, 1.40082e+06, 1.36152e+06, 1.3234e+06, 1.28641e+06, 1.25052e+06, 1.21569e+06, 1.18188e+06, 1.14908e+06, 1.11723e+06
5.71245e+06, 5.54665e+06, 5.3869e+06, 5.23292e+06, 5.08443e+06, 4.94118e+06, 4.80292e+06, 4.66944e+06, 4.54052e+06, 4.41596e+06, 4.29557e+06, 4.17917e+06, 4.06659e+06, 3.95767e+06, 3.85227e+06, 3.75022e+06, 3.65141e+06, 3.5557e+06, 3.46297e+06, 3.3731e+06, 3.28597e+06, 3.2015e+06, 3.11957e+06, 3.04009e+06, 2.96297e+06, 2.88812e+06, 2.81546e+06, 2.74491e+06, 2.6764e+06, 2.60985e+06, 2.5452e+06, 2.48237e+06, 2.42132e+06, 2.36197e+06, 2.30427e+06, 2.24816e+06, 2.1936e+06, 2.14052e+06, 2.08889e+06, 2.03865e+06, 1.98976e+06, 1.94218e+06, 1.89587e+06, 1.85078e+06, 1.80688e+06, 1.76413e+06, 1.7225e+06, 1.68195e+06, 1.64245e+06, 1.60397e+06
6.66702e+06, 6.49607e+06, 6.33107e+06, 6.17173e+06, 6.01778e+06, 5.86898e+06, 5.72509e+06, 5.58589e+06, 5.45118e+06, 5.32077e+06, 5.19446e+06, 5.07208e+06, 4.95346e+06, 4.83846e+06, 4.72693e+06, 4.61871e+06, 4.51369e+06, 4.41173e+06, 4.31272e+06, 4.21654e+06, 4.12309e+06, 4.03226e+06, 3.94396e+06, 3.85809e+06, 3.77456e+06, 3.6933e+06, 3.61421e+06, 3.53723e+06, 3.46228e+06, 3.38929e+06, 3.3182e+06, 3.24893e+06, 3.18144e+06, 3.11565e+06, 3.05152e+06, 2.989e+06, 2.92802e+06, 2.86854e+06, 2.81052e+06, 2.7539e+06, 2.69865e+06, 2.64473e+06, 2.59208e+06, 2.54069e+06, 2.49049e+06, 2.44147e+06, 2.39359e+06, 2.34681e+06, 2.30111e+06, 2.25645e+06
7.72437e+06, 7.5507e+06, 7.38283e+06, 7.22051e+06, 7.06347e+06, 6.91146e+06, 6.76426e+06, 6.62166e+06, 6.48346e+06, 6.34945e+06, 6.21947e+06, 6.09334e+06, 5.9709e+06, 5.85201e+06, 5.7365e+06, 5.62426e+06, 5.51515e+06, 5.40904e+06, 5.30582e+06, 5.20539e+06, 5.10763e+06, 5.01245e+06, 4.91975e+06, 4.82945e+06, 4.74144e+06, 4.65567e+06, 4.57203e+06, 4.49047e+06, 4.41091e+06, 4.33327e+06, 4.25751e+06, 4.18355e+06, 4.11134e+06, 4.04081e+06, 3.97192e+06, 3.90461e+06, 3.83883e+06, 3.77454e+06, 3.71169e+06, 3.65023e+06, 3.59012e+06, 3.53132e+06, 3.4738e+06, 3.41751e+06, 3.36242e+06, 3.3085e+06, 3.25571e+06, 3.20401e+06, 3.15339e+06, 3.1038e+06
8.88261e+06, 8.70878e+06, 8.54063e+06, 8.37789e+06, 8.22031e+06, 8.06766e+06, 7.91971e+06, 7.77625e+06, 7.63709e+06, 7.50203e+06, 7.37091e+06, 7.24355e+06, 7.1198e+06, 6.9995e+06, 6.88253e+06, 6.76874e+06, 6.65801e+06, 6.55022e+06, 6.44526e+06, 6.34301e+06, 6.24338e+06, 6.14627e+06, 6.05159e+06, 5.95924e+06, 5.86915e+06, 5.78123e+06, 5.69541e+06, 5.61161e+06, 5.52977e+06, 5.44982e+06, 5.3717e+06, 5.29534e+06, 5.22069e+06, 5.14769e+06, 5.0763e+06, 5.00644e+06, 4.93809e+06, 4.8712e+06, 4.80571e+06, 4.74159e+06, 4.67879e+06, 4.61727e+06, 4.55701e+06, 4.49795e+06, 4.44007e+06, 4.38333e+06, 4.3277e+06, 4.27315e+06, 4.21964e+06, 4.16715e+06
1.01372e+07, 9.96586e+06, 9.80002e+06, 9.63948e+06, 9.48399e+06, 9.33331e+06, 9.18723e+06, 9.04554e+06, 8.90804e+06, 8.77456e+06, 8.64492e+06, 8.51896e+06, 8.39653e+06, 8.27747e+06, 8.16166e+06, 8.04896e+06, 7.93925e+06, 7.8324e+06, 7.72832e+06, 7.6269e+06, 7.52803e+06, 7.43162e+06, 7.33757e+06, 7.24582e+06, 7.15626e+06, 7.06882e+06, 6.98344e+06, 6.90003e+06, 6.81853e+06, 6.73887e+06, 6.661e+06, 6.58485e+06, 6.51037e+06, 6.4375e+06, 6.36619e+06, 6.2964e+06, 6.22806e+06, 6.16115e+06, 6.09561e+06, 6.03141e+06, 5.96849e+06, 5.90683e+06, 5.84639e+06, 5.78713e+06, 5.72901e+06, 5.67201e+06, 5.61609e+06, 5.56123e+06, 5.50738e+06, 5.45453e+06
1.14814e+07, 1.13149e+07, 1.11539e+07, 1.0998e+07, 1.08471e+07, 1.07009e+07, 1.05592e+07, 1.04218e+07, 1.02885e+07, 1.01592e+07, 1.00335e+07, 9.91153e+06, 9.79296e+06, 9.67769e+06, 9.5656e+06, 9.45655e+06, 9.35042e+06, 9.24709e+06, 9.14647e+06, 9.04843e+06, 8.9529e+06, 8.85977e+06, 8.76896e+06, 8.68037e+06, 8.59394e+06, 8.50958e+06, 8.42722e+06, 8.34679e+06, 8.26823e+06, 8.19147e+06, 8.11645e+06, 8.04312e+06, 7.97141e+06, 7.90128e+06, 7.83267e+06, 7.76554e+06, 7.69984e+06, 7.63552e+06, 7.57255e+06, 7.51088e+06, 7.45047e+06, 7.39128e+06, 7.33328e+06, 7.27643e+06, 7.22071e+06, 7.16607e+06, 7.11248e+06, 7.05993e+06, 7.00837e+06, 6.95778e+06
1.29058e+07, 1.27465e+07, 1.25926e+07, 1.24437e+07, 1.22996e+07, 1.21601e+07, 1.20251e+07, 1.18942e+07, 1.17674e+07, 1.16444e+07, 1.15251e+07, 1.14093e+07, 1.12968e+07, 1.11876e+07, 1.10815e+07, 1.09784e+07, 1.08781e+07, 1.07806e+07, 1.06857e+07, 1.05934e+07, 1.05035e+07, 1.04159e+07, 1.03306e+07, 1.02475e+07, 1.01664e+07, 1.00874e+07, 1.00104e+07, 9.93524e+06, 9.8619e+06, 9.79032e+06, 9.72044e+06, 9.6522e+06, 9.58555e+06, 9.52043e+06, 9.45681e+06, 9.39462e+06, 9.33382e+06, 9.27438e+06, 9.21625e+06, 9.15938e+06, 9.10374e+06, 9.0493e+06, 8.99601e+06, 8.94384e+06, 8.89277e+06, 8.84275e+06, 8.79377e+06, 8.74578e+06, 8.69876e+06, 8.65269e+06
1.43999e+07, 1.42496e+07, 1.41046e+07, 1.39645e+07, 1.38291e+07, 1.36982e+07, 1.35717e+07, 1.34493e+07, 1.33307e+07, 1.3216e+07, 1.31048e+07, 1.2997e+07, 1.28926e+07, 1.27913e+07, 1.2693e+07, 1.25977e+07, 1.25051e+07, 1.24152e+07, 1.23278e+07, 1.2243e+07, 1.21605e+07, 1.20802e+07, 1.20022e+07, 1.19264e+07, 1.18525e+07, 1.17806e+07, 1.17107e+07, 1.16425e+07, 1.15761e+07, 1.15115e+07, 1.14484e+07, 1.1387e+07, 1.13271e+07, 1.12687e+07, 1.12118e+07, 1.11562e+07, 1.1102e+07, 1.10491e+07, 1.09974e+07, 1.0947e+07, 1.08978e+07, 1.08497e+07, 1.08027e+07, 1.07568e+07, 1.0712e+07, 1.06682e+07, 1.06254e+07, 1.05835e+07, 1.05426e+07, 1.05026e+07
1.59514e+07, 1.58116e+07, 1.56769e+07, 1.55471e+07, 1.54218e+07, 1.5301e+07, 1.51843e+07, 1.50717e+07, 1.49629e+07, 1.48577e+07, 1.4756e+07, 1.46576e+07, 1.45625e+07, 1.44704e+07, 1.43812e+07, 1.42949e+07, 1.42113e+07, 1.41302e+07, 1.40517e+07, 1.39755e+07, 1.39016e+07, 1.38299e+07, 1.37604e+07, 1.36929e+07, 1.36274e+07, 1.35637e+07, 1.35019e+07, 1.34419e+07, 1.33835e+07, 1.33268e+07, 1.32717e+07, 1.32181e+07, 1.3166e+07, 1.31153e+07, 1.3066e+07, 1.3018e+07, 1.29713e+07, 1.29258e+07, 1.28815e+07, 1.28384e+07, 1.27965e+07, 1.27556e+07, 1.27158e+07, 1.2677e+07, 1.26392e+07, 1.26024e+07, 1.25665e+07, 1.25315e+07, 1.24973e+07, 1.24641e+07
1.75478e+07, 1.74195e+07, 1.72961e+07, 1.71774e+07, 1.70632e+07, 1.69533e+07, 1.68474e+07, 1.67454e+07, 1.66471e+07, 1.65524e+07, 1.6461e+07, 1.63728e+07, 1.62877e+07, 1.62056e+07, 1.61263e+07, 1.60497e+07, 1.59756e+07, 1.59041e+07, 1.5835e+07, 1.57681e+07, 1.57034e+07, 1.56409e+07, 1.55803e+07, 1.55217e+07, 1.5465e+07, 1.54101e+07, 1.53569e+07, 1.53054e+07, 1.52555e+07, 1.52071e+07, 1.51602e+07, 1.51148e+07, 1.50708e+07, 1.50281e+07, 1.49866e+07, 1.49464e+07, 1.49075e+07, 1.48696e+07, 1.48329e+07, 1.47973e+07, 1.47628e+07, 1.47292e+07, 1.46966e+07, 1.4665e+07, 1.46342e+07, 1.46044e+07, 1.45754e+07, 1.45473e+07, 1.45199e+07, 1.44933e+07
1.91763e+07, 1.90599e+07, 1.89484e+07, 1.88414e+07, 1.87387e+07, 1.86401e+07, 1.85454e+07, 1.84544e+07, 1.8367e+07, 1.8283e+07, 1.82022e+07, 1.81244e+07, 1.80496e+07, 1.79777e+07, 1.79084e+07, 1.78417e+07, 1.77774e+07, 1.77155e+07, 1.76558e+07, 1.75983e+07, 1.75429e+07, 1.74894e+07, 1.74379e+07, 1.73881e+07, 1.73402e+07, 1.72939e+07, 1.72492e+07, 1.7206e+07, 1.71644e+07, 1.71242e+07, 1.70853e+07, 1.70478e+07, 1.70116e+07, 1.69765e+07, 1.69427e+07, 1.691e+07, 1.68784e+07, 1.68478e+07, 1.68183e+07, 1.67897e+07, 1.67621e+07, 1.67354e+07, 1.67096e+07, 1.66846e+07, 1.66604e+07, 1.6637e+07, 1.66144e+07, 1.65925e+07, 1.65713e+07, 1.65508e+07
2.08245e+07, 2.07202e+07, 2.06206e+07, 2.05252e+07, 2.04341e+07, 2.03468e+07, 2.02632e+07, 2.01832e+07, 2.01066e+07, 2.00332e+07, 1.99628e+07, 1.98954e+07, 1.98307e+07, 1.97686e+07, 1.97091e+07, 1.9652e+07, 1.95971e+07, 1.95445e+07, 1.9494e+07, 1.94454e+07, 1.93988e+07, 1.9354e+07, 1.9311e+07, 1.92696e+07, 1.92298e+07, 1.91916e+07, 1.91549e+07, 1.91195e+07, 1.90855e+07, 1.90529e+07, 1.90214e+07, 1.89911e+07, 1.8962e+07, 1.8934e+07, 1.8907e+07, 1.88811e+07, 1.88561e+07, 1.8832e+07, 1.88089e+07, 1.87865e+07, 1.87651e+07, 1.87444e+07, 1.87245e+07, 1.87053e+07, 1.86868e+07, 1.8669e+07, 1.86518e+07, 1.86353e+07, 1.86193e+07, 1.8604e+07
2.24808e+07, 2.23884e+07, 2.23004e+07, 2.22165e+07, 2.21365e+07, 2.20602e+07, 2.19874e+07, 2.19179e+07, 2.18516e+07, 2.17883e+07, 2.17279e+07, 2.16701e+07, 2.1615e+07, 2.15623e+07, 2.15119e+07, 2.14638e+07, 2.14177e+07, 2.13737e+07, 2.13316e+07, 2.12913e+07, 2.12528e+07, 2.12159e+07, 2.11806e+07, 2.11468e+07, 2.11145e+07, 2.10835e+07, 2.10538e+07, 2.10254e+07, 2.09983e+07, 2.09722e+07, 2.09473e+07, 2.09233e+07, 2.09004e+07, 2.08785e+07, 2.08575e+07, 2.08373e+07, 2.0818e+07, 2.07995e+07, 2.07817e+07, 2.07647e+07, 2.07484e+07, 2.07327e+07, 2.07177e+07, 2.07033e+07, 2.06895e+07, 2.06763e+07, 2.06636e+07, 2.06514e+07, 2.06398e+07, 2.06286e+07
2.4135e+07, 2.40539e+07, 2.39769e+07, 2.39038e+07, 2.38344e+07, 2.37684e+07, 2.37057e+07, 2.36461e+07, 2.35894e+07, 2.35355e+07, 2.34842e+07, 2.34354e+07, 2.3389e+07, 2.33449e+07, 2.33028e+07, 2.32628e+07, 2.32247e+07, 2.31884e+07, 2.31538e+07, 2.31209e+07, 2.30895e+07, 2.30596e+07, 2.30311e+07, 2.30039e+07, 2.29781e+07, 2.29534e+07, 2.29299e+07, 2.29074e+07, 2.28861e+07, 2.28657e+07, 2.28462e+07, 2.28277e+07, 2.281e+07, 2.27931e+07, 2.2777e+07, 2.27616e+07, 2.2747e+07, 2.2733e+07, 2.27197e+07, 2.27069e+07, 2.26948e+07, 2.26832e+07, 2.26721e+07, 2.26616e+07, 2.26515e+07, 2.26419e+07, 2.26327e+07, 2.26239e+07, 2.26155e+07, 2.26075e+07
2.57778e+07, 2.57073e+07, 2.56406e+07, 2.55775e+07, 2.55178e+07, 2.54613e+07, 2.54079e+07, 2.53572e+07, 2.53093e+07, 2.52639e+07, 2.52209e+07, 2.51802e+07, 2.51416e+07, 2.5105e+07, 2.50703e+07, 2.50374e+07, 2.50063e+07, 2.49767e+07, 2.49487e+07, 2.49221e+07, 2.48969e+07, 2.4873e+07, 2.48504e+07, 2.48288e+07, 2.48084e+07, 2.4789e+07, 2.47707e+07, 2.47532e+07, 2.47366e+07, 2.47209e+07, 2.4706e+07, 2.46918e+07, 2.46784e+07, 2.46656e+07, 2.46535e+07, 2.4642e+07, 2.4631e+07, 2.46207e+07, 2.46108e+07, 2.46014e+07, 2.45926e+07, 2.45841e+07, 2.45761e+07, 2.45685e+07, 2.45612e+07, 2.45544e+07, 2.45478e+07, 2.45416e+07, 2.45357e+07, 2.45301e+07
2.74016e+07, 2.73408e+07, 2.72835e+07, 2.72295e+07, 2.71786e+07, 2.71307e+07, 2.70855e+07, 2.70429e+07, 2.70027e+07, 2.69649e+07, 2.69292e+07, 2.68955e+07, 2.68637e+07, 2.68337e+07, 2.68054e+07, 2.67787e+07, 2.67535e+07, 2.67298e+07, 2.67073e+07, 2.66861e+07, 2.66661e+07, 2.66472e+07, 2.66294e+07, 2.66125e+07, 2.65966e+07, 2.65816e+07, 2.65674e+07, 2.6554e+07, 2.65414e+07, 2.65294e+07, 2.65181e+07, 2.65074e+07, 2.64973e+07, 2.64878e+07, 2.64788e+07, 2.64703e+07, 2.64622e+07, 2.64546e+07, 2.64475e+07, 2.64407e+07, 2.64343e+07, 2.64282e+07, 2.64225e+07, 2.64171e+07, 2.64119e+07, 2.64071e+07, 2.64025e+07, 2.63982e+07, 2.63941e+07, 2.63903e+07
2.9e+07, 2.89479e+07, 2.8899e+07, 2.88531e+07, 2.88101e+07, 2.87698e+07, 2.87319e+07, 2.86964e+07, 2.8663e+07, 2.86317e+07, 2.86023e+07, 2.85747e+07, 2.85488e+07, 2.85244e+07, 2.85016e+07, 2.84801e+07, 2.84599e+07, 2.84409e+07, 2.84231e+07, 2.84064e+07, 2.83907e+07, 2.83759e+07, 2.8362e+07, 2.8349e+07, 2.83367e+07, 2.83252e+07, 2.83143e+07, 2.83042e+07, 2.82946e+07, 2.82856e+07, 2.82771e+07, 2.82692e+07, 2.82617e+07, 2.82547e+07, 2.8248e+07, 2.82418e+07, 2.8236e+07, 2.82305e+07, 2.82253e+07, 2.82205e+07, 2.82159e+07, 2.82116e+07, 2.82075e+07, 2.82037e+07, 2.82002e+07, 2.81968e+07, 2.81936e+07, 2.81907e+07, 2.81879e+07, 2.81853e+07
3.05678e+07, 3.05235e+07, 3.04821e+07, 3.04434e+07, 3.04073e+07, 3.03735e+07, 3.0342e+07, 3.03126e+07, 3.02851e+07, 3.02594e+07, 3.02353e+07, 3.02129e+07, 3.01919e+07, 3.01723e+07, 3.0154e+07, 3.01368e+07, 3.01208e+07, 3.01058e+07, 3.00918e+07, 3.00787e+07, 3.00665e+07, 3.0055e+07, 3.00443e+07, 3.00343e+07, 3.00249e+07, 3.00161e+07, 3.00079e+07, 3.00003e+07, 2.99931e+07, 2.99864e+07, 2.99801e+07, 2.99743e+07, 2.99688e+07, 2.99636e+07, 2.99588e+07, 2.99543e+07, 2.99501e+07, 2.99462e+07, 2.99425e+07, 2.9939e+07, 2.99358e+07, 2.99328e+07, 2.993e+07, 2.99273e+07, 2.99249e+07, 2.99226e+07, 2.99204e+07, 2.99184e+07, 2.99165e+07, 2.99147e+07
3.21014e+07, 3.20638e+07, 3.20289e+07, 3.19965e+07, 3.19663e+07, 3.19383e+07, 3.19122e+07, 3.1888e+07, 3.18654e+07, 3.18445e+07, 3.1825e+07, 3.18068e+07, 3.179e+07, 3.17743e+07, 3.17597e+07, 3.17461e+07, 3.17334e+07, 3.17217e+07, 3.17107e+07, 3.17006e+07, 3.16911e+07, 3.16823e+07, 3.16741e+07, 3.16664e+07, 3.16593e+07, 3.16527e+07, 3.16466e+07, 3.16408e+07, 3.16355e+07, 3.16306e+07, 3.16259e+07, 3.16216e+07, 3.16176e+07, 3.16139e+07, 3.16104e+07, 3.16072e+07, 3.16042e+07, 3.16014e+07, 3.15988e+07, 3.15964e+07, 3.15941e+07, 3.1592e+07, 3.15901e+07, 3.15883e+07, 3.15866e+07, 3.1585e+07, 3.15835e+07, 3.15822e+07, 3.15809e+07, 3.15797e+07
3.35977e+07, 3.35661e+07, 3.35368e+07, 3.35098e+07, 3.34847e+07, 3.34615e+07, 3.34401e+07, 3.34202e+07, 3.34018e+07, 3.33848e+07, 3.33691e+07, 3.33545e+07, 3.3341e+07, 3.33285e+07, 3.3317e+07, 3.33063e+07, 3.32964e+07, 3.32872e+07, 3.32787e+07, 3.32708e+07, 3.32636e+07, 3.32568e+07, 3.32506e+07, 3.32448e+07, 3.32394e+07, 3.32345e+07, 3.32299e+07, 3.32256e+07, 3.32217e+07, 3.32181e+07, 3.32147e+07, 3.32115e+07, 3.32087e+07, 3.3206e+07, 3.32035e+07, 3.32012e+07, 3.31991e+07, 3.31971e+07, 3.31953e+07, 3.31936e+07, 3.3192e+07, 3.31906e+07, 3.31892e+07, 3.3188e+07, 3.31868e+07, 3.31857e+07, 3.31848e+07, 3.31838e+07, 3.3183e+07, 3.31822e+07
3.5055e+07, 3.50285e+07, 3.50041e+07, 3.49816e+07, 3.49608e+07, 3.49417e+07, 3.49242e+07, 3.4908e+07, 3.48931e+07, 3.48793e+07, 3.48667e+07, 3.4855e+07, 3.48443e+07, 3.48344e+07, 3.48253e+07, 3.48169e+07, 3.48091e+07, 3.4802e+07, 3.47955e+07, 3.47894e+07, 3.47838e+07, 3.47787e+07, 3.4774e+07, 3.47696e+07, 3.47656e+07, 3.47619e+07, 3.47585e+07, 3.47554e+07, 3.47525e+07, 3.47498e+07, 3.47474e+07, 3.47451e+07, 3.4743e+07, 3.47411e+07, 3.47393e+07, 3.47377e+07, 3.47362e+07, 3.47348e+07, 3.47335e+07, 3.47324e+07, 3.47313e+07, 3.47303e+07, 3.47294e+07, 3.47285e+07, 3.47277e+07, 3.4727e+07, 3.47263e+07, 3.47257e+07, 3.47252e+07, 3.47246e+07
3.64721e+07, 3.64499e+07, 3.64296e+07, 3.64109e+07, 3.63939e+07, 3.63782e+07, 3.63638e+07, 3.63507e+07, 3.63386e+07, 3.63276e+07, 3.63174e+07, 3.63081e+07, 3.62996e+07, 3.62918e+07, 3.62847e+07, 3.62781e+07, 3.62721e+07, 3.62666e+07, 3.62615e+07, 3.62569e+07, 3.62527e+07, 3.62488e+07, 3.62452e+07, 3.62419e+07, 3.62389e+07, 3.62362e+07, 3.62337e+07, 3.62314e+07, 3.62293e+07, 3.62273e+07, 3.62255e+07, 3.62239e+07, 3.62224e+07, 3.6221e+07, 3.62198e+07, 3.62186e+07, 3.62176e+07, 3.62166e+07, 3.62157e+07, 3.62149e+07, 3.62142e+07, 3.62135e+07, 3.62129e+07, 3.62123e+07, 3.62118e+07, 3.62113e+07, 3.62108e+07, 3.62104e+07, 3.62101e+07, 3.62097e+07
