1e-14 0.0180697 6.55093e+09
1.04596e-14 0.0288892 6.55093e+09
1.09403e-14 0.0459722 6.55093e+09
1.14432e-14 0.0728168 6.55093e+09
1.19691e-14 0.114802 6.55093e+09
1.25192e-14 0.180156 6.55093e+09
1.30946e-14 0.281407 6.55093e+09
1.36965e-14 0.437528 6.55093e+09
1.4326e-14 0.677118 6.55093e+09
1.49844e-14 1.04307 6.55093e+09
1.56731e-14 1.59937 6.55093e+09
1.63934e-14 2.44107 6.55093e+09
1.71469e-14 3.70853 6.55093e+09
1.7935e-14 5.60813 6.55093e+09
1.87593e-14 8.44168 6.55093e+09
1.96215e-14 12.6484 6.55093e+09
2.05233e-14 18.8643 6.55093e+09
2.14666e-14 28.0056 6.55093e+09
2.24532e-14 41.3854 6.55093e+09
2.34852e-14 60.8766 6.55093e+09
2.45646e-14 89.1363 6.55093e+09
2.56936e-14 129.916 6.55093e+09
2.68745e-14 188.483 6.55093e+09
2.81096e-14 272.199 6.55093e+09
2.94016e-14 391.297 6.55093e+09
3.07529e-14 559.927 6.55093e+09
3.21663e-14 797.558 6.55093e+09
3.36447e-14 1130.84 6.55092e+09
3.51911e-14 1596.04 6.55092e+09
3.68085e-14 2242.3 6.55092e+09
3.85002e-14 3135.82 6.55092e+09
4.02698e-14 4365.3 6.55092e+09
4.21206e-14 6049 6.55091e+09
4.40565e-14 8343.7 6.55091e+09
4.60814e-14 11456.1 6.5509e+09
4.81993e-14 15657.4 6.55089e+09
5.04146e-14 21301.1 6.55087e+09
5.27317e-14 28845.8 6.55085e+09
5.51553e-14 38883.2 6.55082e+09
5.76903e-14 52171.5 6.55078e+09
6.03418e-14 69677.7 6.55073e+09
6.31151e-14 92627.6 6.55066e+09
6.6016e-14 122565 6.55057e+09
6.90501e-14 161424 6.55044e+09
7.22237e-14 211610 6.55028e+09
7.55432e-14 276098 6.55007e+09
7.90152e-14 358541 6.5498e+09
8.26468e-14 463398 6.54944e+09
8.64453e-14 596069 6.54897e+09
9.04184e-14 763045 6.54838e+09
9.45742e-14 972074 6.54761e+09
9.89209e-14 1.23233e+06 6.54664e+09
1.03467e-13 1.55456e+06 6.54541e+09
1.08223e-13 1.95127e+06 6.54386e+09
1.13197e-13 2.43685e+06 6.5419e+09
1.18399e-13 3.02769e+06 6.53947e+09
1.23841e-13 3.74219e+06 6.53644e+09
1.29533e-13 4.60076e+06 6.5327e+09
1.35487e-13 5.62569e+06 6.5281e+09
1.41714e-13 6.84085e+06 6.52247e+09
1.48227e-13 8.27128e+06 6.51563e+09
1.5504e-13 9.94249e+06 6.50736e+09
1.62165e-13 1.18796e+07 6.49742e+09
1.69619e-13 1.41063e+07 6.48554e+09
1.77414e-13 1.66434e+07 6.47143e+09
1.85568e-13 1.95072e+07 6.45479e+09
1.94097e-13 2.27087e+07 6.43528e+09
2.03018e-13 2.62518e+07 6.41257e+09
2.12349e-13 3.01347e+07 6.38632e+09
2.22109e-13 3.43508e+07 6.35618e+09
2.32317e-13 3.88894e+07 6.32183e+09
2.42995e-13 4.37352e+07 6.28294e+09
2.54163e-13 4.88694e+07 6.23921e+09
2.65845e-13 5.42686e+07 6.19034e+09
2.78063e-13 5.9905e+07 6.13607e+09
2.90843e-13 6.57464e+07 6.07617e+09
3.0421e-13 7.17573e+07 6.01042e+09
3.18192e-13 7.78978e+07 5.93866e+09
3.32817e-13 8.41247e+07 5.86076e+09
3.48113e-13 9.03921e+07 5.77664e+09
3.64113e-13 9.66507e+07 5.68625e+09
3.80848e-13 1.0285e+08 5.5896e+09
3.98352e-13 1.08939e+08 5.48675e+09
4.16661e-13 1.14865e+08 5.37781e+09
4.35811e-13 1.20575e+08 5.26294e+09
4.55841e-13 1.26019e+08 5.14237e+09
4.76792e-13 1.31145e+08 5.01635e+09
4.98705e-13 1.3591e+08 4.8852e+09
5.21626e-13 1.40267e+08 4.74929e+09
5.45601e-13 1.44178e+08 4.60903e+09
5.70677e-13 1.47608e+08 4.46485e+09
5.96906e-13 1.50526e+08 4.31724e+09
6.2434e-13 1.52909e+08 4.16671e+09
6.53036e-13 1.54737e+08 4.01381e+09
6.8305e-13 1.55999e+08 3.85907e+09
7.14443e-13 1.56688e+08 3.70307e+09
7.4728e-13 1.56805e+08 3.54638e+09
7.81625e-13 1.56356e+08 3.38958e+09
8.1755e-13 1.55353e+08 3.23322e+09
8.55125e-13 1.53814e+08 3.07787e+09
8.94427e-13 1.51763e+08 2.92405e+09
9.35536e-13 1.49228e+08 2.77229e+09
9.78534e-13 1.46239e+08 2.62306e+09
1.02351e-12 1.42834e+08 2.47682e+09
1.07055e-12 1.39051e+08 2.33399e+09
1.11975e-12 1.3493e+08 2.19494e+09
1.17122e-12 1.30515e+08 2.06001e+09
1.22505e-12 1.25847e+08 1.92949e+09
1.28135e-12 1.20971e+08 1.80365e+09
1.34024e-12 1.15931e+08 1.68267e+09
1.40184e-12 1.10768e+08 1.56674e+09
1.46627e-12 1.05524e+08 1.45598e+09
1.53366e-12 1.00237e+08 1.35045e+09
1.60415e-12 9.49452e+07 1.25022e+09
1.67788e-12 8.96823e+07 1.15527e+09
1.755e-12 8.44799e+07 1.06559e+09
1.83566e-12 7.93666e+07 9.81108e+08
1.92003e-12 7.43678e+07 9.01741e+08
2.00827e-12 6.95057e+07 8.27374e+08
2.10058e-12 6.47993e+07 7.57868e+08
2.19712e-12 6.02645e+07 6.93069e+08
2.2981e-12 5.59141e+07 6.32804e+08
2.40373e-12 5.1758e+07 5.7689e+08
2.5142e-12 4.78035e+07 5.25132e+08
2.62976e-12 4.40551e+07 4.77328e+08
2.75062e-12 4.05151e+07 4.33273e+08
2.87705e-12 3.71837e+07 3.92758e+08
3.00928e-12 3.40592e+07 3.55575e+08
3.14759e-12 3.11382e+07 3.21515e+08
3.29225e-12 2.8416e+07 2.90377e+08
3.44357e-12 2.58864e+07 2.61961e+08
3.60184e-12 2.35427e+07 2.36075e+08
3.76738e-12 2.13769e+07 2.12532e+08
3.94053e-12 1.9381e+07 1.91155e+08
4.12164e-12 1.7546e+07 1.71774e+08
4.31108e-12 1.5863e+07 1.54228e+08
4.50922e-12 1.43228e+07 1.38365e+08
4.71647e-12 1.29165e+07 1.24042e+08
4.93324e-12 1.16349e+07 1.11126e+08
5.15997e-12 1.04692e+07 9.94909e+07
5.39713e-12 9.41089e+06 8.90217e+07
5.64519e-12 8.45168e+06 7.96108e+07
5.90465e-12 7.58368e+06 7.11591e+07
6.17603e-12 6.7994e+06 6.35755e+07
6.45989e-12 6.09174e+06 5.67761e+07
6.75679e-12 5.45406e+06 5.06843e+07
7.06734e-12 4.88012e+06 4.52303e+07
7.39216e-12 4.36413e+06 4.03501e+07
7.73191e-12 3.90072e+06 3.5986e+07
8.08727e-12 3.48492e+06 3.20853e+07
8.45897e-12 3.11216e+06 2.86004e+07
8.84775e-12 2.77824e+06 2.54882e+07
9.2544e-12 2.47934e+06 2.271e+07
9.67974e-12 2.21195e+06 2.02306e+07
1.01246e-11 1.97288e+06 1.80187e+07
1.059e-11 1.75926e+06 1.60458e+07
1.10767e-11 1.56845e+06 1.42866e+07
1.15858e-11 1.39809e+06 1.27181e+07
1.21183e-11 1.24605e+06 1.132e+07
1.26753e-11 1.1104e+06 1.0074e+07
1.32578e-11 989404 8.96356e+06
1.38672e-11 881510 7.97416e+06
1.45045e-11 785316 7.09265e+06
1.51711e-11 699568 6.30733e+06
1.58684e-11 623148 5.60776e+06
1.65978e-11 555050 4.98462e+06
1.73606e-11 494369 4.42957e+06
1.81585e-11 440307 3.9352e+06
1.89931e-11 392146 3.49489e+06
1.9866e-11 349245 3.10274e+06
2.07791e-11 311031 2.7535e+06
2.17341e-11 276994 2.44247e+06
2.2733e-11 246679 2.16547e+06
2.37779e-11 219678 1.91879e+06
2.48707e-11 195631 1.69912e+06
2.60138e-11 174214 1.50349e+06
2.72094e-11 155142 1.32927e+06
2.846e-11 138157 1.17413e+06
2.9768e-11 123030 1.03597e+06
3.11362e-11 109559 912943
3.25672e-11 97563 803384
3.40641e-11 86880.3 705821
3.56297e-11 77367.2 618940
3.72672e-11 68895.8 541573
3.89801e-11 61352.1 472677
4.07716e-11 54634.1 411325
4.26455e-11 48651.3 356691
4.46056e-11 43323.9 308040
4.66557e-11 38580 264716
4.88e-11 34355.6 226136
5.10429e-11 30593.3 191780
5.33889e-11 27243.3 161187
5.58427e-11 24260.4 133944
5.84093e-11 21603.5 109683
6.10938e-11 19237.9 88079.9
6.39017e-11 17131.6 68842
6.68387e-11 15255.4 51710.5
6.99107e-11 13585 36455.1
7.31239e-11 12097.4 22870.1
7.64847e-11 10772.7 10772.7
