0.000000000000000000e+00
9.084450731523334432e-02
2.402958672314211785e+00
1.966331559941321583e+00
9.721525684107095167e-01
9.464680326661392584e+00
5.122633778899907675e-01
5.986602516961098130e-01
0.000000000000000000e+00
5.531215874775946340e+00
9.351599564368129336e+00
5.536422623866796400e+00
3.549261954049259771e+01
2.994180467579662608e+00
1.612760669252395473e+01
1.388684079436510821e+01
0.000000000000000000e+00
4.104259091616899013e+01
2.794181387342572265e+01
9.910987025932072925e+01
1.134253074821501883e+01
8.070855823749303326e-01
1.405738705503307262e+00
3.982832320174388485e+00
0.000000000000000000e+00
6.945488961767405656e-02
1.843168040213994718e+00
7.389235027845948434e-01
2.213081875605881210e-01
4.842639568809978812e-01
1.653411756266746746e+00
9.639912899227813525e-02
0.000000000000000000e+00
1.633972738186698415e+00
1.735277530410885838e-01
1.969508509343445368e+01
2.479298664835438260e+01
4.406514673891410183e+01
7.528884419506341352e+00
1.080355106265366061e+01
0.000000000000000000e+00
1.871940218005239842e+01
6.708512046297639975e-01
1.114502117082923682e+00
2.337311259695812993e+00
2.183805303635448336e+00
9.644657292449474451e-01
9.753875638220756983e+00
0.000000000000000000e+00
0.000000000000000000e+00
6.266254965460300586e-01
7.288111906401812945e+00
7.211368017759919091e+00
4.418551782204210632e+00
2.305796638011709021e+01
1.849665435805916802e+00
3.260085810926556693e+00
0.000000000000000000e+00
1.160320844509720750e+01
3.800801368687391601e+01
2.658998672780692729e+01
9.066248043262899614e+01
1.414526937885701585e+01
3.523008326964378512e+01
2.298864819628119349e+01
0.000000000000000000e+00
1.095864531094431840e+02
8.252463668382227979e+01
2.077163362201654877e+02
4.554371044036626870e+01
4.449215535922497189e+00
8.923068473493009023e+00
2.101976117411821932e+01
0.000000000000000000e+00
1.764742091637849786e-01
1.008508637458682067e+01
1.910864227251857450e+00
1.573867238202318442e+00
3.701500593864023525e+00
9.676635855465457681e+00
2.375226320958137571e-01
0.000000000000000000e+00
6.723499077670052948e+00
4.517242275570332866e-01
6.714135091508269682e+01
8.583518822607517507e+01
1.488537298668885285e+02
4.200552963218331115e+01
4.801280515447497521e+01
0.000000000000000000e+00
6.373768325903177612e+01
1.699434193056523767e+00
4.893741964907646569e+00
1.408364380520760939e+01
4.197057595843077138e+00
1.838566829733848662e+00
2.324399049918085325e+01
0.000000000000000000e+00
0.000000000000000000e+00
4.967023000583052905e+00
3.598349452130377557e+01
2.483394102646946777e+01
1.964323433300137367e+01
6.902182434548855383e+01
1.157803661013543639e+01
1.766870198035717010e+01
0.000000000000000000e+00
3.401840445882797326e+01
1.401946160925316747e+02
1.185261597526145039e+02
1.772214390634345875e+02
8.263517205018042944e+01
9.836380621773838584e+01
4.598798216698646257e+01
0.000000000000000000e+00
3.022598245214855410e+02
2.595527030454254032e+02
3.162205875308525833e+02
1.884635495858252057e+02
2.177955270503759522e+01
5.483277933779656621e+01
1.322230655171853186e+02
0.000000000000000000e+00
4.949105527579784614e-01
1.319972612669020862e+02
3.599772177574634746e+00
9.975527453528046706e+00
2.733136584021806570e+01
6.852988206424355155e+01
4.192369818955659633e-01
0.000000000000000000e+00
7.432078453252017880e+01
8.148411243939399640e-01
2.401813629691862957e+02
2.230693422095251037e+02
3.253696066634964836e+02
3.686129869139170410e+02
3.691849475447416467e+02
0.000000000000000000e+00
3.581489478312444703e+02
1.272341625260233933e+01
4.274700145585536859e+01
1.178038411544692536e+02
7.025204801374673735e+00
3.325740634789466910e+00
1.517204851390671649e+02
0.000000000000000000e+00
0.000000000000000000e+00
1.777837676700472969e+01
1.241025070535087593e+02
4.738842202543854398e+01
4.591638566490173190e+01
2.499938890686500201e+02
3.223903843671321567e+01
4.840551588826179596e+01
0.000000000000000000e+00
9.039830354684590930e+01
2.831515367685818774e+02
2.729863011730313360e+02
3.507278391432142257e+02
2.162497070963025010e+02
2.092807517775559347e+02
8.608202069968223213e+01
0.000000000000000000e+00
5.557778545254778919e+02
5.220710785473155511e+02
3.586076941249060610e+02
4.269877490688014063e+02
5.136537660714149212e+01
1.622427764122581380e+02
4.598853999762225158e+02
0.000000000000000000e+00
2.768222531471252523e+00
6.900395163869595763e+02
5.151026337757110163e+00
2.974273258491754390e+01
9.458694019734859637e+01
2.662087443570327991e+02
7.619049353194237151e-01
0.000000000000000000e+00
4.083459415813744044e+02
1.485303248238563523e+00
6.347131166828822870e+02
4.388083378756809338e+02
4.224623864730644414e+02
1.105121516084742552e+03
1.130480670120396553e+03
0.000000000000000000e+00
1.069637187761373525e+03
4.363666671456336843e+01
1.588989945833802153e+02
4.767370410011243962e+02
8.044967589070797231e+00
5.690128415431976450e+00
7.725332091122555767e+02
0.000000000000000000e+00
0.000000000000000000e+00
5.203813985068321557e+01
4.037866854392266305e+02
7.124286115148305498e+01
8.763457075189113255e+01
8.903934230786800299e+02
6.169096138996839329e+01
1.127568611076402618e+02
0.000000000000000000e+00
2.533781584834766250e+02
4.769104981247758701e+02
5.257977997739839111e+02
8.870101989409589578e+02
4.193821150822782329e+02
4.132585032756829264e+02
1.659056552708029812e+02
0.000000000000000000e+00
9.063119996088647667e+02
9.213035955232716105e+02
4.075943156651568415e+02
7.836017381688594696e+02
8.978638374516486920e+01
3.783749411957359143e+02
1.388994576496987293e+03
0.000000000000000000e+00
1.733394403912544135e+01
2.565423512759013192e+03
1.003791903216361980e+01
6.965995118245125184e+01
2.676642116527652888e+02
9.191791415026902996e+02
4.971513531894683702e+00
0.000000000000000000e+00
1.661495060830287912e+03
1.175481483428955087e+01
1.342669555383734632e+03
8.283963079254626791e+02
5.164244907149791288e+02
2.180317966004786285e+03
2.307003598881354264e+03
0.000000000000000000e+00
2.157036837458067112e+03
1.004518885184955650e+02
4.157838641781521005e+02
1.528092570866346250e+03
1.312952371376991323e+01
3.033876559770584080e+01
2.894172692658910819e+03
0.000000000000000000e+00
