0.000000000000000000e+00
9.024721506834029738e-02
4.347553837398886678e+00
5.068942372711003230e+00
2.833543114875257007e+00
2.598208346794068646e+01
1.107313527483940074e+00
2.120874901682138436e+00
0.000000000000000000e+00
9.163784863612651321e+00
2.576435988522589327e+01
1.660277612460672714e+01
1.033031871879970964e+02
7.880693179057836950e+00
2.864005995974898511e+01
2.135796851704359156e+01
0.000000000000000000e+00
8.263635023367166355e+01
5.926105883464455815e+01
2.192941632343387539e+02
2.830571131037950394e+01
1.962702877318561079e+00
3.626533642254769596e+00
9.716590186519175276e+00
0.000000000000000000e+00
8.198690806850790491e-02
5.807561340309828957e+00
1.386496962915211961e+00
5.610157687599957033e-01
1.319431002362519534e+00
4.296216443536653884e+00
2.362285353437811042e-01
0.000000000000000000e+00
5.018408507974445598e+00
3.212680115440487705e-01
6.212432248880982399e+01
8.040343621916055383e+01
1.318643968407762088e+02
2.164646537586808250e+01
3.069050452956795638e+01
0.000000000000000000e+00
5.129155571444988482e+01
7.221658545437454890e-01
1.626597704528570221e+00
5.124190507122576399e+00
3.832213730657994866e+00
1.721163292185366123e+00
2.179506747538417599e+01
0.000000000000000000e+00
0.000000000000000000e+00
1.289681330416798666e+00
1.478138765955567280e+01
1.543513651851832869e+01
1.046854418997108915e+01
4.258786776444554079e+01
4.862503139075040615e+00
8.856733835767506946e+00
0.000000000000000000e+00
1.882490897715330291e+01
8.167998458870648903e+01
6.163204931554913202e+01
1.642316271318292706e+02
3.604317335546731726e+01
6.335681630080699733e+01
3.486445946346998426e+01
0.000000000000000000e+00
1.996537453511953402e+02
1.589225777070570018e+02
3.403033829660761285e+02
1.001305392480182661e+02
9.096402709492444671e+00
2.001757052940964599e+01
4.709171658287584705e+01
0.000000000000000000e+00
1.979133250367641483e-01
2.336198265029847576e+01
2.803235923129320017e+00
3.355736535798907294e+00
8.670123350963891085e+00
2.241719216796755632e+01
4.338092019683122413e-01
0.000000000000000000e+00
1.482382174140900410e+01
6.036341559252142996e-01
1.772074995796108112e+02
2.166631842343521157e+02
3.643669136675310369e+02
1.597901812816524512e+02
1.670894200391817037e+02
0.000000000000000000e+00
1.855687113729524640e+02
2.871868797201514223e+00
1.067540598734855628e+01
3.286926282589376314e+01
6.665861613334417513e+00
3.044482152710556999e+00
4.259895372180938722e+01
0.000000000000000000e+00
0.000000000000000000e+00
1.128408811131715694e+01
8.659143492358207084e+01
4.501796273818254690e+01
3.918363399514436907e+01
1.717941339431524170e+02
2.681646903326988252e+01
3.996476678067207189e+01
0.000000000000000000e+00
6.972454602878570995e+01
2.525417105404520157e+02
2.274811183423280738e+02
2.918930096393632994e+02
1.758612829717159229e+02
1.872149411309695211e+02
8.044099068039417944e+01
0.000000000000000000e+00
5.129072487125778252e+02
4.631613101642894890e+02
3.656292072800874848e+02
3.708250976398801981e+02
4.079899667502403560e+01
1.182721664932990109e+02
3.158961715317082621e+02
0.000000000000000000e+00
1.453968751075267685e+00
4.275959424459147726e+02
5.099083334600925888e+00
1.924885724787473507e+01
5.968215445547581055e+01
1.633367072803556823e+02
2.022470792698860265e-01
0.000000000000000000e+00
2.296755735105097358e+02
8.527081160163879625e-01
5.983988195232915359e+02
4.367345173915386454e+02
4.442558997767067126e+02
1.031802623787488983e+03
1.024604546240267837e+03
0.000000000000000000e+00
9.698780279809712965e+02
2.660165922367811220e+01
9.951505894624709470e+01
2.958200676284241695e+02
8.023143771214485298e+00
4.247341257596016106e+00
4.515205710690641467e+02
0.000000000000000000e+00
0.000000000000000000e+00
3.782525078857421619e+01
3.101753175894975811e+02
7.322030429264069085e+01
7.986552808372974255e+01
7.579789300338602516e+02
6.382482183058262137e+01
9.941204751386642613e+01
0.000000000000000000e+00
2.167718544306564468e+02
4.612001859267997474e+02
4.736386626693916355e+02
8.644050130298423937e+02
4.097369464113521644e+02
3.930920003794241211e+02
1.634734982325553858e+02
0.000000000000000000e+00
8.882935032572936507e+02
8.711195901712369505e+02
4.264463023764944296e+02
7.684729394852399764e+02
8.651734374558448337e+01
3.303168017115211228e+02
1.138555331129484102e+03
0.000000000000000000e+00
9.828878604125977247e+00
2.207513039875259437e+03
1.018516905479431145e+01
5.499659873305797930e+01
2.033244439733362299e+02
6.770299149584769793e+02
-3.577647346448898369e-01
0.000000000000000000e+00
1.304141364113082773e+03
4.216569553136825799e-01
1.374275415585098244e+03
8.858784947435665345e+02
5.496421536308861278e+02
2.222640853844776302e+03
2.282241485338030088e+03
0.000000000000000000e+00
2.204153823776941408e+03
9.036557287357329926e+01
3.659059629306125885e+02
1.273339821328554081e+03
6.857680705232620078e+00
7.277463618946075741e+00
2.523103288714952669e+03
0.000000000000000000e+00
0.000000000000000000e+00
1.102449780847740186e+02
1.079680157958269092e+03
9.541567675108909441e+01
1.408186137091064438e+02
2.731940626776161025e+03
9.665127492543220455e+01
2.110868780072212303e+02
0.000000000000000000e+00
6.490988620354080467e+02
6.997335400339794660e+02
8.307188162934207867e+02
2.395025279001846229e+03
6.729521390631103941e+02
7.402905766962003327e+02
3.194640635560083410e+02
0.000000000000000000e+00
1.367980151055159467e+03
1.441874355127725494e+03
5.266273618449640708e+02
1.272333636570425142e+03
1.343641488385963498e+02
7.198017121657371717e+02
3.556879668866768043e+03
0.000000000000000000e+00
5.280658971755981668e+01
7.871238294607658645e+03
1.345191970504760803e+01
1.259283624120044749e+02
5.830157722217178389e+02
2.568585958328552351e+03
7.170748901939392184e+00
0.000000000000000000e+00
5.458477605266847604e+03
1.733459285702705444e+01
2.404377993238744693e+03
1.502590535374221872e+03
6.686224396541786064e+02
3.534735223740406127e+03
3.764136089734010511e+03
0.000000000000000000e+00
3.568565405951519097e+03
1.906885919845962576e+02
8.600341440048599679e+02
4.089839756601238150e+03
2.939313177007675293e+01
8.985011508066178010e+01
9.099935914838924873e+03
0.000000000000000000e+00
