1e-14 0 4.11037e+08
1.04596e-14 0 4.11037e+08
1.09403e-14 0 4.11037e+08
1.14432e-14 0 4.11037e+08
1.19691e-14 0 4.11037e+08
1.25192e-14 0 4.11037e+08
1.30946e-14 0 4.11037e+08
1.36965e-14 0 4.11037e+08
1.4326e-14 0 4.11037e+08
1.49844e-14 0 4.11037e+08
1.56731e-14 0 4.11037e+08
1.63934e-14 0 4.11037e+08
1.71469e-14 0 4.11037e+08
1.7935e-14 0 4.11037e+08
1.87593e-14 0 4.11037e+08
1.96215e-14 0 4.11037e+08
2.05233e-14 0 4.11037e+08
2.14666e-14 0 4.11037e+08
2.24532e-14 0 4.11037e+08
2.34852e-14 0 4.11037e+08
2.45646e-14 0 4.11037e+08
2.56936e-14 0 4.11037e+08
2.68745e-14 0 4.11037e+08
2.81096e-14 0 4.11037e+08
2.94016e-14 0 4.11037e+08
3.07529e-14 0 4.11037e+08
3.21663e-14 0 4.11037e+08
3.36447e-14 0 4.11037e+08
3.51911e-14 0 4.11037e+08
3.68085e-14 0 4.11037e+08
3.85002e-14 0 4.11037e+08
4.02698e-14 0 4.11037e+08
4.21206e-14 0 4.11037e+08
4.40565e-14 0 4.11037e+08
4.60814e-14 0 4.11037e+08
4.81993e-14 0 4.11037e+08
5.04146e-14 0 4.11037e+08
5.27317e-14 0 4.11037e+08
5.51553e-14 0 4.11037e+08
5.76903e-14 0 4.11037e+08
6.03418e-14 0 4.11037e+08
6.31151e-14 0 4.11037e+08
6.6016e-14 0 4.11037e+08
6.90501e-14 0 4.11037e+08
7.22237e-14 0 4.11037e+08
7.55432e-14 0 4.11037e+08
7.90152e-14 0 4.11037e+08
8.26468e-14 0 4.11037e+08
8.64453e-14 0 4.11037e+08
9.04184e-14 0 4.11037e+08
9.45742e-14 0 4.11037e+08
9.89209e-14 0 4.11037e+08
1.03467e-13 0 4.11037e+08
1.08223e-13 0 4.11037e+08
1.13197e-13 0 4.11037e+08
1.18399e-13 0 4.11037e+08
1.23841e-13 0 4.11037e+08
1.29533e-13 0 4.11037e+08
1.35487e-13 0 4.11037e+08
1.41714e-13 0 4.11037e+08
1.48227e-13 0 4.11037e+08
1.5504e-13 0 4.11037e+08
1.62165e-13 0 4.11037e+08
1.69619e-13 0 4.11037e+08
1.77414e-13 0 4.11037e+08
1.85568e-13 0 4.11037e+08
1.94097e-13 0 4.11037e+08
2.03018e-13 0 4.11037e+08
2.12349e-13 0 4.11037e+08
2.22109e-13 0 4.11037e+08
2.32317e-13 0 4.11037e+08
2.42995e-13 0 4.11037e+08
2.54163e-13 0 4.11037e+08
2.65845e-13 0 4.11037e+08
2.78063e-13 0 4.11037e+08
2.90843e-13 0 4.11037e+08
3.0421e-13 0 4.11037e+08
3.18192e-13 0 4.11037e+08
3.32817e-13 0 4.11037e+08
3.48113e-13 0 4.11037e+08
3.64113e-13 0 4.11037e+08
3.80848e-13 0 4.11037e+08
3.98352e-13 0 4.11037e+08
4.16661e-13 0 4.11037e+08
4.35811e-13 0 4.11037e+08
4.55841e-13 0 4.11037e+08
4.76792e-13 0 4.11037e+08
4.98705e-13 0 4.11037e+08
5.21626e-13 0 4.11037e+08
5.45601e-13 0 4.11037e+08
5.70677e-13 0 4.11037e+08
5.96906e-13 0 4.11037e+08
6.2434e-13 0 4.11037e+08
6.53036e-13 0 4.11037e+08
6.8305e-13 0 4.11037e+08
7.14443e-13 0 4.11037e+08
7.4728e-13 0 4.11037e+08
7.81625e-13 0 4.11037e+08
8.1755e-13 0 4.11037e+08
8.55125e-13 0 4.11037e+08
8.94427e-13 0 4.11037e+08
9.35536e-13 0 4.11037e+08
9.78534e-13 0 4.11037e+08
1.02351e-12 0 4.11037e+08
1.07055e-12 0 4.11037e+08
1.11975e-12 0 4.11037e+08
1.17122e-12 0 4.11037e+08
1.22505e-12 0 4.11037e+08
1.28135e-12 0 4.11037e+08
1.34024e-12 0 4.11037e+08
1.40184e-12 0 4.11037e+08
1.46627e-12 0 4.11037e+08
1.53366e-12 0 4.11037e+08
1.60415e-12 0 4.11037e+08
1.67788e-12 72627.3 4.11037e+08
1.755e-12 1.32216e+06 4.10964e+08
1.83566e-12 3.27233e+06 4.09642e+08
1.92003e-12 4.98935e+06 4.06369e+08
2.00827e-12 6.67408e+06 4.0138e+08
2.10058e-12 8.67662e+06 3.94706e+08
2.19712e-12 1.00229e+07 3.86029e+08
2.2981e-12 1.10358e+07 3.76006e+08
2.40373e-12 1.19786e+07 3.64971e+08
2.5142e-12 1.34866e+07 3.52992e+08
2.62976e-12 1.59541e+07 3.39505e+08
2.75062e-12 1.76134e+07 3.23551e+08
2.87705e-12 1.79839e+07 3.05938e+08
3.00928e-12 1.82901e+07 2.87954e+08
3.14759e-12 1.8247e+07 2.69664e+08
3.29225e-12 1.78176e+07 2.51417e+08
3.44357e-12 1.71147e+07 2.33599e+08
3.60184e-12 1.65503e+07 2.16485e+08
3.76738e-12 1.59107e+07 1.99934e+08
3.94053e-12 1.54148e+07 1.84024e+08
4.12164e-12 1.47162e+07 1.68609e+08
4.31108e-12 1.40659e+07 1.53893e+08
4.50922e-12 1.32894e+07 1.39827e+08
4.71647e-12 1.24236e+07 1.26537e+08
4.93324e-12 1.16042e+07 1.14114e+08
5.15997e-12 1.07979e+07 1.0251e+08
5.39713e-12 9.88113e+06 9.17117e+07
5.64519e-12 8.93307e+06 8.18306e+07
5.90465e-12 7.98011e+06 7.28975e+07
6.17603e-12 7.11283e+06 6.49174e+07
6.45989e-12 6.33484e+06 5.78046e+07
6.75679e-12 5.6419e+06 5.14697e+07
7.06734e-12 5.02471e+06 4.58278e+07
7.39216e-12 4.47501e+06 4.08031e+07
7.73191e-12 3.98543e+06 3.63281e+07
8.08727e-12 3.54938e+06 3.23427e+07
8.45897e-12 3.16103e+06 2.87933e+07
8.84775e-12 2.81514e+06 2.56322e+07
9.2544e-12 2.50709e+06 2.28171e+07
9.67974e-12 2.23274e+06 2.031e+07
1.01246e-11 1.98839e+06 1.80773e+07
1.059e-11 1.77079e+06 1.60889e+07
1.10767e-11 1.57698e+06 1.43181e+07
1.15858e-11 1.40439e+06 1.27411e+07
1.21183e-11 1.25067e+06 1.13367e+07
1.26753e-11 1.11378e+06 1.00861e+07
1.32578e-11 991865 8.97229e+06
1.38672e-11 883295 7.98042e+06
1.45045e-11 786605 7.09713e+06
1.51711e-11 700495 6.31052e+06
1.58684e-11 623812 5.61003e+06
1.65978e-11 555524 4.98621e+06
1.73606e-11 494706 4.43069e+06
1.81585e-11 440545 3.93599e+06
1.89931e-11 392314 3.49544e+06
1.9866e-11 349363 3.10313e+06
2.07791e-11 311114 2.75376e+06
2.17341e-11 277052 2.44265e+06
2.2733e-11 246718 2.1656e+06
2.37779e-11 219705 1.91888e+06
2.48707e-11 195649 1.69917e+06
2.60138e-11 174227 1.50352e+06
2.72094e-11 155151 1.3293e+06
2.846e-11 138162 1.17415e+06
2.9768e-11 123034 1.03598e+06
3.11362e-11 109562 912951
3.25672e-11 97564.8 803389
3.40641e-11 86881.5 705824
3.56297e-11 77368 618943
3.72672e-11 68896.3 541575
3.89801e-11 61352.5 472678
4.07716e-11 54634.3 411326
4.26455e-11 48651.4 356692
4.46056e-11 43324 308040
4.66557e-11 38580.1 264716
4.88e-11 34355.6 226136
5.10429e-11 30593.3 191781
5.33889e-11 27243.3 161187
5.58427e-11 24260.5 133944
5.84093e-11 21603.6 109683
6.10938e-11 19237.9 88079.9
6.39017e-11 17131.6 68842
6.68387e-11 15255.4 51710.5
6.99107e-11 13585 36455.1
7.31239e-11 12097.4 22870.1
7.64847e-11 10772.7 10772.7
