1e-14 0 1.45523e-27
1.04596e-14 0 1.45523e-27
1.09403e-14 0 1.45523e-27
1.14432e-14 0 1.45523e-27
1.19691e-14 0 1.45523e-27
1.25192e-14 0 1.45523e-27
1.30946e-14 0 1.45523e-27
1.36965e-14 0 1.45523e-27
1.4326e-14 0 1.45523e-27
1.49844e-14 0 1.45523e-27
1.56731e-14 0 1.45523e-27
1.63934e-14 0 1.45523e-27
1.71469e-14 0 1.45523e-27
1.7935e-14 0 1.45523e-27
1.87593e-14 0 1.45523e-27
1.96215e-14 0 1.45523e-27
2.05233e-14 0 1.45523e-27
2.14666e-14 1.30639e-42 1.45523e-27
2.24532e-14 1.98835e-41 1.45523e-27
2.34852e-14 4.75033e-41 1.45523e-27
2.45646e-14 9.28787e-41 1.45523e-27
2.56936e-14 1.71855e-40 1.45523e-27
2.68745e-14 3.08738e-40 1.45523e-27
2.81096e-14 5.18513e-40 1.45523e-27
2.94016e-14 8.64341e-40 1.45523e-27
3.07529e-14 1.42133e-39 1.45523e-27
3.21663e-14 2.32599e-39 1.45523e-27
3.36447e-14 3.78489e-39 1.45523e-27
3.51911e-14 6.07421e-39 1.45523e-27
3.68085e-14 9.6766e-39 1.45523e-27
3.85002e-14 1.53451e-38 1.45523e-27
4.02698e-14 2.41922e-38 1.45523e-27
4.21206e-14 3.79309e-38 1.45523e-27
4.40565e-14 5.91714e-38 1.45523e-27
4.60814e-14 9.18393e-38 1.45523e-27
4.81993e-14 1.41813e-37 1.45523e-27
5.04146e-14 2.17884e-37 1.45523e-27
5.27317e-14 3.33066e-37 1.45523e-27
5.51553e-14 5.06588e-37 1.45523e-27
5.76903e-14 7.66648e-37 1.45523e-27
6.03418e-14 1.15441e-36 1.45523e-27
6.31151e-14 1.72962e-36 1.45523e-27
6.6016e-14 2.57852e-36 1.45523e-27
6.90501e-14 3.82489e-36 1.45523e-27
7.22237e-14 5.64546e-36 1.45523e-27
7.55432e-14 8.29114e-36 1.45523e-27
7.90152e-14 1.21162e-35 1.45523e-27
8.26468e-14 1.7618e-35 1.45523e-27
8.64453e-14 2.5491e-35 1.45523e-27
9.04184e-14 3.66995e-35 1.45523e-27
9.45742e-14 5.2575e-35 1.45523e-27
9.89209e-14 7.49455e-35 1.45523e-27
1.03467e-13 1.06307e-34 1.45523e-27
1.08223e-13 1.50048e-34 1.45523e-27
1.13197e-13 2.10742e-34 1.45523e-27
1.18399e-13 2.94531e-34 1.45523e-27
1.23841e-13 4.0961e-34 1.45523e-27
1.29533e-13 5.66854e-34 1.45523e-27
1.35487e-13 7.80614e-34 1.45523e-27
1.41714e-13 1.06972e-33 1.45523e-27
1.48227e-13 1.45872e-33 1.45523e-27
1.5504e-13 1.97947e-33 1.45523e-27
1.62165e-13 2.673e-33 1.45522e-27
1.69619e-13 3.59194e-33 1.45522e-27
1.77414e-13 4.80332e-33 1.45522e-27
1.85568e-13 6.39201e-33 1.45521e-27
1.94097e-13 8.4649e-33 1.45521e-27
2.03018e-13 1.11557e-32 1.4552e-27
2.12349e-13 1.46307e-32 1.45519e-27
2.22109e-13 1.90956e-32 1.45517e-27
2.32317e-13 2.48028e-32 1.45515e-27
2.42995e-13 3.20606e-32 1.45513e-27
2.54163e-13 4.12431e-32 1.4551e-27
2.65845e-13 5.2801e-32 1.45505e-27
2.78063e-13 6.72741e-32 1.455e-27
2.90843e-13 8.53047e-32 1.45493e-27
3.0421e-13 1.07652e-31 1.45485e-27
3.18192e-13 1.35205e-31 1.45474e-27
3.32817e-13 1.69004e-31 1.45461e-27
3.48113e-13 2.1025e-31 1.45444e-27
3.64113e-13 2.60324e-31 1.45423e-27
3.80848e-13 3.208e-31 1.45397e-27
3.98352e-13 3.93462e-31 1.45365e-27
4.16661e-13 4.80311e-31 1.45325e-27
4.35811e-13 5.83577e-31 1.45277e-27
4.55841e-13 7.05723e-31 1.45219e-27
4.76792e-13 8.49448e-31 1.45148e-27
4.98705e-13 1.01767e-30 1.45063e-27
5.21626e-13 1.21355e-30 1.44962e-27
5.45601e-13 1.44041e-30 1.4484e-27
5.70677e-13 1.70176e-30 1.44696e-27
5.96906e-13 2.00126e-30 1.44526e-27
6.2434e-13 2.34263e-30 1.44326e-27
6.53036e-13 2.72964e-30 1.44092e-27
6.8305e-13 3.16602e-30 1.43819e-27
7.14443e-13 3.65541e-30 1.43502e-27
7.4728e-13 4.20123e-30 1.43136e-27
7.81625e-13 4.80664e-30 1.42716e-27
8.1755e-13 5.47441e-30 1.42236e-27
8.55125e-13 6.20683e-30 1.41688e-27
8.94427e-13 7.00561e-30 1.41068e-27
9.35536e-13 7.87176e-30 1.40367e-27
9.78534e-13 8.8055e-30 1.3958e-27
1.02351e-12 9.80618e-30 1.38699e-27
1.07055e-12 1.08722e-29 1.37719e-27
1.11975e-12 1.20008e-29 1.36631e-27
1.17122e-12 1.31882e-29 1.35431e-27
1.22505e-12 1.44297e-29 1.34113e-27
1.28135e-12 1.5719e-29 1.3267e-27
1.34024e-12 1.70491e-29 1.31098e-27
1.40184e-12 1.84117e-29 1.29393e-27
1.46627e-12 1.97974e-29 1.27552e-27
1.53366e-12 2.1196e-29 1.25572e-27
1.60415e-12 2.25965e-29 1.23452e-27
1.67788e-12 2.3987e-29 1.21193e-27
1.755e-12 2.53553e-29 1.18794e-27
1.83566e-12 2.66888e-29 1.16258e-27
1.92003e-12 2.79747e-29 1.1359e-27
2.00827e-12 2.92002e-29 1.10792e-27
2.10058e-12 3.0353e-29 1.07872e-27
2.19712e-12 3.14213e-29 1.04837e-27
2.2981e-12 3.23937e-29 1.01695e-27
2.40373e-12 3.326e-29 9.84552e-28
2.5142e-12 3.40112e-29 9.51292e-28
2.62976e-12 3.46392e-29 9.17281e-28
2.75062e-12 3.51377e-29 8.82642e-28
2.87705e-12 3.55017e-29 8.47504e-28
3.00928e-12 3.57278e-29 8.12003e-28
3.14759e-12 3.58144e-29 7.76275e-28
3.29225e-12 3.57615e-29 7.4046e-28
3.44357e-12 3.55708e-29 7.04699e-28
3.60184e-12 3.52455e-29 6.69128e-28
3.76738e-12 3.47905e-29 6.33882e-28
3.94053e-12 3.42119e-29 5.99092e-28
4.12164e-12 3.35172e-29 5.6488e-28
4.31108e-12 3.2715e-29 5.31363e-28
4.50922e-12 3.1815e-29 4.98648e-28
4.71647e-12 3.08273e-29 4.66833e-28
4.93324e-12 2.97629e-29 4.36006e-28
5.15997e-12 2.8633e-29 4.06243e-28
5.39713e-12 2.74492e-29 3.7761e-28
5.64519e-12 2.62228e-29 3.50161e-28
5.90465e-12 2.49651e-29 3.23938e-28
6.17603e-12 2.36872e-29 2.98973e-28
6.45989e-12 2.23994e-29 2.75286e-28
6.75679e-12 2.11118e-29 2.52886e-28
7.06734e-12 1.98334e-29 2.31774e-28
7.39216e-12 1.85728e-29 2.11941e-28
7.73191e-12 1.73374e-29 1.93368e-28
8.08727e-12 1.61341e-29 1.76031e-28
8.45897e-12 1.49686e-29 1.59897e-28
8.84775e-12 1.38458e-29 1.44928e-28
9.2544e-12 1.27696e-29 1.31082e-28
9.67974e-12 1.17434e-29 1.18313e-28
1.01246e-11 1.07693e-29 1.06569e-28
1.059e-11 9.84887e-30 9.58001e-29
1.10767e-11 8.98302e-30 8.59513e-29
1.15858e-11 8.17193e-30 7.69683e-29
1.21183e-11 7.41519e-30 6.87963e-29
1.26753e-11 6.71194e-30 6.13811e-29
1.32578e-11 6.06084e-30 5.46692e-29
1.38672e-11 5.46023e-30 4.86084e-29
1.45045e-11 4.90812e-30 4.31481e-29
1.51711e-11 4.4023e-30 3.824e-29
1.58684e-11 3.94039e-30 3.38377e-29
1.65978e-11 3.5199e-30 2.98973e-29
1.73606e-11 3.13826e-30 2.63774e-29
1.81585e-11 2.79288e-30 2.32392e-29
1.89931e-11 2.48116e-30 2.04463e-29
1.9866e-11 2.20057e-30 1.79651e-29
2.07791e-11 1.94863e-30 1.57645e-29
2.17341e-11 1.72296e-30 1.38159e-29
2.2733e-11 1.52129e-30 1.2093e-29
2.37779e-11 1.34144e-30 1.05717e-29
2.48707e-11 1.18139e-30 9.23022e-30
2.60138e-11 1.03924e-30 8.04883e-30
2.72094e-11 9.13202e-31 7.00959e-30
2.846e-11 8.01654e-31 6.09639e-30
2.9768e-11 7.03086e-31 5.29474e-30
3.11362e-11 6.16117e-31 4.59165e-30
3.25672e-11 5.3949e-31 3.97553e-30
3.40641e-11 4.72062e-31 3.43604e-30
3.56297e-11 4.12801e-31 2.96398e-30
3.72672e-11 3.60774e-31 2.55118e-30
3.89801e-11 3.15145e-31 2.19041e-30
4.07716e-11 2.75163e-31 1.87526e-30
4.26455e-11 2.40159e-31 1.6001e-30
4.46056e-11 2.09537e-31 1.35994e-30
4.66557e-11 1.82767e-31 1.1504e-30
4.88e-11 1.59377e-31 9.67635e-31
5.10429e-11 1.38953e-31 8.08258e-31
5.33889e-11 1.21127e-31 6.69305e-31
5.58427e-11 1.05574e-31 5.48179e-31
5.84093e-11 9.20106e-32 4.42604e-31
6.10938e-11 8.01852e-32 3.50594e-31
6.39017e-11 6.98778e-32 2.70409e-31
6.68387e-11 6.08957e-32 2.00531e-31
6.99107e-11 5.30697e-32 1.39635e-31
7.31239e-11 4.6252e-32 8.65654e-32
7.64847e-11 4.03133e-32 4.03133e-32
