1e-14 0 4.07167e-24
1.04596e-14 0 4.07167e-24
1.09403e-14 0 4.07167e-24
1.14432e-14 0 4.07167e-24
1.19691e-14 0 4.07167e-24
1.25192e-14 0 4.07167e-24
1.30946e-14 0 4.07167e-24
1.36965e-14 0 4.07167e-24
1.4326e-14 0 4.07167e-24
1.49844e-14 0 4.07167e-24
1.56731e-14 0 4.07167e-24
1.63934e-14 0 4.07167e-24
1.71469e-14 0 4.07167e-24
1.7935e-14 0 4.07167e-24
1.87593e-14 0 4.07167e-24
1.96215e-14 0 4.07167e-24
2.05233e-14 0 4.07167e-24
2.14666e-14 8.42556e-43 4.07167e-24
2.24532e-14 1.20029e-41 4.07167e-24
2.34852e-14 3.01918e-41 4.07167e-24
2.45646e-14 6.30778e-41 4.07167e-24
2.56936e-14 1.25414e-40 4.07167e-24
2.68745e-14 2.42519e-40 4.07167e-24
2.81096e-14 4.42629e-40 4.07167e-24
2.94016e-14 8.00543e-40 4.07167e-24
3.07529e-14 1.42938e-39 4.07167e-24
3.21663e-14 2.53964e-39 4.07167e-24
3.36447e-14 4.48985e-39 4.07167e-24
3.51911e-14 7.84539e-39 4.07167e-24
3.68085e-14 1.36136e-38 4.07167e-24
3.85002e-14 2.35126e-38 4.07167e-24
4.02698e-14 4.0378e-38 4.07167e-24
4.21206e-14 6.89594e-38 4.07167e-24
4.40565e-14 1.17168e-37 4.07167e-24
4.60814e-14 1.98051e-37 4.07167e-24
4.81993e-14 3.33027e-37 4.07167e-24
5.04146e-14 5.57111e-37 4.07167e-24
5.27317e-14 9.27151e-37 4.07167e-24
5.51553e-14 1.53503e-36 4.07167e-24
5.76903e-14 2.52833e-36 4.07167e-24
6.03418e-14 4.14293e-36 4.07167e-24
6.31151e-14 6.7536e-36 4.07167e-24
6.6016e-14 1.09525e-35 4.07167e-24
6.90501e-14 1.76705e-35 4.07167e-24
7.22237e-14 2.83617e-35 4.07167e-24
7.55432e-14 4.52864e-35 4.07167e-24
7.90152e-14 7.19374e-35 4.07167e-24
8.26468e-14 1.13682e-34 4.07167e-24
8.64453e-14 1.78722e-34 4.07167e-24
9.04184e-14 2.79521e-34 4.07167e-24
9.45742e-14 4.34911e-34 4.07167e-24
9.89209e-14 6.73188e-34 4.07167e-24
1.03467e-13 1.03662e-33 4.07167e-24
1.08223e-13 1.58802e-33 4.07167e-24
1.13197e-13 2.42014e-33 4.07167e-24
1.18399e-13 3.66923e-33 4.07167e-24
1.23841e-13 5.53427e-33 4.07167e-24
1.29533e-13 8.30418e-33 4.07167e-24
1.35487e-13 1.23961e-32 4.07167e-24
1.41714e-13 1.84088e-32 4.07167e-24
1.48227e-13 2.7197e-32 4.07167e-24
1.5504e-13 3.99732e-32 4.07167e-24
1.62165e-13 5.84484e-32 4.07167e-24
1.69619e-13 8.50224e-32 4.07167e-24
1.77414e-13 1.23042e-31 4.07167e-24
1.85568e-13 1.77145e-31 4.07167e-24
1.94097e-13 2.53728e-31 4.07167e-24
2.03018e-13 3.6155e-31 4.07167e-24
2.12349e-13 5.12546e-31 4.07167e-24
2.22109e-13 7.22874e-31 4.07167e-24
2.32317e-13 1.01429e-30 4.07167e-24
2.42995e-13 1.41588e-30 4.07167e-24
2.54163e-13 1.96637e-30 4.07167e-24
2.65845e-13 2.71693e-30 4.07167e-24
2.78063e-13 3.73481e-30 4.07166e-24
2.90843e-13 5.10782e-30 4.07166e-24
3.0421e-13 6.95e-30 4.07165e-24
3.18192e-13 9.40844e-30 4.07165e-24
3.32817e-13 1.26718e-29 4.07164e-24
3.48113e-13 1.69803e-29 4.07163e-24
3.64113e-13 2.26385e-29 4.07161e-24
3.80848e-13 3.00293e-29 4.07159e-24
3.98352e-13 3.96315e-29 4.07156e-24
4.16661e-13 5.20402e-29 4.07152e-24
4.35811e-13 6.79897e-29 4.07146e-24
4.55841e-13 8.83805e-29 4.0714e-24
4.76792e-13 1.1431e-28 4.07131e-24
4.98705e-13 1.47104e-28 4.07119e-24
5.21626e-13 1.8836e-28 4.07105e-24
5.45601e-13 2.39981e-28 4.07086e-24
5.70677e-13 3.04225e-28 4.07062e-24
5.96906e-13 3.83748e-28 4.07031e-24
6.2434e-13 4.81653e-28 4.06993e-24
6.53036e-13 6.01541e-28 4.06945e-24
6.8305e-13 7.47555e-28 4.06885e-24
7.14443e-13 9.24427e-28 4.0681e-24
7.4728e-13 1.13752e-27 4.06717e-24
7.81625e-13 1.39286e-27 4.06604e-24
8.1755e-13 1.69716e-27 4.06464e-24
8.55125e-13 2.05784e-27 4.06295e-24
8.94427e-13 2.48301e-27 4.06089e-24
9.35536e-13 2.98145e-27 4.05841e-24
9.78534e-13 3.56261e-27 4.05543e-24
1.02351e-12 4.23646e-27 4.05186e-24
1.07055e-12 5.01349e-27 4.04763e-24
1.11975e-12 5.90452e-27 4.04261e-24
1.17122e-12 6.9206e-27 4.03671e-24
1.22505e-12 8.07279e-27 4.02979e-24
1.28135e-12 9.37197e-27 4.02171e-24
1.34024e-12 1.08286e-26 4.01234e-24
1.40184e-12 1.24525e-26 4.00151e-24
1.46627e-12 1.42524e-26 3.98906e-24
1.53366e-12 1.62359e-26 3.97481e-24
1.60415e-12 1.84089e-26 3.95857e-24
1.67788e-12 2.07755e-26 3.94016e-24
1.755e-12 2.33374e-26 3.91939e-24
1.83566e-12 2.60941e-26 3.89605e-24
1.92003e-12 2.9042e-26 3.86996e-24
2.00827e-12 3.21748e-26 3.84092e-24
2.10058e-12 3.54827e-26 3.80874e-24
2.19712e-12 3.89527e-26 3.77326e-24
2.2981e-12 4.25687e-26 3.73431e-24
2.40373e-12 4.63107e-26 3.69174e-24
2.5142e-12 5.01558e-26 3.64543e-24
2.62976e-12 5.40779e-26 3.59527e-24
2.75062e-12 5.80479e-26 3.54119e-24
2.87705e-12 6.20342e-26 3.48314e-24
3.00928e-12 6.6003e-26 3.42111e-24
3.14759e-12 6.99191e-26 3.35511e-24
3.29225e-12 7.37458e-26 3.28519e-24
3.44357e-12 7.74462e-26 3.21144e-24
3.60184e-12 8.09831e-26 3.134e-24
3.76738e-12 8.43203e-26 3.05301e-24
3.94053e-12 8.7423e-26 2.96869e-24
4.12164e-12 9.02582e-26 2.88127e-24
4.31108e-12 9.27958e-26 2.79101e-24
4.50922e-12 9.50086e-26 2.69822e-24
4.71647e-12 9.68732e-26 2.60321e-24
4.93324e-12 9.83705e-26 2.50633e-24
5.15997e-12 9.94855e-26 2.40796e-24
5.39713e-12 1.00208e-25 2.30848e-24
5.64519e-12 1.00534e-25 2.20827e-24
5.90465e-12 1.00461e-25 2.10774e-24
6.17603e-12 9.9995e-26 2.00727e-24
6.45989e-12 9.9145e-26 1.90728e-24
6.75679e-12 9.79246e-26 1.80813e-24
7.06734e-12 9.63515e-26 1.71021e-24
7.39216e-12 9.44473e-26 1.61386e-24
7.73191e-12 9.22367e-26 1.51941e-24
8.08727e-12 8.97471e-26 1.42717e-24
8.45897e-12 8.70082e-26 1.33743e-24
8.84775e-12 8.40511e-26 1.25042e-24
9.2544e-12 8.09081e-26 1.16637e-24
9.67974e-12 7.7612e-26 1.08546e-24
1.01246e-11 7.41953e-26 1.00785e-24
1.059e-11 7.06902e-26 9.33653e-25
1.10767e-11 6.71277e-26 8.62963e-25
1.15858e-11 6.35375e-26 7.95835e-25
1.21183e-11 5.99473e-26 7.32298e-25
1.26753e-11 5.63831e-26 6.7235e-25
1.32578e-11 5.28683e-26 6.15967e-25
1.38672e-11 4.9424e-26 5.63099e-25
1.45045e-11 4.60687e-26 5.13675e-25
1.51711e-11 4.28183e-26 4.67606e-25
1.58684e-11 3.96862e-26 4.24788e-25
1.65978e-11 3.66832e-26 3.85102e-25
1.73606e-11 3.38179e-26 3.48418e-25
1.81585e-11 3.10962e-26 3.14601e-25
1.89931e-11 2.85223e-26 2.83504e-25
1.9866e-11 2.60982e-26 2.54982e-25
2.07791e-11 2.38242e-26 2.28884e-25
2.17341e-11 2.16992e-26 2.0506e-25
2.2733e-11 1.97205e-26 1.83361e-25
2.37779e-11 1.78844e-26 1.6364e-25
2.48707e-11 1.61863e-26 1.45756e-25
2.60138e-11 1.46208e-26 1.29569e-25
2.72094e-11 1.31818e-26 1.14949e-25
2.846e-11 1.1863e-26 1.01767e-25
2.9768e-11 1.06575e-26 8.99037e-26
3.11362e-11 9.55857e-27 7.92462e-26
3.25672e-11 8.55922e-27 6.96877e-26
3.40641e-11 7.65258e-27 6.11284e-26
3.56297e-11 6.8319e-27 5.34759e-26
3.72672e-11 6.0906e-27 4.6644e-26
3.89801e-11 5.42238e-27 4.05534e-26
4.07716e-11 4.82119e-27 3.5131e-26
4.26455e-11 4.28129e-27 3.03098e-26
4.46056e-11 3.79727e-27 2.60285e-26
4.66557e-11 3.36408e-27 2.22312e-26
4.88e-11 2.97698e-27 1.88671e-26
5.10429e-11 2.63159e-27 1.58902e-26
5.33889e-11 2.32385e-27 1.32586e-26
5.58427e-11 2.05003e-27 1.09347e-26
5.84093e-11 1.80671e-27 8.8847e-27
6.10938e-11 1.59077e-27 7.07799e-27
6.39017e-11 1.39934e-27 5.48722e-27
6.68387e-11 1.22985e-27 4.08788e-27
6.99107e-11 1.07994e-27 2.85803e-27
7.31239e-11 9.47494e-28 1.77809e-27
7.64847e-11 8.30598e-28 8.30598e-28
