1e-14 0 1.95806e-26
1.04596e-14 0 1.95806e-26
1.09403e-14 0 1.95806e-26
1.14432e-14 0 1.95806e-26
1.19691e-14 0 1.95806e-26
1.25192e-14 0 1.95806e-26
1.30946e-14 0 1.95806e-26
1.36965e-14 0 1.95806e-26
1.4326e-14 0 1.95806e-26
1.49844e-14 0 1.95806e-26
1.56731e-14 0 1.95806e-26
1.63934e-14 0 1.95806e-26
1.71469e-14 0 1.95806e-26
1.7935e-14 0 1.95806e-26
1.87593e-14 0 1.95806e-26
1.96215e-14 0 1.95806e-26
2.05233e-14 0 1.95806e-26
2.14666e-14 5.8931e-42 1.95806e-26
2.24532e-14 9.21691e-41 1.95806e-26
2.34852e-14 2.25869e-40 1.95806e-26
2.45646e-14 4.52891e-40 1.95806e-26
2.56936e-14 8.59149e-40 1.95806e-26
2.68745e-14 1.58211e-39 1.95806e-26
2.81096e-14 2.72241e-39 1.95806e-26
2.94016e-14 4.64882e-39 1.95806e-26
3.07529e-14 7.82887e-39 1.95806e-26
3.21663e-14 1.31177e-38 1.95806e-26
3.36447e-14 2.1849e-38 1.95806e-26
3.51911e-14 3.5879e-38 1.95806e-26
3.68085e-14 5.84681e-38 1.95806e-26
3.85002e-14 9.48188e-38 1.95806e-26
4.02698e-14 1.52829e-37 1.95806e-26
4.21206e-14 2.44909e-37 1.95806e-26
4.40565e-14 3.90378e-37 1.95806e-26
4.60814e-14 6.18933e-37 1.95806e-26
4.81993e-14 9.76003e-37 1.95806e-26
5.04146e-14 1.53094e-36 1.95806e-26
5.27317e-14 2.38858e-36 1.95806e-26
5.51553e-14 3.70699e-36 1.95806e-26
5.76903e-14 5.72263e-36 1.95806e-26
6.03418e-14 8.78765e-36 1.95806e-26
6.31151e-14 1.34232e-35 1.95806e-26
6.6016e-14 2.03959e-35 1.95806e-26
6.90501e-14 3.08274e-35 1.95806e-26
7.22237e-14 4.63492e-35 1.95806e-26
7.55432e-14 6.93202e-35 1.95806e-26
7.90152e-14 1.03131e-34 1.95806e-26
8.26468e-14 1.52629e-34 1.95806e-26
8.64453e-14 2.247e-34 1.95806e-26
9.04184e-14 3.2907e-34 1.95806e-26
9.45742e-14 4.79398e-34 1.95806e-26
9.89209e-14 6.94749e-34 1.95806e-26
1.03467e-13 1.00158e-33 1.95806e-26
1.08223e-13 1.43639e-33 1.95806e-26
1.13197e-13 2.04923e-33 1.95806e-26
1.18399e-13 2.90833e-33 1.95806e-26
1.23841e-13 4.10611e-33 1.95806e-26
1.29533e-13 5.76708e-33 1.95806e-26
1.35487e-13 8.05792e-33 1.95806e-26
1.41714e-13 1.12004e-32 1.95806e-26
1.48227e-13 1.54878e-32 1.95806e-26
1.5504e-13 2.13056e-32 1.95805e-26
1.62165e-13 2.91576e-32 1.95805e-26
1.69619e-13 3.96975e-32 1.95805e-26
1.77414e-13 5.37689e-32 1.95805e-26
1.85568e-13 7.24537e-32 1.95804e-26
1.94097e-13 9.71298e-32 1.95803e-26
2.03018e-13 1.29542e-31 1.95802e-26
2.12349e-13 1.71886e-31 1.95801e-26
2.22109e-13 2.26903e-31 1.95799e-26
2.32317e-13 2.98001e-31 1.95797e-26
2.42995e-13 3.89382e-31 1.95794e-26
2.54163e-13 5.06192e-31 1.9579e-26
2.65845e-13 6.54699e-31 1.95785e-26
2.78063e-13 8.42478e-31 1.95779e-26
2.90843e-13 1.07862e-30 1.9577e-26
3.0421e-13 1.37397e-30 1.95759e-26
3.18192e-13 1.74135e-30 1.95746e-26
3.32817e-13 2.19584e-30 1.95728e-26
3.48113e-13 2.75503e-30 1.95706e-26
3.64113e-13 3.43925e-30 1.95679e-26
3.80848e-13 4.27189e-30 1.95644e-26
3.98352e-13 5.27956e-30 1.95602e-26
4.16661e-13 6.49234e-30 1.95549e-26
4.35811e-13 7.94395e-30 1.95484e-26
4.55841e-13 9.67179e-30 1.95404e-26
4.76792e-13 1.1717e-29 1.95308e-26
4.98705e-13 1.41245e-29 1.95191e-26
5.21626e-13 1.69425e-29 1.95049e-26
5.45601e-13 2.02227e-29 1.9488e-26
5.70677e-13 2.40192e-29 1.94678e-26
5.96906e-13 2.83886e-29 1.94437e-26
6.2434e-13 3.33887e-29 1.94154e-26
6.53036e-13 3.9078e-29 1.9382e-26
6.8305e-13 4.5514e-29 1.93429e-26
7.14443e-13 5.27528e-29 1.92974e-26
7.4728e-13 6.0847e-29 1.92446e-26
7.81625e-13 6.98444e-29 1.91838e-26
8.1755e-13 7.97865e-29 1.91139e-26
8.55125e-13 9.07065e-29 1.90341e-26
8.94427e-13 1.02628e-28 1.89434e-26
9.35536e-13 1.15562e-28 1.88408e-26
9.78534e-13 1.29508e-28 1.87252e-26
1.02351e-12 1.4445e-28 1.85957e-26
1.07055e-12 1.60355e-28 1.84513e-26
1.11975e-12 1.77173e-28 1.82909e-26
1.17122e-12 1.94838e-28 1.81138e-26
1.22505e-12 2.13263e-28 1.79189e-26
1.28135e-12 2.32344e-28 1.77057e-26
1.34024e-12 2.51959e-28 1.74733e-26
1.40184e-12 2.71968e-28 1.72214e-26
1.46627e-12 2.92216e-28 1.69494e-26
1.53366e-12 3.12534e-28 1.66572e-26
1.60415e-12 3.32741e-28 1.63446e-26
1.67788e-12 3.52646e-28 1.60119e-26
1.755e-12 3.72054e-28 1.56593e-26
1.83566e-12 3.90763e-28 1.52872e-26
1.92003e-12 4.08578e-28 1.48964e-26
2.00827e-12 4.25301e-28 1.44879e-26
2.10058e-12 4.40748e-28 1.40626e-26
2.19712e-12 4.54744e-28 1.36218e-26
2.2981e-12 4.67127e-28 1.31671e-26
2.40373e-12 4.77757e-28 1.26999e-26
2.5142e-12 4.86512e-28 1.22222e-26
2.62976e-12 4.93294e-28 1.17357e-26
2.75062e-12 4.9803e-28 1.12424e-26
2.87705e-12 5.00674e-28 1.07443e-26
3.00928e-12 5.01207e-28 1.02437e-26
3.14759e-12 4.99636e-28 9.74246e-27
3.29225e-12 4.95997e-28 9.24283e-27
3.44357e-12 4.90349e-28 8.74683e-27
3.60184e-12 4.82779e-28 8.25648e-27
3.76738e-12 4.73392e-28 7.7737e-27
3.94053e-12 4.62317e-28 7.30031e-27
4.12164e-12 4.49696e-28 6.83799e-27
4.31108e-12 4.35687e-28 6.3883e-27
4.50922e-12 4.20459e-28 5.95261e-27
4.71647e-12 4.04188e-28 5.53215e-27
4.93324e-12 3.87054e-28 5.12796e-27
5.15997e-12 3.69238e-28 4.74091e-27
5.39713e-12 3.50918e-28 4.37167e-27
5.64519e-12 3.3227e-28 4.02075e-27
5.90465e-12 3.13461e-28 3.68848e-27
6.17603e-12 2.94647e-28 3.37502e-27
6.45989e-12 2.75975e-28 3.08038e-27
6.75679e-12 2.57579e-28 2.8044e-27
7.06734e-12 2.39577e-28 2.54682e-27
7.39216e-12 2.22077e-28 2.30725e-27
7.73191e-12 2.05167e-28 2.08517e-27
8.08727e-12 1.88922e-28 1.88e-27
8.45897e-12 1.73405e-28 1.69108e-27
8.84775e-12 1.58661e-28 1.51767e-27
9.2544e-12 1.44723e-28 1.35901e-27
9.67974e-12 1.31612e-28 1.21429e-27
1.01246e-11 1.19337e-28 1.08268e-27
1.059e-11 1.07898e-28 9.63342e-28
1.10767e-11 9.72839e-29 8.55444e-28
1.15858e-11 8.74772e-29 7.58161e-28
1.21183e-11 7.84534e-29 6.70683e-28
1.26753e-11 7.01826e-29 5.9223e-28
1.32578e-11 6.26306e-29 5.22047e-28
1.38672e-11 5.57601e-29 4.59417e-28
1.45045e-11 4.95315e-29 4.03657e-28
1.51711e-11 4.39039e-29 3.54125e-28
1.58684e-11 3.88356e-29 3.10221e-28
1.65978e-11 3.42852e-29 2.71386e-28
1.73606e-11 3.02119e-29 2.37101e-28
1.81585e-11 2.65759e-29 2.06889e-28
1.89931e-11 2.33391e-29 1.80313e-28
1.9866e-11 2.04649e-29 1.56974e-28
2.07791e-11 1.79191e-29 1.36509e-28
2.17341e-11 1.56691e-29 1.1859e-28
2.2733e-11 1.36849e-29 1.02921e-28
2.37779e-11 1.19387e-29 8.92357e-29
2.48707e-11 1.04049e-29 7.7297e-29
2.60138e-11 9.05985e-30 6.68921e-29
2.72094e-11 7.8824e-30 5.78323e-29
2.846e-11 6.85316e-30 4.99499e-29
2.9768e-11 5.95473e-30 4.30967e-29
3.11362e-11 5.17145e-30 3.7142e-29
3.25672e-11 4.48933e-30 3.19705e-29
3.40641e-11 3.89592e-30 2.74812e-29
3.56297e-11 3.38013e-30 2.35853e-29
3.72672e-11 2.93215e-30 2.02052e-29
3.89801e-11 2.54334e-30 1.7273e-29
4.07716e-11 2.20606e-30 1.47297e-29
4.26455e-11 1.91362e-30 1.25236e-29
4.46056e-11 1.66016e-30 1.061e-29
4.66557e-11 1.44053e-30 8.94983e-30
4.88e-11 1.25026e-30 7.5093e-30
5.10429e-11 1.08543e-30 6.25904e-30
5.33889e-11 9.42658e-31 5.17361e-30
5.58427e-11 8.18975e-31 4.23095e-30
5.84093e-11 7.11818e-31 3.41198e-30
6.10938e-11 6.18964e-31 2.70016e-30
6.39017e-11 5.38484e-31 2.08119e-30
6.68387e-11 4.68709e-31 1.54271e-30
6.99107e-11 4.08194e-31 1.074e-30
7.31239e-11 3.5569e-31 6.65808e-31
7.64847e-11 3.10118e-31 3.10118e-31
