0, 0, 0, 0, 0, 0, 0, 0, 0, 8.71562e-31, 2.46023e-27, 6.08187e-25, 4.37156e-23, 1.30933e-21, 2.06789e-20, 2.02105e-19, 1.36717e-18, 6.9366e-18, 2.8001e-17, 9.39983e-17, 2.71439e-16, 6.92229e-16, 1.59175e-15, 3.35561e-15, 6.57383e-15, 1.21022e-14, 2.11334e-14, 3.52872e-14, 5.67369e-14, 8.84063e-14, 1.34297e-13, 2.00038e-13, 2.93779e-13, 4.27603e-13, 6.19598e-13, 8.96734e-13, 1.29857e-12, 1.88165e-12, 2.72433e-12, 3.93151e-12, 5.63862e-12, 8.0142e-12, 1.12604e-11, 1.56108e-11, 2.13257e-11, 2.86837e-11, 3.79721e-11, 4.9474e-11, 6.34553e-11, 8.01514e-11
0, 0, 0, 0, 0, 0, 0, 0, 0, 4.56253e-28, 2.35418e-25, 2.63623e-23, 1.03888e-21, 1.94851e-20, 2.12166e-19, 1.53523e-18, 8.11489e-18, 3.35378e-17, 1.13938e-16, 3.30394e-16, 8.41698e-16, 1.92669e-15, 4.03408e-15, 7.83761e-15, 1.42962e-14, 2.47218e-14, 4.08645e-14, 6.50322e-14, 1.00281e-13, 1.50732e-13, 2.2211e-13, 3.22637e-13, 4.64436e-13, 6.65631e-13, 9.53268e-13, 1.3671e-12, 1.9641e-12, 2.82344e-12, 4.05131e-12, 5.78506e-12, 8.19576e-12, 1.14886e-11, 1.59008e-11, 2.16959e-11, 2.91561e-11, 3.85712e-11, 5.02261e-11, 6.4387e-11, 8.12879e-11, 1.01118e-10
0, 0, 0, 0, 0, 0, 0, 0, 5.90425e-29, 8.03227e-26, 1.5529e-23, 8.44896e-22, 1.92204e-20, 2.34936e-19, 1.82e-18, 9.99852e-18, 4.21476e-17, 1.44294e-16, 4.18388e-16, 1.06048e-15, 2.40762e-15, 4.99014e-15, 9.58652e-15, 1.72806e-14, 2.95245e-14, 4.8218e-14, 7.58218e-14, 1.15541e-13, 1.71637e-13, 2.49962e-13, 3.58847e-13, 5.10526e-13, 7.23259e-13, 1.02432e-12, 1.45388e-12, 2.06966e-12, 2.95204e-12, 4.20905e-12, 5.98053e-12, 8.44077e-12, 1.17988e-11, 1.62958e-11, 2.21997e-11, 2.97961e-11, 3.93778e-11, 5.1231e-11, 6.56219e-11, 8.27825e-11, 1.02898e-10, 1.26095e-10
0, 0, 0, 0, 0, 0, 0, 4.11391e-30, 2.30795e-26, 8.8901e-24, 7.1069e-22, 2.01032e-20, 2.77882e-19, 2.30301e-18, 1.30942e-17, 5.59893e-17, 1.92057e-16, 5.53788e-16, 1.3896e-15, 3.11501e-15, 6.36592e-15, 1.20509e-14, 2.1403e-14, 3.60361e-14, 5.80175e-14, 8.99755e-14, 1.35279e-13, 1.98345e-13, 2.85179e-13, 4.04264e-13, 5.68012e-13, 7.94929e-13, 1.11268e-12, 1.56212e-12, 2.20203e-12, 3.11449e-12, 4.4099e-12, 6.23132e-12, 8.757e-12, 1.22005e-11, 1.6808e-11, 2.28518e-11, 3.06219e-11, 4.04137e-11, 5.25148e-11, 6.71905e-11, 8.46699e-11, 1.05133e-10, 1.287e-10, 1.55423e-10
0, 0, 0, 0, 0, 0, 2.03664e-32, 5.19671e-27, 4.91086e-24, 6.26411e-22, 2.26873e-20, 3.56888e-19, 3.15385e-18, 1.84299e-17, 7.93049e-17, 2.70474e-16, 7.70142e-16, 1.90123e-15, 4.18541e-15, 8.39433e-15, 1.55959e-14, 2.71978e-14, 4.49953e-14, 7.12368e-14, 1.08728e-13, 1.61008e-13, 2.32667e-13, 3.29879e-13, 4.61327e-13, 6.3967e-13, 8.83782e-13, 1.22192e-12, 1.69585e-12, 2.36588e-12, 3.31623e-12, 4.66039e-12, 6.54537e-12, 9.15422e-12, 1.27059e-11, 1.74522e-11, 2.36707e-11, 3.16558e-11, 4.17057e-11, 5.41089e-11, 6.91293e-11, 8.69917e-11, 1.0787e-10, 1.31874e-10, 1.59047e-10, 1.89358e-10
0, 0, 0, 0, 0, 0, 8.12157e-28, 2.59039e-24, 5.89932e-22, 2.83056e-20, 5.08604e-19, 4.75635e-18, 2.82544e-17, 1.20988e-16, 4.06078e-16, 1.13158e-15, 2.72728e-15, 5.85781e-15, 1.14669e-14, 2.08128e-14, 3.55004e-14, 5.75199e-14, 8.93064e-14, 1.33843e-13, 1.94843e-13, 2.77071e-13, 3.86897e-13, 5.33242e-13, 7.29099e-13, 9.93845e-13, 1.35653e-12, 1.8602e-12, 2.56706e-12, 3.56413e-12, 4.96869e-12, 6.93258e-12, 9.64459e-12, 1.333e-11, 1.82469e-11, 2.46791e-11, 3.29253e-11, 4.32866e-11, 5.60519e-11, 7.14823e-11, 8.97976e-11, 1.11163e-10, 1.35678e-10, 1.63374e-10, 1.94204e-10, 2.28049e-10
0, 0, 0, 0, 0, 7.02157e-29, 1.28414e-24, 6.11916e-22, 4.04255e-20, 8.2801e-19, 8.07576e-18, 4.79482e-17, 2.01123e-16, 6.55329e-16, 1.76692e-15, 4.11861e-15, 8.56431e-15, 1.62589e-14, 2.86781e-14, 4.76372e-14, 7.53218e-14, 1.14346e-13, 1.6786e-13, 2.39742e-13, 3.34934e-13, 4.60025e-13, 6.24226e-13, 8.40959e-13, 1.13026e-12, 1.52225e-12, 2.06158e-12, 2.81292e-12, 3.86676e-12, 5.34502e-12, 7.40534e-12, 1.02433e-11, 1.40915e-11, 1.92153e-11, 2.59049e-11, 3.44641e-11, 4.51963e-11, 5.839e-11, 7.43028e-11, 9.31472e-11, 1.15078e-10, 1.40183e-10, 1.68477e-10, 1.99898e-10, 2.3431e-10, 2.71509e-10
0, 0, 0, 0, 1.95751e-30, 5.82926e-25, 7.34776e-22, 6.95762e-20, 1.60206e-18, 1.5875e-17, 9.18093e-17, 3.69026e-16, 1.14661e-15, 2.94878e-15, 6.57227e-15, 1.3111e-14, 2.39636e-14, 4.08344e-14, 6.5742e-14, 1.01047e-13, 1.49517e-13, 2.14443e-13, 2.99855e-13, 4.10875e-13, 5.54337e-13, 7.39812e-13, 9.81268e-13, 1.29961e-12, 1.72629e-12, 2.30807e-12, 3.11266e-12, 4.23483e-12, 5.80212e-12, 7.9791e-12, 1.09693e-11, 1.50137e-11, 2.03858e-11, 2.73829e-11, 3.63136e-11, 4.74837e-11, 6.11799e-11, 7.76547e-11, 9.71115e-11, 1.19693e-10, 1.45471e-10, 1.74443e-10, 2.0653e-10, 2.41577e-10, 2.79362e-10, 3.196e-10
0, 0, 0, 0, 2.31296e-25, 1.11426e-21, 1.56089e-19, 3.8893e-18, 3.74123e-17, 2.02729e-16, 7.57503e-16, 2.19303e-15, 5.28535e-15, 1.11125e-14, 2.1046e-14, 3.67331e-14, 6.0084e-14, 9.32792e-14, 1.38806e-13, 1.9954e-13, 2.7888e-13, 3.80991e-13, 5.11189e-13, 6.76596e-13, 8.87234e-13, 1.15778e-12, 1.51024e-12, 1.97779e-12, 2.60981e-12, 3.4778e-12, 4.68176e-12, 6.35597e-12, 8.67321e-12, 1.18462e-11, 1.61256e-11, 2.17939e-11, 2.91559e-11, 3.8525e-11, 5.02083e-11, 6.44898e-11, 8.16149e-11, 1.01776e-10, 1.25099e-10, 1.5164e-10, 1.81376e-10, 2.14205e-10, 2.49955e-10, 2.88381e-10, 3.29185e-10, 3.72017e-10
0, 0, 0, 7.29859e-26, 2.51652e-21, 5.1663e-19, 1.27554e-17, 1.10191e-16, 5.28155e-16, 1.76083e-15, 4.6131e-15, 1.02017e-14, 1.99227e-14, 3.54101e-14, 5.8504e-14, 9.12431e-14, 1.35887e-13, 1.94978e-13, 2.71441e-13, 3.68759e-13, 4.91228e-13, 6.44393e-13, 8.35745e-13, 1.07589e-12, 1.3804e-12, 1.77272e-12, 2.28822e-12, 2.97951e-12, 3.92277e-12, 5.22436e-12, 7.02662e-12, 9.51198e-12, 1.29038e-11, 1.74637e-11, 2.3484e-11, 3.12772e-11, 4.11612e-11, 5.34434e-11, 6.84033e-11, 8.62767e-11, 1.07241e-10, 1.31407e-10, 1.58806e-10, 1.89393e-10, 2.23044e-10, 2.59562e-10, 2.98685e-10, 3.40094e-10, 3.83426e-10, 4.28289e-10
0, 0, 1.45032e-26, 1.19814e-20, 3.07866e-18, 6.21486e-17, 4.23402e-16, 1.65298e-15, 4.66429e-15, 1.06802e-14, 2.11658e-14, 3.77614e-14, 6.22398e-14, 9.6494e-14, 1.4256e-13, 2.02672e-13, 2.79353e-13, 3.75548e-13, 4.94819e-13, 6.41642e-13, 8.21867e-13, 1.04348e-12, 1.31784e-12, 1.66173e-12, 2.10039e-12, 2.67194e-12, 3.43307e-12, 4.46567e-12, 5.88377e-12, 7.83935e-12, 1.05261e-11, 1.41798e-11, 1.90738e-11, 2.55115e-11, 3.38131e-11, 4.43003e-11, 5.7279e-11, 7.3022e-11, 9.17525e-11, 1.13631e-10, 1.38745e-10, 1.67102e-10, 1.98632e-10, 2.33184e-10, 2.70537e-10, 3.10406e-10, 3.52454e-10, 3.96304e-10, 4.41553e-10, 4.87784e-10
0, 7.30395e-28, 2.77068e-19, 4.46139e-17, 4.94052e-16, 2.17014e-15, 6.20366e-15, 1.39516e-14, 2.69269e-14, 4.67244e-14, 7.49833e-14, 1.13389e-13, 1.63711e-13, 2.27863e-13, 3.07993e-13, 4.06593e-13, 5.26661e-13, 6.71909e-13, 8.47093e-13, 1.05851e-12, 1.31482e-12, 1.62841e-12, 2.01759e-12, 2.50991e-12, 3.14696e-12, 3.99045e-12, 5.12929e-12, 6.68674e-12, 8.82626e-12, 1.17547e-11, 1.57217e-11, 2.10142e-11, 2.79467e-11, 3.6847e-11, 4.80393e-11, 6.18261e-11, 7.84702e-11, 9.81787e-11, 1.2109e-10, 1.47267e-10, 1.76689e-10, 2.09255e-10, 2.44787e-10, 2.83036e-10, 3.23694e-10, 3.66406e-10, 4.10781e-10, 4.56407e-10, 5.02863e-10, 5.49729e-10
0, 2.1032e-16, 1.90738e-15, 6.12158e-15, 1.38594e-14, 2.63989e-14, 4.51828e-14, 7.16406e-14, 1.07164e-13, 1.53149e-13, 2.11057e-13, 2.82483e-13, 3.69239e-13, 4.73453e-13, 5.97694e-13, 7.45136e-13, 9.19791e-13, 1.12686e-12, 1.37328e-12, 1.66864e-12, 2.02667e-12, 2.46762e-12, 3.02201e-12, 3.73573e-12, 4.67671e-12, 5.94245e-12, 7.66734e-12, 1.00284e-11, 1.32477e-11, 1.75907e-11, 2.33589e-11, 3.08783e-11, 4.04837e-11, 5.24996e-11, 6.72222e-11, 8.49003e-11, 1.05721e-10, 1.29796e-10, 1.57157e-10, 1.87753e-10, 2.21448e-10, 2.58035e-10, 2.97235e-10, 3.38717e-10, 3.82107e-10, 4.27001e-10, 4.7298e-10, 5.19619e-10, 5.66506e-10, 6.13242e-10
5.08453e-14, 5.41916e-14, 6.4405e-14, 8.23916e-14, 1.08795e-13, 1.44143e-13, 1.89168e-13, 2.44806e-13, 3.12168e-13, 3.92556e-13, 4.87514e-13, 5.98904e-13, 7.28996e-13, 8.80597e-13, 1.05723e-12, 1.26336e-12, 1.50485e-12, 1.78947e-12, 2.12803e-12, 2.53595e-12, 3.036e-12, 3.66236e-12, 4.46633e-12, 5.52354e-12, 6.94197e-12, 8.8694e-12, 1.14988e-11, 1.507e-11, 1.98657e-11, 2.62033e-11, 3.44202e-11, 4.48561e-11, 5.78337e-11, 7.36381e-11, 9.24998e-11, 1.14579e-10, 1.39958e-10, 1.68632e-10, 2.00512e-10, 2.35429e-10, 2.73138e-10, 3.13335e-10, 3.55662e-10, 3.99728e-10, 4.45118e-10, 4.91407e-10, 5.38173e-10, 5.85007e-10, 6.31523e-10, 6.77363e-10
2.94627e-13, 3.0162e-13, 3.2157e-13, 3.5401e-13, 3.98736e-13, 4.55976e-13, 5.26205e-13, 6.10163e-13, 7.08926e-13, 8.23959e-13, 9.57176e-13, 1.11103e-12, 1.2886e-12, 1.49385e-12, 1.7318e-12, 2.00909e-12, 2.33455e-12, 2.72047e-12, 3.18441e-12, 3.75226e-12, 4.46283e-12, 5.37418e-12, 6.57147e-12, 8.17547e-12, 1.03501e-11, 1.33071e-11, 1.73063e-11, 2.26499e-11, 2.96714e-11, 3.87186e-11, 5.01339e-11, 6.42335e-11, 8.12869e-11, 1.01499e-10, 1.25e-10, 1.51831e-10, 1.81949e-10, 2.15224e-10, 2.51446e-10, 2.90336e-10, 3.31559e-10, 3.74736e-10, 4.19457e-10, 4.65299e-10, 5.11835e-10, 5.58647e-10, 6.05335e-10, 6.51527e-10, 6.96884e-10, 7.41103e-10
8.1338e-13, 8.21947e-13, 8.45848e-13, 8.85326e-13, 9.40748e-13, 1.01261e-12, 1.10161e-12, 1.20874e-12, 1.33546e-12, 1.48372e-12, 1.65609e-12, 1.85592e-12, 2.08756e-12, 2.35668e-12, 2.67076e-12, 3.03991e-12, 3.47821e-12, 4.00589e-12, 4.65279e-12, 5.46354e-12, 6.50468e-12, 7.87324e-12, 9.70564e-12, 1.21851e-11, 1.55454e-11, 2.00692e-11, 2.60794e-11, 3.39253e-11, 4.39633e-11, 5.65344e-11, 7.19428e-11, 9.0435e-11, 1.12184e-10, 1.3728e-10, 1.6572e-10, 1.97414e-10, 2.32187e-10, 2.69787e-10, 3.099e-10, 3.52159e-10, 3.96165e-10, 4.41495e-10, 4.87718e-10, 5.34411e-10, 5.81162e-10, 6.27587e-10, 6.73331e-10, 7.18075e-10, 7.61539e-10, 8.03487e-10
1.57091e-12, 1.58088e-12, 1.60907e-12, 1.65594e-12, 1.72219e-12, 1.80884e-12, 1.91729e-12, 2.04931e-12, 2.2072e-12, 2.39391e-12, 2.61321e-12, 2.87001e-12, 3.17076e-12, 3.52405e-12, 3.94159e-12, 4.43974e-12, 5.04212e-12, 5.78363e-12, 6.71635e-12, 7.91759e-12, 9.49919e-12, 1.16168e-11, 1.44769e-11, 1.83387e-11, 2.351e-11, 3.03357e-11, 3.91795e-11, 5.04024e-11, 6.43383e-11, 8.12713e-11, 1.01417e-10, 1.24906e-10, 1.51781e-10, 1.81988e-10, 2.15385e-10, 2.51747e-10, 2.9078e-10, 3.32132e-10, 3.75409e-10, 4.20194e-10, 4.66053e-10, 5.12556e-10, 5.59284e-10, 6.0584e-10, 6.51857e-10, 6.97002e-10, 7.40981e-10, 7.83542e-10, 8.24472e-10, 8.63601e-10
2.54963e-12, 2.56166e-12, 2.5966e-12, 2.65479e-12, 2.73731e-12, 2.84575e-12, 2.98217e-12, 3.14928e-12, 3.35056e-12, 3.59047e-12, 3.87479e-12, 4.21113e-12, 4.6096e-12, 5.08405e-12, 5.65394e-12, 6.34735e-12, 7.20581e-12, 8.2911e-12, 9.6943e-12, 1.15459e-11, 1.40254e-11, 1.73666e-11, 2.18583e-11, 2.78355e-11, 3.56643e-11, 4.57202e-11, 5.83625e-11, 7.39093e-11, 9.26148e-11, 1.14652e-10, 1.40101e-10, 1.68945e-10, 2.01073e-10, 2.36285e-10, 2.74305e-10, 3.14795e-10, 3.57368e-10, 4.01608e-10, 4.47081e-10, 4.93352e-10, 5.39993e-10, 5.86599e-10, 6.3279e-10, 6.78224e-10, 7.22594e-10, 7.65634e-10, 8.0712e-10, 8.4687e-10, 8.84741e-10, 9.20629e-10
3.78528e-12, 3.80116e-12, 3.84648e-12, 3.92201e-12, 4.02923e-12, 4.1703e-12, 4.34823e-12, 4.567e-12, 4.83187e-12, 5.1497e-12, 5.5296e-12, 5.98377e-12, 6.52895e-12, 7.18874e-12, 7.99726e-12, 9.00485e-12, 1.02861e-11, 1.19498e-11, 1.41503e-11, 1.70959e-11, 2.10533e-11, 2.6344e-11, 3.33314e-11, 4.24007e-11, 5.39328e-11, 6.82761e-11, 8.57212e-11, 1.06479e-10, 1.30668e-10, 1.58303e-10, 1.89303e-10, 2.23489e-10, 2.60602e-10, 3.00314e-10, 3.42244e-10, 3.85975e-10, 4.31073e-10, 4.77096e-10, 5.23611e-10, 5.70204e-10, 6.16487e-10, 6.62108e-10, 7.0675e-10, 7.50138e-10, 7.92039e-10, 8.32262e-10, 8.70655e-10, 9.07103e-10, 9.41531e-10, 9.7389e-10
5.37055e-12, 5.39148e-12, 5.45151e-12, 5.5517e-12, 5.69427e-12, 5.88248e-12, 6.12084e-12, 6.41547e-12, 6.77455e-12, 7.20905e-12, 7.73388e-12, 8.36962e-12, 9.14547e-12, 1.01037e-11, 1.13065e-11, 1.28453e-11, 1.48524e-11, 1.75116e-11, 2.1067e-11, 2.58229e-11, 3.21365e-11, 4.03986e-11, 5.10076e-11, 6.43397e-11, 8.0719e-11, 1.00392e-10, 1.23512e-10, 1.50125e-10, 1.80172e-10, 2.13495e-10, 2.49845e-10, 2.88901e-10, 3.30285e-10, 3.73579e-10, 4.18343e-10, 4.64131e-10, 5.10504e-10, 5.5704e-10, 6.03346e-10, 6.4906e-10, 6.93861e-10, 7.37467e-10, 7.79638e-10, 8.20178e-10, 8.58929e-10, 8.95771e-10, 9.30622e-10, 9.63431e-10, 9.94176e-10, 1.02286e-09
7.44246e-12, 7.47134e-12, 7.55286e-12, 7.68922e-12, 7.88385e-12, 8.14186e-12, 8.47046e-12, 8.87949e-12, 9.38243e-12, 9.99779e-12, 1.07514e-11, 1.16801e-11, 1.28373e-11, 1.43012e-11, 1.61862e-11, 1.86544e-11, 2.19274e-11, 2.62915e-11, 3.20939e-11, 3.97276e-11, 4.96056e-11, 6.21291e-11, 7.76536e-11, 9.64594e-11, 1.1873e-10, 1.44538e-10, 1.73846e-10, 2.06507e-10, 2.42279e-10, 2.80843e-10, 3.21817e-10, 3.64778e-10, 4.09281e-10, 4.54873e-10, 5.01107e-10, 5.47557e-10, 5.93825e-10, 6.39544e-10, 6.8439e-10, 7.28079e-10, 7.70369e-10, 8.11059e-10, 8.49992e-10, 8.87045e-10, 9.22134e-10, 9.55205e-10, 9.86233e-10, 1.01522e-09, 1.04219e-09, 1.06718e-09
1.02149e-11, 1.02553e-11, 1.03695e-11, 1.0561e-11, 1.08353e-11, 1.1201e-11, 1.167e-11, 1.22592e-11, 1.29921e-11, 1.39019e-11, 1.50361e-11, 1.64636e-11, 1.8285e-11, 2.06447e-11, 2.37443e-11, 2.78515e-11, 3.33021e-11, 4.04883e-11, 4.98351e-11, 6.17663e-11, 7.6667e-11, 9.48486e-11, 1.16522e-10, 1.41783e-10, 1.70605e-10, 2.02849e-10, 2.38271e-10, 2.76544e-10, 3.17281e-10, 3.60047e-10, 4.04387e-10, 4.49841e-10, 4.95955e-10, 5.42299e-10, 5.8847e-10, 6.34104e-10, 6.78874e-10, 7.225e-10, 7.6474e-10, 8.05398e-10, 8.44317e-10, 8.81377e-10, 9.16495e-10, 9.49618e-10, 9.80722e-10, 1.00981e-09, 1.0369e-09, 1.06203e-09, 1.08527e-09, 1.10667e-09
1.40309e-11, 1.40892e-11, 1.42551e-11, 1.45344e-11, 1.49365e-11, 1.54763e-11, 1.61751e-11, 1.70634e-11, 1.81848e-11, 1.9602e-11, 2.14062e-11, 2.37283e-11, 2.67536e-11, 3.07334e-11, 3.59913e-11, 4.29168e-11, 5.19445e-11, 6.3519e-11, 7.80532e-11, 9.5887e-11, 1.17255e-10, 1.42269e-10, 1.70906e-10, 2.03023e-10, 2.38366e-10, 2.76593e-10, 3.17299e-10, 3.60034e-10, 4.0433e-10, 4.49714e-10, 4.9573e-10, 5.41941e-10, 5.87948e-10, 6.33389e-10, 6.77944e-10, 7.21336e-10, 7.63335e-10, 8.03749e-10, 8.4243e-10, 8.79264e-10, 9.14173e-10, 9.4711e-10, 9.78054e-10, 1.00701e-09, 1.034e-09, 1.05906e-09, 1.08225e-09, 1.10363e-09, 1.12329e-09, 1.1413e-09
1.94679e-11, 1.95562e-11, 1.98087e-11, 2.02353e-11, 2.08537e-11, 2.16911e-11, 2.2788e-11, 2.42028e-11, 2.60204e-11, 2.8363e-11, 3.1404e-11, 3.53818e-11, 4.06092e-11, 4.74721e-11, 5.64124e-11, 6.78935e-11, 8.23539e-11, 1.00159e-10, 1.21562e-10, 1.4668e-10, 1.75485e-10, 2.07817e-10, 2.43397e-10, 2.81857e-10, 3.22764e-10, 3.65646e-10, 4.10018e-10, 4.55395e-10, 5.01316e-10, 5.47346e-10, 5.93091e-10, 6.38197e-10, 6.82356e-10, 7.25305e-10, 7.66827e-10, 8.06745e-10, 8.44922e-10, 8.81256e-10, 9.15681e-10, 9.48155e-10, 9.78667e-10, 1.00722e-09, 1.03385e-09, 1.0586e-09, 1.08151e-09, 1.10266e-09, 1.12212e-09, 1.13998e-09, 1.15631e-09, 1.1712e-09
2.75529e-11, 2.76947e-11, 2.81005e-11, 2.87896e-11, 2.97965e-11, 3.11748e-11, 3.30046e-11, 3.54021e-11, 3.85334e-11, 4.26282e-11, 4.79917e-11, 5.50063e-11, 6.41186e-11, 7.58073e-11, 9.05332e-11, 1.08682e-10, 1.30518e-10, 1.56151e-10, 1.85533e-10, 2.18468e-10, 2.54637e-10, 2.9363e-10, 3.34975e-10, 3.78172e-10, 4.22714e-10, 4.68108e-10, 5.13888e-10, 5.5963e-10, 6.04949e-10, 6.4951e-10, 6.93026e-10, 7.35255e-10, 7.76e-10, 8.15105e-10, 8.52453e-10, 8.87959e-10, 9.2157e-10, 9.53258e-10, 9.83022e-10, 1.01088e-09, 1.03685e-09, 1.061e-09, 1.08337e-09, 1.10404e-09, 1.12308e-09, 1.14056e-09, 1.15657e-09, 1.17119e-09, 1.18451e-09, 1.19661e-09
4.02212e-11, 4.0463e-11, 4.11578e-11, 4.23447e-11, 4.40935e-11, 4.65131e-11, 4.97629e-11, 5.40668e-11, 5.9725e-11, 6.71162e-11, 7.66882e-11, 8.89278e-11, 1.0431e-10, 1.23233e-10, 1.45958e-10, 1.72573e-10, 2.02985e-10, 2.36942e-10, 2.7406e-10, 3.13869e-10, 3.55849e-10, 3.99465e-10, 4.44189e-10, 4.89524e-10, 5.35011e-10, 5.80242e-10, 6.24858e-10, 6.68551e-10, 7.11065e-10, 7.5219e-10, 7.91759e-10, 8.29644e-10, 8.65754e-10, 9.00026e-10, 9.32427e-10, 9.62946e-10, 9.91591e-10, 1.01839e-09, 1.04338e-09, 1.06661e-09, 1.08815e-09, 1.10805e-09, 1.1264e-09, 1.14327e-09, 1.15874e-09, 1.17289e-09, 1.1858e-09, 1.19754e-09, 1.2082e-09, 1.21786e-09
6.1331e-11, 6.17721e-11, 6.30418e-11, 6.52202e-11, 6.8447e-11, 7.29323e-11, 7.8966e-11, 8.69181e-11, 9.72271e-11, 1.10372e-10, 1.26825e-10, 1.46979e-10, 1.71073e-10, 1.99149e-10, 2.31037e-10, 2.66395e-10, 3.04749e-10, 3.45551e-10, 3.88222e-10, 4.32193e-10, 4.76925e-10, 5.21927e-10, 5.66764e-10, 6.1106e-10, 6.54498e-10, 6.96814e-10, 7.37796e-10, 7.77275e-10, 8.15126e-10, 8.51258e-10, 8.85608e-10, 9.18144e-10, 9.48853e-10, 9.77742e-10, 1.00484e-09, 1.03017e-09, 1.05379e-09, 1.07575e-09, 1.09611e-09, 1.11495e-09, 1.13233e-09, 1.14833e-09, 1.16301e-09, 1.17646e-09, 1.18876e-09, 1.19996e-09, 1.21016e-09, 1.21941e-09, 1.22779e-09, 1.23536e-09
9.88751e-11, 9.9718e-11, 1.02144e-10, 1.06298e-10, 1.12421e-10, 1.20844e-10, 1.31961e-10, 1.46205e-10, 1.64006e-10, 1.85718e-10, 2.11529e-10, 2.41392e-10, 2.75021e-10, 3.11939e-10, 3.5155e-10, 3.93211e-10, 4.36285e-10, 4.80181e-10, 5.24368e-10, 5.68388e-10, 6.11856e-10, 6.54454e-10, 6.95926e-10, 7.36071e-10, 7.74735e-10, 8.11805e-10, 8.47202e-10, 8.80877e-10, 9.12803e-10, 9.42977e-10, 9.71409e-10, 9.98124e-10, 1.02316e-09, 1.04656e-09, 1.06837e-09, 1.08867e-09, 1.1075e-09, 1.12493e-09, 1.14103e-09, 1.15587e-09, 1.16952e-09, 1.18204e-09, 1.1935e-09, 1.20398e-09, 1.21353e-09, 1.22222e-09, 1.23011e-09, 1.23725e-09, 1.24371e-09, 1.24954e-09
1.68976e-10, 1.70566e-10, 1.75114e-10, 1.82795e-10, 1.93863e-10, 2.08601e-10, 2.27309e-10, 2.50238e-10, 2.77476e-10, 3.08833e-10, 3.43832e-10, 3.81802e-10, 4.21984e-10, 4.63634e-10, 5.06076e-10, 5.4873e-10, 5.91116e-10, 6.32851e-10, 6.73634e-10, 7.13234e-10, 7.51483e-10, 7.88256e-10, 8.23469e-10, 8.5707e-10, 8.89031e-10, 9.19342e-10, 9.48013e-10, 9.75063e-10, 1.00052e-09, 1.02443e-09, 1.04683e-09, 1.06778e-09, 1.08731e-09, 1.10551e-09, 1.12241e-09, 1.13808e-09, 1.15258e-09, 1.16598e-09, 1.17832e-09, 1.18967e-09, 1.20009e-09, 1.20964e-09, 1.21837e-09, 1.22633e-09, 1.23358e-09, 1.24017e-09, 1.24615e-09, 1.25156e-09, 1.25644e-09, 1.26085e-09
2.99112e-10, 3.01726e-10, 3.0909e-10, 3.21206e-10, 3.38117e-10, 3.59887e-10, 3.86427e-10, 4.17292e-10, 4.51676e-10, 4.88598e-10, 5.27097e-10, 5.66342e-10, 6.05674e-10, 6.44593e-10, 6.82732e-10, 7.19834e-10, 7.55718e-10, 7.90267e-10, 8.23405e-10, 8.55089e-10, 8.85301e-10, 9.1404e-10, 9.41316e-10, 9.67152e-10, 9.91574e-10, 1.01462e-09, 1.03632e-09, 1.05672e-09, 1.07587e-09, 1.0938e-09, 1.11057e-09, 1.12622e-09, 1.14079e-09, 1.15435e-09, 1.16693e-09, 1.17859e-09, 1.18937e-09, 1.19932e-09, 1.20849e-09, 1.21692e-09, 1.22465e-09, 1.23174e-09, 1.23821e-09, 1.24412e-09, 1.2495e-09, 1.25439e-09, 1.25882e-09, 1.26283e-09, 1.26646e-09, 1.26973e-09
5.15277e-10, 5.18498e-10, 5.27628e-10, 5.42708e-10, 5.63447e-10, 5.88953e-10, 6.1785e-10, 6.48729e-10, 6.80471e-10, 7.12298e-10, 7.43709e-10, 7.74397e-10, 8.04179e-10, 8.32949e-10, 8.6065e-10, 8.87254e-10, 9.12753e-10, 9.3715e-10, 9.60454e-10, 9.82681e-10, 1.00385e-09, 1.02397e-09, 1.04308e-09, 1.0612e-09, 1.07834e-09, 1.09454e-09, 1.10982e-09, 1.12421e-09, 1.13774e-09, 1.15044e-09, 1.16233e-09, 1.17345e-09, 1.18383e-09, 1.19349e-09, 1.20248e-09, 1.21082e-09, 1.21855e-09, 1.22569e-09, 1.23228e-09, 1.23835e-09, 1.24392e-09, 1.24904e-09, 1.25372e-09, 1.25799e-09, 1.26189e-09, 1.26544e-09, 1.26866e-09, 1.27157e-09, 1.27421e-09, 1.27659e-09
8.15451e-10, 8.18852e-10, 8.27936e-10, 8.41237e-10, 8.56725e-10, 8.73014e-10, 8.8949e-10, 9.05942e-10, 9.22305e-10, 9.38551e-10, 9.54659e-10, 9.706e-10, 9.8634e-10, 1.00184e-09, 1.01707e-09, 1.03198e-09, 1.04655e-09, 1.06074e-09, 1.07452e-09, 1.08787e-09, 1.10077e-09, 1.11319e-09, 1.12514e-09, 1.13659e-09, 1.14754e-09, 1.15799e-09, 1.16793e-09, 1.17737e-09, 1.18631e-09, 1.19476e-09, 1.20273e-09, 1.21022e-09, 1.21725e-09, 1.22383e-09, 1.22998e-09, 1.23571e-09, 1.24104e-09, 1.24599e-09, 1.25057e-09, 1.2548e-09, 1.2587e-09, 1.26229e-09, 1.26558e-09, 1.2686e-09, 1.27135e-09, 1.27386e-09, 1.27615e-09, 1.27823e-09, 1.28011e-09, 1.28181e-09
1.14151e-09, 1.13922e-09, 1.13422e-09, 1.12859e-09, 1.12352e-09, 1.11957e-09, 1.11695e-09, 1.11568e-09, 1.1157e-09, 1.11692e-09, 1.11919e-09, 1.1224e-09, 1.12641e-09, 1.13109e-09, 1.13632e-09, 1.14198e-09, 1.14799e-09, 1.15426e-09, 1.16069e-09, 1.16723e-09, 1.17381e-09, 1.18037e-09, 1.18687e-09, 1.19327e-09, 1.19954e-09, 1.20564e-09, 1.21156e-09, 1.21726e-09, 1.22275e-09, 1.228e-09, 1.23302e-09, 1.23778e-09, 1.2423e-09, 1.24656e-09, 1.25058e-09, 1.25435e-09, 1.25789e-09, 1.26119e-09, 1.26426e-09, 1.26712e-09, 1.26976e-09, 1.27221e-09, 1.27446e-09, 1.27653e-09, 1.27843e-09, 1.28017e-09, 1.28176e-09, 1.28321e-09, 1.28452e-09, 1.28571e-09
1.26062e-09, 1.26009e-09, 1.2584e-09, 1.25511e-09, 1.2503e-09, 1.2446e-09, 1.23866e-09, 1.23299e-09, 1.22792e-09, 1.22363e-09, 1.2202e-09, 1.21764e-09, 1.21593e-09, 1.21501e-09, 1.21482e-09, 1.21527e-09, 1.21629e-09, 1.21779e-09, 1.21971e-09, 1.22197e-09, 1.22451e-09, 1.22726e-09, 1.23019e-09, 1.23322e-09, 1.23634e-09, 1.23949e-09, 1.24265e-09, 1.24578e-09, 1.24887e-09, 1.25189e-09, 1.25483e-09, 1.25768e-09, 1.26041e-09, 1.26303e-09, 1.26553e-09, 1.26791e-09, 1.27015e-09, 1.27227e-09, 1.27426e-09, 1.27612e-09, 1.27786e-09, 1.27947e-09, 1.28097e-09, 1.28236e-09, 1.28363e-09, 1.28481e-09, 1.28589e-09, 1.28687e-09, 1.28777e-09, 1.28859e-09
1.28653e-09, 1.2864e-09, 1.28603e-09, 1.2854e-09, 1.28441e-09, 1.2829e-09, 1.28078e-09, 1.27813e-09, 1.27511e-09, 1.27196e-09, 1.26886e-09, 1.26596e-09, 1.26337e-09, 1.26116e-09, 1.25937e-09, 1.25801e-09, 1.25706e-09, 1.25651e-09, 1.25632e-09, 1.25647e-09, 1.2569e-09, 1.2576e-09, 1.25851e-09, 1.25961e-09, 1.26086e-09, 1.26222e-09, 1.26368e-09, 1.2652e-09, 1.26676e-09, 1.26834e-09, 1.26993e-09, 1.27151e-09, 1.27306e-09, 1.27457e-09, 1.27605e-09, 1.27747e-09, 1.27883e-09, 1.28013e-09, 1.28137e-09, 1.28254e-09, 1.28364e-09, 1.28467e-09, 1.28564e-09, 1.28654e-09, 1.28738e-09, 1.28815e-09, 1.28886e-09, 1.28952e-09, 1.29012e-09, 1.29067e-09
1.29373e-09, 1.29368e-09, 1.29356e-09, 1.29335e-09, 1.29304e-09, 1.29262e-09, 1.29205e-09, 1.29127e-09, 1.29024e-09, 1.28897e-09, 1.28751e-09, 1.28592e-09, 1.28429e-09, 1.28269e-09, 1.28119e-09, 1.27983e-09, 1.27864e-09, 1.27766e-09, 1.27689e-09, 1.27632e-09, 1.27595e-09, 1.27578e-09, 1.27578e-09, 1.27594e-09, 1.27624e-09, 1.27666e-09, 1.27718e-09, 1.27779e-09, 1.27846e-09, 1.27919e-09, 1.27996e-09, 1.28076e-09, 1.28157e-09, 1.28239e-09, 1.2832e-09, 1.28401e-09, 1.28479e-09, 1.28556e-09, 1.28629e-09, 1.287e-09, 1.28767e-09, 1.28831e-09, 1.28892e-09, 1.28949e-09, 1.29002e-09, 1.29052e-09, 1.29098e-09, 1.29141e-09, 1.2918e-09, 1.29216e-09
1.29526e-09, 1.29524e-09, 1.2952e-09, 1.29514e-09, 1.29505e-09, 1.29492e-09, 1.29476e-09, 1.29454e-09, 1.29425e-09, 1.29386e-09, 1.29337e-09, 1.29275e-09, 1.29204e-09, 1.29126e-09, 1.29043e-09, 1.2896e-09, 1.28879e-09, 1.28803e-09, 1.28735e-09, 1.28676e-09, 1.28626e-09, 1.28587e-09, 1.28559e-09, 1.2854e-09, 1.28532e-09, 1.28532e-09, 1.2854e-09, 1.28556e-09, 1.28578e-09, 1.28605e-09, 1.28637e-09, 1.28672e-09, 1.28711e-09, 1.28751e-09, 1.28793e-09, 1.28835e-09, 1.28878e-09, 1.2892e-09, 1.28962e-09, 1.29003e-09, 1.29042e-09, 1.29081e-09, 1.29117e-09, 1.29152e-09, 1.29185e-09, 1.29216e-09, 1.29245e-09, 1.29272e-09, 1.29297e-09, 1.29321e-09
1.29534e-09, 1.29534e-09, 1.29534e-09, 1.29534e-09, 1.29533e-09, 1.29531e-09, 1.29527e-09, 1.29523e-09, 1.29515e-09, 1.29505e-09, 1.29492e-09, 1.29473e-09, 1.29448e-09, 1.29418e-09, 1.29383e-09, 1.29344e-09, 1.29303e-09, 1.2926e-09, 1.29217e-09, 1.29177e-09, 1.2914e-09, 1.29106e-09, 1.29078e-09, 1.29054e-09, 1.29036e-09, 1.29023e-09, 1.29016e-09, 1.29013e-09, 1.29014e-09, 1.2902e-09, 1.2903e-09, 1.29042e-09, 1.29057e-09, 1.29075e-09, 1.29094e-09, 1.29115e-09, 1.29136e-09, 1.29158e-09, 1.29181e-09, 1.29203e-09, 1.29226e-09, 1.29247e-09, 1.29269e-09, 1.29289e-09, 1.29309e-09, 1.29328e-09, 1.29346e-09, 1.29363e-09, 1.29378e-09, 1.29393e-09
1.29534e-09, 1.29534e-09, 1.29534e-09, 1.29534e-09, 1.29534e-09, 1.29534e-09, 1.29534e-09, 1.29533e-09, 1.29532e-09, 1.2953e-09, 1.29527e-09, 1.29522e-09, 1.29515e-09, 1.29505e-09, 1.29493e-09, 1.29478e-09, 1.2946e-09, 1.29441e-09, 1.29419e-09, 1.29397e-09, 1.29375e-09, 1.29354e-09, 1.29334e-09, 1.29316e-09, 1.293e-09, 1.29287e-09, 1.29276e-09, 1.29269e-09, 1.29263e-09, 1.29261e-09, 1.29261e-09, 1.29263e-09, 1.29267e-09, 1.29273e-09, 1.29281e-09, 1.29289e-09, 1.29299e-09, 1.2931e-09, 1.29321e-09, 1.29333e-09, 1.29345e-09, 1.29357e-09, 1.29369e-09, 1.2938e-09, 1.29392e-09, 1.29403e-09, 1.29413e-09, 1.29424e-09, 1.29433e-09, 1.29442e-09
1.29534e-09, 1.29534e-09, 1.29534e-09, 1.29534e-09, 1.29534e-09, 1.29534e-09, 1.29534e-09, 1.29534e-09, 1.29534e-09, 1.29534e-09, 1.29533e-09, 1.29532e-09, 1.2953e-09, 1.29528e-09, 1.29524e-09, 1.29519e-09, 1.29513e-09, 1.29505e-09, 1.29496e-09, 1.29486e-09, 1.29475e-09, 1.29463e-09, 1.29452e-09, 1.29441e-09, 1.2943e-09, 1.29421e-09, 1.29412e-09, 1.29405e-09, 1.29399e-09, 1.29395e-09, 1.29391e-09, 1.2939e-09, 1.29389e-09, 1.2939e-09, 1.29392e-09, 1.29395e-09, 1.29399e-09, 1.29404e-09, 1.29409e-09, 1.29414e-09, 1.2942e-09, 1.29427e-09, 1.29433e-09, 1.29439e-09, 1.29446e-09, 1.29452e-09, 1.29458e-09, 1.29464e-09, 1.2947e-09, 1.29475e-09
1.29534e-09, 1.29534e-09, 1.29534e-09, 1.29534e-09, 1.29534e-09, 1.29534e-09, 1.29534e-09, 1.29534e-09, 1.29534e-09, 1.29534e-09, 1.29534e-09, 1.29534e-09, 1.29534e-09, 1.29533e-09, 1.29532e-09, 1.29531e-09, 1.29529e-09, 1.29526e-09, 1.29523e-09, 1.29518e-09, 1.29514e-09, 1.29508e-09, 1.29503e-09, 1.29497e-09, 1.29491e-09, 1.29485e-09, 1.29479e-09, 1.29474e-09, 1.29469e-09, 1.29466e-09, 1.29462e-09, 1.2946e-09, 1.29458e-09, 1.29457e-09, 1.29457e-09, 1.29458e-09, 1.29459e-09, 1.2946e-09, 1.29462e-09, 1.29465e-09, 1.29467e-09, 1.2947e-09, 1.29473e-09, 1.29477e-09, 1.2948e-09, 1.29484e-09, 1.29487e-09, 1.2949e-09, 1.29494e-09, 1.29497e-09
1.29534e-09, 1.29534e-09, 1.29534e-09, 1.29534e-09, 1.29534e-09, 1.29534e-09, 1.29534e-09, 1.29534e-09, 1.29534e-09, 1.29534e-09, 1.29534e-09, 1.29534e-09, 1.29534e-09, 1.29534e-09, 1.29534e-09, 1.29533e-09, 1.29533e-09, 1.29532e-09, 1.29531e-09, 1.29529e-09, 1.29528e-09, 1.29525e-09, 1.29523e-09, 1.2952e-09, 1.29517e-09, 1.29514e-09, 1.29511e-09, 1.29507e-09, 1.29505e-09, 1.29502e-09, 1.29499e-09, 1.29497e-09, 1.29496e-09, 1.29494e-09, 1.29494e-09, 1.29493e-09, 1.29493e-09, 1.29493e-09, 1.29494e-09, 1.29495e-09, 1.29496e-09, 1.29497e-09, 1.29499e-09, 1.295e-09, 1.29502e-09, 1.29504e-09, 1.29505e-09, 1.29507e-09, 1.29509e-09, 1.29511e-09
1.29534e-09, 1.29534e-09, 1.29534e-09, 1.29534e-09, 1.29534e-09, 1.29534e-09, 1.29534e-09, 1.29534e-09, 1.29534e-09, 1.29534e-09, 1.29534e-09, 1.29534e-09, 1.29534e-09, 1.29534e-09, 1.29534e-09, 1.29534e-09, 1.29534e-09, 1.29534e-09, 1.29533e-09, 1.29533e-09, 1.29532e-09, 1.29531e-09, 1.2953e-09, 1.29529e-09, 1.29528e-09, 1.29526e-09, 1.29525e-09, 1.29523e-09, 1.29521e-09, 1.2952e-09, 1.29518e-09, 1.29517e-09, 1.29515e-09, 1.29514e-09, 1.29513e-09, 1.29513e-09, 1.29512e-09, 1.29512e-09, 1.29512e-09, 1.29512e-09, 1.29513e-09, 1.29513e-09, 1.29514e-09, 1.29514e-09, 1.29515e-09, 1.29516e-09, 1.29517e-09, 1.29518e-09, 1.29519e-09, 1.2952e-09
1.29534e-09, 1.29534e-09, 1.29534e-09, 1.29534e-09, 1.29534e-09, 1.29534e-09, 1.29534e-09, 1.29534e-09, 1.29534e-09, 1.29534e-09, 1.29534e-09, 1.29534e-09, 1.29534e-09, 1.29534e-09, 1.29534e-09, 1.29534e-09, 1.29534e-09, 1.29534e-09, 1.29534e-09, 1.29534e-09, 1.29534e-09, 1.29533e-09, 1.29533e-09, 1.29532e-09, 1.29532e-09, 1.29531e-09, 1.2953e-09, 1.2953e-09, 1.29529e-09, 1.29528e-09, 1.29527e-09, 1.29526e-09, 1.29525e-09, 1.29525e-09, 1.29524e-09, 1.29523e-09, 1.29523e-09, 1.29523e-09, 1.29522e-09, 1.29522e-09, 1.29522e-09, 1.29522e-09, 1.29523e-09, 1.29523e-09, 1.29523e-09, 1.29524e-09, 1.29524e-09, 1.29525e-09, 1.29525e-09, 1.29526e-09
1.29534e-09, 1.29534e-09, 1.29534e-09, 1.29534e-09, 1.29534e-09, 1.29534e-09, 1.29534e-09, 1.29534e-09, 1.29534e-09, 1.29534e-09, 1.29534e-09, 1.29534e-09, 1.29534e-09, 1.29534e-09, 1.29534e-09, 1.29534e-09, 1.29534e-09, 1.29534e-09, 1.29534e-09, 1.29534e-09, 1.29534e-09, 1.29534e-09, 1.29534e-09, 1.29534e-09, 1.29533e-09, 1.29533e-09, 1.29533e-09, 1.29532e-09, 1.29532e-09, 1.29532e-09, 1.29531e-09, 1.29531e-09, 1.2953e-09, 1.2953e-09, 1.29529e-09, 1.29529e-09, 1.29529e-09, 1.29528e-09, 1.29528e-09, 1.29528e-09, 1.29528e-09, 1.29528e-09, 1.29528e-09, 1.29528e-09, 1.29528e-09, 1.29528e-09, 1.29528e-09, 1.29529e-09, 1.29529e-09, 1.29529e-09
1.29534e-09, 1.29534e-09, 1.29534e-09, 1.29534e-09, 1.29534e-09, 1.29534e-09, 1.29534e-09, 1.29534e-09, 1.29534e-09, 1.29534e-09, 1.29534e-09, 1.29534e-09, 1.29534e-09, 1.29534e-09, 1.29534e-09, 1.29534e-09, 1.29534e-09, 1.29534e-09, 1.29534e-09, 1.29534e-09, 1.29534e-09, 1.29534e-09, 1.29534e-09, 1.29534e-09, 1.29534e-09, 1.29534e-09, 1.29534e-09, 1.29534e-09, 1.29533e-09, 1.29533e-09, 1.29533e-09, 1.29533e-09, 1.29532e-09, 1.29532e-09, 1.29532e-09, 1.29532e-09, 1.29531e-09, 1.29531e-09, 1.29531e-09, 1.29531e-09, 1.29531e-09, 1.29531e-09, 1.29531e-09, 1.29531e-09, 1.29531e-09, 1.29531e-09, 1.29531e-09, 1.29531e-09, 1.29531e-09, 1.29531e-09
1.29534e-09, 1.29534e-09, 1.29534e-09, 1.29534e-09, 1.29534e-09, 1.29534e-09, 1.29534e-09, 1.29534e-09, 1.29534e-09, 1.29534e-09, 1.29534e-09, 1.29534e-09, 1.29534e-09, 1.29534e-09, 1.29534e-09, 1.29534e-09, 1.29534e-09, 1.29534e-09, 1.29534e-09, 1.29534e-09, 1.29534e-09, 1.29534e-09, 1.29534e-09, 1.29534e-09, 1.29534e-09, 1.29534e-09, 1.29534e-09, 1.29534e-09, 1.29534e-09, 1.29534e-09, 1.29534e-09, 1.29534e-09, 1.29533e-09, 1.29533e-09, 1.29533e-09, 1.29533e-09, 1.29533e-09, 1.29533e-09, 1.29533e-09, 1.29533e-09, 1.29532e-09, 1.29532e-09, 1.29532e-09, 1.29532e-09, 1.29532e-09, 1.29532e-09, 1.29532e-09, 1.29532e-09, 1.29532e-09, 1.29532e-09
1.29534e-09, 1.29534e-09, 1.29534e-09, 1.29534e-09, 1.29534e-09, 1.29534e-09, 1.29534e-09, 1.29534e-09, 1.29534e-09, 1.29534e-09, 1.29534e-09, 1.29534e-09, 1.29534e-09, 1.29534e-09, 1.29534e-09, 1.29534e-09, 1.29534e-09, 1.29534e-09, 1.29534e-09, 1.29534e-09, 1.29534e-09, 1.29534e-09, 1.29534e-09, 1.29534e-09, 1.29534e-09, 1.29534e-09, 1.29534e-09, 1.29534e-09, 1.29534e-09, 1.29534e-09, 1.29534e-09, 1.29534e-09, 1.29534e-09, 1.29534e-09, 1.29534e-09, 1.29534e-09, 1.29534e-09, 1.29533e-09, 1.29533e-09, 1.29533e-09, 1.29533e-09, 1.29533e-09, 1.29533e-09, 1.29533e-09, 1.29533e-09, 1.29533e-09, 1.29533e-09, 1.29533e-09, 1.29533e-09, 1.29533e-09
1.29534e-09, 1.29534e-09, 1.29534e-09, 1.29534e-09, 1.29534e-09, 1.29534e-09, 1.29534e-09, 1.29534e-09, 1.29534e-09, 1.29534e-09, 1.29534e-09, 1.29534e-09, 1.29534e-09, 1.29534e-09, 1.29534e-09, 1.29534e-09, 1.29534e-09, 1.29534e-09, 1.29534e-09, 1.29534e-09, 1.29534e-09, 1.29534e-09, 1.29534e-09, 1.29534e-09, 1.29534e-09, 1.29534e-09, 1.29534e-09, 1.29534e-09, 1.29534e-09, 1.29534e-09, 1.29534e-09, 1.29534e-09, 1.29534e-09, 1.29534e-09, 1.29534e-09, 1.29534e-09, 1.29534e-09, 1.29534e-09, 1.29534e-09, 1.29534e-09, 1.29534e-09, 1.29534e-09, 1.29534e-09, 1.29534e-09, 1.29534e-09, 1.29534e-09, 1.29534e-09, 1.29534e-09, 1.29534e-09, 1.29534e-09
1.29534e-09, 1.29534e-09, 1.29534e-09, 1.29534e-09, 1.29534e-09, 1.29534e-09, 1.29534e-09, 1.29534e-09, 1.29534e-09, 1.29534e-09, 1.29534e-09, 1.29534e-09, 1.29534e-09, 1.29534e-09, 1.29534e-09, 1.29534e-09, 1.29534e-09, 1.29534e-09, 1.29534e-09, 1.29534e-09, 1.29534e-09, 1.29534e-09, 1.29534e-09, 1.29534e-09, 1.29534e-09, 1.29534e-09, 1.29534e-09, 1.29534e-09, 1.29534e-09, 1.29534e-09, 1.29534e-09, 1.29534e-09, 1.29534e-09, 1.29534e-09, 1.29534e-09, 1.29534e-09, 1.29534e-09, 1.29534e-09, 1.29534e-09, 1.29534e-09, 1.29534e-09, 1.29534e-09, 1.29534e-09, 1.29534e-09, 1.29534e-09, 1.29534e-09, 1.29534e-09, 1.29534e-09, 1.29534e-09, 1.29534e-09
