1e-14 0 4.33899e-38
1.0045e-14 0 4.33899e-38
1.00903e-14 0 4.33899e-38
1.01357e-14 0 4.33899e-38
1.01814e-14 0 4.33899e-38
1.02272e-14 0 4.33899e-38
1.02733e-14 0 4.33899e-38
1.03196e-14 0 4.33899e-38
1.0366e-14 0 4.33899e-38
1.04127e-14 0 4.33899e-38
1.04596e-14 0 4.33899e-38
1.05067e-14 0 4.33899e-38
1.0554e-14 0 4.33899e-38
1.06016e-14 0 4.33899e-38
1.06493e-14 0 4.33899e-38
1.06973e-14 0 4.33899e-38
1.07455e-14 0 4.33899e-38
1.07938e-14 0 4.33899e-38
1.08425e-14 0 4.33899e-38
1.08913e-14 0 4.33899e-38
1.09403e-14 0 4.33899e-38
1.09896e-14 0 4.33899e-38
1.10391e-14 0 4.33899e-38
1.10888e-14 0 4.33899e-38
1.11388e-14 0 4.33899e-38
1.11889e-14 0 4.33899e-38
1.12393e-14 0 4.33899e-38
1.12899e-14 0 4.33899e-38
1.13408e-14 0 4.33899e-38
1.13919e-14 0 4.33899e-38
1.14432e-14 0 4.33899e-38
1.14947e-14 0 4.33899e-38
1.15465e-14 0 4.33899e-38
1.15985e-14 0 4.33899e-38
1.16507e-14 0 4.33899e-38
1.17032e-14 0 4.33899e-38
1.17559e-14 0 4.33899e-38
1.18088e-14 0 4.33899e-38
1.1862e-14 0 4.33899e-38
1.19154e-14 0 4.33899e-38
1.19691e-14 0 4.33899e-38
1.2023e-14 0 4.33899e-38
1.20772e-14 0 4.33899e-38
1.21316e-14 0 4.33899e-38
1.21862e-14 0 4.33899e-38
1.22411e-14 0 4.33899e-38
1.22962e-14 0 4.33899e-38
1.23516e-14 0 4.33899e-38
1.24072e-14 0 4.33899e-38
1.24631e-14 0 4.33899e-38
1.25192e-14 0 4.33899e-38
1.25756e-14 0 4.33899e-38
1.26322e-14 0 4.33899e-38
1.26891e-14 0 4.33899e-38
1.27463e-14 0 4.33899e-38
1.28037e-14 0 4.33899e-38
1.28613e-14 0 4.33899e-38
1.29193e-14 0 4.33899e-38
1.29775e-14 0 4.33899e-38
1.30359e-14 0 4.33899e-38
1.30946e-14 0 4.33899e-38
1.31536e-14 0 4.33899e-38
1.32128e-14 0 4.33899e-38
1.32723e-14 0 4.33899e-38
1.33321e-14 0 4.33899e-38
1.33922e-14 0 4.33899e-38
1.34525e-14 0 4.33899e-38
1.35131e-14 0 4.33899e-38
1.35739e-14 0 4.33899e-38
1.3635e-14 0 4.33899e-38
1.36965e-14 0 4.33899e-38
1.37581e-14 0 4.33899e-38
1.38201e-14 0 4.33899e-38
1.38823e-14 0 4.33899e-38
1.39449e-14 0 4.33899e-38
1.40077e-14 0 4.33899e-38
1.40708e-14 0 4.33899e-38
1.41341e-14 0 4.33899e-38
1.41978e-14 0 4.33899e-38
1.42617e-14 0 4.33899e-38
1.4326e-14 0 4.33899e-38
1.43905e-14 0 4.33899e-38
1.44553e-14 0 4.33899e-38
1.45204e-14 0 4.33899e-38
1.45858e-14 0 4.33899e-38
1.46515e-14 0 4.33899e-38
1.47175e-14 0 4.33899e-38
1.47837e-14 0 4.33899e-38
1.48503e-14 0 4.33899e-38
1.49172e-14 0 4.33899e-38
1.49844e-14 0 4.33899e-38
1.50519e-14 0 4.33899e-38
1.51197e-14 0 4.33899e-38
1.51878e-14 0 4.33899e-38
1.52562e-14 0 4.33899e-38
1.53249e-14 0 4.33899e-38
1.53939e-14 0 4.33899e-38
1.54632e-14 0 4.33899e-38
1.55329e-14 0 4.33899e-38
1.56028e-14 0 4.33899e-38
1.56731e-14 0 4.33899e-38
1.57437e-14 0 4.33899e-38
1.58146e-14 0 4.33899e-38
1.58858e-14 0 4.33899e-38
1.59573e-14 0 4.33899e-38
1.60292e-14 0 4.33899e-38
1.61014e-14 0 4.33899e-38
1.61739e-14 0 4.33899e-38
1.62468e-14 0 4.33899e-38
1.63199e-14 0 4.33899e-38
1.63934e-14 0 4.33899e-38
1.64673e-14 0 4.33899e-38
1.65414e-14 0 4.33899e-38
1.66159e-14 0 4.33899e-38
1.66908e-14 0 4.33899e-38
1.67659e-14 0 4.33899e-38
1.68414e-14 0 4.33899e-38
1.69173e-14 0 4.33899e-38
1.69935e-14 0 4.33899e-38
1.707e-14 0 4.33899e-38
1.71469e-14 0 4.33899e-38
1.72241e-14 0 4.33899e-38
1.73017e-14 0 4.33899e-38
1.73796e-14 0 4.33899e-38
1.74579e-14 0 4.33899e-38
1.75365e-14 0 4.33899e-38
1.76155e-14 0 4.33899e-38
1.76948e-14 0 4.33899e-38
1.77745e-14 0 4.33899e-38
1.78546e-14 0 4.33899e-38
1.7935e-14 0 4.33899e-38
1.80158e-14 0 4.33899e-38
1.80969e-14 0 4.33899e-38
1.81784e-14 0 4.33899e-38
1.82603e-14 0 4.33899e-38
1.83425e-14 0 4.33899e-38
1.84251e-14 0 4.33899e-38
1.85081e-14 0 4.33899e-38
1.85914e-14 0 4.33899e-38
1.86752e-14 0 4.33899e-38
1.87593e-14 0 4.33899e-38
1.88438e-14 0 4.33899e-38
1.89286e-14 0 4.33899e-38
1.90139e-14 0 4.33899e-38
1.90995e-14 0 4.33899e-38
1.91855e-14 0 4.33899e-38
1.92719e-14 0 4.33899e-38
1.93587e-14 0 4.33899e-38
1.94459e-14 0 4.33899e-38
1.95335e-14 0 4.33899e-38
1.96215e-14 0 4.33899e-38
1.97098e-14 0 4.33899e-38
1.97986e-14 0 4.33899e-38
1.98878e-14 0 4.33899e-38
1.99774e-14 0 4.33899e-38
2.00673e-14 0 4.33899e-38
2.01577e-14 0 4.33899e-38
2.02485e-14 0 4.33899e-38
2.03397e-14 0 4.33899e-38
2.04313e-14 0 4.33899e-38
2.05233e-14 0 4.33899e-38
2.06157e-14 0 4.33899e-38
2.07086e-14 0 4.33899e-38
2.08018e-14 0 4.33899e-38
2.08955e-14 0 4.33899e-38
2.09896e-14 0 4.33899e-38
2.10842e-14 0 4.33899e-38
2.11791e-14 0 4.33899e-38
2.12745e-14 0 4.33899e-38
2.13703e-14 0 4.33899e-38
2.14666e-14 0 4.33899e-38
2.15632e-14 0 4.33899e-38
2.16604e-14 0 4.33899e-38
2.17579e-14 0 4.33899e-38
2.18559e-14 0 4.33899e-38
2.19543e-14 0 4.33899e-38
2.20532e-14 0 4.33899e-38
2.21525e-14 0 4.33899e-38
2.22523e-14 0 4.33899e-38
2.23525e-14 0 4.33899e-38
2.24532e-14 0 4.33899e-38
2.25543e-14 0 4.33899e-38
2.26559e-14 0 4.33899e-38
2.27579e-14 0 4.33899e-38
2.28604e-14 0 4.33899e-38
2.29634e-14 0 4.33899e-38
2.30668e-14 0 4.33899e-38
2.31707e-14 0 4.33899e-38
2.3275e-14 0 4.33899e-38
2.33799e-14 0 4.33899e-38
2.34852e-14 0 4.33899e-38
2.35909e-14 0 4.33899e-38
2.36972e-14 0 4.33899e-38
2.38039e-14 0 4.33899e-38
2.39111e-14 0 4.33899e-38
2.40188e-14 0 4.33899e-38
2.4127e-14 0 4.33899e-38
2.42356e-14 0 4.33899e-38
2.43448e-14 0 4.33899e-38
2.44544e-14 0 4.33899e-38
2.45646e-14 0 4.33899e-38
2.46752e-14 0 4.33899e-38
2.47863e-14 0 4.33899e-38
2.4898e-14 0 4.33899e-38
2.50101e-14 0 4.33899e-38
2.51227e-14 0 4.33899e-38
2.52359e-14 0 4.33899e-38
2.53495e-14 0 4.33899e-38
2.54637e-14 0 4.33899e-38
2.55784e-14 0 4.33899e-38
2.56936e-14 0 4.33899e-38
2.58093e-14 0 4.33899e-38
2.59255e-14 0 4.33899e-38
2.60423e-14 0 4.33899e-38
2.61596e-14 0 4.33899e-38
2.62774e-14 0 4.33899e-38
2.63957e-14 0 4.33899e-38
2.65146e-14 0 4.33899e-38
2.6634e-14 0 4.33899e-38
2.6754e-14 0 4.33899e-38
2.68745e-14 0 4.33899e-38
2.69955e-14 0 4.33899e-38
2.71171e-14 0 4.33899e-38
2.72392e-14 0 4.33899e-38
2.73619e-14 0 4.33899e-38
2.74851e-14 0 4.33899e-38
2.76089e-14 0 4.33899e-38
2.77332e-14 0 4.33899e-38
2.78581e-14 0 4.33899e-38
2.79836e-14 0 4.33899e-38
2.81096e-14 0 4.33899e-38
2.82362e-14 0 4.33899e-38
2.83634e-14 0 4.33899e-38
2.84912e-14 0 4.33899e-38
2.86195e-14 0 4.33899e-38
2.87484e-14 0 4.33899e-38
2.88778e-14 0 4.33899e-38
2.90079e-14 0 4.33899e-38
2.91385e-14 0 4.33899e-38
2.92698e-14 0 4.33899e-38
2.94016e-14 0 4.33899e-38
2.9534e-14 0 4.33899e-38
2.9667e-14 0 4.33899e-38
2.98006e-14 0 4.33899e-38
2.99348e-14 0 4.33899e-38
3.00697e-14 0 4.33899e-38
3.02051e-14 0 4.33899e-38
3.03411e-14 0 4.33899e-38
3.04778e-14 0 4.33899e-38
3.0615e-14 0 4.33899e-38
3.07529e-14 0 4.33899e-38
3.08914e-14 0 4.33899e-38
3.10305e-14 0 4.33899e-38
3.11703e-14 0 4.33899e-38
3.13107e-14 0 4.33899e-38
3.14517e-14 0 4.33899e-38
3.15933e-14 0 4.33899e-38
3.17356e-14 0 4.33899e-38
3.18786e-14 0 4.33899e-38
3.20221e-14 0 4.33899e-38
3.21663e-14 0 4.33899e-38
3.23112e-14 0 4.33899e-38
3.24567e-14 0 4.33899e-38
3.26029e-14 0 4.33899e-38
3.27497e-14 0 4.33899e-38
3.28972e-14 0 4.33899e-38
3.30454e-14 0 4.33899e-38
3.31942e-14 0 4.33899e-38
3.33437e-14 0 4.33899e-38
3.34939e-14 0 4.33899e-38
3.36447e-14 0 4.33899e-38
3.37963e-14 0 4.33899e-38
3.39485e-14 0 4.33899e-38
3.41014e-14 0 4.33899e-38
3.42549e-14 0 4.33899e-38
3.44092e-14 0 4.33899e-38
3.45642e-14 0 4.33899e-38
3.47199e-14 0 4.33899e-38
3.48762e-14 0 4.33899e-38
3.50333e-14 0 4.33899e-38
3.51911e-14 0 4.33899e-38
3.53496e-14 0 4.33899e-38
3.55088e-14 0 4.33899e-38
3.56687e-14 0 4.33899e-38
3.58293e-14 0 4.33899e-38
3.59907e-14 0 4.33899e-38
3.61528e-14 0 4.33899e-38
3.63156e-14 0 4.33899e-38
3.64792e-14 0 4.33899e-38
3.66435e-14 0 4.33899e-38
3.68085e-14 0 4.33899e-38
3.69743e-14 0 4.33899e-38
3.71408e-14 0 4.33899e-38
3.73081e-14 0 4.33899e-38
3.74761e-14 0 4.33899e-38
3.76449e-14 0 4.33899e-38
3.78144e-14 0 4.33899e-38
3.79847e-14 0 4.33899e-38
3.81558e-14 0 4.33899e-38
3.83276e-14 0 4.33899e-38
3.85002e-14 0 4.33899e-38
3.86736e-14 0 4.33899e-38
3.88478e-14 0 4.33899e-38
3.90228e-14 0 4.33899e-38
3.91985e-14 0 4.33899e-38
3.93751e-14 0 4.33899e-38
3.95524e-14 0 4.33899e-38
3.97305e-14 0 4.33899e-38
3.99095e-14 0 4.33899e-38
4.00892e-14 0 4.33899e-38
4.02698e-14 0 4.33899e-38
4.04511e-14 0 4.33899e-38
4.06333e-14 0 4.33899e-38
4.08163e-14 0 4.33899e-38
4.10001e-14 0 4.33899e-38
4.11848e-14 0 4.33899e-38
4.13703e-14 0 4.33899e-38
4.15566e-14 0 4.33899e-38
4.17437e-14 0 4.33899e-38
4.19317e-14 0 4.33899e-38
4.21206e-14 0 4.33899e-38
4.23103e-14 0 4.33899e-38
4.25008e-14 0 4.33899e-38
4.26922e-14 0 4.33899e-38
4.28845e-14 0 4.33899e-38
4.30777e-14 0 4.33899e-38
4.32717e-14 0 4.33899e-38
4.34666e-14 0 4.33899e-38
4.36623e-14 0 4.33899e-38
4.3859e-14 0 4.33899e-38
4.40565e-14 0 4.33899e-38
4.42549e-14 0 4.33899e-38
4.44542e-14 0 4.33899e-38
4.46544e-14 0 4.33899e-38
4.48555e-14 0 4.33899e-38
4.50575e-14 0 4.33899e-38
4.52605e-14 0 4.33899e-38
4.54643e-14 0 4.33899e-38
4.56691e-14 0 4.33899e-38
4.58748e-14 0 4.33899e-38
4.60814e-14 0 4.33899e-38
4.62889e-14 0 4.33899e-38
4.64974e-14 0 4.33899e-38
4.67068e-14 0 4.33899e-38
4.69171e-14 0 4.33899e-38
4.71284e-14 0 4.33899e-38
4.73407e-14 0 4.33899e-38
4.75539e-14 0 4.33899e-38
4.77681e-14 0 4.33899e-38
4.79832e-14 0 4.33899e-38
4.81993e-14 0 4.33899e-38
4.84164e-14 0 4.33899e-38
4.86344e-14 0 4.33899e-38
4.88535e-14 0 4.33899e-38
4.90735e-14 0 4.33899e-38
4.92945e-14 0 4.33899e-38
4.95165e-14 0 4.33899e-38
4.97395e-14 0 4.33899e-38
4.99635e-14 0 4.33899e-38
5.01886e-14 0 4.33899e-38
5.04146e-14 0 4.33899e-38
5.06416e-14 0 4.33899e-38
5.08697e-14 0 4.33899e-38
5.10988e-14 0 4.33899e-38
5.13289e-14 0 4.33899e-38
5.15601e-14 0 4.33899e-38
5.17923e-14 0 4.33899e-38
5.20256e-14 0 4.33899e-38
5.22599e-14 0 4.33899e-38
5.24953e-14 0 4.33899e-38
5.27317e-14 0 4.33899e-38
5.29692e-14 0 4.33899e-38
5.32077e-14 0 4.33899e-38
5.34474e-14 0 4.33899e-38
5.36881e-14 0 4.33899e-38
5.39299e-14 0 4.33899e-38
5.41728e-14 0 4.33899e-38
5.44167e-14 0 4.33899e-38
5.46618e-14 0 4.33899e-38
5.4908e-14 0 4.33899e-38
5.51553e-14 0 4.33899e-38
5.54037e-14 0 4.33899e-38
5.56532e-14 0 4.33899e-38
5.59039e-14 0 4.33899e-38
5.61556e-14 0 4.33899e-38
5.64085e-14 0 4.33899e-38
5.66626e-14 0 4.33899e-38
5.69178e-14 0 4.33899e-38
5.71741e-14 0 4.33899e-38
5.74316e-14 0 4.33899e-38
5.76903e-14 0 4.33899e-38
5.79501e-14 0 4.33899e-38
5.82111e-14 0 4.33899e-38
5.84732e-14 0 4.33899e-38
5.87366e-14 0 4.33899e-38
5.90011e-14 0 4.33899e-38
5.92668e-14 0 4.33899e-38
5.95338e-14 0 4.33899e-38
5.98019e-14 0 4.33899e-38
6.00712e-14 0 4.33899e-38
6.03418e-14 0 4.33899e-38
6.06135e-14 0 4.33899e-38
6.08865e-14 0 4.33899e-38
6.11607e-14 0 4.33899e-38
6.14362e-14 0 4.33899e-38
6.17129e-14 0 4.33899e-38
6.19908e-14 0 4.33899e-38
6.227e-14 0 4.33899e-38
6.25504e-14 0 4.33899e-38
6.28321e-14 0 4.33899e-38
6.31151e-14 0 4.33899e-38
6.33994e-14 0 4.33899e-38
6.36849e-14 0 4.33899e-38
6.39717e-14 0 4.33899e-38
6.42598e-14 0 4.33899e-38
6.45492e-14 0 4.33899e-38
6.484e-14 0 4.33899e-38
6.5132e-14 0 4.33899e-38
6.54253e-14 0 4.33899e-38
6.572e-14 0 4.33899e-38
6.6016e-14 0 4.33899e-38
6.63133e-14 0 4.33899e-38
6.66119e-14 0 4.33899e-38
6.69119e-14 0 4.33899e-38
6.72133e-14 0 4.33899e-38
6.7516e-14 0 4.33899e-38
6.78201e-14 0 4.33899e-38
6.81255e-14 0 4.33899e-38
6.84323e-14 0 4.33899e-38
6.87405e-14 0 4.33899e-38
6.90501e-14 0 4.33899e-38
6.93611e-14 0 4.33899e-38
6.96735e-14 0 4.33899e-38
6.99873e-14 0 4.33899e-38
7.03025e-14 0 4.33899e-38
7.06191e-14 0 4.33899e-38
7.09371e-14 0 4.33899e-38
7.12566e-14 0 4.33899e-38
7.15775e-14 0 4.33899e-38
7.18999e-14 0 4.33899e-38
7.22237e-14 0 4.33899e-38
7.2549e-14 0 4.33899e-38
7.28757e-14 0 4.33899e-38
7.32039e-14 0 4.33899e-38
7.35336e-14 0 4.33899e-38
7.38648e-14 0 4.33899e-38
7.41975e-14 0 4.33899e-38
7.45316e-14 0 4.33899e-38
7.48673e-14 0 4.33899e-38
7.52045e-14 0 4.33899e-38
7.55432e-14 0 4.33899e-38
7.58834e-14 0 4.33899e-38
7.62252e-14 0 4.33899e-38
7.65685e-14 0 4.33899e-38
7.69133e-14 0 4.33899e-38
7.72597e-14 0 4.33899e-38
7.76076e-14 0 4.33899e-38
7.79572e-14 0 4.33899e-38
7.83083e-14 0 4.33899e-38
7.86609e-14 0 4.33899e-38
7.90152e-14 0 4.33899e-38
7.93711e-14 0 4.33899e-38
7.97285e-14 0 4.33899e-38
8.00876e-14 0 4.33899e-38
8.04483e-14 0 4.33899e-38
8.08106e-14 0 4.33899e-38
8.11746e-14 0 4.33899e-38
8.15402e-14 0 4.33899e-38
8.19074e-14 0 4.33899e-38
8.22763e-14 0 4.33899e-38
8.26468e-14 0 4.33899e-38
8.3019e-14 0 4.33899e-38
8.33929e-14 0 4.33899e-38
8.37685e-14 0 4.33899e-38
8.41458e-14 0 4.33899e-38
8.45247e-14 0 4.33899e-38
8.49054e-14 0 4.33899e-38
8.52878e-14 0 4.33899e-38
8.56719e-14 0 4.33899e-38
8.60578e-14 0 4.33899e-38
8.64453e-14 0 4.33899e-38
8.68347e-14 0 4.33899e-38
8.72257e-14 0 4.33899e-38
8.76186e-14 0 4.33899e-38
8.80132e-14 0 4.33899e-38
8.84096e-14 0 4.33899e-38
8.88077e-14 0 4.33899e-38
8.92077e-14 0 4.33899e-38
8.96095e-14 0 4.33899e-38
9.00131e-14 0 4.33899e-38
9.04184e-14 0 4.33899e-38
9.08257e-14 0 4.33899e-38
9.12347e-14 0 4.33899e-38
9.16456e-14 0 4.33899e-38
9.20584e-14 0 4.33899e-38
9.2473e-14 0 4.33899e-38
9.28894e-14 0 4.33899e-38
9.33078e-14 0 4.33899e-38
9.3728e-14 0 4.33899e-38
9.41501e-14 0 4.33899e-38
9.45742e-14 0 4.33899e-38
9.50001e-14 0 4.33899e-38
9.54279e-14 0 4.33899e-38
9.58577e-14 0 4.33899e-38
9.62894e-14 0 4.33899e-38
9.67231e-14 0 4.33899e-38
9.71587e-14 0 4.33899e-38
9.75963e-14 0 4.33899e-38
9.80358e-14 0 4.33899e-38
9.84774e-14 0 4.33899e-38
9.89209e-14 0 4.33899e-38
9.93664e-14 0 4.33899e-38
9.98139e-14 0 4.33899e-38
1.00263e-13 0 4.33899e-38
1.00715e-13 0 4.33899e-38
1.01169e-13 0 4.33899e-38
1.01624e-13 0 4.33899e-38
1.02082e-13 0 4.33899e-38
1.02542e-13 0 4.33899e-38
1.03003e-13 0 4.33899e-38
1.03467e-13 0 4.33899e-38
1.03933e-13 0 4.33899e-38
1.04401e-13 0 4.33899e-38
1.04872e-13 0 4.33899e-38
1.05344e-13 0 4.33899e-38
1.05818e-13 0 4.33899e-38
1.06295e-13 0 4.33899e-38
1.06774e-13 0 4.33899e-38
1.07255e-13 0 4.33899e-38
1.07738e-13 0 4.33899e-38
1.08223e-13 0 4.33899e-38
1.0871e-13 0 4.33899e-38
1.092e-13 0 4.33899e-38
1.09692e-13 0 4.33899e-38
1.10186e-13 0 4.33899e-38
1.10682e-13 0 4.33899e-38
1.1118e-13 0 4.33899e-38
1.11681e-13 0 4.33899e-38
1.12184e-13 0 4.33899e-38
1.12689e-13 0 4.33899e-38
1.13197e-13 0 4.33899e-38
1.13707e-13 0 4.33899e-38
1.14219e-13 0 4.33899e-38
1.14733e-13 0 4.33899e-38
1.1525e-13 0 4.33899e-38
1.15769e-13 0 4.33899e-38
1.1629e-13 0 4.33899e-38
1.16814e-13 0 4.33899e-38
1.1734e-13 0 4.33899e-38
1.17869e-13 0 4.33899e-38
1.18399e-13 0 4.33899e-38
1.18933e-13 0 4.33899e-38
1.19468e-13 0 4.33899e-38
1.20006e-13 0 4.33899e-38
1.20547e-13 0 4.33899e-38
1.2109e-13 0 4.33899e-38
1.21635e-13 0 4.33899e-38
1.22183e-13 0 4.33899e-38
1.22733e-13 0 4.33899e-38
1.23286e-13 0 4.33899e-38
1.23841e-13 0 4.33899e-38
1.24399e-13 0 4.33899e-38
1.24959e-13 0 4.33899e-38
1.25522e-13 0 4.33899e-38
1.26087e-13 0 4.33899e-38
1.26655e-13 0 4.33899e-38
1.27226e-13 0 4.33899e-38
1.27799e-13 0 4.33899e-38
1.28374e-13 0 4.33899e-38
1.28952e-13 0 4.33899e-38
1.29533e-13 0 4.33899e-38
1.30116e-13 0 4.33899e-38
1.30702e-13 0 4.33899e-38
1.31291e-13 0 4.33899e-38
1.31882e-13 0 4.33899e-38
1.32476e-13 0 4.33899e-38
1.33073e-13 0 4.33899e-38
1.33672e-13 0 4.33899e-38
1.34274e-13 0 4.33899e-38
1.34879e-13 0 4.33899e-38
1.35487e-13 0 4.33899e-38
1.36097e-13 0 4.33899e-38
1.3671e-13 0 4.33899e-38
1.37325e-13 0 4.33899e-38
1.37944e-13 0 4.33899e-38
1.38565e-13 0 4.33899e-38
1.39189e-13 0 4.33899e-38
1.39816e-13 0 4.33899e-38
1.40446e-13 0 4.33899e-38
1.41078e-13 0 4.33899e-38
1.41714e-13 0 4.33899e-38
1.42352e-13 0 4.33899e-38
1.42993e-13 0 4.33899e-38
1.43637e-13 0 4.33899e-38
1.44284e-13 0 4.33899e-38
1.44934e-13 0 4.33899e-38
1.45586e-13 0 4.33899e-38
1.46242e-13 0 4.33899e-38
1.46901e-13 0 4.33899e-38
1.47562e-13 0 4.33899e-38
1.48227e-13 0 4.33899e-38
1.48894e-13 0 4.33899e-38
1.49565e-13 0 4.33899e-38
1.50239e-13 0 4.33899e-38
1.50915e-13 0 4.33899e-38
1.51595e-13 0 4.33899e-38
1.52278e-13 0 4.33899e-38
1.52963e-13 0 4.33899e-38
1.53652e-13 0 4.33899e-38
1.54344e-13 0 4.33899e-38
1.5504e-13 0 4.33899e-38
1.55738e-13 0 4.33899e-38
1.56439e-13 0 4.33899e-38
1.57144e-13 0 4.33899e-38
1.57851e-13 0 4.33899e-38
1.58562e-13 0 4.33899e-38
1.59277e-13 0 4.33899e-38
1.59994e-13 0 4.33899e-38
1.60714e-13 0 4.33899e-38
1.61438e-13 0 4.33899e-38
1.62165e-13 0 4.33899e-38
1.62896e-13 0 4.33899e-38
1.63629e-13 0 4.33899e-38
1.64366e-13 0 4.33899e-38
1.65106e-13 0 4.33899e-38
1.6585e-13 0 4.33899e-38
1.66597e-13 0 4.33899e-38
1.67347e-13 6.55916e-44 4.33899e-38
1.68101e-13 3.07483e-43 4.33899e-38
1.68858e-13 3.86661e-43 4.33895e-38
1.69619e-13 5.52958e-43 4.33892e-38
1.70382e-13 6.79283e-43 4.33886e-38
1.7115e-13 1.01143e-42 4.33879e-38
1.71921e-13 1.6168e-42 4.33869e-38
1.72695e-13 2.1735e-42 4.33853e-38
1.73473e-13 2.98803e-42 4.33831e-38
1.74254e-13 3.64125e-42 4.33801e-38
1.75039e-13 4.28048e-42 4.33765e-38
1.75827e-13 5.24602e-42 4.33722e-38
1.76619e-13 5.98084e-42 4.3367e-38
1.77414e-13 6.74633e-42 4.3361e-38
1.78213e-13 7.52146e-42 4.33542e-38
1.79016e-13 8.5019e-42 4.33467e-38
1.79822e-13 9.16853e-42 4.33382e-38
1.80632e-13 1.00102e-41 4.33291e-38
1.81446e-13 1.07041e-41 4.3319e-38
1.82263e-13 1.14328e-41 4.33083e-38
1.83084e-13 1.21567e-41 4.32969e-38
1.83908e-13 1.30175e-41 4.32847e-38
1.84736e-13 1.34815e-41 4.32717e-38
1.85568e-13 1.41713e-41 4.32582e-38
1.86404e-13 1.50682e-41 4.32441e-38
1.87244e-13 1.56439e-41 4.3229e-38
1.88087e-13 1.61817e-41 4.32134e-38
1.88934e-13 1.68487e-41 4.31972e-38
1.89785e-13 1.78643e-41 4.31803e-38
1.9064e-13 1.86118e-41 4.31625e-38
1.91498e-13 1.95755e-41 4.31439e-38
1.92361e-13 2.03968e-41 4.31243e-38
1.93227e-13 2.11675e-41 4.31039e-38
1.94097e-13 2.1967e-41 4.30827e-38
1.94972e-13 2.28535e-41 4.30608e-38
1.9585e-13 2.35078e-41 4.30379e-38
1.96732e-13 2.43374e-41 4.30144e-38
1.97618e-13 2.5072e-41 4.29901e-38
1.98508e-13 2.61611e-41 4.2965e-38
1.99402e-13 2.7224e-41 4.29388e-38
2.003e-13 2.78635e-41 4.29116e-38
2.01202e-13 2.87267e-41 4.28837e-38
2.02108e-13 2.9906e-41 4.2855e-38
2.03018e-13 3.06199e-41 4.28251e-38
2.03933e-13 3.16735e-41 4.27945e-38
2.04851e-13 3.26996e-41 4.27628e-38
2.05774e-13 3.37139e-41 4.27301e-38
2.067e-13 3.51513e-41 4.26964e-38
2.07631e-13 3.63976e-41 4.26612e-38
2.08566e-13 3.74205e-41 4.26248e-38
2.09506e-13 3.84254e-41 4.25874e-38
2.10449e-13 3.93745e-41 4.2549e-38
2.11397e-13 4.02041e-41 4.25096e-38
2.12349e-13 4.12348e-41 4.24694e-38
2.13306e-13 4.24759e-41 4.24282e-38
2.14266e-13 4.30817e-41 4.23857e-38
2.15231e-13 4.40042e-41 4.23426e-38
2.16201e-13 4.46819e-41 4.22986e-38
2.17174e-13 4.50744e-41 4.22539e-38
2.18152e-13 4.63467e-41 4.22089e-38
2.19135e-13 4.70499e-41 4.21625e-38
2.20122e-13 4.76798e-41 4.21155e-38
2.21113e-13 4.81626e-41 4.20678e-38
2.22109e-13 4.8954e-41 4.20196e-38
2.23109e-13 4.94308e-41 4.19707e-38
2.24114e-13 5.01072e-41 4.19212e-38
2.25123e-13 5.06634e-41 4.18711e-38
2.26137e-13 5.17866e-41 4.18205e-38
2.27156e-13 5.2936e-41 4.17687e-38
2.28179e-13 5.3746e-41 4.17157e-38
2.29206e-13 5.44333e-41 4.1662e-38
2.30239e-13 5.54901e-41 4.16076e-38
2.31276e-13 5.62232e-41 4.15521e-38
2.32317e-13 5.71244e-41 4.14959e-38
2.33364e-13 5.77766e-41 4.14387e-38
2.34415e-13 5.83011e-41 4.1381e-38
2.3547e-13 5.88177e-41 4.13227e-38
2.36531e-13 5.96015e-41 4.12638e-38
2.37596e-13 6.06482e-41 4.12042e-38
2.38666e-13 6.12374e-41 4.11436e-38
2.39741e-13 6.23775e-41 4.10823e-38
2.40821e-13 6.33056e-41 4.102e-38
2.41905e-13 6.46052e-41 4.09567e-38
2.42995e-13 6.55909e-41 4.08921e-38
2.44089e-13 6.6543e-41 4.08265e-38
2.45188e-13 6.73524e-41 4.07599e-38
2.46293e-13 6.79401e-41 4.06926e-38
2.47402e-13 6.96855e-41 4.06246e-38
2.48516e-13 7.1328e-41 4.05549e-38
2.49635e-13 7.2659e-41 4.04836e-38
2.5076e-13 7.42043e-41 4.0411e-38
2.51889e-13 7.60509e-41 4.03368e-38
2.53023e-13 7.76178e-41 4.02607e-38
2.54163e-13 7.98984e-41 4.01831e-38
2.55308e-13 8.14512e-41 4.01032e-38
2.56458e-13 8.34255e-41 4.00217e-38
2.57613e-13 8.54868e-41 3.99383e-38
2.58773e-13 8.7857e-41 3.98528e-38
2.59938e-13 8.96647e-41 3.9765e-38
2.61109e-13 9.14976e-41 3.96753e-38
2.62285e-13 9.34304e-41 3.95838e-38
2.63466e-13 9.50499e-41 3.94904e-38
2.64653e-13 9.71318e-41 3.93953e-38
2.65845e-13 9.84654e-41 3.92982e-38
2.67042e-13 1.00348e-40 3.91997e-38
2.68245e-13 1.01963e-40 3.90994e-38
2.69453e-13 1.03743e-40 3.89974e-38
2.70666e-13 1.05195e-40 3.88937e-38
2.71885e-13 1.06466e-40 3.87885e-38
2.7311e-13 1.08191e-40 3.8682e-38
2.7434e-13 1.09067e-40 3.85738e-38
2.75575e-13 1.10191e-40 3.84648e-38
2.76816e-13 1.11199e-40 3.83546e-38
2.78063e-13 1.11847e-40 3.82434e-38
2.79315e-13 1.12567e-40 3.81315e-38
2.80573e-13 1.13584e-40 3.8019e-38
2.81837e-13 1.14257e-40 3.79054e-38
2.83106e-13 1.14951e-40 3.77911e-38
2.84381e-13 1.15684e-40 3.76762e-38
2.85662e-13 1.1669e-40 3.75605e-38
2.86949e-13 1.17038e-40 3.74438e-38
2.88241e-13 1.18203e-40 3.73267e-38
2.89539e-13 1.18749e-40 3.72085e-38
2.90843e-13 1.19602e-40 3.70898e-38
2.92153e-13 1.20025e-40 3.69702e-38
2.93469e-13 1.20559e-40 3.68502e-38
2.9479e-13 1.2131e-40 3.67296e-38
2.96118e-13 1.22451e-40 3.66083e-38
2.97452e-13 1.23242e-40 3.64859e-38
2.98791e-13 1.24479e-40 3.63626e-38
3.00137e-13 1.25008e-40 3.62381e-38
3.01489e-13 1.26214e-40 3.61131e-38
3.02847e-13 1.2713e-40 3.59869e-38
3.0421e-13 1.27984e-40 3.58598e-38
3.05581e-13 1.28554e-40 3.57318e-38
3.06957e-13 1.29212e-40 3.56032e-38
3.08339e-13 1.29796e-40 3.5474e-38
3.09728e-13 1.30278e-40 3.53442e-38
3.11123e-13 1.31201e-40 3.5214e-38
3.12524e-13 1.31783e-40 3.50828e-38
3.13932e-13 1.31943e-40 3.4951e-38
3.15345e-13 1.32325e-40 3.4819e-38
3.16766e-13 1.32775e-40 3.46867e-38
3.18192e-13 1.33102e-40 3.45539e-38
3.19625e-13 1.3376e-40 3.44208e-38
3.21065e-13 1.34224e-40 3.42871e-38
3.22511e-13 1.34577e-40 3.41528e-38
3.23963e-13 1.34603e-40 3.40183e-38
3.25422e-13 1.35058e-40 3.38837e-38
3.26888e-13 1.3551e-40 3.37486e-38
3.2836e-13 1.35724e-40 3.36131e-38
3.29839e-13 1.35698e-40 3.34774e-38
3.31324e-13 1.35741e-40 3.33417e-38
3.32817e-13 1.35888e-40 3.32059e-38
3.34316e-13 1.3597e-40 3.307e-38
3.35821e-13 1.36185e-40 3.29341e-38
3.37334e-13 1.36479e-40 3.27979e-38
3.38853e-13 1.36622e-40 3.26614e-38
3.40379e-13 1.36888e-40 3.25248e-38
3.41912e-13 1.36799e-40 3.23879e-38
3.43452e-13 1.37015e-40 3.22511e-38
3.44999e-13 1.36985e-40 3.21141e-38
3.46552e-13 1.37099e-40 3.19771e-38
3.48113e-13 1.3739e-40 3.184e-38
3.49681e-13 1.3751e-40 3.17026e-38
3.51256e-13 1.37679e-40 3.15651e-38
3.52838e-13 1.37884e-40 3.14274e-38
3.54427e-13 1.38327e-40 3.12895e-38
3.56023e-13 1.38493e-40 3.11512e-38
3.57627e-13 1.38547e-40 3.10127e-38
3.59237e-13 1.39197e-40 3.08742e-38
3.60855e-13 1.39676e-40 3.0735e-38
3.6248e-13 1.39733e-40 3.05953e-38
3.64113e-13 1.4005e-40 3.04556e-38
3.65753e-13 1.40706e-40 3.03155e-38
3.674e-13 1.40555e-40 3.01748e-38
3.69055e-13 1.40773e-40 3.00343e-38
3.70717e-13 1.40685e-40 2.98935e-38
3.72386e-13 1.40793e-40 2.97528e-38
3.74063e-13 1.40868e-40 2.9612e-38
3.75748e-13 1.40932e-40 2.94711e-38
3.7744e-13 1.41132e-40 2.93302e-38
3.7914e-13 1.40955e-40 2.91891e-38
3.80848e-13 1.4094e-40 2.90481e-38
3.82563e-13 1.41952e-40 2.89072e-38
3.84286e-13 1.41908e-40 2.87652e-38
3.86017e-13 1.4241e-40 2.86233e-38
3.87755e-13 1.42768e-40 2.84809e-38
3.89502e-13 1.42985e-40 2.83381e-38
3.91256e-13 1.43537e-40 2.81952e-38
3.93018e-13 1.43901e-40 2.80516e-38
3.94788e-13 1.44333e-40 2.79077e-38
3.96566e-13 1.44259e-40 2.77634e-38
3.98352e-13 1.44467e-40 2.76191e-38
4.00146e-13 1.44794e-40 2.74747e-38
4.01948e-13 1.44871e-40 2.73299e-38
4.03758e-13 1.44633e-40 2.7185e-38
4.05577e-13 1.44436e-40 2.70404e-38
4.07403e-13 1.44675e-40 2.68959e-38
4.09238e-13 1.44426e-40 2.67512e-38
4.11081e-13 1.44553e-40 2.66068e-38
4.12933e-13 1.44942e-40 2.64623e-38
4.14792e-13 1.45089e-40 2.63173e-38
4.16661e-13 1.45478e-40 2.61722e-38
4.18537e-13 1.45913e-40 2.60268e-38
4.20422e-13 1.45528e-40 2.58808e-38
4.22315e-13 1.45298e-40 2.57353e-38
4.24217e-13 1.45411e-40 2.559e-38
4.26128e-13 1.45616e-40 2.54446e-38
4.28047e-13 1.45121e-40 2.5299e-38
4.29975e-13 1.45655e-40 2.51539e-38
4.31911e-13 1.45509e-40 2.50082e-38
4.33857e-13 1.45408e-40 2.48627e-38
4.35811e-13 1.45534e-40 2.47173e-38
4.37773e-13 1.45439e-40 2.45718e-38
4.39745e-13 1.45748e-40 2.44263e-38
4.41725e-13 1.45692e-40 2.42806e-38
4.43715e-13 1.45725e-40 2.41349e-38
4.45713e-13 1.45569e-40 2.39892e-38
4.47721e-13 1.45402e-40 2.38436e-38
4.49737e-13 1.4495e-40 2.36982e-38
4.51762e-13 1.44659e-40 2.35532e-38
4.53797e-13 1.44217e-40 2.34086e-38
4.55841e-13 1.44115e-40 2.32644e-38
4.57894e-13 1.43547e-40 2.31203e-38
4.59956e-13 1.43632e-40 2.29767e-38
4.62028e-13 1.43724e-40 2.28331e-38
4.64108e-13 1.43573e-40 2.26894e-38
4.66199e-13 1.43411e-40 2.25458e-38
4.68298e-13 1.43071e-40 2.24024e-38
4.70407e-13 1.42493e-40 2.22593e-38
4.72526e-13 1.41972e-40 2.21168e-38
4.74654e-13 1.41821e-40 2.19748e-38
4.76792e-13 1.41944e-40 2.1833e-38
4.78939e-13 1.41425e-40 2.16911e-38
4.81096e-13 1.41197e-40 2.15496e-38
4.83263e-13 1.40925e-40 2.14084e-38
4.85439e-13 1.40472e-40 2.12675e-38
4.87626e-13 1.40132e-40 2.1127e-38
4.89822e-13 1.40201e-40 2.09869e-38
4.92028e-13 1.39782e-40 2.08467e-38
4.94244e-13 1.39436e-40 2.07069e-38
4.9647e-13 1.38931e-40 2.05675e-38
4.98705e-13 1.3867e-40 2.04286e-38
5.00952e-13 1.38636e-40 2.02899e-38
5.03208e-13 1.38373e-40 2.01513e-38
5.05474e-13 1.37905e-40 2.00129e-38
5.0775e-13 1.37901e-40 1.9875e-38
5.10037e-13 1.37327e-40 1.97371e-38
5.12334e-13 1.36653e-40 1.95998e-38
5.14642e-13 1.36418e-40 1.94631e-38
5.16959e-13 1.36146e-40 1.93267e-38
5.19288e-13 1.36281e-40 1.91905e-38
5.21626e-13 1.35509e-40 1.90543e-38
5.23976e-13 1.3508e-40 1.89187e-38
5.26336e-13 1.34504e-40 1.87837e-38
5.28706e-13 1.34457e-40 1.86492e-38
5.31087e-13 1.33764e-40 1.85147e-38
5.33479e-13 1.33026e-40 1.83809e-38
5.35882e-13 1.32102e-40 1.82479e-38
5.38295e-13 1.31574e-40 1.81158e-38
5.40719e-13 1.30652e-40 1.79842e-38
5.43155e-13 1.30143e-40 1.78536e-38
5.45601e-13 1.29525e-40 1.77234e-38
5.48058e-13 1.28791e-40 1.75939e-38
5.50526e-13 1.28006e-40 1.74651e-38
5.53006e-13 1.27169e-40 1.73371e-38
5.55496e-13 1.26674e-40 1.721e-38
5.57998e-13 1.26139e-40 1.70833e-38
5.60511e-13 1.25365e-40 1.69571e-38
5.63036e-13 1.24618e-40 1.68318e-38
5.65571e-13 1.23922e-40 1.67072e-38
5.68119e-13 1.23058e-40 1.65832e-38
5.70677e-13 1.22187e-40 1.64602e-38
5.73247e-13 1.21322e-40 1.6338e-38
5.75829e-13 1.20462e-40 1.62167e-38
5.78422e-13 1.19727e-40 1.60962e-38
5.81027e-13 1.18879e-40 1.59765e-38
5.83644e-13 1.18036e-40 1.58576e-38
5.86273e-13 1.172e-40 1.57396e-38
5.88913e-13 1.16458e-40 1.56224e-38
5.91566e-13 1.15632e-40 1.55059e-38
5.9423e-13 1.14812e-40 1.53903e-38
5.96906e-13 1.13997e-40 1.52755e-38
5.99594e-13 1.13188e-40 1.51615e-38
6.02295e-13 1.12385e-40 1.50483e-38
6.05007e-13 1.11587e-40 1.49359e-38
6.07732e-13 1.10794e-40 1.48243e-38
6.10469e-13 1.10103e-40 1.47135e-38
6.13218e-13 1.0932e-40 1.46034e-38
6.1598e-13 1.08544e-40 1.44941e-38
6.18754e-13 1.07772e-40 1.43855e-38
6.21541e-13 1.07006e-40 1.42778e-38
6.2434e-13 1.06245e-40 1.41708e-38
6.27152e-13 1.05489e-40 1.40645e-38
6.29977e-13 1.04738e-40 1.3959e-38
6.32814e-13 1.03993e-40 1.38543e-38
6.35664e-13 1.03252e-40 1.37503e-38
6.38527e-13 1.02517e-40 1.36471e-38
6.41403e-13 1.01787e-40 1.35445e-38
6.44291e-13 1.01062e-40 1.34427e-38
6.47193e-13 1.00342e-40 1.33417e-38
6.50108e-13 9.96265e-41 1.32413e-38
6.53036e-13 9.89162e-41 1.31417e-38
6.55977e-13 9.82108e-41 1.30428e-38
6.58931e-13 9.75102e-41 1.29446e-38
6.61899e-13 9.68145e-41 1.28471e-38
6.6488e-13 9.61236e-41 1.27503e-38
6.67874e-13 9.54374e-41 1.26541e-38
6.70882e-13 9.4756e-41 1.25587e-38
6.73903e-13 9.40792e-41 1.24639e-38
6.76938e-13 9.34071e-41 1.23699e-38
6.79987e-13 9.27397e-41 1.22765e-38
6.8305e-13 9.20768e-41 1.21837e-38
6.86126e-13 9.14185e-41 1.20916e-38
6.89216e-13 9.07647e-41 1.20002e-38
6.9232e-13 9.01155e-41 1.19095e-38
6.95438e-13 8.94707e-41 1.18193e-38
6.9857e-13 8.88303e-41 1.17299e-38
7.01716e-13 8.81944e-41 1.1641e-38
7.04877e-13 8.75629e-41 1.15529e-38
7.08051e-13 8.69357e-41 1.14653e-38
7.1124e-13 8.63128e-41 1.13784e-38
7.14443e-13 8.56943e-41 1.1292e-38
7.17661e-13 8.508e-41 1.12063e-38
7.20893e-13 8.44699e-41 1.11213e-38
7.2414e-13 8.38641e-41 1.10368e-38
7.27401e-13 8.32624e-41 1.09529e-38
7.30677e-13 8.26649e-41 1.08697e-38
7.33968e-13 8.20715e-41 1.0787e-38
7.37273e-13 8.14822e-41 1.07049e-38
7.40594e-13 8.0897e-41 1.06235e-38
7.43929e-13 8.03158e-41 1.05426e-38
7.4728e-13 7.97387e-41 1.04622e-38
7.50645e-13 7.91655e-41 1.03825e-38
7.54026e-13 7.85963e-41 1.03033e-38
7.57422e-13 7.8031e-41 1.02247e-38
7.60833e-13 7.74696e-41 1.01467e-38
7.6426e-13 7.69121e-41 1.00692e-38
7.67702e-13 7.63584e-41 9.99233e-39
7.71159e-13 7.58086e-41 9.91597e-39
7.74632e-13 7.52626e-41 9.84016e-39
7.78121e-13 7.47204e-41 9.7649e-39
7.81625e-13 7.41819e-41 9.69018e-39
7.85146e-13 7.36471e-41 9.61599e-39
7.88682e-13 7.3116e-41 9.54235e-39
7.92234e-13 7.25886e-41 9.46923e-39
7.95802e-13 7.20649e-41 9.39664e-39
7.99386e-13 7.15448e-41 9.32458e-39
8.02986e-13 7.10283e-41 9.25303e-39
8.06602e-13 7.05153e-41 9.182e-39
8.10235e-13 7.00059e-41 9.11149e-39
8.13884e-13 6.95001e-41 9.04148e-39
8.1755e-13 6.89977e-41 8.97198e-39
8.21232e-13 6.84988e-41 8.90299e-39
8.2493e-13 6.80034e-41 8.83449e-39
8.28645e-13 6.75114e-41 8.76648e-39
8.32377e-13 6.70228e-41 8.69897e-39
8.36126e-13 6.65376e-41 8.63195e-39
8.39892e-13 6.60558e-41 8.56541e-39
8.43674e-13 6.55773e-41 8.49936e-39
8.47474e-13 6.51021e-41 8.43378e-39
8.51291e-13 6.46303e-41 8.36868e-39
8.55125e-13 6.41616e-41 8.30405e-39
8.58976e-13 6.36963e-41 8.23988e-39
8.62845e-13 6.32342e-41 8.17619e-39
8.66731e-13 6.27752e-41 8.11295e-39
8.70634e-13 6.23195e-41 8.05018e-39
8.74555e-13 6.18669e-41 7.98786e-39
8.78494e-13 6.14175e-41 7.92599e-39
8.82451e-13 6.09712e-41 7.86457e-39
8.86425e-13 6.0528e-41 7.8036e-39
8.90417e-13 6.00879e-41 7.74308e-39
8.94427e-13 5.96508e-41 7.68299e-39
8.98455e-13 5.92168e-41 7.62334e-39
9.02502e-13 5.87858e-41 7.56412e-39
9.06566e-13 5.83577e-41 7.50533e-39
9.10649e-13 5.79327e-41 7.44698e-39
9.14751e-13 5.75106e-41 7.38904e-39
9.1887e-13 5.70914e-41 7.33153e-39
9.23009e-13 5.66752e-41 7.27444e-39
9.27166e-13 5.62619e-41 7.21777e-39
9.31341e-13 5.58514e-41 7.1615e-39
9.35536e-13 5.54438e-41 7.10565e-39
9.39749e-13 5.5039e-41 7.05021e-39
9.43982e-13 5.46371e-41 6.99517e-39
9.48233e-13 5.42379e-41 6.94053e-39
9.52504e-13 5.38415e-41 6.8863e-39
9.56793e-13 5.34479e-41 6.83245e-39
9.61103e-13 5.3057e-41 6.77901e-39
9.65431e-13 5.26689e-41 6.72595e-39
9.69779e-13 5.22834e-41 6.67328e-39
9.74147e-13 5.19007e-41 6.621e-39
9.78534e-13 5.15206e-41 6.5691e-39
9.82941e-13 5.11431e-41 6.51758e-39
9.87368e-13 5.07683e-41 6.46643e-39
9.91815e-13 5.03961e-41 6.41566e-39
9.96282e-13 5.00265e-41 6.36527e-39
1.00077e-12 4.96595e-41 6.31524e-39
1.00528e-12 4.9295e-41 6.26558e-39
1.0098e-12 4.89331e-41 6.21629e-39
1.01435e-12 4.85737e-41 6.16735e-39
1.01892e-12 4.82168e-41 6.11878e-39
1.02351e-12 4.78625e-41 6.07056e-39
1.02812e-12 4.75105e-41 6.0227e-39
1.03275e-12 4.71611e-41 5.97519e-39
1.0374e-12 4.68141e-41 5.92803e-39
1.04207e-12 4.64695e-41 5.88121e-39
1.04676e-12 4.61273e-41 5.83475e-39
1.05148e-12 4.57875e-41 5.78862e-39
1.05621e-12 4.54501e-41 5.74283e-39
1.06097e-12 4.51151e-41 5.69738e-39
1.06575e-12 4.47824e-41 5.65227e-39
1.07055e-12 4.4452e-41 5.60748e-39
1.07537e-12 4.41239e-41 5.56303e-39
1.08021e-12 4.37982e-41 5.51891e-39
1.08508e-12 4.34747e-41 5.47511e-39
1.08997e-12 4.31534e-41 5.43163e-39
1.09487e-12 4.28345e-41 5.38848e-39
1.09981e-12 4.25177e-41 5.34565e-39
1.10476e-12 4.22032e-41 5.30313e-39
1.10973e-12 4.18909e-41 5.26093e-39
1.11473e-12 4.15808e-41 5.21903e-39
1.11975e-12 4.12728e-41 5.17745e-39
1.1248e-12 4.0967e-41 5.13618e-39
1.12986e-12 4.06634e-41 5.09521e-39
1.13495e-12 4.03619e-41 5.05455e-39
1.14006e-12 4.00625e-41 5.01419e-39
1.1452e-12 3.97652e-41 4.97413e-39
1.15035e-12 3.947e-41 4.93436e-39
1.15553e-12 3.91768e-41 4.89489e-39
1.16074e-12 3.88857e-41 4.85571e-39
1.16597e-12 3.85967e-41 4.81683e-39
1.17122e-12 3.83097e-41 4.77823e-39
1.17649e-12 3.80247e-41 4.73992e-39
1.18179e-12 3.77417e-41 4.7019e-39
1.18711e-12 3.74607e-41 4.66416e-39
1.19246e-12 3.71817e-41 4.62669e-39
1.19783e-12 3.69047e-41 4.58951e-39
1.20323e-12 3.66296e-41 4.55261e-39
1.20864e-12 3.63564e-41 4.51598e-39
1.21409e-12 3.60851e-41 4.47962e-39
1.21956e-12 3.58158e-41 4.44354e-39
1.22505e-12 3.55484e-41 4.40772e-39
1.23057e-12 3.52828e-41 4.37217e-39
1.23611e-12 3.50191e-41 4.33689e-39
1.24167e-12 3.47573e-41 4.30187e-39
1.24727e-12 3.44973e-41 4.26711e-39
1.25288e-12 3.42392e-41 4.23262e-39
1.25853e-12 3.39828e-41 4.19838e-39
1.26419e-12 3.37283e-41 4.16439e-39
1.26989e-12 3.34756e-41 4.13067e-39
1.27561e-12 3.32246e-41 4.09719e-39
1.28135e-12 3.29755e-41 4.06397e-39
1.28712e-12 3.2728e-41 4.03099e-39
1.29292e-12 3.24824e-41 3.99826e-39
1.29874e-12 3.22385e-41 3.96578e-39
1.30459e-12 3.19962e-41 3.93354e-39
1.31047e-12 3.17558e-41 3.90155e-39
1.31637e-12 3.1517e-41 3.86979e-39
1.3223e-12 3.12798e-41 3.83827e-39
1.32825e-12 3.10444e-41 3.80699e-39
1.33424e-12 3.08107e-41 3.77595e-39
1.34024e-12 3.05785e-41 3.74514e-39
1.34628e-12 3.03481e-41 3.71456e-39
1.35234e-12 3.01192e-41 3.68421e-39
1.35843e-12 2.9892e-41 3.65409e-39
1.36455e-12 2.96664e-41 3.6242e-39
1.3707e-12 2.94424e-41 3.59453e-39
1.37687e-12 2.922e-41 3.56509e-39
1.38307e-12 2.89992e-41 3.53587e-39
1.3893e-12 2.87799e-41 3.50687e-39
1.39556e-12 2.85622e-41 3.47809e-39
1.40184e-12 2.8346e-41 3.44953e-39
1.40816e-12 2.81313e-41 3.42118e-39
1.4145e-12 2.79182e-41 3.39305e-39
1.42087e-12 2.77066e-41 3.36513e-39
1.42727e-12 2.74965e-41 3.33743e-39
1.4337e-12 2.72879e-41 3.30993e-39
1.44015e-12 2.70808e-41 3.28264e-39
1.44664e-12 2.68751e-41 3.25556e-39
1.45315e-12 2.66709e-41 3.22869e-39
1.4597e-12 2.64682e-41 3.20202e-39
1.46627e-12 2.62669e-41 3.17555e-39
1.47288e-12 2.6067e-41 3.14928e-39
1.47951e-12 2.58685e-41 3.12321e-39
1.48617e-12 2.56715e-41 3.09735e-39
1.49287e-12 2.54759e-41 3.07167e-39
1.49959e-12 2.52816e-41 3.0462e-39
1.50634e-12 2.50888e-41 3.02092e-39
1.51313e-12 2.48973e-41 2.99583e-39
1.51994e-12 2.47072e-41 2.97093e-39
1.52679e-12 2.45184e-41 2.94622e-39
1.53366e-12 2.4331e-41 2.92171e-39
1.54057e-12 2.4145e-41 2.89737e-39
1.54751e-12 2.39602e-41 2.87323e-39
1.55448e-12 2.37768e-41 2.84927e-39
1.56148e-12 2.35947e-41 2.82549e-39
1.56851e-12 2.34139e-41 2.8019e-39
1.57558e-12 2.32343e-41 2.77848e-39
1.58267e-12 2.30561e-41 2.75525e-39
1.5898e-12 2.28791e-41 2.73219e-39
1.59696e-12 2.27034e-41 2.70931e-39
1.60415e-12 2.2529e-41 2.68661e-39
1.61138e-12 2.23558e-41 2.66408e-39
1.61864e-12 2.21838e-41 2.64173e-39
1.62592e-12 2.20131e-41 2.61954e-39
1.63325e-12 2.18436e-41 2.59753e-39
1.6406e-12 2.16753e-41 2.57569e-39
1.64799e-12 2.15082e-41 2.55401e-39
1.65541e-12 2.13424e-41 2.5325e-39
1.66287e-12 2.11777e-41 2.51116e-39
1.67036e-12 2.10142e-41 2.48998e-39
1.67788e-12 2.08518e-41 2.46897e-39
1.68544e-12 2.06907e-41 2.44812e-39
1.69303e-12 2.05307e-41 2.42743e-39
1.70065e-12 2.03718e-41 2.40689e-39
1.70831e-12 2.02141e-41 2.38652e-39
1.71601e-12 2.00575e-41 2.36631e-39
1.72374e-12 1.9902e-41 2.34625e-39
1.7315e-12 1.97477e-41 2.32635e-39
1.7393e-12 1.95944e-41 2.3066e-39
1.74713e-12 1.94423e-41 2.28701e-39
1.755e-12 1.92913e-41 2.26756e-39
1.7629e-12 1.91413e-41 2.24827e-39
1.77084e-12 1.89925e-41 2.22913e-39
1.77882e-12 1.88447e-41 2.21014e-39
1.78683e-12 1.8698e-41 2.1913e-39
1.79488e-12 1.85523e-41 2.1726e-39
1.80296e-12 1.84077e-41 2.15404e-39
1.81108e-12 1.82641e-41 2.13564e-39
1.81924e-12 1.81216e-41 2.11737e-39
1.82743e-12 1.79801e-41 2.09925e-39
1.83566e-12 1.78396e-41 2.08127e-39
1.84393e-12 1.77001e-41 2.06343e-39
1.85223e-12 1.75616e-41 2.04573e-39
1.86057e-12 1.74242e-41 2.02817e-39
1.86895e-12 1.72877e-41 2.01075e-39
1.87737e-12 1.71523e-41 1.99346e-39
1.88583e-12 1.70178e-41 1.97631e-39
1.89432e-12 1.68842e-41 1.95929e-39
1.90285e-12 1.67517e-41 1.9424e-39
1.91142e-12 1.66201e-41 1.92565e-39
1.92003e-12 1.64895e-41 1.90903e-39
1.92868e-12 1.63598e-41 1.89254e-39
1.93736e-12 1.6231e-41 1.87618e-39
1.94609e-12 1.61032e-41 1.85995e-39
1.95485e-12 1.59763e-41 1.84385e-39
1.96366e-12 1.58504e-41 1.82787e-39
1.9725e-12 1.57253e-41 1.81202e-39
1.98138e-12 1.56012e-41 1.7963e-39
1.99031e-12 1.54779e-41 1.7807e-39
1.99927e-12 1.53556e-41 1.76522e-39
2.00827e-12 1.52342e-41 1.74986e-39
2.01732e-12 1.51136e-41 1.73463e-39
2.0264e-12 1.49939e-41 1.71951e-39
2.03553e-12 1.48751e-41 1.70452e-39
2.0447e-12 1.47572e-41 1.68965e-39
2.05391e-12 1.46401e-41 1.67489e-39
2.06316e-12 1.45238e-41 1.66025e-39
2.07245e-12 1.44085e-41 1.64572e-39
2.08178e-12 1.42939e-41 1.63132e-39
2.09116e-12 1.41802e-41 1.61702e-39
2.10058e-12 1.40673e-41 1.60284e-39
2.11004e-12 1.39553e-41 1.58877e-39
2.11954e-12 1.38441e-41 1.57482e-39
2.12909e-12 1.37336e-41 1.56098e-39
2.13867e-12 1.3624e-41 1.54724e-39
2.14831e-12 1.35152e-41 1.53362e-39
2.15798e-12 1.34072e-41 1.5201e-39
2.1677e-12 1.33e-41 1.50669e-39
2.17746e-12 1.31936e-41 1.49339e-39
2.18727e-12 1.3088e-41 1.4802e-39
2.19712e-12 1.29831e-41 1.46711e-39
2.20702e-12 1.2879e-41 1.45413e-39
2.21696e-12 1.27756e-41 1.44125e-39
2.22694e-12 1.26731e-41 1.42848e-39
2.23697e-12 1.25712e-41 1.4158e-39
2.24704e-12 1.24702e-41 1.40323e-39
2.25716e-12 1.23698e-41 1.39076e-39
2.26733e-12 1.22703e-41 1.37839e-39
2.27754e-12 1.21714e-41 1.36612e-39
2.2878e-12 1.20733e-41 1.35395e-39
2.2981e-12 1.19759e-41 1.34188e-39
2.30845e-12 1.18792e-41 1.3299e-39
2.31885e-12 1.17832e-41 1.31802e-39
2.32929e-12 1.16879e-41 1.30624e-39
2.33978e-12 1.15934e-41 1.29455e-39
2.35032e-12 1.14995e-41 1.28296e-39
2.36091e-12 1.14064e-41 1.27146e-39
2.37154e-12 1.13139e-41 1.26005e-39
2.38222e-12 1.12221e-41 1.24874e-39
2.39295e-12 1.1131e-41 1.23751e-39
2.40373e-12 1.10405e-41 1.22638e-39
2.41455e-12 1.09508e-41 1.21534e-39
2.42543e-12 1.08616e-41 1.20439e-39
2.43635e-12 1.07732e-41 1.19353e-39
2.44732e-12 1.06854e-41 1.18276e-39
2.45834e-12 1.05983e-41 1.17207e-39
2.46942e-12 1.05118e-41 1.16147e-39
2.48054e-12 1.04259e-41 1.15096e-39
2.49171e-12 1.03407e-41 1.14054e-39
2.50293e-12 1.02562e-41 1.1302e-39
2.5142e-12 1.01722e-41 1.11994e-39
2.52553e-12 1.00889e-41 1.10977e-39
2.5369e-12 1.00062e-41 1.09968e-39
2.54833e-12 9.92412e-42 1.08967e-39
2.5598e-12 9.84265e-42 1.07975e-39
2.57133e-12 9.76178e-42 1.06991e-39
2.58291e-12 9.68153e-42 1.06014e-39
2.59454e-12 9.60187e-42 1.05046e-39
2.60623e-12 9.5228e-42 1.04086e-39
2.61797e-12 9.44433e-42 1.03134e-39
2.62976e-12 9.36644e-42 1.02189e-39
2.6416e-12 9.28914e-42 1.01253e-39
2.6535e-12 9.21241e-42 1.00324e-39
2.66545e-12 9.13626e-42 9.94025e-40
2.67745e-12 9.06069e-42 9.84889e-40
2.68951e-12 8.98567e-42 9.75828e-40
2.70162e-12 8.91122e-42 9.66842e-40
2.71379e-12 8.83733e-42 9.57931e-40
2.72601e-12 8.764e-42 9.49094e-40
2.73829e-12 8.69122e-42 9.4033e-40
2.75062e-12 8.61898e-42 9.31639e-40
2.76301e-12 8.54729e-42 9.2302e-40
2.77546e-12 8.47613e-42 9.14472e-40
2.78796e-12 8.40551e-42 9.05996e-40
2.80051e-12 8.33543e-42 8.97591e-40
2.81312e-12 8.26587e-42 8.89255e-40
2.82579e-12 8.19684e-42 8.80989e-40
2.83852e-12 8.12833e-42 8.72793e-40
2.8513e-12 8.06033e-42 8.64664e-40
2.86415e-12 7.99286e-42 8.56604e-40
2.87705e-12 7.92589e-42 8.48611e-40
2.89e-12 7.85942e-42 8.40685e-40
2.90302e-12 7.79346e-42 8.32826e-40
2.91609e-12 7.728e-42 8.25032e-40
2.92923e-12 7.66304e-42 8.17304e-40
2.94242e-12 7.59857e-42 8.09641e-40
2.95567e-12 7.53459e-42 8.02043e-40
2.96898e-12 7.47109e-42 7.94508e-40
2.98235e-12 7.40808e-42 7.87037e-40
2.99578e-12 7.34554e-42 7.79629e-40
3.00928e-12 7.28348e-42 7.72283e-40
3.02283e-12 7.22189e-42 7.65e-40
3.03644e-12 7.16078e-42 7.57778e-40
3.05012e-12 7.10012e-42 7.50617e-40
3.06386e-12 7.03993e-42 7.43517e-40
3.07765e-12 6.9802e-42 7.36477e-40
3.09152e-12 6.92093e-42 7.29497e-40
3.10544e-12 6.86211e-42 7.22576e-40
3.11942e-12 6.80373e-42 7.15714e-40
3.13347e-12 6.74581e-42 7.0891e-40
3.14759e-12 6.68833e-42 7.02164e-40
3.16176e-12 6.63128e-42 6.95476e-40
3.176e-12 6.57468e-42 6.88845e-40
3.19031e-12 6.51851e-42 6.8227e-40
3.20467e-12 6.46276e-42 6.75752e-40
3.21911e-12 6.40745e-42 6.69289e-40
3.2336e-12 6.35256e-42 6.62881e-40
3.24817e-12 6.2981e-42 6.56529e-40
3.2628e-12 6.24405e-42 6.50231e-40
3.27749e-12 6.19042e-42 6.43987e-40
3.29225e-12 6.1372e-42 6.37796e-40
3.30708e-12 6.08439e-42 6.31659e-40
3.32197e-12 6.03199e-42 6.25575e-40
3.33693e-12 5.98e-42 6.19543e-40
3.35196e-12 5.9284e-42 6.13563e-40
3.36706e-12 5.8772e-42 6.07634e-40
3.38222e-12 5.8264e-42 6.01757e-40
3.39746e-12 5.776e-42 5.95931e-40
3.41276e-12 5.72598e-42 5.90155e-40
3.42813e-12 5.67635e-42 5.84429e-40
3.44357e-12 5.6271e-42 5.78752e-40
3.45908e-12 5.57824e-42 5.73125e-40
3.47465e-12 5.52976e-42 5.67547e-40
3.4903e-12 5.48165e-42 5.62017e-40
3.50602e-12 5.43392e-42 5.56536e-40
3.52181e-12 5.38655e-42 5.51102e-40
3.53767e-12 5.33956e-42 5.45715e-40
3.55361e-12 5.29293e-42 5.40376e-40
3.56961e-12 5.24667e-42 5.35083e-40
3.58569e-12 5.20077e-42 5.29836e-40
3.60184e-12 5.15522e-42 5.24635e-40
3.61806e-12 5.11003e-42 5.1948e-40
3.63435e-12 5.0652e-42 5.1437e-40
3.65072e-12 5.02072e-42 5.09305e-40
3.66716e-12 4.97658e-42 5.04284e-40
3.68368e-12 4.93279e-42 4.99307e-40
3.70027e-12 4.88934e-42 4.94375e-40
3.71693e-12 4.84624e-42 4.89485e-40
3.73367e-12 4.80347e-42 4.84639e-40
3.75049e-12 4.76104e-42 4.79836e-40
3.76738e-12 4.71894e-42 4.75075e-40
3.78435e-12 4.67717e-42 4.70356e-40
3.80139e-12 4.63573e-42 4.65678e-40
3.81851e-12 4.59462e-42 4.61043e-40
3.83571e-12 4.55384e-42 4.56448e-40
3.85298e-12 4.51337e-42 4.51894e-40
3.87034e-12 4.47323e-42 4.47381e-40
3.88777e-12 4.4334e-42 4.42908e-40
3.90528e-12 4.39388e-42 4.38474e-40
3.92286e-12 4.35468e-42 4.3408e-40
3.94053e-12 4.31579e-42 4.29726e-40
3.95828e-12 4.27721e-42 4.2541e-40
3.97611e-12 4.23894e-42 4.21133e-40
3.99401e-12 4.20097e-42 4.16894e-40
4.012e-12 4.1633e-42 4.12693e-40
4.03007e-12 4.12593e-42 4.0853e-40
4.04822e-12 4.08886e-42 4.04404e-40
4.06645e-12 4.05208e-42 4.00315e-40
4.08477e-12 4.0156e-42 3.96263e-40
4.10316e-12 3.97941e-42 3.92247e-40
4.12164e-12 3.9435e-42 3.88268e-40
4.1402e-12 3.90789e-42 3.84324e-40
4.15885e-12 3.87255e-42 3.80416e-40
4.17758e-12 3.83751e-42 3.76544e-40
4.1964e-12 3.80274e-42 3.72706e-40
4.2153e-12 3.76825e-42 3.68903e-40
4.23428e-12 3.73404e-42 3.65135e-40
4.25335e-12 3.7001e-42 3.61401e-40
4.27251e-12 3.66644e-42 3.57701e-40
4.29175e-12 3.63304e-42 3.54035e-40
4.31108e-12 3.59992e-42 3.50402e-40
4.33049e-12 3.56706e-42 3.46802e-40
4.35e-12 3.53447e-42 3.43235e-40
4.36959e-12 3.50214e-42 3.397e-40
4.38927e-12 3.47007e-42 3.36198e-40
4.40903e-12 3.43826e-42 3.32728e-40
4.42889e-12 3.40671e-42 3.2929e-40
4.44884e-12 3.37542e-42 3.25883e-40
4.46887e-12 3.34437e-42 3.22508e-40
4.489e-12 3.31358e-42 3.19163e-40
4.50922e-12 3.28304e-42 3.1585e-40
4.52953e-12 3.25275e-42 3.12567e-40
4.54993e-12 3.22271e-42 3.09314e-40
4.57042e-12 3.19291e-42 3.06091e-40
4.591e-12 3.16335e-42 3.02898e-40
4.61168e-12 3.13403e-42 2.99735e-40
4.63245e-12 3.10495e-42 2.96601e-40
4.65331e-12 3.07612e-42 2.93496e-40
4.67427e-12 3.04751e-42 2.9042e-40
4.69532e-12 3.01914e-42 2.87372e-40
4.71647e-12 2.99101e-42 2.84353e-40
4.73771e-12 2.9631e-42 2.81362e-40
4.75904e-12 2.93542e-42 2.78399e-40
4.78048e-12 2.90797e-42 2.75464e-40
4.80201e-12 2.88075e-42 2.72556e-40
4.82363e-12 2.85375e-42 2.69675e-40
4.84536e-12 2.82697e-42 2.66821e-40
4.86718e-12 2.80042e-42 2.63994e-40
4.8891e-12 2.77408e-42 2.61194e-40
4.91112e-12 2.74796e-42 2.5842e-40
4.93324e-12 2.72206e-42 2.55672e-40
4.95546e-12 2.69637e-42 2.5295e-40
4.97777e-12 2.6709e-42 2.50253e-40
5.00019e-12 2.64563e-42 2.47582e-40
5.02271e-12 2.62058e-42 2.44937e-40
5.04533e-12 2.59573e-42 2.42316e-40
5.06806e-12 2.57109e-42 2.3972e-40
5.09088e-12 2.54666e-42 2.37149e-40
5.11381e-12 2.52243e-42 2.34603e-40
5.13684e-12 2.4984e-42 2.3208e-40
5.15997e-12 2.47457e-42 2.29582e-40
5.18321e-12 2.45094e-42 2.27107e-40
5.20656e-12 2.42751e-42 2.24656e-40
5.23001e-12 2.40428e-42 2.22229e-40
5.25356e-12 2.38124e-42 2.19824e-40
5.27722e-12 2.3584e-42 2.17443e-40
5.30099e-12 2.33574e-42 2.15085e-40
5.32486e-12 2.31328e-42 2.12749e-40
5.34884e-12 2.291e-42 2.10436e-40
5.37293e-12 2.26892e-42 2.08145e-40
5.39713e-12 2.24702e-42 2.05876e-40
5.42144e-12 2.2253e-42 2.03629e-40
5.44586e-12 2.20377e-42 2.01404e-40
5.47038e-12 2.18242e-42 1.992e-40
5.49502e-12 2.16126e-42 1.97017e-40
5.51977e-12 2.14027e-42 1.94856e-40
5.54463e-12 2.11946e-42 1.92716e-40
5.5696e-12 2.09882e-42 1.90596e-40
5.59468e-12 2.07837e-42 1.88498e-40
5.61988e-12 2.05808e-42 1.86419e-40
5.64519e-12 2.03797e-42 1.84361e-40
5.67061e-12 2.01803e-42 1.82323e-40
5.69615e-12 1.99826e-42 1.80305e-40
5.72181e-12 1.97867e-42 1.78307e-40
5.74757e-12 1.95923e-42 1.76328e-40
5.77346e-12 1.93997e-42 1.74369e-40
5.79946e-12 1.92087e-42 1.72429e-40
5.82558e-12 1.90193e-42 1.70508e-40
5.85182e-12 1.88316e-42 1.68606e-40
5.87817e-12 1.86455e-42 1.66723e-40
5.90465e-12 1.8461e-42 1.64858e-40
5.93124e-12 1.82781e-42 1.63012e-40
5.95795e-12 1.80968e-42 1.61185e-40
5.98478e-12 1.7917e-42 1.59375e-40
6.01174e-12 1.77388e-42 1.57583e-40
6.03881e-12 1.75622e-42 1.55809e-40
6.06601e-12 1.7387e-42 1.54053e-40
6.09333e-12 1.72134e-42 1.52314e-40
6.12077e-12 1.70413e-42 1.50593e-40
6.14834e-12 1.68707e-42 1.48889e-40
6.17603e-12 1.67016e-42 1.47202e-40
6.20384e-12 1.6534e-42 1.45532e-40
6.23178e-12 1.63678e-42 1.43878e-40
6.25985e-12 1.62031e-42 1.42241e-40
6.28804e-12 1.60399e-42 1.40621e-40
6.31636e-12 1.5878e-42 1.39017e-40
6.34481e-12 1.57176e-42 1.37429e-40
6.37339e-12 1.55586e-42 1.35858e-40
6.40209e-12 1.5401e-42 1.34302e-40
6.43092e-12 1.52448e-42 1.32762e-40
6.45989e-12 1.50899e-42 1.31237e-40
6.48898e-12 1.49365e-42 1.29728e-40
6.5182e-12 1.47844e-42 1.28235e-40
6.54756e-12 1.46336e-42 1.26756e-40
6.57705e-12 1.44842e-42 1.25293e-40
6.60667e-12 1.43361e-42 1.23844e-40
6.63642e-12 1.41893e-42 1.22411e-40
6.66631e-12 1.40438e-42 1.20992e-40
6.69633e-12 1.38996e-42 1.19587e-40
6.72649e-12 1.37567e-42 1.18197e-40
6.75679e-12 1.36151e-42 1.16822e-40
6.78722e-12 1.34748e-42 1.1546e-40
6.81779e-12 1.33357e-42 1.14113e-40
6.84849e-12 1.31978e-42 1.12779e-40
6.87933e-12 1.30612e-42 1.11459e-40
6.91032e-12 1.29258e-42 1.10153e-40
6.94144e-12 1.27916e-42 1.08861e-40
6.9727e-12 1.26587e-42 1.07582e-40
7.0041e-12 1.25269e-42 1.06316e-40
7.03565e-12 1.23964e-42 1.05063e-40
7.06734e-12 1.2267e-42 1.03823e-40
7.09916e-12 1.21388e-42 1.02597e-40
7.13114e-12 1.20117e-42 1.01383e-40
7.16325e-12 1.18858e-42 1.00182e-40
7.19551e-12 1.1761e-42 9.89931e-41
7.22792e-12 1.16374e-42 9.7817e-41
7.26047e-12 1.15149e-42 9.66532e-41
7.29317e-12 1.13936e-42 9.55017e-41
7.32602e-12 1.12733e-42 9.43624e-41
7.35901e-12 1.11541e-42 9.3235e-41
7.39216e-12 1.10361e-42 9.21196e-41
7.42545e-12 1.09191e-42 9.1016e-41
7.45889e-12 1.08032e-42 8.99241e-41
7.49248e-12 1.06883e-42 8.88438e-41
7.52623e-12 1.05745e-42 8.7775e-41
7.56012e-12 1.04618e-42 8.67175e-41
7.59417e-12 1.03501e-42 8.56713e-41
7.62837e-12 1.02394e-42 8.46363e-41
7.66273e-12 1.01298e-42 8.36124e-41
7.69724e-12 1.00212e-42 8.25994e-41
7.73191e-12 9.91356e-43 8.15973e-41
7.76673e-12 9.80695e-43 8.06059e-41
7.80171e-12 9.70133e-43 7.96252e-41
7.83684e-12 9.59669e-43 7.86551e-41
7.87214e-12 9.49304e-43 7.76954e-41
7.90759e-12 9.39035e-43 7.67461e-41
7.94321e-12 9.28863e-43 7.58071e-41
7.97898e-12 9.18785e-43 7.48782e-41
8.01492e-12 9.08803e-43 7.39594e-41
8.05101e-12 8.98914e-43 7.30506e-41
8.08727e-12 8.89119e-43 7.21517e-41
8.12369e-12 8.79416e-43 7.12626e-41
8.16028e-12 8.69805e-43 7.03832e-41
8.19703e-12 8.60284e-43 6.95134e-41
8.23395e-12 8.50854e-43 6.86531e-41
8.27103e-12 8.41513e-43 6.78022e-41
8.30828e-12 8.32261e-43 6.69607e-41
8.3457e-12 8.23097e-43 6.61285e-41
8.38329e-12 8.1402e-43 6.53054e-41
8.42104e-12 8.0503e-43 6.44914e-41
8.45897e-12 7.96126e-43 6.36863e-41
8.49707e-12 7.87307e-43 6.28902e-41
8.53534e-12 7.78572e-43 6.21029e-41
8.57378e-12 7.69922e-43 6.13243e-41
8.61239e-12 7.61354e-43 6.05544e-41
8.65118e-12 7.52869e-43 5.9793e-41
8.69014e-12 7.44466e-43 5.90402e-41
8.72928e-12 7.36144e-43 5.82957e-41
8.76859e-12 7.27902e-43 5.75596e-41
8.80808e-12 7.1974e-43 5.68317e-41
8.84775e-12 7.11658e-43 5.61119e-41
8.8876e-12 7.03653e-43 5.54003e-41
8.92763e-12 6.95727e-43 5.46966e-41
8.96783e-12 6.87878e-43 5.40009e-41
9.00822e-12 6.80105e-43 5.3313e-41
9.04879e-12 6.72409e-43 5.26329e-41
9.08955e-12 6.64788e-43 5.19605e-41
9.13048e-12 6.57241e-43 5.12957e-41
9.1716e-12 6.49769e-43 5.06385e-41
9.21291e-12 6.4237e-43 4.99887e-41
9.2544e-12 6.35044e-43 4.93463e-41
9.29608e-12 6.2779e-43 4.87113e-41
9.33795e-12 6.20607e-43 4.80835e-41
9.38e-12 6.13496e-43 4.74629e-41
9.42225e-12 6.06456e-43 4.68494e-41
9.46468e-12 5.99485e-43 4.62429e-41
9.50731e-12 5.92583e-43 4.56435e-41
9.55013e-12 5.8575e-43 4.50509e-41
9.59314e-12 5.78986e-43 4.44651e-41
9.63634e-12 5.72289e-43 4.38861e-41
9.67974e-12 5.65659e-43 4.33138e-41
9.72334e-12 5.59095e-43 4.27482e-41
9.76713e-12 5.52597e-43 4.21891e-41
9.81112e-12 5.46165e-43 4.16365e-41
9.8553e-12 5.39797e-43 4.10903e-41
9.89969e-12 5.33493e-43 4.05505e-41
9.94427e-12 5.27253e-43 4.0017e-41
9.98906e-12 5.21077e-43 3.94898e-41
1.0034e-11 5.14962e-43 3.89687e-41
1.00792e-11 5.0891e-43 3.84537e-41
1.01246e-11 5.0292e-43 3.79448e-41
1.01702e-11 4.9699e-43 3.74419e-41
1.0216e-11 4.91121e-43 3.69449e-41
1.0262e-11 4.85312e-43 3.64538e-41
1.03083e-11 4.79562e-43 3.59685e-41
1.03547e-11 4.73871e-43 3.54889e-41
1.04013e-11 4.68239e-43 3.50151e-41
1.04482e-11 4.62665e-43 3.45468e-41
1.04952e-11 4.57148e-43 3.40842e-41
1.05425e-11 4.51687e-43 3.3627e-41
1.059e-11 4.46284e-43 3.31753e-41
1.06377e-11 4.40936e-43 3.2729e-41
1.06856e-11 4.35644e-43 3.22881e-41
1.07337e-11 4.30407e-43 3.18525e-41
1.0782e-11 4.25224e-43 3.14221e-41
1.08306e-11 4.20095e-43 3.09968e-41
1.08794e-11 4.1502e-43 3.05767e-41
1.09284e-11 4.09998e-43 3.01617e-41
1.09776e-11 4.05028e-43 2.97517e-41
1.1027e-11 4.00111e-43 2.93467e-41
1.10767e-11 3.95245e-43 2.89466e-41
1.11266e-11 3.90431e-43 2.85513e-41
1.11767e-11 3.85667e-43 2.81609e-41
1.1227e-11 3.80954e-43 2.77752e-41
1.12776e-11 3.76291e-43 2.73943e-41
1.13284e-11 3.71677e-43 2.7018e-41
1.13794e-11 3.67112e-43 2.66463e-41
1.14307e-11 3.62595e-43 2.62792e-41
1.14821e-11 3.58127e-43 2.59166e-41
1.15338e-11 3.53707e-43 2.55585e-41
1.15858e-11 3.49333e-43 2.52048e-41
1.1638e-11 3.45007e-43 2.48554e-41
1.16904e-11 3.40727e-43 2.45104e-41
1.1743e-11 3.36493e-43 2.41697e-41
1.17959e-11 3.32305e-43 2.38332e-41
1.1849e-11 3.28162e-43 2.35009e-41
1.19024e-11 3.24064e-43 2.31727e-41
1.1956e-11 3.2001e-43 2.28487e-41
1.20099e-11 3.16e-43 2.25287e-41
1.2064e-11 3.12034e-43 2.22127e-41
1.21183e-11 3.0811e-43 2.19006e-41
1.21729e-11 3.0423e-43 2.15925e-41
1.22277e-11 3.00392e-43 2.12883e-41
1.22828e-11 2.96596e-43 2.09879e-41
1.23381e-11 2.92842e-43 2.06913e-41
1.23936e-11 2.89129e-43 2.03985e-41
1.24495e-11 2.85457e-43 2.01093e-41
1.25055e-11 2.81825e-43 1.98239e-41
1.25618e-11 2.78234e-43 1.95421e-41
1.26184e-11 2.74682e-43 1.92638e-41
1.26753e-11 2.71169e-43 1.89891e-41
1.27323e-11 2.67696e-43 1.8718e-41
1.27897e-11 2.64261e-43 1.84503e-41
1.28473e-11 2.60865e-43 1.8186e-41
1.29051e-11 2.57506e-43 1.79251e-41
1.29633e-11 2.54185e-43 1.76676e-41
1.30216e-11 2.50902e-43 1.74135e-41
1.30803e-11 2.47655e-43 1.71626e-41
1.31392e-11 2.44445e-43 1.69149e-41
1.31984e-11 2.41271e-43 1.66705e-41
1.32578e-11 2.38133e-43 1.64292e-41
1.33175e-11 2.3503e-43 1.6191e-41
1.33775e-11 2.31962e-43 1.5956e-41
1.34378e-11 2.2893e-43 1.57241e-41
1.34983e-11 2.25932e-43 1.54951e-41
1.35591e-11 2.22968e-43 1.52692e-41
1.36201e-11 2.20038e-43 1.50462e-41
1.36815e-11 2.17141e-43 1.48262e-41
1.37431e-11 2.14278e-43 1.4609e-41
1.3805e-11 2.11447e-43 1.43948e-41
1.38672e-11 2.08649e-43 1.41833e-41
1.39296e-11 2.05884e-43 1.39747e-41
1.39923e-11 2.0315e-43 1.37688e-41
1.40554e-11 2.00448e-43 1.35656e-41
1.41187e-11 1.97778e-43 1.33652e-41
1.41823e-11 1.95138e-43 1.31674e-41
1.42461e-11 1.92529e-43 1.29723e-41
1.43103e-11 1.89951e-43 1.27797e-41
1.43747e-11 1.87402e-43 1.25898e-41
1.44395e-11 1.84884e-43 1.24024e-41
1.45045e-11 1.82395e-43 1.22175e-41
1.45698e-11 1.79935e-43 1.20351e-41
1.46354e-11 1.77505e-43 1.18552e-41
1.47014e-11 1.75103e-43 1.16777e-41
1.47676e-11 1.72729e-43 1.15026e-41
1.48341e-11 1.70384e-43 1.13298e-41
1.49009e-11 1.68066e-43 1.11595e-41
1.4968e-11 1.65776e-43 1.09914e-41
1.50354e-11 1.63514e-43 1.08256e-41
1.51031e-11 1.61278e-43 1.06621e-41
1.51711e-11 1.59069e-43 1.05008e-41
1.52395e-11 1.56886e-43 1.03418e-41
1.53081e-11 1.5473e-43 1.01849e-41
1.5377e-11 1.526e-43 1.00301e-41
1.54463e-11 1.50495e-43 9.87754e-42
1.55159e-11 1.48416e-43 9.72704e-42
1.55857e-11 1.46362e-43 9.57863e-42
1.56559e-11 1.44333e-43 9.43227e-42
1.57265e-11 1.42329e-43 9.28793e-42
1.57973e-11 1.40349e-43 9.1456e-42
1.58684e-11 1.38393e-43 9.00526e-42
1.59399e-11 1.36461e-43 8.86686e-42
1.60117e-11 1.34553e-43 8.7304e-42
1.60838e-11 1.32668e-43 8.59585e-42
1.61562e-11 1.30806e-43 8.46318e-42
1.6229e-11 1.28968e-43 8.33238e-42
1.63021e-11 1.27152e-43 8.20341e-42
1.63755e-11 1.25358e-43 8.07626e-42
1.64493e-11 1.23587e-43 7.9509e-42
1.65233e-11 1.21838e-43 7.82731e-42
1.65978e-11 1.2011e-43 7.70547e-42
1.66725e-11 1.18404e-43 7.58536e-42
1.67476e-11 1.1672e-43 7.46696e-42
1.6823e-11 1.15056e-43 7.35024e-42
1.68988e-11 1.13414e-43 7.23518e-42
1.69749e-11 1.11792e-43 7.12177e-42
1.70513e-11 1.1019e-43 7.00998e-42
1.71281e-11 1.08609e-43 6.89979e-42
1.72053e-11 1.07048e-43 6.79118e-42
1.72828e-11 1.05506e-43 6.68413e-42
1.73606e-11 1.03984e-43 6.57863e-42
1.74388e-11 1.02482e-43 6.47464e-42
1.75173e-11 1.00999e-43 6.37216e-42
1.75962e-11 9.95342e-44 6.27116e-42
1.76755e-11 9.80886e-44 6.17163e-42
1.77551e-11 9.66615e-44 6.07354e-42
1.7835e-11 9.52528e-44 5.97688e-42
1.79154e-11 9.38623e-44 5.88162e-42
1.7996e-11 9.24897e-44 5.78776e-42
1.80771e-11 9.11349e-44 5.69527e-42
1.81585e-11 8.97977e-44 5.60414e-42
1.82403e-11 8.84778e-44 5.51434e-42
1.83224e-11 8.71751e-44 5.42586e-42
1.8405e-11 8.58895e-44 5.33869e-42
1.84878e-11 8.46206e-44 5.2528e-42
1.85711e-11 8.33683e-44 5.16818e-42
1.86547e-11 8.21325e-44 5.08481e-42
1.87388e-11 8.0913e-44 5.00267e-42
1.88232e-11 7.97095e-44 4.92176e-42
1.89079e-11 7.85219e-44 4.84205e-42
1.89931e-11 7.73501e-44 4.76353e-42
1.90786e-11 7.61938e-44 4.68618e-42
1.91646e-11 7.50528e-44 4.60999e-42
1.92509e-11 7.39271e-44 4.53493e-42
1.93376e-11 7.28164e-44 4.46101e-42
1.94247e-11 7.17205e-44 4.38819e-42
1.95121e-11 7.06393e-44 4.31647e-42
1.96e-11 6.95727e-44 4.24583e-42
1.96883e-11 6.85204e-44 4.17626e-42
1.9777e-11 6.74822e-44 4.10774e-42
1.9866e-11 6.64582e-44 4.04026e-42
1.99555e-11 6.54479e-44 3.9738e-42
2.00454e-11 6.44514e-44 3.90835e-42
2.01357e-11 6.34685e-44 3.8439e-42
2.02263e-11 6.24989e-44 3.78043e-42
2.03174e-11 6.15426e-44 3.71793e-42
2.04089e-11 6.05993e-44 3.65639e-42
2.05008e-11 5.9669e-44 3.59579e-42
2.05932e-11 5.87515e-44 3.53612e-42
2.06859e-11 5.78466e-44 3.47737e-42
2.07791e-11 5.69542e-44 3.41952e-42
2.08727e-11 5.60741e-44 3.36257e-42
2.09667e-11 5.52062e-44 3.30649e-42
2.10611e-11 5.43504e-44 3.25129e-42
2.1156e-11 5.35064e-44 3.19694e-42
2.12512e-11 5.26742e-44 3.14343e-42
2.13469e-11 5.18537e-44 3.09076e-42
2.14431e-11 5.10446e-44 3.0389e-42
2.15397e-11 5.02469e-44 2.98786e-42
2.16367e-11 4.94604e-44 2.93761e-42
2.17341e-11 4.8685e-44 2.88815e-42
2.1832e-11 4.79205e-44 2.83947e-42
2.19303e-11 4.71668e-44 2.79154e-42
2.20291e-11 4.64238e-44 2.74438e-42
2.21283e-11 4.56914e-44 2.69795e-42
2.2228e-11 4.49693e-44 2.65226e-42
2.23281e-11 4.42576e-44 2.60729e-42
2.24286e-11 4.3556e-44 2.56304e-42
2.25296e-11 4.28645e-44 2.51948e-42
2.26311e-11 4.21829e-44 2.47662e-42
2.2733e-11 4.15111e-44 2.43443e-42
2.28354e-11 4.0849e-44 2.39292e-42
2.29383e-11 4.01965e-44 2.35207e-42
2.30416e-11 3.95533e-44 2.31188e-42
2.31453e-11 3.89195e-44 2.27232e-42
2.32496e-11 3.82949e-44 2.2334e-42
2.33543e-11 3.76794e-44 2.19511e-42
2.34595e-11 3.70729e-44 2.15743e-42
2.35651e-11 3.64752e-44 2.12036e-42
2.36713e-11 3.58863e-44 2.08388e-42
2.37779e-11 3.5306e-44 2.04799e-42
2.3885e-11 3.47343e-44 2.01269e-42
2.39925e-11 3.4171e-44 1.97795e-42
2.41006e-11 3.3616e-44 1.94378e-42
2.42091e-11 3.30692e-44 1.91017e-42
2.43182e-11 3.25305e-44 1.8771e-42
2.44277e-11 3.19998e-44 1.84457e-42
2.45377e-11 3.1477e-44 1.81257e-42
2.46482e-11 3.0962e-44 1.78109e-42
2.47592e-11 3.04547e-44 1.75013e-42
2.48707e-11 2.9955e-44 1.71967e-42
2.49827e-11 2.94628e-44 1.68972e-42
2.50952e-11 2.8978e-44 1.66026e-42
2.52083e-11 2.85005e-44 1.63128e-42
2.53218e-11 2.80302e-44 1.60278e-42
2.54358e-11 2.7567e-44 1.57475e-42
2.55504e-11 2.71108e-44 1.54718e-42
2.56655e-11 2.66616e-44 1.52007e-42
2.57811e-11 2.62192e-44 1.49341e-42
2.58972e-11 2.57835e-44 1.46719e-42
2.60138e-11 2.53545e-44 1.44141e-42
2.6131e-11 2.4932e-44 1.41605e-42
2.62486e-11 2.45161e-44 1.39112e-42
2.63669e-11 2.41065e-44 1.3666e-42
2.64856e-11 2.37032e-44 1.3425e-42
2.66049e-11 2.33062e-44 1.31879e-42
2.67247e-11 2.29153e-44 1.29549e-42
2.68451e-11 2.25304e-44 1.27257e-42
2.6966e-11 2.21515e-44 1.25004e-42
2.70874e-11 2.17785e-44 1.22789e-42
2.72094e-11 2.14113e-44 1.20611e-42
2.7332e-11 2.10498e-44 1.1847e-42
2.74551e-11 2.0694e-44 1.16365e-42
2.75787e-11 2.03438e-44 1.14296e-42
2.77029e-11 1.99991e-44 1.12261e-42
2.78277e-11 1.96597e-44 1.10261e-42
2.7953e-11 1.93258e-44 1.08295e-42
2.80789e-11 1.89971e-44 1.06363e-42
2.82054e-11 1.86736e-44 1.04463e-42
2.83324e-11 1.83552e-44 1.02596e-42
2.846e-11 1.80419e-44 1.0076e-42
2.85882e-11 1.77335e-44 9.8956e-43
2.87169e-11 1.74301e-44 9.71826e-43
2.88462e-11 1.71315e-44 9.54396e-43
2.89762e-11 1.68377e-44 9.37265e-43
2.91067e-11 1.65486e-44 9.20427e-43
2.92377e-11 1.62642e-44 9.03878e-43
2.93694e-11 1.59843e-44 8.87614e-43
2.95017e-11 1.57089e-44 8.7163e-43
2.96346e-11 1.5438e-44 8.55921e-43
2.9768e-11 1.51714e-44 8.40483e-43
2.99021e-11 1.49092e-44 8.25312e-43
3.00368e-11 1.46512e-44 8.10402e-43
3.0172e-11 1.43975e-44 7.95751e-43
3.03079e-11 1.41478e-44 7.81354e-43
3.04444e-11 1.39022e-44 7.67206e-43
3.05815e-11 1.36607e-44 7.53304e-43
3.07193e-11 1.34231e-44 7.39643e-43
3.08576e-11 1.31894e-44 7.2622e-43
3.09966e-11 1.29595e-44 7.13031e-43
3.11362e-11 1.27334e-44 7.00071e-43
3.12764e-11 1.25111e-44 6.87338e-43
3.14173e-11 1.22924e-44 6.74826e-43
3.15588e-11 1.20774e-44 6.62534e-43
3.17009e-11 1.18659e-44 6.50457e-43
3.18437e-11 1.16579e-44 6.38591e-43
3.19871e-11 1.14534e-44 6.26933e-43
3.21312e-11 1.12523e-44 6.1548e-43
3.22759e-11 1.10545e-44 6.04227e-43
3.24212e-11 1.08601e-44 5.93173e-43
3.25672e-11 1.06689e-44 5.82313e-43
3.27139e-11 1.04809e-44 5.71644e-43
3.28612e-11 1.0296e-44 5.61163e-43
3.30092e-11 1.01143e-44 5.50867e-43
3.31579e-11 9.93567e-45 5.40753e-43
3.33072e-11 9.76003e-45 5.30817e-43
3.34573e-11 9.58736e-45 5.21057e-43
3.36079e-11 9.41761e-45 5.1147e-43
3.37593e-11 9.25075e-45 5.02052e-43
3.39113e-11 9.08672e-45 4.92801e-43
3.40641e-11 8.92548e-45 4.83715e-43
3.42175e-11 8.76699e-45 4.74789e-43
3.43716e-11 8.61121e-45 4.66022e-43
3.45264e-11 8.45809e-45 4.57411e-43
3.46819e-11 8.30759e-45 4.48953e-43
3.48381e-11 8.15967e-45 4.40645e-43
3.4995e-11 8.01429e-45 4.32485e-43
3.51526e-11 7.87142e-45 4.24471e-43
3.53109e-11 7.731e-45 4.166e-43
3.54699e-11 7.59301e-45 4.08869e-43
3.56297e-11 7.4574e-45 4.01276e-43
3.57901e-11 7.32414e-45 3.93818e-43
3.59513e-11 7.19318e-45 3.86494e-43
3.61132e-11 7.0645e-45 3.79301e-43
3.62759e-11 6.93805e-45 3.72237e-43
3.64393e-11 6.81381e-45 3.65299e-43
3.66034e-11 6.69173e-45 3.58485e-43
3.67682e-11 6.57178e-45 3.51793e-43
3.69338e-11 6.45392e-45 3.45221e-43
3.71002e-11 6.33813e-45 3.38767e-43
3.72672e-11 6.22437e-45 3.32429e-43
3.74351e-11 6.1126e-45 3.26205e-43
3.76037e-11 6.00279e-45 3.20092e-43
3.7773e-11 5.89492e-45 3.14089e-43
3.79432e-11 5.78895e-45 3.08194e-43
3.8114e-11 5.68484e-45 3.02406e-43
3.82857e-11 5.58257e-45 2.96721e-43
3.84581e-11 5.48211e-45 2.91138e-43
3.86313e-11 5.38343e-45 2.85656e-43
3.88053e-11 5.2865e-45 2.80273e-43
3.89801e-11 5.19129e-45 2.74986e-43
3.91556e-11 5.09776e-45 2.69795e-43
3.9332e-11 5.0059e-45 2.64697e-43
3.95091e-11 4.91568e-45 2.59691e-43
3.96871e-11 4.82707e-45 2.54775e-43
3.98658e-11 4.74003e-45 2.49948e-43
4.00453e-11 4.65455e-45 2.45208e-43
4.02257e-11 4.5706e-45 2.40554e-43
4.04069e-11 4.48816e-45 2.35983e-43
4.05888e-11 4.40719e-45 2.31495e-43
4.07716e-11 4.32767e-45 2.27088e-43
4.09553e-11 4.24958e-45 2.2276e-43
4.11397e-11 4.17289e-45 2.18511e-43
4.1325e-11 4.09759e-45 2.14338e-43
4.15111e-11 4.02364e-45 2.1024e-43
4.16981e-11 3.95103e-45 2.06216e-43
4.18859e-11 3.87972e-45 2.02265e-43
4.20745e-11 3.8097e-45 1.98386e-43
4.2264e-11 3.74095e-45 1.94576e-43
4.24543e-11 3.67345e-45 1.90835e-43
4.26455e-11 3.60716e-45 1.87162e-43
4.28376e-11 3.54208e-45 1.83554e-43
4.30305e-11 3.47818e-45 1.80012e-43
4.32243e-11 3.41544e-45 1.76534e-43
4.3419e-11 3.35384e-45 1.73119e-43
4.36146e-11 3.29336e-45 1.69765e-43
4.3811e-11 3.23398e-45 1.66472e-43
4.40083e-11 3.17569e-45 1.63238e-43
4.42065e-11 3.11845e-45 1.60062e-43
4.44056e-11 3.06226e-45 1.56943e-43
4.46056e-11 3.0071e-45 1.53881e-43
4.48065e-11 2.95294e-45 1.50874e-43
4.50083e-11 2.89978e-45 1.47921e-43
4.5211e-11 2.84758e-45 1.45021e-43
4.54146e-11 2.79635e-45 1.42174e-43
4.56191e-11 2.74605e-45 1.39377e-43
4.58246e-11 2.69667e-45 1.36631e-43
4.6031e-11 2.6482e-45 1.33935e-43
4.62383e-11 2.60061e-45 1.31286e-43
4.64465e-11 2.5539e-45 1.28686e-43
4.66557e-11 2.50805e-45 1.26132e-43
4.68658e-11 2.46305e-45 1.23624e-43
4.70769e-11 2.41886e-45 1.21161e-43
4.72889e-11 2.3755e-45 1.18742e-43
4.75019e-11 2.33293e-45 1.16366e-43
4.77158e-11 2.29114e-45 1.14034e-43
4.79307e-11 2.25012e-45 1.11742e-43
4.81466e-11 2.20986e-45 1.09492e-43
4.83634e-11 2.17034e-45 1.07282e-43
4.85812e-11 2.13155e-45 1.05112e-43
4.88e-11 2.09348e-45 1.02981e-43
4.90198e-11 2.05611e-45 1.00887e-43
4.92406e-11 2.01942e-45 9.8831e-44
4.94623e-11 1.98342e-45 9.68115e-44
4.96851e-11 1.94808e-45 9.48281e-44
4.99089e-11 1.91339e-45 9.288e-44
5.01336e-11 1.87934e-45 9.09666e-44
5.03594e-11 1.84592e-45 8.90873e-44
5.05862e-11 1.81312e-45 8.72414e-44
5.08141e-11 1.78093e-45 8.54283e-44
5.10429e-11 1.74933e-45 8.36473e-44
5.12728e-11 1.71832e-45 8.1898e-44
5.15037e-11 1.68787e-45 8.01797e-44
5.17357e-11 1.658e-45 7.84918e-44
5.19687e-11 1.62867e-45 7.68338e-44
5.22027e-11 1.59988e-45 7.52051e-44
5.24378e-11 1.57163e-45 7.36053e-44
5.2674e-11 1.5439e-45 7.20336e-44
5.29112e-11 1.51669e-45 7.04897e-44
5.31495e-11 1.48997e-45 6.8973e-44
5.33889e-11 1.46375e-45 6.74831e-44
5.36293e-11 1.43802e-45 6.60193e-44
5.38709e-11 1.41276e-45 6.45813e-44
5.41135e-11 1.38796e-45 6.31685e-44
5.43572e-11 1.36363e-45 6.17806e-44
5.4602e-11 1.33974e-45 6.0417e-44
5.48479e-11 1.3163e-45 5.90772e-44
5.50949e-11 1.29329e-45 5.77609e-44
5.53431e-11 1.2707e-45 5.64676e-44
5.55923e-11 1.24853e-45 5.51969e-44
5.58427e-11 1.22677e-45 5.39484e-44
5.60942e-11 1.20541e-45 5.27216e-44
5.63468e-11 1.18444e-45 5.15162e-44
5.66006e-11 1.16386e-45 5.03318e-44
5.68555e-11 1.14366e-45 4.91679e-44
5.71116e-11 1.12383e-45 4.80243e-44
5.73688e-11 1.10437e-45 4.69004e-44
5.76272e-11 1.08526e-45 4.57961e-44
5.78867e-11 1.06651e-45 4.47108e-44
5.81474e-11 1.0481e-45 4.36443e-44
5.84093e-11 1.03003e-45 4.25962e-44
5.86723e-11 1.01229e-45 4.15662e-44
5.89366e-11 9.94876e-46 4.05539e-44
5.9202e-11 9.77782e-46 3.9559e-44
5.94686e-11 9.61001e-46 3.85812e-44
5.97365e-11 9.44528e-46 3.76202e-44
6.00055e-11 9.28356e-46 3.66757e-44
6.02758e-11 9.1248e-46 3.57473e-44
6.05472e-11 8.96895e-46 3.48349e-44
6.08199e-11 8.81594e-46 3.3938e-44
6.10938e-11 8.66573e-46 3.30564e-44
6.1369e-11 8.51826e-46 3.21898e-44
6.16454e-11 8.37348e-46 3.1338e-44
6.1923e-11 8.23134e-46 3.05006e-44
6.22019e-11 8.09179e-46 2.96775e-44
6.2482e-11 7.95477e-46 2.88683e-44
6.27634e-11 7.82025e-46 2.80728e-44
6.30461e-11 7.68817e-46 2.72908e-44
6.333e-11 7.55849e-46 2.6522e-44
6.36152e-11 7.43116e-46 2.57661e-44
6.39017e-11 7.30613e-46 2.5023e-44
6.41895e-11 7.18337e-46 2.42924e-44
6.44786e-11 7.06283e-46 2.35741e-44
6.4769e-11 6.94447e-46 2.28678e-44
6.50607e-11 6.82825e-46 2.21733e-44
6.53537e-11 6.71412e-46 2.14905e-44
6.56481e-11 6.60205e-46 2.08191e-44
6.59437e-11 6.492e-46 2.01589e-44
6.62407e-11 6.38392e-46 1.95097e-44
6.65391e-11 6.27779e-46 1.88713e-44
6.68387e-11 6.17356e-46 1.82435e-44
6.71398e-11 6.0712e-46 1.76262e-44
6.74421e-11 5.97068e-46 1.7019e-44
6.77459e-11 5.87195e-46 1.6422e-44
6.8051e-11 5.77499e-46 1.58348e-44
6.83575e-11 5.67976e-46 1.52573e-44
6.86653e-11 5.58622e-46 1.46893e-44
6.89746e-11 5.49435e-46 1.41307e-44
6.92852e-11 5.40412e-46 1.35813e-44
6.95973e-11 5.31549e-46 1.30408e-44
6.99107e-11 5.22844e-46 1.25093e-44
7.02256e-11 5.14292e-46 1.19864e-44
7.05418e-11 5.05893e-46 1.14722e-44
7.08595e-11 4.97641e-46 1.09663e-44
7.11787e-11 4.89536e-46 1.04686e-44
7.14992e-11 4.81573e-46 9.97909e-45
7.18212e-11 4.73751e-46 9.49751e-45
7.21447e-11 4.66067e-46 9.02376e-45
7.24696e-11 4.58518e-46 8.5577e-45
7.2796e-11 4.51101e-46 8.09918e-45
7.31239e-11 4.43814e-46 7.64808e-45
7.34532e-11 4.36655e-46 7.20426e-45
7.3784e-11 4.29621e-46 6.76761e-45
7.41163e-11 4.2271e-46 6.33799e-45
7.44501e-11 4.15919e-46 5.91528e-45
7.47854e-11 4.09247e-46 5.49936e-45
7.51222e-11 4.02691e-46 5.09011e-45
7.54605e-11 3.96249e-46 4.68742e-45
7.58004e-11 3.89918e-46 4.29117e-45
7.61418e-11 3.83698e-46 3.90125e-45
7.64847e-11 3.77585e-46 3.51755e-45
7.68292e-11 3.71577e-46 3.13997e-45
7.71752e-11 3.65673e-46 2.76839e-45
7.75228e-11 3.59871e-46 2.40272e-45
7.78719e-11 3.54169e-46 2.04285e-45
7.82226e-11 3.48565e-46 1.68868e-45
7.85749e-11 3.43057e-46 1.34011e-45
7.89288e-11 3.37643e-46 9.97058e-46
7.92842e-11 3.32322e-46 6.59414e-46
7.96413e-11 3.27092e-46 3.27092e-46
