1e-14 1.79221e-48 1.36877e-38
1.0045e-14 1.86107e-48 1.36877e-38
1.00903e-14 1.9325e-48 1.36877e-38
1.01357e-14 2.00658e-48 1.36877e-38
1.01814e-14 2.0834e-48 1.36877e-38
1.02272e-14 2.16307e-48 1.36877e-38
1.02733e-14 2.24568e-48 1.36877e-38
1.03196e-14 2.33133e-48 1.36877e-38
1.0366e-14 2.42015e-48 1.36877e-38
1.04127e-14 2.51223e-48 1.36877e-38
1.04596e-14 2.6077e-48 1.36877e-38
1.05067e-14 2.70667e-48 1.36877e-38
1.0554e-14 2.80927e-48 1.36877e-38
1.06016e-14 2.91563e-48 1.36877e-38
1.06493e-14 3.02588e-48 1.36877e-38
1.06973e-14 3.14015e-48 1.36877e-38
1.07455e-14 3.25859e-48 1.36877e-38
1.07938e-14 3.38134e-48 1.36877e-38
1.08425e-14 3.50856e-48 1.36877e-38
1.08913e-14 3.6404e-48 1.36877e-38
1.09403e-14 3.77702e-48 1.36877e-38
1.09896e-14 3.91859e-48 1.36877e-38
1.10391e-14 4.06528e-48 1.36877e-38
1.10888e-14 4.21727e-48 1.36877e-38
1.11388e-14 4.37475e-48 1.36877e-38
1.11889e-14 4.5379e-48 1.36877e-38
1.12393e-14 4.70691e-48 1.36877e-38
1.12899e-14 4.88201e-48 1.36877e-38
1.13408e-14 5.06338e-48 1.36877e-38
1.13919e-14 5.25126e-48 1.36877e-38
1.14432e-14 5.44586e-48 1.36877e-38
1.14947e-14 5.64741e-48 1.36877e-38
1.15465e-14 5.85616e-48 1.36877e-38
1.15985e-14 6.07234e-48 1.36877e-38
1.16507e-14 6.29622e-48 1.36877e-38
1.17032e-14 6.52806e-48 1.36877e-38
1.17559e-14 6.76813e-48 1.36877e-38
1.18088e-14 7.01671e-48 1.36877e-38
1.1862e-14 7.27409e-48 1.36877e-38
1.19154e-14 7.54057e-48 1.36877e-38
1.19691e-14 7.81646e-48 1.36877e-38
1.2023e-14 8.10207e-48 1.36877e-38
1.20772e-14 8.39773e-48 1.36877e-38
1.21316e-14 8.70379e-48 1.36877e-38
1.21862e-14 9.0206e-48 1.36877e-38
1.22411e-14 9.34852e-48 1.36877e-38
1.22962e-14 9.68791e-48 1.36877e-38
1.23516e-14 1.00392e-47 1.36877e-38
1.24072e-14 1.04027e-47 1.36877e-38
1.24631e-14 1.07789e-47 1.36877e-38
1.25192e-14 1.11682e-47 1.36877e-38
1.25756e-14 1.1571e-47 1.36877e-38
1.26322e-14 1.19879e-47 1.36877e-38
1.26891e-14 1.24191e-47 1.36877e-38
1.27463e-14 1.28653e-47 1.36877e-38
1.28037e-14 1.3327e-47 1.36877e-38
1.28613e-14 1.38046e-47 1.36877e-38
1.29193e-14 1.42986e-47 1.36877e-38
1.29775e-14 1.48097e-47 1.36877e-38
1.30359e-14 1.53383e-47 1.36877e-38
1.30946e-14 1.58851e-47 1.36877e-38
1.31536e-14 1.64506e-47 1.36877e-38
1.32128e-14 1.70355e-47 1.36877e-38
1.32723e-14 1.76404e-47 1.36877e-38
1.33321e-14 1.82659e-47 1.36877e-38
1.33922e-14 1.89127e-47 1.36877e-38
1.34525e-14 1.95816e-47 1.36877e-38
1.35131e-14 2.02733e-47 1.36877e-38
1.35739e-14 2.09884e-47 1.36877e-38
1.3635e-14 2.17277e-47 1.36877e-38
1.36965e-14 2.24921e-47 1.36877e-38
1.37581e-14 2.32823e-47 1.36877e-38
1.38201e-14 2.40992e-47 1.36877e-38
1.38823e-14 2.49436e-47 1.36877e-38
1.39449e-14 2.58164e-47 1.36877e-38
1.40077e-14 2.67186e-47 1.36877e-38
1.40708e-14 2.76511e-47 1.36877e-38
1.41341e-14 2.86148e-47 1.36877e-38
1.41978e-14 2.96107e-47 1.36877e-38
1.42617e-14 3.06399e-47 1.36877e-38
1.4326e-14 3.17035e-47 1.36877e-38
1.43905e-14 3.28025e-47 1.36877e-38
1.44553e-14 3.39381e-47 1.36877e-38
1.45204e-14 3.51115e-47 1.36877e-38
1.45858e-14 3.63237e-47 1.36877e-38
1.46515e-14 3.75761e-47 1.36877e-38
1.47175e-14 3.88699e-47 1.36877e-38
1.47837e-14 4.02065e-47 1.36877e-38
1.48503e-14 4.15871e-47 1.36877e-38
1.49172e-14 4.30133e-47 1.36877e-38
1.49844e-14 4.44863e-47 1.36877e-38
1.50519e-14 4.60077e-47 1.36877e-38
1.51197e-14 4.7579e-47 1.36877e-38
1.51878e-14 4.92017e-47 1.36877e-38
1.52562e-14 5.08775e-47 1.36877e-38
1.53249e-14 5.26079e-47 1.36877e-38
1.53939e-14 5.43948e-47 1.36877e-38
1.54632e-14 5.62399e-47 1.36877e-38
1.55329e-14 5.81449e-47 1.36877e-38
1.56028e-14 6.01118e-47 1.36877e-38
1.56731e-14 6.21424e-47 1.36877e-38
1.57437e-14 6.42386e-47 1.36877e-38
1.58146e-14 6.64027e-47 1.36877e-38
1.58858e-14 6.86365e-47 1.36877e-38
1.59573e-14 7.09423e-47 1.36877e-38
1.60292e-14 7.33222e-47 1.36877e-38
1.61014e-14 7.57786e-47 1.36877e-38
1.61739e-14 7.83138e-47 1.36877e-38
1.62468e-14 8.09301e-47 1.36877e-38
1.63199e-14 8.36301e-47 1.36877e-38
1.63934e-14 8.64162e-47 1.36877e-38
1.64673e-14 8.92912e-47 1.36877e-38
1.65414e-14 9.22577e-47 1.36877e-38
1.66159e-14 9.53185e-47 1.36877e-38
1.66908e-14 9.84763e-47 1.36877e-38
1.67659e-14 1.01734e-46 1.36877e-38
1.68414e-14 1.05095e-46 1.36877e-38
1.69173e-14 1.08562e-46 1.36877e-38
1.69935e-14 1.12139e-46 1.36877e-38
1.707e-14 1.15828e-46 1.36877e-38
1.71469e-14 1.19633e-46 1.36877e-38
1.72241e-14 1.23558e-46 1.36877e-38
1.73017e-14 1.27605e-46 1.36877e-38
1.73796e-14 1.3178e-46 1.36877e-38
1.74579e-14 1.36085e-46 1.36877e-38
1.75365e-14 1.40524e-46 1.36877e-38
1.76155e-14 1.45101e-46 1.36877e-38
1.76948e-14 1.49821e-46 1.36877e-38
1.77745e-14 1.54687e-46 1.36877e-38
1.78546e-14 1.59704e-46 1.36877e-38
1.7935e-14 1.64877e-46 1.36877e-38
1.80158e-14 1.7021e-46 1.36877e-38
1.80969e-14 1.75707e-46 1.36877e-38
1.81784e-14 1.81373e-46 1.36877e-38
1.82603e-14 1.87214e-46 1.36877e-38
1.83425e-14 1.93235e-46 1.36877e-38
1.84251e-14 1.9944e-46 1.36877e-38
1.85081e-14 2.05835e-46 1.36877e-38
1.85914e-14 2.12425e-46 1.36877e-38
1.86752e-14 2.19217e-46 1.36877e-38
1.87593e-14 2.26216e-46 1.36877e-38
1.88438e-14 2.33428e-46 1.36877e-38
1.89286e-14 2.40859e-46 1.36877e-38
1.90139e-14 2.48516e-46 1.36877e-38
1.90995e-14 2.56404e-46 1.36877e-38
1.91855e-14 2.64531e-46 1.36877e-38
1.92719e-14 2.72904e-46 1.36877e-38
1.93587e-14 2.81529e-46 1.36877e-38
1.94459e-14 2.90413e-46 1.36877e-38
1.95335e-14 2.99565e-46 1.36877e-38
1.96215e-14 3.08991e-46 1.36877e-38
1.97098e-14 3.18699e-46 1.36877e-38
1.97986e-14 3.28698e-46 1.36877e-38
1.98878e-14 3.38995e-46 1.36877e-38
1.99774e-14 3.496e-46 1.36877e-38
2.00673e-14 3.6052e-46 1.36877e-38
2.01577e-14 3.71764e-46 1.36877e-38
2.02485e-14 3.83342e-46 1.36877e-38
2.03397e-14 3.95263e-46 1.36877e-38
2.04313e-14 4.07537e-46 1.36877e-38
2.05233e-14 4.20173e-46 1.36877e-38
2.06157e-14 4.33182e-46 1.36877e-38
2.07086e-14 4.46573e-46 1.36877e-38
2.08018e-14 4.60358e-46 1.36877e-38
2.08955e-14 4.74547e-46 1.36877e-38
2.09896e-14 4.89152e-46 1.36877e-38
2.10842e-14 5.04184e-46 1.36877e-38
2.11791e-14 5.19654e-46 1.36877e-38
2.12745e-14 5.35576e-46 1.36877e-38
2.13703e-14 5.5196e-46 1.36877e-38
2.14666e-14 5.68821e-46 1.36877e-38
2.15632e-14 5.86171e-46 1.36876e-38
2.16604e-14 6.04022e-46 1.36876e-38
2.17579e-14 6.2239e-46 1.36876e-38
2.18559e-14 6.41288e-46 1.36876e-38
2.19543e-14 6.60731e-46 1.36876e-38
2.20532e-14 6.80732e-46 1.36876e-38
2.21525e-14 7.01308e-46 1.36876e-38
2.22523e-14 7.22474e-46 1.36876e-38
2.23525e-14 7.44245e-46 1.36876e-38
2.24532e-14 7.66639e-46 1.36876e-38
2.25543e-14 7.89671e-46 1.36876e-38
2.26559e-14 8.13359e-46 1.36876e-38
2.27579e-14 8.3772e-46 1.36876e-38
2.28604e-14 8.62773e-46 1.36876e-38
2.29634e-14 8.88535e-46 1.36876e-38
2.30668e-14 9.15027e-46 1.36876e-38
2.31707e-14 9.42266e-46 1.36876e-38
2.3275e-14 9.70273e-46 1.36876e-38
2.33799e-14 9.99068e-46 1.36876e-38
2.34852e-14 1.02867e-45 1.36876e-38
2.35909e-14 1.05911e-45 1.36876e-38
2.36972e-14 1.09039e-45 1.36876e-38
2.38039e-14 1.12255e-45 1.36876e-38
2.39111e-14 1.15561e-45 1.36876e-38
2.40188e-14 1.18959e-45 1.36876e-38
2.4127e-14 1.22452e-45 1.36876e-38
2.42356e-14 1.26041e-45 1.36876e-38
2.43448e-14 1.2973e-45 1.36876e-38
2.44544e-14 1.33521e-45 1.36876e-38
2.45646e-14 1.37416e-45 1.36876e-38
2.46752e-14 1.41419e-45 1.36876e-38
2.47863e-14 1.45532e-45 1.36876e-38
2.4898e-14 1.49758e-45 1.36876e-38
2.50101e-14 1.54101e-45 1.36876e-38
2.51227e-14 1.58561e-45 1.36876e-38
2.52359e-14 1.63144e-45 1.36876e-38
2.53495e-14 1.67852e-45 1.36876e-38
2.54637e-14 1.72688e-45 1.36876e-38
2.55784e-14 1.77656e-45 1.36876e-38
2.56936e-14 1.82758e-45 1.36876e-38
2.58093e-14 1.87999e-45 1.36876e-38
2.59255e-14 1.93381e-45 1.36876e-38
2.60423e-14 1.98909e-45 1.36876e-38
2.61596e-14 2.04586e-45 1.36876e-38
2.62774e-14 2.10415e-45 1.36876e-38
2.63957e-14 2.16401e-45 1.36876e-38
2.65146e-14 2.22548e-45 1.36876e-38
2.6634e-14 2.28859e-45 1.36876e-38
2.6754e-14 2.35338e-45 1.36876e-38
2.68745e-14 2.4199e-45 1.36876e-38
2.69955e-14 2.4882e-45 1.36876e-38
2.71171e-14 2.55831e-45 1.36876e-38
2.72392e-14 2.63027e-45 1.36876e-38
2.73619e-14 2.70415e-45 1.36876e-38
2.74851e-14 2.77997e-45 1.36876e-38
2.76089e-14 2.8578e-45 1.36876e-38
2.77332e-14 2.93767e-45 1.36876e-38
2.78581e-14 3.01965e-45 1.36876e-38
2.79836e-14 3.10377e-45 1.36876e-38
2.81096e-14 3.1901e-45 1.36876e-38
2.82362e-14 3.27869e-45 1.36876e-38
2.83634e-14 3.36958e-45 1.36876e-38
2.84912e-14 3.46285e-45 1.36875e-38
2.86195e-14 3.55854e-45 1.36875e-38
2.87484e-14 3.65671e-45 1.36875e-38
2.88778e-14 3.75743e-45 1.36875e-38
2.90079e-14 3.86075e-45 1.36875e-38
2.91385e-14 3.96674e-45 1.36875e-38
2.92698e-14 4.07546e-45 1.36875e-38
2.94016e-14 4.18697e-45 1.36875e-38
2.9534e-14 4.30135e-45 1.36875e-38
2.9667e-14 4.41866e-45 1.36875e-38
2.98006e-14 4.53896e-45 1.36875e-38
2.99348e-14 4.66234e-45 1.36875e-38
3.00697e-14 4.78886e-45 1.36875e-38
3.02051e-14 4.9186e-45 1.36875e-38
3.03411e-14 5.05163e-45 1.36875e-38
3.04778e-14 5.18804e-45 1.36875e-38
3.0615e-14 5.32789e-45 1.36875e-38
3.07529e-14 5.47127e-45 1.36875e-38
3.08914e-14 5.61827e-45 1.36875e-38
3.10305e-14 5.76896e-45 1.36875e-38
3.11703e-14 5.92344e-45 1.36875e-38
3.13107e-14 6.08178e-45 1.36875e-38
3.14517e-14 6.24409e-45 1.36874e-38
3.15933e-14 6.41044e-45 1.36874e-38
3.17356e-14 6.58094e-45 1.36874e-38
3.18786e-14 6.75568e-45 1.36874e-38
3.20221e-14 6.93475e-45 1.36874e-38
3.21663e-14 7.11826e-45 1.36874e-38
3.23112e-14 7.30631e-45 1.36874e-38
3.24567e-14 7.49899e-45 1.36874e-38
3.26029e-14 7.69642e-45 1.36874e-38
3.27497e-14 7.89871e-45 1.36874e-38
3.28972e-14 8.10595e-45 1.36874e-38
3.30454e-14 8.31827e-45 1.36874e-38
3.31942e-14 8.53578e-45 1.36874e-38
3.33437e-14 8.7586e-45 1.36874e-38
3.34939e-14 8.98684e-45 1.36873e-38
3.36447e-14 9.22062e-45 1.36873e-38
3.37963e-14 9.46007e-45 1.36873e-38
3.39485e-14 9.70532e-45 1.36873e-38
3.41014e-14 9.95649e-45 1.36873e-38
3.42549e-14 1.02137e-44 1.36873e-38
3.44092e-14 1.04771e-44 1.36873e-38
3.45642e-14 1.07469e-44 1.36873e-38
3.47199e-14 1.10231e-44 1.36873e-38
3.48762e-14 1.13059e-44 1.36873e-38
3.50333e-14 1.15954e-44 1.36872e-38
3.51911e-14 1.18919e-44 1.36872e-38
3.53496e-14 1.21954e-44 1.36872e-38
3.55088e-14 1.25061e-44 1.36872e-38
3.56687e-14 1.28242e-44 1.36872e-38
3.58293e-14 1.31498e-44 1.36872e-38
3.59907e-14 1.3483e-44 1.36872e-38
3.61528e-14 1.38241e-44 1.36872e-38
3.63156e-14 1.41733e-44 1.36871e-38
3.64792e-14 1.45306e-44 1.36871e-38
3.66435e-14 1.48962e-44 1.36871e-38
3.68085e-14 1.52704e-44 1.36871e-38
3.69743e-14 1.56534e-44 1.36871e-38
3.71408e-14 1.60452e-44 1.36871e-38
3.73081e-14 1.64461e-44 1.3687e-38
3.74761e-14 1.68563e-44 1.3687e-38
3.76449e-14 1.7276e-44 1.3687e-38
3.78144e-14 1.77054e-44 1.3687e-38
3.79847e-14 1.81447e-44 1.3687e-38
3.81558e-14 1.8594e-44 1.3687e-38
3.83276e-14 1.90537e-44 1.36869e-38
3.85002e-14 1.95238e-44 1.36869e-38
3.86736e-14 2.00047e-44 1.36869e-38
3.88478e-14 2.04966e-44 1.36869e-38
3.90228e-14 2.09996e-44 1.36869e-38
3.91985e-14 2.15141e-44 1.36868e-38
3.93751e-14 2.20402e-44 1.36868e-38
3.95524e-14 2.25782e-44 1.36868e-38
3.97305e-14 2.31283e-44 1.36868e-38
3.99095e-14 2.36908e-44 1.36868e-38
4.00892e-14 2.42659e-44 1.36867e-38
4.02698e-14 2.4854e-44 1.36867e-38
4.04511e-14 2.54551e-44 1.36867e-38
4.06333e-14 2.60697e-44 1.36867e-38
4.08163e-14 2.6698e-44 1.36866e-38
4.10001e-14 2.73402e-44 1.36866e-38
4.11848e-14 2.79967e-44 1.36866e-38
4.13703e-14 2.86677e-44 1.36865e-38
4.15566e-14 2.93535e-44 1.36865e-38
4.17437e-14 3.00544e-44 1.36865e-38
4.19317e-14 3.07707e-44 1.36865e-38
4.21206e-14 3.15028e-44 1.36864e-38
4.23103e-14 3.22508e-44 1.36864e-38
4.25008e-14 3.30152e-44 1.36864e-38
4.26922e-14 3.37963e-44 1.36863e-38
4.28845e-14 3.45943e-44 1.36863e-38
4.30777e-14 3.54097e-44 1.36863e-38
4.32717e-14 3.62427e-44 1.36862e-38
4.34666e-14 3.70938e-44 1.36862e-38
4.36623e-14 3.79631e-44 1.36862e-38
4.3859e-14 3.88512e-44 1.36861e-38
4.40565e-14 3.97583e-44 1.36861e-38
4.42549e-14 4.06849e-44 1.3686e-38
4.44542e-14 4.16313e-44 1.3686e-38
4.46544e-14 4.25978e-44 1.3686e-38
4.48555e-14 4.35849e-44 1.36859e-38
4.50575e-14 4.4593e-44 1.36859e-38
4.52605e-14 4.56224e-44 1.36858e-38
4.54643e-14 4.66736e-44 1.36858e-38
4.56691e-14 4.7747e-44 1.36857e-38
4.58748e-14 4.88429e-44 1.36857e-38
4.60814e-14 4.99619e-44 1.36856e-38
4.62889e-14 5.11043e-44 1.36856e-38
4.64974e-14 5.22705e-44 1.36855e-38
4.67068e-14 5.34611e-44 1.36855e-38
4.69171e-14 5.46765e-44 1.36854e-38
4.71284e-14 5.59171e-44 1.36854e-38
4.73407e-14 5.71834e-44 1.36853e-38
4.75539e-14 5.84758e-44 1.36853e-38
4.77681e-14 5.97949e-44 1.36852e-38
4.79832e-14 6.11412e-44 1.36851e-38
4.81993e-14 6.25151e-44 1.36851e-38
4.84164e-14 6.39171e-44 1.3685e-38
4.86344e-14 6.53478e-44 1.3685e-38
4.88535e-14 6.68076e-44 1.36849e-38
4.90735e-14 6.82971e-44 1.36848e-38
4.92945e-14 6.98169e-44 1.36848e-38
4.95165e-14 7.13674e-44 1.36847e-38
4.97395e-14 7.29492e-44 1.36846e-38
4.99635e-14 7.45629e-44 1.36845e-38
5.01886e-14 7.6209e-44 1.36845e-38
5.04146e-14 7.78882e-44 1.36844e-38
5.06416e-14 7.96009e-44 1.36843e-38
5.08697e-14 8.13478e-44 1.36842e-38
5.10988e-14 8.31296e-44 1.36842e-38
5.13289e-14 8.49467e-44 1.36841e-38
5.15601e-14 8.67998e-44 1.3684e-38
5.17923e-14 8.86896e-44 1.36839e-38
5.20256e-14 9.06167e-44 1.36838e-38
5.22599e-14 9.25817e-44 1.36837e-38
5.24953e-14 9.45853e-44 1.36836e-38
5.27317e-14 9.66281e-44 1.36835e-38
5.29692e-14 9.87108e-44 1.36834e-38
5.32077e-14 1.00834e-43 1.36833e-38
5.34474e-14 1.02999e-43 1.36832e-38
5.36881e-14 1.05205e-43 1.36831e-38
5.39299e-14 1.07455e-43 1.3683e-38
5.41728e-14 1.09747e-43 1.36829e-38
5.44167e-14 1.12084e-43 1.36828e-38
5.46618e-14 1.14466e-43 1.36827e-38
5.4908e-14 1.16894e-43 1.36826e-38
5.51553e-14 1.19367e-43 1.36825e-38
5.54037e-14 1.21888e-43 1.36823e-38
5.56532e-14 1.24457e-43 1.36822e-38
5.59039e-14 1.27075e-43 1.36821e-38
5.61556e-14 1.29742e-43 1.3682e-38
5.64085e-14 1.3246e-43 1.36818e-38
5.66626e-14 1.35229e-43 1.36817e-38
5.69178e-14 1.3805e-43 1.36816e-38
5.71741e-14 1.40923e-43 1.36814e-38
5.74316e-14 1.43851e-43 1.36813e-38
5.76903e-14 1.46833e-43 1.36812e-38
5.79501e-14 1.4987e-43 1.3681e-38
5.82111e-14 1.52964e-43 1.36809e-38
5.84732e-14 1.56115e-43 1.36807e-38
5.87366e-14 1.59325e-43 1.36805e-38
5.90011e-14 1.62593e-43 1.36804e-38
5.92668e-14 1.65921e-43 1.36802e-38
5.95338e-14 1.69311e-43 1.36801e-38
5.98019e-14 1.72762e-43 1.36799e-38
6.00712e-14 1.76276e-43 1.36797e-38
6.03418e-14 1.79854e-43 1.36795e-38
6.06135e-14 1.83497e-43 1.36794e-38
6.08865e-14 1.87206e-43 1.36792e-38
6.11607e-14 1.90982e-43 1.3679e-38
6.14362e-14 1.94826e-43 1.36788e-38
6.17129e-14 1.98738e-43 1.36786e-38
6.19908e-14 2.02721e-43 1.36784e-38
6.227e-14 2.06775e-43 1.36782e-38
6.25504e-14 2.10901e-43 1.3678e-38
6.28321e-14 2.151e-43 1.36778e-38
6.31151e-14 2.19374e-43 1.36776e-38
6.33994e-14 2.23723e-43 1.36774e-38
6.36849e-14 2.28149e-43 1.36771e-38
6.39717e-14 2.32652e-43 1.36769e-38
6.42598e-14 2.37235e-43 1.36767e-38
6.45492e-14 2.41897e-43 1.36764e-38
6.484e-14 2.46641e-43 1.36762e-38
6.5132e-14 2.51467e-43 1.36759e-38
6.54253e-14 2.56377e-43 1.36757e-38
6.572e-14 2.61372e-43 1.36754e-38
6.6016e-14 2.66452e-43 1.36752e-38
6.63133e-14 2.71621e-43 1.36749e-38
6.66119e-14 2.76878e-43 1.36746e-38
6.69119e-14 2.82224e-43 1.36744e-38
6.72133e-14 2.87662e-43 1.36741e-38
6.7516e-14 2.93193e-43 1.36738e-38
6.78201e-14 2.98817e-43 1.36735e-38
6.81255e-14 3.04536e-43 1.36732e-38
6.84323e-14 3.10352e-43 1.36729e-38
6.87405e-14 3.16266e-43 1.36726e-38
6.90501e-14 3.22278e-43 1.36723e-38
6.93611e-14 3.28392e-43 1.36719e-38
6.96735e-14 3.34607e-43 1.36716e-38
6.99873e-14 3.40926e-43 1.36713e-38
7.03025e-14 3.47349e-43 1.36709e-38
7.06191e-14 3.53879e-43 1.36706e-38
7.09371e-14 3.60516e-43 1.36702e-38
7.12566e-14 3.67263e-43 1.36699e-38
7.15775e-14 3.7412e-43 1.36695e-38
7.18999e-14 3.8109e-43 1.36691e-38
7.22237e-14 3.88173e-43 1.36688e-38
7.2549e-14 3.95371e-43 1.36684e-38
7.28757e-14 4.02685e-43 1.3668e-38
7.32039e-14 4.10118e-43 1.36676e-38
7.35336e-14 4.17671e-43 1.36672e-38
7.38648e-14 4.25345e-43 1.36667e-38
7.41975e-14 4.33142e-43 1.36663e-38
7.45316e-14 4.41064e-43 1.36659e-38
7.48673e-14 4.49112e-43 1.36654e-38
7.52045e-14 4.57288e-43 1.3665e-38
7.55432e-14 4.65593e-43 1.36645e-38
7.58834e-14 4.74029e-43 1.36641e-38
7.62252e-14 4.82598e-43 1.36636e-38
7.65685e-14 4.91302e-43 1.36631e-38
7.69133e-14 5.00141e-43 1.36626e-38
7.72597e-14 5.09119e-43 1.36621e-38
7.76076e-14 5.18236e-43 1.36616e-38
7.79572e-14 5.27495e-43 1.36611e-38
7.83083e-14 5.36897e-43 1.36606e-38
7.86609e-14 5.46443e-43 1.366e-38
7.90152e-14 5.56136e-43 1.36595e-38
7.93711e-14 5.65978e-43 1.36589e-38
7.97285e-14 5.7597e-43 1.36584e-38
8.00876e-14 5.86115e-43 1.36578e-38
8.04483e-14 5.96413e-43 1.36572e-38
8.08106e-14 6.06867e-43 1.36566e-38
8.11746e-14 6.17479e-43 1.3656e-38
8.15402e-14 6.2825e-43 1.36554e-38
8.19074e-14 6.39183e-43 1.36547e-38
8.22763e-14 6.50279e-43 1.36541e-38
8.26468e-14 6.6154e-43 1.36535e-38
8.3019e-14 6.72969e-43 1.36528e-38
8.33929e-14 6.84566e-43 1.36521e-38
8.37685e-14 6.96335e-43 1.36514e-38
8.41458e-14 7.08277e-43 1.36507e-38
8.45247e-14 7.20394e-43 1.365e-38
8.49054e-14 7.32688e-43 1.36493e-38
8.52878e-14 7.45161e-43 1.36486e-38
8.56719e-14 7.57816e-43 1.36478e-38
8.60578e-14 7.70653e-43 1.36471e-38
8.64453e-14 7.83676e-43 1.36463e-38
8.68347e-14 7.96886e-43 1.36455e-38
8.72257e-14 8.10285e-43 1.36447e-38
8.76186e-14 8.23875e-43 1.36439e-38
8.80132e-14 8.37659e-43 1.36431e-38
8.84096e-14 8.51639e-43 1.36423e-38
8.88077e-14 8.65816e-43 1.36414e-38
8.92077e-14 8.80194e-43 1.36405e-38
8.96095e-14 8.94773e-43 1.36397e-38
9.00131e-14 9.09556e-43 1.36388e-38
9.04184e-14 9.24546e-43 1.36379e-38
9.08257e-14 9.39744e-43 1.36369e-38
9.12347e-14 9.55153e-43 1.3636e-38
9.16456e-14 9.70774e-43 1.3635e-38
9.20584e-14 9.86611e-43 1.36341e-38
9.2473e-14 1.00266e-42 1.36331e-38
9.28894e-14 1.01894e-42 1.36321e-38
9.33078e-14 1.03543e-42 1.36311e-38
9.3728e-14 1.05215e-42 1.363e-38
9.41501e-14 1.0691e-42 1.3629e-38
9.45742e-14 1.08627e-42 1.36279e-38
9.50001e-14 1.10368e-42 1.36268e-38
9.54279e-14 1.12131e-42 1.36257e-38
9.58577e-14 1.13919e-42 1.36246e-38
9.62894e-14 1.1573e-42 1.36234e-38
9.67231e-14 1.17565e-42 1.36223e-38
9.71587e-14 1.19424e-42 1.36211e-38
9.75963e-14 1.21308e-42 1.36199e-38
9.80358e-14 1.23216e-42 1.36187e-38
9.84774e-14 1.2515e-42 1.36175e-38
9.89209e-14 1.27108e-42 1.36162e-38
9.93664e-14 1.29092e-42 1.3615e-38
9.98139e-14 1.31101e-42 1.36137e-38
1.00263e-13 1.33137e-42 1.36124e-38
1.00715e-13 1.35198e-42 1.3611e-38
1.01169e-13 1.37286e-42 1.36097e-38
1.01624e-13 1.394e-42 1.36083e-38
1.02082e-13 1.41542e-42 1.36069e-38
1.02542e-13 1.4371e-42 1.36055e-38
1.03003e-13 1.45905e-42 1.3604e-38
1.03467e-13 1.48128e-42 1.36026e-38
1.03933e-13 1.50379e-42 1.36011e-38
1.04401e-13 1.52658e-42 1.35996e-38
1.04872e-13 1.54965e-42 1.35981e-38
1.05344e-13 1.57301e-42 1.35965e-38
1.05818e-13 1.59665e-42 1.3595e-38
1.06295e-13 1.62058e-42 1.35934e-38
1.06774e-13 1.64481e-42 1.35917e-38
1.07255e-13 1.66933e-42 1.35901e-38
1.07738e-13 1.69414e-42 1.35884e-38
1.08223e-13 1.71926e-42 1.35867e-38
1.0871e-13 1.74468e-42 1.3585e-38
1.092e-13 1.7704e-42 1.35833e-38
1.09692e-13 1.79643e-42 1.35815e-38
1.10186e-13 1.82277e-42 1.35797e-38
1.10682e-13 1.84941e-42 1.35779e-38
1.1118e-13 1.87638e-42 1.3576e-38
1.11681e-13 1.90366e-42 1.35742e-38
1.12184e-13 1.93126e-42 1.35722e-38
1.12689e-13 1.95917e-42 1.35703e-38
1.13197e-13 1.98742e-42 1.35684e-38
1.13707e-13 2.01599e-42 1.35664e-38
1.14219e-13 2.04488e-42 1.35644e-38
1.14733e-13 2.07411e-42 1.35623e-38
1.1525e-13 2.10367e-42 1.35602e-38
1.15769e-13 2.13357e-42 1.35581e-38
1.1629e-13 2.1638e-42 1.3556e-38
1.16814e-13 2.19438e-42 1.35538e-38
1.1734e-13 2.2253e-42 1.35516e-38
1.17869e-13 2.25656e-42 1.35494e-38
1.18399e-13 2.28817e-42 1.35472e-38
1.18933e-13 2.32013e-42 1.35449e-38
1.19468e-13 2.35244e-42 1.35425e-38
1.20006e-13 2.3851e-42 1.35402e-38
1.20547e-13 2.41813e-42 1.35378e-38
1.2109e-13 2.45151e-42 1.35354e-38
1.21635e-13 2.48525e-42 1.35329e-38
1.22183e-13 2.51936e-42 1.35305e-38
1.22733e-13 2.55383e-42 1.35279e-38
1.23286e-13 2.58867e-42 1.35254e-38
1.23841e-13 2.62388e-42 1.35228e-38
1.24399e-13 2.65947e-42 1.35202e-38
1.24959e-13 2.69543e-42 1.35175e-38
1.25522e-13 2.73176e-42 1.35148e-38
1.26087e-13 2.76848e-42 1.35121e-38
1.26655e-13 2.80558e-42 1.35093e-38
1.27226e-13 2.84306e-42 1.35065e-38
1.27799e-13 2.88093e-42 1.35037e-38
1.28374e-13 2.91918e-42 1.35008e-38
1.28952e-13 2.95783e-42 1.34979e-38
1.29533e-13 2.99687e-42 1.34949e-38
1.30116e-13 3.0363e-42 1.34919e-38
1.30702e-13 3.07613e-42 1.34889e-38
1.31291e-13 3.11635e-42 1.34858e-38
1.31882e-13 3.15698e-42 1.34827e-38
1.32476e-13 3.19801e-42 1.34795e-38
1.33073e-13 3.23945e-42 1.34763e-38
1.33672e-13 3.28129e-42 1.34731e-38
1.34274e-13 3.32354e-42 1.34698e-38
1.34879e-13 3.3662e-42 1.34665e-38
1.35487e-13 3.40928e-42 1.34631e-38
1.36097e-13 3.45277e-42 1.34597e-38
1.3671e-13 3.49667e-42 1.34563e-38
1.37325e-13 3.541e-42 1.34528e-38
1.37944e-13 3.58574e-42 1.34492e-38
1.38565e-13 3.6309e-42 1.34456e-38
1.39189e-13 3.67649e-42 1.3442e-38
1.39816e-13 3.72251e-42 1.34383e-38
1.40446e-13 3.76895e-42 1.34346e-38
1.41078e-13 3.81582e-42 1.34308e-38
1.41714e-13 3.86312e-42 1.3427e-38
1.42352e-13 3.91085e-42 1.34232e-38
1.42993e-13 3.95902e-42 1.34192e-38
1.43637e-13 4.00762e-42 1.34153e-38
1.44284e-13 4.05666e-42 1.34113e-38
1.44934e-13 4.10613e-42 1.34072e-38
1.45586e-13 4.15605e-42 1.34031e-38
1.46242e-13 4.20641e-42 1.3399e-38
1.46901e-13 4.25721e-42 1.33948e-38
1.47562e-13 4.30846e-42 1.33905e-38
1.48227e-13 4.36015e-42 1.33862e-38
1.48894e-13 4.41229e-42 1.33818e-38
1.49565e-13 4.46487e-42 1.33774e-38
1.50239e-13 4.51791e-42 1.33729e-38
1.50915e-13 4.57139e-42 1.33684e-38
1.51595e-13 4.62533e-42 1.33639e-38
1.52278e-13 4.67973e-42 1.33592e-38
1.52963e-13 4.73457e-42 1.33546e-38
1.53652e-13 4.78987e-42 1.33498e-38
1.54344e-13 4.84563e-42 1.3345e-38
1.5504e-13 4.90185e-42 1.33402e-38
1.55738e-13 4.95852e-42 1.33353e-38
1.56439e-13 5.01566e-42 1.33303e-38
1.57144e-13 5.07325e-42 1.33253e-38
1.57851e-13 5.13131e-42 1.33202e-38
1.58562e-13 5.18982e-42 1.33151e-38
1.59277e-13 5.2488e-42 1.33099e-38
1.59994e-13 5.30825e-42 1.33047e-38
1.60714e-13 5.36815e-42 1.32994e-38
1.61438e-13 5.42852e-42 1.3294e-38
1.62165e-13 5.48936e-42 1.32886e-38
1.62896e-13 5.55067e-42 1.32831e-38
1.63629e-13 5.61244e-42 1.32775e-38
1.64366e-13 5.67467e-42 1.32719e-38
1.65106e-13 5.73738e-42 1.32662e-38
1.6585e-13 5.80055e-42 1.32605e-38
1.66597e-13 5.86419e-42 1.32547e-38
1.67347e-13 5.9283e-42 1.32488e-38
1.68101e-13 5.99288e-42 1.32429e-38
1.68858e-13 6.05792e-42 1.32369e-38
1.69619e-13 6.12344e-42 1.32309e-38
1.70382e-13 6.18942e-42 1.32247e-38
1.7115e-13 6.25588e-42 1.32185e-38
1.71921e-13 6.3228e-42 1.32123e-38
1.72695e-13 6.39019e-42 1.3206e-38
1.73473e-13 6.45805e-42 1.31996e-38
1.74254e-13 6.52638e-42 1.31931e-38
1.75039e-13 6.59518e-42 1.31866e-38
1.75827e-13 6.66444e-42 1.318e-38
1.76619e-13 6.73417e-42 1.31733e-38
1.77414e-13 6.80438e-42 1.31666e-38
1.78213e-13 6.87504e-42 1.31598e-38
1.79016e-13 6.94618e-42 1.31529e-38
1.79822e-13 7.01778e-42 1.3146e-38
1.80632e-13 7.08984e-42 1.31389e-38
1.81446e-13 7.16238e-42 1.31319e-38
1.82263e-13 7.23537e-42 1.31247e-38
1.83084e-13 7.30883e-42 1.31175e-38
1.83908e-13 7.38275e-42 1.31102e-38
1.84736e-13 7.45713e-42 1.31028e-38
1.85568e-13 7.53198e-42 1.30953e-38
1.86404e-13 7.60728e-42 1.30878e-38
1.87244e-13 7.68304e-42 1.30802e-38
1.88087e-13 7.75926e-42 1.30725e-38
1.88934e-13 7.83594e-42 1.30647e-38
1.89785e-13 7.91307e-42 1.30569e-38
1.9064e-13 7.99065e-42 1.3049e-38
1.91498e-13 8.06869e-42 1.3041e-38
1.92361e-13 8.14718e-42 1.30329e-38
1.93227e-13 8.22612e-42 1.30248e-38
1.94097e-13 8.3055e-42 1.30165e-38
1.94972e-13 8.38534e-42 1.30082e-38
1.9585e-13 8.46561e-42 1.29999e-38
1.96732e-13 8.54633e-42 1.29914e-38
1.97618e-13 8.6275e-42 1.29828e-38
1.98508e-13 8.7091e-42 1.29742e-38
1.99402e-13 8.79114e-42 1.29655e-38
2.003e-13 8.87361e-42 1.29567e-38
2.01202e-13 8.95652e-42 1.29478e-38
2.02108e-13 9.03986e-42 1.29389e-38
2.03018e-13 9.12363e-42 1.29298e-38
2.03933e-13 9.20783e-42 1.29207e-38
2.04851e-13 9.29245e-42 1.29115e-38
2.05774e-13 9.37749e-42 1.29022e-38
2.067e-13 9.46296e-42 1.28928e-38
2.07631e-13 9.54884e-42 1.28834e-38
2.08566e-13 9.63514e-42 1.28738e-38
2.09506e-13 9.72185e-42 1.28642e-38
2.10449e-13 9.80897e-42 1.28545e-38
2.11397e-13 9.89649e-42 1.28447e-38
2.12349e-13 9.98442e-42 1.28348e-38
2.13306e-13 1.00728e-41 1.28248e-38
2.14266e-13 1.01615e-41 1.28147e-38
2.15231e-13 1.02506e-41 1.28046e-38
2.16201e-13 1.03401e-41 1.27943e-38
2.17174e-13 1.043e-41 1.2784e-38
2.18152e-13 1.05203e-41 1.27735e-38
2.19135e-13 1.0611e-41 1.2763e-38
2.20122e-13 1.07021e-41 1.27524e-38
2.21113e-13 1.07935e-41 1.27417e-38
2.22109e-13 1.08853e-41 1.27309e-38
2.23109e-13 1.09775e-41 1.272e-38
2.24114e-13 1.107e-41 1.2709e-38
2.25123e-13 1.11629e-41 1.2698e-38
2.26137e-13 1.12562e-41 1.26868e-38
2.27156e-13 1.13498e-41 1.26756e-38
2.28179e-13 1.14438e-41 1.26642e-38
2.29206e-13 1.15381e-41 1.26528e-38
2.30239e-13 1.16327e-41 1.26412e-38
2.31276e-13 1.17277e-41 1.26296e-38
2.32317e-13 1.18231e-41 1.26179e-38
2.33364e-13 1.19187e-41 1.2606e-38
2.34415e-13 1.20147e-41 1.25941e-38
2.3547e-13 1.2111e-41 1.25821e-38
2.36531e-13 1.22077e-41 1.257e-38
2.37596e-13 1.23046e-41 1.25578e-38
2.38666e-13 1.24018e-41 1.25455e-38
2.39741e-13 1.24994e-41 1.25331e-38
2.40821e-13 1.25972e-41 1.25206e-38
2.41905e-13 1.26954e-41 1.2508e-38
2.42995e-13 1.27938e-41 1.24953e-38
2.44089e-13 1.28926e-41 1.24825e-38
2.45188e-13 1.29916e-41 1.24696e-38
2.46293e-13 1.30908e-41 1.24566e-38
2.47402e-13 1.31904e-41 1.24435e-38
2.48516e-13 1.32902e-41 1.24303e-38
2.49635e-13 1.33903e-41 1.2417e-38
2.5076e-13 1.34906e-41 1.24036e-38
2.51889e-13 1.35912e-41 1.23902e-38
2.53023e-13 1.3692e-41 1.23766e-38
2.54163e-13 1.37931e-41 1.23629e-38
2.55308e-13 1.38944e-41 1.23491e-38
2.56458e-13 1.39959e-41 1.23352e-38
2.57613e-13 1.40976e-41 1.23212e-38
2.58773e-13 1.41996e-41 1.23071e-38
2.59938e-13 1.43018e-41 1.22929e-38
2.61109e-13 1.44042e-41 1.22786e-38
2.62285e-13 1.45068e-41 1.22642e-38
2.63466e-13 1.46095e-41 1.22497e-38
2.64653e-13 1.47125e-41 1.22351e-38
2.65845e-13 1.48157e-41 1.22204e-38
2.67042e-13 1.4919e-41 1.22055e-38
2.68245e-13 1.50225e-41 1.21906e-38
2.69453e-13 1.51262e-41 1.21756e-38
2.70666e-13 1.523e-41 1.21605e-38
2.71885e-13 1.5334e-41 1.21452e-38
2.7311e-13 1.54381e-41 1.21299e-38
2.7434e-13 1.55423e-41 1.21145e-38
2.75575e-13 1.56467e-41 1.20989e-38
2.76816e-13 1.57513e-41 1.20833e-38
2.78063e-13 1.58559e-41 1.20675e-38
2.79315e-13 1.59607e-41 1.20517e-38
2.80573e-13 1.60655e-41 1.20357e-38
2.81837e-13 1.61705e-41 1.20197e-38
2.83106e-13 1.62755e-41 1.20035e-38
2.84381e-13 1.63807e-41 1.19872e-38
2.85662e-13 1.64859e-41 1.19708e-38
2.86949e-13 1.65912e-41 1.19543e-38
2.88241e-13 1.66966e-41 1.19377e-38
2.89539e-13 1.6802e-41 1.19211e-38
2.90843e-13 1.69075e-41 1.19042e-38
2.92153e-13 1.7013e-41 1.18873e-38
2.93469e-13 1.71186e-41 1.18703e-38
2.9479e-13 1.72242e-41 1.18532e-38
2.96118e-13 1.73299e-41 1.1836e-38
2.97452e-13 1.74355e-41 1.18187e-38
2.98791e-13 1.75412e-41 1.18012e-38
3.00137e-13 1.76468e-41 1.17837e-38
3.01489e-13 1.77525e-41 1.1766e-38
3.02847e-13 1.78582e-41 1.17483e-38
3.0421e-13 1.79638e-41 1.17304e-38
3.05581e-13 1.80694e-41 1.17125e-38
3.06957e-13 1.8175e-41 1.16944e-38
3.08339e-13 1.82805e-41 1.16762e-38
3.09728e-13 1.8386e-41 1.16579e-38
3.11123e-13 1.84915e-41 1.16395e-38
3.12524e-13 1.85969e-41 1.16211e-38
3.13932e-13 1.87022e-41 1.16025e-38
3.15345e-13 1.88074e-41 1.15838e-38
3.16766e-13 1.89126e-41 1.15649e-38
3.18192e-13 1.90176e-41 1.1546e-38
3.19625e-13 1.91226e-41 1.1527e-38
3.21065e-13 1.92275e-41 1.15079e-38
3.22511e-13 1.93322e-41 1.14887e-38
3.23963e-13 1.94368e-41 1.14693e-38
3.25422e-13 1.95413e-41 1.14499e-38
3.26888e-13 1.96457e-41 1.14304e-38
3.2836e-13 1.97499e-41 1.14107e-38
3.29839e-13 1.98539e-41 1.1391e-38
3.31324e-13 1.99578e-41 1.13711e-38
3.32817e-13 2.00616e-41 1.13512e-38
3.34316e-13 2.01651e-41 1.13311e-38
3.35821e-13 2.02685e-41 1.13109e-38
3.37334e-13 2.03717e-41 1.12907e-38
3.38853e-13 2.04747e-41 1.12703e-38
3.40379e-13 2.05775e-41 1.12498e-38
3.41912e-13 2.068e-41 1.12292e-38
3.43452e-13 2.07824e-41 1.12086e-38
3.44999e-13 2.08845e-41 1.11878e-38
3.46552e-13 2.09863e-41 1.11669e-38
3.48113e-13 2.1088e-41 1.11459e-38
3.49681e-13 2.11893e-41 1.11248e-38
3.51256e-13 2.12904e-41 1.11036e-38
3.52838e-13 2.13913e-41 1.10823e-38
3.54427e-13 2.14919e-41 1.10609e-38
3.56023e-13 2.15921e-41 1.10394e-38
3.57627e-13 2.16921e-41 1.10179e-38
3.59237e-13 2.17918e-41 1.09962e-38
3.60855e-13 2.18912e-41 1.09744e-38
3.6248e-13 2.19903e-41 1.09525e-38
3.64113e-13 2.2089e-41 1.09305e-38
3.65753e-13 2.21874e-41 1.09084e-38
3.674e-13 2.22855e-41 1.08862e-38
3.69055e-13 2.23832e-41 1.08639e-38
3.70717e-13 2.24806e-41 1.08415e-38
3.72386e-13 2.25776e-41 1.08191e-38
3.74063e-13 2.26742e-41 1.07965e-38
3.75748e-13 2.27704e-41 1.07738e-38
3.7744e-13 2.28663e-41 1.0751e-38
3.7914e-13 2.29618e-41 1.07282e-38
3.80848e-13 2.30569e-41 1.07052e-38
3.82563e-13 2.31515e-41 1.06822e-38
3.84286e-13 2.32458e-41 1.0659e-38
3.86017e-13 2.33396e-41 1.06358e-38
3.87755e-13 2.3433e-41 1.06124e-38
3.89502e-13 2.35259e-41 1.0589e-38
3.91256e-13 2.36184e-41 1.05655e-38
3.93018e-13 2.37105e-41 1.05418e-38
3.94788e-13 2.38021e-41 1.05181e-38
3.96566e-13 2.38932e-41 1.04943e-38
3.98352e-13 2.39838e-41 1.04704e-38
4.00146e-13 2.4074e-41 1.04465e-38
4.01948e-13 2.41637e-41 1.04224e-38
4.03758e-13 2.42528e-41 1.03982e-38
4.05577e-13 2.43415e-41 1.0374e-38
4.07403e-13 2.44296e-41 1.03496e-38
4.09238e-13 2.45172e-41 1.03252e-38
4.11081e-13 2.46043e-41 1.03007e-38
4.12933e-13 2.46909e-41 1.02761e-38
4.14792e-13 2.47769e-41 1.02514e-38
4.16661e-13 2.48624e-41 1.02266e-38
4.18537e-13 2.49473e-41 1.02017e-38
4.20422e-13 2.50316e-41 1.01768e-38
4.22315e-13 2.51154e-41 1.01518e-38
4.24217e-13 2.51986e-41 1.01266e-38
4.26128e-13 2.52812e-41 1.01014e-38
4.28047e-13 2.53632e-41 1.00762e-38
4.29975e-13 2.54447e-41 1.00508e-38
4.31911e-13 2.55255e-41 1.00254e-38
4.33857e-13 2.56057e-41 9.99983e-39
4.35811e-13 2.56853e-41 9.97423e-39
4.37773e-13 2.57643e-41 9.94854e-39
4.39745e-13 2.58426e-41 9.92278e-39
4.41725e-13 2.59203e-41 9.89694e-39
4.43715e-13 2.59973e-41 9.87102e-39
4.45713e-13 2.60737e-41 9.84502e-39
4.47721e-13 2.61495e-41 9.81894e-39
4.49737e-13 2.62245e-41 9.79279e-39
4.51762e-13 2.6299e-41 9.76657e-39
4.53797e-13 2.63727e-41 9.74027e-39
4.55841e-13 2.64457e-41 9.7139e-39
4.57894e-13 2.65181e-41 9.68745e-39
4.59956e-13 2.65898e-41 9.66093e-39
4.62028e-13 2.66607e-41 9.63435e-39
4.64108e-13 2.6731e-41 9.60768e-39
4.66199e-13 2.68006e-41 9.58095e-39
4.68298e-13 2.68694e-41 9.55415e-39
4.70407e-13 2.69375e-41 9.52728e-39
4.72526e-13 2.70049e-41 9.50035e-39
4.74654e-13 2.70715e-41 9.47334e-39
4.76792e-13 2.71374e-41 9.44627e-39
4.78939e-13 2.72026e-41 9.41913e-39
4.81096e-13 2.7267e-41 9.39193e-39
4.83263e-13 2.73307e-41 9.36466e-39
4.85439e-13 2.73936e-41 9.33733e-39
4.87626e-13 2.74557e-41 9.30994e-39
4.89822e-13 2.75171e-41 9.28248e-39
4.92028e-13 2.75776e-41 9.25497e-39
4.94244e-13 2.76375e-41 9.22739e-39
4.9647e-13 2.76965e-41 9.19975e-39
4.98705e-13 2.77547e-41 9.17205e-39
5.00952e-13 2.78121e-41 9.1443e-39
5.03208e-13 2.78688e-41 9.11649e-39
5.05474e-13 2.79246e-41 9.08862e-39
5.0775e-13 2.79796e-41 9.06069e-39
5.10037e-13 2.80338e-41 9.03271e-39
5.12334e-13 2.80872e-41 9.00468e-39
5.14642e-13 2.81398e-41 8.97659e-39
5.16959e-13 2.81915e-41 8.94845e-39
5.19288e-13 2.82424e-41 8.92026e-39
5.21626e-13 2.82925e-41 8.89202e-39
5.23976e-13 2.83417e-41 8.86373e-39
5.26336e-13 2.83901e-41 8.83539e-39
5.28706e-13 2.84377e-41 8.80699e-39
5.31087e-13 2.84844e-41 8.77856e-39
5.33479e-13 2.85303e-41 8.75007e-39
5.35882e-13 2.85753e-41 8.72154e-39
5.38295e-13 2.86194e-41 8.69297e-39
5.40719e-13 2.86627e-41 8.66435e-39
5.43155e-13 2.87051e-41 8.63569e-39
5.45601e-13 2.87466e-41 8.60698e-39
5.48058e-13 2.87873e-41 8.57823e-39
5.50526e-13 2.88271e-41 8.54945e-39
5.53006e-13 2.8866e-41 8.52062e-39
5.55496e-13 2.8904e-41 8.49175e-39
5.57998e-13 2.89412e-41 8.46285e-39
5.60511e-13 2.89775e-41 8.43391e-39
5.63036e-13 2.90128e-41 8.40493e-39
5.65571e-13 2.90473e-41 8.37592e-39
5.68119e-13 2.90809e-41 8.34687e-39
5.70677e-13 2.91136e-41 8.31779e-39
5.73247e-13 2.91454e-41 8.28868e-39
5.75829e-13 2.91763e-41 8.25953e-39
5.78422e-13 2.92063e-41 8.23035e-39
5.81027e-13 2.92354e-41 8.20115e-39
5.83644e-13 2.92636e-41 8.17191e-39
5.86273e-13 2.92909e-41 8.14265e-39
5.88913e-13 2.93173e-41 8.11336e-39
5.91566e-13 2.93428e-41 8.08404e-39
5.9423e-13 2.93673e-41 8.0547e-39
5.96906e-13 2.93909e-41 8.02533e-39
5.99594e-13 2.94137e-41 7.99594e-39
6.02295e-13 2.94355e-41 7.96653e-39
6.05007e-13 2.94564e-41 7.93709e-39
6.07732e-13 2.94764e-41 7.90763e-39
6.10469e-13 2.94954e-41 7.87816e-39
6.13218e-13 2.95136e-41 7.84866e-39
6.1598e-13 2.95308e-41 7.81915e-39
6.18754e-13 2.95471e-41 7.78962e-39
6.21541e-13 2.95625e-41 7.76007e-39
6.2434e-13 2.95769e-41 7.73051e-39
6.27152e-13 2.95904e-41 7.70093e-39
6.29977e-13 2.96031e-41 7.67134e-39
6.32814e-13 2.96147e-41 7.64174e-39
6.35664e-13 2.96255e-41 7.61212e-39
6.38527e-13 2.96354e-41 7.5825e-39
6.41403e-13 2.96443e-41 7.55286e-39
6.44291e-13 2.96523e-41 7.52322e-39
6.47193e-13 2.96594e-41 7.49357e-39
6.50108e-13 2.96655e-41 7.46391e-39
6.53036e-13 2.96707e-41 7.43424e-39
6.55977e-13 2.96751e-41 7.40457e-39
6.58931e-13 2.96785e-41 7.37489e-39
6.61899e-13 2.96809e-41 7.34522e-39
6.6488e-13 2.96825e-41 7.31554e-39
6.67874e-13 2.96831e-41 7.28585e-39
6.70882e-13 2.96828e-41 7.25617e-39
6.73903e-13 2.96817e-41 7.22649e-39
6.76938e-13 2.96795e-41 7.19681e-39
6.79987e-13 2.96765e-41 7.16713e-39
6.8305e-13 2.96726e-41 7.13745e-39
6.86126e-13 2.96678e-41 7.10778e-39
6.89216e-13 2.9662e-41 7.07811e-39
6.9232e-13 2.96553e-41 7.04845e-39
6.95438e-13 2.96478e-41 7.01879e-39
6.9857e-13 2.96393e-41 6.98914e-39
7.01716e-13 2.96299e-41 6.9595e-39
7.04877e-13 2.96197e-41 6.92987e-39
7.08051e-13 2.96085e-41 6.90025e-39
7.1124e-13 2.95964e-41 6.87065e-39
7.14443e-13 2.95835e-41 6.84105e-39
7.17661e-13 2.95696e-41 6.81147e-39
7.20893e-13 2.95549e-41 6.7819e-39
7.2414e-13 2.95393e-41 6.75234e-39
7.27401e-13 2.95228e-41 6.7228e-39
7.30677e-13 2.95054e-41 6.69328e-39
7.33968e-13 2.94871e-41 6.66377e-39
7.37273e-13 2.9468e-41 6.63429e-39
7.40594e-13 2.9448e-41 6.60482e-39
7.43929e-13 2.94271e-41 6.57537e-39
7.4728e-13 2.94053e-41 6.54594e-39
7.50645e-13 2.93827e-41 6.51654e-39
7.54026e-13 2.93592e-41 6.48716e-39
7.57422e-13 2.93349e-41 6.4578e-39
7.60833e-13 2.93097e-41 6.42846e-39
7.6426e-13 2.92836e-41 6.39915e-39
7.67702e-13 2.92567e-41 6.36987e-39
7.71159e-13 2.9229e-41 6.34061e-39
7.74632e-13 2.92004e-41 6.31138e-39
7.78121e-13 2.9171e-41 6.28218e-39
7.81625e-13 2.91407e-41 6.25301e-39
7.85146e-13 2.91097e-41 6.22387e-39
7.88682e-13 2.90778e-41 6.19476e-39
7.92234e-13 2.9045e-41 6.16568e-39
7.95802e-13 2.90115e-41 6.13664e-39
7.99386e-13 2.89771e-41 6.10763e-39
8.02986e-13 2.8942e-41 6.07865e-39
8.06602e-13 2.8906e-41 6.04971e-39
8.10235e-13 2.88692e-41 6.0208e-39
8.13884e-13 2.88316e-41 5.99193e-39
8.1755e-13 2.87933e-41 5.9631e-39
8.21232e-13 2.87541e-41 5.93431e-39
8.2493e-13 2.87142e-41 5.90555e-39
8.28645e-13 2.86734e-41 5.87684e-39
8.32377e-13 2.8632e-41 5.84817e-39
8.36126e-13 2.85897e-41 5.81953e-39
8.39892e-13 2.85467e-41 5.79094e-39
8.43674e-13 2.85029e-41 5.7624e-39
8.47474e-13 2.84583e-41 5.7339e-39
8.51291e-13 2.8413e-41 5.70544e-39
8.55125e-13 2.8367e-41 5.67702e-39
8.58976e-13 2.83202e-41 5.64866e-39
8.62845e-13 2.82727e-41 5.62034e-39
8.66731e-13 2.82244e-41 5.59206e-39
8.70634e-13 2.81755e-41 5.56384e-39
8.74555e-13 2.81258e-41 5.53566e-39
8.78494e-13 2.80754e-41 5.50754e-39
8.82451e-13 2.80243e-41 5.47946e-39
8.86425e-13 2.79724e-41 5.45144e-39
8.90417e-13 2.79199e-41 5.42347e-39
8.94427e-13 2.78667e-41 5.39555e-39
8.98455e-13 2.78128e-41 5.36768e-39
9.02502e-13 2.77582e-41 5.33987e-39
9.06566e-13 2.7703e-41 5.31211e-39
9.10649e-13 2.7647e-41 5.28441e-39
9.14751e-13 2.75904e-41 5.25676e-39
9.1887e-13 2.75332e-41 5.22917e-39
9.23009e-13 2.74753e-41 5.20163e-39
9.27166e-13 2.74167e-41 5.17416e-39
9.31341e-13 2.73575e-41 5.14674e-39
9.35536e-13 2.72977e-41 5.11939e-39
9.39749e-13 2.72372e-41 5.09209e-39
9.43982e-13 2.71761e-41 5.06485e-39
9.48233e-13 2.71144e-41 5.03767e-39
9.52504e-13 2.70521e-41 5.01056e-39
9.56793e-13 2.69892e-41 4.98351e-39
9.61103e-13 2.69256e-41 4.95652e-39
9.65431e-13 2.68615e-41 4.92959e-39
9.69779e-13 2.67968e-41 4.90273e-39
9.74147e-13 2.67315e-41 4.87593e-39
9.78534e-13 2.66657e-41 4.8492e-39
9.82941e-13 2.65992e-41 4.82254e-39
9.87368e-13 2.65322e-41 4.79594e-39
9.91815e-13 2.64647e-41 4.76941e-39
9.96282e-13 2.63966e-41 4.74294e-39
1.00077e-12 2.63279e-41 4.71654e-39
1.00528e-12 2.62587e-41 4.69022e-39
1.0098e-12 2.6189e-41 4.66396e-39
1.01435e-12 2.61188e-41 4.63777e-39
1.01892e-12 2.6048e-41 4.61165e-39
1.02351e-12 2.59767e-41 4.5856e-39
1.02812e-12 2.59049e-41 4.55963e-39
1.03275e-12 2.58327e-41 4.53372e-39
1.0374e-12 2.57599e-41 4.50789e-39
1.04207e-12 2.56866e-41 4.48213e-39
1.04676e-12 2.56129e-41 4.45644e-39
1.05148e-12 2.55387e-41 4.43083e-39
1.05621e-12 2.5464e-41 4.40529e-39
1.06097e-12 2.53889e-41 4.37983e-39
1.06575e-12 2.53133e-41 4.35444e-39
1.07055e-12 2.52372e-41 4.32912e-39
1.07537e-12 2.51607e-41 4.30389e-39
1.08021e-12 2.50838e-41 4.27873e-39
1.08508e-12 2.50065e-41 4.25364e-39
1.08997e-12 2.49287e-41 4.22864e-39
1.09487e-12 2.48505e-41 4.20371e-39
1.09981e-12 2.47719e-41 4.17886e-39
1.10476e-12 2.46929e-41 4.15408e-39
1.10973e-12 2.46136e-41 4.12939e-39
1.11473e-12 2.45338e-41 4.10478e-39
1.11975e-12 2.44536e-41 4.08024e-39
1.1248e-12 2.43731e-41 4.05579e-39
1.12986e-12 2.42922e-41 4.03142e-39
1.13495e-12 2.42109e-41 4.00713e-39
1.14006e-12 2.41293e-41 3.98291e-39
1.1452e-12 2.40474e-41 3.95878e-39
1.15035e-12 2.39651e-41 3.93474e-39
1.15553e-12 2.38824e-41 3.91077e-39
1.16074e-12 2.37995e-41 3.88689e-39
1.16597e-12 2.37162e-41 3.86309e-39
1.17122e-12 2.36326e-41 3.83937e-39
1.17649e-12 2.35487e-41 3.81574e-39
1.18179e-12 2.34644e-41 3.79219e-39
1.18711e-12 2.33799e-41 3.76873e-39
1.19246e-12 2.32951e-41 3.74535e-39
1.19783e-12 2.321e-41 3.72205e-39
1.20323e-12 2.31247e-41 3.69884e-39
1.20864e-12 2.3039e-41 3.67572e-39
1.21409e-12 2.29531e-41 3.65268e-39
1.21956e-12 2.2867e-41 3.62973e-39
1.22505e-12 2.27806e-41 3.60686e-39
1.23057e-12 2.26939e-41 3.58408e-39
1.23611e-12 2.26071e-41 3.56139e-39
1.24167e-12 2.25199e-41 3.53878e-39
1.24727e-12 2.24326e-41 3.51626e-39
1.25288e-12 2.2345e-41 3.49383e-39
1.25853e-12 2.22573e-41 3.47148e-39
1.26419e-12 2.21693e-41 3.44922e-39
1.26989e-12 2.20811e-41 3.42705e-39
1.27561e-12 2.19927e-41 3.40497e-39
1.28135e-12 2.19042e-41 3.38298e-39
1.28712e-12 2.18154e-41 3.36108e-39
1.29292e-12 2.17265e-41 3.33926e-39
1.29874e-12 2.16374e-41 3.31753e-39
1.30459e-12 2.15482e-41 3.2959e-39
1.31047e-12 2.14588e-41 3.27435e-39
1.31637e-12 2.13692e-41 3.25289e-39
1.3223e-12 2.12795e-41 3.23152e-39
1.32825e-12 2.11897e-41 3.21024e-39
1.33424e-12 2.10997e-41 3.18905e-39
1.34024e-12 2.10096e-41 3.16795e-39
1.34628e-12 2.09194e-41 3.14694e-39
1.35234e-12 2.08291e-41 3.12602e-39
1.35843e-12 2.07387e-41 3.10519e-39
1.36455e-12 2.06481e-41 3.08445e-39
1.3707e-12 2.05575e-41 3.06381e-39
1.37687e-12 2.04668e-41 3.04325e-39
1.38307e-12 2.0376e-41 3.02278e-39
1.3893e-12 2.02851e-41 3.00241e-39
1.39556e-12 2.01941e-41 2.98212e-39
1.40184e-12 2.01031e-41 2.96193e-39
1.40816e-12 2.0012e-41 2.94182e-39
1.4145e-12 1.99209e-41 2.92181e-39
1.42087e-12 1.98297e-41 2.90189e-39
1.42727e-12 1.97384e-41 2.88206e-39
1.4337e-12 1.96471e-41 2.86232e-39
1.44015e-12 1.95558e-41 2.84268e-39
1.44664e-12 1.94645e-41 2.82312e-39
1.45315e-12 1.93731e-41 2.80366e-39
1.4597e-12 1.92817e-41 2.78428e-39
1.46627e-12 1.91903e-41 2.765e-39
1.47288e-12 1.90989e-41 2.74581e-39
1.47951e-12 1.90075e-41 2.72671e-39
1.48617e-12 1.89161e-41 2.7077e-39
1.49287e-12 1.88247e-41 2.68879e-39
1.49959e-12 1.87333e-41 2.66996e-39
1.50634e-12 1.86419e-41 2.65123e-39
1.51313e-12 1.85506e-41 2.63259e-39
1.51994e-12 1.84593e-41 2.61404e-39
1.52679e-12 1.8368e-41 2.59558e-39
1.53366e-12 1.82767e-41 2.57721e-39
1.54057e-12 1.81855e-41 2.55893e-39
1.54751e-12 1.80944e-41 2.54075e-39
1.55448e-12 1.80033e-41 2.52265e-39
1.56148e-12 1.79123e-41 2.50465e-39
1.56851e-12 1.78213e-41 2.48674e-39
1.57558e-12 1.77304e-41 2.46892e-39
1.58267e-12 1.76395e-41 2.45119e-39
1.5898e-12 1.75488e-41 2.43355e-39
1.59696e-12 1.74581e-41 2.416e-39
1.60415e-12 1.73675e-41 2.39854e-39
1.61138e-12 1.7277e-41 2.38117e-39
1.61864e-12 1.71866e-41 2.3639e-39
1.62592e-12 1.70963e-41 2.34671e-39
1.63325e-12 1.70061e-41 2.32961e-39
1.6406e-12 1.6916e-41 2.31261e-39
1.64799e-12 1.6826e-41 2.29569e-39
1.65541e-12 1.67361e-41 2.27886e-39
1.66287e-12 1.66463e-41 2.26213e-39
1.67036e-12 1.65567e-41 2.24548e-39
1.67788e-12 1.64672e-41 2.22893e-39
1.68544e-12 1.63778e-41 2.21246e-39
1.69303e-12 1.62886e-41 2.19608e-39
1.70065e-12 1.61995e-41 2.17979e-39
1.70831e-12 1.61106e-41 2.16359e-39
1.71601e-12 1.60218e-41 2.14748e-39
1.72374e-12 1.59331e-41 2.13146e-39
1.7315e-12 1.58446e-41 2.11553e-39
1.7393e-12 1.57563e-41 2.09968e-39
1.74713e-12 1.56682e-41 2.08393e-39
1.755e-12 1.55802e-41 2.06826e-39
1.7629e-12 1.54923e-41 2.05268e-39
1.77084e-12 1.54047e-41 2.03719e-39
1.77882e-12 1.53172e-41 2.02178e-39
1.78683e-12 1.52299e-41 2.00646e-39
1.79488e-12 1.51428e-41 1.99123e-39
1.80296e-12 1.50559e-41 1.97609e-39
1.81108e-12 1.49691e-41 1.96104e-39
1.81924e-12 1.48826e-41 1.94607e-39
1.82743e-12 1.47962e-41 1.93118e-39
1.83566e-12 1.47101e-41 1.91639e-39
1.84393e-12 1.46242e-41 1.90168e-39
1.85223e-12 1.45384e-41 1.88705e-39
1.86057e-12 1.44529e-41 1.87251e-39
1.86895e-12 1.43676e-41 1.85806e-39
1.87737e-12 1.42825e-41 1.84369e-39
1.88583e-12 1.41976e-41 1.82941e-39
1.89432e-12 1.4113e-41 1.81521e-39
1.90285e-12 1.40285e-41 1.8011e-39
1.91142e-12 1.39443e-41 1.78707e-39
1.92003e-12 1.38604e-41 1.77313e-39
1.92868e-12 1.37766e-41 1.75927e-39
1.93736e-12 1.36931e-41 1.74549e-39
1.94609e-12 1.36099e-41 1.7318e-39
1.95485e-12 1.35268e-41 1.71819e-39
1.96366e-12 1.34441e-41 1.70466e-39
1.9725e-12 1.33615e-41 1.69122e-39
1.98138e-12 1.32792e-41 1.67786e-39
1.99031e-12 1.31972e-41 1.66458e-39
1.99927e-12 1.31154e-41 1.65138e-39
2.00827e-12 1.30339e-41 1.63826e-39
2.01732e-12 1.29526e-41 1.62523e-39
2.0264e-12 1.28716e-41 1.61228e-39
2.03553e-12 1.27909e-41 1.59941e-39
2.0447e-12 1.27104e-41 1.58661e-39
2.05391e-12 1.26301e-41 1.5739e-39
2.06316e-12 1.25502e-41 1.56127e-39
2.07245e-12 1.24705e-41 1.54872e-39
2.08178e-12 1.23911e-41 1.53625e-39
2.09116e-12 1.2312e-41 1.52386e-39
2.10058e-12 1.22331e-41 1.51155e-39
2.11004e-12 1.21545e-41 1.49932e-39
2.11954e-12 1.20762e-41 1.48716e-39
2.12909e-12 1.19982e-41 1.47509e-39
2.13867e-12 1.19204e-41 1.46309e-39
2.14831e-12 1.1843e-41 1.45117e-39
2.15798e-12 1.17658e-41 1.43933e-39
2.1677e-12 1.16889e-41 1.42756e-39
2.17746e-12 1.16123e-41 1.41587e-39
2.18727e-12 1.1536e-41 1.40426e-39
2.19712e-12 1.146e-41 1.39272e-39
2.20702e-12 1.13843e-41 1.38126e-39
2.21696e-12 1.13088e-41 1.36988e-39
2.22694e-12 1.12337e-41 1.35857e-39
2.23697e-12 1.11589e-41 1.34734e-39
2.24704e-12 1.10843e-41 1.33618e-39
2.25716e-12 1.10101e-41 1.32509e-39
2.26733e-12 1.09362e-41 1.31408e-39
2.27754e-12 1.08625e-41 1.30315e-39
2.2878e-12 1.07892e-41 1.29228e-39
2.2981e-12 1.07162e-41 1.28149e-39
2.30845e-12 1.06435e-41 1.27078e-39
2.31885e-12 1.05711e-41 1.26013e-39
2.32929e-12 1.0499e-41 1.24956e-39
2.33978e-12 1.04272e-41 1.23906e-39
2.35032e-12 1.03557e-41 1.22864e-39
2.36091e-12 1.02845e-41 1.21828e-39
2.37154e-12 1.02136e-41 1.208e-39
2.38222e-12 1.01431e-41 1.19778e-39
2.39295e-12 1.00729e-41 1.18764e-39
2.40373e-12 1.00029e-41 1.17757e-39
2.41455e-12 9.93332e-42 1.16756e-39
2.42543e-12 9.86402e-42 1.15763e-39
2.43635e-12 9.79505e-42 1.14777e-39
2.44732e-12 9.72638e-42 1.13797e-39
2.45834e-12 9.65804e-42 1.12825e-39
2.46942e-12 9.59001e-42 1.11859e-39
2.48054e-12 9.5223e-42 1.109e-39
2.49171e-12 9.4549e-42 1.09948e-39
2.50293e-12 9.38783e-42 1.09002e-39
2.5142e-12 9.32108e-42 1.08063e-39
2.52553e-12 9.25464e-42 1.07131e-39
2.5369e-12 9.18853e-42 1.06206e-39
2.54833e-12 9.12273e-42 1.05287e-39
2.5598e-12 9.05726e-42 1.04375e-39
2.57133e-12 8.9921e-42 1.03469e-39
2.58291e-12 8.92727e-42 1.0257e-39
2.59454e-12 8.86276e-42 1.01677e-39
2.60623e-12 8.79857e-42 1.00791e-39
2.61797e-12 8.73471e-42 9.99108e-40
2.62976e-12 8.67116e-42 9.90373e-40
2.6416e-12 8.60794e-42 9.81702e-40
2.6535e-12 8.54504e-42 9.73094e-40
2.66545e-12 8.48246e-42 9.64549e-40
2.67745e-12 8.4202e-42 9.56067e-40
2.68951e-12 8.35827e-42 9.47646e-40
2.70162e-12 8.29665e-42 9.39288e-40
2.71379e-12 8.23536e-42 9.30991e-40
2.72601e-12 8.17439e-42 9.22756e-40
2.73829e-12 8.11375e-42 9.14582e-40
2.75062e-12 8.05342e-42 9.06468e-40
2.76301e-12 7.99342e-42 8.98414e-40
2.77546e-12 7.93374e-42 8.90421e-40
2.78796e-12 7.87438e-42 8.82487e-40
2.80051e-12 7.81534e-42 8.74613e-40
2.81312e-12 7.75662e-42 8.66798e-40
2.82579e-12 7.69822e-42 8.59041e-40
2.83852e-12 7.64014e-42 8.51343e-40
2.8513e-12 7.58238e-42 8.43703e-40
2.86415e-12 7.52495e-42 8.3612e-40
2.87705e-12 7.46783e-42 8.28595e-40
2.89e-12 7.41103e-42 8.21127e-40
2.90302e-12 7.35455e-42 8.13716e-40
2.91609e-12 7.29838e-42 8.06362e-40
2.92923e-12 7.24254e-42 7.99064e-40
2.94242e-12 7.18701e-42 7.91821e-40
2.95567e-12 7.1318e-42 7.84634e-40
2.96898e-12 7.0769e-42 7.77502e-40
2.98235e-12 7.02232e-42 7.70425e-40
2.99578e-12 6.96805e-42 7.63403e-40
3.00928e-12 6.9141e-42 7.56435e-40
3.02283e-12 6.86047e-42 7.49521e-40
3.03644e-12 6.80715e-42 7.4266e-40
3.05012e-12 6.75414e-42 7.35853e-40
3.06386e-12 6.70144e-42 7.29099e-40
3.07765e-12 6.64905e-42 7.22398e-40
3.09152e-12 6.59698e-42 7.15749e-40
3.10544e-12 6.54521e-42 7.09152e-40
3.11942e-12 6.49376e-42 7.02606e-40
3.13347e-12 6.44261e-42 6.96113e-40
3.14759e-12 6.39178e-42 6.8967e-40
3.16176e-12 6.34125e-42 6.83278e-40
3.176e-12 6.29102e-42 6.76937e-40
3.19031e-12 6.24111e-42 6.70646e-40
3.20467e-12 6.19149e-42 6.64405e-40
3.21911e-12 6.14219e-42 6.58213e-40
3.2336e-12 6.09318e-42 6.52071e-40
3.24817e-12 6.04448e-42 6.45978e-40
3.2628e-12 5.99608e-42 6.39933e-40
3.27749e-12 5.94798e-42 6.33937e-40
3.29225e-12 5.90019e-42 6.27989e-40
3.30708e-12 5.85269e-42 6.22089e-40
3.32197e-12 5.80549e-42 6.16237e-40
3.33693e-12 5.75859e-42 6.10431e-40
3.35196e-12 5.71198e-42 6.04672e-40
3.36706e-12 5.66567e-42 5.98961e-40
3.38222e-12 5.61966e-42 5.93295e-40
3.39746e-12 5.57394e-42 5.87675e-40
3.41276e-12 5.52851e-42 5.82101e-40
3.42813e-12 5.48337e-42 5.76573e-40
3.44357e-12 5.43853e-42 5.71089e-40
3.45908e-12 5.39398e-42 5.65651e-40
3.47465e-12 5.34971e-42 5.60257e-40
3.4903e-12 5.30574e-42 5.54907e-40
3.50602e-12 5.26205e-42 5.49601e-40
3.52181e-12 5.21864e-42 5.44339e-40
3.53767e-12 5.17552e-42 5.39121e-40
3.55361e-12 5.13269e-42 5.33945e-40
3.56961e-12 5.09014e-42 5.28812e-40
3.58569e-12 5.04787e-42 5.23722e-40
3.60184e-12 5.00588e-42 5.18674e-40
3.61806e-12 4.96418e-42 5.13669e-40
3.63435e-12 4.92275e-42 5.08704e-40
3.65072e-12 4.88159e-42 5.03782e-40
3.66716e-12 4.84072e-42 4.989e-40
3.68368e-12 4.80012e-42 4.94059e-40
3.70027e-12 4.7598e-42 4.89259e-40
3.71693e-12 4.71974e-42 4.84499e-40
3.73367e-12 4.67997e-42 4.7978e-40
3.75049e-12 4.64046e-42 4.751e-40
3.76738e-12 4.60122e-42 4.70459e-40
3.78435e-12 4.56225e-42 4.65858e-40
3.80139e-12 4.52355e-42 4.61296e-40
3.81851e-12 4.48512e-42 4.56772e-40
3.83571e-12 4.44695e-42 4.52287e-40
3.85298e-12 4.40904e-42 4.4784e-40
3.87034e-12 4.3714e-42 4.43431e-40
3.88777e-12 4.33402e-42 4.3906e-40
3.90528e-12 4.2969e-42 4.34726e-40
3.92286e-12 4.26004e-42 4.30429e-40
3.94053e-12 4.22344e-42 4.26169e-40
3.95828e-12 4.1871e-42 4.21945e-40
3.97611e-12 4.15101e-42 4.17758e-40
3.99401e-12 4.11518e-42 4.13607e-40
4.012e-12 4.0796e-42 4.09492e-40
4.03007e-12 4.04428e-42 4.05412e-40
4.04822e-12 4.0092e-42 4.01368e-40
4.06645e-12 3.97438e-42 3.97359e-40
4.08477e-12 3.9398e-42 3.93385e-40
4.10316e-12 3.90548e-42 3.89445e-40
4.12164e-12 3.8714e-42 3.85539e-40
4.1402e-12 3.83756e-42 3.81668e-40
4.15885e-12 3.80397e-42 3.7783e-40
4.17758e-12 3.77062e-42 3.74026e-40
4.1964e-12 3.73752e-42 3.70256e-40
4.2153e-12 3.70465e-42 3.66518e-40
4.23428e-12 3.67203e-42 3.62814e-40
4.25335e-12 3.63964e-42 3.59142e-40
4.27251e-12 3.60749e-42 3.55502e-40
4.29175e-12 3.57557e-42 3.51894e-40
4.31108e-12 3.54389e-42 3.48319e-40
4.33049e-12 3.51245e-42 3.44775e-40
4.35e-12 3.48123e-42 3.41263e-40
4.36959e-12 3.45025e-42 3.37781e-40
4.38927e-12 3.4195e-42 3.34331e-40
4.40903e-12 3.38897e-42 3.30912e-40
4.42889e-12 3.35867e-42 3.27523e-40
4.44884e-12 3.3286e-42 3.24164e-40
4.46887e-12 3.29875e-42 3.20835e-40
4.489e-12 3.26913e-42 3.17537e-40
4.50922e-12 3.23973e-42 3.14267e-40
4.52953e-12 3.21055e-42 3.11028e-40
4.54993e-12 3.18159e-42 3.07817e-40
4.57042e-12 3.15285e-42 3.04636e-40
4.591e-12 3.12432e-42 3.01483e-40
4.61168e-12 3.09602e-42 2.98358e-40
4.63245e-12 3.06792e-42 2.95262e-40
4.65331e-12 3.04005e-42 2.92194e-40
4.67427e-12 3.01238e-42 2.89154e-40
4.69532e-12 2.98493e-42 2.86142e-40
4.71647e-12 2.95768e-42 2.83157e-40
4.73771e-12 2.93065e-42 2.80199e-40
4.75904e-12 2.90382e-42 2.77269e-40
4.78048e-12 2.8772e-42 2.74365e-40
4.80201e-12 2.85079e-42 2.71488e-40
4.82363e-12 2.82458e-42 2.68637e-40
4.84536e-12 2.79857e-42 2.65812e-40
4.86718e-12 2.77277e-42 2.63014e-40
4.8891e-12 2.74717e-42 2.60241e-40
4.91112e-12 2.72176e-42 2.57494e-40
4.93324e-12 2.69656e-42 2.54772e-40
4.95546e-12 2.67155e-42 2.52076e-40
4.97777e-12 2.64673e-42 2.49404e-40
5.00019e-12 2.62212e-42 2.46757e-40
5.02271e-12 2.59769e-42 2.44135e-40
5.04533e-12 2.57346e-42 2.41537e-40
5.06806e-12 2.54942e-42 2.38964e-40
5.09088e-12 2.52557e-42 2.36415e-40
5.11381e-12 2.50191e-42 2.33889e-40
5.13684e-12 2.47844e-42 2.31387e-40
5.15997e-12 2.45515e-42 2.28909e-40
5.18321e-12 2.43205e-42 2.26453e-40
5.20656e-12 2.40914e-42 2.24021e-40
5.23001e-12 2.3864e-42 2.21612e-40
5.25356e-12 2.36385e-42 2.19226e-40
5.27722e-12 2.34148e-42 2.16862e-40
5.30099e-12 2.31929e-42 2.14521e-40
5.32486e-12 2.29728e-42 2.12201e-40
5.34884e-12 2.27545e-42 2.09904e-40
5.37293e-12 2.25379e-42 2.07629e-40
5.39713e-12 2.23231e-42 2.05375e-40
5.42144e-12 2.211e-42 2.03142e-40
5.44586e-12 2.18987e-42 2.00931e-40
5.47038e-12 2.1689e-42 1.98742e-40
5.49502e-12 2.14811e-42 1.96573e-40
5.51977e-12 2.12749e-42 1.94425e-40
5.54463e-12 2.10704e-42 1.92297e-40
5.5696e-12 2.08675e-42 1.9019e-40
5.59468e-12 2.06663e-42 1.88103e-40
5.61988e-12 2.04668e-42 1.86037e-40
5.64519e-12 2.02689e-42 1.8399e-40
5.67061e-12 2.00726e-42 1.81963e-40
5.69615e-12 1.9878e-42 1.79956e-40
5.72181e-12 1.96849e-42 1.77968e-40
5.74757e-12 1.94935e-42 1.76e-40
5.77346e-12 1.93037e-42 1.7405e-40
5.79946e-12 1.91154e-42 1.7212e-40
5.82558e-12 1.89287e-42 1.70208e-40
5.85182e-12 1.87436e-42 1.68315e-40
5.87817e-12 1.856e-42 1.66441e-40
5.90465e-12 1.83779e-42 1.64585e-40
5.93124e-12 1.81974e-42 1.62747e-40
5.95795e-12 1.80184e-42 1.60928e-40
5.98478e-12 1.78409e-42 1.59126e-40
6.01174e-12 1.76649e-42 1.57342e-40
6.03881e-12 1.74904e-42 1.55575e-40
6.06601e-12 1.73173e-42 1.53826e-40
6.09333e-12 1.71458e-42 1.52094e-40
6.12077e-12 1.69756e-42 1.5038e-40
6.14834e-12 1.68069e-42 1.48682e-40
6.17603e-12 1.66397e-42 1.47002e-40
6.20384e-12 1.64739e-42 1.45338e-40
6.23178e-12 1.63095e-42 1.4369e-40
6.25985e-12 1.61465e-42 1.42059e-40
6.28804e-12 1.59849e-42 1.40445e-40
6.31636e-12 1.58247e-42 1.38846e-40
6.34481e-12 1.56658e-42 1.37264e-40
6.37339e-12 1.55084e-42 1.35697e-40
6.40209e-12 1.53522e-42 1.34146e-40
6.43092e-12 1.51975e-42 1.32611e-40
6.45989e-12 1.5044e-42 1.31091e-40
6.48898e-12 1.48919e-42 1.29587e-40
6.5182e-12 1.47412e-42 1.28098e-40
6.54756e-12 1.45917e-42 1.26623e-40
6.57705e-12 1.44435e-42 1.25164e-40
6.60667e-12 1.42966e-42 1.2372e-40
6.63642e-12 1.4151e-42 1.2229e-40
6.66631e-12 1.40067e-42 1.20875e-40
6.69633e-12 1.38636e-42 1.19475e-40
6.72649e-12 1.37218e-42 1.18088e-40
6.75679e-12 1.35813e-42 1.16716e-40
6.78722e-12 1.34419e-42 1.15358e-40
6.81779e-12 1.33038e-42 1.14014e-40
6.84849e-12 1.3167e-42 1.12683e-40
6.87933e-12 1.30313e-42 1.11367e-40
6.91032e-12 1.28968e-42 1.10063e-40
6.94144e-12 1.27635e-42 1.08774e-40
6.9727e-12 1.26314e-42 1.07497e-40
7.0041e-12 1.25005e-42 1.06234e-40
7.03565e-12 1.23708e-42 1.04984e-40
7.06734e-12 1.22422e-42 1.03747e-40
7.09916e-12 1.21147e-42 1.02523e-40
7.13114e-12 1.19884e-42 1.01311e-40
7.16325e-12 1.18632e-42 1.00113e-40
7.19551e-12 1.17392e-42 9.89263e-41
7.22792e-12 1.16162e-42 9.77524e-41
7.26047e-12 1.14944e-42 9.65908e-41
7.29317e-12 1.13737e-42 9.54413e-41
7.32602e-12 1.1254e-42 9.4304e-41
7.35901e-12 1.11355e-42 9.31786e-41
7.39216e-12 1.1018e-42 9.2065e-41
7.42545e-12 1.09016e-42 9.09632e-41
7.45889e-12 1.07862e-42 8.98731e-41
7.49248e-12 1.06719e-42 8.87944e-41
7.52623e-12 1.05586e-42 8.77272e-41
7.56012e-12 1.04464e-42 8.66714e-41
7.59417e-12 1.03352e-42 8.56267e-41
7.62837e-12 1.0225e-42 8.45932e-41
7.66273e-12 1.01158e-42 8.35707e-41
7.69724e-12 1.00076e-42 8.25591e-41
7.73191e-12 9.90046e-43 8.15584e-41
7.76673e-12 9.79427e-43 8.05683e-41
7.80171e-12 9.68906e-43 7.95889e-41
7.83684e-12 9.58482e-43 7.862e-41
7.87214e-12 9.48154e-43 7.76615e-41
7.90759e-12 9.37923e-43 7.67134e-41
7.94321e-12 9.27786e-43 7.57754e-41
7.97898e-12 9.17744e-43 7.48477e-41
8.01492e-12 9.07795e-43 7.39299e-41
8.05101e-12 8.97939e-43 7.30221e-41
8.08727e-12 8.88176e-43 7.21242e-41
8.12369e-12 8.78503e-43 7.1236e-41
8.16028e-12 8.68922e-43 7.03575e-41
8.19703e-12 8.5943e-43 6.94886e-41
8.23395e-12 8.50028e-43 6.86291e-41
8.27103e-12 8.40714e-43 6.77791e-41
8.30828e-12 8.31488e-43 6.69384e-41
8.3457e-12 8.2235e-43 6.61069e-41
8.38329e-12 8.13298e-43 6.52846e-41
8.42104e-12 8.04332e-43 6.44713e-41
8.45897e-12 7.95451e-43 6.36669e-41
8.49707e-12 7.86654e-43 6.28715e-41
8.53534e-12 7.77941e-43 6.20848e-41
8.57378e-12 7.69311e-43 6.13069e-41
8.61239e-12 7.60764e-43 6.05376e-41
8.65118e-12 7.52299e-43 5.97768e-41
8.69014e-12 7.43915e-43 5.90245e-41
8.72928e-12 7.35611e-43 5.82806e-41
8.76859e-12 7.27387e-43 5.7545e-41
8.80808e-12 7.19243e-43 5.68176e-41
8.84775e-12 7.11177e-43 5.60984e-41
8.8876e-12 7.03189e-43 5.53872e-41
8.92763e-12 6.95278e-43 5.4684e-41
8.96783e-12 6.87445e-43 5.39887e-41
9.00822e-12 6.79687e-43 5.33013e-41
9.04879e-12 6.72004e-43 5.26216e-41
9.08955e-12 6.64397e-43 5.19496e-41
9.13048e-12 6.56864e-43 5.12852e-41
9.1716e-12 6.49404e-43 5.06283e-41
9.21291e-12 6.42018e-43 4.99789e-41
9.2544e-12 6.34704e-43 4.93369e-41
9.29608e-12 6.27462e-43 4.87022e-41
9.33795e-12 6.20291e-43 4.80747e-41
9.38e-12 6.1319e-43 4.74544e-41
9.42225e-12 6.0616e-43 4.68412e-41
9.46468e-12 5.992e-43 4.62351e-41
9.50731e-12 5.92308e-43 4.56359e-41
9.55013e-12 5.85485e-43 4.50436e-41
9.59314e-12 5.78729e-43 4.44581e-41
9.63634e-12 5.72041e-43 4.38794e-41
9.67974e-12 5.6542e-43 4.33073e-41
9.72334e-12 5.58864e-43 4.27419e-41
9.76713e-12 5.52375e-43 4.2183e-41
9.81112e-12 5.4595e-43 4.16307e-41
9.8553e-12 5.3959e-43 4.10847e-41
9.89969e-12 5.33294e-43 4.05451e-41
9.94427e-12 5.27061e-43 4.00118e-41
9.98906e-12 5.20891e-43 3.94848e-41
1.0034e-11 5.14783e-43 3.89639e-41
1.00792e-11 5.08737e-43 3.84491e-41
1.01246e-11 5.02753e-43 3.79404e-41
1.01702e-11 4.96829e-43 3.74376e-41
1.0216e-11 4.90966e-43 3.69408e-41
1.0262e-11 4.85162e-43 3.64498e-41
1.03083e-11 4.79418e-43 3.59646e-41
1.03547e-11 4.73732e-43 3.54852e-41
1.04013e-11 4.68105e-43 3.50115e-41
1.04482e-11 4.62535e-43 3.45434e-41
1.04952e-11 4.57023e-43 3.40809e-41
1.05425e-11 4.51567e-43 3.36238e-41
1.059e-11 4.46168e-43 3.31723e-41
1.06377e-11 4.40825e-43 3.27261e-41
1.06856e-11 4.35536e-43 3.22853e-41
1.07337e-11 4.30303e-43 3.18497e-41
1.0782e-11 4.25124e-43 3.14194e-41
1.08306e-11 4.19999e-43 3.09943e-41
1.08794e-11 4.14927e-43 3.05743e-41
1.09284e-11 4.09909e-43 3.01594e-41
1.09776e-11 4.04942e-43 2.97495e-41
1.1027e-11 4.00028e-43 2.93445e-41
1.10767e-11 3.95166e-43 2.89445e-41
1.11266e-11 3.90354e-43 2.85493e-41
1.11767e-11 3.85593e-43 2.8159e-41
1.1227e-11 3.80883e-43 2.77734e-41
1.12776e-11 3.76222e-43 2.73925e-41
1.13284e-11 3.71611e-43 2.70163e-41
1.13794e-11 3.67048e-43 2.66447e-41
1.14307e-11 3.62534e-43 2.62776e-41
1.14821e-11 3.58068e-43 2.59151e-41
1.15338e-11 3.5365e-43 2.5557e-41
1.15858e-11 3.49279e-43 2.52034e-41
1.1638e-11 3.44955e-43 2.48541e-41
1.16904e-11 3.40677e-43 2.45091e-41
1.1743e-11 3.36445e-43 2.41685e-41
1.17959e-11 3.32258e-43 2.3832e-41
1.1849e-11 3.28117e-43 2.34998e-41
1.19024e-11 3.2402e-43 2.31716e-41
1.1956e-11 3.19968e-43 2.28476e-41
1.20099e-11 3.1596e-43 2.25277e-41
1.2064e-11 3.11995e-43 2.22117e-41
1.21183e-11 3.08073e-43 2.18997e-41
1.21729e-11 3.04194e-43 2.15916e-41
1.22277e-11 3.00358e-43 2.12874e-41
1.22828e-11 2.96563e-43 2.09871e-41
1.23381e-11 2.9281e-43 2.06905e-41
1.23936e-11 2.89098e-43 2.03977e-41
1.24495e-11 2.85427e-43 2.01086e-41
1.25055e-11 2.81797e-43 1.98232e-41
1.25618e-11 2.78206e-43 1.95414e-41
1.26184e-11 2.74656e-43 1.92632e-41
1.26753e-11 2.71144e-43 1.89885e-41
1.27323e-11 2.67672e-43 1.87174e-41
1.27897e-11 2.64238e-43 1.84497e-41
1.28473e-11 2.60843e-43 1.81855e-41
1.29051e-11 2.57485e-43 1.79246e-41
1.29633e-11 2.54165e-43 1.76671e-41
1.30216e-11 2.50882e-43 1.7413e-41
1.30803e-11 2.47636e-43 1.71621e-41
1.31392e-11 2.44427e-43 1.69145e-41
1.31984e-11 2.41253e-43 1.667e-41
1.32578e-11 2.38116e-43 1.64288e-41
1.33175e-11 2.35014e-43 1.61907e-41
1.33775e-11 2.31947e-43 1.59556e-41
1.34378e-11 2.28915e-43 1.57237e-41
1.34983e-11 2.25917e-43 1.54948e-41
1.35591e-11 2.22954e-43 1.52689e-41
1.36201e-11 2.20024e-43 1.50459e-41
1.36815e-11 2.17128e-43 1.48259e-41
1.37431e-11 2.14266e-43 1.46088e-41
1.3805e-11 2.11436e-43 1.43945e-41
1.38672e-11 2.08638e-43 1.41831e-41
1.39296e-11 2.05873e-43 1.39744e-41
1.39923e-11 2.0314e-43 1.37685e-41
1.40554e-11 2.00438e-43 1.35654e-41
1.41187e-11 1.97768e-43 1.3365e-41
1.41823e-11 1.95129e-43 1.31672e-41
1.42461e-11 1.9252e-43 1.29721e-41
1.43103e-11 1.89942e-43 1.27795e-41
1.43747e-11 1.87394e-43 1.25896e-41
1.44395e-11 1.84876e-43 1.24022e-41
1.45045e-11 1.82388e-43 1.22173e-41
1.45698e-11 1.79928e-43 1.20349e-41
1.46354e-11 1.77498e-43 1.1855e-41
1.47014e-11 1.75096e-43 1.16775e-41
1.47676e-11 1.72723e-43 1.15024e-41
1.48341e-11 1.70378e-43 1.13297e-41
1.49009e-11 1.68061e-43 1.11593e-41
1.4968e-11 1.65771e-43 1.09913e-41
1.50354e-11 1.63508e-43 1.08255e-41
1.51031e-11 1.61273e-43 1.0662e-41
1.51711e-11 1.59064e-43 1.05007e-41
1.52395e-11 1.56882e-43 1.03416e-41
1.53081e-11 1.54726e-43 1.01848e-41
1.5377e-11 1.52596e-43 1.003e-41
1.54463e-11 1.50491e-43 9.87745e-42
1.55159e-11 1.48412e-43 9.72695e-42
1.55857e-11 1.46358e-43 9.57854e-42
1.56559e-11 1.44329e-43 9.43218e-42
1.57265e-11 1.42325e-43 9.28785e-42
1.57973e-11 1.40345e-43 9.14553e-42
1.58684e-11 1.3839e-43 9.00518e-42
1.59399e-11 1.36458e-43 8.86679e-42
1.60117e-11 1.3455e-43 8.73034e-42
1.60838e-11 1.32665e-43 8.59579e-42
1.61562e-11 1.30804e-43 8.46312e-42
1.6229e-11 1.28965e-43 8.33232e-42
1.63021e-11 1.27149e-43 8.20335e-42
1.63755e-11 1.25356e-43 8.0762e-42
1.64493e-11 1.23585e-43 7.95085e-42
1.65233e-11 1.21835e-43 7.82726e-42
1.65978e-11 1.20108e-43 7.70543e-42
1.66725e-11 1.18402e-43 7.58532e-42
1.67476e-11 1.16718e-43 7.46692e-42
1.6823e-11 1.15054e-43 7.3502e-42
1.68988e-11 1.13412e-43 7.23515e-42
1.69749e-11 1.1179e-43 7.12173e-42
1.70513e-11 1.10189e-43 7.00994e-42
1.71281e-11 1.08607e-43 6.89975e-42
1.72053e-11 1.07046e-43 6.79115e-42
1.72828e-11 1.05505e-43 6.6841e-42
1.73606e-11 1.03983e-43 6.5786e-42
1.74388e-11 1.02481e-43 6.47461e-42
1.75173e-11 1.00997e-43 6.37213e-42
1.75962e-11 9.9533e-44 6.27114e-42
1.76755e-11 9.80875e-44 6.1716e-42
1.77551e-11 9.66605e-44 6.07351e-42
1.7835e-11 9.52519e-44 5.97685e-42
1.79154e-11 9.38614e-44 5.8816e-42
1.7996e-11 9.24888e-44 5.78774e-42
1.80771e-11 9.11341e-44 5.69525e-42
1.81585e-11 8.97968e-44 5.60412e-42
1.82403e-11 8.8477e-44 5.51432e-42
1.83224e-11 8.71744e-44 5.42584e-42
1.8405e-11 8.58887e-44 5.33867e-42
1.84878e-11 8.46199e-44 5.25278e-42
1.85711e-11 8.33677e-44 5.16816e-42
1.86547e-11 8.21319e-44 5.08479e-42
1.87388e-11 8.09124e-44 5.00266e-42
1.88232e-11 7.97089e-44 4.92175e-42
1.89079e-11 7.85214e-44 4.84204e-42
1.89931e-11 7.73495e-44 4.76352e-42
1.90786e-11 7.61933e-44 4.68617e-42
1.91646e-11 7.50523e-44 4.60998e-42
1.92509e-11 7.39266e-44 4.53492e-42
1.93376e-11 7.28159e-44 4.461e-42
1.94247e-11 7.17201e-44 4.38818e-42
1.95121e-11 7.06389e-44 4.31646e-42
1.96e-11 6.95723e-44 4.24582e-42
1.96883e-11 6.852e-44 4.17625e-42
1.9777e-11 6.74819e-44 4.10773e-42
1.9866e-11 6.64578e-44 4.04025e-42
1.99555e-11 6.54476e-44 3.97379e-42
2.00454e-11 6.44511e-44 3.90834e-42
2.01357e-11 6.34682e-44 3.84389e-42
2.02263e-11 6.24986e-44 3.78042e-42
2.03174e-11 6.15423e-44 3.71792e-42
2.04089e-11 6.05991e-44 3.65638e-42
2.05008e-11 5.96688e-44 3.59578e-42
2.05932e-11 5.87513e-44 3.53611e-42
2.06859e-11 5.78464e-44 3.47736e-42
2.07791e-11 5.6954e-44 3.41952e-42
2.08727e-11 5.60739e-44 3.36256e-42
2.09667e-11 5.5206e-44 3.30649e-42
2.10611e-11 5.43502e-44 3.25128e-42
2.1156e-11 5.35063e-44 3.19693e-42
2.12512e-11 5.26741e-44 3.14343e-42
2.13469e-11 5.18535e-44 3.09075e-42
2.14431e-11 5.10445e-44 3.0389e-42
2.15397e-11 5.02468e-44 2.98785e-42
2.16367e-11 4.94603e-44 2.93761e-42
2.17341e-11 4.86848e-44 2.88815e-42
2.1832e-11 4.79204e-44 2.83946e-42
2.19303e-11 4.71667e-44 2.79154e-42
2.20291e-11 4.64237e-44 2.74438e-42
2.21283e-11 4.56913e-44 2.69795e-42
2.2228e-11 4.49692e-44 2.65226e-42
2.23281e-11 4.42575e-44 2.60729e-42
2.24286e-11 4.3556e-44 2.56303e-42
2.25296e-11 4.28644e-44 2.51948e-42
2.26311e-11 4.21829e-44 2.47661e-42
2.2733e-11 4.15111e-44 2.43443e-42
2.28354e-11 4.08489e-44 2.39292e-42
2.29383e-11 4.01964e-44 2.35207e-42
2.30416e-11 3.95533e-44 2.31187e-42
2.31453e-11 3.89195e-44 2.27232e-42
2.32496e-11 3.82949e-44 2.2334e-42
2.33543e-11 3.76794e-44 2.19511e-42
2.34595e-11 3.70728e-44 2.15743e-42
2.35651e-11 3.64752e-44 2.12035e-42
2.36713e-11 3.58863e-44 2.08388e-42
2.37779e-11 3.5306e-44 2.04799e-42
2.3885e-11 3.47342e-44 2.01269e-42
2.39925e-11 3.41709e-44 1.97795e-42
2.41006e-11 3.36159e-44 1.94378e-42
2.42091e-11 3.30691e-44 1.91017e-42
2.43182e-11 3.25304e-44 1.8771e-42
2.44277e-11 3.19998e-44 1.84457e-42
2.45377e-11 3.1477e-44 1.81257e-42
2.46482e-11 3.0962e-44 1.78109e-42
2.47592e-11 3.04547e-44 1.75013e-42
2.48707e-11 2.9955e-44 1.71967e-42
2.49827e-11 2.94628e-44 1.68972e-42
2.50952e-11 2.8978e-44 1.66026e-42
2.52083e-11 2.85004e-44 1.63128e-42
2.53218e-11 2.80301e-44 1.60278e-42
2.54358e-11 2.7567e-44 1.57475e-42
2.55504e-11 2.71108e-44 1.54718e-42
2.56655e-11 2.66615e-44 1.52007e-42
2.57811e-11 2.62191e-44 1.49341e-42
2.58972e-11 2.57835e-44 1.46719e-42
2.60138e-11 2.53545e-44 1.4414e-42
2.6131e-11 2.4932e-44 1.41605e-42
2.62486e-11 2.45161e-44 1.39112e-42
2.63669e-11 2.41065e-44 1.3666e-42
2.64856e-11 2.37032e-44 1.3425e-42
2.66049e-11 2.33062e-44 1.31879e-42
2.67247e-11 2.29152e-44 1.29549e-42
2.68451e-11 2.25304e-44 1.27257e-42
2.6966e-11 2.21515e-44 1.25004e-42
2.70874e-11 2.17785e-44 1.22789e-42
2.72094e-11 2.14113e-44 1.20611e-42
2.7332e-11 2.10498e-44 1.1847e-42
2.74551e-11 2.0694e-44 1.16365e-42
2.75787e-11 2.03438e-44 1.14296e-42
2.77029e-11 1.9999e-44 1.12261e-42
2.78277e-11 1.96597e-44 1.10261e-42
2.7953e-11 1.93258e-44 1.08295e-42
2.80789e-11 1.89971e-44 1.06363e-42
2.82054e-11 1.86736e-44 1.04463e-42
2.83324e-11 1.83552e-44 1.02596e-42
2.846e-11 1.80419e-44 1.0076e-42
2.85882e-11 1.77335e-44 9.8956e-43
2.87169e-11 1.74301e-44 9.71826e-43
2.88462e-11 1.71315e-44 9.54396e-43
2.89762e-11 1.68377e-44 9.37265e-43
2.91067e-11 1.65486e-44 9.20427e-43
2.92377e-11 1.62642e-44 9.03878e-43
2.93694e-11 1.59843e-44 8.87614e-43
2.95017e-11 1.57089e-44 8.7163e-43
2.96346e-11 1.5438e-44 8.55921e-43
2.9768e-11 1.51714e-44 8.40483e-43
2.99021e-11 1.49092e-44 8.25312e-43
3.00368e-11 1.46512e-44 8.10402e-43
3.0172e-11 1.43975e-44 7.95751e-43
3.03079e-11 1.41478e-44 7.81354e-43
3.04444e-11 1.39022e-44 7.67206e-43
3.05815e-11 1.36607e-44 7.53304e-43
3.07193e-11 1.34231e-44 7.39643e-43
3.08576e-11 1.31894e-44 7.2622e-43
3.09966e-11 1.29595e-44 7.1303e-43
3.11362e-11 1.27334e-44 7.00071e-43
3.12764e-11 1.25111e-44 6.87338e-43
3.14173e-11 1.22924e-44 6.74826e-43
3.15588e-11 1.20774e-44 6.62534e-43
3.17009e-11 1.18659e-44 6.50457e-43
3.18437e-11 1.16579e-44 6.38591e-43
3.19871e-11 1.14534e-44 6.26933e-43
3.21312e-11 1.12523e-44 6.1548e-43
3.22759e-11 1.10545e-44 6.04227e-43
3.24212e-11 1.08601e-44 5.93173e-43
3.25672e-11 1.06689e-44 5.82313e-43
3.27139e-11 1.04809e-44 5.71644e-43
3.28612e-11 1.0296e-44 5.61163e-43
3.30092e-11 1.01143e-44 5.50867e-43
3.31579e-11 9.93567e-45 5.40753e-43
3.33072e-11 9.76003e-45 5.30817e-43
3.34573e-11 9.58736e-45 5.21057e-43
3.36079e-11 9.41761e-45 5.1147e-43
3.37593e-11 9.25075e-45 5.02052e-43
3.39113e-11 9.08672e-45 4.92801e-43
3.40641e-11 8.92548e-45 4.83715e-43
3.42175e-11 8.76699e-45 4.74789e-43
3.43716e-11 8.61121e-45 4.66022e-43
3.45264e-11 8.45809e-45 4.57411e-43
3.46819e-11 8.30759e-45 4.48953e-43
3.48381e-11 8.15967e-45 4.40645e-43
3.4995e-11 8.01429e-45 4.32485e-43
3.51526e-11 7.87142e-45 4.24471e-43
3.53109e-11 7.731e-45 4.166e-43
3.54699e-11 7.59301e-45 4.08869e-43
3.56297e-11 7.4574e-45 4.01276e-43
3.57901e-11 7.32413e-45 3.93818e-43
3.59513e-11 7.19318e-45 3.86494e-43
3.61132e-11 7.0645e-45 3.79301e-43
3.62759e-11 6.93805e-45 3.72237e-43
3.64393e-11 6.81381e-45 3.65298e-43
3.66034e-11 6.69173e-45 3.58485e-43
3.67682e-11 6.57178e-45 3.51793e-43
3.69338e-11 6.45392e-45 3.45221e-43
3.71002e-11 6.33813e-45 3.38767e-43
3.72672e-11 6.22437e-45 3.32429e-43
3.74351e-11 6.1126e-45 3.26205e-43
3.76037e-11 6.00279e-45 3.20092e-43
3.7773e-11 5.89492e-45 3.14089e-43
3.79432e-11 5.78895e-45 3.08194e-43
3.8114e-11 5.68484e-45 3.02406e-43
3.82857e-11 5.58257e-45 2.96721e-43
3.84581e-11 5.48211e-45 2.91138e-43
3.86313e-11 5.38343e-45 2.85656e-43
3.88053e-11 5.2865e-45 2.80273e-43
3.89801e-11 5.19129e-45 2.74986e-43
3.91556e-11 5.09776e-45 2.69795e-43
3.9332e-11 5.0059e-45 2.64697e-43
3.95091e-11 4.91568e-45 2.59691e-43
3.96871e-11 4.82707e-45 2.54775e-43
3.98658e-11 4.74003e-45 2.49948e-43
4.00453e-11 4.65455e-45 2.45208e-43
4.02257e-11 4.5706e-45 2.40554e-43
4.04069e-11 4.48816e-45 2.35983e-43
4.05888e-11 4.40719e-45 2.31495e-43
4.07716e-11 4.32767e-45 2.27088e-43
4.09553e-11 4.24958e-45 2.2276e-43
4.11397e-11 4.17289e-45 2.18511e-43
4.1325e-11 4.09759e-45 2.14338e-43
4.15111e-11 4.02364e-45 2.1024e-43
4.16981e-11 3.95103e-45 2.06216e-43
4.18859e-11 3.87972e-45 2.02265e-43
4.20745e-11 3.8097e-45 1.98386e-43
4.2264e-11 3.74095e-45 1.94576e-43
4.24543e-11 3.67345e-45 1.90835e-43
4.26455e-11 3.60716e-45 1.87162e-43
4.28376e-11 3.54208e-45 1.83554e-43
4.30305e-11 3.47818e-45 1.80012e-43
4.32243e-11 3.41544e-45 1.76534e-43
4.3419e-11 3.35384e-45 1.73119e-43
4.36146e-11 3.29336e-45 1.69765e-43
4.3811e-11 3.23398e-45 1.66472e-43
4.40083e-11 3.17569e-45 1.63238e-43
4.42065e-11 3.11845e-45 1.60062e-43
4.44056e-11 3.06226e-45 1.56943e-43
4.46056e-11 3.0071e-45 1.53881e-43
4.48065e-11 2.95294e-45 1.50874e-43
4.50083e-11 2.89978e-45 1.47921e-43
4.5211e-11 2.84758e-45 1.45021e-43
4.54146e-11 2.79635e-45 1.42174e-43
4.56191e-11 2.74605e-45 1.39377e-43
4.58246e-11 2.69667e-45 1.36631e-43
4.6031e-11 2.6482e-45 1.33935e-43
4.62383e-11 2.60061e-45 1.31286e-43
4.64465e-11 2.5539e-45 1.28686e-43
4.66557e-11 2.50805e-45 1.26132e-43
4.68658e-11 2.46305e-45 1.23624e-43
4.70769e-11 2.41886e-45 1.21161e-43
4.72889e-11 2.3755e-45 1.18742e-43
4.75019e-11 2.33293e-45 1.16366e-43
4.77158e-11 2.29114e-45 1.14034e-43
4.79307e-11 2.25012e-45 1.11742e-43
4.81466e-11 2.20986e-45 1.09492e-43
4.83634e-11 2.17034e-45 1.07282e-43
4.85812e-11 2.13155e-45 1.05112e-43
4.88e-11 2.09348e-45 1.02981e-43
4.90198e-11 2.05611e-45 1.00887e-43
4.92406e-11 2.01942e-45 9.8831e-44
4.94623e-11 1.98342e-45 9.68115e-44
4.96851e-11 1.94808e-45 9.48281e-44
4.99089e-11 1.91339e-45 9.288e-44
5.01336e-11 1.87934e-45 9.09666e-44
5.03594e-11 1.84592e-45 8.90873e-44
5.05862e-11 1.81312e-45 8.72414e-44
5.08141e-11 1.78093e-45 8.54283e-44
5.10429e-11 1.74933e-45 8.36473e-44
5.12728e-11 1.71832e-45 8.1898e-44
5.15037e-11 1.68787e-45 8.01797e-44
5.17357e-11 1.658e-45 7.84918e-44
5.19687e-11 1.62867e-45 7.68338e-44
5.22027e-11 1.59988e-45 7.52051e-44
5.24378e-11 1.57163e-45 7.36053e-44
5.2674e-11 1.5439e-45 7.20336e-44
5.29112e-11 1.51669e-45 7.04897e-44
5.31495e-11 1.48997e-45 6.8973e-44
5.33889e-11 1.46375e-45 6.74831e-44
5.36293e-11 1.43802e-45 6.60193e-44
5.38709e-11 1.41276e-45 6.45813e-44
5.41135e-11 1.38796e-45 6.31685e-44
5.43572e-11 1.36363e-45 6.17806e-44
5.4602e-11 1.33974e-45 6.0417e-44
5.48479e-11 1.3163e-45 5.90772e-44
5.50949e-11 1.29329e-45 5.77609e-44
5.53431e-11 1.2707e-45 5.64676e-44
5.55923e-11 1.24853e-45 5.51969e-44
5.58427e-11 1.22677e-45 5.39484e-44
5.60942e-11 1.20541e-45 5.27216e-44
5.63468e-11 1.18444e-45 5.15162e-44
5.66006e-11 1.16386e-45 5.03318e-44
5.68555e-11 1.14366e-45 4.91679e-44
5.71116e-11 1.12383e-45 4.80243e-44
5.73688e-11 1.10437e-45 4.69004e-44
5.76272e-11 1.08526e-45 4.57961e-44
5.78867e-11 1.06651e-45 4.47108e-44
5.81474e-11 1.0481e-45 4.36443e-44
5.84093e-11 1.03003e-45 4.25962e-44
5.86723e-11 1.01229e-45 4.15662e-44
5.89366e-11 9.94876e-46 4.05539e-44
5.9202e-11 9.77782e-46 3.9559e-44
5.94686e-11 9.61001e-46 3.85812e-44
5.97365e-11 9.44528e-46 3.76202e-44
6.00055e-11 9.28356e-46 3.66757e-44
6.02758e-11 9.1248e-46 3.57473e-44
6.05472e-11 8.96895e-46 3.48349e-44
6.08199e-11 8.81594e-46 3.3938e-44
6.10938e-11 8.66573e-46 3.30564e-44
6.1369e-11 8.51826e-46 3.21898e-44
6.16454e-11 8.37348e-46 3.1338e-44
6.1923e-11 8.23134e-46 3.05006e-44
6.22019e-11 8.09179e-46 2.96775e-44
6.2482e-11 7.95477e-46 2.88683e-44
6.27634e-11 7.82025e-46 2.80728e-44
6.30461e-11 7.68817e-46 2.72908e-44
6.333e-11 7.55849e-46 2.6522e-44
6.36152e-11 7.43116e-46 2.57661e-44
6.39017e-11 7.30613e-46 2.5023e-44
6.41895e-11 7.18337e-46 2.42924e-44
6.44786e-11 7.06283e-46 2.35741e-44
6.4769e-11 6.94447e-46 2.28678e-44
6.50607e-11 6.82825e-46 2.21733e-44
6.53537e-11 6.71412e-46 2.14905e-44
6.56481e-11 6.60205e-46 2.08191e-44
6.59437e-11 6.492e-46 2.01589e-44
6.62407e-11 6.38392e-46 1.95097e-44
6.65391e-11 6.27779e-46 1.88713e-44
6.68387e-11 6.17356e-46 1.82435e-44
6.71398e-11 6.0712e-46 1.76262e-44
6.74421e-11 5.97068e-46 1.7019e-44
6.77459e-11 5.87195e-46 1.6422e-44
6.8051e-11 5.77499e-46 1.58348e-44
6.83575e-11 5.67976e-46 1.52573e-44
6.86653e-11 5.58622e-46 1.46893e-44
6.89746e-11 5.49435e-46 1.41307e-44
6.92852e-11 5.40412e-46 1.35813e-44
6.95973e-11 5.31549e-46 1.30408e-44
6.99107e-11 5.22844e-46 1.25093e-44
7.02256e-11 5.14292e-46 1.19864e-44
7.05418e-11 5.05893e-46 1.14722e-44
7.08595e-11 4.97641e-46 1.09663e-44
7.11787e-11 4.89536e-46 1.04686e-44
7.14992e-11 4.81573e-46 9.97909e-45
7.18212e-11 4.73751e-46 9.49751e-45
7.21447e-11 4.66067e-46 9.02376e-45
7.24696e-11 4.58518e-46 8.5577e-45
7.2796e-11 4.51101e-46 8.09918e-45
7.31239e-11 4.43814e-46 7.64808e-45
7.34532e-11 4.36655e-46 7.20426e-45
7.3784e-11 4.29621e-46 6.76761e-45
7.41163e-11 4.2271e-46 6.33799e-45
7.44501e-11 4.15919e-46 5.91528e-45
7.47854e-11 4.09247e-46 5.49936e-45
7.51222e-11 4.02691e-46 5.09011e-45
7.54605e-11 3.96249e-46 4.68742e-45
7.58004e-11 3.89918e-46 4.29117e-45
7.61418e-11 3.83698e-46 3.90125e-45
7.64847e-11 3.77585e-46 3.51755e-45
7.68292e-11 3.71577e-46 3.13997e-45
7.71752e-11 3.65673e-46 2.76839e-45
7.75228e-11 3.59871e-46 2.40272e-45
7.78719e-11 3.54169e-46 2.04285e-45
7.82226e-11 3.48565e-46 1.68868e-45
7.85749e-11 3.43057e-46 1.34011e-45
7.89288e-11 3.37643e-46 9.97058e-46
7.92842e-11 3.32322e-46 6.59414e-46
7.96413e-11 3.27092e-46 3.27092e-46
