1e-14 29.6593 3.40676e+11
1.0045e-14 30.8709 3.40676e+11
1.00903e-14 32.1306 3.40676e+11
1.01357e-14 33.4401 3.40676e+11
1.01814e-14 34.8014 3.40676e+11
1.02272e-14 36.2165 3.40676e+11
1.02733e-14 37.6873 3.40676e+11
1.03196e-14 39.2161 3.40676e+11
1.0366e-14 40.8051 3.40676e+11
1.04127e-14 42.4565 3.40676e+11
1.04596e-14 44.1727 3.40676e+11
1.05067e-14 45.9562 3.40676e+11
1.0554e-14 47.8095 3.40676e+11
1.06016e-14 49.7353 3.40676e+11
1.06493e-14 51.7363 3.40676e+11
1.06973e-14 53.8153 3.40676e+11
1.07455e-14 55.9753 3.40676e+11
1.07938e-14 58.2193 3.40676e+11
1.08425e-14 60.5506 3.40676e+11
1.08913e-14 62.9723 3.40676e+11
1.09403e-14 65.4879 3.40676e+11
1.09896e-14 68.1008 3.40676e+11
1.10391e-14 70.8148 3.40676e+11
1.10888e-14 73.6335 3.40676e+11
1.11388e-14 76.561 3.40676e+11
1.11889e-14 79.6012 3.40676e+11
1.12393e-14 82.7584 3.40676e+11
1.12899e-14 86.0368 3.40676e+11
1.13408e-14 89.4411 3.40676e+11
1.13919e-14 92.9758 3.40676e+11
1.14432e-14 96.6457 3.40676e+11
1.14947e-14 100.456 3.40676e+11
1.15465e-14 104.412 3.40676e+11
1.15985e-14 108.518 3.40676e+11
1.16507e-14 112.781 3.40676e+11
1.17032e-14 117.206 3.40676e+11
1.17559e-14 121.799 3.40676e+11
1.18088e-14 126.566 3.40676e+11
1.1862e-14 131.514 3.40676e+11
1.19154e-14 136.649 3.40676e+11
1.19691e-14 141.978 3.40676e+11
1.2023e-14 147.508 3.40676e+11
1.20772e-14 153.247 3.40676e+11
1.21316e-14 159.201 3.40676e+11
1.21862e-14 165.38 3.40676e+11
1.22411e-14 171.79 3.40676e+11
1.22962e-14 178.441 3.40676e+11
1.23516e-14 185.34 3.40676e+11
1.24072e-14 192.498 3.40676e+11
1.24631e-14 199.923 3.40676e+11
1.25192e-14 207.625 3.40676e+11
1.25756e-14 215.614 3.40676e+11
1.26322e-14 223.9 3.40676e+11
1.26891e-14 232.494 3.40676e+11
1.27463e-14 241.406 3.40676e+11
1.28037e-14 250.649 3.40676e+11
1.28613e-14 260.234 3.40676e+11
1.29193e-14 270.174 3.40676e+11
1.29775e-14 280.48 3.40676e+11
1.30359e-14 291.166 3.40676e+11
1.30946e-14 302.245 3.40676e+11
1.31536e-14 313.732 3.40676e+11
1.32128e-14 325.64 3.40676e+11
1.32723e-14 337.985 3.40676e+11
1.33321e-14 350.782 3.40676e+11
1.33922e-14 364.047 3.40676e+11
1.34525e-14 377.797 3.40676e+11
1.35131e-14 392.047 3.40676e+11
1.35739e-14 406.817 3.40676e+11
1.3635e-14 422.125 3.40676e+11
1.36965e-14 437.988 3.40676e+11
1.37581e-14 454.426 3.40676e+11
1.38201e-14 471.461 3.40676e+11
1.38823e-14 489.111 3.40676e+11
1.39449e-14 507.399 3.40676e+11
1.40077e-14 526.348 3.40676e+11
1.40708e-14 545.979 3.40676e+11
1.41341e-14 566.316 3.40676e+11
1.41978e-14 587.384 3.40676e+11
1.42617e-14 609.209 3.40676e+11
1.4326e-14 631.815 3.40676e+11
1.43905e-14 655.231 3.40676e+11
1.44553e-14 679.483 3.40676e+11
1.45204e-14 704.602 3.40676e+11
1.45858e-14 730.615 3.40676e+11
1.46515e-14 757.555 3.40676e+11
1.47175e-14 785.452 3.40676e+11
1.47837e-14 814.34 3.40676e+11
1.48503e-14 844.252 3.40676e+11
1.49172e-14 875.223 3.40676e+11
1.49844e-14 907.289 3.40676e+11
1.50519e-14 940.487 3.40676e+11
1.51197e-14 974.855 3.40676e+11
1.51878e-14 1010.43 3.40676e+11
1.52562e-14 1047.26 3.40676e+11
1.53249e-14 1085.39 3.40676e+11
1.53939e-14 1124.85 3.40676e+11
1.54632e-14 1165.69 3.40676e+11
1.55329e-14 1207.96 3.40676e+11
1.56028e-14 1251.7 3.40676e+11
1.56731e-14 1296.97 3.40676e+11
1.57437e-14 1343.82 3.40676e+11
1.58146e-14 1392.3 3.40676e+11
1.58858e-14 1442.45 3.40676e+11
1.59573e-14 1494.35 3.40676e+11
1.60292e-14 1548.05 3.40676e+11
1.61014e-14 1603.6 3.40676e+11
1.61739e-14 1661.07 3.40676e+11
1.62468e-14 1720.53 3.40676e+11
1.63199e-14 1782.03 3.40676e+11
1.63934e-14 1845.64 3.40676e+11
1.64673e-14 1911.44 3.40676e+11
1.65414e-14 1979.5 3.40676e+11
1.66159e-14 2049.88 3.40676e+11
1.66908e-14 2122.67 3.40676e+11
1.67659e-14 2197.95 3.40676e+11
1.68414e-14 2275.8 3.40676e+11
1.69173e-14 2356.29 3.40676e+11
1.69935e-14 2439.52 3.40676e+11
1.707e-14 2525.58 3.40676e+11
1.71469e-14 2614.56 3.40676e+11
1.72241e-14 2706.54 3.40676e+11
1.73017e-14 2801.64 3.40676e+11
1.73796e-14 2899.95 3.40676e+11
1.74579e-14 3001.57 3.40676e+11
1.75365e-14 3106.61 3.40676e+11
1.76155e-14 3215.18 3.40676e+11
1.76948e-14 3327.4 3.40676e+11
1.77745e-14 3443.37 3.40676e+11
1.78546e-14 3563.23 3.40676e+11
1.7935e-14 3687.1 3.40676e+11
1.80158e-14 3815.09 3.40676e+11
1.80969e-14 3947.36 3.40676e+11
1.81784e-14 4084.02 3.40676e+11
1.82603e-14 4225.22 3.40676e+11
1.83425e-14 4371.11 3.40676e+11
1.84251e-14 4521.83 3.40676e+11
1.85081e-14 4677.54 3.40676e+11
1.85914e-14 4838.39 3.40676e+11
1.86752e-14 5004.55 3.40676e+11
1.87593e-14 5176.18 3.40676e+11
1.88438e-14 5353.45 3.40676e+11
1.89286e-14 5536.55 3.40676e+11
1.90139e-14 5725.64 3.40676e+11
1.90995e-14 5920.93 3.40676e+11
1.91855e-14 6122.61 3.40676e+11
1.92719e-14 6330.87 3.40676e+11
1.93587e-14 6545.92 3.40676e+11
1.94459e-14 6767.96 3.40676e+11
1.95335e-14 6997.23 3.40676e+11
1.96215e-14 7233.93 3.40676e+11
1.97098e-14 7478.3 3.40676e+11
1.97986e-14 7730.58 3.40676e+11
1.98878e-14 7991.02 3.40676e+11
1.99774e-14 8259.85 3.40676e+11
2.00673e-14 8537.34 3.40676e+11
2.01577e-14 8823.76 3.40676e+11
2.02485e-14 9119.37 3.40676e+11
2.03397e-14 9424.47 3.40676e+11
2.04313e-14 9739.33 3.40676e+11
2.05233e-14 10064.3 3.40676e+11
2.06157e-14 10399.6 3.40676e+11
2.07086e-14 10745.6 3.40676e+11
2.08018e-14 11102.6 3.40676e+11
2.08955e-14 11470.9 3.40676e+11
2.09896e-14 11850.9 3.40676e+11
2.10842e-14 12243 3.40676e+11
2.11791e-14 12647.5 3.40676e+11
2.12745e-14 13064.7 3.40676e+11
2.13703e-14 13495.1 3.40676e+11
2.14666e-14 13939.1 3.40676e+11
2.15632e-14 14397 3.40676e+11
2.16604e-14 14869.3 3.40676e+11
2.17579e-14 15356.4 3.40676e+11
2.18559e-14 15858.7 3.40676e+11
2.19543e-14 16376.7 3.40676e+11
2.20532e-14 16910.9 3.40676e+11
2.21525e-14 17461.8 3.40676e+11
2.22523e-14 18029.7 3.40676e+11
2.23525e-14 18615.3 3.40676e+11
2.24532e-14 19219.1 3.40676e+11
2.25543e-14 19841.6 3.40676e+11
2.26559e-14 20483.2 3.40676e+11
2.27579e-14 21144.7 3.40676e+11
2.28604e-14 21826.6 3.40676e+11
2.29634e-14 22529.5 3.40676e+11
2.30668e-14 23253.9 3.40676e+11
2.31707e-14 24000.6 3.40676e+11
2.3275e-14 24770.1 3.40676e+11
2.33799e-14 25563.1 3.40676e+11
2.34852e-14 26380.4 3.40676e+11
2.35909e-14 27222.6 3.40675e+11
2.36972e-14 28090.3 3.40675e+11
2.38039e-14 28984.5 3.40675e+11
2.39111e-14 29905.8 3.40675e+11
2.40188e-14 30854.9 3.40675e+11
2.4127e-14 31832.8 3.40675e+11
2.42356e-14 32840.2 3.40675e+11
2.43448e-14 33877.9 3.40675e+11
2.44544e-14 34946.9 3.40675e+11
2.45646e-14 36048 3.40675e+11
2.46752e-14 37182.1 3.40675e+11
2.47863e-14 38350.1 3.40675e+11
2.4898e-14 39553.1 3.40675e+11
2.50101e-14 40792 3.40675e+11
2.51227e-14 42067.8 3.40675e+11
2.52359e-14 43381.6 3.40675e+11
2.53495e-14 44734.4 3.40675e+11
2.54637e-14 46127.3 3.40675e+11
2.55784e-14 47561.5 3.40675e+11
2.56936e-14 49038.1 3.40675e+11
2.58093e-14 50558.2 3.40675e+11
2.59255e-14 52123.1 3.40675e+11
2.60423e-14 53734.1 3.40675e+11
2.61596e-14 55392.3 3.40675e+11
2.62774e-14 57099.2 3.40675e+11
2.63957e-14 58856.1 3.40674e+11
2.65146e-14 60664.3 3.40674e+11
2.6634e-14 62525.2 3.40674e+11
2.6754e-14 64440.3 3.40674e+11
2.68745e-14 66411.2 3.40674e+11
2.69955e-14 68439.2 3.40674e+11
2.71171e-14 70526.1 3.40674e+11
2.72392e-14 72673.3 3.40674e+11
2.73619e-14 74882.5 3.40674e+11
2.74851e-14 77155.4 3.40674e+11
2.76089e-14 79493.8 3.40674e+11
2.77332e-14 81899.4 3.40674e+11
2.78581e-14 84374 3.40674e+11
2.79836e-14 86919.5 3.40674e+11
2.81096e-14 89537.8 3.40673e+11
2.82362e-14 92230.9 3.40673e+11
2.83634e-14 95000.7 3.40673e+11
2.84912e-14 97849.3 3.40673e+11
2.86195e-14 100779 3.40673e+11
2.87484e-14 103791 3.40673e+11
2.88778e-14 106889 3.40673e+11
2.90079e-14 110075 3.40673e+11
2.91385e-14 113350 3.40673e+11
2.92698e-14 116718 3.40673e+11
2.94016e-14 120180 3.40672e+11
2.9534e-14 123739 3.40672e+11
2.9667e-14 127398 3.40672e+11
2.98006e-14 131160 3.40672e+11
2.99348e-14 135026 3.40672e+11
3.00697e-14 139001 3.40672e+11
3.02051e-14 143086 3.40672e+11
3.03411e-14 147284 3.40672e+11
3.04778e-14 151599 3.40671e+11
3.0615e-14 156033 3.40671e+11
3.07529e-14 160590 3.40671e+11
3.08914e-14 165272 3.40671e+11
3.10305e-14 170084 3.40671e+11
3.11703e-14 175027 3.40671e+11
3.13107e-14 180107 3.4067e+11
3.14517e-14 185325 3.4067e+11
3.15933e-14 190687 3.4067e+11
3.17356e-14 196194 3.4067e+11
3.18786e-14 201852 3.4067e+11
3.20221e-14 207663 3.40669e+11
3.21663e-14 213633 3.40669e+11
3.23112e-14 219764 3.40669e+11
3.24567e-14 226061 3.40669e+11
3.26029e-14 232528 3.40669e+11
3.27497e-14 239169 3.40668e+11
3.28972e-14 245990 3.40668e+11
3.30454e-14 252993 3.40668e+11
3.31942e-14 260184 3.40668e+11
3.33437e-14 267568 3.40667e+11
3.34939e-14 275149 3.40667e+11
3.36447e-14 282932 3.40667e+11
3.37963e-14 290923 3.40667e+11
3.39485e-14 299126 3.40666e+11
3.41014e-14 307546 3.40666e+11
3.42549e-14 316189 3.40666e+11
3.44092e-14 325061 3.40665e+11
3.45642e-14 334167 3.40665e+11
3.47199e-14 343513 3.40665e+11
3.48762e-14 353104 3.40664e+11
3.50333e-14 362947 3.40664e+11
3.51911e-14 373048 3.40664e+11
3.53496e-14 383413 3.40663e+11
3.55088e-14 394048 3.40663e+11
3.56687e-14 404960 3.40662e+11
3.58293e-14 416156 3.40662e+11
3.59907e-14 427643 3.40662e+11
3.61528e-14 439427 3.40661e+11
3.63156e-14 451515 3.40661e+11
3.64792e-14 463916 3.4066e+11
3.66435e-14 476636 3.4066e+11
3.68085e-14 489683 3.40659e+11
3.69743e-14 503065 3.40659e+11
3.71408e-14 516789 3.40658e+11
3.73081e-14 530864 3.40658e+11
3.74761e-14 545299 3.40657e+11
3.76449e-14 560101 3.40657e+11
3.78144e-14 575279 3.40656e+11
3.79847e-14 590843 3.40656e+11
3.81558e-14 606800 3.40655e+11
3.83276e-14 623161 3.40654e+11
3.85002e-14 639934 3.40654e+11
3.86736e-14 657130 3.40653e+11
3.88478e-14 674758 3.40653e+11
3.90228e-14 692828 3.40652e+11
3.91985e-14 711350 3.40651e+11
3.93751e-14 730336 3.4065e+11
3.95524e-14 749794 3.4065e+11
3.97305e-14 769737 3.40649e+11
3.99095e-14 790175 3.40648e+11
4.00892e-14 811120 3.40647e+11
4.02698e-14 832583 3.40647e+11
4.04511e-14 854576 3.40646e+11
4.06333e-14 877111 3.40645e+11
4.08163e-14 900200 3.40644e+11
4.10001e-14 923857 3.40643e+11
4.11848e-14 948092 3.40642e+11
4.13703e-14 972921 3.40641e+11
4.15566e-14 998355 3.4064e+11
4.17437e-14 1.02441e+06 3.40639e+11
4.19317e-14 1.0511e+06 3.40638e+11
4.21206e-14 1.07843e+06 3.40637e+11
4.23103e-14 1.10643e+06 3.40636e+11
4.25008e-14 1.1351e+06 3.40635e+11
4.26922e-14 1.16446e+06 3.40634e+11
4.28845e-14 1.19453e+06 3.40633e+11
4.30777e-14 1.22533e+06 3.40632e+11
4.32717e-14 1.25686e+06 3.4063e+11
4.34666e-14 1.28914e+06 3.40629e+11
4.36623e-14 1.3222e+06 3.40628e+11
4.3859e-14 1.35604e+06 3.40626e+11
4.40565e-14 1.39069e+06 3.40625e+11
4.42549e-14 1.42616e+06 3.40624e+11
4.44542e-14 1.46247e+06 3.40622e+11
4.46544e-14 1.49964e+06 3.40621e+11
4.48555e-14 1.53768e+06 3.40619e+11
4.50575e-14 1.57662e+06 3.40618e+11
4.52605e-14 1.61648e+06 3.40616e+11
4.54643e-14 1.65726e+06 3.40615e+11
4.56691e-14 1.69901e+06 3.40613e+11
4.58748e-14 1.74172e+06 3.40611e+11
4.60814e-14 1.78543e+06 3.40609e+11
4.62889e-14 1.83016e+06 3.40608e+11
4.64974e-14 1.87592e+06 3.40606e+11
4.67068e-14 1.92275e+06 3.40604e+11
4.69171e-14 1.97065e+06 3.40602e+11
4.71284e-14 2.01966e+06 3.406e+11
4.73407e-14 2.06979e+06 3.40598e+11
4.75539e-14 2.12108e+06 3.40596e+11
4.77681e-14 2.17354e+06 3.40594e+11
4.79832e-14 2.2272e+06 3.40592e+11
4.81993e-14 2.28208e+06 3.40589e+11
4.84164e-14 2.33821e+06 3.40587e+11
4.86344e-14 2.39562e+06 3.40585e+11
4.88535e-14 2.45433e+06 3.40582e+11
4.90735e-14 2.51436e+06 3.4058e+11
4.92945e-14 2.57575e+06 3.40577e+11
4.95165e-14 2.63852e+06 3.40575e+11
4.97395e-14 2.7027e+06 3.40572e+11
4.99635e-14 2.76832e+06 3.4057e+11
5.01886e-14 2.8354e+06 3.40567e+11
5.04146e-14 2.90399e+06 3.40564e+11
5.06416e-14 2.9741e+06 3.40561e+11
5.08697e-14 3.04576e+06 3.40558e+11
5.10988e-14 3.11902e+06 3.40555e+11
5.13289e-14 3.1939e+06 3.40552e+11
5.15601e-14 3.27043e+06 3.40549e+11
5.17923e-14 3.34864e+06 3.40545e+11
5.20256e-14 3.42857e+06 3.40542e+11
5.22599e-14 3.51026e+06 3.40539e+11
5.24953e-14 3.59373e+06 3.40535e+11
5.27317e-14 3.67903e+06 3.40532e+11
5.29692e-14 3.76618e+06 3.40528e+11
5.32077e-14 3.85522e+06 3.40524e+11
5.34474e-14 3.9462e+06 3.4052e+11
5.36881e-14 4.03914e+06 3.40516e+11
5.39299e-14 4.13409e+06 3.40512e+11
5.41728e-14 4.23109e+06 3.40508e+11
5.44167e-14 4.33016e+06 3.40504e+11
5.46618e-14 4.43136e+06 3.405e+11
5.4908e-14 4.53473e+06 3.40495e+11
5.51553e-14 4.6403e+06 3.40491e+11
5.54037e-14 4.74812e+06 3.40486e+11
5.56532e-14 4.85822e+06 3.40481e+11
5.59039e-14 4.97066e+06 3.40476e+11
5.61556e-14 5.08548e+06 3.40471e+11
5.64085e-14 5.20272e+06 3.40466e+11
5.66626e-14 5.32242e+06 3.40461e+11
5.69178e-14 5.44464e+06 3.40456e+11
5.71741e-14 5.56942e+06 3.4045e+11
5.74316e-14 5.6968e+06 3.40445e+11
5.76903e-14 5.82684e+06 3.40439e+11
5.79501e-14 5.95958e+06 3.40433e+11
5.82111e-14 6.09508e+06 3.40427e+11
5.84732e-14 6.23338e+06 3.40421e+11
5.87366e-14 6.37453e+06 3.40415e+11
5.90011e-14 6.51859e+06 3.40409e+11
5.92668e-14 6.66561e+06 3.40402e+11
5.95338e-14 6.81565e+06 3.40395e+11
5.98019e-14 6.96875e+06 3.40389e+11
6.00712e-14 7.12497e+06 3.40382e+11
6.03418e-14 7.28438e+06 3.40374e+11
6.06135e-14 7.44701e+06 3.40367e+11
6.08865e-14 7.61295e+06 3.4036e+11
6.11607e-14 7.78223e+06 3.40352e+11
6.14362e-14 7.95492e+06 3.40344e+11
6.17129e-14 8.13109e+06 3.40336e+11
6.19908e-14 8.31078e+06 3.40328e+11
6.227e-14 8.49407e+06 3.4032e+11
6.25504e-14 8.68102e+06 3.40311e+11
6.28321e-14 8.87168e+06 3.40303e+11
6.31151e-14 9.06613e+06 3.40294e+11
6.33994e-14 9.26443e+06 3.40285e+11
6.36849e-14 9.46665e+06 3.40276e+11
6.39717e-14 9.67285e+06 3.40266e+11
6.42598e-14 9.8831e+06 3.40256e+11
6.45492e-14 1.00975e+07 3.40247e+11
6.484e-14 1.0316e+07 3.40236e+11
6.5132e-14 1.05389e+07 3.40226e+11
6.54253e-14 1.0766e+07 3.40216e+11
6.572e-14 1.09976e+07 3.40205e+11
6.6016e-14 1.12336e+07 3.40194e+11
6.63133e-14 1.14742e+07 3.40183e+11
6.66119e-14 1.17194e+07 3.40171e+11
6.69119e-14 1.19694e+07 3.40159e+11
6.72133e-14 1.22241e+07 3.40147e+11
6.7516e-14 1.24837e+07 3.40135e+11
6.78201e-14 1.27482e+07 3.40123e+11
6.81255e-14 1.30178e+07 3.4011e+11
6.84323e-14 1.32924e+07 3.40097e+11
6.87405e-14 1.35723e+07 3.40084e+11
6.90501e-14 1.38574e+07 3.4007e+11
6.93611e-14 1.41479e+07 3.40056e+11
6.96735e-14 1.44438e+07 3.40042e+11
6.99873e-14 1.47452e+07 3.40028e+11
7.03025e-14 1.50523e+07 3.40013e+11
7.06191e-14 1.53651e+07 3.39998e+11
7.09371e-14 1.56837e+07 3.39983e+11
7.12566e-14 1.60081e+07 3.39967e+11
7.15775e-14 1.63386e+07 3.39951e+11
7.18999e-14 1.66751e+07 3.39934e+11
7.22237e-14 1.70178e+07 3.39918e+11
7.2549e-14 1.73667e+07 3.39901e+11
7.28757e-14 1.77221e+07 3.39883e+11
7.32039e-14 1.80838e+07 3.39866e+11
7.35336e-14 1.84522e+07 3.39848e+11
7.38648e-14 1.88272e+07 3.39829e+11
7.41975e-14 1.92089e+07 3.3981e+11
7.45316e-14 1.95975e+07 3.39791e+11
7.48673e-14 1.99931e+07 3.39772e+11
7.52045e-14 2.03957e+07 3.39752e+11
7.55432e-14 2.08056e+07 3.39731e+11
7.58834e-14 2.12227e+07 3.3971e+11
7.62252e-14 2.16472e+07 3.39689e+11
7.65685e-14 2.20791e+07 3.39667e+11
7.69133e-14 2.25187e+07 3.39645e+11
7.72597e-14 2.2966e+07 3.39623e+11
7.76076e-14 2.34212e+07 3.396e+11
7.79572e-14 2.38843e+07 3.39576e+11
7.83083e-14 2.43554e+07 3.39553e+11
7.86609e-14 2.48347e+07 3.39528e+11
7.90152e-14 2.53223e+07 3.39503e+11
7.93711e-14 2.58184e+07 3.39478e+11
7.97285e-14 2.63229e+07 3.39452e+11
8.00876e-14 2.68361e+07 3.39426e+11
8.04483e-14 2.73581e+07 3.39399e+11
8.08106e-14 2.78889e+07 3.39372e+11
8.11746e-14 2.84288e+07 3.39344e+11
8.15402e-14 2.89778e+07 3.39315e+11
8.19074e-14 2.95361e+07 3.39286e+11
8.22763e-14 3.01038e+07 3.39257e+11
8.26468e-14 3.06809e+07 3.39227e+11
8.3019e-14 3.12678e+07 3.39196e+11
8.33929e-14 3.18644e+07 3.39165e+11
8.37685e-14 3.24709e+07 3.39133e+11
8.41458e-14 3.30875e+07 3.39101e+11
8.45247e-14 3.37142e+07 3.39067e+11
8.49054e-14 3.43513e+07 3.39034e+11
8.52878e-14 3.49988e+07 3.38999e+11
8.56719e-14 3.56569e+07 3.38964e+11
8.60578e-14 3.63257e+07 3.38929e+11
8.64453e-14 3.70053e+07 3.38892e+11
8.68347e-14 3.7696e+07 3.38855e+11
8.72257e-14 3.83978e+07 3.38818e+11
8.76186e-14 3.91109e+07 3.38779e+11
8.80132e-14 3.98354e+07 3.3874e+11
8.84096e-14 4.05714e+07 3.387e+11
8.88077e-14 4.13192e+07 3.3866e+11
8.92077e-14 4.20788e+07 3.38618e+11
8.96095e-14 4.28505e+07 3.38576e+11
9.00131e-14 4.36343e+07 3.38534e+11
9.04184e-14 4.44303e+07 3.3849e+11
9.08257e-14 4.52389e+07 3.38445e+11
9.12347e-14 4.606e+07 3.384e+11
9.16456e-14 4.68939e+07 3.38354e+11
9.20584e-14 4.77407e+07 3.38307e+11
9.2473e-14 4.86005e+07 3.3826e+11
9.28894e-14 4.94735e+07 3.38211e+11
9.33078e-14 5.03599e+07 3.38161e+11
9.3728e-14 5.12599e+07 3.38111e+11
9.41501e-14 5.21734e+07 3.3806e+11
9.45742e-14 5.31009e+07 3.38008e+11
9.50001e-14 5.40423e+07 3.37955e+11
9.54279e-14 5.49978e+07 3.37901e+11
9.58577e-14 5.59677e+07 3.37846e+11
9.62894e-14 5.6952e+07 3.3779e+11
9.67231e-14 5.79509e+07 3.37733e+11
9.71587e-14 5.89646e+07 3.37675e+11
9.75963e-14 5.99933e+07 3.37616e+11
9.80358e-14 6.1037e+07 3.37556e+11
9.84774e-14 6.2096e+07 3.37495e+11
9.89209e-14 6.31705e+07 3.37433e+11
9.93664e-14 6.42606e+07 3.37369e+11
9.98139e-14 6.53663e+07 3.37305e+11
1.00263e-13 6.64881e+07 3.3724e+11
1.00715e-13 6.76259e+07 3.37173e+11
1.01169e-13 6.87799e+07 3.37106e+11
1.01624e-13 6.99504e+07 3.37037e+11
1.02082e-13 7.11374e+07 3.36967e+11
1.02542e-13 7.23412e+07 3.36896e+11
1.03003e-13 7.35619e+07 3.36823e+11
1.03467e-13 7.47997e+07 3.3675e+11
1.03933e-13 7.60546e+07 3.36675e+11
1.04401e-13 7.7327e+07 3.36599e+11
1.04872e-13 7.8617e+07 3.36522e+11
1.05344e-13 7.99247e+07 3.36443e+11
1.05818e-13 8.12504e+07 3.36363e+11
1.06295e-13 8.2594e+07 3.36282e+11
1.06774e-13 8.3956e+07 3.36199e+11
1.07255e-13 8.53362e+07 3.36115e+11
1.07738e-13 8.67351e+07 3.3603e+11
1.08223e-13 8.81527e+07 3.35943e+11
1.0871e-13 8.95892e+07 3.35855e+11
1.092e-13 9.10447e+07 3.35766e+11
1.09692e-13 9.25195e+07 3.35674e+11
1.10186e-13 9.40136e+07 3.35582e+11
1.10682e-13 9.55273e+07 3.35488e+11
1.1118e-13 9.70607e+07 3.35392e+11
1.11681e-13 9.8614e+07 3.35295e+11
1.12184e-13 1.00187e+08 3.35197e+11
1.12689e-13 1.01781e+08 3.35097e+11
1.13197e-13 1.03395e+08 3.34995e+11
1.13707e-13 1.05029e+08 3.34891e+11
1.14219e-13 1.06684e+08 3.34786e+11
1.14733e-13 1.0836e+08 3.3468e+11
1.1525e-13 1.10056e+08 3.34571e+11
1.15769e-13 1.11774e+08 3.34461e+11
1.1629e-13 1.13513e+08 3.34349e+11
1.16814e-13 1.15274e+08 3.34236e+11
1.1734e-13 1.17056e+08 3.34121e+11
1.17869e-13 1.1886e+08 3.34004e+11
1.18399e-13 1.20686e+08 3.33885e+11
1.18933e-13 1.22534e+08 3.33764e+11
1.19468e-13 1.24403e+08 3.33642e+11
1.20006e-13 1.26296e+08 3.33517e+11
1.20547e-13 1.2821e+08 3.33391e+11
1.2109e-13 1.30147e+08 3.33263e+11
1.21635e-13 1.32107e+08 3.33133e+11
1.22183e-13 1.3409e+08 3.33e+11
1.22733e-13 1.36096e+08 3.32866e+11
1.23286e-13 1.38125e+08 3.3273e+11
1.23841e-13 1.40177e+08 3.32592e+11
1.24399e-13 1.42252e+08 3.32452e+11
1.24959e-13 1.44351e+08 3.3231e+11
1.25522e-13 1.46473e+08 3.32165e+11
1.26087e-13 1.4862e+08 3.32019e+11
1.26655e-13 1.5079e+08 3.3187e+11
1.27226e-13 1.52984e+08 3.31719e+11
1.27799e-13 1.55202e+08 3.31566e+11
1.28374e-13 1.57444e+08 3.31411e+11
1.28952e-13 1.5971e+08 3.31254e+11
1.29533e-13 1.62001e+08 3.31094e+11
1.30116e-13 1.64316e+08 3.30932e+11
1.30702e-13 1.66656e+08 3.30768e+11
1.31291e-13 1.6902e+08 3.30601e+11
1.31882e-13 1.71409e+08 3.30432e+11
1.32476e-13 1.73823e+08 3.30261e+11
1.33073e-13 1.76262e+08 3.30087e+11
1.33672e-13 1.78725e+08 3.29911e+11
1.34274e-13 1.81214e+08 3.29732e+11
1.34879e-13 1.83727e+08 3.29551e+11
1.35487e-13 1.86266e+08 3.29367e+11
1.36097e-13 1.8883e+08 3.29181e+11
1.3671e-13 1.91419e+08 3.28992e+11
1.37325e-13 1.94034e+08 3.288e+11
1.37944e-13 1.96673e+08 3.28606e+11
1.38565e-13 1.99339e+08 3.2841e+11
1.39189e-13 2.02029e+08 3.2821e+11
1.39816e-13 2.04745e+08 3.28008e+11
1.40446e-13 2.07486e+08 3.27804e+11
1.41078e-13 2.10253e+08 3.27596e+11
1.41714e-13 2.13045e+08 3.27386e+11
1.42352e-13 2.15863e+08 3.27173e+11
1.42993e-13 2.18706e+08 3.26957e+11
1.43637e-13 2.21574e+08 3.26738e+11
1.44284e-13 2.24468e+08 3.26517e+11
1.44934e-13 2.27387e+08 3.26292e+11
1.45586e-13 2.30332e+08 3.26065e+11
1.46242e-13 2.33302e+08 3.25834e+11
1.46901e-13 2.36297e+08 3.25601e+11
1.47562e-13 2.39318e+08 3.25365e+11
1.48227e-13 2.42363e+08 3.25126e+11
1.48894e-13 2.45434e+08 3.24883e+11
1.49565e-13 2.4853e+08 3.24638e+11
1.50239e-13 2.51651e+08 3.24389e+11
1.50915e-13 2.54797e+08 3.24138e+11
1.51595e-13 2.57967e+08 3.23883e+11
1.52278e-13 2.61162e+08 3.23625e+11
1.52963e-13 2.64382e+08 3.23364e+11
1.53652e-13 2.67626e+08 3.23099e+11
1.54344e-13 2.70895e+08 3.22832e+11
1.5504e-13 2.74187e+08 3.22561e+11
1.55738e-13 2.77505e+08 3.22287e+11
1.56439e-13 2.80845e+08 3.22009e+11
1.57144e-13 2.84209e+08 3.21728e+11
1.57851e-13 2.87598e+08 3.21444e+11
1.58562e-13 2.91009e+08 3.21156e+11
1.59277e-13 2.94444e+08 3.20865e+11
1.59994e-13 2.97901e+08 3.20571e+11
1.60714e-13 3.01382e+08 3.20273e+11
1.61438e-13 3.04885e+08 3.19972e+11
1.62165e-13 3.08411e+08 3.19667e+11
1.62896e-13 3.11958e+08 3.19358e+11
1.63629e-13 3.15528e+08 3.19046e+11
1.64366e-13 3.19119e+08 3.18731e+11
1.65106e-13 3.22731e+08 3.18412e+11
1.6585e-13 3.26365e+08 3.18089e+11
1.66597e-13 3.3002e+08 3.17763e+11
1.67347e-13 3.33695e+08 3.17433e+11
1.68101e-13 3.3739e+08 3.17099e+11
1.68858e-13 3.41104e+08 3.16762e+11
1.69619e-13 3.44839e+08 3.1642e+11
1.70382e-13 3.48594e+08 3.16076e+11
1.7115e-13 3.52366e+08 3.15727e+11
1.71921e-13 3.56156e+08 3.15375e+11
1.72695e-13 3.59965e+08 3.15019e+11
1.73473e-13 3.63793e+08 3.14659e+11
1.74254e-13 3.67638e+08 3.14295e+11
1.75039e-13 3.71498e+08 3.13927e+11
1.75827e-13 3.75375e+08 3.13556e+11
1.76619e-13 3.79269e+08 3.1318e+11
1.77414e-13 3.83178e+08 3.12801e+11
1.78213e-13 3.87103e+08 3.12418e+11
1.79016e-13 3.91041e+08 3.12031e+11
1.79822e-13 3.94994e+08 3.1164e+11
1.80632e-13 3.98961e+08 3.11245e+11
1.81446e-13 4.02941e+08 3.10846e+11
1.82263e-13 4.06934e+08 3.10443e+11
1.83084e-13 4.10939e+08 3.10036e+11
1.83908e-13 4.14954e+08 3.09625e+11
1.84736e-13 4.18981e+08 3.0921e+11
1.85568e-13 4.23019e+08 3.08791e+11
1.86404e-13 4.27068e+08 3.08368e+11
1.87244e-13 4.31125e+08 3.07941e+11
1.88087e-13 4.3519e+08 3.0751e+11
1.88934e-13 4.39264e+08 3.07075e+11
1.89785e-13 4.43345e+08 3.06635e+11
1.9064e-13 4.47433e+08 3.06192e+11
1.91498e-13 4.51528e+08 3.05745e+11
1.92361e-13 4.55629e+08 3.05293e+11
1.93227e-13 4.59734e+08 3.04837e+11
1.94097e-13 4.63842e+08 3.04378e+11
1.94972e-13 4.67955e+08 3.03914e+11
1.9585e-13 4.72071e+08 3.03446e+11
1.96732e-13 4.76189e+08 3.02974e+11
1.97618e-13 4.8031e+08 3.02498e+11
1.98508e-13 4.84432e+08 3.02017e+11
1.99402e-13 4.88554e+08 3.01533e+11
2.003e-13 4.92675e+08 3.01044e+11
2.01202e-13 4.96795e+08 3.00552e+11
2.02108e-13 5.00913e+08 3.00055e+11
2.03018e-13 5.0503e+08 2.99554e+11
2.03933e-13 5.09145e+08 2.99049e+11
2.04851e-13 5.13256e+08 2.9854e+11
2.05774e-13 5.17363e+08 2.98026e+11
2.067e-13 5.21466e+08 2.97509e+11
2.07631e-13 5.25563e+08 2.96988e+11
2.08566e-13 5.29654e+08 2.96462e+11
2.09506e-13 5.33738e+08 2.95932e+11
2.10449e-13 5.37816e+08 2.95399e+11
2.11397e-13 5.41886e+08 2.94861e+11
2.12349e-13 5.45949e+08 2.94319e+11
2.13306e-13 5.50003e+08 2.93773e+11
2.14266e-13 5.54048e+08 2.93223e+11
2.15231e-13 5.58084e+08 2.92669e+11
2.16201e-13 5.6211e+08 2.92111e+11
2.17174e-13 5.66126e+08 2.91549e+11
2.18152e-13 5.70129e+08 2.90983e+11
2.19135e-13 5.7412e+08 2.90413e+11
2.20122e-13 5.78099e+08 2.89838e+11
2.21113e-13 5.82066e+08 2.8926e+11
2.22109e-13 5.8602e+08 2.88678e+11
2.23109e-13 5.8996e+08 2.88092e+11
2.24114e-13 5.93886e+08 2.87502e+11
2.25123e-13 5.97798e+08 2.86908e+11
2.26137e-13 6.01696e+08 2.86311e+11
2.27156e-13 6.05577e+08 2.85709e+11
2.28179e-13 6.09443e+08 2.85103e+11
2.29206e-13 6.13293e+08 2.84494e+11
2.30239e-13 6.17126e+08 2.83881e+11
2.31276e-13 6.20942e+08 2.83263e+11
2.32317e-13 6.24741e+08 2.82643e+11
2.33364e-13 6.28521e+08 2.82018e+11
2.34415e-13 6.32283e+08 2.81389e+11
2.3547e-13 6.36025e+08 2.80757e+11
2.36531e-13 6.39748e+08 2.80121e+11
2.37596e-13 6.43452e+08 2.79481e+11
2.38666e-13 6.47136e+08 2.78838e+11
2.39741e-13 6.50799e+08 2.78191e+11
2.40821e-13 6.54441e+08 2.7754e+11
2.41905e-13 6.58063e+08 2.76885e+11
2.42995e-13 6.61662e+08 2.76227e+11
2.44089e-13 6.6524e+08 2.75566e+11
2.45188e-13 6.68796e+08 2.749e+11
2.46293e-13 6.72329e+08 2.74232e+11
2.47402e-13 6.75839e+08 2.73559e+11
2.48516e-13 6.79325e+08 2.72883e+11
2.49635e-13 6.82788e+08 2.72204e+11
2.5076e-13 6.86227e+08 2.71521e+11
2.51889e-13 6.89642e+08 2.70835e+11
2.53023e-13 6.93031e+08 2.70145e+11
2.54163e-13 6.96396e+08 2.69452e+11
2.55308e-13 6.99735e+08 2.68756e+11
2.56458e-13 7.03049e+08 2.68056e+11
2.57613e-13 7.06336e+08 2.67353e+11
2.58773e-13 7.09598e+08 2.66647e+11
2.59938e-13 7.12832e+08 2.65937e+11
2.61109e-13 7.1604e+08 2.65224e+11
2.62285e-13 7.1922e+08 2.64508e+11
2.63466e-13 7.22373e+08 2.63789e+11
2.64653e-13 7.25498e+08 2.63067e+11
2.65845e-13 7.28595e+08 2.62341e+11
2.67042e-13 7.31664e+08 2.61613e+11
2.68245e-13 7.34704e+08 2.60881e+11
2.69453e-13 7.37715e+08 2.60146e+11
2.70666e-13 7.40697e+08 2.59409e+11
2.71885e-13 7.4365e+08 2.58668e+11
2.7311e-13 7.46573e+08 2.57924e+11
2.7434e-13 7.49466e+08 2.57178e+11
2.75575e-13 7.52329e+08 2.56428e+11
2.76816e-13 7.5516e+08 2.55676e+11
2.78063e-13 7.57961e+08 2.54921e+11
2.79315e-13 7.60731e+08 2.54163e+11
2.80573e-13 7.6347e+08 2.53402e+11
2.81837e-13 7.66177e+08 2.52639e+11
2.83106e-13 7.68853e+08 2.51872e+11
2.84381e-13 7.71497e+08 2.51104e+11
2.85662e-13 7.7411e+08 2.50332e+11
2.86949e-13 7.7669e+08 2.49558e+11
2.88241e-13 7.79237e+08 2.48781e+11
2.89539e-13 7.81752e+08 2.48002e+11
2.90843e-13 7.84235e+08 2.4722e+11
2.92153e-13 7.86684e+08 2.46436e+11
2.93469e-13 7.89101e+08 2.45649e+11
2.9479e-13 7.91484e+08 2.4486e+11
2.96118e-13 7.93833e+08 2.44069e+11
2.97452e-13 7.96149e+08 2.43275e+11
2.98791e-13 7.9843e+08 2.42479e+11
3.00137e-13 8.00677e+08 2.4168e+11
3.01489e-13 8.02889e+08 2.4088e+11
3.02847e-13 8.05068e+08 2.40077e+11
3.0421e-13 8.07212e+08 2.39272e+11
3.05581e-13 8.09321e+08 2.38465e+11
3.06957e-13 8.11396e+08 2.37655e+11
3.08339e-13 8.13436e+08 2.36844e+11
3.09728e-13 8.15441e+08 2.3603e+11
3.11123e-13 8.17412e+08 2.35215e+11
3.12524e-13 8.19347e+08 2.34398e+11
3.13932e-13 8.21245e+08 2.33578e+11
3.15345e-13 8.23108e+08 2.32757e+11
3.16766e-13 8.24934e+08 2.31934e+11
3.18192e-13 8.26726e+08 2.31109e+11
3.19625e-13 8.28482e+08 2.30282e+11
3.21065e-13 8.30202e+08 2.29454e+11
3.22511e-13 8.31886e+08 2.28623e+11
3.23963e-13 8.33534e+08 2.27792e+11
3.25422e-13 8.35147e+08 2.26958e+11
3.26888e-13 8.36722e+08 2.26123e+11
3.2836e-13 8.3826e+08 2.25286e+11
3.29839e-13 8.39762e+08 2.24448e+11
3.31324e-13 8.41227e+08 2.23608e+11
3.32817e-13 8.42657e+08 2.22767e+11
3.34316e-13 8.4405e+08 2.21924e+11
3.35821e-13 8.45406e+08 2.2108e+11
3.37334e-13 8.46727e+08 2.20235e+11
3.38853e-13 8.48009e+08 2.19388e+11
3.40379e-13 8.49254e+08 2.1854e+11
3.41912e-13 8.50462e+08 2.17691e+11
3.43452e-13 8.51634e+08 2.1684e+11
3.44999e-13 8.52769e+08 2.15989e+11
3.46552e-13 8.53867e+08 2.15136e+11
3.48113e-13 8.5493e+08 2.14282e+11
3.49681e-13 8.55954e+08 2.13427e+11
3.51256e-13 8.5694e+08 2.12571e+11
3.52838e-13 8.5789e+08 2.11714e+11
3.54427e-13 8.58803e+08 2.10856e+11
3.56023e-13 8.59679e+08 2.09998e+11
3.57627e-13 8.60519e+08 2.09138e+11
3.59237e-13 8.61323e+08 2.08277e+11
3.60855e-13 8.62087e+08 2.07416e+11
3.6248e-13 8.62815e+08 2.06554e+11
3.64113e-13 8.63506e+08 2.05691e+11
3.65753e-13 8.64161e+08 2.04828e+11
3.674e-13 8.64779e+08 2.03964e+11
3.69055e-13 8.65362e+08 2.03099e+11
3.70717e-13 8.65905e+08 2.02233e+11
3.72386e-13 8.66412e+08 2.01367e+11
3.74063e-13 8.66882e+08 2.00501e+11
3.75748e-13 8.67316e+08 1.99634e+11
3.7744e-13 8.67715e+08 1.98767e+11
3.7914e-13 8.68077e+08 1.97899e+11
3.80848e-13 8.684e+08 1.97031e+11
3.82563e-13 8.68688e+08 1.96163e+11
3.84286e-13 8.68939e+08 1.95294e+11
3.86017e-13 8.69156e+08 1.94425e+11
3.87755e-13 8.69336e+08 1.93556e+11
3.89502e-13 8.69479e+08 1.92687e+11
3.91256e-13 8.69585e+08 1.91817e+11
3.93018e-13 8.69656e+08 1.90947e+11
3.94788e-13 8.69692e+08 1.90078e+11
3.96566e-13 8.69693e+08 1.89208e+11
3.98352e-13 8.69657e+08 1.88338e+11
4.00146e-13 8.69585e+08 1.87469e+11
4.01948e-13 8.69478e+08 1.86599e+11
4.03758e-13 8.69336e+08 1.8573e+11
4.05577e-13 8.6916e+08 1.8486e+11
4.07403e-13 8.68946e+08 1.83991e+11
4.09238e-13 8.68698e+08 1.83122e+11
4.11081e-13 8.68416e+08 1.82254e+11
4.12933e-13 8.681e+08 1.81385e+11
4.14792e-13 8.67749e+08 1.80517e+11
4.16661e-13 8.67362e+08 1.79649e+11
4.18537e-13 8.66941e+08 1.78782e+11
4.20422e-13 8.66486e+08 1.77915e+11
4.22315e-13 8.65999e+08 1.77049e+11
4.24217e-13 8.65476e+08 1.76183e+11
4.26128e-13 8.64919e+08 1.75317e+11
4.28047e-13 8.64329e+08 1.74452e+11
4.29975e-13 8.63706e+08 1.73588e+11
4.31911e-13 8.6305e+08 1.72724e+11
4.33857e-13 8.62359e+08 1.71861e+11
4.35811e-13 8.61637e+08 1.70999e+11
4.37773e-13 8.60882e+08 1.70137e+11
4.39745e-13 8.60094e+08 1.69276e+11
4.41725e-13 8.59273e+08 1.68416e+11
4.43715e-13 8.58419e+08 1.67557e+11
4.45713e-13 8.57535e+08 1.66698e+11
4.47721e-13 8.56619e+08 1.65841e+11
4.49737e-13 8.55669e+08 1.64984e+11
4.51762e-13 8.54689e+08 1.64129e+11
4.53797e-13 8.53678e+08 1.63274e+11
4.55841e-13 8.52636e+08 1.6242e+11
4.57894e-13 8.51561e+08 1.61568e+11
4.59956e-13 8.50457e+08 1.60716e+11
4.62028e-13 8.49322e+08 1.59866e+11
4.64108e-13 8.48158e+08 1.59016e+11
4.66199e-13 8.46961e+08 1.58168e+11
4.68298e-13 8.45735e+08 1.57321e+11
4.70407e-13 8.44481e+08 1.56475e+11
4.72526e-13 8.43196e+08 1.55631e+11
4.74654e-13 8.41881e+08 1.54788e+11
4.76792e-13 8.40538e+08 1.53946e+11
4.78939e-13 8.39166e+08 1.53105e+11
4.81096e-13 8.37765e+08 1.52266e+11
4.83263e-13 8.36335e+08 1.51428e+11
4.85439e-13 8.34878e+08 1.50592e+11
4.87626e-13 8.33393e+08 1.49757e+11
4.89822e-13 8.31879e+08 1.48924e+11
4.92028e-13 8.30337e+08 1.48092e+11
4.94244e-13 8.2877e+08 1.47262e+11
4.9647e-13 8.27175e+08 1.46433e+11
4.98705e-13 8.25551e+08 1.45606e+11
5.00952e-13 8.23903e+08 1.4478e+11
5.03208e-13 8.22229e+08 1.43956e+11
5.05474e-13 8.20526e+08 1.43134e+11
5.0775e-13 8.18798e+08 1.42313e+11
5.10037e-13 8.17046e+08 1.41495e+11
5.12334e-13 8.15268e+08 1.40678e+11
5.14642e-13 8.13463e+08 1.39862e+11
5.16959e-13 8.11635e+08 1.39049e+11
5.19288e-13 8.09783e+08 1.38237e+11
5.21626e-13 8.07904e+08 1.37427e+11
5.23976e-13 8.06002e+08 1.36619e+11
5.26336e-13 8.04078e+08 1.35813e+11
5.28706e-13 8.02127e+08 1.35009e+11
5.31087e-13 8.00154e+08 1.34207e+11
5.33479e-13 7.98159e+08 1.33407e+11
5.35882e-13 7.9614e+08 1.32609e+11
5.38295e-13 7.94098e+08 1.31813e+11
5.40719e-13 7.92034e+08 1.31019e+11
5.43155e-13 7.89948e+08 1.30227e+11
5.45601e-13 7.8784e+08 1.29437e+11
5.48058e-13 7.8571e+08 1.28649e+11
5.50526e-13 7.8356e+08 1.27863e+11
5.53006e-13 7.81387e+08 1.2708e+11
5.55496e-13 7.79195e+08 1.26298e+11
5.57998e-13 7.76982e+08 1.25519e+11
5.60511e-13 7.74747e+08 1.24742e+11
5.63036e-13 7.72494e+08 1.23967e+11
5.65571e-13 7.70221e+08 1.23195e+11
5.68119e-13 7.67928e+08 1.22425e+11
5.70677e-13 7.65616e+08 1.21657e+11
5.73247e-13 7.63285e+08 1.20891e+11
5.75829e-13 7.60935e+08 1.20128e+11
5.78422e-13 7.58567e+08 1.19367e+11
5.81027e-13 7.56181e+08 1.18608e+11
5.83644e-13 7.53776e+08 1.17852e+11
5.86273e-13 7.51355e+08 1.17098e+11
5.88913e-13 7.48916e+08 1.16347e+11
5.91566e-13 7.4646e+08 1.15598e+11
5.9423e-13 7.43987e+08 1.14852e+11
5.96906e-13 7.41498e+08 1.14108e+11
5.99594e-13 7.38992e+08 1.13366e+11
6.02295e-13 7.36471e+08 1.12627e+11
6.05007e-13 7.33933e+08 1.11891e+11
6.07732e-13 7.3138e+08 1.11157e+11
6.10469e-13 7.28813e+08 1.10425e+11
6.13218e-13 7.2623e+08 1.09696e+11
6.1598e-13 7.23632e+08 1.0897e+11
6.18754e-13 7.21021e+08 1.08247e+11
6.21541e-13 7.18395e+08 1.07526e+11
6.2434e-13 7.15755e+08 1.06807e+11
6.27152e-13 7.13103e+08 1.06091e+11
6.29977e-13 7.10436e+08 1.05378e+11
6.32814e-13 7.07757e+08 1.04668e+11
6.35664e-13 7.05065e+08 1.0396e+11
6.38527e-13 7.0236e+08 1.03255e+11
6.41403e-13 6.99644e+08 1.02553e+11
6.44291e-13 6.96915e+08 1.01853e+11
6.47193e-13 6.94175e+08 1.01156e+11
6.50108e-13 6.91424e+08 1.00462e+11
6.53036e-13 6.8866e+08 9.97706e+10
6.55977e-13 6.85887e+08 9.90819e+10
6.58931e-13 6.83103e+08 9.8396e+10
6.61899e-13 6.80308e+08 9.77129e+10
6.6488e-13 6.77504e+08 9.70326e+10
6.67874e-13 6.74689e+08 9.63551e+10
6.70882e-13 6.71865e+08 9.56804e+10
6.73903e-13 6.69033e+08 9.50086e+10
6.76938e-13 6.6619e+08 9.43395e+10
6.79987e-13 6.6334e+08 9.36733e+10
6.8305e-13 6.6048e+08 9.301e+10
6.86126e-13 6.57612e+08 9.23495e+10
6.89216e-13 6.54738e+08 9.16919e+10
6.9232e-13 6.51854e+08 9.10372e+10
6.95438e-13 6.48963e+08 9.03853e+10
6.9857e-13 6.46065e+08 8.97364e+10
7.01716e-13 6.4316e+08 8.90903e+10
7.04877e-13 6.40249e+08 8.84471e+10
7.08051e-13 6.3733e+08 8.78069e+10
7.1124e-13 6.34406e+08 8.71695e+10
7.14443e-13 6.31476e+08 8.65351e+10
7.17661e-13 6.2854e+08 8.59037e+10
7.20893e-13 6.25599e+08 8.52751e+10
7.2414e-13 6.22652e+08 8.46495e+10
7.27401e-13 6.19701e+08 8.40269e+10
7.30677e-13 6.16744e+08 8.34072e+10
7.33968e-13 6.13783e+08 8.27904e+10
7.37273e-13 6.10819e+08 8.21766e+10
7.40594e-13 6.07849e+08 8.15658e+10
7.43929e-13 6.04877e+08 8.0958e+10
7.4728e-13 6.019e+08 8.03531e+10
7.50645e-13 5.98921e+08 7.97512e+10
7.54026e-13 5.95938e+08 7.91523e+10
7.57422e-13 5.92952e+08 7.85563e+10
7.60833e-13 5.89965e+08 7.79634e+10
7.6426e-13 5.86973e+08 7.73734e+10
7.67702e-13 5.83981e+08 7.67865e+10
7.71159e-13 5.80986e+08 7.62025e+10
7.74632e-13 5.7799e+08 7.56215e+10
7.78121e-13 5.74992e+08 7.50435e+10
7.81625e-13 5.71993e+08 7.44685e+10
7.85146e-13 5.68993e+08 7.38965e+10
7.88682e-13 5.65992e+08 7.33275e+10
7.92234e-13 5.6299e+08 7.27615e+10
7.95802e-13 5.59988e+08 7.21985e+10
7.99386e-13 5.56986e+08 7.16385e+10
8.02986e-13 5.53984e+08 7.10816e+10
8.06602e-13 5.50982e+08 7.05276e+10
8.10235e-13 5.47981e+08 6.99766e+10
8.13884e-13 5.44979e+08 6.94286e+10
8.1755e-13 5.4198e+08 6.88836e+10
8.21232e-13 5.3898e+08 6.83417e+10
8.2493e-13 5.35983e+08 6.78027e+10
8.28645e-13 5.32986e+08 6.72667e+10
8.32377e-13 5.29992e+08 6.67337e+10
8.36126e-13 5.26999e+08 6.62037e+10
8.39892e-13 5.24008e+08 6.56767e+10
8.43674e-13 5.2102e+08 6.51527e+10
8.47474e-13 5.18033e+08 6.46317e+10
8.51291e-13 5.1505e+08 6.41137e+10
8.55125e-13 5.12069e+08 6.35986e+10
8.58976e-13 5.09091e+08 6.30865e+10
8.62845e-13 5.06116e+08 6.25774e+10
8.66731e-13 5.03145e+08 6.20713e+10
8.70634e-13 5.00177e+08 6.15682e+10
8.74555e-13 4.97213e+08 6.1068e+10
8.78494e-13 4.94253e+08 6.05708e+10
8.82451e-13 4.91297e+08 6.00765e+10
8.86425e-13 4.88345e+08 5.95852e+10
8.90417e-13 4.85397e+08 5.90969e+10
8.94427e-13 4.82454e+08 5.86115e+10
8.98455e-13 4.79515e+08 5.8129e+10
9.02502e-13 4.76582e+08 5.76495e+10
9.06566e-13 4.73653e+08 5.71729e+10
9.10649e-13 4.7073e+08 5.66993e+10
9.14751e-13 4.67812e+08 5.62286e+10
9.1887e-13 4.649e+08 5.57608e+10
9.23009e-13 4.61993e+08 5.52959e+10
9.27166e-13 4.59092e+08 5.48339e+10
9.31341e-13 4.56197e+08 5.43748e+10
9.35536e-13 4.53308e+08 5.39186e+10
9.39749e-13 4.50425e+08 5.34653e+10
9.43982e-13 4.47549e+08 5.30148e+10
9.48233e-13 4.44679e+08 5.25673e+10
9.52504e-13 4.41815e+08 5.21226e+10
9.56793e-13 4.38959e+08 5.16808e+10
9.61103e-13 4.3611e+08 5.12418e+10
9.65431e-13 4.33268e+08 5.08057e+10
9.69779e-13 4.30432e+08 5.03725e+10
9.74147e-13 4.27605e+08 4.9942e+10
9.78534e-13 4.24784e+08 4.95144e+10
9.82941e-13 4.21972e+08 4.90896e+10
9.87368e-13 4.19166e+08 4.86677e+10
9.91815e-13 4.16369e+08 4.82485e+10
9.96282e-13 4.1358e+08 4.78321e+10
1.00077e-12 4.10799e+08 4.74186e+10
1.00528e-12 4.08025e+08 4.70078e+10
1.0098e-12 4.05261e+08 4.65997e+10
1.01435e-12 4.02504e+08 4.61945e+10
1.01892e-12 3.99757e+08 4.5792e+10
1.02351e-12 3.97018e+08 4.53922e+10
1.02812e-12 3.94288e+08 4.49952e+10
1.03275e-12 3.91566e+08 4.46009e+10
1.0374e-12 3.88853e+08 4.42093e+10
1.04207e-12 3.8615e+08 4.38205e+10
1.04676e-12 3.83455e+08 4.34343e+10
1.05148e-12 3.8077e+08 4.30509e+10
1.05621e-12 3.78094e+08 4.26701e+10
1.06097e-12 3.75428e+08 4.2292e+10
1.06575e-12 3.72771e+08 4.19166e+10
1.07055e-12 3.70124e+08 4.15438e+10
1.07537e-12 3.67486e+08 4.11737e+10
1.08021e-12 3.64858e+08 4.08062e+10
1.08508e-12 3.62241e+08 4.04413e+10
1.08997e-12 3.59633e+08 4.00791e+10
1.09487e-12 3.57035e+08 3.97195e+10
1.09981e-12 3.54447e+08 3.93624e+10
1.10476e-12 3.51869e+08 3.9008e+10
1.10973e-12 3.49302e+08 3.86561e+10
1.11473e-12 3.46745e+08 3.83068e+10
1.11975e-12 3.44198e+08 3.79601e+10
1.1248e-12 3.41662e+08 3.76159e+10
1.12986e-12 3.39137e+08 3.72742e+10
1.13495e-12 3.36622e+08 3.69351e+10
1.14006e-12 3.34118e+08 3.65985e+10
1.1452e-12 3.31624e+08 3.62643e+10
1.15035e-12 3.29142e+08 3.59327e+10
1.15553e-12 3.26669e+08 3.56036e+10
1.16074e-12 3.24209e+08 3.52769e+10
1.16597e-12 3.21758e+08 3.49527e+10
1.17122e-12 3.1932e+08 3.46309e+10
1.17649e-12 3.16891e+08 3.43116e+10
1.18179e-12 3.14475e+08 3.39947e+10
1.18711e-12 3.12069e+08 3.36802e+10
1.19246e-12 3.09675e+08 3.33682e+10
1.19783e-12 3.07292e+08 3.30585e+10
1.20323e-12 3.0492e+08 3.27512e+10
1.20864e-12 3.0256e+08 3.24463e+10
1.21409e-12 3.0021e+08 3.21437e+10
1.21956e-12 2.97873e+08 3.18435e+10
1.22505e-12 2.95547e+08 3.15456e+10
1.23057e-12 2.93233e+08 3.12501e+10
1.23611e-12 2.90929e+08 3.09569e+10
1.24167e-12 2.88638e+08 3.06659e+10
1.24727e-12 2.86358e+08 3.03773e+10
1.25288e-12 2.8409e+08 3.00909e+10
1.25853e-12 2.81833e+08 2.98069e+10
1.26419e-12 2.79589e+08 2.9525e+10
1.26989e-12 2.77356e+08 2.92454e+10
1.27561e-12 2.75134e+08 2.89681e+10
1.28135e-12 2.72925e+08 2.86929e+10
1.28712e-12 2.70727e+08 2.842e+10
1.29292e-12 2.68541e+08 2.81493e+10
1.29874e-12 2.66367e+08 2.78808e+10
1.30459e-12 2.64205e+08 2.76144e+10
1.31047e-12 2.62054e+08 2.73502e+10
1.31637e-12 2.59916e+08 2.70881e+10
1.3223e-12 2.5779e+08 2.68282e+10
1.32825e-12 2.55675e+08 2.65704e+10
1.33424e-12 2.53572e+08 2.63147e+10
1.34024e-12 2.51481e+08 2.60612e+10
1.34628e-12 2.49402e+08 2.58097e+10
1.35234e-12 2.47336e+08 2.55603e+10
1.35843e-12 2.45281e+08 2.5313e+10
1.36455e-12 2.43238e+08 2.50677e+10
1.3707e-12 2.41207e+08 2.48244e+10
1.37687e-12 2.39188e+08 2.45832e+10
1.38307e-12 2.3718e+08 2.4344e+10
1.3893e-12 2.35186e+08 2.41069e+10
1.39556e-12 2.33202e+08 2.38717e+10
1.40184e-12 2.31231e+08 2.36385e+10
1.40816e-12 2.29272e+08 2.34072e+10
1.4145e-12 2.27325e+08 2.3178e+10
1.42087e-12 2.2539e+08 2.29506e+10
1.42727e-12 2.23466e+08 2.27253e+10
1.4337e-12 2.21555e+08 2.25018e+10
1.44015e-12 2.19655e+08 2.22802e+10
1.44664e-12 2.17768e+08 2.20606e+10
1.45315e-12 2.15892e+08 2.18428e+10
1.4597e-12 2.14028e+08 2.16269e+10
1.46627e-12 2.12176e+08 2.14129e+10
1.47288e-12 2.10336e+08 2.12007e+10
1.47951e-12 2.08508e+08 2.09904e+10
1.48617e-12 2.06692e+08 2.07819e+10
1.49287e-12 2.04887e+08 2.05752e+10
1.49959e-12 2.03095e+08 2.03703e+10
1.50634e-12 2.01314e+08 2.01672e+10
1.51313e-12 1.99545e+08 1.99659e+10
1.51994e-12 1.97787e+08 1.97663e+10
1.52679e-12 1.96041e+08 1.95686e+10
1.53366e-12 1.94308e+08 1.93725e+10
1.54057e-12 1.92585e+08 1.91782e+10
1.54751e-12 1.90875e+08 1.89856e+10
1.55448e-12 1.89176e+08 1.87947e+10
1.56148e-12 1.87488e+08 1.86056e+10
1.56851e-12 1.85812e+08 1.84181e+10
1.57558e-12 1.84148e+08 1.82323e+10
1.58267e-12 1.82495e+08 1.80481e+10
1.5898e-12 1.80854e+08 1.78656e+10
1.59696e-12 1.79224e+08 1.76848e+10
1.60415e-12 1.77606e+08 1.75055e+10
1.61138e-12 1.75999e+08 1.73279e+10
1.61864e-12 1.74403e+08 1.71519e+10
1.62592e-12 1.72819e+08 1.69775e+10
1.63325e-12 1.71246e+08 1.68047e+10
1.6406e-12 1.69685e+08 1.66335e+10
1.64799e-12 1.68134e+08 1.64638e+10
1.65541e-12 1.66595e+08 1.62957e+10
1.66287e-12 1.65067e+08 1.61291e+10
1.67036e-12 1.6355e+08 1.5964e+10
1.67788e-12 1.62044e+08 1.58004e+10
1.68544e-12 1.60549e+08 1.56384e+10
1.69303e-12 1.59065e+08 1.54778e+10
1.70065e-12 1.57593e+08 1.53188e+10
1.70831e-12 1.56131e+08 1.51612e+10
1.71601e-12 1.5468e+08 1.50051e+10
1.72374e-12 1.5324e+08 1.48504e+10
1.7315e-12 1.5181e+08 1.46971e+10
1.7393e-12 1.50392e+08 1.45453e+10
1.74713e-12 1.48984e+08 1.43949e+10
1.755e-12 1.47587e+08 1.4246e+10
1.7629e-12 1.46201e+08 1.40984e+10
1.77084e-12 1.44825e+08 1.39522e+10
1.77882e-12 1.4346e+08 1.38073e+10
1.78683e-12 1.42105e+08 1.36639e+10
1.79488e-12 1.40761e+08 1.35218e+10
1.80296e-12 1.39428e+08 1.3381e+10
1.81108e-12 1.38104e+08 1.32416e+10
1.81924e-12 1.36791e+08 1.31035e+10
1.82743e-12 1.35489e+08 1.29667e+10
1.83566e-12 1.34196e+08 1.28312e+10
1.84393e-12 1.32914e+08 1.2697e+10
1.85223e-12 1.31642e+08 1.25641e+10
1.86057e-12 1.3038e+08 1.24324e+10
1.86895e-12 1.29128e+08 1.23021e+10
1.87737e-12 1.27886e+08 1.21729e+10
1.88583e-12 1.26655e+08 1.20451e+10
1.89432e-12 1.25433e+08 1.19184e+10
1.90285e-12 1.24221e+08 1.1793e+10
1.91142e-12 1.23018e+08 1.16687e+10
1.92003e-12 1.21826e+08 1.15457e+10
1.92868e-12 1.20643e+08 1.14239e+10
1.93736e-12 1.1947e+08 1.13033e+10
1.94609e-12 1.18307e+08 1.11838e+10
1.95485e-12 1.17153e+08 1.10655e+10
1.96366e-12 1.16009e+08 1.09483e+10
1.9725e-12 1.14874e+08 1.08323e+10
1.98138e-12 1.13749e+08 1.07174e+10
1.99031e-12 1.12633e+08 1.06037e+10
1.99927e-12 1.11526e+08 1.04911e+10
2.00827e-12 1.10429e+08 1.03795e+10
2.01732e-12 1.0934e+08 1.02691e+10
2.0264e-12 1.08261e+08 1.01598e+10
2.03553e-12 1.07192e+08 1.00515e+10
2.0447e-12 1.06131e+08 9.94432e+09
2.05391e-12 1.05079e+08 9.83819e+09
2.06316e-12 1.04036e+08 9.73311e+09
2.07245e-12 1.03002e+08 9.62907e+09
2.08178e-12 1.01977e+08 9.52607e+09
2.09116e-12 1.00961e+08 9.42409e+09
2.10058e-12 9.99535e+07 9.32313e+09
2.11004e-12 9.89548e+07 9.22318e+09
2.11954e-12 9.79647e+07 9.12422e+09
2.12909e-12 9.69831e+07 9.02626e+09
2.13867e-12 9.60102e+07 8.92927e+09
2.14831e-12 9.50458e+07 8.83326e+09
2.15798e-12 9.40897e+07 8.73822e+09
2.1677e-12 9.31421e+07 8.64413e+09
2.17746e-12 9.22029e+07 8.55099e+09
2.18727e-12 9.12718e+07 8.45878e+09
2.19712e-12 9.03491e+07 8.36751e+09
2.20702e-12 8.94346e+07 8.27716e+09
2.21696e-12 8.85281e+07 8.18773e+09
2.22694e-12 8.76297e+07 8.0992e+09
2.23697e-12 8.67394e+07 8.01157e+09
2.24704e-12 8.58569e+07 7.92483e+09
2.25716e-12 8.49825e+07 7.83897e+09
2.26733e-12 8.41159e+07 7.75399e+09
2.27754e-12 8.32571e+07 7.66988e+09
2.2878e-12 8.24061e+07 7.58662e+09
2.2981e-12 8.15628e+07 7.50421e+09
2.30845e-12 8.07271e+07 7.42265e+09
2.31885e-12 7.9899e+07 7.34192e+09
2.32929e-12 7.90785e+07 7.26202e+09
2.33978e-12 7.82655e+07 7.18294e+09
2.35032e-12 7.74599e+07 7.10468e+09
2.36091e-12 7.66618e+07 7.02722e+09
2.37154e-12 7.58709e+07 6.95056e+09
2.38222e-12 7.50874e+07 6.87469e+09
2.39295e-12 7.43111e+07 6.7996e+09
2.40373e-12 7.35419e+07 6.72529e+09
2.41455e-12 7.27799e+07 6.65175e+09
2.42543e-12 7.20251e+07 6.57897e+09
2.43635e-12 7.12772e+07 6.50694e+09
2.44732e-12 7.05363e+07 6.43566e+09
2.45834e-12 6.98024e+07 6.36513e+09
2.46942e-12 6.90752e+07 6.29533e+09
2.48054e-12 6.8355e+07 6.22625e+09
2.49171e-12 6.76416e+07 6.1579e+09
2.50293e-12 6.69348e+07 6.09025e+09
2.5142e-12 6.62347e+07 6.02332e+09
2.52553e-12 6.55413e+07 5.95708e+09
2.5369e-12 6.48544e+07 5.89154e+09
2.54833e-12 6.4174e+07 5.82669e+09
2.5598e-12 6.35002e+07 5.76251e+09
2.57133e-12 6.28328e+07 5.69901e+09
2.58291e-12 6.21717e+07 5.63618e+09
2.59454e-12 6.1517e+07 5.57401e+09
2.60623e-12 6.08686e+07 5.51249e+09
2.61797e-12 6.02263e+07 5.45162e+09
2.62976e-12 5.95903e+07 5.3914e+09
2.6416e-12 5.89604e+07 5.33181e+09
2.6535e-12 5.83366e+07 5.27285e+09
2.66545e-12 5.77188e+07 5.21451e+09
2.67745e-12 5.71071e+07 5.15679e+09
2.68951e-12 5.65012e+07 5.09968e+09
2.70162e-12 5.59012e+07 5.04318e+09
2.71379e-12 5.53072e+07 4.98728e+09
2.72601e-12 5.47188e+07 4.93198e+09
2.73829e-12 5.41363e+07 4.87726e+09
2.75062e-12 5.35594e+07 4.82312e+09
2.76301e-12 5.29883e+07 4.76956e+09
2.77546e-12 5.24227e+07 4.71657e+09
2.78796e-12 5.18627e+07 4.66415e+09
2.80051e-12 5.13082e+07 4.61229e+09
2.81312e-12 5.07592e+07 4.56098e+09
2.82579e-12 5.02156e+07 4.51022e+09
2.83852e-12 4.96775e+07 4.46e+09
2.8513e-12 4.91446e+07 4.41033e+09
2.86415e-12 4.8617e+07 4.36118e+09
2.87705e-12 4.80947e+07 4.31257e+09
2.89e-12 4.75776e+07 4.26447e+09
2.90302e-12 4.70657e+07 4.21689e+09
2.91609e-12 4.65589e+07 4.16983e+09
2.92923e-12 4.60572e+07 4.12327e+09
2.94242e-12 4.55604e+07 4.07721e+09
2.95567e-12 4.50687e+07 4.03165e+09
2.96898e-12 4.45819e+07 3.98658e+09
2.98235e-12 4.41e+07 3.942e+09
2.99578e-12 4.3623e+07 3.8979e+09
3.00928e-12 4.31508e+07 3.85428e+09
3.02283e-12 4.26834e+07 3.81113e+09
3.03644e-12 4.22207e+07 3.76844e+09
3.05012e-12 4.17627e+07 3.72622e+09
3.06386e-12 4.13094e+07 3.68446e+09
3.07765e-12 4.08607e+07 3.64315e+09
3.09152e-12 4.04165e+07 3.60229e+09
3.10544e-12 3.99769e+07 3.56187e+09
3.11942e-12 3.95418e+07 3.5219e+09
3.13347e-12 3.9111e+07 3.48235e+09
3.14759e-12 3.86847e+07 3.44324e+09
3.16176e-12 3.82629e+07 3.40456e+09
3.176e-12 3.78453e+07 3.3663e+09
3.19031e-12 3.7432e+07 3.32845e+09
3.20467e-12 3.70229e+07 3.29102e+09
3.21911e-12 3.66181e+07 3.254e+09
3.2336e-12 3.62175e+07 3.21738e+09
3.24817e-12 3.5821e+07 3.18116e+09
3.2628e-12 3.54286e+07 3.14534e+09
3.27749e-12 3.50402e+07 3.10991e+09
3.29225e-12 3.46559e+07 3.07487e+09
3.30708e-12 3.42756e+07 3.04021e+09
3.32197e-12 3.38992e+07 3.00594e+09
3.33693e-12 3.35267e+07 2.97204e+09
3.35196e-12 3.31581e+07 2.93851e+09
3.36706e-12 3.27934e+07 2.90535e+09
3.38222e-12 3.24325e+07 2.87256e+09
3.39746e-12 3.20753e+07 2.84013e+09
3.41276e-12 3.17219e+07 2.80805e+09
3.42813e-12 3.13722e+07 2.77633e+09
3.44357e-12 3.10261e+07 2.74496e+09
3.45908e-12 3.06837e+07 2.71393e+09
3.47465e-12 3.03448e+07 2.68325e+09
3.4903e-12 3.00096e+07 2.6529e+09
3.50602e-12 2.96778e+07 2.62289e+09
3.52181e-12 2.93496e+07 2.59322e+09
3.53767e-12 2.90248e+07 2.56387e+09
3.55361e-12 2.87035e+07 2.53484e+09
3.56961e-12 2.83855e+07 2.50614e+09
3.58569e-12 2.80709e+07 2.47775e+09
3.60184e-12 2.77597e+07 2.44968e+09
3.61806e-12 2.74518e+07 2.42192e+09
3.63435e-12 2.71471e+07 2.39447e+09
3.65072e-12 2.68456e+07 2.36732e+09
3.66716e-12 2.65474e+07 2.34048e+09
3.68368e-12 2.62523e+07 2.31393e+09
3.70027e-12 2.59604e+07 2.28768e+09
3.71693e-12 2.56716e+07 2.26172e+09
3.73367e-12 2.53859e+07 2.23605e+09
3.75049e-12 2.51032e+07 2.21066e+09
3.76738e-12 2.48236e+07 2.18556e+09
3.78435e-12 2.45469e+07 2.16073e+09
3.80139e-12 2.42733e+07 2.13619e+09
3.81851e-12 2.40025e+07 2.11191e+09
3.83571e-12 2.37346e+07 2.08791e+09
3.85298e-12 2.34697e+07 2.06418e+09
3.87034e-12 2.32076e+07 2.04071e+09
3.88777e-12 2.29482e+07 2.0175e+09
3.90528e-12 2.26917e+07 1.99455e+09
3.92286e-12 2.2438e+07 1.97186e+09
3.94053e-12 2.2187e+07 1.94942e+09
3.95828e-12 2.19387e+07 1.92723e+09
3.97611e-12 2.16931e+07 1.9053e+09
3.99401e-12 2.14501e+07 1.8836e+09
4.012e-12 2.12098e+07 1.86215e+09
4.03007e-12 2.0972e+07 1.84094e+09
4.04822e-12 2.07369e+07 1.81997e+09
4.06645e-12 2.05043e+07 1.79923e+09
4.08477e-12 2.02742e+07 1.77873e+09
4.10316e-12 2.00466e+07 1.75846e+09
4.12164e-12 1.98215e+07 1.73841e+09
4.1402e-12 1.95989e+07 1.71859e+09
4.15885e-12 1.93787e+07 1.69899e+09
4.17758e-12 1.91608e+07 1.67961e+09
4.1964e-12 1.89454e+07 1.66045e+09
4.2153e-12 1.87323e+07 1.6415e+09
4.23428e-12 1.85215e+07 1.62277e+09
4.25335e-12 1.8313e+07 1.60425e+09
4.27251e-12 1.81068e+07 1.58594e+09
4.29175e-12 1.79029e+07 1.56783e+09
4.31108e-12 1.77012e+07 1.54993e+09
4.33049e-12 1.75017e+07 1.53223e+09
4.35e-12 1.73043e+07 1.51472e+09
4.36959e-12 1.71092e+07 1.49742e+09
4.38927e-12 1.69162e+07 1.48031e+09
4.40903e-12 1.67253e+07 1.46339e+09
4.42889e-12 1.65365e+07 1.44667e+09
4.44884e-12 1.63498e+07 1.43013e+09
4.46887e-12 1.61652e+07 1.41378e+09
4.489e-12 1.59825e+07 1.39762e+09
4.50922e-12 1.58019e+07 1.38163e+09
4.52953e-12 1.56233e+07 1.36583e+09
4.54993e-12 1.54467e+07 1.35021e+09
4.57042e-12 1.52719e+07 1.33476e+09
4.591e-12 1.50992e+07 1.31949e+09
4.61168e-12 1.49283e+07 1.30439e+09
4.63245e-12 1.47593e+07 1.28946e+09
4.65331e-12 1.45922e+07 1.2747e+09
4.67427e-12 1.4427e+07 1.26011e+09
4.69532e-12 1.42635e+07 1.24569e+09
4.71647e-12 1.41019e+07 1.23142e+09
4.73771e-12 1.39421e+07 1.21732e+09
4.75904e-12 1.3784e+07 1.20338e+09
4.78048e-12 1.36277e+07 1.18959e+09
4.80201e-12 1.34732e+07 1.17597e+09
4.82363e-12 1.33204e+07 1.16249e+09
4.84536e-12 1.31692e+07 1.14917e+09
4.86718e-12 1.30197e+07 1.136e+09
4.8891e-12 1.28719e+07 1.12298e+09
4.91112e-12 1.27258e+07 1.11011e+09
4.93324e-12 1.25812e+07 1.09739e+09
4.95546e-12 1.24383e+07 1.0848e+09
4.97777e-12 1.2297e+07 1.07237e+09
5.00019e-12 1.21572e+07 1.06007e+09
5.02271e-12 1.20191e+07 1.04791e+09
5.04533e-12 1.18824e+07 1.03589e+09
5.06806e-12 1.17473e+07 1.02401e+09
5.09088e-12 1.16136e+07 1.01226e+09
5.11381e-12 1.14815e+07 1.00065e+09
5.13684e-12 1.13509e+07 9.89168e+08
5.15997e-12 1.12217e+07 9.77817e+08
5.18321e-12 1.1094e+07 9.66595e+08
5.20656e-12 1.09677e+07 9.55501e+08
5.23001e-12 1.08428e+07 9.44534e+08
5.25356e-12 1.07193e+07 9.33691e+08
5.27722e-12 1.05972e+07 9.22972e+08
5.30099e-12 1.04764e+07 9.12374e+08
5.32486e-12 1.0357e+07 9.01898e+08
5.34884e-12 1.0239e+07 8.91541e+08
5.37293e-12 1.01223e+07 8.81302e+08
5.39713e-12 1.00069e+07 8.7118e+08
5.42144e-12 9.89276e+06 8.61173e+08
5.44586e-12 9.77994e+06 8.5128e+08
5.47038e-12 9.66837e+06 8.415e+08
5.49502e-12 9.55806e+06 8.31832e+08
5.51977e-12 9.44899e+06 8.22274e+08
5.54463e-12 9.34116e+06 8.12825e+08
5.5696e-12 9.23455e+06 8.03484e+08
5.59468e-12 9.12911e+06 7.94249e+08
5.61988e-12 9.02487e+06 7.8512e+08
5.64519e-12 8.92181e+06 7.76095e+08
5.67061e-12 8.81992e+06 7.67173e+08
5.69615e-12 8.71918e+06 7.58353e+08
5.72181e-12 8.61956e+06 7.49634e+08
5.74757e-12 8.52107e+06 7.41015e+08
5.77346e-12 8.42369e+06 7.32493e+08
5.79946e-12 8.32743e+06 7.2407e+08
5.82558e-12 8.23223e+06 7.15742e+08
5.85182e-12 8.13811e+06 7.0751e+08
5.87817e-12 8.04506e+06 6.99372e+08
5.90465e-12 7.95307e+06 6.91327e+08
5.93124e-12 7.86212e+06 6.83374e+08
5.95795e-12 7.77219e+06 6.75512e+08
5.98478e-12 7.68327e+06 6.6774e+08
6.01174e-12 7.59536e+06 6.60056e+08
6.03881e-12 7.50846e+06 6.52461e+08
6.06601e-12 7.42255e+06 6.44952e+08
6.09333e-12 7.33759e+06 6.3753e+08
6.12077e-12 7.25359e+06 6.30192e+08
6.14834e-12 7.17056e+06 6.22939e+08
6.17603e-12 7.08847e+06 6.15768e+08
6.20384e-12 7.00731e+06 6.0868e+08
6.23178e-12 6.92706e+06 6.01672e+08
6.25985e-12 6.84772e+06 5.94745e+08
6.28804e-12 6.76929e+06 5.87898e+08
6.31636e-12 6.69175e+06 5.81128e+08
6.34481e-12 6.6151e+06 5.74437e+08
6.37339e-12 6.5393e+06 5.67821e+08
6.40209e-12 6.46436e+06 5.61282e+08
6.43092e-12 6.39028e+06 5.54818e+08
6.45989e-12 6.31705e+06 5.48428e+08
6.48898e-12 6.24465e+06 5.4211e+08
6.5182e-12 6.17306e+06 5.35866e+08
6.54756e-12 6.10229e+06 5.29693e+08
6.57705e-12 6.03233e+06 5.2359e+08
6.60667e-12 5.96316e+06 5.17558e+08
6.63642e-12 5.89479e+06 5.11595e+08
6.66631e-12 5.82718e+06 5.057e+08
6.69633e-12 5.76035e+06 4.99873e+08
6.72649e-12 5.69427e+06 4.94113e+08
6.75679e-12 5.62896e+06 4.88418e+08
6.78722e-12 5.56439e+06 4.82789e+08
6.81779e-12 5.50055e+06 4.77225e+08
6.84849e-12 5.43743e+06 4.71724e+08
6.87933e-12 5.37504e+06 4.66287e+08
6.91032e-12 5.31336e+06 4.60912e+08
6.94144e-12 5.25239e+06 4.55599e+08
6.9727e-12 5.19211e+06 4.50346e+08
7.0041e-12 5.1325e+06 4.45154e+08
7.03565e-12 5.07359e+06 4.40022e+08
7.06734e-12 5.01535e+06 4.34948e+08
7.09916e-12 4.95777e+06 4.29933e+08
7.13114e-12 4.90085e+06 4.24975e+08
7.16325e-12 4.84458e+06 4.20074e+08
7.19551e-12 4.78894e+06 4.1523e+08
7.22792e-12 4.73395e+06 4.10441e+08
7.26047e-12 4.67959e+06 4.05707e+08
7.29317e-12 4.62585e+06 4.01027e+08
7.32602e-12 4.57271e+06 3.96401e+08
7.35901e-12 4.52018e+06 3.91828e+08
7.39216e-12 4.46826e+06 3.87308e+08
7.42545e-12 4.41693e+06 3.8284e+08
7.45889e-12 4.36619e+06 3.78423e+08
7.49248e-12 4.31603e+06 3.74057e+08
7.52623e-12 4.26643e+06 3.69741e+08
7.56012e-12 4.21741e+06 3.65474e+08
7.59417e-12 4.16895e+06 3.61257e+08
7.62837e-12 4.12104e+06 3.57088e+08
7.66273e-12 4.07369e+06 3.52967e+08
7.69724e-12 4.02686e+06 3.48893e+08
7.73191e-12 3.98058e+06 3.44866e+08
7.76673e-12 3.93482e+06 3.40886e+08
7.80171e-12 3.88959e+06 3.36951e+08
7.83684e-12 3.84489e+06 3.33062e+08
7.87214e-12 3.80069e+06 3.29217e+08
7.90759e-12 3.75699e+06 3.25416e+08
7.94321e-12 3.71379e+06 3.21659e+08
7.97898e-12 3.67109e+06 3.17945e+08
8.01492e-12 3.62889e+06 3.14274e+08
8.05101e-12 3.58717e+06 3.10645e+08
8.08727e-12 3.54591e+06 3.07058e+08
8.12369e-12 3.50513e+06 3.03512e+08
8.16028e-12 3.46482e+06 3.00007e+08
8.19703e-12 3.42498e+06 2.96542e+08
8.23395e-12 3.38559e+06 2.93117e+08
8.27103e-12 3.34666e+06 2.89732e+08
8.30828e-12 3.30816e+06 2.86385e+08
8.3457e-12 3.2701e+06 2.83077e+08
8.38329e-12 3.23249e+06 2.79807e+08
8.42104e-12 3.19531e+06 2.76574e+08
8.45897e-12 3.15856e+06 2.73379e+08
8.49707e-12 3.12222e+06 2.7022e+08
8.53534e-12 3.0863e+06 2.67098e+08
8.57378e-12 3.05079e+06 2.64012e+08
8.61239e-12 3.01569e+06 2.60961e+08
8.65118e-12 2.98099e+06 2.57945e+08
8.69014e-12 2.9467e+06 2.54964e+08
8.72928e-12 2.91279e+06 2.52018e+08
8.76859e-12 2.87927e+06 2.49105e+08
8.80808e-12 2.84614e+06 2.46226e+08
8.84775e-12 2.81338e+06 2.43379e+08
8.8876e-12 2.78101e+06 2.40566e+08
8.92763e-12 2.74901e+06 2.37785e+08
8.96783e-12 2.71737e+06 2.35036e+08
9.00822e-12 2.68609e+06 2.32319e+08
9.04879e-12 2.65518e+06 2.29633e+08
9.08955e-12 2.62462e+06 2.26977e+08
9.13048e-12 2.59441e+06 2.24353e+08
9.1716e-12 2.56456e+06 2.21758e+08
9.21291e-12 2.53503e+06 2.19194e+08
9.2544e-12 2.50585e+06 2.16659e+08
9.29608e-12 2.477e+06 2.14153e+08
9.33795e-12 2.44849e+06 2.11676e+08
9.38e-12 2.42031e+06 2.09227e+08
9.42225e-12 2.39245e+06 2.06807e+08
9.46468e-12 2.3649e+06 2.04415e+08
9.50731e-12 2.33767e+06 2.0205e+08
9.55013e-12 2.31076e+06 1.99712e+08
9.59314e-12 2.28416e+06 1.97401e+08
9.63634e-12 2.25786e+06 1.95117e+08
9.67974e-12 2.23187e+06 1.92859e+08
9.72334e-12 2.20617e+06 1.90627e+08
9.76713e-12 2.18077e+06 1.88421e+08
9.81112e-12 2.15565e+06 1.8624e+08
9.8553e-12 2.13083e+06 1.84085e+08
9.89969e-12 2.1063e+06 1.81954e+08
9.94427e-12 2.08205e+06 1.79848e+08
9.98906e-12 2.05807e+06 1.77766e+08
1.0034e-11 2.03437e+06 1.75708e+08
1.00792e-11 2.01094e+06 1.73673e+08
1.01246e-11 1.98778e+06 1.71662e+08
1.01702e-11 1.96489e+06 1.69674e+08
1.0216e-11 1.94227e+06 1.6771e+08
1.0262e-11 1.9199e+06 1.65767e+08
1.03083e-11 1.89779e+06 1.63847e+08
1.03547e-11 1.87593e+06 1.6195e+08
1.04013e-11 1.85432e+06 1.60074e+08
1.04482e-11 1.83297e+06 1.58219e+08
1.04952e-11 1.81186e+06 1.56386e+08
1.05425e-11 1.79099e+06 1.54575e+08
1.059e-11 1.77036e+06 1.52784e+08
1.06377e-11 1.74997e+06 1.51013e+08
1.06856e-11 1.72981e+06 1.49263e+08
1.07337e-11 1.70989e+06 1.47533e+08
1.0782e-11 1.69019e+06 1.45824e+08
1.08306e-11 1.67072e+06 1.44133e+08
1.08794e-11 1.65148e+06 1.42463e+08
1.09284e-11 1.63246e+06 1.40811e+08
1.09776e-11 1.61365e+06 1.39179e+08
1.1027e-11 1.59506e+06 1.37565e+08
1.10767e-11 1.57669e+06 1.3597e+08
1.11266e-11 1.55852e+06 1.34393e+08
1.11767e-11 1.54057e+06 1.32835e+08
1.1227e-11 1.52283e+06 1.31294e+08
1.12776e-11 1.50528e+06 1.29771e+08
1.13284e-11 1.48794e+06 1.28266e+08
1.13794e-11 1.4708e+06 1.26778e+08
1.14307e-11 1.45385e+06 1.25307e+08
1.14821e-11 1.4371e+06 1.23854e+08
1.15338e-11 1.42055e+06 1.22416e+08
1.15858e-11 1.40418e+06 1.20996e+08
1.1638e-11 1.388e+06 1.19592e+08
1.16904e-11 1.37201e+06 1.18204e+08
1.1743e-11 1.3562e+06 1.16832e+08
1.17959e-11 1.34058e+06 1.15475e+08
1.1849e-11 1.32513e+06 1.14135e+08
1.19024e-11 1.30987e+06 1.1281e+08
1.1956e-11 1.29477e+06 1.115e+08
1.20099e-11 1.27985e+06 1.10205e+08
1.2064e-11 1.26511e+06 1.08925e+08
1.21183e-11 1.25053e+06 1.0766e+08
1.21729e-11 1.23612e+06 1.0641e+08
1.22277e-11 1.22188e+06 1.05173e+08
1.22828e-11 1.2078e+06 1.03952e+08
1.23381e-11 1.19388e+06 1.02744e+08
1.23936e-11 1.18013e+06 1.0155e+08
1.24495e-11 1.16653e+06 1.0037e+08
1.25055e-11 1.15309e+06 9.92033e+07
1.25618e-11 1.1398e+06 9.80502e+07
1.26184e-11 1.12667e+06 9.69104e+07
1.26753e-11 1.11369e+06 9.57837e+07
1.27323e-11 1.10085e+06 9.467e+07
1.27897e-11 1.08816e+06 9.35692e+07
1.28473e-11 1.07562e+06 9.2481e+07
1.29051e-11 1.06323e+06 9.14054e+07
1.29633e-11 1.05098e+06 9.03422e+07
1.30216e-11 1.03887e+06 8.92912e+07
1.30803e-11 1.0269e+06 8.82523e+07
1.31392e-11 1.01506e+06 8.72254e+07
1.31984e-11 1.00336e+06 8.62104e+07
1.32578e-11 991799 8.5207e+07
1.33175e-11 980370 8.42152e+07
1.33775e-11 969072 8.32348e+07
1.34378e-11 957906 8.22657e+07
1.34983e-11 946869 8.13078e+07
1.35591e-11 935955 8.0361e+07
1.36201e-11 925167 7.9425e+07
1.36815e-11 914504 7.84999e+07
1.37431e-11 903965 7.75853e+07
1.3805e-11 893547 7.66814e+07
1.38672e-11 883250 7.57878e+07
1.39296e-11 873073 7.49046e+07
1.39923e-11 863010 7.40315e+07
1.40554e-11 853062 7.31685e+07
1.41187e-11 843230 7.23154e+07
1.41823e-11 833511 7.14722e+07
1.42461e-11 823905 7.06387e+07
1.43103e-11 814410 6.98148e+07
1.43747e-11 805025 6.90004e+07
1.44395e-11 795748 6.81954e+07
1.45045e-11 786575 6.73996e+07
1.45698e-11 777508 6.6613e+07
1.46354e-11 768546 6.58355e+07
1.47014e-11 759688 6.5067e+07
1.47676e-11 750933 6.43073e+07
1.48341e-11 742279 6.35564e+07
1.49009e-11 733725 6.28141e+07
1.4968e-11 725268 6.20804e+07
1.50354e-11 716907 6.13551e+07
1.51031e-11 708643 6.06382e+07
1.51711e-11 700475 5.99295e+07
1.52395e-11 692401 5.92291e+07
1.53081e-11 684421 5.85367e+07
1.5377e-11 676534 5.78522e+07
1.54463e-11 668737 5.71757e+07
1.55159e-11 661028 5.6507e+07
1.55857e-11 653408 5.58459e+07
1.56559e-11 645876 5.51925e+07
1.57265e-11 638431 5.45467e+07
1.57973e-11 631072 5.39082e+07
1.58684e-11 623799 5.32772e+07
1.59399e-11 616609 5.26534e+07
1.60117e-11 609503 5.20367e+07
1.60838e-11 602477 5.14272e+07
1.61562e-11 595531 5.08248e+07
1.6229e-11 588666 5.02292e+07
1.63021e-11 581880 4.96406e+07
1.63755e-11 575173 4.90587e+07
1.64493e-11 568544 4.84835e+07
1.65233e-11 561991 4.7915e+07
1.65978e-11 555514 4.7353e+07
1.66725e-11 549110 4.67975e+07
1.67476e-11 542780 4.62484e+07
1.6823e-11 536522 4.57056e+07
1.68988e-11 530338 4.51691e+07
1.69749e-11 524224 4.46387e+07
1.70513e-11 518182 4.41145e+07
1.71281e-11 512210 4.35963e+07
1.72053e-11 506306 4.30841e+07
1.72828e-11 500470 4.25778e+07
1.73606e-11 494700 4.20773e+07
1.74388e-11 488996 4.15826e+07
1.75173e-11 483359 4.10936e+07
1.75962e-11 477787 4.06103e+07
1.76755e-11 472280 4.01325e+07
1.77551e-11 466836 3.96602e+07
1.7835e-11 461456 3.91934e+07
1.79154e-11 456137 3.87319e+07
1.7996e-11 450878 3.82758e+07
1.80771e-11 445679 3.78249e+07
1.81585e-11 440541 3.73792e+07
1.82403e-11 435463 3.69387e+07
1.83224e-11 430443 3.65032e+07
1.8405e-11 425482 3.60728e+07
1.84878e-11 420577 3.56473e+07
1.85711e-11 415730 3.52267e+07
1.86547e-11 410937 3.4811e+07
1.87388e-11 406199 3.44e+07
1.88232e-11 401516 3.39938e+07
1.89079e-11 396887 3.35923e+07
1.89931e-11 392312 3.31954e+07
1.90786e-11 387789 3.28031e+07
1.91646e-11 383319 3.24153e+07
1.92509e-11 378901 3.2032e+07
1.93376e-11 374534 3.16531e+07
1.94247e-11 370215 3.12786e+07
1.95121e-11 365947 3.09084e+07
1.96e-11 361728 3.05424e+07
1.96883e-11 357557 3.01807e+07
1.9777e-11 353435 2.98231e+07
1.9866e-11 349361 2.94697e+07
1.99555e-11 345334 2.91203e+07
2.00454e-11 341354 2.8775e+07
2.01357e-11 337419 2.84337e+07
2.02263e-11 333528 2.80962e+07
2.03174e-11 329683 2.77627e+07
2.04089e-11 325882 2.7433e+07
2.05008e-11 322125 2.71071e+07
2.05932e-11 318411 2.6785e+07
2.06859e-11 314741 2.64666e+07
2.07791e-11 311113 2.61519e+07
2.08727e-11 307527 2.58408e+07
2.09667e-11 303981 2.55332e+07
2.10611e-11 300476 2.52292e+07
2.1156e-11 297012 2.49288e+07
2.12512e-11 293587 2.46318e+07
2.13469e-11 290202 2.43382e+07
2.14431e-11 286857 2.4048e+07
2.15397e-11 283550 2.37611e+07
2.16367e-11 280281 2.34776e+07
2.17341e-11 277051 2.31973e+07
2.1832e-11 273857 2.29202e+07
2.19303e-11 270699 2.26464e+07
2.20291e-11 267578 2.23757e+07
2.21283e-11 264493 2.21081e+07
2.2228e-11 261443 2.18436e+07
2.23281e-11 258429 2.15822e+07
2.24286e-11 255450 2.13237e+07
2.25296e-11 252505 2.10683e+07
2.26311e-11 249595 2.08158e+07
2.2733e-11 246718 2.05662e+07
2.28354e-11 243873 2.03195e+07
2.29383e-11 241061 2.00756e+07
2.30416e-11 238281 1.98345e+07
2.31453e-11 235534 1.95962e+07
2.32496e-11 232818 1.93607e+07
2.33543e-11 230134 1.91279e+07
2.34595e-11 227481 1.88978e+07
2.35651e-11 224859 1.86703e+07
2.36713e-11 222267 1.84454e+07
2.37779e-11 219705 1.82232e+07
2.3885e-11 217171 1.80034e+07
2.39925e-11 214667 1.77863e+07
2.41006e-11 212192 1.75716e+07
2.42091e-11 209745 1.73594e+07
2.43182e-11 207327 1.71497e+07
2.44277e-11 204937 1.69423e+07
2.45377e-11 202574 1.67374e+07
2.46482e-11 200239 1.65348e+07
2.47592e-11 197931 1.63346e+07
2.48707e-11 195649 1.61367e+07
2.49827e-11 193393 1.5941e+07
2.50952e-11 191163 1.57476e+07
2.52083e-11 188959 1.55565e+07
2.53218e-11 186780 1.53675e+07
2.54358e-11 184626 1.51807e+07
2.55504e-11 182498 1.49961e+07
2.56655e-11 180394 1.48136e+07
2.57811e-11 178315 1.46332e+07
2.58972e-11 176259 1.44549e+07
2.60138e-11 174227 1.42786e+07
2.6131e-11 172218 1.41044e+07
2.62486e-11 170232 1.39322e+07
2.63669e-11 168269 1.3762e+07
2.64856e-11 166329 1.35937e+07
2.66049e-11 164411 1.34274e+07
2.67247e-11 162516 1.32629e+07
2.68451e-11 160642 1.31004e+07
2.6966e-11 158790 1.29398e+07
2.70874e-11 156960 1.2781e+07
2.72094e-11 155150 1.2624e+07
2.7332e-11 153361 1.24689e+07
2.74551e-11 151593 1.23155e+07
2.75787e-11 149845 1.21639e+07
2.77029e-11 148117 1.20141e+07
2.78277e-11 146409 1.1866e+07
2.7953e-11 144721 1.17196e+07
2.80789e-11 143053 1.15748e+07
2.82054e-11 141404 1.14318e+07
2.83324e-11 139774 1.12904e+07
2.846e-11 138162 1.11506e+07
2.85882e-11 136569 1.10124e+07
2.87169e-11 134994 1.08759e+07
2.88462e-11 133437 1.07409e+07
2.89762e-11 131899 1.06074e+07
2.91067e-11 130378 1.04755e+07
2.92377e-11 128875 1.03452e+07
2.93694e-11 127389 1.02163e+07
2.95017e-11 125920 1.00889e+07
2.96346e-11 124469 9.96298e+06
2.9768e-11 123034 9.83852e+06
2.99021e-11 121616 9.71548e+06
3.00368e-11 120213 9.59387e+06
3.0172e-11 118827 9.47365e+06
3.03079e-11 117457 9.35483e+06
3.04444e-11 116102 9.23737e+06
3.05815e-11 114763 9.12127e+06
3.07193e-11 113440 9.0065e+06
3.08576e-11 112132 8.89306e+06
3.09966e-11 110840 8.78093e+06
3.11362e-11 109562 8.67009e+06
3.12764e-11 108299 8.56053e+06
3.14173e-11 107050 8.45223e+06
3.15588e-11 105816 8.34518e+06
3.17009e-11 104596 8.23937e+06
3.18437e-11 103389 8.13477e+06
3.19871e-11 102197 8.03138e+06
3.21312e-11 101019 7.92918e+06
3.22759e-11 99854 7.82816e+06
3.24212e-11 98702.7 7.72831e+06
3.25672e-11 97564.8 7.62961e+06
3.27139e-11 96440.1 7.53204e+06
3.28612e-11 95328.4 7.4356e+06
3.30092e-11 94229.5 7.34027e+06
3.31579e-11 93142.9 7.24604e+06
3.33072e-11 92068.7 7.1529e+06
3.34573e-11 91006.9 7.06083e+06
3.36079e-11 89957.4 6.96983e+06
3.37593e-11 88920.1 6.87987e+06
3.39113e-11 87894.9 6.79095e+06
3.40641e-11 86881.5 6.70305e+06
3.42175e-11 85879.8 6.61617e+06
3.43716e-11 84889.7 6.53029e+06
3.45264e-11 83911.1 6.4454e+06
3.46819e-11 82943.9 6.36149e+06
3.48381e-11 81987.6 6.27855e+06
3.4995e-11 81042 6.19656e+06
3.51526e-11 80107.4 6.11552e+06
3.53109e-11 79183.6 6.03541e+06
3.54699e-11 78270.5 5.95623e+06
3.56297e-11 77368 5.87796e+06
3.57901e-11 76475.9 5.80059e+06
3.59513e-11 75594.1 5.72411e+06
3.61132e-11 74722.6 5.64852e+06
3.62759e-11 73861.2 5.5738e+06
3.64393e-11 73009.7 5.49994e+06
3.66034e-11 72168.1 5.42693e+06
3.67682e-11 71336.1 5.35476e+06
3.69338e-11 70513.3 5.28342e+06
3.71002e-11 69700.1 5.21291e+06
3.72672e-11 68896.3 5.14321e+06
3.74351e-11 68101.8 5.07431e+06
3.76037e-11 67316.5 5.00621e+06
3.7773e-11 66540.3 4.93889e+06
3.79432e-11 65773.2 4.87235e+06
3.8114e-11 65014.8 4.80658e+06
3.82857e-11 64265.3 4.74156e+06
3.84581e-11 63524.5 4.6773e+06
3.86313e-11 62792.2 4.61377e+06
3.88053e-11 62068.3 4.55098e+06
3.89801e-11 61352.5 4.48891e+06
3.91556e-11 60644.9 4.42756e+06
3.9332e-11 59945.5 4.36692e+06
3.95091e-11 59254.2 4.30697e+06
3.96871e-11 58570.9 4.24772e+06
3.98658e-11 57895.6 4.18915e+06
4.00453e-11 57228 4.13125e+06
4.02257e-11 56568.2 4.07402e+06
4.04069e-11 55916 4.01745e+06
4.05888e-11 55271.4 3.96154e+06
4.07716e-11 54634.3 3.90627e+06
4.09553e-11 54004.5 3.85163e+06
4.11397e-11 53381.8 3.79763e+06
4.1325e-11 52766.1 3.74425e+06
4.15111e-11 52157.5 3.69148e+06
4.16981e-11 51556 3.63932e+06
4.18859e-11 50961.5 3.58777e+06
4.20745e-11 50373.9 3.53681e+06
4.2264e-11 49793 3.48643e+06
4.24543e-11 49218.9 3.43664e+06
4.26455e-11 48651.4 3.38742e+06
4.28376e-11 48090.6 3.33877e+06
4.30305e-11 47536.2 3.29068e+06
4.32243e-11 46988.2 3.24314e+06
4.3419e-11 46446.6 3.19615e+06
4.36146e-11 45910.9 3.14971e+06
4.3811e-11 45381.4 3.1038e+06
4.40083e-11 44858 3.05841e+06
4.42065e-11 44340.7 3.01356e+06
4.44056e-11 43829.4 2.96922e+06
4.46056e-11 43324 2.92539e+06
4.48065e-11 42824.4 2.88206e+06
4.50083e-11 42330.6 2.83924e+06
4.5211e-11 41842.6 2.79691e+06
4.54146e-11 41360.2 2.75506e+06
4.56191e-11 40883.4 2.7137e+06
4.58246e-11 40412.1 2.67282e+06
4.6031e-11 39946.3 2.63241e+06
4.62383e-11 39485.7 2.59246e+06
4.64465e-11 39030.2 2.55298e+06
4.66557e-11 38580.1 2.51395e+06
4.68658e-11 38135.2 2.47537e+06
4.70769e-11 37695.4 2.43723e+06
4.72889e-11 37260.7 2.39954e+06
4.75019e-11 36831 2.36228e+06
4.77158e-11 36406.4 2.32544e+06
4.79307e-11 35986.6 2.28904e+06
4.81466e-11 35571.7 2.25305e+06
4.83634e-11 35161.6 2.21748e+06
4.85812e-11 34756.3 2.18232e+06
4.88e-11 34355.6 2.14756e+06
4.90198e-11 33959.6 2.11321e+06
4.92406e-11 33568 2.07925e+06
4.94623e-11 33180.8 2.04568e+06
4.96851e-11 32798.1 2.0125e+06
4.99089e-11 32419.9 1.9797e+06
5.01336e-11 32046 1.94728e+06
5.03594e-11 31676.5 1.91523e+06
5.05862e-11 31311.2 1.88356e+06
5.08141e-11 30950.2 1.85225e+06
5.10429e-11 30593.3 1.8213e+06
5.12728e-11 30240.6 1.7907e+06
5.15037e-11 29892 1.76046e+06
5.17357e-11 29547.4 1.73057e+06
5.19687e-11 29206.8 1.70102e+06
5.22027e-11 28870.1 1.67182e+06
5.24378e-11 28537.2 1.64295e+06
5.2674e-11 28208.1 1.61441e+06
5.29112e-11 27882.7 1.5862e+06
5.31495e-11 27561.2 1.55832e+06
5.33889e-11 27243.3 1.53076e+06
5.36293e-11 26929.1 1.50351e+06
5.38709e-11 26618.6 1.47658e+06
5.41135e-11 26311.7 1.44997e+06
5.43572e-11 26008.3 1.42365e+06
5.4602e-11 25708.5 1.39765e+06
5.48479e-11 25412.1 1.37194e+06
5.50949e-11 25119.1 1.34653e+06
5.53431e-11 24829.6 1.32141e+06
5.55923e-11 24543.4 1.29658e+06
5.58427e-11 24260.4 1.27203e+06
5.60942e-11 23980.6 1.24777e+06
5.63468e-11 23704 1.22379e+06
5.66006e-11 23430.6 1.20009e+06
5.68555e-11 23160.4 1.17666e+06
5.71116e-11 22893.3 1.1535e+06
5.73688e-11 22629.3 1.1306e+06
5.76272e-11 22368.4 1.10797e+06
5.78867e-11 22110.5 1.08561e+06
5.81474e-11 21855.5 1.0635e+06
5.84093e-11 21603.6 1.04164e+06
5.86723e-11 21354.5 1.02004e+06
5.89366e-11 21108.3 998682
5.9202e-11 20865 977574
5.94686e-11 20624.5 956709
5.97365e-11 20386.8 936084
6.00055e-11 20151.6 915697
6.02758e-11 19919.2 895546
6.05472e-11 19689.4 875627
6.08199e-11 19462.4 855937
6.10938e-11 19237.9 836475
6.1369e-11 19016.1 817237
6.16454e-11 18796.8 798221
6.1923e-11 18580 779424
6.22019e-11 18365.8 760844
6.2482e-11 18154.1 742478
6.27634e-11 17944.8 724324
6.30461e-11 17737.9 706379
6.333e-11 17533.4 688641
6.36152e-11 17331.3 671108
6.39017e-11 17131.6 653777
6.41895e-11 16934.1 636645
6.44786e-11 16738.7 619711
6.4769e-11 16545.7 602972
6.50607e-11 16354.8 586427
6.53537e-11 16166.2 570072
6.56481e-11 15979.8 553906
6.59437e-11 15795.5 537926
6.62407e-11 15613.4 522130
6.65391e-11 15433.3 506517
6.68387e-11 15255.4 491084
6.71398e-11 15079.5 475828
6.74421e-11 14905.7 460749
6.77459e-11 14733.8 445843
6.8051e-11 14564 431109
6.83575e-11 14396.1 416545
6.86653e-11 14230.2 402149
6.89746e-11 14066.1 387919
6.92852e-11 13903.9 373853
6.95973e-11 13743.5 359949
6.99107e-11 13585 346206
7.02256e-11 13428.3 332621
7.05418e-11 13273.5 319192
7.08595e-11 13120.4 305919
7.11787e-11 12969.1 292798
7.14992e-11 12819.5 279829
7.18212e-11 12671.7 267010
7.21447e-11 12525.6 254338
7.24696e-11 12381.2 241812
7.2796e-11 12238.5 229431
7.31239e-11 12097.4 217193
7.34532e-11 11958 205095
7.3784e-11 11820.1 193137
7.41163e-11 11683.9 181317
7.44501e-11 11549.2 169633
7.47854e-11 11416 158084
7.51222e-11 11284.3 146668
7.54605e-11 11154.1 135384
7.58004e-11 11025.5 124230
7.61418e-11 10898.4 113204
7.64847e-11 10772.7 102306
7.68292e-11 10648.4 91533.2
7.71752e-11 10525.7 80884.8
7.75228e-11 10404.3 70359.1
7.78719e-11 10284.3 59954.8
7.82226e-11 10165.8 49670.4
7.85749e-11 10048.6 39504.7
7.89288e-11 9932.75 29456.1
7.92842e-11 9818.25 19523.3
7.96413e-11 9705.08 9705.08
