1e-14 6.02743e-33 5.46618e-24
1.0045e-14 6.25508e-33 5.46618e-24
1.00903e-14 6.491e-33 5.46618e-24
1.01357e-14 6.7355e-33 5.46618e-24
1.01814e-14 6.98885e-33 5.46618e-24
1.02272e-14 7.25138e-33 5.46618e-24
1.02733e-14 7.52339e-33 5.46618e-24
1.03196e-14 7.80522e-33 5.46618e-24
1.0366e-14 8.09721e-33 5.46618e-24
1.04127e-14 8.39971e-33 5.46618e-24
1.04596e-14 8.71308e-33 5.46618e-24
1.05067e-14 9.03769e-33 5.46618e-24
1.0554e-14 9.37393e-33 5.46618e-24
1.06016e-14 9.72221e-33 5.46618e-24
1.06493e-14 1.00829e-32 5.46618e-24
1.06973e-14 1.04565e-32 5.46618e-24
1.07455e-14 1.08434e-32 5.46618e-24
1.07938e-14 1.1244e-32 5.46618e-24
1.08425e-14 1.16589e-32 5.46618e-24
1.08913e-14 1.20885e-32 5.46618e-24
1.09403e-14 1.25333e-32 5.46618e-24
1.09896e-14 1.29938e-32 5.46618e-24
1.10391e-14 1.34706e-32 5.46618e-24
1.10888e-14 1.39641e-32 5.46618e-24
1.11388e-14 1.44751e-32 5.46618e-24
1.11889e-14 1.5004e-32 5.46618e-24
1.12393e-14 1.55514e-32 5.46618e-24
1.12899e-14 1.61181e-32 5.46618e-24
1.13408e-14 1.67045e-32 5.46618e-24
1.13919e-14 1.73115e-32 5.46618e-24
1.14432e-14 1.79396e-32 5.46618e-24
1.14947e-14 1.85896e-32 5.46618e-24
1.15465e-14 1.92622e-32 5.46618e-24
1.15985e-14 1.99581e-32 5.46618e-24
1.16507e-14 2.06782e-32 5.46618e-24
1.17032e-14 2.14232e-32 5.46618e-24
1.17559e-14 2.21939e-32 5.46618e-24
1.18088e-14 2.29912e-32 5.46618e-24
1.1862e-14 2.3816e-32 5.46618e-24
1.19154e-14 2.46692e-32 5.46618e-24
1.19691e-14 2.55517e-32 5.46618e-24
1.2023e-14 2.64644e-32 5.46618e-24
1.20772e-14 2.74084e-32 5.46618e-24
1.21316e-14 2.83847e-32 5.46618e-24
1.21862e-14 2.93943e-32 5.46618e-24
1.22411e-14 3.04383e-32 5.46618e-24
1.22962e-14 3.15179e-32 5.46618e-24
1.23516e-14 3.26341e-32 5.46618e-24
1.24072e-14 3.37882e-32 5.46618e-24
1.24631e-14 3.49813e-32 5.46618e-24
1.25192e-14 3.62149e-32 5.46618e-24
1.25756e-14 3.74901e-32 5.46618e-24
1.26322e-14 3.88083e-32 5.46618e-24
1.26891e-14 4.01708e-32 5.46618e-24
1.27463e-14 4.15792e-32 5.46618e-24
1.28037e-14 4.30348e-32 5.46618e-24
1.28613e-14 4.45391e-32 5.46618e-24
1.29193e-14 4.60938e-32 5.46618e-24
1.29775e-14 4.77004e-32 5.46618e-24
1.30359e-14 4.93606e-32 5.46618e-24
1.30946e-14 5.10761e-32 5.46618e-24
1.31536e-14 5.28486e-32 5.46618e-24
1.32128e-14 5.46799e-32 5.46618e-24
1.32723e-14 5.65719e-32 5.46618e-24
1.33321e-14 5.85265e-32 5.46618e-24
1.33922e-14 6.05456e-32 5.46618e-24
1.34525e-14 6.26313e-32 5.46618e-24
1.35131e-14 6.47857e-32 5.46618e-24
1.35739e-14 6.70109e-32 5.46618e-24
1.3635e-14 6.93092e-32 5.46618e-24
1.36965e-14 7.16827e-32 5.46618e-24
1.37581e-14 7.41339e-32 5.46618e-24
1.38201e-14 7.66651e-32 5.46618e-24
1.38823e-14 7.92789e-32 5.46618e-24
1.39449e-14 8.19778e-32 5.46618e-24
1.40077e-14 8.47644e-32 5.46618e-24
1.40708e-14 8.76414e-32 5.46618e-24
1.41341e-14 9.06116e-32 5.46618e-24
1.41978e-14 9.36779e-32 5.46618e-24
1.42617e-14 9.68432e-32 5.46618e-24
1.4326e-14 1.00111e-31 5.46618e-24
1.43905e-14 1.03483e-31 5.46618e-24
1.44553e-14 1.06964e-31 5.46618e-24
1.45204e-14 1.10556e-31 5.46618e-24
1.45858e-14 1.14264e-31 5.46618e-24
1.46515e-14 1.1809e-31 5.46618e-24
1.47175e-14 1.22039e-31 5.46618e-24
1.47837e-14 1.26113e-31 5.46618e-24
1.48503e-14 1.30316e-31 5.46618e-24
1.49172e-14 1.34654e-31 5.46618e-24
1.49844e-14 1.39129e-31 5.46618e-24
1.50519e-14 1.43745e-31 5.46618e-24
1.51197e-14 1.48508e-31 5.46618e-24
1.51878e-14 1.5342e-31 5.46618e-24
1.52562e-14 1.58488e-31 5.46618e-24
1.53249e-14 1.63715e-31 5.46618e-24
1.53939e-14 1.69106e-31 5.46618e-24
1.54632e-14 1.74666e-31 5.46618e-24
1.55329e-14 1.80399e-31 5.46618e-24
1.56028e-14 1.86312e-31 5.46618e-24
1.56731e-14 1.9241e-31 5.46618e-24
1.57437e-14 1.98697e-31 5.46618e-24
1.58146e-14 2.0518e-31 5.46618e-24
1.58858e-14 2.11864e-31 5.46618e-24
1.59573e-14 2.18755e-31 5.46618e-24
1.60292e-14 2.25859e-31 5.46618e-24
1.61014e-14 2.33182e-31 5.46618e-24
1.61739e-14 2.40731e-31 5.46618e-24
1.62468e-14 2.48512e-31 5.46618e-24
1.63199e-14 2.56532e-31 5.46618e-24
1.63934e-14 2.64798e-31 5.46618e-24
1.64673e-14 2.73318e-31 5.46618e-24
1.65414e-14 2.82097e-31 5.46618e-24
1.66159e-14 2.91144e-31 5.46618e-24
1.66908e-14 3.00467e-31 5.46618e-24
1.67659e-14 3.10073e-31 5.46617e-24
1.68414e-14 3.19971e-31 5.46617e-24
1.69173e-14 3.30168e-31 5.46617e-24
1.69935e-14 3.40674e-31 5.46617e-24
1.707e-14 3.51497e-31 5.46617e-24
1.71469e-14 3.62646e-31 5.46617e-24
1.72241e-14 3.74131e-31 5.46617e-24
1.73017e-14 3.8596e-31 5.46617e-24
1.73796e-14 3.98145e-31 5.46617e-24
1.74579e-14 4.10693e-31 5.46617e-24
1.75365e-14 4.23617e-31 5.46617e-24
1.76155e-14 4.36926e-31 5.46617e-24
1.76948e-14 4.50631e-31 5.46617e-24
1.77745e-14 4.64744e-31 5.46617e-24
1.78546e-14 4.79275e-31 5.46617e-24
1.7935e-14 4.94236e-31 5.46617e-24
1.80158e-14 5.0964e-31 5.46617e-24
1.80969e-14 5.25498e-31 5.46617e-24
1.81784e-14 5.41823e-31 5.46617e-24
1.82603e-14 5.58628e-31 5.46617e-24
1.83425e-14 5.75926e-31 5.46617e-24
1.84251e-14 5.93731e-31 5.46617e-24
1.85081e-14 6.12057e-31 5.46617e-24
1.85914e-14 6.30918e-31 5.46616e-24
1.86752e-14 6.50328e-31 5.46616e-24
1.87593e-14 6.70303e-31 5.46616e-24
1.88438e-14 6.90858e-31 5.46616e-24
1.89286e-14 7.12009e-31 5.46616e-24
1.90139e-14 7.33771e-31 5.46616e-24
1.90995e-14 7.56162e-31 5.46616e-24
1.91855e-14 7.79199e-31 5.46616e-24
1.92719e-14 8.02898e-31 5.46616e-24
1.93587e-14 8.27278e-31 5.46616e-24
1.94459e-14 8.52356e-31 5.46616e-24
1.95335e-14 8.78153e-31 5.46616e-24
1.96215e-14 9.04686e-31 5.46616e-24
1.97098e-14 9.31975e-31 5.46615e-24
1.97986e-14 9.60041e-31 5.46615e-24
1.98878e-14 9.88905e-31 5.46615e-24
1.99774e-14 1.01859e-30 5.46615e-24
2.00673e-14 1.04911e-30 5.46615e-24
2.01577e-14 1.08049e-30 5.46615e-24
2.02485e-14 1.11276e-30 5.46615e-24
2.03397e-14 1.14594e-30 5.46615e-24
2.04313e-14 1.18005e-30 5.46615e-24
2.05233e-14 1.21511e-30 5.46615e-24
2.06157e-14 1.25116e-30 5.46614e-24
2.07086e-14 1.28821e-30 5.46614e-24
2.08018e-14 1.3263e-30 5.46614e-24
2.08955e-14 1.36545e-30 5.46614e-24
2.09896e-14 1.40568e-30 5.46614e-24
2.10842e-14 1.44703e-30 5.46614e-24
2.11791e-14 1.48952e-30 5.46614e-24
2.12745e-14 1.53319e-30 5.46613e-24
2.13703e-14 1.57806e-30 5.46613e-24
2.14666e-14 1.62417e-30 5.46613e-24
2.15632e-14 1.67154e-30 5.46613e-24
2.16604e-14 1.72021e-30 5.46613e-24
2.17579e-14 1.77021e-30 5.46613e-24
2.18559e-14 1.82158e-30 5.46612e-24
2.19543e-14 1.87435e-30 5.46612e-24
2.20532e-14 1.92855e-30 5.46612e-24
2.21525e-14 1.98422e-30 5.46612e-24
2.22523e-14 2.04141e-30 5.46612e-24
2.23525e-14 2.10013e-30 5.46611e-24
2.24532e-14 2.16045e-30 5.46611e-24
2.25543e-14 2.22239e-30 5.46611e-24
2.26559e-14 2.28599e-30 5.46611e-24
2.27579e-14 2.3513e-30 5.46611e-24
2.28604e-14 2.41836e-30 5.4661e-24
2.29634e-14 2.48722e-30 5.4661e-24
2.30668e-14 2.55791e-30 5.4661e-24
2.31707e-14 2.63048e-30 5.4661e-24
2.3275e-14 2.70498e-30 5.46609e-24
2.33799e-14 2.78146e-30 5.46609e-24
2.34852e-14 2.85996e-30 5.46609e-24
2.35909e-14 2.94053e-30 5.46609e-24
2.36972e-14 3.02323e-30 5.46608e-24
2.38039e-14 3.10811e-30 5.46608e-24
2.39111e-14 3.19521e-30 5.46608e-24
2.40188e-14 3.2846e-30 5.46607e-24
2.4127e-14 3.37632e-30 5.46607e-24
2.42356e-14 3.47044e-30 5.46607e-24
2.43448e-14 3.56701e-30 5.46606e-24
2.44544e-14 3.66609e-30 5.46606e-24
2.45646e-14 3.76774e-30 5.46606e-24
2.46752e-14 3.87203e-30 5.46605e-24
2.47863e-14 3.979e-30 5.46605e-24
2.4898e-14 4.08874e-30 5.46604e-24
2.50101e-14 4.2013e-30 5.46604e-24
2.51227e-14 4.31676e-30 5.46604e-24
2.52359e-14 4.43517e-30 5.46603e-24
2.53495e-14 4.55661e-30 5.46603e-24
2.54637e-14 4.68115e-30 5.46602e-24
2.55784e-14 4.80887e-30 5.46602e-24
2.56936e-14 4.93983e-30 5.46601e-24
2.58093e-14 5.07411e-30 5.46601e-24
2.59255e-14 5.2118e-30 5.466e-24
2.60423e-14 5.35296e-30 5.466e-24
2.61596e-14 5.49768e-30 5.46599e-24
2.62774e-14 5.64605e-30 5.46599e-24
2.63957e-14 5.79814e-30 5.46598e-24
2.65146e-14 5.95404e-30 5.46598e-24
2.6634e-14 6.11384e-30 5.46597e-24
2.6754e-14 6.27762e-30 5.46596e-24
2.68745e-14 6.44549e-30 5.46596e-24
2.69955e-14 6.61752e-30 5.46595e-24
2.71171e-14 6.79383e-30 5.46594e-24
2.72392e-14 6.97449e-30 5.46594e-24
2.73619e-14 7.15962e-30 5.46593e-24
2.74851e-14 7.34931e-30 5.46592e-24
2.76089e-14 7.54366e-30 5.46592e-24
2.77332e-14 7.74278e-30 5.46591e-24
2.78581e-14 7.94677e-30 5.4659e-24
2.79836e-14 8.15575e-30 5.46589e-24
2.81096e-14 8.36983e-30 5.46588e-24
2.82362e-14 8.58911e-30 5.46588e-24
2.83634e-14 8.81371e-30 5.46587e-24
2.84912e-14 9.04376e-30 5.46586e-24
2.86195e-14 9.27936e-30 5.46585e-24
2.87484e-14 9.52065e-30 5.46584e-24
2.88778e-14 9.76775e-30 5.46583e-24
2.90079e-14 1.00208e-29 5.46582e-24
2.91385e-14 1.02799e-29 5.46581e-24
2.92698e-14 1.05452e-29 5.4658e-24
2.94016e-14 1.08168e-29 5.46579e-24
2.9534e-14 1.10948e-29 5.46578e-24
2.9667e-14 1.13795e-29 5.46577e-24
2.98006e-14 1.1671e-29 5.46576e-24
2.99348e-14 1.19693e-29 5.46575e-24
3.00697e-14 1.22747e-29 5.46573e-24
3.02051e-14 1.25872e-29 5.46572e-24
3.03411e-14 1.29071e-29 5.46571e-24
3.04778e-14 1.32345e-29 5.4657e-24
3.0615e-14 1.35696e-29 5.46568e-24
3.07529e-14 1.39124e-29 5.46567e-24
3.08914e-14 1.42633e-29 5.46565e-24
3.10305e-14 1.46223e-29 5.46564e-24
3.11703e-14 1.49896e-29 5.46563e-24
3.13107e-14 1.53654e-29 5.46561e-24
3.14517e-14 1.57499e-29 5.4656e-24
3.15933e-14 1.61433e-29 5.46558e-24
3.17356e-14 1.65456e-29 5.46556e-24
3.18786e-14 1.69572e-29 5.46555e-24
3.20221e-14 1.73783e-29 5.46553e-24
3.21663e-14 1.78089e-29 5.46551e-24
3.23112e-14 1.82493e-29 5.46549e-24
3.24567e-14 1.86997e-29 5.46548e-24
3.26029e-14 1.91603e-29 5.46546e-24
3.27497e-14 1.96314e-29 5.46544e-24
3.28972e-14 2.0113e-29 5.46542e-24
3.30454e-14 2.06055e-29 5.4654e-24
3.31942e-14 2.11091e-29 5.46538e-24
3.33437e-14 2.16239e-29 5.46536e-24
3.34939e-14 2.21503e-29 5.46534e-24
3.36447e-14 2.26883e-29 5.46531e-24
3.37963e-14 2.32384e-29 5.46529e-24
3.39485e-14 2.38006e-29 5.46527e-24
3.41014e-14 2.43753e-29 5.46524e-24
3.42549e-14 2.49627e-29 5.46522e-24
3.44092e-14 2.5563e-29 5.46519e-24
3.45642e-14 2.61765e-29 5.46517e-24
3.47199e-14 2.68034e-29 5.46514e-24
3.48762e-14 2.74441e-29 5.46512e-24
3.50333e-14 2.80988e-29 5.46509e-24
3.51911e-14 2.87677e-29 5.46506e-24
3.53496e-14 2.94511e-29 5.46503e-24
3.55088e-14 3.01494e-29 5.465e-24
3.56687e-14 3.08627e-29 5.46497e-24
3.58293e-14 3.15914e-29 5.46494e-24
3.59907e-14 3.23358e-29 5.46491e-24
3.61528e-14 3.30962e-29 5.46488e-24
3.63156e-14 3.38728e-29 5.46484e-24
3.64792e-14 3.4666e-29 5.46481e-24
3.66435e-14 3.54761e-29 5.46478e-24
3.68085e-14 3.63034e-29 5.46474e-24
3.69743e-14 3.71483e-29 5.4647e-24
3.71408e-14 3.8011e-29 5.46467e-24
3.73081e-14 3.8892e-29 5.46463e-24
3.74761e-14 3.97914e-29 5.46459e-24
3.76449e-14 4.07097e-29 5.46455e-24
3.78144e-14 4.16473e-29 5.46451e-24
3.79847e-14 4.26044e-29 5.46447e-24
3.81558e-14 4.35815e-29 5.46442e-24
3.83276e-14 4.45789e-29 5.46438e-24
3.85002e-14 4.55969e-29 5.46434e-24
3.86736e-14 4.6636e-29 5.46429e-24
3.88478e-14 4.76966e-29 5.46424e-24
3.90228e-14 4.87789e-29 5.4642e-24
3.91985e-14 4.98834e-29 5.46415e-24
3.93751e-14 5.10106e-29 5.4641e-24
3.95524e-14 5.21607e-29 5.46405e-24
3.97305e-14 5.33343e-29 5.464e-24
3.99095e-14 5.45317e-29 5.46394e-24
4.00892e-14 5.57534e-29 5.46389e-24
4.02698e-14 5.69997e-29 5.46383e-24
4.04511e-14 5.82712e-29 5.46377e-24
4.06333e-14 5.95682e-29 5.46372e-24
4.08163e-14 6.08912e-29 5.46366e-24
4.10001e-14 6.22407e-29 5.4636e-24
4.11848e-14 6.36171e-29 5.46353e-24
4.13703e-14 6.50208e-29 5.46347e-24
4.15566e-14 6.64524e-29 5.4634e-24
4.17437e-14 6.79124e-29 5.46334e-24
4.19317e-14 6.94011e-29 5.46327e-24
4.21206e-14 7.09191e-29 5.4632e-24
4.23103e-14 7.2467e-29 5.46313e-24
4.25008e-14 7.40451e-29 5.46306e-24
4.26922e-14 7.56541e-29 5.46298e-24
4.28845e-14 7.72944e-29 5.46291e-24
4.30777e-14 7.89665e-29 5.46283e-24
4.32717e-14 8.0671e-29 5.46275e-24
4.34666e-14 8.24085e-29 5.46267e-24
4.36623e-14 8.41794e-29 5.46259e-24
4.3859e-14 8.59843e-29 5.4625e-24
4.40565e-14 8.78239e-29 5.46242e-24
4.42549e-14 8.96985e-29 5.46233e-24
4.44542e-14 9.16089e-29 5.46224e-24
4.46544e-14 9.35556e-29 5.46215e-24
4.48555e-14 9.55392e-29 5.46206e-24
4.50575e-14 9.75602e-29 5.46196e-24
4.52605e-14 9.96194e-29 5.46186e-24
4.54643e-14 1.01717e-28 5.46176e-24
4.56691e-14 1.03854e-28 5.46166e-24
4.58748e-14 1.06031e-28 5.46156e-24
4.60814e-14 1.08249e-28 5.46145e-24
4.62889e-14 1.10508e-28 5.46134e-24
4.64974e-14 1.12809e-28 5.46123e-24
4.67068e-14 1.15152e-28 5.46112e-24
4.69171e-14 1.17538e-28 5.461e-24
4.71284e-14 1.19969e-28 5.46089e-24
4.73407e-14 1.22443e-28 5.46077e-24
4.75539e-14 1.24964e-28 5.46064e-24
4.77681e-14 1.27529e-28 5.46052e-24
4.79832e-14 1.30142e-28 5.46039e-24
4.81993e-14 1.32802e-28 5.46026e-24
4.84164e-14 1.3551e-28 5.46013e-24
4.86344e-14 1.38266e-28 5.45999e-24
4.88535e-14 1.41072e-28 5.45986e-24
4.90735e-14 1.43929e-28 5.45971e-24
4.92945e-14 1.46836e-28 5.45957e-24
4.95165e-14 1.49795e-28 5.45942e-24
4.97395e-14 1.52807e-28 5.45927e-24
4.99635e-14 1.55872e-28 5.45912e-24
5.01886e-14 1.58991e-28 5.45897e-24
5.04146e-14 1.62165e-28 5.45881e-24
5.06416e-14 1.65394e-28 5.45864e-24
5.08697e-14 1.6868e-28 5.45848e-24
5.10988e-14 1.72023e-28 5.45831e-24
5.13289e-14 1.75425e-28 5.45814e-24
5.15601e-14 1.78885e-28 5.45796e-24
5.17923e-14 1.82405e-28 5.45778e-24
5.20256e-14 1.85985e-28 5.4576e-24
5.22599e-14 1.89627e-28 5.45742e-24
5.24953e-14 1.93332e-28 5.45723e-24
5.27317e-14 1.971e-28 5.45703e-24
5.29692e-14 2.00931e-28 5.45684e-24
5.32077e-14 2.04828e-28 5.45663e-24
5.34474e-14 2.08791e-28 5.45643e-24
5.36881e-14 2.1282e-28 5.45622e-24
5.39299e-14 2.16917e-28 5.45601e-24
5.41728e-14 2.21083e-28 5.45579e-24
5.44167e-14 2.25318e-28 5.45557e-24
5.46618e-14 2.29624e-28 5.45534e-24
5.4908e-14 2.34001e-28 5.45511e-24
5.51553e-14 2.3845e-28 5.45488e-24
5.54037e-14 2.42973e-28 5.45464e-24
5.56532e-14 2.4757e-28 5.4544e-24
5.59039e-14 2.52243e-28 5.45415e-24
5.61556e-14 2.56992e-28 5.4539e-24
5.64085e-14 2.61818e-28 5.45364e-24
5.66626e-14 2.66722e-28 5.45338e-24
5.69178e-14 2.71706e-28 5.45311e-24
5.71741e-14 2.7677e-28 5.45284e-24
5.74316e-14 2.81915e-28 5.45257e-24
5.76903e-14 2.87143e-28 5.45228e-24
5.79501e-14 2.92454e-28 5.452e-24
5.82111e-14 2.97849e-28 5.4517e-24
5.84732e-14 3.0333e-28 5.45141e-24
5.87366e-14 3.08898e-28 5.4511e-24
5.90011e-14 3.14553e-28 5.45079e-24
5.92668e-14 3.20298e-28 5.45048e-24
5.95338e-14 3.26132e-28 5.45016e-24
5.98019e-14 3.32057e-28 5.44983e-24
6.00712e-14 3.38074e-28 5.4495e-24
6.03418e-14 3.44184e-28 5.44916e-24
6.06135e-14 3.50388e-28 5.44882e-24
6.08865e-14 3.56688e-28 5.44847e-24
6.11607e-14 3.63084e-28 5.44811e-24
6.14362e-14 3.69578e-28 5.44775e-24
6.17129e-14 3.76171e-28 5.44738e-24
6.19908e-14 3.82864e-28 5.447e-24
6.227e-14 3.89658e-28 5.44662e-24
6.25504e-14 3.96555e-28 5.44623e-24
6.28321e-14 4.03555e-28 5.44583e-24
6.31151e-14 4.10659e-28 5.44543e-24
6.33994e-14 4.1787e-28 5.44502e-24
6.36849e-14 4.25187e-28 5.4446e-24
6.39717e-14 4.32613e-28 5.44418e-24
6.42598e-14 4.40148e-28 5.44374e-24
6.45492e-14 4.47794e-28 5.4433e-24
6.484e-14 4.55552e-28 5.44286e-24
6.5132e-14 4.63423e-28 5.4424e-24
6.54253e-14 4.71408e-28 5.44194e-24
6.572e-14 4.79509e-28 5.44147e-24
6.6016e-14 4.87727e-28 5.44099e-24
6.63133e-14 4.96063e-28 5.4405e-24
6.66119e-14 5.04518e-28 5.44e-24
6.69119e-14 5.13094e-28 5.4395e-24
6.72133e-14 5.21791e-28 5.43898e-24
6.7516e-14 5.30612e-28 5.43846e-24
6.78201e-14 5.39558e-28 5.43793e-24
6.81255e-14 5.48628e-28 5.43739e-24
6.84323e-14 5.57826e-28 5.43684e-24
6.87405e-14 5.67153e-28 5.43629e-24
6.90501e-14 5.76609e-28 5.43572e-24
6.93611e-14 5.86195e-28 5.43514e-24
6.96735e-14 5.95914e-28 5.43456e-24
6.99873e-14 6.05766e-28 5.43396e-24
7.03025e-14 6.15753e-28 5.43335e-24
7.06191e-14 6.25877e-28 5.43274e-24
7.09371e-14 6.36137e-28 5.43211e-24
7.12566e-14 6.46536e-28 5.43148e-24
7.15775e-14 6.57076e-28 5.43083e-24
7.18999e-14 6.67756e-28 5.43017e-24
7.22237e-14 6.7858e-28 5.42951e-24
7.2549e-14 6.89547e-28 5.42883e-24
7.28757e-14 7.0066e-28 5.42814e-24
7.32039e-14 7.11919e-28 5.42744e-24
7.35336e-14 7.23326e-28 5.42672e-24
7.38648e-14 7.34883e-28 5.426e-24
7.41975e-14 7.4659e-28 5.42527e-24
7.45316e-14 7.5845e-28 5.42452e-24
7.48673e-14 7.70463e-28 5.42376e-24
7.52045e-14 7.8263e-28 5.42299e-24
7.55432e-14 7.94953e-28 5.42221e-24
7.58834e-14 8.07434e-28 5.42141e-24
7.62252e-14 8.20074e-28 5.42061e-24
7.65685e-14 8.32873e-28 5.41979e-24
7.69133e-14 8.45834e-28 5.41895e-24
7.72597e-14 8.58958e-28 5.41811e-24
7.76076e-14 8.72246e-28 5.41725e-24
7.79572e-14 8.85699e-28 5.41638e-24
7.83083e-14 8.99319e-28 5.41549e-24
7.86609e-14 9.13107e-28 5.41459e-24
7.90152e-14 9.27064e-28 5.41368e-24
7.93711e-14 9.41192e-28 5.41275e-24
7.97285e-14 9.55492e-28 5.41181e-24
8.00876e-14 9.69965e-28 5.41085e-24
8.04483e-14 9.84614e-28 5.40988e-24
8.08106e-14 9.99438e-28 5.4089e-24
8.11746e-14 1.01444e-27 5.4079e-24
8.15402e-14 1.02962e-27 5.40689e-24
8.19074e-14 1.04498e-27 5.40586e-24
8.22763e-14 1.06052e-27 5.40481e-24
8.26468e-14 1.07624e-27 5.40375e-24
8.3019e-14 1.09215e-27 5.40267e-24
8.33929e-14 1.10824e-27 5.40158e-24
8.37685e-14 1.12452e-27 5.40047e-24
8.41458e-14 1.14099e-27 5.39935e-24
8.45247e-14 1.15765e-27 5.39821e-24
8.49054e-14 1.17449e-27 5.39705e-24
8.52878e-14 1.19153e-27 5.39588e-24
8.56719e-14 1.20876e-27 5.39468e-24
8.60578e-14 1.22618e-27 5.39348e-24
8.64453e-14 1.2438e-27 5.39225e-24
8.68347e-14 1.26162e-27 5.39101e-24
8.72257e-14 1.27963e-27 5.38974e-24
8.76186e-14 1.29784e-27 5.38846e-24
8.80132e-14 1.31626e-27 5.38717e-24
8.84096e-14 1.33487e-27 5.38585e-24
8.88077e-14 1.35368e-27 5.38452e-24
8.92077e-14 1.3727e-27 5.38316e-24
8.96095e-14 1.39193e-27 5.38179e-24
9.00131e-14 1.41136e-27 5.3804e-24
9.04184e-14 1.43099e-27 5.37899e-24
9.08257e-14 1.45084e-27 5.37756e-24
9.12347e-14 1.47089e-27 5.3761e-24
9.16456e-14 1.49116e-27 5.37463e-24
9.20584e-14 1.51163e-27 5.37314e-24
9.2473e-14 1.53232e-27 5.37163e-24
9.28894e-14 1.55323e-27 5.3701e-24
9.33078e-14 1.57434e-27 5.36855e-24
9.3728e-14 1.59568e-27 5.36697e-24
9.41501e-14 1.61722e-27 5.36538e-24
9.45742e-14 1.63899e-27 5.36376e-24
9.50001e-14 1.66098e-27 5.36212e-24
9.54279e-14 1.68318e-27 5.36046e-24
9.58577e-14 1.70561e-27 5.35877e-24
9.62894e-14 1.72826e-27 5.35707e-24
9.67231e-14 1.75113e-27 5.35534e-24
9.71587e-14 1.77422e-27 5.35359e-24
9.75963e-14 1.79754e-27 5.35182e-24
9.80358e-14 1.82108e-27 5.35002e-24
9.84774e-14 1.84485e-27 5.3482e-24
9.89209e-14 1.86885e-27 5.34635e-24
9.93664e-14 1.89308e-27 5.34448e-24
9.98139e-14 1.91753e-27 5.34259e-24
1.00263e-13 1.94221e-27 5.34067e-24
1.00715e-13 1.96712e-27 5.33873e-24
1.01169e-13 1.99227e-27 5.33676e-24
1.01624e-13 2.01764e-27 5.33477e-24
1.02082e-13 2.04325e-27 5.33275e-24
1.02542e-13 2.06909e-27 5.33071e-24
1.03003e-13 2.09517e-27 5.32864e-24
1.03467e-13 2.12148e-27 5.32655e-24
1.03933e-13 2.14802e-27 5.32442e-24
1.04401e-13 2.1748e-27 5.32228e-24
1.04872e-13 2.20182e-27 5.3201e-24
1.05344e-13 2.22907e-27 5.3179e-24
1.05818e-13 2.25656e-27 5.31567e-24
1.06295e-13 2.28429e-27 5.31341e-24
1.06774e-13 2.31225e-27 5.31113e-24
1.07255e-13 2.34046e-27 5.30882e-24
1.07738e-13 2.3689e-27 5.30648e-24
1.08223e-13 2.39759e-27 5.30411e-24
1.0871e-13 2.42651e-27 5.30171e-24
1.092e-13 2.45568e-27 5.29928e-24
1.09692e-13 2.48508e-27 5.29683e-24
1.10186e-13 2.51473e-27 5.29434e-24
1.10682e-13 2.54462e-27 5.29183e-24
1.1118e-13 2.57474e-27 5.28928e-24
1.11681e-13 2.60512e-27 5.28671e-24
1.12184e-13 2.63573e-27 5.2841e-24
1.12689e-13 2.66658e-27 5.28147e-24
1.13197e-13 2.69768e-27 5.2788e-24
1.13707e-13 2.72902e-27 5.2761e-24
1.14219e-13 2.7606e-27 5.27338e-24
1.14733e-13 2.79243e-27 5.27061e-24
1.1525e-13 2.8245e-27 5.26782e-24
1.15769e-13 2.85681e-27 5.265e-24
1.1629e-13 2.88936e-27 5.26214e-24
1.16814e-13 2.92215e-27 5.25925e-24
1.1734e-13 2.95519e-27 5.25633e-24
1.17869e-13 2.98847e-27 5.25337e-24
1.18399e-13 3.022e-27 5.25039e-24
1.18933e-13 3.05576e-27 5.24736e-24
1.19468e-13 3.08977e-27 5.24431e-24
1.20006e-13 3.12401e-27 5.24122e-24
1.20547e-13 3.1585e-27 5.23809e-24
1.2109e-13 3.19323e-27 5.23494e-24
1.21635e-13 3.2282e-27 5.23174e-24
1.22183e-13 3.26341e-27 5.22851e-24
1.22733e-13 3.29886e-27 5.22525e-24
1.23286e-13 3.33455e-27 5.22195e-24
1.23841e-13 3.37048e-27 5.21862e-24
1.24399e-13 3.40664e-27 5.21525e-24
1.24959e-13 3.44305e-27 5.21184e-24
1.25522e-13 3.47969e-27 5.2084e-24
1.26087e-13 3.51656e-27 5.20492e-24
1.26655e-13 3.55368e-27 5.2014e-24
1.27226e-13 3.59102e-27 5.19785e-24
1.27799e-13 3.62861e-27 5.19426e-24
1.28374e-13 3.66642e-27 5.19063e-24
1.28952e-13 3.70447e-27 5.18696e-24
1.29533e-13 3.74275e-27 5.18326e-24
1.30116e-13 3.78126e-27 5.17951e-24
1.30702e-13 3.82e-27 5.17573e-24
1.31291e-13 3.85897e-27 5.17191e-24
1.31882e-13 3.89817e-27 5.16805e-24
1.32476e-13 3.9376e-27 5.16416e-24
1.33073e-13 3.97725e-27 5.16022e-24
1.33672e-13 4.01713e-27 5.15624e-24
1.34274e-13 4.05723e-27 5.15222e-24
1.34879e-13 4.09755e-27 5.14817e-24
1.35487e-13 4.13809e-27 5.14407e-24
1.36097e-13 4.17886e-27 5.13993e-24
1.3671e-13 4.21984e-27 5.13575e-24
1.37325e-13 4.26104e-27 5.13153e-24
1.37944e-13 4.30246e-27 5.12727e-24
1.38565e-13 4.34409e-27 5.12297e-24
1.39189e-13 4.38593e-27 5.11862e-24
1.39816e-13 4.42798e-27 5.11424e-24
1.40446e-13 4.47025e-27 5.10981e-24
1.41078e-13 4.51272e-27 5.10534e-24
1.41714e-13 4.5554e-27 5.10083e-24
1.42352e-13 4.59829e-27 5.09627e-24
1.42993e-13 4.64138e-27 5.09167e-24
1.43637e-13 4.68467e-27 5.08703e-24
1.44284e-13 4.72816e-27 5.08235e-24
1.44934e-13 4.77185e-27 5.07762e-24
1.45586e-13 4.81574e-27 5.07285e-24
1.46242e-13 4.85982e-27 5.06803e-24
1.46901e-13 4.90409e-27 5.06317e-24
1.47562e-13 4.94855e-27 5.05827e-24
1.48227e-13 4.9932e-27 5.05332e-24
1.48894e-13 5.03804e-27 5.04833e-24
1.49565e-13 5.08306e-27 5.04329e-24
1.50239e-13 5.12827e-27 5.03821e-24
1.50915e-13 5.17365e-27 5.03308e-24
1.51595e-13 5.21922e-27 5.0279e-24
1.52278e-13 5.26495e-27 5.02268e-24
1.52963e-13 5.31086e-27 5.01742e-24
1.53652e-13 5.35695e-27 5.01211e-24
1.54344e-13 5.4032e-27 5.00675e-24
1.5504e-13 5.44961e-27 5.00135e-24
1.55738e-13 5.49619e-27 4.9959e-24
1.56439e-13 5.54293e-27 4.9904e-24
1.57144e-13 5.58983e-27 4.98486e-24
1.57851e-13 5.63689e-27 4.97927e-24
1.58562e-13 5.6841e-27 4.97363e-24
1.59277e-13 5.73146e-27 4.96795e-24
1.59994e-13 5.77896e-27 4.96222e-24
1.60714e-13 5.82662e-27 4.95644e-24
1.61438e-13 5.87441e-27 4.95061e-24
1.62165e-13 5.92235e-27 4.94474e-24
1.62896e-13 5.97042e-27 4.93881e-24
1.63629e-13 6.01863e-27 4.93284e-24
1.64366e-13 6.06696e-27 4.92683e-24
1.65106e-13 6.11543e-27 4.92076e-24
1.6585e-13 6.16402e-27 4.91464e-24
1.66597e-13 6.21273e-27 4.90848e-24
1.67347e-13 6.26156e-27 4.90227e-24
1.68101e-13 6.31051e-27 4.89601e-24
1.68858e-13 6.35957e-27 4.88969e-24
1.69619e-13 6.40874e-27 4.88333e-24
1.70382e-13 6.45802e-27 4.87693e-24
1.7115e-13 6.5074e-27 4.87047e-24
1.71921e-13 6.55688e-27 4.86396e-24
1.72695e-13 6.60646e-27 4.8574e-24
1.73473e-13 6.65613e-27 4.8508e-24
1.74254e-13 6.70589e-27 4.84414e-24
1.75039e-13 6.75574e-27 4.83744e-24
1.75827e-13 6.80566e-27 4.83068e-24
1.76619e-13 6.85567e-27 4.82387e-24
1.77414e-13 6.90576e-27 4.81702e-24
1.78213e-13 6.95592e-27 4.81011e-24
1.79016e-13 7.00614e-27 4.80316e-24
1.79822e-13 7.05644e-27 4.79615e-24
1.80632e-13 7.10679e-27 4.78909e-24
1.81446e-13 7.1572e-27 4.78199e-24
1.82263e-13 7.20767e-27 4.77483e-24
1.83084e-13 7.25819e-27 4.76762e-24
1.83908e-13 7.30875e-27 4.76036e-24
1.84736e-13 7.35936e-27 4.75306e-24
1.85568e-13 7.41e-27 4.7457e-24
1.86404e-13 7.46068e-27 4.73829e-24
1.87244e-13 7.5114e-27 4.73083e-24
1.88087e-13 7.56214e-27 4.72331e-24
1.88934e-13 7.6129e-27 4.71575e-24
1.89785e-13 7.66369e-27 4.70814e-24
1.9064e-13 7.71449e-27 4.70048e-24
1.91498e-13 7.7653e-27 4.69276e-24
1.92361e-13 7.81612e-27 4.685e-24
1.93227e-13 7.86694e-27 4.67718e-24
1.94097e-13 7.91777e-27 4.66931e-24
1.94972e-13 7.96859e-27 4.66139e-24
1.9585e-13 8.0194e-27 4.65343e-24
1.96732e-13 8.0702e-27 4.64541e-24
1.97618e-13 8.12098e-27 4.63734e-24
1.98508e-13 8.17174e-27 4.62922e-24
1.99402e-13 8.22247e-27 4.62104e-24
2.003e-13 8.27318e-27 4.61282e-24
2.01202e-13 8.32385e-27 4.60455e-24
2.02108e-13 8.37449e-27 4.59622e-24
2.03018e-13 8.42508e-27 4.58785e-24
2.03933e-13 8.47563e-27 4.57942e-24
2.04851e-13 8.52612e-27 4.57095e-24
2.05774e-13 8.57656e-27 4.56242e-24
2.067e-13 8.62694e-27 4.55385e-24
2.07631e-13 8.67726e-27 4.54522e-24
2.08566e-13 8.72751e-27 4.53654e-24
2.09506e-13 8.77769e-27 4.52781e-24
2.10449e-13 8.82779e-27 4.51904e-24
2.11397e-13 8.87781e-27 4.51021e-24
2.12349e-13 8.92774e-27 4.50133e-24
2.13306e-13 8.97758e-27 4.4924e-24
2.14266e-13 9.02733e-27 4.48343e-24
2.15231e-13 9.07698e-27 4.4744e-24
2.16201e-13 9.12653e-27 4.46532e-24
2.17174e-13 9.17597e-27 4.4562e-24
2.18152e-13 9.2253e-27 4.44702e-24
2.19135e-13 9.27451e-27 4.43779e-24
2.20122e-13 9.3236e-27 4.42852e-24
2.21113e-13 9.37256e-27 4.4192e-24
2.22109e-13 9.42139e-27 4.40982e-24
2.23109e-13 9.47009e-27 4.4004e-24
2.24114e-13 9.51865e-27 4.39093e-24
2.25123e-13 9.56707e-27 4.38141e-24
2.26137e-13 9.61534e-27 4.37185e-24
2.27156e-13 9.66345e-27 4.36223e-24
2.28179e-13 9.71141e-27 4.35257e-24
2.29206e-13 9.75921e-27 4.34286e-24
2.30239e-13 9.80684e-27 4.3331e-24
2.31276e-13 9.8543e-27 4.32329e-24
2.32317e-13 9.90159e-27 4.31344e-24
2.33364e-13 9.94869e-27 4.30353e-24
2.34415e-13 9.99562e-27 4.29359e-24
2.3547e-13 1.00424e-26 4.28359e-24
2.36531e-13 1.00889e-26 4.27355e-24
2.37596e-13 1.01352e-26 4.26346e-24
2.38666e-13 1.01814e-26 4.25332e-24
2.39741e-13 1.02273e-26 4.24314e-24
2.40821e-13 1.0273e-26 4.23291e-24
2.41905e-13 1.03185e-26 4.22264e-24
2.42995e-13 1.03638e-26 4.21232e-24
2.44089e-13 1.04089e-26 4.20196e-24
2.45188e-13 1.04537e-26 4.19155e-24
2.46293e-13 1.04983e-26 4.1811e-24
2.47402e-13 1.05427e-26 4.1706e-24
2.48516e-13 1.05868e-26 4.16006e-24
2.49635e-13 1.06307e-26 4.14947e-24
2.5076e-13 1.06744e-26 4.13884e-24
2.51889e-13 1.07177e-26 4.12816e-24
2.53023e-13 1.07609e-26 4.11745e-24
2.54163e-13 1.08037e-26 4.10668e-24
2.55308e-13 1.08463e-26 4.09588e-24
2.56458e-13 1.08886e-26 4.08503e-24
2.57613e-13 1.09307e-26 4.07415e-24
2.58773e-13 1.09724e-26 4.06322e-24
2.59938e-13 1.10139e-26 4.05224e-24
2.61109e-13 1.10551e-26 4.04123e-24
2.62285e-13 1.1096e-26 4.03017e-24
2.63466e-13 1.11366e-26 4.01908e-24
2.64653e-13 1.11769e-26 4.00794e-24
2.65845e-13 1.12169e-26 3.99676e-24
2.67042e-13 1.12566e-26 3.98555e-24
2.68245e-13 1.1296e-26 3.97429e-24
2.69453e-13 1.1335e-26 3.963e-24
2.70666e-13 1.13738e-26 3.95166e-24
2.71885e-13 1.14122e-26 3.94029e-24
2.7311e-13 1.14503e-26 3.92887e-24
2.7434e-13 1.1488e-26 3.91742e-24
2.75575e-13 1.15254e-26 3.90594e-24
2.76816e-13 1.15625e-26 3.89441e-24
2.78063e-13 1.15992e-26 3.88285e-24
2.79315e-13 1.16356e-26 3.87125e-24
2.80573e-13 1.16717e-26 3.85961e-24
2.81837e-13 1.17074e-26 3.84794e-24
2.83106e-13 1.17427e-26 3.83623e-24
2.84381e-13 1.17777e-26 3.82449e-24
2.85662e-13 1.18123e-26 3.81271e-24
2.86949e-13 1.18465e-26 3.8009e-24
2.88241e-13 1.18803e-26 3.78906e-24
2.89539e-13 1.19138e-26 3.77717e-24
2.90843e-13 1.19469e-26 3.76526e-24
2.92153e-13 1.19797e-26 3.75331e-24
2.93469e-13 1.2012e-26 3.74133e-24
2.9479e-13 1.20439e-26 3.72932e-24
2.96118e-13 1.20755e-26 3.71728e-24
2.97452e-13 1.21067e-26 3.7052e-24
2.98791e-13 1.21374e-26 3.6931e-24
3.00137e-13 1.21678e-26 3.68096e-24
3.01489e-13 1.21977e-26 3.66879e-24
3.02847e-13 1.22273e-26 3.65659e-24
3.0421e-13 1.22564e-26 3.64437e-24
3.05581e-13 1.22851e-26 3.63211e-24
3.06957e-13 1.23134e-26 3.61982e-24
3.08339e-13 1.23413e-26 3.60751e-24
3.09728e-13 1.23688e-26 3.59517e-24
3.11123e-13 1.23958e-26 3.5828e-24
3.12524e-13 1.24224e-26 3.57041e-24
3.13932e-13 1.24486e-26 3.55798e-24
3.15345e-13 1.24744e-26 3.54553e-24
3.16766e-13 1.24997e-26 3.53306e-24
3.18192e-13 1.25246e-26 3.52056e-24
3.19625e-13 1.2549e-26 3.50804e-24
3.21065e-13 1.2573e-26 3.49549e-24
3.22511e-13 1.25965e-26 3.48291e-24
3.23963e-13 1.26196e-26 3.47032e-24
3.25422e-13 1.26423e-26 3.4577e-24
3.26888e-13 1.26645e-26 3.44505e-24
3.2836e-13 1.26862e-26 3.43239e-24
3.29839e-13 1.27075e-26 3.4197e-24
3.31324e-13 1.27283e-26 3.407e-24
3.32817e-13 1.27487e-26 3.39427e-24
3.34316e-13 1.27686e-26 3.38152e-24
3.35821e-13 1.2788e-26 3.36875e-24
3.37334e-13 1.2807e-26 3.35596e-24
3.38853e-13 1.28255e-26 3.34316e-24
3.40379e-13 1.28436e-26 3.33033e-24
3.41912e-13 1.28611e-26 3.31749e-24
3.43452e-13 1.28782e-26 3.30463e-24
3.44999e-13 1.28948e-26 3.29175e-24
3.46552e-13 1.2911e-26 3.27885e-24
3.48113e-13 1.29266e-26 3.26594e-24
3.49681e-13 1.29418e-26 3.25302e-24
3.51256e-13 1.29565e-26 3.24007e-24
3.52838e-13 1.29707e-26 3.22712e-24
3.54427e-13 1.29845e-26 3.21415e-24
3.56023e-13 1.29977e-26 3.20116e-24
3.57627e-13 1.30105e-26 3.18816e-24
3.59237e-13 1.30228e-26 3.17515e-24
3.60855e-13 1.30346e-26 3.16213e-24
3.6248e-13 1.30459e-26 3.1491e-24
3.64113e-13 1.30567e-26 3.13605e-24
3.65753e-13 1.3067e-26 3.12299e-24
3.674e-13 1.30769e-26 3.10993e-24
3.69055e-13 1.30862e-26 3.09685e-24
3.70717e-13 1.30951e-26 3.08376e-24
3.72386e-13 1.31034e-26 3.07067e-24
3.74063e-13 1.31113e-26 3.05757e-24
3.75748e-13 1.31187e-26 3.04445e-24
3.7744e-13 1.31255e-26 3.03134e-24
3.7914e-13 1.31319e-26 3.01821e-24
3.80848e-13 1.31378e-26 3.00508e-24
3.82563e-13 1.31432e-26 2.99194e-24
3.84286e-13 1.31481e-26 2.9788e-24
3.86017e-13 1.31525e-26 2.96565e-24
3.87755e-13 1.31564e-26 2.9525e-24
3.89502e-13 1.31598e-26 2.93934e-24
3.91256e-13 1.31627e-26 2.92618e-24
3.93018e-13 1.31651e-26 2.91302e-24
3.94788e-13 1.31671e-26 2.89985e-24
3.96566e-13 1.31685e-26 2.88668e-24
3.98352e-13 1.31694e-26 2.87352e-24
4.00146e-13 1.31699e-26 2.86035e-24
4.01948e-13 1.31698e-26 2.84718e-24
4.03758e-13 1.31693e-26 2.83401e-24
4.05577e-13 1.31682e-26 2.82084e-24
4.07403e-13 1.31667e-26 2.80767e-24
4.09238e-13 1.31647e-26 2.7945e-24
4.11081e-13 1.31621e-26 2.78134e-24
4.12933e-13 1.31591e-26 2.76818e-24
4.14792e-13 1.31556e-26 2.75502e-24
4.16661e-13 1.31516e-26 2.74186e-24
4.18537e-13 1.31471e-26 2.72871e-24
4.20422e-13 1.31422e-26 2.71556e-24
4.22315e-13 1.31367e-26 2.70242e-24
4.24217e-13 1.31308e-26 2.68928e-24
4.26128e-13 1.31244e-26 2.67615e-24
4.28047e-13 1.31175e-26 2.66303e-24
4.29975e-13 1.31101e-26 2.64991e-24
4.31911e-13 1.31022e-26 2.6368e-24
4.33857e-13 1.30938e-26 2.6237e-24
4.35811e-13 1.3085e-26 2.61061e-24
4.37773e-13 1.30757e-26 2.59752e-24
4.39745e-13 1.30659e-26 2.58444e-24
4.41725e-13 1.30557e-26 2.57138e-24
4.43715e-13 1.30449e-26 2.55832e-24
4.45713e-13 1.30337e-26 2.54528e-24
4.47721e-13 1.30221e-26 2.53224e-24
4.49737e-13 1.30099e-26 2.51922e-24
4.51762e-13 1.29973e-26 2.50621e-24
4.53797e-13 1.29843e-26 2.49321e-24
4.55841e-13 1.29707e-26 2.48023e-24
4.57894e-13 1.29567e-26 2.46726e-24
4.59956e-13 1.29423e-26 2.4543e-24
4.62028e-13 1.29274e-26 2.44136e-24
4.64108e-13 1.2912e-26 2.42843e-24
4.66199e-13 1.28962e-26 2.41552e-24
4.68298e-13 1.288e-26 2.40263e-24
4.70407e-13 1.28633e-26 2.38975e-24
4.72526e-13 1.28461e-26 2.37688e-24
4.74654e-13 1.28285e-26 2.36404e-24
4.76792e-13 1.28105e-26 2.35121e-24
4.78939e-13 1.2792e-26 2.3384e-24
4.81096e-13 1.27731e-26 2.3256e-24
4.83263e-13 1.27538e-26 2.31283e-24
4.85439e-13 1.2734e-26 2.30008e-24
4.87626e-13 1.27138e-26 2.28734e-24
4.89822e-13 1.26932e-26 2.27463e-24
4.92028e-13 1.26721e-26 2.26194e-24
4.94244e-13 1.26507e-26 2.24926e-24
4.9647e-13 1.26288e-26 2.23661e-24
4.98705e-13 1.26065e-26 2.22399e-24
5.00952e-13 1.25838e-26 2.21138e-24
5.03208e-13 1.25606e-26 2.1988e-24
5.05474e-13 1.25371e-26 2.18623e-24
5.0775e-13 1.25132e-26 2.1737e-24
5.10037e-13 1.24888e-26 2.16118e-24
5.12334e-13 1.24641e-26 2.1487e-24
5.14642e-13 1.2439e-26 2.13623e-24
5.16959e-13 1.24135e-26 2.12379e-24
5.19288e-13 1.23875e-26 2.11138e-24
5.21626e-13 1.23613e-26 2.09899e-24
5.23976e-13 1.23346e-26 2.08663e-24
5.26336e-13 1.23075e-26 2.0743e-24
5.28706e-13 1.22801e-26 2.06199e-24
5.31087e-13 1.22523e-26 2.04971e-24
5.33479e-13 1.22241e-26 2.03746e-24
5.35882e-13 1.21956e-26 2.02523e-24
5.38295e-13 1.21667e-26 2.01304e-24
5.40719e-13 1.21374e-26 2.00087e-24
5.43155e-13 1.21078e-26 1.98873e-24
5.45601e-13 1.20778e-26 1.97662e-24
5.48058e-13 1.20475e-26 1.96455e-24
5.50526e-13 1.20168e-26 1.9525e-24
5.53006e-13 1.19858e-26 1.94048e-24
5.55496e-13 1.19545e-26 1.9285e-24
5.57998e-13 1.19228e-26 1.91654e-24
5.60511e-13 1.18908e-26 1.90462e-24
5.63036e-13 1.18584e-26 1.89273e-24
5.65571e-13 1.18258e-26 1.88087e-24
5.68119e-13 1.17928e-26 1.86904e-24
5.70677e-13 1.17595e-26 1.85725e-24
5.73247e-13 1.17259e-26 1.84549e-24
5.75829e-13 1.16919e-26 1.83377e-24
5.78422e-13 1.16577e-26 1.82207e-24
5.81027e-13 1.16232e-26 1.81042e-24
5.83644e-13 1.15883e-26 1.79879e-24
5.86273e-13 1.15532e-26 1.7872e-24
5.88913e-13 1.15178e-26 1.77565e-24
5.91566e-13 1.14821e-26 1.76413e-24
5.9423e-13 1.14461e-26 1.75265e-24
5.96906e-13 1.14098e-26 1.74121e-24
5.99594e-13 1.13733e-26 1.7298e-24
6.02295e-13 1.13365e-26 1.71842e-24
6.05007e-13 1.12994e-26 1.70709e-24
6.07732e-13 1.1262e-26 1.69579e-24
6.10469e-13 1.12244e-26 1.68452e-24
6.13218e-13 1.11865e-26 1.6733e-24
6.1598e-13 1.11484e-26 1.66211e-24
6.18754e-13 1.111e-26 1.65096e-24
6.21541e-13 1.10714e-26 1.63985e-24
6.2434e-13 1.10326e-26 1.62878e-24
6.27152e-13 1.09935e-26 1.61775e-24
6.29977e-13 1.09542e-26 1.60676e-24
6.32814e-13 1.09146e-26 1.5958e-24
6.35664e-13 1.08748e-26 1.58489e-24
6.38527e-13 1.08348e-26 1.57401e-24
6.41403e-13 1.07946e-26 1.56318e-24
6.44291e-13 1.07542e-26 1.55238e-24
6.47193e-13 1.07136e-26 1.54163e-24
6.50108e-13 1.06727e-26 1.53092e-24
6.53036e-13 1.06317e-26 1.52024e-24
6.55977e-13 1.05904e-26 1.50961e-24
6.58931e-13 1.0549e-26 1.49902e-24
6.61899e-13 1.05074e-26 1.48847e-24
6.6488e-13 1.04656e-26 1.47797e-24
6.67874e-13 1.04236e-26 1.4675e-24
6.70882e-13 1.03814e-26 1.45708e-24
6.73903e-13 1.03391e-26 1.44669e-24
6.76938e-13 1.02966e-26 1.43636e-24
6.79987e-13 1.02539e-26 1.42606e-24
6.8305e-13 1.0211e-26 1.41581e-24
6.86126e-13 1.01681e-26 1.40559e-24
6.89216e-13 1.01249e-26 1.39543e-24
6.9232e-13 1.00816e-26 1.3853e-24
6.95438e-13 1.00382e-26 1.37522e-24
6.9857e-13 9.99459e-27 1.36518e-24
7.01716e-13 9.95087e-27 1.35519e-24
7.04877e-13 9.90701e-27 1.34524e-24
7.08051e-13 9.86303e-27 1.33533e-24
7.1124e-13 9.81892e-27 1.32547e-24
7.14443e-13 9.77468e-27 1.31565e-24
7.17661e-13 9.73033e-27 1.30587e-24
7.20893e-13 9.68587e-27 1.29614e-24
7.2414e-13 9.64129e-27 1.28646e-24
7.27401e-13 9.59661e-27 1.27681e-24
7.30677e-13 9.55183e-27 1.26722e-24
7.33968e-13 9.50694e-27 1.25767e-24
7.37273e-13 9.46197e-27 1.24816e-24
7.40594e-13 9.4169e-27 1.2387e-24
7.43929e-13 9.37174e-27 1.22928e-24
7.4728e-13 9.3265e-27 1.21991e-24
7.50645e-13 9.28118e-27 1.21058e-24
7.54026e-13 9.23578e-27 1.2013e-24
7.57422e-13 9.19031e-27 1.19207e-24
7.60833e-13 9.14477e-27 1.18288e-24
7.6426e-13 9.09917e-27 1.17373e-24
7.67702e-13 9.0535e-27 1.16463e-24
7.71159e-13 9.00778e-27 1.15558e-24
7.74632e-13 8.962e-27 1.14657e-24
7.78121e-13 8.91617e-27 1.13761e-24
7.81625e-13 8.8703e-27 1.12869e-24
7.85146e-13 8.82438e-27 1.11982e-24
7.88682e-13 8.77842e-27 1.111e-24
7.92234e-13 8.73243e-27 1.10222e-24
7.95802e-13 8.6864e-27 1.09349e-24
7.99386e-13 8.64034e-27 1.0848e-24
8.02986e-13 8.59426e-27 1.07616e-24
8.06602e-13 8.54816e-27 1.06757e-24
8.10235e-13 8.50203e-27 1.05902e-24
8.13884e-13 8.45589e-27 1.05052e-24
8.1755e-13 8.40974e-27 1.04206e-24
8.21232e-13 8.36358e-27 1.03365e-24
8.2493e-13 8.31742e-27 1.02529e-24
8.28645e-13 8.27125e-27 1.01697e-24
8.32377e-13 8.22508e-27 1.0087e-24
8.36126e-13 8.17892e-27 1.00047e-24
8.39892e-13 8.13277e-27 9.92293e-25
8.43674e-13 8.08662e-27 9.8416e-25
8.47474e-13 8.04049e-27 9.76074e-25
8.51291e-13 7.99438e-27 9.68033e-25
8.55125e-13 7.94829e-27 9.60039e-25
8.58976e-13 7.90222e-27 9.52091e-25
8.62845e-13 7.85618e-27 9.44188e-25
8.66731e-13 7.81017e-27 9.36332e-25
8.70634e-13 7.76419e-27 9.28522e-25
8.74555e-13 7.71824e-27 9.20758e-25
8.78494e-13 7.67234e-27 9.1304e-25
8.82451e-13 7.62648e-27 9.05367e-25
8.86425e-13 7.58066e-27 8.97741e-25
8.90417e-13 7.53489e-27 8.9016e-25
8.94427e-13 7.48917e-27 8.82625e-25
8.98455e-13 7.4435e-27 8.75136e-25
9.02502e-13 7.39789e-27 8.67693e-25
9.06566e-13 7.35234e-27 8.60295e-25
9.10649e-13 7.30685e-27 8.52942e-25
9.14751e-13 7.26142e-27 8.45636e-25
9.1887e-13 7.21606e-27 8.38374e-25
9.23009e-13 7.17077e-27 8.31158e-25
9.27166e-13 7.12555e-27 8.23987e-25
9.31341e-13 7.08041e-27 8.16862e-25
9.35536e-13 7.03535e-27 8.09781e-25
9.39749e-13 6.99036e-27 8.02746e-25
9.43982e-13 6.94546e-27 7.95756e-25
9.48233e-13 6.90065e-27 7.8881e-25
9.52504e-13 6.85592e-27 7.8191e-25
9.56793e-13 6.81128e-27 7.75054e-25
9.61103e-13 6.76673e-27 7.68242e-25
9.65431e-13 6.72228e-27 7.61476e-25
9.69779e-13 6.67793e-27 7.54753e-25
9.74147e-13 6.63367e-27 7.48075e-25
9.78534e-13 6.58952e-27 7.41442e-25
9.82941e-13 6.54547e-27 7.34852e-25
9.87368e-13 6.50153e-27 7.28307e-25
9.91815e-13 6.45769e-27 7.21805e-25
9.96282e-13 6.41397e-27 7.15348e-25
1.00077e-12 6.37036e-27 7.08934e-25
1.00528e-12 6.32686e-27 7.02563e-25
1.0098e-12 6.28348e-27 6.96236e-25
1.01435e-12 6.24022e-27 6.89953e-25
1.01892e-12 6.19708e-27 6.83713e-25
1.02351e-12 6.15407e-27 6.77516e-25
1.02812e-12 6.11118e-27 6.71361e-25
1.03275e-12 6.06841e-27 6.6525e-25
1.0374e-12 6.02578e-27 6.59182e-25
1.04207e-12 5.98327e-27 6.53156e-25
1.04676e-12 5.9409e-27 6.47173e-25
1.05148e-12 5.89866e-27 6.41232e-25
1.05621e-12 5.85656e-27 6.35333e-25
1.06097e-12 5.8146e-27 6.29477e-25
1.06575e-12 5.77277e-27 6.23662e-25
1.07055e-12 5.73109e-27 6.17889e-25
1.07537e-12 5.68955e-27 6.12158e-25
1.08021e-12 5.64815e-27 6.06469e-25
1.08508e-12 5.6069e-27 6.00821e-25
1.08997e-12 5.5658e-27 5.95214e-25
1.09487e-12 5.52484e-27 5.89648e-25
1.09981e-12 5.48404e-27 5.84123e-25
1.10476e-12 5.44339e-27 5.78639e-25
1.10973e-12 5.40289e-27 5.73196e-25
1.11473e-12 5.36254e-27 5.67793e-25
1.11975e-12 5.32236e-27 5.6243e-25
1.1248e-12 5.28233e-27 5.57108e-25
1.12986e-12 5.24246e-27 5.51825e-25
1.13495e-12 5.20274e-27 5.46583e-25
1.14006e-12 5.1632e-27 5.4138e-25
1.1452e-12 5.12381e-27 5.36217e-25
1.15035e-12 5.08459e-27 5.31093e-25
1.15553e-12 5.04553e-27 5.26009e-25
1.16074e-12 5.00663e-27 5.20963e-25
1.16597e-12 4.96791e-27 5.15957e-25
1.17122e-12 4.92935e-27 5.10989e-25
1.17649e-12 4.89097e-27 5.06059e-25
1.18179e-12 4.85275e-27 5.01168e-25
1.18711e-12 4.8147e-27 4.96316e-25
1.19246e-12 4.77683e-27 4.91501e-25
1.19783e-12 4.73913e-27 4.86724e-25
1.20323e-12 4.70161e-27 4.81985e-25
1.20864e-12 4.66426e-27 4.77283e-25
1.21409e-12 4.62708e-27 4.72619e-25
1.21956e-12 4.59008e-27 4.67992e-25
1.22505e-12 4.55326e-27 4.63402e-25
1.23057e-12 4.51662e-27 4.58849e-25
1.23611e-12 4.48016e-27 4.54332e-25
1.24167e-12 4.44388e-27 4.49852e-25
1.24727e-12 4.40777e-27 4.45408e-25
1.25288e-12 4.37185e-27 4.41e-25
1.25853e-12 4.33611e-27 4.36628e-25
1.26419e-12 4.30056e-27 4.32292e-25
1.26989e-12 4.26518e-27 4.27992e-25
1.27561e-12 4.22999e-27 4.23726e-25
1.28135e-12 4.19499e-27 4.19496e-25
1.28712e-12 4.16017e-27 4.15301e-25
1.29292e-12 4.12553e-27 4.11141e-25
1.29874e-12 4.09108e-27 4.07016e-25
1.30459e-12 4.05682e-27 4.02925e-25
1.31047e-12 4.02274e-27 3.98868e-25
1.31637e-12 3.98885e-27 3.94845e-25
1.3223e-12 3.95515e-27 3.90856e-25
1.32825e-12 3.92163e-27 3.86901e-25
1.33424e-12 3.8883e-27 3.8298e-25
1.34024e-12 3.85516e-27 3.79091e-25
1.34628e-12 3.82221e-27 3.75236e-25
1.35234e-12 3.78945e-27 3.71414e-25
1.35843e-12 3.75688e-27 3.67624e-25
1.36455e-12 3.7245e-27 3.63868e-25
1.3707e-12 3.6923e-27 3.60143e-25
1.37687e-12 3.6603e-27 3.56451e-25
1.38307e-12 3.62849e-27 3.5279e-25
1.3893e-12 3.59686e-27 3.49162e-25
1.39556e-12 3.56543e-27 3.45565e-25
1.40184e-12 3.53419e-27 3.42e-25
1.40816e-12 3.50313e-27 3.38465e-25
1.4145e-12 3.47227e-27 3.34962e-25
1.42087e-12 3.4416e-27 3.3149e-25
1.42727e-12 3.41111e-27 3.28048e-25
1.4337e-12 3.38082e-27 3.24637e-25
1.44015e-12 3.35072e-27 3.21257e-25
1.44664e-12 3.32081e-27 3.17906e-25
1.45315e-12 3.29109e-27 3.14585e-25
1.4597e-12 3.26156e-27 3.11294e-25
1.46627e-12 3.23222e-27 3.08032e-25
1.47288e-12 3.20306e-27 3.048e-25
1.47951e-12 3.1741e-27 3.01597e-25
1.48617e-12 3.14533e-27 2.98423e-25
1.49287e-12 3.11675e-27 2.95278e-25
1.49959e-12 3.08835e-27 2.92161e-25
1.50634e-12 3.06015e-27 2.89073e-25
1.51313e-12 3.03214e-27 2.86012e-25
1.51994e-12 3.00431e-27 2.8298e-25
1.52679e-12 2.97667e-27 2.79976e-25
1.53366e-12 2.94922e-27 2.76999e-25
1.54057e-12 2.92196e-27 2.7405e-25
1.54751e-12 2.89488e-27 2.71128e-25
1.55448e-12 2.86799e-27 2.68233e-25
1.56148e-12 2.84129e-27 2.65365e-25
1.56851e-12 2.81477e-27 2.62524e-25
1.57558e-12 2.78844e-27 2.59709e-25
1.58267e-12 2.7623e-27 2.56921e-25
1.5898e-12 2.73634e-27 2.54158e-25
1.59696e-12 2.71057e-27 2.51422e-25
1.60415e-12 2.68498e-27 2.48711e-25
1.61138e-12 2.65957e-27 2.46027e-25
1.61864e-12 2.63435e-27 2.43367e-25
1.62592e-12 2.60931e-27 2.40733e-25
1.63325e-12 2.58446e-27 2.38123e-25
1.6406e-12 2.55978e-27 2.35539e-25
1.64799e-12 2.53529e-27 2.32979e-25
1.65541e-12 2.51098e-27 2.30444e-25
1.66287e-12 2.48685e-27 2.27933e-25
1.67036e-12 2.4629e-27 2.25446e-25
1.67788e-12 2.43913e-27 2.22983e-25
1.68544e-12 2.41554e-27 2.20544e-25
1.69303e-12 2.39212e-27 2.18128e-25
1.70065e-12 2.36889e-27 2.15736e-25
1.70831e-12 2.34583e-27 2.13367e-25
1.71601e-12 2.32294e-27 2.11022e-25
1.72374e-12 2.30024e-27 2.08699e-25
1.7315e-12 2.27771e-27 2.06398e-25
1.7393e-12 2.25535e-27 2.04121e-25
1.74713e-12 2.23317e-27 2.01865e-25
1.755e-12 2.21116e-27 1.99632e-25
1.7629e-12 2.18932e-27 1.97421e-25
1.77084e-12 2.16766e-27 1.95232e-25
1.77882e-12 2.14617e-27 1.93064e-25
1.78683e-12 2.12485e-27 1.90918e-25
1.79488e-12 2.1037e-27 1.88793e-25
1.80296e-12 2.08271e-27 1.86689e-25
1.81108e-12 2.0619e-27 1.84607e-25
1.81924e-12 2.04126e-27 1.82545e-25
1.82743e-12 2.02078e-27 1.80503e-25
1.83566e-12 2.00047e-27 1.78483e-25
1.84393e-12 1.98032e-27 1.76482e-25
1.85223e-12 1.96034e-27 1.74502e-25
1.86057e-12 1.94052e-27 1.72541e-25
1.86895e-12 1.92087e-27 1.70601e-25
1.87737e-12 1.90138e-27 1.6868e-25
1.88583e-12 1.88205e-27 1.66779e-25
1.89432e-12 1.86288e-27 1.64897e-25
1.90285e-12 1.84388e-27 1.63034e-25
1.91142e-12 1.82503e-27 1.6119e-25
1.92003e-12 1.80634e-27 1.59365e-25
1.92868e-12 1.78781e-27 1.57559e-25
1.93736e-12 1.76944e-27 1.55771e-25
1.94609e-12 1.75123e-27 1.54001e-25
1.95485e-12 1.73316e-27 1.5225e-25
1.96366e-12 1.71526e-27 1.50517e-25
1.9725e-12 1.69751e-27 1.48802e-25
1.98138e-12 1.67991e-27 1.47104e-25
1.99031e-12 1.66246e-27 1.45424e-25
1.99927e-12 1.64517e-27 1.43762e-25
2.00827e-12 1.62803e-27 1.42117e-25
2.01732e-12 1.61103e-27 1.40489e-25
2.0264e-12 1.59419e-27 1.38877e-25
2.03553e-12 1.57749e-27 1.37283e-25
2.0447e-12 1.56094e-27 1.35706e-25
2.05391e-12 1.54454e-27 1.34145e-25
2.06316e-12 1.52828e-27 1.326e-25
2.07245e-12 1.51217e-27 1.31072e-25
2.08178e-12 1.4962e-27 1.2956e-25
2.09116e-12 1.48038e-27 1.28064e-25
2.10058e-12 1.4647e-27 1.26583e-25
2.11004e-12 1.44916e-27 1.25119e-25
2.11954e-12 1.43376e-27 1.23669e-25
2.12909e-12 1.41849e-27 1.22236e-25
2.13867e-12 1.40337e-27 1.20817e-25
2.14831e-12 1.38839e-27 1.19414e-25
2.15798e-12 1.37354e-27 1.18025e-25
2.1677e-12 1.35883e-27 1.16652e-25
2.17746e-12 1.34425e-27 1.15293e-25
2.18727e-12 1.32981e-27 1.13949e-25
2.19712e-12 1.31551e-27 1.12619e-25
2.20702e-12 1.30133e-27 1.11303e-25
2.21696e-12 1.28729e-27 1.10002e-25
2.22694e-12 1.27338e-27 1.08715e-25
2.23697e-12 1.2596e-27 1.07441e-25
2.24704e-12 1.24594e-27 1.06182e-25
2.25716e-12 1.23242e-27 1.04936e-25
2.26733e-12 1.21902e-27 1.03704e-25
2.27754e-12 1.20575e-27 1.02484e-25
2.2878e-12 1.19261e-27 1.01279e-25
2.2981e-12 1.17959e-27 1.00086e-25
2.30845e-12 1.16669e-27 9.89066e-26
2.31885e-12 1.15392e-27 9.77399e-26
2.32929e-12 1.14127e-27 9.65859e-26
2.33978e-12 1.12874e-27 9.54447e-26
2.35032e-12 1.11633e-27 9.43159e-26
2.36091e-12 1.10405e-27 9.31996e-26
2.37154e-12 1.09188e-27 9.20955e-26
2.38222e-12 1.07982e-27 9.10037e-26
2.39295e-12 1.06789e-27 8.99238e-26
2.40373e-12 1.05607e-27 8.8856e-26
2.41455e-12 1.04437e-27 8.77999e-26
2.42543e-12 1.03278e-27 8.67555e-26
2.43635e-12 1.0213e-27 8.57227e-26
2.44732e-12 1.00994e-27 8.47014e-26
2.45834e-12 9.98693e-28 8.36915e-26
2.46942e-12 9.87554e-28 8.26928e-26
2.48054e-12 9.76525e-28 8.17052e-26
2.49171e-12 9.65605e-28 8.07287e-26
2.50293e-12 9.54795e-28 7.97631e-26
2.5142e-12 9.44091e-28 7.88083e-26
2.52553e-12 9.33495e-28 7.78642e-26
2.5369e-12 9.23005e-28 7.69307e-26
2.54833e-12 9.1262e-28 7.60077e-26
2.5598e-12 9.02339e-28 7.50951e-26
2.57133e-12 8.92162e-28 7.41928e-26
2.58291e-12 8.82088e-28 7.33006e-26
2.59454e-12 8.72116e-28 7.24185e-26
2.60623e-12 8.62244e-28 7.15464e-26
2.61797e-12 8.52473e-28 7.06842e-26
2.62976e-12 8.42801e-28 6.98317e-26
2.6416e-12 8.33228e-28 6.89889e-26
2.6535e-12 8.23753e-28 6.81557e-26
2.66545e-12 8.14375e-28 6.73319e-26
2.67745e-12 8.05093e-28 6.65175e-26
2.68951e-12 7.95907e-28 6.57124e-26
2.70162e-12 7.86815e-28 6.49165e-26
2.71379e-12 7.77817e-28 6.41297e-26
2.72601e-12 7.68912e-28 6.33519e-26
2.73829e-12 7.60099e-28 6.2583e-26
2.75062e-12 7.51378e-28 6.18229e-26
2.76301e-12 7.42748e-28 6.10715e-26
2.77546e-12 7.34207e-28 6.03288e-26
2.78796e-12 7.25756e-28 5.95945e-26
2.80051e-12 7.17393e-28 5.88688e-26
2.81312e-12 7.09117e-28 5.81514e-26
2.82579e-12 7.00929e-28 5.74423e-26
2.83852e-12 6.92826e-28 5.67414e-26
2.8513e-12 6.8481e-28 5.60485e-26
2.86415e-12 6.76877e-28 5.53637e-26
2.87705e-12 6.69029e-28 5.46868e-26
2.89e-12 6.61263e-28 5.40178e-26
2.90302e-12 6.5358e-28 5.33565e-26
2.91609e-12 6.45979e-28 5.2703e-26
2.92923e-12 6.38459e-28 5.2057e-26
2.94242e-12 6.31019e-28 5.14185e-26
2.95567e-12 6.23658e-28 5.07875e-26
2.96898e-12 6.16376e-28 5.01639e-26
2.98235e-12 6.09172e-28 4.95475e-26
2.99578e-12 6.02046e-28 4.89383e-26
3.00928e-12 5.94996e-28 4.83363e-26
3.02283e-12 5.88022e-28 4.77413e-26
3.03644e-12 5.81123e-28 4.71532e-26
3.05012e-12 5.74299e-28 4.65721e-26
3.06386e-12 5.67549e-28 4.59978e-26
3.07765e-12 5.60872e-28 4.54303e-26
3.09152e-12 5.54268e-28 4.48694e-26
3.10544e-12 5.47735e-28 4.43151e-26
3.11942e-12 5.41274e-28 4.37674e-26
3.13347e-12 5.34883e-28 4.32261e-26
3.14759e-12 5.28562e-28 4.26912e-26
3.16176e-12 5.2231e-28 4.21627e-26
3.176e-12 5.16126e-28 4.16404e-26
3.19031e-12 5.10011e-28 4.11242e-26
3.20467e-12 5.03962e-28 4.06142e-26
3.21911e-12 4.9798e-28 4.01103e-26
3.2336e-12 4.92065e-28 3.96123e-26
3.24817e-12 4.86214e-28 3.91202e-26
3.2628e-12 4.80428e-28 3.8634e-26
3.27749e-12 4.74707e-28 3.81536e-26
3.29225e-12 4.69048e-28 3.76789e-26
3.30708e-12 4.63453e-28 3.72098e-26
3.32197e-12 4.5792e-28 3.67464e-26
3.33693e-12 4.52448e-28 3.62885e-26
3.35196e-12 4.47037e-28 3.5836e-26
3.36706e-12 4.41687e-28 3.5389e-26
3.38222e-12 4.36397e-28 3.49473e-26
3.39746e-12 4.31166e-28 3.45109e-26
3.41276e-12 4.25993e-28 3.40797e-26
3.42813e-12 4.20879e-28 3.36537e-26
3.44357e-12 4.15822e-28 3.32328e-26
3.45908e-12 4.10822e-28 3.2817e-26
3.47465e-12 4.05878e-28 3.24062e-26
3.4903e-12 4.0099e-28 3.20003e-26
3.50602e-12 3.96157e-28 3.15993e-26
3.52181e-12 3.91379e-28 3.12032e-26
3.53767e-12 3.86655e-28 3.08118e-26
3.55361e-12 3.81985e-28 3.04251e-26
3.56961e-12 3.77368e-28 3.00432e-26
3.58569e-12 3.72803e-28 2.96658e-26
3.60184e-12 3.6829e-28 2.9293e-26
3.61806e-12 3.63829e-28 2.89247e-26
3.63435e-12 3.59418e-28 2.85609e-26
3.65072e-12 3.55058e-28 2.82015e-26
3.66716e-12 3.50748e-28 2.78464e-26
3.68368e-12 3.46487e-28 2.74956e-26
3.70027e-12 3.42275e-28 2.71492e-26
3.71693e-12 3.38111e-28 2.68069e-26
3.73367e-12 3.33995e-28 2.64688e-26
3.75049e-12 3.29927e-28 2.61348e-26
3.76738e-12 3.25905e-28 2.58049e-26
3.78435e-12 3.2193e-28 2.54789e-26
3.80139e-12 3.18e-28 2.5157e-26
3.81851e-12 3.14116e-28 2.4839e-26
3.83571e-12 3.10277e-28 2.45249e-26
3.85298e-12 3.06482e-28 2.42146e-26
3.87034e-12 3.02732e-28 2.39081e-26
3.88777e-12 2.99025e-28 2.36054e-26
3.90528e-12 2.9536e-28 2.33064e-26
3.92286e-12 2.91739e-28 2.3011e-26
3.94053e-12 2.8816e-28 2.27193e-26
3.95828e-12 2.84622e-28 2.24311e-26
3.97611e-12 2.81126e-28 2.21465e-26
3.99401e-12 2.7767e-28 2.18654e-26
4.012e-12 2.74255e-28 2.15877e-26
4.03007e-12 2.7088e-28 2.13135e-26
4.04822e-12 2.67544e-28 2.10426e-26
4.06645e-12 2.64248e-28 2.0775e-26
4.08477e-12 2.6099e-28 2.05108e-26
4.10316e-12 2.5777e-28 2.02498e-26
4.12164e-12 2.54588e-28 1.9992e-26
4.1402e-12 2.51444e-28 1.97374e-26
4.15885e-12 2.48337e-28 1.9486e-26
4.17758e-12 2.45266e-28 1.92377e-26
4.1964e-12 2.42232e-28 1.89924e-26
4.2153e-12 2.39233e-28 1.87502e-26
4.23428e-12 2.3627e-28 1.85109e-26
4.25335e-12 2.33342e-28 1.82747e-26
4.27251e-12 2.30449e-28 1.80413e-26
4.29175e-12 2.2759e-28 1.78109e-26
4.31108e-12 2.24765e-28 1.75833e-26
4.33049e-12 2.21973e-28 1.73585e-26
4.35e-12 2.19215e-28 1.71365e-26
4.36959e-12 2.16489e-28 1.69173e-26
4.38927e-12 2.13796e-28 1.67008e-26
4.40903e-12 2.11135e-28 1.6487e-26
4.42889e-12 2.08506e-28 1.62759e-26
4.44884e-12 2.05908e-28 1.60674e-26
4.46887e-12 2.03341e-28 1.58615e-26
4.489e-12 2.00805e-28 1.56581e-26
4.50922e-12 1.98299e-28 1.54573e-26
4.52953e-12 1.95824e-28 1.5259e-26
4.54993e-12 1.93377e-28 1.50632e-26
4.57042e-12 1.90961e-28 1.48698e-26
4.591e-12 1.88573e-28 1.46789e-26
4.61168e-12 1.86214e-28 1.44903e-26
4.63245e-12 1.83883e-28 1.43041e-26
4.65331e-12 1.81581e-28 1.41202e-26
4.67427e-12 1.79306e-28 1.39386e-26
4.69532e-12 1.77058e-28 1.37593e-26
4.71647e-12 1.74838e-28 1.35823e-26
4.73771e-12 1.72644e-28 1.34074e-26
4.75904e-12 1.70477e-28 1.32348e-26
4.78048e-12 1.68336e-28 1.30643e-26
4.80201e-12 1.66221e-28 1.2896e-26
4.82363e-12 1.64132e-28 1.27297e-26
4.84536e-12 1.62068e-28 1.25656e-26
4.86718e-12 1.60029e-28 1.24035e-26
4.8891e-12 1.58015e-28 1.22435e-26
4.91112e-12 1.56025e-28 1.20855e-26
4.93324e-12 1.54059e-28 1.19295e-26
4.95546e-12 1.52118e-28 1.17754e-26
4.97777e-12 1.50199e-28 1.16233e-26
5.00019e-12 1.48305e-28 1.14731e-26
5.02271e-12 1.46433e-28 1.13248e-26
5.04533e-12 1.44584e-28 1.11784e-26
5.06806e-12 1.42758e-28 1.10338e-26
5.09088e-12 1.40954e-28 1.0891e-26
5.11381e-12 1.39172e-28 1.07501e-26
5.13684e-12 1.37412e-28 1.06109e-26
5.15997e-12 1.35673e-28 1.04735e-26
5.18321e-12 1.33956e-28 1.03378e-26
5.20656e-12 1.32259e-28 1.02039e-26
5.23001e-12 1.30584e-28 1.00716e-26
5.25356e-12 1.28929e-28 9.94101e-27
5.27722e-12 1.27294e-28 9.81208e-27
5.30099e-12 1.25679e-28 9.68478e-27
5.32486e-12 1.24085e-28 9.55911e-27
5.34884e-12 1.22509e-28 9.43502e-27
5.37293e-12 1.20954e-28 9.31251e-27
5.39713e-12 1.19417e-28 9.19156e-27
5.42144e-12 1.17899e-28 9.07214e-27
5.44586e-12 1.164e-28 8.95424e-27
5.47038e-12 1.1492e-28 8.83784e-27
5.49502e-12 1.13458e-28 8.72292e-27
5.51977e-12 1.12013e-28 8.60946e-27
5.54463e-12 1.10587e-28 8.49745e-27
5.5696e-12 1.09178e-28 8.38686e-27
5.59468e-12 1.07787e-28 8.27769e-27
5.61988e-12 1.06413e-28 8.1699e-27
5.64519e-12 1.05056e-28 8.06349e-27
5.67061e-12 1.03715e-28 7.95843e-27
5.69615e-12 1.02392e-28 7.85471e-27
5.72181e-12 1.01084e-28 7.75232e-27
5.74757e-12 9.97935e-29 7.65124e-27
5.77346e-12 9.85184e-29 7.55144e-27
5.79946e-12 9.72593e-29 7.45293e-27
5.82558e-12 9.60158e-29 7.35567e-27
5.85182e-12 9.47877e-29 7.25965e-27
5.87817e-12 9.35749e-29 7.16486e-27
5.90465e-12 9.23772e-29 7.07129e-27
5.93124e-12 9.11945e-29 6.97891e-27
5.95795e-12 9.00264e-29 6.88772e-27
5.98478e-12 8.8873e-29 6.79769e-27
6.01174e-12 8.77339e-29 6.70882e-27
6.03881e-12 8.6609e-29 6.62108e-27
6.06601e-12 8.54982e-29 6.53447e-27
6.09333e-12 8.44012e-29 6.44898e-27
6.12077e-12 8.3318e-29 6.36458e-27
6.14834e-12 8.22483e-29 6.28126e-27
6.17603e-12 8.1192e-29 6.19901e-27
6.20384e-12 8.01489e-29 6.11782e-27
6.23178e-12 7.91189e-29 6.03767e-27
6.25985e-12 7.81017e-29 5.95855e-27
6.28804e-12 7.70974e-29 5.88045e-27
6.31636e-12 7.61056e-29 5.80335e-27
6.34481e-12 7.51262e-29 5.72724e-27
6.37339e-12 7.41592e-29 5.65212e-27
6.40209e-12 7.32043e-29 5.57796e-27
6.43092e-12 7.22614e-29 5.50475e-27
6.45989e-12 7.13303e-29 5.43249e-27
6.48898e-12 7.04109e-29 5.36116e-27
6.5182e-12 6.95032e-29 5.29075e-27
6.54756e-12 6.86068e-29 5.22125e-27
6.57705e-12 6.77217e-29 5.15264e-27
6.60667e-12 6.68478e-29 5.08492e-27
6.63642e-12 6.59849e-29 5.01807e-27
6.66631e-12 6.51328e-29 4.95209e-27
6.69633e-12 6.42915e-29 4.88696e-27
6.72649e-12 6.34608e-29 4.82266e-27
6.75679e-12 6.26406e-29 4.7592e-27
6.78722e-12 6.18308e-29 4.69656e-27
6.81779e-12 6.10312e-29 4.63473e-27
6.84849e-12 6.02417e-29 4.5737e-27
6.87933e-12 5.94622e-29 4.51346e-27
6.91032e-12 5.86925e-29 4.454e-27
6.94144e-12 5.79326e-29 4.3953e-27
6.9727e-12 5.71823e-29 4.33737e-27
7.0041e-12 5.64415e-29 4.28019e-27
7.03565e-12 5.57101e-29 4.22375e-27
7.06734e-12 5.4988e-29 4.16804e-27
7.09916e-12 5.4275e-29 4.11305e-27
7.13114e-12 5.35711e-29 4.05877e-27
7.16325e-12 5.28761e-29 4.0052e-27
7.19551e-12 5.21899e-29 3.95233e-27
7.22792e-12 5.15124e-29 3.90014e-27
7.26047e-12 5.08435e-29 3.84862e-27
7.29317e-12 5.01832e-29 3.79778e-27
7.32602e-12 4.95312e-29 3.7476e-27
7.35901e-12 4.88875e-29 3.69807e-27
7.39216e-12 4.82521e-29 3.64918e-27
7.42545e-12 4.76247e-29 3.60093e-27
7.45889e-12 4.70053e-29 3.5533e-27
7.49248e-12 4.63937e-29 3.5063e-27
7.52623e-12 4.579e-29 3.4599e-27
7.56012e-12 4.5194e-29 3.41411e-27
7.59417e-12 4.46056e-29 3.36892e-27
7.62837e-12 4.40246e-29 3.32431e-27
7.66273e-12 4.34511e-29 3.28029e-27
7.69724e-12 4.28849e-29 3.23684e-27
7.73191e-12 4.2326e-29 3.19395e-27
7.76673e-12 4.17742e-29 3.15163e-27
7.80171e-12 4.12294e-29 3.10985e-27
7.83684e-12 4.06916e-29 3.06862e-27
7.87214e-12 4.01607e-29 3.02793e-27
7.90759e-12 3.96365e-29 2.98777e-27
7.94321e-12 3.91191e-29 2.94813e-27
7.97898e-12 3.86083e-29 2.90902e-27
8.01492e-12 3.8104e-29 2.87041e-27
8.05101e-12 3.76062e-29 2.8323e-27
8.08727e-12 3.71148e-29 2.7947e-27
8.12369e-12 3.66297e-29 2.75758e-27
8.16028e-12 3.61508e-29 2.72095e-27
8.19703e-12 3.5678e-29 2.6848e-27
8.23395e-12 3.52113e-29 2.64912e-27
8.27103e-12 3.47506e-29 2.61391e-27
8.30828e-12 3.42958e-29 2.57916e-27
8.3457e-12 3.38469e-29 2.54487e-27
8.38329e-12 3.34037e-29 2.51102e-27
8.42104e-12 3.29662e-29 2.47762e-27
8.45897e-12 3.25343e-29 2.44465e-27
8.49707e-12 3.2108e-29 2.41212e-27
8.53534e-12 3.16872e-29 2.38001e-27
8.57378e-12 3.12718e-29 2.34832e-27
8.61239e-12 3.08617e-29 2.31705e-27
8.65118e-12 3.04569e-29 2.28619e-27
8.69014e-12 3.00573e-29 2.25573e-27
8.72928e-12 2.96629e-29 2.22567e-27
8.76859e-12 2.92736e-29 2.19601e-27
8.80808e-12 2.88892e-29 2.16674e-27
8.84775e-12 2.85099e-29 2.13785e-27
8.8876e-12 2.81354e-29 2.10934e-27
8.92763e-12 2.77658e-29 2.0812e-27
8.96783e-12 2.74009e-29 2.05344e-27
9.00822e-12 2.70407e-29 2.02603e-27
9.04879e-12 2.66852e-29 1.99899e-27
9.08955e-12 2.63343e-29 1.97231e-27
9.13048e-12 2.59879e-29 1.94597e-27
9.1716e-12 2.5646e-29 1.91999e-27
9.21291e-12 2.53085e-29 1.89434e-27
9.2544e-12 2.49754e-29 1.86903e-27
9.29608e-12 2.46466e-29 1.84406e-27
9.33795e-12 2.43221e-29 1.81941e-27
9.38e-12 2.40017e-29 1.79509e-27
9.42225e-12 2.36855e-29 1.77109e-27
9.46468e-12 2.33734e-29 1.7474e-27
9.50731e-12 2.30653e-29 1.72403e-27
9.55013e-12 2.27613e-29 1.70096e-27
9.59314e-12 2.24611e-29 1.6782e-27
9.63634e-12 2.21649e-29 1.65574e-27
9.67974e-12 2.18725e-29 1.63357e-27
9.72334e-12 2.15839e-29 1.6117e-27
9.76713e-12 2.1299e-29 1.59012e-27
9.81112e-12 2.10179e-29 1.56882e-27
9.8553e-12 2.07403e-29 1.5478e-27
9.89969e-12 2.04664e-29 1.52706e-27
9.94427e-12 2.01961e-29 1.50659e-27
9.98906e-12 1.99293e-29 1.4864e-27
1.0034e-11 1.96659e-29 1.46647e-27
1.00792e-11 1.9406e-29 1.4468e-27
1.01246e-11 1.91494e-29 1.4274e-27
1.01702e-11 1.88962e-29 1.40825e-27
1.0216e-11 1.86462e-29 1.38935e-27
1.0262e-11 1.83996e-29 1.37071e-27
1.03083e-11 1.81561e-29 1.35231e-27
1.03547e-11 1.79158e-29 1.33415e-27
1.04013e-11 1.76786e-29 1.31623e-27
1.04482e-11 1.74446e-29 1.29856e-27
1.04952e-11 1.72136e-29 1.28111e-27
1.05425e-11 1.69855e-29 1.2639e-27
1.059e-11 1.67605e-29 1.24691e-27
1.06377e-11 1.65384e-29 1.23015e-27
1.06856e-11 1.63192e-29 1.21361e-27
1.07337e-11 1.61029e-29 1.19729e-27
1.0782e-11 1.58893e-29 1.18119e-27
1.08306e-11 1.56786e-29 1.1653e-27
1.08794e-11 1.54706e-29 1.14962e-27
1.09284e-11 1.52654e-29 1.13415e-27
1.09776e-11 1.50628e-29 1.11889e-27
1.1027e-11 1.48629e-29 1.10382e-27
1.10767e-11 1.46655e-29 1.08896e-27
1.11266e-11 1.44708e-29 1.0743e-27
1.11767e-11 1.42786e-29 1.05982e-27
1.1227e-11 1.40889e-29 1.04555e-27
1.12776e-11 1.39017e-29 1.03146e-27
1.13284e-11 1.3717e-29 1.01756e-27
1.13794e-11 1.35347e-29 1.00384e-27
1.14307e-11 1.33547e-29 9.90304e-28
1.14821e-11 1.31772e-29 9.76949e-28
1.15338e-11 1.30019e-29 9.63772e-28
1.15858e-11 1.28289e-29 9.5077e-28
1.1638e-11 1.26583e-29 9.37941e-28
1.16904e-11 1.24898e-29 9.25283e-28
1.1743e-11 1.23236e-29 9.12793e-28
1.17959e-11 1.21595e-29 9.0047e-28
1.1849e-11 1.19976e-29 8.8831e-28
1.19024e-11 1.18378e-29 8.76313e-28
1.1956e-11 1.16801e-29 8.64475e-28
1.20099e-11 1.15245e-29 8.52795e-28
1.2064e-11 1.13709e-29 8.4127e-28
1.21183e-11 1.12194e-29 8.29899e-28
1.21729e-11 1.10698e-29 8.1868e-28
1.22277e-11 1.09222e-29 8.0761e-28
1.22828e-11 1.07766e-29 7.96688e-28
1.23381e-11 1.06328e-29 7.85911e-28
1.23936e-11 1.0491e-29 7.75279e-28
1.24495e-11 1.0351e-29 7.64788e-28
1.25055e-11 1.02128e-29 7.54437e-28
1.25618e-11 1.00765e-29 7.44224e-28
1.26184e-11 9.94198e-30 7.34147e-28
1.26753e-11 9.80922e-30 7.24205e-28
1.27323e-11 9.67821e-30 7.14396e-28
1.27897e-11 9.54892e-30 7.04718e-28
1.28473e-11 9.42134e-30 6.95169e-28
1.29051e-11 9.29544e-30 6.85748e-28
1.29633e-11 9.1712e-30 6.76452e-28
1.30216e-11 9.0486e-30 6.67281e-28
1.30803e-11 8.92761e-30 6.58232e-28
1.31392e-11 8.80822e-30 6.49305e-28
1.31984e-11 8.69041e-30 6.40497e-28
1.32578e-11 8.57415e-30 6.31806e-28
1.33175e-11 8.45943e-30 6.23232e-28
1.33775e-11 8.34622e-30 6.14773e-28
1.34378e-11 8.2345e-30 6.06426e-28
1.34983e-11 8.12426e-30 5.98192e-28
1.35591e-11 8.01548e-30 5.90068e-28
1.36201e-11 7.90814e-30 5.82052e-28
1.36815e-11 7.80221e-30 5.74144e-28
1.37431e-11 7.69768e-30 5.66342e-28
1.3805e-11 7.59454e-30 5.58644e-28
1.38672e-11 7.49276e-30 5.51049e-28
1.39296e-11 7.39233e-30 5.43557e-28
1.39923e-11 7.29323e-30 5.36164e-28
1.40554e-11 7.19543e-30 5.28871e-28
1.41187e-11 7.09894e-30 5.21676e-28
1.41823e-11 7.00371e-30 5.14577e-28
1.42461e-11 6.90976e-30 5.07573e-28
1.43103e-11 6.81704e-30 5.00663e-28
1.43747e-11 6.72556e-30 4.93846e-28
1.44395e-11 6.63528e-30 4.87121e-28
1.45045e-11 6.5462e-30 4.80485e-28
1.45698e-11 6.45831e-30 4.73939e-28
1.46354e-11 6.37158e-30 4.67481e-28
1.47014e-11 6.286e-30 4.61109e-28
1.47676e-11 6.20155e-30 4.54823e-28
1.48341e-11 6.11823e-30 4.48622e-28
1.49009e-11 6.03601e-30 4.42504e-28
1.4968e-11 5.95488e-30 4.36468e-28
1.50354e-11 5.87483e-30 4.30513e-28
1.51031e-11 5.79584e-30 4.24638e-28
1.51711e-11 5.71791e-30 4.18842e-28
1.52395e-11 5.641e-30 4.13124e-28
1.53081e-11 5.56512e-30 4.07483e-28
1.5377e-11 5.49025e-30 4.01918e-28
1.54463e-11 5.41637e-30 3.96428e-28
1.55159e-11 5.34348e-30 3.91011e-28
1.55857e-11 5.27155e-30 3.85668e-28
1.56559e-11 5.20058e-30 3.80396e-28
1.57265e-11 5.13056e-30 3.75196e-28
1.57973e-11 5.06147e-30 3.70065e-28
1.58684e-11 4.99329e-30 3.65004e-28
1.59399e-11 4.92603e-30 3.6001e-28
1.60117e-11 4.85966e-30 3.55084e-28
1.60838e-11 4.79417e-30 3.50225e-28
1.61562e-11 4.72956e-30 3.45431e-28
1.6229e-11 4.66581e-30 3.40701e-28
1.63021e-11 4.6029e-30 3.36035e-28
1.63755e-11 4.54084e-30 3.31432e-28
1.64493e-11 4.4796e-30 3.26891e-28
1.65233e-11 4.41918e-30 3.22412e-28
1.65978e-11 4.35956e-30 3.17993e-28
1.66725e-11 4.30074e-30 3.13633e-28
1.67476e-11 4.24271e-30 3.09332e-28
1.6823e-11 4.18545e-30 3.0509e-28
1.68988e-11 4.12895e-30 3.00904e-28
1.69749e-11 4.07321e-30 2.96775e-28
1.70513e-11 4.01821e-30 2.92702e-28
1.71281e-11 3.96395e-30 2.88684e-28
1.72053e-11 3.91041e-30 2.8472e-28
1.72828e-11 3.85758e-30 2.80809e-28
1.73606e-11 3.80546e-30 2.76952e-28
1.74388e-11 3.75404e-30 2.73146e-28
1.75173e-11 3.70331e-30 2.69392e-28
1.75962e-11 3.65325e-30 2.65689e-28
1.76755e-11 3.60387e-30 2.62036e-28
1.77551e-11 3.55514e-30 2.58432e-28
1.7835e-11 3.50707e-30 2.54877e-28
1.79154e-11 3.45964e-30 2.5137e-28
1.7996e-11 3.41284e-30 2.4791e-28
1.80771e-11 3.36667e-30 2.44497e-28
1.81585e-11 3.32112e-30 2.41131e-28
1.82403e-11 3.27618e-30 2.37809e-28
1.83224e-11 3.23184e-30 2.34533e-28
1.8405e-11 3.18809e-30 2.31301e-28
1.84878e-11 3.14493e-30 2.28113e-28
1.85711e-11 3.10235e-30 2.24968e-28
1.86547e-11 3.06034e-30 2.21866e-28
1.87388e-11 3.01889e-30 2.18806e-28
1.88232e-11 2.978e-30 2.15787e-28
1.89079e-11 2.93765e-30 2.12809e-28
1.89931e-11 2.89785e-30 2.09871e-28
1.90786e-11 2.85858e-30 2.06973e-28
1.91646e-11 2.81984e-30 2.04115e-28
1.92509e-11 2.78162e-30 2.01295e-28
1.93376e-11 2.74391e-30 1.98513e-28
1.94247e-11 2.7067e-30 1.95769e-28
1.95121e-11 2.67e-30 1.93063e-28
1.96e-11 2.63379e-30 1.90393e-28
1.96883e-11 2.59806e-30 1.87759e-28
1.9777e-11 2.56282e-30 1.85161e-28
1.9866e-11 2.52805e-30 1.82598e-28
1.99555e-11 2.49374e-30 1.8007e-28
2.00454e-11 2.4599e-30 1.77576e-28
2.01357e-11 2.42651e-30 1.75116e-28
2.02263e-11 2.39358e-30 1.7269e-28
2.03174e-11 2.36108e-30 1.70296e-28
2.04089e-11 2.32902e-30 1.67935e-28
2.05008e-11 2.29739e-30 1.65606e-28
2.05932e-11 2.26619e-30 1.63309e-28
2.06859e-11 2.23541e-30 1.61043e-28
2.07791e-11 2.20504e-30 1.58807e-28
2.08727e-11 2.17508e-30 1.56602e-28
2.09667e-11 2.14553e-30 1.54427e-28
2.10611e-11 2.11637e-30 1.52282e-28
2.1156e-11 2.0876e-30 1.50165e-28
2.12512e-11 2.05923e-30 1.48078e-28
2.13469e-11 2.03123e-30 1.46018e-28
2.14431e-11 2.00361e-30 1.43987e-28
2.15397e-11 1.97637e-30 1.41984e-28
2.16367e-11 1.94949e-30 1.40007e-28
2.17341e-11 1.92297e-30 1.38058e-28
2.1832e-11 1.89681e-30 1.36135e-28
2.19303e-11 1.87101e-30 1.34238e-28
2.20291e-11 1.84555e-30 1.32367e-28
2.21283e-11 1.82043e-30 1.30521e-28
2.2228e-11 1.79566e-30 1.28701e-28
2.23281e-11 1.77122e-30 1.26905e-28
2.24286e-11 1.74711e-30 1.25134e-28
2.25296e-11 1.72332e-30 1.23387e-28
2.26311e-11 1.69986e-30 1.21664e-28
2.2733e-11 1.67671e-30 1.19964e-28
2.28354e-11 1.65387e-30 1.18287e-28
2.29383e-11 1.63135e-30 1.16633e-28
2.30416e-11 1.60912e-30 1.15002e-28
2.31453e-11 1.5872e-30 1.13393e-28
2.32496e-11 1.56558e-30 1.11805e-28
2.33543e-11 1.54424e-30 1.1024e-28
2.34595e-11 1.5232e-30 1.08696e-28
2.35651e-11 1.50244e-30 1.07172e-28
2.36713e-11 1.48196e-30 1.0567e-28
2.37779e-11 1.46175e-30 1.04188e-28
2.3885e-11 1.44182e-30 1.02726e-28
2.39925e-11 1.42216e-30 1.01284e-28
2.41006e-11 1.40277e-30 9.98623e-29
2.42091e-11 1.38364e-30 9.84596e-29
2.43182e-11 1.36477e-30 9.70759e-29
2.44277e-11 1.34615e-30 9.57112e-29
2.45377e-11 1.32778e-30 9.4365e-29
2.46482e-11 1.30967e-30 9.30372e-29
2.47592e-11 1.2918e-30 9.17276e-29
2.48707e-11 1.27417e-30 9.04358e-29
2.49827e-11 1.25678e-30 8.91616e-29
2.50952e-11 1.23962e-30 8.79048e-29
2.52083e-11 1.2227e-30 8.66652e-29
2.53218e-11 1.20601e-30 8.54425e-29
2.54358e-11 1.18954e-30 8.42365e-29
2.55504e-11 1.1733e-30 8.3047e-29
2.56655e-11 1.15727e-30 8.18737e-29
2.57811e-11 1.14147e-30 8.07164e-29
2.58972e-11 1.12588e-30 7.95749e-29
2.60138e-11 1.1105e-30 7.8449e-29
2.6131e-11 1.09533e-30 7.73385e-29
2.62486e-11 1.08036e-30 7.62432e-29
2.63669e-11 1.0656e-30 7.51629e-29
2.64856e-11 1.05104e-30 7.40973e-29
2.66049e-11 1.03667e-30 7.30462e-29
2.67247e-11 1.0225e-30 7.20095e-29
2.68451e-11 1.00853e-30 7.0987e-29
2.6966e-11 9.94741e-31 6.99785e-29
2.70874e-11 9.81141e-31 6.89838e-29
2.72094e-11 9.67727e-31 6.80026e-29
2.7332e-11 9.54494e-31 6.70349e-29
2.74551e-11 9.41441e-31 6.60804e-29
2.75787e-11 9.28566e-31 6.5139e-29
2.77029e-11 9.15865e-31 6.42104e-29
2.78277e-11 9.03338e-31 6.32945e-29
2.7953e-11 8.9098e-31 6.23912e-29
2.80789e-11 8.78791e-31 6.15002e-29
2.82054e-11 8.66767e-31 6.06214e-29
2.83324e-11 8.54907e-31 5.97547e-29
2.846e-11 8.43208e-31 5.88998e-29
2.85882e-11 8.31669e-31 5.80565e-29
2.87169e-11 8.20286e-31 5.72249e-29
2.88462e-11 8.09058e-31 5.64046e-29
2.89762e-11 7.97983e-31 5.55955e-29
2.91067e-11 7.87059e-31 5.47975e-29
2.92377e-11 7.76284e-31 5.40105e-29
2.93694e-11 7.65655e-31 5.32342e-29
2.95017e-11 7.55171e-31 5.24685e-29
2.96346e-11 7.4483e-31 5.17134e-29
2.9768e-11 7.34629e-31 5.09685e-29
2.99021e-11 7.24568e-31 5.02339e-29
3.00368e-11 7.14644e-31 4.95094e-29
3.0172e-11 7.04854e-31 4.87947e-29
3.03079e-11 6.95199e-31 4.80899e-29
3.04444e-11 6.85675e-31 4.73947e-29
3.05815e-11 6.7628e-31 4.6709e-29
3.07193e-11 6.67014e-31 4.60327e-29
3.08576e-11 6.57874e-31 4.53657e-29
3.09966e-11 6.48859e-31 4.47078e-29
3.11362e-11 6.39966e-31 4.4059e-29
3.12764e-11 6.31195e-31 4.3419e-29
3.14173e-11 6.22544e-31 4.27878e-29
3.15588e-11 6.14011e-31 4.21652e-29
3.17009e-11 6.05594e-31 4.15512e-29
3.18437e-11 5.97291e-31 4.09456e-29
3.19871e-11 5.89103e-31 4.03484e-29
3.21312e-11 5.81026e-31 3.97592e-29
3.22759e-11 5.73059e-31 3.91782e-29
3.24212e-11 5.65201e-31 3.86052e-29
3.25672e-11 5.5745e-31 3.804e-29
3.27139e-11 5.49805e-31 3.74825e-29
3.28612e-11 5.42265e-31 3.69327e-29
3.30092e-11 5.34827e-31 3.63904e-29
3.31579e-11 5.27491e-31 3.58556e-29
3.33072e-11 5.20255e-31 3.53281e-29
3.34573e-11 5.13118e-31 3.48079e-29
3.36079e-11 5.06079e-31 3.42948e-29
3.37593e-11 4.99136e-31 3.37887e-29
3.39113e-11 4.92288e-31 3.32895e-29
3.40641e-11 4.85533e-31 3.27972e-29
3.42175e-11 4.78871e-31 3.23117e-29
3.43716e-11 4.72299e-31 3.18328e-29
3.45264e-11 4.65818e-31 3.13605e-29
3.46819e-11 4.59425e-31 3.08947e-29
3.48381e-11 4.5312e-31 3.04353e-29
3.4995e-11 4.46901e-31 2.99822e-29
3.51526e-11 4.40767e-31 2.95353e-29
3.53109e-11 4.34716e-31 2.90945e-29
3.54699e-11 4.28749e-31 2.86598e-29
3.56297e-11 4.22863e-31 2.82311e-29
3.57901e-11 4.17058e-31 2.78082e-29
3.59513e-11 4.11332e-31 2.73911e-29
3.61132e-11 4.05685e-31 2.69798e-29
3.62759e-11 4.00115e-31 2.65741e-29
3.64393e-11 3.94621e-31 2.6174e-29
3.66034e-11 3.89203e-31 2.57794e-29
3.67682e-11 3.83858e-31 2.53902e-29
3.69338e-11 3.78587e-31 2.50063e-29
3.71002e-11 3.73388e-31 2.46277e-29
3.72672e-11 3.6826e-31 2.42543e-29
3.74351e-11 3.63203e-31 2.38861e-29
3.76037e-11 3.58214e-31 2.35229e-29
3.7773e-11 3.53294e-31 2.31647e-29
3.79432e-11 3.48442e-31 2.28114e-29
3.8114e-11 3.43656e-31 2.24629e-29
3.82857e-11 3.38935e-31 2.21193e-29
3.84581e-11 3.34279e-31 2.17803e-29
3.86313e-11 3.29687e-31 2.14461e-29
3.88053e-11 3.25158e-31 2.11164e-29
3.89801e-11 3.20691e-31 2.07912e-29
3.91556e-11 3.16286e-31 2.04705e-29
3.9332e-11 3.1194e-31 2.01542e-29
3.95091e-11 3.07654e-31 1.98423e-29
3.96871e-11 3.03427e-31 1.95346e-29
3.98658e-11 2.99258e-31 1.92312e-29
4.00453e-11 2.95147e-31 1.8932e-29
4.02257e-11 2.91091e-31 1.86368e-29
4.04069e-11 2.87091e-31 1.83457e-29
4.05888e-11 2.83147e-31 1.80586e-29
4.07716e-11 2.79256e-31 1.77755e-29
4.09553e-11 2.75418e-31 1.74962e-29
4.11397e-11 2.71634e-31 1.72208e-29
4.1325e-11 2.67901e-31 1.69492e-29
4.15111e-11 2.64219e-31 1.66813e-29
4.16981e-11 2.60588e-31 1.64171e-29
4.18859e-11 2.57007e-31 1.61565e-29
4.20745e-11 2.53475e-31 1.58995e-29
4.2264e-11 2.49991e-31 1.5646e-29
4.24543e-11 2.46556e-31 1.5396e-29
4.26455e-11 2.43167e-31 1.51494e-29
4.28376e-11 2.39825e-31 1.49063e-29
4.30305e-11 2.36529e-31 1.46664e-29
4.32243e-11 2.33278e-31 1.44299e-29
4.3419e-11 2.30072e-31 1.41966e-29
4.36146e-11 2.2691e-31 1.39666e-29
4.3811e-11 2.23791e-31 1.37397e-29
4.40083e-11 2.20715e-31 1.35159e-29
4.42065e-11 2.17681e-31 1.32951e-29
4.44056e-11 2.14689e-31 1.30775e-29
4.46056e-11 2.11738e-31 1.28628e-29
4.48065e-11 2.08828e-31 1.2651e-29
4.50083e-11 2.05958e-31 1.24422e-29
4.5211e-11 2.03127e-31 1.22363e-29
4.54146e-11 2.00335e-31 1.20331e-29
4.56191e-11 1.97581e-31 1.18328e-29
4.58246e-11 1.94866e-31 1.16352e-29
4.6031e-11 1.92187e-31 1.14403e-29
4.62383e-11 1.89545e-31 1.12482e-29
4.64465e-11 1.8694e-31 1.10586e-29
4.66557e-11 1.84371e-31 1.08717e-29
4.68658e-11 1.81837e-31 1.06873e-29
4.70769e-11 1.79337e-31 1.05055e-29
4.72889e-11 1.76872e-31 1.03261e-29
4.75019e-11 1.74441e-31 1.01493e-29
4.77158e-11 1.72044e-31 9.97481e-30
4.79307e-11 1.69679e-31 9.80277e-30
4.81466e-11 1.67347e-31 9.63309e-30
4.83634e-11 1.65047e-31 9.46574e-30
4.85812e-11 1.62779e-31 9.3007e-30
4.88e-11 1.60541e-31 9.13792e-30
4.90198e-11 1.58335e-31 8.97738e-30
4.92406e-11 1.56159e-31 8.81904e-30
4.94623e-11 1.54013e-31 8.66288e-30
4.96851e-11 1.51896e-31 8.50887e-30
4.99089e-11 1.49809e-31 8.35697e-30
5.01336e-11 1.4775e-31 8.20717e-30
5.03594e-11 1.4572e-31 8.05942e-30
5.05862e-11 1.43717e-31 7.9137e-30
5.08141e-11 1.41742e-31 7.76998e-30
5.10429e-11 1.39794e-31 7.62824e-30
5.12728e-11 1.37873e-31 7.48844e-30
5.15037e-11 1.35979e-31 7.35057e-30
5.17357e-11 1.3411e-31 7.21459e-30
5.19687e-11 1.32268e-31 7.08048e-30
5.22027e-11 1.3045e-31 6.94821e-30
5.24378e-11 1.28658e-31 6.81776e-30
5.2674e-11 1.2689e-31 6.6891e-30
5.29112e-11 1.25147e-31 6.56221e-30
5.31495e-11 1.23428e-31 6.43707e-30
5.33889e-11 1.21732e-31 6.31364e-30
5.36293e-11 1.2006e-31 6.19191e-30
5.38709e-11 1.18411e-31 6.07185e-30
5.41135e-11 1.16784e-31 5.95344e-30
5.43572e-11 1.1518e-31 5.83665e-30
5.4602e-11 1.13598e-31 5.72147e-30
5.48479e-11 1.12037e-31 5.60787e-30
5.50949e-11 1.10499e-31 5.49584e-30
5.53431e-11 1.08981e-31 5.38534e-30
5.55923e-11 1.07484e-31 5.27636e-30
5.58427e-11 1.06008e-31 5.16887e-30
5.60942e-11 1.04552e-31 5.06286e-30
5.63468e-11 1.03117e-31 4.95831e-30
5.66006e-11 1.01701e-31 4.8552e-30
5.68555e-11 1.00304e-31 4.75349e-30
5.71116e-11 9.89271e-32 4.65319e-30
5.73688e-11 9.75688e-32 4.55426e-30
5.76272e-11 9.62293e-32 4.45669e-30
5.78867e-11 9.49082e-32 4.36046e-30
5.81474e-11 9.36053e-32 4.26556e-30
5.84093e-11 9.23204e-32 4.17195e-30
5.86723e-11 9.10531e-32 4.07963e-30
5.89366e-11 8.98033e-32 3.98858e-30
5.9202e-11 8.85708e-32 3.89877e-30
5.94686e-11 8.73552e-32 3.8102e-30
5.97365e-11 8.61563e-32 3.72285e-30
6.00055e-11 8.4974e-32 3.63669e-30
6.02758e-11 8.38079e-32 3.55172e-30
6.05472e-11 8.26579e-32 3.46791e-30
6.08199e-11 8.15238e-32 3.38525e-30
6.10938e-11 8.04053e-32 3.30373e-30
6.1369e-11 7.93022e-32 3.22332e-30
6.16454e-11 7.82143e-32 3.14402e-30
6.1923e-11 7.71414e-32 3.06581e-30
6.22019e-11 7.60832e-32 2.98867e-30
6.2482e-11 7.50397e-32 2.91258e-30
6.27634e-11 7.40105e-32 2.83754e-30
6.30461e-11 7.29955e-32 2.76353e-30
6.333e-11 7.19945e-32 2.69054e-30
6.36152e-11 7.10072e-32 2.61854e-30
6.39017e-11 7.00336e-32 2.54753e-30
6.41895e-11 6.90734e-32 2.4775e-30
6.44786e-11 6.81264e-32 2.40843e-30
6.4769e-11 6.71925e-32 2.3403e-30
6.50607e-11 6.62714e-32 2.27311e-30
6.53537e-11 6.5363e-32 2.20684e-30
6.56481e-11 6.44672e-32 2.14147e-30
6.59437e-11 6.35836e-32 2.07701e-30
6.62407e-11 6.27123e-32 2.01342e-30
6.65391e-11 6.1853e-32 1.95071e-30
6.68387e-11 6.10055e-32 1.88886e-30
6.71398e-11 6.01696e-32 1.82785e-30
6.74421e-11 5.93453e-32 1.76768e-30
6.77459e-11 5.85323e-32 1.70834e-30
6.8051e-11 5.77306e-32 1.64981e-30
6.83575e-11 5.69399e-32 1.59208e-30
6.86653e-11 5.61601e-32 1.53514e-30
6.89746e-11 5.5391e-32 1.47898e-30
6.92852e-11 5.46325e-32 1.42358e-30
6.95973e-11 5.38845e-32 1.36895e-30
6.99107e-11 5.31467e-32 1.31507e-30
7.02256e-11 5.24192e-32 1.26192e-30
7.05418e-11 5.17016e-32 1.2095e-30
7.08595e-11 5.0994e-32 1.1578e-30
7.11787e-11 5.0296e-32 1.10681e-30
7.14992e-11 4.96077e-32 1.05651e-30
7.18212e-11 4.89289e-32 1.0069e-30
7.21447e-11 4.82594e-32 9.57973e-31
7.24696e-11 4.75992e-32 9.09714e-31
7.2796e-11 4.6948e-32 8.62115e-31
7.31239e-11 4.63059e-32 8.15166e-31
7.34532e-11 4.56725e-32 7.68861e-31
7.3784e-11 4.50479e-32 7.23188e-31
7.41163e-11 4.44319e-32 6.7814e-31
7.44501e-11 4.38243e-32 6.33708e-31
7.47854e-11 4.32252e-32 5.89884e-31
7.51222e-11 4.26342e-32 5.46659e-31
7.54605e-11 4.20514e-32 5.04025e-31
7.58004e-11 4.14767e-32 4.61973e-31
7.61418e-11 4.09098e-32 4.20497e-31
7.64847e-11 4.03508e-32 3.79587e-31
7.68292e-11 3.97995e-32 3.39236e-31
7.71752e-11 3.92557e-32 2.99436e-31
7.75228e-11 3.87194e-32 2.60181e-31
7.78719e-11 3.81905e-32 2.21461e-31
7.82226e-11 3.76689e-32 1.83271e-31
7.85749e-11 3.71545e-32 1.45602e-31
7.89288e-11 3.66472e-32 1.08447e-31
7.92842e-11 3.61468e-32 7.18001e-32
7.96413e-11 3.56533e-32 3.56533e-32
