1e-14 6.41802e-34 1.26535e-21
1.0045e-14 6.71709e-34 1.26535e-21
1.00903e-14 7.02975e-34 1.26535e-21
1.01357e-14 7.35662e-34 1.26535e-21
1.01814e-14 7.69832e-34 1.26535e-21
1.02272e-14 8.05551e-34 1.26535e-21
1.02733e-14 8.42886e-34 1.26535e-21
1.03196e-14 8.8191e-34 1.26535e-21
1.0366e-14 9.22696e-34 1.26535e-21
1.04127e-14 9.65322e-34 1.26535e-21
1.04596e-14 1.00987e-33 1.26535e-21
1.05067e-14 1.05642e-33 1.26535e-21
1.0554e-14 1.10507e-33 1.26535e-21
1.06016e-14 1.1559e-33 1.26535e-21
1.06493e-14 1.209e-33 1.26535e-21
1.06973e-14 1.26449e-33 1.26535e-21
1.07455e-14 1.32247e-33 1.26535e-21
1.07938e-14 1.38303e-33 1.26535e-21
1.08425e-14 1.4463e-33 1.26535e-21
1.08913e-14 1.51239e-33 1.26535e-21
1.09403e-14 1.58143e-33 1.26535e-21
1.09896e-14 1.65353e-33 1.26535e-21
1.10391e-14 1.72884e-33 1.26535e-21
1.10888e-14 1.8075e-33 1.26535e-21
1.11388e-14 1.88964e-33 1.26535e-21
1.11889e-14 1.97542e-33 1.26535e-21
1.12393e-14 2.065e-33 1.26535e-21
1.12899e-14 2.15854e-33 1.26535e-21
1.13408e-14 2.2562e-33 1.26535e-21
1.13919e-14 2.35817e-33 1.26535e-21
1.14432e-14 2.46463e-33 1.26535e-21
1.14947e-14 2.57578e-33 1.26535e-21
1.15465e-14 2.6918e-33 1.26535e-21
1.15985e-14 2.81292e-33 1.26535e-21
1.16507e-14 2.93935e-33 1.26535e-21
1.17032e-14 3.07131e-33 1.26535e-21
1.17559e-14 3.20904e-33 1.26535e-21
1.18088e-14 3.35279e-33 1.26535e-21
1.1862e-14 3.50281e-33 1.26535e-21
1.19154e-14 3.65937e-33 1.26535e-21
1.19691e-14 3.82274e-33 1.26535e-21
1.2023e-14 3.99321e-33 1.26535e-21
1.20772e-14 4.17109e-33 1.26535e-21
1.21316e-14 4.35668e-33 1.26535e-21
1.21862e-14 4.55031e-33 1.26535e-21
1.22411e-14 4.75232e-33 1.26535e-21
1.22962e-14 4.96305e-33 1.26535e-21
1.23516e-14 5.18289e-33 1.26535e-21
1.24072e-14 5.4122e-33 1.26535e-21
1.24631e-14 5.65139e-33 1.26535e-21
1.25192e-14 5.90087e-33 1.26535e-21
1.25756e-14 6.16106e-33 1.26535e-21
1.26322e-14 6.43242e-33 1.26535e-21
1.26891e-14 6.71541e-33 1.26535e-21
1.27463e-14 7.01051e-33 1.26535e-21
1.28037e-14 7.31823e-33 1.26535e-21
1.28613e-14 7.63908e-33 1.26535e-21
1.29193e-14 7.97363e-33 1.26535e-21
1.29775e-14 8.32243e-33 1.26535e-21
1.30359e-14 8.68606e-33 1.26535e-21
1.30946e-14 9.06516e-33 1.26535e-21
1.31536e-14 9.46034e-33 1.26535e-21
1.32128e-14 9.87228e-33 1.26535e-21
1.32723e-14 1.03017e-32 1.26535e-21
1.33321e-14 1.07492e-32 1.26535e-21
1.33922e-14 1.12156e-32 1.26535e-21
1.34525e-14 1.17018e-32 1.26535e-21
1.35131e-14 1.22084e-32 1.26535e-21
1.35739e-14 1.27363e-32 1.26535e-21
1.3635e-14 1.32864e-32 1.26535e-21
1.36965e-14 1.38597e-32 1.26535e-21
1.37581e-14 1.44569e-32 1.26535e-21
1.38201e-14 1.50792e-32 1.26535e-21
1.38823e-14 1.57275e-32 1.26535e-21
1.39449e-14 1.64029e-32 1.26535e-21
1.40077e-14 1.71065e-32 1.26535e-21
1.40708e-14 1.78394e-32 1.26535e-21
1.41341e-14 1.86028e-32 1.26535e-21
1.41978e-14 1.93979e-32 1.26535e-21
1.42617e-14 2.02261e-32 1.26535e-21
1.4326e-14 2.10886e-32 1.26535e-21
1.43905e-14 2.19868e-32 1.26535e-21
1.44553e-14 2.29222e-32 1.26535e-21
1.45204e-14 2.38962e-32 1.26535e-21
1.45858e-14 2.49105e-32 1.26535e-21
1.46515e-14 2.59665e-32 1.26535e-21
1.47175e-14 2.7066e-32 1.26535e-21
1.47837e-14 2.82107e-32 1.26535e-21
1.48503e-14 2.94025e-32 1.26535e-21
1.49172e-14 3.0643e-32 1.26535e-21
1.49844e-14 3.19344e-32 1.26535e-21
1.50519e-14 3.32787e-32 1.26535e-21
1.51197e-14 3.46778e-32 1.26535e-21
1.51878e-14 3.6134e-32 1.26535e-21
1.52562e-14 3.76496e-32 1.26535e-21
1.53249e-14 3.92269e-32 1.26535e-21
1.53939e-14 4.08683e-32 1.26535e-21
1.54632e-14 4.25763e-32 1.26535e-21
1.55329e-14 4.43536e-32 1.26535e-21
1.56028e-14 4.62028e-32 1.26535e-21
1.56731e-14 4.81269e-32 1.26535e-21
1.57437e-14 5.01287e-32 1.26535e-21
1.58146e-14 5.22112e-32 1.26535e-21
1.58858e-14 5.43776e-32 1.26535e-21
1.59573e-14 5.66312e-32 1.26535e-21
1.60292e-14 5.89754e-32 1.26535e-21
1.61014e-14 6.14136e-32 1.26535e-21
1.61739e-14 6.39496e-32 1.26535e-21
1.62468e-14 6.65871e-32 1.26535e-21
1.63199e-14 6.93301e-32 1.26535e-21
1.63934e-14 7.21826e-32 1.26535e-21
1.64673e-14 7.51489e-32 1.26535e-21
1.65414e-14 7.82333e-32 1.26535e-21
1.66159e-14 8.14404e-32 1.26535e-21
1.66908e-14 8.47749e-32 1.26535e-21
1.67659e-14 8.82416e-32 1.26535e-21
1.68414e-14 9.18458e-32 1.26535e-21
1.69173e-14 9.55925e-32 1.26535e-21
1.69935e-14 9.94874e-32 1.26535e-21
1.707e-14 1.03536e-31 1.26535e-21
1.71469e-14 1.07744e-31 1.26535e-21
1.72241e-14 1.12118e-31 1.26535e-21
1.73017e-14 1.16664e-31 1.26535e-21
1.73796e-14 1.21388e-31 1.26535e-21
1.74579e-14 1.26297e-31 1.26535e-21
1.75365e-14 1.31399e-31 1.26535e-21
1.76155e-14 1.367e-31 1.26535e-21
1.76948e-14 1.42209e-31 1.26535e-21
1.77745e-14 1.47932e-31 1.26535e-21
1.78546e-14 1.53878e-31 1.26535e-21
1.7935e-14 1.60055e-31 1.26535e-21
1.80158e-14 1.66473e-31 1.26535e-21
1.80969e-14 1.73139e-31 1.26535e-21
1.81784e-14 1.80064e-31 1.26535e-21
1.82603e-14 1.87256e-31 1.26535e-21
1.83425e-14 1.94727e-31 1.26535e-21
1.84251e-14 2.02486e-31 1.26535e-21
1.85081e-14 2.10544e-31 1.26535e-21
1.85914e-14 2.18912e-31 1.26535e-21
1.86752e-14 2.27602e-31 1.26535e-21
1.87593e-14 2.36626e-31 1.26535e-21
1.88438e-14 2.45995e-31 1.26535e-21
1.89286e-14 2.55723e-31 1.26535e-21
1.90139e-14 2.65823e-31 1.26535e-21
1.90995e-14 2.76309e-31 1.26535e-21
1.91855e-14 2.87194e-31 1.26535e-21
1.92719e-14 2.98494e-31 1.26535e-21
1.93587e-14 3.10224e-31 1.26535e-21
1.94459e-14 3.22399e-31 1.26535e-21
1.95335e-14 3.35036e-31 1.26535e-21
1.96215e-14 3.48152e-31 1.26535e-21
1.97098e-14 3.61764e-31 1.26535e-21
1.97986e-14 3.75889e-31 1.26535e-21
1.98878e-14 3.90548e-31 1.26535e-21
1.99774e-14 4.05759e-31 1.26535e-21
2.00673e-14 4.21542e-31 1.26535e-21
2.01577e-14 4.37918e-31 1.26535e-21
2.02485e-14 4.54908e-31 1.26535e-21
2.03397e-14 4.72534e-31 1.26535e-21
2.04313e-14 4.9082e-31 1.26535e-21
2.05233e-14 5.0979e-31 1.26535e-21
2.06157e-14 5.29467e-31 1.26535e-21
2.07086e-14 5.49877e-31 1.26535e-21
2.08018e-14 5.71046e-31 1.26535e-21
2.08955e-14 5.93002e-31 1.26535e-21
2.09896e-14 6.15772e-31 1.26535e-21
2.10842e-14 6.39387e-31 1.26535e-21
2.11791e-14 6.63875e-31 1.26535e-21
2.12745e-14 6.89267e-31 1.26535e-21
2.13703e-14 7.15597e-31 1.26535e-21
2.14666e-14 7.42896e-31 1.26535e-21
2.15632e-14 7.712e-31 1.26535e-21
2.16604e-14 8.00544e-31 1.26535e-21
2.17579e-14 8.30965e-31 1.26535e-21
2.18559e-14 8.625e-31 1.26535e-21
2.19543e-14 8.95189e-31 1.26535e-21
2.20532e-14 9.29073e-31 1.26535e-21
2.21525e-14 9.64192e-31 1.26535e-21
2.22523e-14 1.00059e-30 1.26535e-21
2.23525e-14 1.03831e-30 1.26535e-21
2.24532e-14 1.07741e-30 1.26535e-21
2.25543e-14 1.11792e-30 1.26535e-21
2.26559e-14 1.1599e-30 1.26535e-21
2.27579e-14 1.2034e-30 1.26535e-21
2.28604e-14 1.24847e-30 1.26535e-21
2.29634e-14 1.29516e-30 1.26535e-21
2.30668e-14 1.34354e-30 1.26535e-21
2.31707e-14 1.39366e-30 1.26535e-21
2.3275e-14 1.44558e-30 1.26535e-21
2.33799e-14 1.49936e-30 1.26535e-21
2.34852e-14 1.55506e-30 1.26535e-21
2.35909e-14 1.61276e-30 1.26535e-21
2.36972e-14 1.67252e-30 1.26535e-21
2.38039e-14 1.73441e-30 1.26535e-21
2.39111e-14 1.7985e-30 1.26535e-21
2.40188e-14 1.86487e-30 1.26535e-21
2.4127e-14 1.9336e-30 1.26535e-21
2.42356e-14 2.00477e-30 1.26535e-21
2.43448e-14 2.07845e-30 1.26535e-21
2.44544e-14 2.15474e-30 1.26535e-21
2.45646e-14 2.23373e-30 1.26535e-21
2.46752e-14 2.31549e-30 1.26535e-21
2.47863e-14 2.40014e-30 1.26535e-21
2.4898e-14 2.48776e-30 1.26535e-21
2.50101e-14 2.57845e-30 1.26535e-21
2.51227e-14 2.67233e-30 1.26535e-21
2.52359e-14 2.76948e-30 1.26535e-21
2.53495e-14 2.87003e-30 1.26535e-21
2.54637e-14 2.97409e-30 1.26535e-21
2.55784e-14 3.08178e-30 1.26535e-21
2.56936e-14 3.19321e-30 1.26535e-21
2.58093e-14 3.30851e-30 1.26535e-21
2.59255e-14 3.42781e-30 1.26535e-21
2.60423e-14 3.55124e-30 1.26535e-21
2.61596e-14 3.67894e-30 1.26535e-21
2.62774e-14 3.81105e-30 1.26535e-21
2.63957e-14 3.94771e-30 1.26535e-21
2.65146e-14 4.08908e-30 1.26535e-21
2.6634e-14 4.23531e-30 1.26535e-21
2.6754e-14 4.38655e-30 1.26535e-21
2.68745e-14 4.54298e-30 1.26535e-21
2.69955e-14 4.70476e-30 1.26535e-21
2.71171e-14 4.87207e-30 1.26535e-21
2.72392e-14 5.04509e-30 1.26535e-21
2.73619e-14 5.224e-30 1.26535e-21
2.74851e-14 5.40899e-30 1.26535e-21
2.76089e-14 5.60027e-30 1.26535e-21
2.77332e-14 5.79803e-30 1.26535e-21
2.78581e-14 6.00249e-30 1.26535e-21
2.79836e-14 6.21386e-30 1.26535e-21
2.81096e-14 6.43236e-30 1.26535e-21
2.82362e-14 6.65823e-30 1.26535e-21
2.83634e-14 6.8917e-30 1.26535e-21
2.84912e-14 7.13301e-30 1.26535e-21
2.86195e-14 7.38242e-30 1.26535e-21
2.87484e-14 7.64019e-30 1.26535e-21
2.88778e-14 7.90657e-30 1.26535e-21
2.90079e-14 8.18185e-30 1.26535e-21
2.91385e-14 8.46631e-30 1.26535e-21
2.92698e-14 8.76023e-30 1.26535e-21
2.94016e-14 9.06393e-30 1.26535e-21
2.9534e-14 9.37771e-30 1.26535e-21
2.9667e-14 9.70188e-30 1.26535e-21
2.98006e-14 1.00368e-29 1.26535e-21
2.99348e-14 1.03827e-29 1.26535e-21
3.00697e-14 1.07401e-29 1.26535e-21
3.02051e-14 1.11092e-29 1.26535e-21
3.03411e-14 1.14905e-29 1.26535e-21
3.04778e-14 1.18843e-29 1.26535e-21
3.0615e-14 1.2291e-29 1.26535e-21
3.07529e-14 1.2711e-29 1.26535e-21
3.08914e-14 1.31447e-29 1.26535e-21
3.10305e-14 1.35926e-29 1.26535e-21
3.11703e-14 1.40551e-29 1.26535e-21
3.13107e-14 1.45326e-29 1.26535e-21
3.14517e-14 1.50256e-29 1.26535e-21
3.15933e-14 1.55345e-29 1.26535e-21
3.17356e-14 1.606e-29 1.26535e-21
3.18786e-14 1.66024e-29 1.26535e-21
3.20221e-14 1.71623e-29 1.26535e-21
3.21663e-14 1.77403e-29 1.26535e-21
3.23112e-14 1.83368e-29 1.26535e-21
3.24567e-14 1.89525e-29 1.26535e-21
3.26029e-14 1.9588e-29 1.26535e-21
3.27497e-14 2.02437e-29 1.26535e-21
3.28972e-14 2.09204e-29 1.26535e-21
3.30454e-14 2.16187e-29 1.26535e-21
3.31942e-14 2.23393e-29 1.26535e-21
3.33437e-14 2.30827e-29 1.26535e-21
3.34939e-14 2.38498e-29 1.26535e-21
3.36447e-14 2.46411e-29 1.26535e-21
3.37963e-14 2.54575e-29 1.26535e-21
3.39485e-14 2.62997e-29 1.26535e-21
3.41014e-14 2.71685e-29 1.26535e-21
3.42549e-14 2.80645e-29 1.26535e-21
3.44092e-14 2.89888e-29 1.26535e-21
3.45642e-14 2.99421e-29 1.26535e-21
3.47199e-14 3.09252e-29 1.26535e-21
3.48762e-14 3.19391e-29 1.26535e-21
3.50333e-14 3.29846e-29 1.26535e-21
3.51911e-14 3.40628e-29 1.26535e-21
3.53496e-14 3.51745e-29 1.26535e-21
3.55088e-14 3.63207e-29 1.26535e-21
3.56687e-14 3.75025e-29 1.26535e-21
3.58293e-14 3.87209e-29 1.26535e-21
3.59907e-14 3.9977e-29 1.26535e-21
3.61528e-14 4.12718e-29 1.26535e-21
3.63156e-14 4.26066e-29 1.26535e-21
3.64792e-14 4.39824e-29 1.26535e-21
3.66435e-14 4.54004e-29 1.26535e-21
3.68085e-14 4.68619e-29 1.26535e-21
3.69743e-14 4.83682e-29 1.26535e-21
3.71408e-14 4.99205e-29 1.26535e-21
3.73081e-14 5.15201e-29 1.26535e-21
3.74761e-14 5.31685e-29 1.26535e-21
3.76449e-14 5.4867e-29 1.26535e-21
3.78144e-14 5.6617e-29 1.26535e-21
3.79847e-14 5.842e-29 1.26535e-21
3.81558e-14 6.02776e-29 1.26535e-21
3.83276e-14 6.21913e-29 1.26535e-21
3.85002e-14 6.41626e-29 1.26535e-21
3.86736e-14 6.61933e-29 1.26535e-21
3.88478e-14 6.8285e-29 1.26535e-21
3.90228e-14 7.04394e-29 1.26535e-21
3.91985e-14 7.26583e-29 1.26535e-21
3.93751e-14 7.49435e-29 1.26535e-21
3.95524e-14 7.72969e-29 1.26535e-21
3.97305e-14 7.97204e-29 1.26535e-21
3.99095e-14 8.2216e-29 1.26535e-21
4.00892e-14 8.47856e-29 1.26535e-21
4.02698e-14 8.74313e-29 1.26535e-21
4.04511e-14 9.01553e-29 1.26535e-21
4.06333e-14 9.29598e-29 1.26535e-21
4.08163e-14 9.58468e-29 1.26535e-21
4.10001e-14 9.88189e-29 1.26535e-21
4.11848e-14 1.01878e-28 1.26535e-21
4.13703e-14 1.05027e-28 1.26535e-21
4.15566e-14 1.08268e-28 1.26535e-21
4.17437e-14 1.11604e-28 1.26535e-21
4.19317e-14 1.15037e-28 1.26535e-21
4.21206e-14 1.18571e-28 1.26535e-21
4.23103e-14 1.22206e-28 1.26535e-21
4.25008e-14 1.25948e-28 1.26535e-21
4.26922e-14 1.29797e-28 1.26535e-21
4.28845e-14 1.33758e-28 1.26535e-21
4.30777e-14 1.37833e-28 1.26535e-21
4.32717e-14 1.42026e-28 1.26535e-21
4.34666e-14 1.46339e-28 1.26535e-21
4.36623e-14 1.50776e-28 1.26535e-21
4.3859e-14 1.5534e-28 1.26535e-21
4.40565e-14 1.60034e-28 1.26535e-21
4.42549e-14 1.64863e-28 1.26535e-21
4.44542e-14 1.69829e-28 1.26535e-21
4.46544e-14 1.74936e-28 1.26535e-21
4.48555e-14 1.80188e-28 1.26535e-21
4.50575e-14 1.85589e-28 1.26535e-21
4.52605e-14 1.91143e-28 1.26535e-21
4.54643e-14 1.96854e-28 1.26535e-21
4.56691e-14 2.02726e-28 1.26535e-21
4.58748e-14 2.08763e-28 1.26535e-21
4.60814e-14 2.14969e-28 1.26535e-21
4.62889e-14 2.21349e-28 1.26535e-21
4.64974e-14 2.27908e-28 1.26535e-21
4.67068e-14 2.3465e-28 1.26535e-21
4.69171e-14 2.4158e-28 1.26535e-21
4.71284e-14 2.48703e-28 1.26535e-21
4.73407e-14 2.56024e-28 1.26534e-21
4.75539e-14 2.63547e-28 1.26534e-21
4.77681e-14 2.71279e-28 1.26534e-21
4.79832e-14 2.79224e-28 1.26534e-21
4.81993e-14 2.87388e-28 1.26534e-21
4.84164e-14 2.95777e-28 1.26534e-21
4.86344e-14 3.04396e-28 1.26534e-21
4.88535e-14 3.13252e-28 1.26534e-21
4.90735e-14 3.2235e-28 1.26534e-21
4.92945e-14 3.31696e-28 1.26534e-21
4.95165e-14 3.41297e-28 1.26534e-21
4.97395e-14 3.51159e-28 1.26534e-21
4.99635e-14 3.61289e-28 1.26534e-21
5.01886e-14 3.71693e-28 1.26534e-21
5.04146e-14 3.82379e-28 1.26534e-21
5.06416e-14 3.93353e-28 1.26534e-21
5.08697e-14 4.04623e-28 1.26534e-21
5.10988e-14 4.16196e-28 1.26534e-21
5.13289e-14 4.2808e-28 1.26534e-21
5.15601e-14 4.40282e-28 1.26534e-21
5.17923e-14 4.52811e-28 1.26534e-21
5.20256e-14 4.65674e-28 1.26534e-21
5.22599e-14 4.78879e-28 1.26534e-21
5.24953e-14 4.92436e-28 1.26534e-21
5.27317e-14 5.06352e-28 1.26534e-21
5.29692e-14 5.20637e-28 1.26534e-21
5.32077e-14 5.35299e-28 1.26534e-21
5.34474e-14 5.50348e-28 1.26533e-21
5.36881e-14 5.65793e-28 1.26533e-21
5.39299e-14 5.81644e-28 1.26533e-21
5.41728e-14 5.97911e-28 1.26533e-21
5.44167e-14 6.14604e-28 1.26533e-21
5.46618e-14 6.31732e-28 1.26533e-21
5.4908e-14 6.49307e-28 1.26533e-21
5.51553e-14 6.6734e-28 1.26533e-21
5.54037e-14 6.8584e-28 1.26533e-21
5.56532e-14 7.0482e-28 1.26533e-21
5.59039e-14 7.24291e-28 1.26533e-21
5.61556e-14 7.44264e-28 1.26533e-21
5.64085e-14 7.64752e-28 1.26533e-21
5.66626e-14 7.85767e-28 1.26533e-21
5.69178e-14 8.07321e-28 1.26533e-21
5.71741e-14 8.29427e-28 1.26532e-21
5.74316e-14 8.52097e-28 1.26532e-21
5.76903e-14 8.75346e-28 1.26532e-21
5.79501e-14 8.99187e-28 1.26532e-21
5.82111e-14 9.23633e-28 1.26532e-21
5.84732e-14 9.48698e-28 1.26532e-21
5.87366e-14 9.74398e-28 1.26532e-21
5.90011e-14 1.00075e-27 1.26532e-21
5.92668e-14 1.02776e-27 1.26532e-21
5.95338e-14 1.05545e-27 1.26532e-21
5.98019e-14 1.08384e-27 1.26532e-21
6.00712e-14 1.11293e-27 1.26531e-21
6.03418e-14 1.14276e-27 1.26531e-21
6.06135e-14 1.17332e-27 1.26531e-21
6.08865e-14 1.20465e-27 1.26531e-21
6.11607e-14 1.23676e-27 1.26531e-21
6.14362e-14 1.26966e-27 1.26531e-21
6.17129e-14 1.30338e-27 1.26531e-21
6.19908e-14 1.33792e-27 1.26531e-21
6.227e-14 1.37332e-27 1.2653e-21
6.25504e-14 1.40959e-27 1.2653e-21
6.28321e-14 1.44675e-27 1.2653e-21
6.31151e-14 1.48481e-27 1.2653e-21
6.33994e-14 1.52381e-27 1.2653e-21
6.36849e-14 1.56376e-27 1.2653e-21
6.39717e-14 1.60467e-27 1.2653e-21
6.42598e-14 1.64658e-27 1.26529e-21
6.45492e-14 1.68951e-27 1.26529e-21
6.484e-14 1.73347e-27 1.26529e-21
6.5132e-14 1.77849e-27 1.26529e-21
6.54253e-14 1.8246e-27 1.26529e-21
6.572e-14 1.87181e-27 1.26529e-21
6.6016e-14 1.92015e-27 1.26528e-21
6.63133e-14 1.96965e-27 1.26528e-21
6.66119e-14 2.02033e-27 1.26528e-21
6.69119e-14 2.07222e-27 1.26528e-21
6.72133e-14 2.12534e-27 1.26528e-21
6.7516e-14 2.17971e-27 1.26527e-21
6.78201e-14 2.23538e-27 1.26527e-21
6.81255e-14 2.29235e-27 1.26527e-21
6.84323e-14 2.35067e-27 1.26527e-21
6.87405e-14 2.41036e-27 1.26526e-21
6.90501e-14 2.47144e-27 1.26526e-21
6.93611e-14 2.53396e-27 1.26526e-21
6.96735e-14 2.59793e-27 1.26526e-21
6.99873e-14 2.66339e-27 1.26525e-21
7.03025e-14 2.73038e-27 1.26525e-21
7.06191e-14 2.79891e-27 1.26525e-21
7.09371e-14 2.86904e-27 1.26525e-21
7.12566e-14 2.94078e-27 1.26524e-21
7.15775e-14 3.01417e-27 1.26524e-21
7.18999e-14 3.08925e-27 1.26524e-21
7.22237e-14 3.16605e-27 1.26523e-21
7.2549e-14 3.2446e-27 1.26523e-21
7.28757e-14 3.32495e-27 1.26523e-21
7.32039e-14 3.40713e-27 1.26522e-21
7.35336e-14 3.49118e-27 1.26522e-21
7.38648e-14 3.57713e-27 1.26522e-21
7.41975e-14 3.66502e-27 1.26521e-21
7.45316e-14 3.7549e-27 1.26521e-21
7.48673e-14 3.8468e-27 1.26521e-21
7.52045e-14 3.94076e-27 1.2652e-21
7.55432e-14 4.03683e-27 1.2652e-21
7.58834e-14 4.13505e-27 1.26519e-21
7.62252e-14 4.23546e-27 1.26519e-21
7.65685e-14 4.3381e-27 1.26519e-21
7.69133e-14 4.44303e-27 1.26518e-21
7.72597e-14 4.55027e-27 1.26518e-21
7.76076e-14 4.65989e-27 1.26517e-21
7.79572e-14 4.77192e-27 1.26517e-21
7.83083e-14 4.88642e-27 1.26516e-21
7.86609e-14 5.00343e-27 1.26516e-21
7.90152e-14 5.123e-27 1.26515e-21
7.93711e-14 5.24518e-27 1.26515e-21
7.97285e-14 5.37003e-27 1.26514e-21
8.00876e-14 5.49759e-27 1.26514e-21
8.04483e-14 5.62791e-27 1.26513e-21
8.08106e-14 5.76106e-27 1.26513e-21
8.11746e-14 5.89708e-27 1.26512e-21
8.15402e-14 6.03602e-27 1.26511e-21
8.19074e-14 6.17796e-27 1.26511e-21
8.22763e-14 6.32293e-27 1.2651e-21
8.26468e-14 6.471e-27 1.2651e-21
8.3019e-14 6.62223e-27 1.26509e-21
8.33929e-14 6.77668e-27 1.26508e-21
8.37685e-14 6.9344e-27 1.26508e-21
8.41458e-14 7.09547e-27 1.26507e-21
8.45247e-14 7.25993e-27 1.26506e-21
8.49054e-14 7.42786e-27 1.26506e-21
8.52878e-14 7.59932e-27 1.26505e-21
8.56719e-14 7.77438e-27 1.26504e-21
8.60578e-14 7.95309e-27 1.26503e-21
8.64453e-14 8.13553e-27 1.26502e-21
8.68347e-14 8.32177e-27 1.26502e-21
8.72257e-14 8.51188e-27 1.26501e-21
8.76186e-14 8.70592e-27 1.265e-21
8.80132e-14 8.90397e-27 1.26499e-21
8.84096e-14 9.1061e-27 1.26498e-21
8.88077e-14 9.31239e-27 1.26497e-21
8.92077e-14 9.5229e-27 1.26496e-21
8.96095e-14 9.73772e-27 1.26495e-21
9.00131e-14 9.95692e-27 1.26494e-21
9.04184e-14 1.01806e-26 1.26493e-21
9.08257e-14 1.04088e-26 1.26492e-21
9.12347e-14 1.06416e-26 1.26491e-21
9.16456e-14 1.08791e-26 1.2649e-21
9.20584e-14 1.11214e-26 1.26489e-21
9.2473e-14 1.13686e-26 1.26488e-21
9.28894e-14 1.16207e-26 1.26487e-21
9.33078e-14 1.18779e-26 1.26486e-21
9.3728e-14 1.21401e-26 1.26485e-21
9.41501e-14 1.24076e-26 1.26483e-21
9.45742e-14 1.26804e-26 1.26482e-21
9.50001e-14 1.29586e-26 1.26481e-21
9.54279e-14 1.32423e-26 1.2648e-21
9.58577e-14 1.35316e-26 1.26478e-21
9.62894e-14 1.38265e-26 1.26477e-21
9.67231e-14 1.41273e-26 1.26476e-21
9.71587e-14 1.44338e-26 1.26474e-21
9.75963e-14 1.47464e-26 1.26473e-21
9.80358e-14 1.5065e-26 1.26471e-21
9.84774e-14 1.53898e-26 1.2647e-21
9.89209e-14 1.57209e-26 1.26468e-21
9.93664e-14 1.60583e-26 1.26467e-21
9.98139e-14 1.64023e-26 1.26465e-21
1.00263e-13 1.67528e-26 1.26463e-21
1.00715e-13 1.711e-26 1.26462e-21
1.01169e-13 1.7474e-26 1.2646e-21
1.01624e-13 1.78449e-26 1.26458e-21
1.02082e-13 1.82229e-26 1.26456e-21
1.02542e-13 1.8608e-26 1.26455e-21
1.03003e-13 1.90004e-26 1.26453e-21
1.03467e-13 1.94001e-26 1.26451e-21
1.03933e-13 1.98074e-26 1.26449e-21
1.04401e-13 2.02222e-26 1.26447e-21
1.04872e-13 2.06448e-26 1.26445e-21
1.05344e-13 2.10752e-26 1.26443e-21
1.05818e-13 2.15137e-26 1.26441e-21
1.06295e-13 2.19602e-26 1.26439e-21
1.06774e-13 2.24149e-26 1.26436e-21
1.07255e-13 2.28781e-26 1.26434e-21
1.07738e-13 2.33497e-26 1.26432e-21
1.08223e-13 2.38299e-26 1.2643e-21
1.0871e-13 2.43189e-26 1.26427e-21
1.092e-13 2.48167e-26 1.26425e-21
1.09692e-13 2.53236e-26 1.26422e-21
1.10186e-13 2.58397e-26 1.2642e-21
1.10682e-13 2.6365e-26 1.26417e-21
1.1118e-13 2.68998e-26 1.26414e-21
1.11681e-13 2.74442e-26 1.26412e-21
1.12184e-13 2.79983e-26 1.26409e-21
1.12689e-13 2.85623e-26 1.26406e-21
1.13197e-13 2.91363e-26 1.26403e-21
1.13707e-13 2.97204e-26 1.264e-21
1.14219e-13 3.03149e-26 1.26397e-21
1.14733e-13 3.09199e-26 1.26394e-21
1.1525e-13 3.15354e-26 1.26391e-21
1.15769e-13 3.21618e-26 1.26388e-21
1.1629e-13 3.2799e-26 1.26385e-21
1.16814e-13 3.34474e-26 1.26382e-21
1.1734e-13 3.4107e-26 1.26378e-21
1.17869e-13 3.4778e-26 1.26375e-21
1.18399e-13 3.54606e-26 1.26371e-21
1.18933e-13 3.6155e-26 1.26368e-21
1.19468e-13 3.68612e-26 1.26364e-21
1.20006e-13 3.75795e-26 1.26361e-21
1.20547e-13 3.831e-26 1.26357e-21
1.2109e-13 3.9053e-26 1.26353e-21
1.21635e-13 3.98085e-26 1.26349e-21
1.22183e-13 4.05768e-26 1.26345e-21
1.22733e-13 4.1358e-26 1.26341e-21
1.23286e-13 4.21523e-26 1.26337e-21
1.23841e-13 4.296e-26 1.26333e-21
1.24399e-13 4.37811e-26 1.26328e-21
1.24959e-13 4.46158e-26 1.26324e-21
1.25522e-13 4.54644e-26 1.2632e-21
1.26087e-13 4.63269e-26 1.26315e-21
1.26655e-13 4.72037e-26 1.2631e-21
1.27226e-13 4.80949e-26 1.26306e-21
1.27799e-13 4.90007e-26 1.26301e-21
1.28374e-13 4.99213e-26 1.26296e-21
1.28952e-13 5.08568e-26 1.26291e-21
1.29533e-13 5.18075e-26 1.26286e-21
1.30116e-13 5.27735e-26 1.26281e-21
1.30702e-13 5.37551e-26 1.26275e-21
1.31291e-13 5.47525e-26 1.2627e-21
1.31882e-13 5.57658e-26 1.26265e-21
1.32476e-13 5.67953e-26 1.26259e-21
1.33073e-13 5.78412e-26 1.26253e-21
1.33672e-13 5.89036e-26 1.26248e-21
1.34274e-13 5.99828e-26 1.26242e-21
1.34879e-13 6.1079e-26 1.26236e-21
1.35487e-13 6.21924e-26 1.2623e-21
1.36097e-13 6.33233e-26 1.26223e-21
1.3671e-13 6.44717e-26 1.26217e-21
1.37325e-13 6.5638e-26 1.26211e-21
1.37944e-13 6.68223e-26 1.26204e-21
1.38565e-13 6.8025e-26 1.26197e-21
1.39189e-13 6.92461e-26 1.26191e-21
1.39816e-13 7.04859e-26 1.26184e-21
1.40446e-13 7.17447e-26 1.26177e-21
1.41078e-13 7.30226e-26 1.26169e-21
1.41714e-13 7.432e-26 1.26162e-21
1.42352e-13 7.56369e-26 1.26155e-21
1.42993e-13 7.69737e-26 1.26147e-21
1.43637e-13 7.83306e-26 1.26139e-21
1.44284e-13 7.97077e-26 1.26132e-21
1.44934e-13 8.11054e-26 1.26124e-21
1.45586e-13 8.25239e-26 1.26115e-21
1.46242e-13 8.39634e-26 1.26107e-21
1.46901e-13 8.54241e-26 1.26099e-21
1.47562e-13 8.69063e-26 1.2609e-21
1.48227e-13 8.84102e-26 1.26082e-21
1.48894e-13 8.9936e-26 1.26073e-21
1.49565e-13 9.14841e-26 1.26064e-21
1.50239e-13 9.30546e-26 1.26055e-21
1.50915e-13 9.46478e-26 1.26045e-21
1.51595e-13 9.62639e-26 1.26036e-21
1.52278e-13 9.79032e-26 1.26026e-21
1.52963e-13 9.95659e-26 1.26016e-21
1.53652e-13 1.01252e-25 1.26006e-21
1.54344e-13 1.02963e-25 1.25996e-21
1.5504e-13 1.04697e-25 1.25986e-21
1.55738e-13 1.06456e-25 1.25976e-21
1.56439e-13 1.08239e-25 1.25965e-21
1.57144e-13 1.10048e-25 1.25954e-21
1.57851e-13 1.11881e-25 1.25943e-21
1.58562e-13 1.13741e-25 1.25932e-21
1.59277e-13 1.15625e-25 1.25921e-21
1.59994e-13 1.17536e-25 1.25909e-21
1.60714e-13 1.19473e-25 1.25897e-21
1.61438e-13 1.21436e-25 1.25885e-21
1.62165e-13 1.23426e-25 1.25873e-21
1.62896e-13 1.25443e-25 1.25861e-21
1.63629e-13 1.27488e-25 1.25848e-21
1.64366e-13 1.29559e-25 1.25835e-21
1.65106e-13 1.31659e-25 1.25823e-21
1.6585e-13 1.33787e-25 1.25809e-21
1.66597e-13 1.35942e-25 1.25796e-21
1.67347e-13 1.38127e-25 1.25782e-21
1.68101e-13 1.4034e-25 1.25769e-21
1.68858e-13 1.42582e-25 1.25755e-21
1.69619e-13 1.44854e-25 1.2574e-21
1.70382e-13 1.47155e-25 1.25726e-21
1.7115e-13 1.49486e-25 1.25711e-21
1.71921e-13 1.51847e-25 1.25696e-21
1.72695e-13 1.54239e-25 1.25681e-21
1.73473e-13 1.56661e-25 1.25666e-21
1.74254e-13 1.59114e-25 1.2565e-21
1.75039e-13 1.61599e-25 1.25634e-21
1.75827e-13 1.64115e-25 1.25618e-21
1.76619e-13 1.66662e-25 1.25601e-21
1.77414e-13 1.69242e-25 1.25585e-21
1.78213e-13 1.71854e-25 1.25568e-21
1.79016e-13 1.74498e-25 1.25551e-21
1.79822e-13 1.77175e-25 1.25533e-21
1.80632e-13 1.79885e-25 1.25515e-21
1.81446e-13 1.82629e-25 1.25497e-21
1.82263e-13 1.85406e-25 1.25479e-21
1.83084e-13 1.88217e-25 1.25461e-21
1.83908e-13 1.91062e-25 1.25442e-21
1.84736e-13 1.93942e-25 1.25423e-21
1.85568e-13 1.96856e-25 1.25403e-21
1.86404e-13 1.99805e-25 1.25384e-21
1.87244e-13 2.02789e-25 1.25364e-21
1.88087e-13 2.05808e-25 1.25343e-21
1.88934e-13 2.08864e-25 1.25323e-21
1.89785e-13 2.11955e-25 1.25302e-21
1.9064e-13 2.15082e-25 1.25281e-21
1.91498e-13 2.18246e-25 1.25259e-21
1.92361e-13 2.21447e-25 1.25237e-21
1.93227e-13 2.24685e-25 1.25215e-21
1.94097e-13 2.2796e-25 1.25193e-21
1.94972e-13 2.31272e-25 1.2517e-21
1.9585e-13 2.34622e-25 1.25147e-21
1.96732e-13 2.3801e-25 1.25123e-21
1.97618e-13 2.41437e-25 1.251e-21
1.98508e-13 2.44902e-25 1.25075e-21
1.99402e-13 2.48405e-25 1.25051e-21
2.003e-13 2.51948e-25 1.25026e-21
2.01202e-13 2.5553e-25 1.25001e-21
2.02108e-13 2.59151e-25 1.24975e-21
2.03018e-13 2.62812e-25 1.24949e-21
2.03933e-13 2.66513e-25 1.24923e-21
2.04851e-13 2.70255e-25 1.24897e-21
2.05774e-13 2.74037e-25 1.2487e-21
2.067e-13 2.77859e-25 1.24842e-21
2.07631e-13 2.81722e-25 1.24814e-21
2.08566e-13 2.85627e-25 1.24786e-21
2.09506e-13 2.89573e-25 1.24758e-21
2.10449e-13 2.9356e-25 1.24729e-21
2.11397e-13 2.9759e-25 1.24699e-21
2.12349e-13 3.01661e-25 1.2467e-21
2.13306e-13 3.05775e-25 1.24639e-21
2.14266e-13 3.09931e-25 1.24609e-21
2.15231e-13 3.1413e-25 1.24578e-21
2.16201e-13 3.18371e-25 1.24546e-21
2.17174e-13 3.22656e-25 1.24515e-21
2.18152e-13 3.26985e-25 1.24482e-21
2.19135e-13 3.31356e-25 1.2445e-21
2.20122e-13 3.35772e-25 1.24416e-21
2.21113e-13 3.40231e-25 1.24383e-21
2.22109e-13 3.44735e-25 1.24349e-21
2.23109e-13 3.49283e-25 1.24314e-21
2.24114e-13 3.53876e-25 1.24279e-21
2.25123e-13 3.58513e-25 1.24244e-21
2.26137e-13 3.63195e-25 1.24208e-21
2.27156e-13 3.67923e-25 1.24172e-21
2.28179e-13 3.72695e-25 1.24135e-21
2.29206e-13 3.77513e-25 1.24098e-21
2.30239e-13 3.82377e-25 1.2406e-21
2.31276e-13 3.87286e-25 1.24022e-21
2.32317e-13 3.92242e-25 1.23983e-21
2.33364e-13 3.97243e-25 1.23944e-21
2.34415e-13 4.02291e-25 1.23904e-21
2.3547e-13 4.07385e-25 1.23864e-21
2.36531e-13 4.12526e-25 1.23823e-21
2.37596e-13 4.17713e-25 1.23782e-21
2.38666e-13 4.22948e-25 1.2374e-21
2.39741e-13 4.28229e-25 1.23698e-21
2.40821e-13 4.33558e-25 1.23655e-21
2.41905e-13 4.38934e-25 1.23612e-21
2.42995e-13 4.44357e-25 1.23568e-21
2.44089e-13 4.49828e-25 1.23523e-21
2.45188e-13 4.55346e-25 1.23478e-21
2.46293e-13 4.60912e-25 1.23433e-21
2.47402e-13 4.66526e-25 1.23387e-21
2.48516e-13 4.72188e-25 1.2334e-21
2.49635e-13 4.77898e-25 1.23293e-21
2.5076e-13 4.83656e-25 1.23245e-21
2.51889e-13 4.89463e-25 1.23197e-21
2.53023e-13 4.95317e-25 1.23148e-21
2.54163e-13 5.0122e-25 1.23098e-21
2.55308e-13 5.07172e-25 1.23048e-21
2.56458e-13 5.13172e-25 1.22997e-21
2.57613e-13 5.19221e-25 1.22946e-21
2.58773e-13 5.25319e-25 1.22894e-21
2.59938e-13 5.31465e-25 1.22842e-21
2.61109e-13 5.3766e-25 1.22788e-21
2.62285e-13 5.43904e-25 1.22735e-21
2.63466e-13 5.50196e-25 1.2268e-21
2.64653e-13 5.56538e-25 1.22625e-21
2.65845e-13 5.62928e-25 1.2257e-21
2.67042e-13 5.69368e-25 1.22513e-21
2.68245e-13 5.75856e-25 1.22456e-21
2.69453e-13 5.82394e-25 1.22399e-21
2.70666e-13 5.8898e-25 1.22341e-21
2.71885e-13 5.95616e-25 1.22282e-21
2.7311e-13 6.023e-25 1.22222e-21
2.7434e-13 6.09033e-25 1.22162e-21
2.75575e-13 6.15816e-25 1.22101e-21
2.76816e-13 6.22647e-25 1.22039e-21
2.78063e-13 6.29527e-25 1.21977e-21
2.79315e-13 6.36456e-25 1.21914e-21
2.80573e-13 6.43434e-25 1.21851e-21
2.81837e-13 6.5046e-25 1.21786e-21
2.83106e-13 6.57535e-25 1.21721e-21
2.84381e-13 6.64659e-25 1.21655e-21
2.85662e-13 6.71832e-25 1.21589e-21
2.86949e-13 6.79053e-25 1.21522e-21
2.88241e-13 6.86322e-25 1.21454e-21
2.89539e-13 6.9364e-25 1.21385e-21
2.90843e-13 7.01006e-25 1.21316e-21
2.92153e-13 7.0842e-25 1.21246e-21
2.93469e-13 7.15882e-25 1.21175e-21
2.9479e-13 7.23392e-25 1.21103e-21
2.96118e-13 7.3095e-25 1.21031e-21
2.97452e-13 7.38555e-25 1.20958e-21
2.98791e-13 7.46208e-25 1.20884e-21
3.00137e-13 7.53908e-25 1.20809e-21
3.01489e-13 7.61656e-25 1.20734e-21
3.02847e-13 7.69451e-25 1.20658e-21
3.0421e-13 7.77292e-25 1.20581e-21
3.05581e-13 7.85181e-25 1.20503e-21
3.06957e-13 7.93116e-25 1.20425e-21
3.08339e-13 8.01097e-25 1.20345e-21
3.09728e-13 8.09124e-25 1.20265e-21
3.11123e-13 8.17198e-25 1.20184e-21
3.12524e-13 8.25317e-25 1.20103e-21
3.13932e-13 8.33482e-25 1.2002e-21
3.15345e-13 8.41692e-25 1.19937e-21
3.16766e-13 8.49948e-25 1.19853e-21
3.18192e-13 8.58248e-25 1.19768e-21
3.19625e-13 8.66593e-25 1.19682e-21
3.21065e-13 8.74982e-25 1.19595e-21
3.22511e-13 8.83415e-25 1.19508e-21
3.23963e-13 8.91893e-25 1.19419e-21
3.25422e-13 9.00414e-25 1.1933e-21
3.26888e-13 9.08978e-25 1.1924e-21
3.2836e-13 9.17585e-25 1.19149e-21
3.29839e-13 9.26235e-25 1.19057e-21
3.31324e-13 9.34928e-25 1.18965e-21
3.32817e-13 9.43662e-25 1.18871e-21
3.34316e-13 9.52439e-25 1.18777e-21
3.35821e-13 9.61257e-25 1.18682e-21
3.37334e-13 9.70116e-25 1.18585e-21
3.38853e-13 9.79016e-25 1.18488e-21
3.40379e-13 9.87956e-25 1.18391e-21
3.41912e-13 9.96937e-25 1.18292e-21
3.43452e-13 1.00596e-24 1.18192e-21
3.44999e-13 1.01502e-24 1.18092e-21
3.46552e-13 1.02412e-24 1.1799e-21
3.48113e-13 1.03325e-24 1.17888e-21
3.49681e-13 1.04243e-24 1.17784e-21
3.51256e-13 1.05164e-24 1.1768e-21
3.52838e-13 1.06089e-24 1.17575e-21
3.54427e-13 1.07018e-24 1.17469e-21
3.56023e-13 1.0795e-24 1.17362e-21
3.57627e-13 1.08886e-24 1.17254e-21
3.59237e-13 1.09826e-24 1.17145e-21
3.60855e-13 1.10769e-24 1.17035e-21
3.6248e-13 1.11716e-24 1.16924e-21
3.64113e-13 1.12666e-24 1.16813e-21
3.65753e-13 1.13619e-24 1.167e-21
3.674e-13 1.14576e-24 1.16586e-21
3.69055e-13 1.15536e-24 1.16472e-21
3.70717e-13 1.165e-24 1.16356e-21
3.72386e-13 1.17466e-24 1.1624e-21
3.74063e-13 1.18436e-24 1.16122e-21
3.75748e-13 1.19409e-24 1.16004e-21
3.7744e-13 1.20385e-24 1.15884e-21
3.7914e-13 1.21363e-24 1.15764e-21
3.80848e-13 1.22345e-24 1.15643e-21
3.82563e-13 1.2333e-24 1.1552e-21
3.84286e-13 1.24317e-24 1.15397e-21
3.86017e-13 1.25307e-24 1.15273e-21
3.87755e-13 1.263e-24 1.15147e-21
3.89502e-13 1.27296e-24 1.15021e-21
3.91256e-13 1.28294e-24 1.14894e-21
3.93018e-13 1.29295e-24 1.14765e-21
3.94788e-13 1.30298e-24 1.14636e-21
3.96566e-13 1.31304e-24 1.14506e-21
3.98352e-13 1.32312e-24 1.14375e-21
4.00146e-13 1.33322e-24 1.14242e-21
4.01948e-13 1.34335e-24 1.14109e-21
4.03758e-13 1.3535e-24 1.13975e-21
4.05577e-13 1.36367e-24 1.13839e-21
4.07403e-13 1.37385e-24 1.13703e-21
4.09238e-13 1.38406e-24 1.13565e-21
4.11081e-13 1.39429e-24 1.13427e-21
4.12933e-13 1.40454e-24 1.13288e-21
4.14792e-13 1.41481e-24 1.13147e-21
4.16661e-13 1.42509e-24 1.13006e-21
4.18537e-13 1.43539e-24 1.12863e-21
4.20422e-13 1.4457e-24 1.1272e-21
4.22315e-13 1.45603e-24 1.12575e-21
4.24217e-13 1.46638e-24 1.12429e-21
4.26128e-13 1.47674e-24 1.12283e-21
4.28047e-13 1.48711e-24 1.12135e-21
4.29975e-13 1.49749e-24 1.11986e-21
4.31911e-13 1.50789e-24 1.11837e-21
4.33857e-13 1.5183e-24 1.11686e-21
4.35811e-13 1.52871e-24 1.11534e-21
4.37773e-13 1.53914e-24 1.11381e-21
4.39745e-13 1.54958e-24 1.11227e-21
4.41725e-13 1.56002e-24 1.11072e-21
4.43715e-13 1.57047e-24 1.10916e-21
4.45713e-13 1.58093e-24 1.10759e-21
4.47721e-13 1.59139e-24 1.10601e-21
4.49737e-13 1.60186e-24 1.10442e-21
4.51762e-13 1.61234e-24 1.10282e-21
4.53797e-13 1.62281e-24 1.10121e-21
4.55841e-13 1.63329e-24 1.09958e-21
4.57894e-13 1.64378e-24 1.09795e-21
4.59956e-13 1.65426e-24 1.09631e-21
4.62028e-13 1.66474e-24 1.09465e-21
4.64108e-13 1.67523e-24 1.09299e-21
4.66199e-13 1.68571e-24 1.09131e-21
4.68298e-13 1.69619e-24 1.08963e-21
4.70407e-13 1.70667e-24 1.08793e-21
4.72526e-13 1.71714e-24 1.08622e-21
4.74654e-13 1.72761e-24 1.08451e-21
4.76792e-13 1.73808e-24 1.08278e-21
4.78939e-13 1.74854e-24 1.08104e-21
4.81096e-13 1.75899e-24 1.07929e-21
4.83263e-13 1.76944e-24 1.07753e-21
4.85439e-13 1.77987e-24 1.07576e-21
4.87626e-13 1.7903e-24 1.07398e-21
4.89822e-13 1.80072e-24 1.07219e-21
4.92028e-13 1.81113e-24 1.07039e-21
4.94244e-13 1.82152e-24 1.06858e-21
4.9647e-13 1.8319e-24 1.06676e-21
4.98705e-13 1.84227e-24 1.06493e-21
5.00952e-13 1.85263e-24 1.06309e-21
5.03208e-13 1.86297e-24 1.06123e-21
5.05474e-13 1.87329e-24 1.05937e-21
5.0775e-13 1.8836e-24 1.0575e-21
5.10037e-13 1.89389e-24 1.05561e-21
5.12334e-13 1.90416e-24 1.05372e-21
5.14642e-13 1.91442e-24 1.05182e-21
5.16959e-13 1.92465e-24 1.0499e-21
5.19288e-13 1.93486e-24 1.04798e-21
5.21626e-13 1.94505e-24 1.04604e-21
5.23976e-13 1.95522e-24 1.0441e-21
5.26336e-13 1.96536e-24 1.04214e-21
5.28706e-13 1.97548e-24 1.04018e-21
5.31087e-13 1.98558e-24 1.0382e-21
5.33479e-13 1.99564e-24 1.03622e-21
5.35882e-13 2.00569e-24 1.03422e-21
5.38295e-13 2.0157e-24 1.03221e-21
5.40719e-13 2.02569e-24 1.0302e-21
5.43155e-13 2.03564e-24 1.02817e-21
5.45601e-13 2.04557e-24 1.02614e-21
5.48058e-13 2.05546e-24 1.02409e-21
5.50526e-13 2.06533e-24 1.02204e-21
5.53006e-13 2.07516e-24 1.01997e-21
5.55496e-13 2.08495e-24 1.0179e-21
5.57998e-13 2.09471e-24 1.01581e-21
5.60511e-13 2.10444e-24 1.01372e-21
5.63036e-13 2.11413e-24 1.01161e-21
5.65571e-13 2.12378e-24 1.0095e-21
5.68119e-13 2.1334e-24 1.00737e-21
5.70677e-13 2.14298e-24 1.00524e-21
5.73247e-13 2.15251e-24 1.0031e-21
5.75829e-13 2.16201e-24 1.00094e-21
5.78422e-13 2.17146e-24 9.98782e-22
5.81027e-13 2.18088e-24 9.96611e-22
5.83644e-13 2.19025e-24 9.9443e-22
5.86273e-13 2.19958e-24 9.9224e-22
5.88913e-13 2.20886e-24 9.9004e-22
5.91566e-13 2.21809e-24 9.87831e-22
5.9423e-13 2.22729e-24 9.85613e-22
5.96906e-13 2.23643e-24 9.83386e-22
5.99594e-13 2.24552e-24 9.8115e-22
6.02295e-13 2.25457e-24 9.78904e-22
6.05007e-13 2.26357e-24 9.7665e-22
6.07732e-13 2.27252e-24 9.74386e-22
6.10469e-13 2.28141e-24 9.72113e-22
6.13218e-13 2.29026e-24 9.69832e-22
6.1598e-13 2.29905e-24 9.67542e-22
6.18754e-13 2.30779e-24 9.65243e-22
6.21541e-13 2.31648e-24 9.62935e-22
6.2434e-13 2.3251e-24 9.60618e-22
6.27152e-13 2.33368e-24 9.58293e-22
6.29977e-13 2.3422e-24 9.5596e-22
6.32814e-13 2.35066e-24 9.53617e-22
6.35664e-13 2.35906e-24 9.51267e-22
6.38527e-13 2.3674e-24 9.48908e-22
6.41403e-13 2.37569e-24 9.4654e-22
6.44291e-13 2.38391e-24 9.44165e-22
6.47193e-13 2.39207e-24 9.41781e-22
6.50108e-13 2.40018e-24 9.39389e-22
6.53036e-13 2.40821e-24 9.36988e-22
6.55977e-13 2.41619e-24 9.3458e-22
6.58931e-13 2.4241e-24 9.32164e-22
6.61899e-13 2.43195e-24 9.2974e-22
6.6488e-13 2.43973e-24 9.27308e-22
6.67874e-13 2.44745e-24 9.24868e-22
6.70882e-13 2.4551e-24 9.22421e-22
6.73903e-13 2.46268e-24 9.19966e-22
6.76938e-13 2.47019e-24 9.17503e-22
6.79987e-13 2.47764e-24 9.15033e-22
6.8305e-13 2.48501e-24 9.12555e-22
6.86126e-13 2.49232e-24 9.1007e-22
6.89216e-13 2.49955e-24 9.07578e-22
6.9232e-13 2.50672e-24 9.05078e-22
6.95438e-13 2.51381e-24 9.02572e-22
6.9857e-13 2.52083e-24 9.00058e-22
7.01716e-13 2.52777e-24 8.97537e-22
7.04877e-13 2.53465e-24 8.95009e-22
7.08051e-13 2.54144e-24 8.92475e-22
7.1124e-13 2.54817e-24 8.89933e-22
7.14443e-13 2.55481e-24 8.87385e-22
7.17661e-13 2.56138e-24 8.8483e-22
7.20893e-13 2.56788e-24 8.82269e-22
7.2414e-13 2.5743e-24 8.79701e-22
7.27401e-13 2.58063e-24 8.77127e-22
7.30677e-13 2.5869e-24 8.74546e-22
7.33968e-13 2.59308e-24 8.71959e-22
7.37273e-13 2.59918e-24 8.69366e-22
7.40594e-13 2.6052e-24 8.66767e-22
7.43929e-13 2.61114e-24 8.64162e-22
7.4728e-13 2.617e-24 8.61551e-22
7.50645e-13 2.62278e-24 8.58933e-22
7.54026e-13 2.62848e-24 8.56311e-22
7.57422e-13 2.63409e-24 8.53682e-22
7.60833e-13 2.63963e-24 8.51048e-22
7.6426e-13 2.64507e-24 8.48409e-22
7.67702e-13 2.65044e-24 8.45763e-22
7.71159e-13 2.65572e-24 8.43113e-22
7.74632e-13 2.66091e-24 8.40457e-22
7.78121e-13 2.66602e-24 8.37796e-22
7.81625e-13 2.67105e-24 8.3513e-22
7.85146e-13 2.67598e-24 8.32459e-22
7.88682e-13 2.68084e-24 8.29783e-22
7.92234e-13 2.6856e-24 8.27102e-22
7.95802e-13 2.69028e-24 8.24417e-22
7.99386e-13 2.69487e-24 8.21727e-22
8.02986e-13 2.69937e-24 8.19032e-22
8.06602e-13 2.70379e-24 8.16332e-22
8.10235e-13 2.70811e-24 8.13629e-22
8.13884e-13 2.71235e-24 8.1092e-22
8.1755e-13 2.71649e-24 8.08208e-22
8.21232e-13 2.72055e-24 8.05492e-22
8.2493e-13 2.72452e-24 8.02771e-22
8.28645e-13 2.7284e-24 8.00047e-22
8.32377e-13 2.73218e-24 7.97318e-22
8.36126e-13 2.73588e-24 7.94586e-22
8.39892e-13 2.73949e-24 7.9185e-22
8.43674e-13 2.743e-24 7.89111e-22
8.47474e-13 2.74642e-24 7.86368e-22
8.51291e-13 2.74975e-24 7.83621e-22
8.55125e-13 2.75299e-24 7.80871e-22
8.58976e-13 2.75614e-24 7.78118e-22
8.62845e-13 2.7592e-24 7.75362e-22
8.66731e-13 2.76216e-24 7.72603e-22
8.70634e-13 2.76503e-24 7.69841e-22
8.74555e-13 2.7678e-24 7.67076e-22
8.78494e-13 2.77049e-24 7.64308e-22
8.82451e-13 2.77308e-24 7.61538e-22
8.86425e-13 2.77558e-24 7.58765e-22
8.90417e-13 2.77798e-24 7.55989e-22
8.94427e-13 2.78029e-24 7.53211e-22
8.98455e-13 2.78251e-24 7.50431e-22
9.02502e-13 2.78463e-24 7.47648e-22
9.06566e-13 2.78666e-24 7.44864e-22
9.10649e-13 2.78859e-24 7.42077e-22
9.14751e-13 2.79044e-24 7.39288e-22
9.1887e-13 2.79218e-24 7.36498e-22
9.23009e-13 2.79384e-24 7.33706e-22
9.27166e-13 2.7954e-24 7.30912e-22
9.31341e-13 2.79686e-24 7.28116e-22
9.35536e-13 2.79823e-24 7.2532e-22
9.39749e-13 2.79951e-24 7.22521e-22
9.43982e-13 2.80069e-24 7.19722e-22
9.48233e-13 2.80178e-24 7.16921e-22
9.52504e-13 2.80278e-24 7.14119e-22
9.56793e-13 2.80368e-24 7.11317e-22
9.61103e-13 2.80448e-24 7.08513e-22
9.65431e-13 2.8052e-24 7.05708e-22
9.69779e-13 2.80582e-24 7.02903e-22
9.74147e-13 2.80634e-24 7.00097e-22
9.78534e-13 2.80677e-24 6.97291e-22
9.82941e-13 2.80711e-24 6.94484e-22
9.87368e-13 2.80735e-24 6.91677e-22
9.91815e-13 2.80751e-24 6.8887e-22
9.96282e-13 2.80756e-24 6.86062e-22
1.00077e-12 2.80753e-24 6.83255e-22
1.00528e-12 2.8074e-24 6.80447e-22
1.0098e-12 2.80718e-24 6.7764e-22
1.01435e-12 2.80687e-24 6.74833e-22
1.01892e-12 2.80646e-24 6.72026e-22
1.02351e-12 2.80596e-24 6.69219e-22
1.02812e-12 2.80537e-24 6.66413e-22
1.03275e-12 2.80469e-24 6.63608e-22
1.0374e-12 2.80392e-24 6.60803e-22
1.04207e-12 2.80305e-24 6.57999e-22
1.04676e-12 2.80209e-24 6.55196e-22
1.05148e-12 2.80105e-24 6.52394e-22
1.05621e-12 2.79991e-24 6.49593e-22
1.06097e-12 2.79868e-24 6.46793e-22
1.06575e-12 2.79736e-24 6.43995e-22
1.07055e-12 2.79595e-24 6.41197e-22
1.07537e-12 2.79446e-24 6.38401e-22
1.08021e-12 2.79287e-24 6.35607e-22
1.08508e-12 2.79119e-24 6.32814e-22
1.08997e-12 2.78943e-24 6.30023e-22
1.09487e-12 2.78757e-24 6.27233e-22
1.09981e-12 2.78563e-24 6.24446e-22
1.10476e-12 2.7836e-24 6.2166e-22
1.10973e-12 2.78149e-24 6.18877e-22
1.11473e-12 2.77928e-24 6.16095e-22
1.11975e-12 2.77699e-24 6.13316e-22
1.1248e-12 2.77462e-24 6.10539e-22
1.12986e-12 2.77215e-24 6.07764e-22
1.13495e-12 2.76961e-24 6.04992e-22
1.14006e-12 2.76697e-24 6.02222e-22
1.1452e-12 2.76426e-24 5.99455e-22
1.15035e-12 2.76146e-24 5.96691e-22
1.15553e-12 2.75857e-24 5.9393e-22
1.16074e-12 2.7556e-24 5.91171e-22
1.16597e-12 2.75255e-24 5.88416e-22
1.17122e-12 2.74941e-24 5.85663e-22
1.17649e-12 2.7462e-24 5.82914e-22
1.18179e-12 2.7429e-24 5.80167e-22
1.18711e-12 2.73952e-24 5.77424e-22
1.19246e-12 2.73606e-24 5.74685e-22
1.19783e-12 2.73252e-24 5.71949e-22
1.20323e-12 2.7289e-24 5.69216e-22
1.20864e-12 2.7252e-24 5.66487e-22
1.21409e-12 2.72142e-24 5.63762e-22
1.21956e-12 2.71756e-24 5.61041e-22
1.22505e-12 2.71363e-24 5.58323e-22
1.23057e-12 2.70962e-24 5.5561e-22
1.23611e-12 2.70553e-24 5.529e-22
1.24167e-12 2.70137e-24 5.50195e-22
1.24727e-12 2.69713e-24 5.47493e-22
1.25288e-12 2.69281e-24 5.44796e-22
1.25853e-12 2.68842e-24 5.42103e-22
1.26419e-12 2.68396e-24 5.39415e-22
1.26989e-12 2.67942e-24 5.36731e-22
1.27561e-12 2.67481e-24 5.34051e-22
1.28135e-12 2.67013e-24 5.31377e-22
1.28712e-12 2.66537e-24 5.28706e-22
1.29292e-12 2.66054e-24 5.26041e-22
1.29874e-12 2.65565e-24 5.23381e-22
1.30459e-12 2.65068e-24 5.20725e-22
1.31047e-12 2.64565e-24 5.18074e-22
1.31637e-12 2.64054e-24 5.15429e-22
1.3223e-12 2.63537e-24 5.12788e-22
1.32825e-12 2.63013e-24 5.10153e-22
1.33424e-12 2.62482e-24 5.07523e-22
1.34024e-12 2.61944e-24 5.04898e-22
1.34628e-12 2.614e-24 5.02278e-22
1.35234e-12 2.6085e-24 4.99664e-22
1.35843e-12 2.60293e-24 4.97056e-22
1.36455e-12 2.59729e-24 4.94453e-22
1.3707e-12 2.5916e-24 4.91856e-22
1.37687e-12 2.58584e-24 4.89264e-22
1.38307e-12 2.58001e-24 4.86678e-22
1.3893e-12 2.57413e-24 4.84098e-22
1.39556e-12 2.56819e-24 4.81524e-22
1.40184e-12 2.56218e-24 4.78956e-22
1.40816e-12 2.55612e-24 4.76394e-22
1.4145e-12 2.54999e-24 4.73838e-22
1.42087e-12 2.54381e-24 4.71288e-22
1.42727e-12 2.53757e-24 4.68744e-22
1.4337e-12 2.53128e-24 4.66206e-22
1.44015e-12 2.52493e-24 4.63675e-22
1.44664e-12 2.51852e-24 4.6115e-22
1.45315e-12 2.51206e-24 4.58631e-22
1.4597e-12 2.50554e-24 4.56119e-22
1.46627e-12 2.49897e-24 4.53614e-22
1.47288e-12 2.49235e-24 4.51115e-22
1.47951e-12 2.48568e-24 4.48622e-22
1.48617e-12 2.47895e-24 4.46137e-22
1.49287e-12 2.47217e-24 4.43658e-22
1.49959e-12 2.46534e-24 4.41186e-22
1.50634e-12 2.45847e-24 4.3872e-22
1.51313e-12 2.45154e-24 4.36262e-22
1.51994e-12 2.44457e-24 4.3381e-22
1.52679e-12 2.43755e-24 4.31366e-22
1.53366e-12 2.43048e-24 4.28928e-22
1.54057e-12 2.42337e-24 4.26498e-22
1.54751e-12 2.41621e-24 4.24074e-22
1.55448e-12 2.409e-24 4.21658e-22
1.56148e-12 2.40176e-24 4.19249e-22
1.56851e-12 2.39446e-24 4.16847e-22
1.57558e-12 2.38713e-24 4.14453e-22
1.58267e-12 2.37975e-24 4.12066e-22
1.5898e-12 2.37234e-24 4.09686e-22
1.59696e-12 2.36488e-24 4.07314e-22
1.60415e-12 2.35738e-24 4.04949e-22
1.61138e-12 2.34985e-24 4.02591e-22
1.61864e-12 2.34227e-24 4.00242e-22
1.62592e-12 2.33466e-24 3.97899e-22
1.63325e-12 2.32701e-24 3.95565e-22
1.6406e-12 2.31932e-24 3.93238e-22
1.64799e-12 2.3116e-24 3.90918e-22
1.65541e-12 2.30384e-24 3.88607e-22
1.66287e-12 2.29605e-24 3.86303e-22
1.67036e-12 2.28823e-24 3.84007e-22
1.67788e-12 2.28037e-24 3.81719e-22
1.68544e-12 2.27248e-24 3.79438e-22
1.69303e-12 2.26456e-24 3.77166e-22
1.70065e-12 2.25661e-24 3.74901e-22
1.70831e-12 2.24862e-24 3.72645e-22
1.71601e-12 2.24061e-24 3.70396e-22
1.72374e-12 2.23257e-24 3.68155e-22
1.7315e-12 2.2245e-24 3.65923e-22
1.7393e-12 2.2164e-24 3.63698e-22
1.74713e-12 2.20828e-24 3.61482e-22
1.755e-12 2.20013e-24 3.59274e-22
1.7629e-12 2.19195e-24 3.57073e-22
1.77084e-12 2.18375e-24 3.54882e-22
1.77882e-12 2.17552e-24 3.52698e-22
1.78683e-12 2.16728e-24 3.50522e-22
1.79488e-12 2.159e-24 3.48355e-22
1.80296e-12 2.15071e-24 3.46196e-22
1.81108e-12 2.14239e-24 3.44045e-22
1.81924e-12 2.13406e-24 3.41903e-22
1.82743e-12 2.1257e-24 3.39769e-22
1.83566e-12 2.11732e-24 3.37643e-22
1.84393e-12 2.10893e-24 3.35526e-22
1.85223e-12 2.10051e-24 3.33417e-22
1.86057e-12 2.09208e-24 3.31316e-22
1.86895e-12 2.08363e-24 3.29224e-22
1.87737e-12 2.07517e-24 3.27141e-22
1.88583e-12 2.06668e-24 3.25065e-22
1.89432e-12 2.05819e-24 3.22999e-22
1.90285e-12 2.04968e-24 3.20941e-22
1.91142e-12 2.04115e-24 3.18891e-22
1.92003e-12 2.03261e-24 3.1685e-22
1.92868e-12 2.02406e-24 3.14817e-22
1.93736e-12 2.0155e-24 3.12793e-22
1.94609e-12 2.00692e-24 3.10778e-22
1.95485e-12 1.99833e-24 3.08771e-22
1.96366e-12 1.98974e-24 3.06772e-22
1.9725e-12 1.98113e-24 3.04783e-22
1.98138e-12 1.97251e-24 3.02802e-22
1.99031e-12 1.96389e-24 3.00829e-22
1.99927e-12 1.95526e-24 2.98865e-22
2.00827e-12 1.94662e-24 2.9691e-22
2.01732e-12 1.93797e-24 2.94963e-22
2.0264e-12 1.92932e-24 2.93025e-22
2.03553e-12 1.92066e-24 2.91096e-22
2.0447e-12 1.91199e-24 2.89175e-22
2.05391e-12 1.90332e-24 2.87263e-22
2.06316e-12 1.89465e-24 2.8536e-22
2.07245e-12 1.88597e-24 2.83465e-22
2.08178e-12 1.8773e-24 2.81579e-22
2.09116e-12 1.86861e-24 2.79702e-22
2.10058e-12 1.85993e-24 2.77833e-22
2.11004e-12 1.85124e-24 2.75974e-22
2.11954e-12 1.84256e-24 2.74122e-22
2.12909e-12 1.83387e-24 2.7228e-22
2.13867e-12 1.82519e-24 2.70446e-22
2.14831e-12 1.8165e-24 2.68621e-22
2.15798e-12 1.80782e-24 2.66804e-22
2.1677e-12 1.79913e-24 2.64996e-22
2.17746e-12 1.79045e-24 2.63197e-22
2.18727e-12 1.78178e-24 2.61407e-22
2.19712e-12 1.7731e-24 2.59625e-22
2.20702e-12 1.76443e-24 2.57852e-22
2.21696e-12 1.75577e-24 2.56087e-22
2.22694e-12 1.7471e-24 2.54332e-22
2.23697e-12 1.73845e-24 2.52585e-22
2.24704e-12 1.7298e-24 2.50846e-22
2.25716e-12 1.72115e-24 2.49116e-22
2.26733e-12 1.71251e-24 2.47395e-22
2.27754e-12 1.70388e-24 2.45683e-22
2.2878e-12 1.69526e-24 2.43979e-22
2.2981e-12 1.68664e-24 2.42284e-22
2.30845e-12 1.67804e-24 2.40597e-22
2.31885e-12 1.66944e-24 2.38919e-22
2.32929e-12 1.66085e-24 2.37249e-22
2.33978e-12 1.65227e-24 2.35589e-22
2.35032e-12 1.6437e-24 2.33936e-22
2.36091e-12 1.63514e-24 2.32293e-22
2.37154e-12 1.62659e-24 2.30657e-22
2.38222e-12 1.61806e-24 2.29031e-22
2.39295e-12 1.60953e-24 2.27413e-22
2.40373e-12 1.60102e-24 2.25803e-22
2.41455e-12 1.59252e-24 2.24202e-22
2.42543e-12 1.58403e-24 2.2261e-22
2.43635e-12 1.57556e-24 2.21026e-22
2.44732e-12 1.5671e-24 2.1945e-22
2.45834e-12 1.55865e-24 2.17883e-22
2.46942e-12 1.55022e-24 2.16324e-22
2.48054e-12 1.54181e-24 2.14774e-22
2.49171e-12 1.5334e-24 2.13232e-22
2.50293e-12 1.52502e-24 2.11699e-22
2.5142e-12 1.51665e-24 2.10174e-22
2.52553e-12 1.50829e-24 2.08657e-22
2.5369e-12 1.49996e-24 2.07149e-22
2.54833e-12 1.49164e-24 2.05649e-22
2.5598e-12 1.48333e-24 2.04157e-22
2.57133e-12 1.47505e-24 2.02674e-22
2.58291e-12 1.46678e-24 2.01199e-22
2.59454e-12 1.45853e-24 1.99732e-22
2.60623e-12 1.4503e-24 1.98274e-22
2.61797e-12 1.44209e-24 1.96823e-22
2.62976e-12 1.4339e-24 1.95381e-22
2.6416e-12 1.42572e-24 1.93947e-22
2.6535e-12 1.41757e-24 1.92522e-22
2.66545e-12 1.40944e-24 1.91104e-22
2.67745e-12 1.40132e-24 1.89695e-22
2.68951e-12 1.39323e-24 1.88293e-22
2.70162e-12 1.38516e-24 1.869e-22
2.71379e-12 1.37711e-24 1.85515e-22
2.72601e-12 1.36908e-24 1.84138e-22
2.73829e-12 1.36107e-24 1.82769e-22
2.75062e-12 1.35309e-24 1.81408e-22
2.76301e-12 1.34512e-24 1.80055e-22
2.77546e-12 1.33718e-24 1.78709e-22
2.78796e-12 1.32927e-24 1.77372e-22
2.80051e-12 1.32137e-24 1.76043e-22
2.81312e-12 1.3135e-24 1.74722e-22
2.82579e-12 1.30565e-24 1.73408e-22
2.83852e-12 1.29783e-24 1.72102e-22
2.8513e-12 1.29002e-24 1.70805e-22
2.86415e-12 1.28225e-24 1.69515e-22
2.87705e-12 1.27449e-24 1.68232e-22
2.89e-12 1.26677e-24 1.66958e-22
2.90302e-12 1.25906e-24 1.65691e-22
2.91609e-12 1.25139e-24 1.64432e-22
2.92923e-12 1.24373e-24 1.63181e-22
2.94242e-12 1.2361e-24 1.61937e-22
2.95567e-12 1.2285e-24 1.60701e-22
2.96898e-12 1.22092e-24 1.59472e-22
2.98235e-12 1.21337e-24 1.58251e-22
2.99578e-12 1.20585e-24 1.57038e-22
3.00928e-12 1.19835e-24 1.55832e-22
3.02283e-12 1.19088e-24 1.54634e-22
3.03644e-12 1.18343e-24 1.53443e-22
3.05012e-12 1.17601e-24 1.5226e-22
3.06386e-12 1.16862e-24 1.51084e-22
3.07765e-12 1.16126e-24 1.49915e-22
3.09152e-12 1.15392e-24 1.48754e-22
3.10544e-12 1.14661e-24 1.476e-22
3.11942e-12 1.13932e-24 1.46453e-22
3.13347e-12 1.13207e-24 1.45314e-22
3.14759e-12 1.12484e-24 1.44182e-22
3.16176e-12 1.11764e-24 1.43057e-22
3.176e-12 1.11047e-24 1.41939e-22
3.19031e-12 1.10332e-24 1.40829e-22
3.20467e-12 1.09621e-24 1.39725e-22
3.21911e-12 1.08912e-24 1.38629e-22
3.2336e-12 1.08206e-24 1.3754e-22
3.24817e-12 1.07503e-24 1.36458e-22
3.2628e-12 1.06803e-24 1.35383e-22
3.27749e-12 1.06105e-24 1.34315e-22
3.29225e-12 1.05411e-24 1.33254e-22
3.30708e-12 1.04719e-24 1.322e-22
3.32197e-12 1.04031e-24 1.31153e-22
3.33693e-12 1.03345e-24 1.30112e-22
3.35196e-12 1.02662e-24 1.29079e-22
3.36706e-12 1.01982e-24 1.28052e-22
3.38222e-12 1.01305e-24 1.27032e-22
3.39746e-12 1.00631e-24 1.26019e-22
3.41276e-12 9.99603e-25 1.25013e-22
3.42813e-12 9.92922e-25 1.24013e-22
3.44357e-12 9.8627e-25 1.23021e-22
3.45908e-12 9.79648e-25 1.22034e-22
3.47465e-12 9.73056e-25 1.21055e-22
3.4903e-12 9.66493e-25 1.20082e-22
3.50602e-12 9.59961e-25 1.19115e-22
3.52181e-12 9.53458e-25 1.18155e-22
3.53767e-12 9.46985e-25 1.17202e-22
3.55361e-12 9.40542e-25 1.16255e-22
3.56961e-12 9.34129e-25 1.15314e-22
3.58569e-12 9.27746e-25 1.1438e-22
3.60184e-12 9.21393e-25 1.13452e-22
3.61806e-12 9.1507e-25 1.12531e-22
3.63435e-12 9.08778e-25 1.11616e-22
3.65072e-12 9.02515e-25 1.10707e-22
3.66716e-12 8.96283e-25 1.09805e-22
3.68368e-12 8.9008e-25 1.08908e-22
3.70027e-12 8.83908e-25 1.08018e-22
3.71693e-12 8.77767e-25 1.07134e-22
3.73367e-12 8.71655e-25 1.06256e-22
3.75049e-12 8.65574e-25 1.05385e-22
3.76738e-12 8.59523e-25 1.04519e-22
3.78435e-12 8.53502e-25 1.0366e-22
3.80139e-12 8.47511e-25 1.02806e-22
3.81851e-12 8.41551e-25 1.01959e-22
3.83571e-12 8.3562e-25 1.01117e-22
3.85298e-12 8.2972e-25 1.00282e-22
3.87034e-12 8.23851e-25 9.94518e-23
3.88777e-12 8.18011e-25 9.8628e-23
3.90528e-12 8.12202e-25 9.781e-23
3.92286e-12 8.06422e-25 9.69978e-23
3.94053e-12 8.00673e-25 9.61913e-23
3.95828e-12 7.94955e-25 9.53907e-23
3.97611e-12 7.89266e-25 9.45957e-23
3.99401e-12 7.83607e-25 9.38064e-23
4.012e-12 7.77978e-25 9.30228e-23
4.03007e-12 7.7238e-25 9.22448e-23
4.04822e-12 7.66811e-25 9.14725e-23
4.06645e-12 7.61273e-25 9.07057e-23
4.08477e-12 7.55764e-25 8.99444e-23
4.10316e-12 7.50285e-25 8.91886e-23
4.12164e-12 7.44836e-25 8.84383e-23
4.1402e-12 7.39417e-25 8.76935e-23
4.15885e-12 7.34028e-25 8.69541e-23
4.17758e-12 7.28668e-25 8.62201e-23
4.1964e-12 7.23338e-25 8.54914e-23
4.2153e-12 7.18038e-25 8.4768e-23
4.23428e-12 7.12767e-25 8.405e-23
4.25335e-12 7.07526e-25 8.33372e-23
4.27251e-12 7.02315e-25 8.26297e-23
4.29175e-12 6.97133e-25 8.19274e-23
4.31108e-12 6.9198e-25 8.12303e-23
4.33049e-12 6.86856e-25 8.05383e-23
4.35e-12 6.81762e-25 7.98514e-23
4.36959e-12 6.76697e-25 7.91697e-23
4.38927e-12 6.71661e-25 7.8493e-23
4.40903e-12 6.66655e-25 7.78213e-23
4.42889e-12 6.61677e-25 7.71547e-23
4.44884e-12 6.56728e-25 7.6493e-23
4.46887e-12 6.51808e-25 7.58363e-23
4.489e-12 6.46917e-25 7.51844e-23
4.50922e-12 6.42055e-25 7.45375e-23
4.52953e-12 6.37221e-25 7.38955e-23
4.54993e-12 6.32416e-25 7.32583e-23
4.57042e-12 6.27639e-25 7.26258e-23
4.591e-12 6.22891e-25 7.19982e-23
4.61168e-12 6.18172e-25 7.13753e-23
4.63245e-12 6.1348e-25 7.07571e-23
4.65331e-12 6.08817e-25 7.01437e-23
4.67427e-12 6.04182e-25 6.95348e-23
4.69532e-12 5.99575e-25 6.89307e-23
4.71647e-12 5.94996e-25 6.83311e-23
4.73771e-12 5.90445e-25 6.77361e-23
4.75904e-12 5.85922e-25 6.71456e-23
4.78048e-12 5.81426e-25 6.65597e-23
4.80201e-12 5.76958e-25 6.59783e-23
4.82363e-12 5.72518e-25 6.54013e-23
4.84536e-12 5.68105e-25 6.48288e-23
4.86718e-12 5.63719e-25 6.42607e-23
4.8891e-12 5.59361e-25 6.3697e-23
4.91112e-12 5.5503e-25 6.31376e-23
4.93324e-12 5.50726e-25 6.25826e-23
4.95546e-12 5.46449e-25 6.20319e-23
4.97777e-12 5.42199e-25 6.14854e-23
5.00019e-12 5.37976e-25 6.09432e-23
5.02271e-12 5.3378e-25 6.04052e-23
5.04533e-12 5.2961e-25 5.98715e-23
5.06806e-12 5.25467e-25 5.93419e-23
5.09088e-12 5.2135e-25 5.88164e-23
5.11381e-12 5.17259e-25 5.8295e-23
5.13684e-12 5.13195e-25 5.77778e-23
5.15997e-12 5.09157e-25 5.72646e-23
5.18321e-12 5.05145e-25 5.67554e-23
5.20656e-12 5.01159e-25 5.62503e-23
5.23001e-12 4.97199e-25 5.57491e-23
5.25356e-12 4.93264e-25 5.52519e-23
5.27722e-12 4.89356e-25 5.47587e-23
5.30099e-12 4.85472e-25 5.42693e-23
5.32486e-12 4.81614e-25 5.37838e-23
5.34884e-12 4.77782e-25 5.33022e-23
5.37293e-12 4.73975e-25 5.28244e-23
5.39713e-12 4.70193e-25 5.23505e-23
5.42144e-12 4.66436e-25 5.18803e-23
5.44586e-12 4.62703e-25 5.14138e-23
5.47038e-12 4.58996e-25 5.09511e-23
5.49502e-12 4.55314e-25 5.04921e-23
5.51977e-12 4.51656e-25 5.00368e-23
5.54463e-12 4.48022e-25 4.95852e-23
5.5696e-12 4.44413e-25 4.91371e-23
5.59468e-12 4.40828e-25 4.86927e-23
5.61988e-12 4.37267e-25 4.82519e-23
5.64519e-12 4.33731e-25 4.78146e-23
5.67061e-12 4.30218e-25 4.73809e-23
5.69615e-12 4.26729e-25 4.69507e-23
5.72181e-12 4.23264e-25 4.6524e-23
5.74757e-12 4.19823e-25 4.61007e-23
5.77346e-12 4.16405e-25 4.56809e-23
5.79946e-12 4.13011e-25 4.52645e-23
5.82558e-12 4.0964e-25 4.48515e-23
5.85182e-12 4.06292e-25 4.44418e-23
5.87817e-12 4.02967e-25 4.40355e-23
5.90465e-12 3.99665e-25 4.36326e-23
5.93124e-12 3.96386e-25 4.32329e-23
5.95795e-12 3.9313e-25 4.28365e-23
5.98478e-12 3.89896e-25 4.24434e-23
6.01174e-12 3.86685e-25 4.20535e-23
6.03881e-12 3.83497e-25 4.16668e-23
6.06601e-12 3.80331e-25 4.12833e-23
6.09333e-12 3.77187e-25 4.0903e-23
6.12077e-12 3.74065e-25 4.05258e-23
6.14834e-12 3.70965e-25 4.01517e-23
6.17603e-12 3.67887e-25 3.97807e-23
6.20384e-12 3.6483e-25 3.94129e-23
6.23178e-12 3.61796e-25 3.9048e-23
6.25985e-12 3.58783e-25 3.86862e-23
6.28804e-12 3.55791e-25 3.83275e-23
6.31636e-12 3.52821e-25 3.79717e-23
6.34481e-12 3.49871e-25 3.76188e-23
6.37339e-12 3.46943e-25 3.7269e-23
6.40209e-12 3.44036e-25 3.6922e-23
6.43092e-12 3.4115e-25 3.6578e-23
6.45989e-12 3.38285e-25 3.62368e-23
6.48898e-12 3.3544e-25 3.58986e-23
6.5182e-12 3.32616e-25 3.55631e-23
6.54756e-12 3.29812e-25 3.52305e-23
6.57705e-12 3.27029e-25 3.49007e-23
6.60667e-12 3.24265e-25 3.45737e-23
6.63642e-12 3.21522e-25 3.42494e-23
6.66631e-12 3.18799e-25 3.39279e-23
6.69633e-12 3.16096e-25 3.36091e-23
6.72649e-12 3.13413e-25 3.3293e-23
6.75679e-12 3.10749e-25 3.29796e-23
6.78722e-12 3.08105e-25 3.26688e-23
6.81779e-12 3.0548e-25 3.23607e-23
6.84849e-12 3.02875e-25 3.20552e-23
6.87933e-12 3.00288e-25 3.17524e-23
6.91032e-12 2.97721e-25 3.14521e-23
6.94144e-12 2.95173e-25 3.11543e-23
6.9727e-12 2.92644e-25 3.08592e-23
7.0041e-12 2.90134e-25 3.05665e-23
7.03565e-12 2.87642e-25 3.02764e-23
7.06734e-12 2.85169e-25 2.99888e-23
7.09916e-12 2.82715e-25 2.97036e-23
7.13114e-12 2.80279e-25 2.94209e-23
7.16325e-12 2.77861e-25 2.91406e-23
7.19551e-12 2.75461e-25 2.88627e-23
7.22792e-12 2.73079e-25 2.85873e-23
7.26047e-12 2.70716e-25 2.83142e-23
7.29317e-12 2.6837e-25 2.80435e-23
7.32602e-12 2.66041e-25 2.77751e-23
7.35901e-12 2.63731e-25 2.75091e-23
7.39216e-12 2.61438e-25 2.72453e-23
7.42545e-12 2.59162e-25 2.69839e-23
7.45889e-12 2.56904e-25 2.67247e-23
7.49248e-12 2.54663e-25 2.64678e-23
7.52623e-12 2.52439e-25 2.62132e-23
7.56012e-12 2.50232e-25 2.59607e-23
7.59417e-12 2.48042e-25 2.57105e-23
7.62837e-12 2.45868e-25 2.54625e-23
7.66273e-12 2.43712e-25 2.52166e-23
7.69724e-12 2.41572e-25 2.49729e-23
7.73191e-12 2.39448e-25 2.47313e-23
7.76673e-12 2.37341e-25 2.44919e-23
7.80171e-12 2.3525e-25 2.42545e-23
7.83684e-12 2.33176e-25 2.40193e-23
7.87214e-12 2.31117e-25 2.37861e-23
7.90759e-12 2.29075e-25 2.3555e-23
7.94321e-12 2.27048e-25 2.33259e-23
7.97898e-12 2.25037e-25 2.30988e-23
8.01492e-12 2.23042e-25 2.28738e-23
8.05101e-12 2.21062e-25 2.26508e-23
8.08727e-12 2.19098e-25 2.24297e-23
8.12369e-12 2.17149e-25 2.22106e-23
8.16028e-12 2.15216e-25 2.19935e-23
8.19703e-12 2.13297e-25 2.17782e-23
8.23395e-12 2.11394e-25 2.15649e-23
8.27103e-12 2.09506e-25 2.13535e-23
8.30828e-12 2.07633e-25 2.1144e-23
8.3457e-12 2.05774e-25 2.09364e-23
8.38329e-12 2.0393e-25 2.07306e-23
8.42104e-12 2.02101e-25 2.05267e-23
8.45897e-12 2.00287e-25 2.03246e-23
8.49707e-12 1.98486e-25 2.01243e-23
8.53534e-12 1.967e-25 1.99258e-23
8.57378e-12 1.94929e-25 1.97291e-23
8.61239e-12 1.93171e-25 1.95342e-23
8.65118e-12 1.91428e-25 1.9341e-23
8.69014e-12 1.89698e-25 1.91496e-23
8.72928e-12 1.87983e-25 1.89599e-23
8.76859e-12 1.86281e-25 1.87719e-23
8.80808e-12 1.84592e-25 1.85856e-23
8.84775e-12 1.82918e-25 1.84011e-23
8.8876e-12 1.81257e-25 1.82181e-23
8.92763e-12 1.79609e-25 1.80369e-23
8.96783e-12 1.77975e-25 1.78573e-23
9.00822e-12 1.76353e-25 1.76793e-23
9.04879e-12 1.74745e-25 1.75029e-23
9.08955e-12 1.7315e-25 1.73282e-23
9.13048e-12 1.71568e-25 1.7155e-23
9.1716e-12 1.69999e-25 1.69835e-23
9.21291e-12 1.68443e-25 1.68135e-23
9.2544e-12 1.66899e-25 1.6645e-23
9.29608e-12 1.65368e-25 1.64781e-23
9.33795e-12 1.6385e-25 1.63128e-23
9.38e-12 1.62344e-25 1.61489e-23
9.42225e-12 1.6085e-25 1.59866e-23
9.46468e-12 1.59369e-25 1.58257e-23
9.50731e-12 1.57899e-25 1.56664e-23
9.55013e-12 1.56442e-25 1.55085e-23
9.59314e-12 1.54997e-25 1.5352e-23
9.63634e-12 1.53564e-25 1.5197e-23
9.67974e-12 1.52142e-25 1.50434e-23
9.72334e-12 1.50733e-25 1.48913e-23
9.76713e-12 1.49335e-25 1.47406e-23
9.81112e-12 1.47949e-25 1.45912e-23
9.8553e-12 1.46574e-25 1.44433e-23
9.89969e-12 1.4521e-25 1.42967e-23
9.94427e-12 1.43858e-25 1.41515e-23
9.98906e-12 1.42518e-25 1.40076e-23
1.0034e-11 1.41188e-25 1.38651e-23
1.00792e-11 1.3987e-25 1.37239e-23
1.01246e-11 1.38562e-25 1.35841e-23
1.01702e-11 1.37266e-25 1.34455e-23
1.0216e-11 1.3598e-25 1.33082e-23
1.0262e-11 1.34706e-25 1.31723e-23
1.03083e-11 1.33442e-25 1.30376e-23
1.03547e-11 1.32188e-25 1.29041e-23
1.04013e-11 1.30946e-25 1.27719e-23
1.04482e-11 1.29713e-25 1.2641e-23
1.04952e-11 1.28491e-25 1.25113e-23
1.05425e-11 1.2728e-25 1.23828e-23
1.059e-11 1.26079e-25 1.22555e-23
1.06377e-11 1.24888e-25 1.21294e-23
1.06856e-11 1.23707e-25 1.20045e-23
1.07337e-11 1.22536e-25 1.18808e-23
1.0782e-11 1.21375e-25 1.17583e-23
1.08306e-11 1.20224e-25 1.16369e-23
1.08794e-11 1.19083e-25 1.15167e-23
1.09284e-11 1.17952e-25 1.13976e-23
1.09776e-11 1.1683e-25 1.12797e-23
1.1027e-11 1.15718e-25 1.11628e-23
1.10767e-11 1.14615e-25 1.10471e-23
1.11266e-11 1.13522e-25 1.09325e-23
1.11767e-11 1.12438e-25 1.0819e-23
1.1227e-11 1.11364e-25 1.07065e-23
1.12776e-11 1.10299e-25 1.05952e-23
1.13284e-11 1.09243e-25 1.04849e-23
1.13794e-11 1.08196e-25 1.03756e-23
1.14307e-11 1.07159e-25 1.02674e-23
1.14821e-11 1.0613e-25 1.01603e-23
1.15338e-11 1.0511e-25 1.00541e-23
1.15858e-11 1.04099e-25 9.94903e-24
1.1638e-11 1.03097e-25 9.84493e-24
1.16904e-11 1.02104e-25 9.74183e-24
1.1743e-11 1.01119e-25 9.63973e-24
1.17959e-11 1.00143e-25 9.53861e-24
1.1849e-11 9.91751e-26 9.43847e-24
1.19024e-11 9.82159e-26 9.33929e-24
1.1956e-11 9.72651e-26 9.24108e-24
1.20099e-11 9.63227e-26 9.14381e-24
1.2064e-11 9.53885e-26 9.04749e-24
1.21183e-11 9.44625e-26 8.9521e-24
1.21729e-11 9.35447e-26 8.85764e-24
1.22277e-11 9.26349e-26 8.7641e-24
1.22828e-11 9.17332e-26 8.67146e-24
1.23381e-11 9.08394e-26 8.57973e-24
1.23936e-11 8.99536e-26 8.48889e-24
1.24495e-11 8.90755e-26 8.39893e-24
1.25055e-11 8.82053e-26 8.30986e-24
1.25618e-11 8.73427e-26 8.22165e-24
1.26184e-11 8.64879e-26 8.13431e-24
1.26753e-11 8.56406e-26 8.04782e-24
1.27323e-11 8.48008e-26 7.96218e-24
1.27897e-11 8.39685e-26 7.87738e-24
1.28473e-11 8.31437e-26 7.79341e-24
1.29051e-11 8.23262e-26 7.71027e-24
1.29633e-11 8.1516e-26 7.62794e-24
1.30216e-11 8.07131e-26 7.54643e-24
1.30803e-11 7.99173e-26 7.46571e-24
1.31392e-11 7.91287e-26 7.3858e-24
1.31984e-11 7.83472e-26 7.30667e-24
1.32578e-11 7.75727e-26 7.22832e-24
1.33175e-11 7.68051e-26 7.15075e-24
1.33775e-11 7.60445e-26 7.07394e-24
1.34378e-11 7.52907e-26 6.9979e-24
1.34983e-11 7.45437e-26 6.92261e-24
1.35591e-11 7.38035e-26 6.84806e-24
1.36201e-11 7.307e-26 6.77426e-24
1.36815e-11 7.23431e-26 6.70119e-24
1.37431e-11 7.16228e-26 6.62885e-24
1.3805e-11 7.0909e-26 6.55722e-24
1.38672e-11 7.02018e-26 6.48632e-24
1.39296e-11 6.95009e-26 6.41611e-24
1.39923e-11 6.88065e-26 6.34661e-24
1.40554e-11 6.81183e-26 6.27781e-24
1.41187e-11 6.74365e-26 6.20969e-24
1.41823e-11 6.67608e-26 6.14225e-24
1.42461e-11 6.60914e-26 6.07549e-24
1.43103e-11 6.54281e-26 6.0094e-24
1.43747e-11 6.47708e-26 5.94397e-24
1.44395e-11 6.41196e-26 5.8792e-24
1.45045e-11 6.34744e-26 5.81508e-24
1.45698e-11 6.28351e-26 5.75161e-24
1.46354e-11 6.22017e-26 5.68877e-24
1.47014e-11 6.15741e-26 5.62657e-24
1.47676e-11 6.09523e-26 5.565e-24
1.48341e-11 6.03363e-26 5.50404e-24
1.49009e-11 5.97259e-26 5.44371e-24
1.4968e-11 5.91212e-26 5.38398e-24
1.50354e-11 5.85221e-26 5.32486e-24
1.51031e-11 5.79285e-26 5.26634e-24
1.51711e-11 5.73405e-26 5.20841e-24
1.52395e-11 5.67579e-26 5.15107e-24
1.53081e-11 5.61807e-26 5.09431e-24
1.5377e-11 5.56089e-26 5.03813e-24
1.54463e-11 5.50425e-26 4.98252e-24
1.55159e-11 5.44813e-26 4.92748e-24
1.55857e-11 5.39254e-26 4.873e-24
1.56559e-11 5.33746e-26 4.81907e-24
1.57265e-11 5.2829e-26 4.7657e-24
1.57973e-11 5.22886e-26 4.71287e-24
1.58684e-11 5.17532e-26 4.66058e-24
1.59399e-11 5.12228e-26 4.60883e-24
1.60117e-11 5.06974e-26 4.5576e-24
1.60838e-11 5.0177e-26 4.50691e-24
1.61562e-11 4.96614e-26 4.45673e-24
1.6229e-11 4.91507e-26 4.40707e-24
1.63021e-11 4.86449e-26 4.35792e-24
1.63755e-11 4.81438e-26 4.30927e-24
1.64493e-11 4.76474e-26 4.26113e-24
1.65233e-11 4.71558e-26 4.21348e-24
1.65978e-11 4.66688e-26 4.16633e-24
1.66725e-11 4.61864e-26 4.11966e-24
1.67476e-11 4.57086e-26 4.07347e-24
1.6823e-11 4.52354e-26 4.02776e-24
1.68988e-11 4.47667e-26 3.98253e-24
1.69749e-11 4.43024e-26 3.93776e-24
1.70513e-11 4.38425e-26 3.89346e-24
1.71281e-11 4.33871e-26 3.84961e-24
1.72053e-11 4.29359e-26 3.80623e-24
1.72828e-11 4.24891e-26 3.76329e-24
1.73606e-11 4.20466e-26 3.7208e-24
1.74388e-11 4.16083e-26 3.67876e-24
1.75173e-11 4.11743e-26 3.63715e-24
1.75962e-11 4.07444e-26 3.59597e-24
1.76755e-11 4.03186e-26 3.55523e-24
1.77551e-11 3.98969e-26 3.51491e-24
1.7835e-11 3.94793e-26 3.47501e-24
1.79154e-11 3.90657e-26 3.43553e-24
1.7996e-11 3.86561e-26 3.39647e-24
1.80771e-11 3.82504e-26 3.35781e-24
1.81585e-11 3.78487e-26 3.31956e-24
1.82403e-11 3.74509e-26 3.28171e-24
1.83224e-11 3.70569e-26 3.24426e-24
1.8405e-11 3.66667e-26 3.20721e-24
1.84878e-11 3.62804e-26 3.17054e-24
1.85711e-11 3.58977e-26 3.13426e-24
1.86547e-11 3.55189e-26 3.09836e-24
1.87388e-11 3.51436e-26 3.06284e-24
1.88232e-11 3.47721e-26 3.0277e-24
1.89079e-11 3.44042e-26 2.99293e-24
1.89931e-11 3.40398e-26 2.95852e-24
1.90786e-11 3.36791e-26 2.92448e-24
1.91646e-11 3.33218e-26 2.8908e-24
1.92509e-11 3.29681e-26 2.85748e-24
1.93376e-11 3.26178e-26 2.82451e-24
1.94247e-11 3.2271e-26 2.7919e-24
1.95121e-11 3.19276e-26 2.75962e-24
1.96e-11 3.15875e-26 2.7277e-24
1.96883e-11 3.12508e-26 2.69611e-24
1.9777e-11 3.09174e-26 2.66486e-24
1.9866e-11 3.05873e-26 2.63394e-24
1.99555e-11 3.02605e-26 2.60335e-24
2.00454e-11 2.99368e-26 2.57309e-24
2.01357e-11 2.96164e-26 2.54316e-24
2.02263e-11 2.92992e-26 2.51354e-24
2.03174e-11 2.89851e-26 2.48424e-24
2.04089e-11 2.86741e-26 2.45526e-24
2.05008e-11 2.83662e-26 2.42658e-24
2.05932e-11 2.80614e-26 2.39822e-24
2.06859e-11 2.77596e-26 2.37015e-24
2.07791e-11 2.74608e-26 2.34239e-24
2.08727e-11 2.7165e-26 2.31493e-24
2.09667e-11 2.68721e-26 2.28777e-24
2.10611e-11 2.65822e-26 2.2609e-24
2.1156e-11 2.62951e-26 2.23431e-24
2.12512e-11 2.60109e-26 2.20802e-24
2.13469e-11 2.57296e-26 2.18201e-24
2.14431e-11 2.54511e-26 2.15628e-24
2.15397e-11 2.51754e-26 2.13083e-24
2.16367e-11 2.49024e-26 2.10565e-24
2.17341e-11 2.46322e-26 2.08075e-24
2.1832e-11 2.43648e-26 2.05612e-24
2.19303e-11 2.41e-26 2.03175e-24
2.20291e-11 2.38378e-26 2.00765e-24
2.21283e-11 2.35784e-26 1.98381e-24
2.2228e-11 2.33215e-26 1.96024e-24
2.23281e-11 2.30673e-26 1.93692e-24
2.24286e-11 2.28156e-26 1.91385e-24
2.25296e-11 2.25664e-26 1.89103e-24
2.26311e-11 2.23198e-26 1.86847e-24
2.2733e-11 2.20757e-26 1.84615e-24
2.28354e-11 2.18341e-26 1.82407e-24
2.29383e-11 2.15949e-26 1.80224e-24
2.30416e-11 2.13582e-26 1.78064e-24
2.31453e-11 2.11238e-26 1.75928e-24
2.32496e-11 2.08919e-26 1.73816e-24
2.33543e-11 2.06623e-26 1.71727e-24
2.34595e-11 2.04351e-26 1.69661e-24
2.35651e-11 2.02102e-26 1.67617e-24
2.36713e-11 1.99876e-26 1.65596e-24
2.37779e-11 1.97672e-26 1.63597e-24
2.3885e-11 1.95492e-26 1.61621e-24
2.39925e-11 1.93334e-26 1.59666e-24
2.41006e-11 1.91197e-26 1.57732e-24
2.42091e-11 1.89083e-26 1.5582e-24
2.43182e-11 1.86991e-26 1.53929e-24
2.44277e-11 1.8492e-26 1.5206e-24
2.45377e-11 1.8287e-26 1.5021e-24
2.46482e-11 1.80842e-26 1.48382e-24
2.47592e-11 1.78835e-26 1.46573e-24
2.48707e-11 1.76848e-26 1.44785e-24
2.49827e-11 1.74882e-26 1.43016e-24
2.50952e-11 1.72936e-26 1.41268e-24
2.52083e-11 1.7101e-26 1.39538e-24
2.53218e-11 1.69105e-26 1.37828e-24
2.54358e-11 1.67219e-26 1.36137e-24
2.55504e-11 1.65352e-26 1.34465e-24
2.56655e-11 1.63506e-26 1.32811e-24
2.57811e-11 1.61678e-26 1.31176e-24
2.58972e-11 1.59869e-26 1.2956e-24
2.60138e-11 1.5808e-26 1.27961e-24
2.6131e-11 1.56309e-26 1.2638e-24
2.62486e-11 1.54556e-26 1.24817e-24
2.63669e-11 1.52822e-26 1.23271e-24
2.64856e-11 1.51106e-26 1.21743e-24
2.66049e-11 1.49408e-26 1.20232e-24
2.67247e-11 1.47727e-26 1.18738e-24
2.68451e-11 1.46065e-26 1.17261e-24
2.6966e-11 1.4442e-26 1.158e-24
2.70874e-11 1.42792e-26 1.14356e-24
2.72094e-11 1.41181e-26 1.12928e-24
2.7332e-11 1.39587e-26 1.11516e-24
2.74551e-11 1.3801e-26 1.1012e-24
2.75787e-11 1.3645e-26 1.0874e-24
2.77029e-11 1.34906e-26 1.07376e-24
2.78277e-11 1.33378e-26 1.06027e-24
2.7953e-11 1.31867e-26 1.04693e-24
2.80789e-11 1.30372e-26 1.03374e-24
2.82054e-11 1.28892e-26 1.0207e-24
2.83324e-11 1.27428e-26 1.00782e-24
2.846e-11 1.2598e-26 9.95073e-25
2.85882e-11 1.24547e-26 9.82475e-25
2.87169e-11 1.23129e-26 9.7002e-25
2.88462e-11 1.21727e-26 9.57707e-25
2.89762e-11 1.20339e-26 9.45534e-25
2.91067e-11 1.18966e-26 9.33501e-25
2.92377e-11 1.17608e-26 9.21604e-25
2.93694e-11 1.16264e-26 9.09843e-25
2.95017e-11 1.14935e-26 8.98217e-25
2.96346e-11 1.1362e-26 8.86723e-25
2.9768e-11 1.12319e-26 8.75361e-25
2.99021e-11 1.11032e-26 8.64129e-25
3.00368e-11 1.09758e-26 8.53026e-25
3.0172e-11 1.08499e-26 8.4205e-25
3.03079e-11 1.07253e-26 8.312e-25
3.04444e-11 1.0602e-26 8.20475e-25
3.05815e-11 1.04801e-26 8.09873e-25
3.07193e-11 1.03595e-26 7.99393e-25
3.08576e-11 1.02401e-26 7.89034e-25
3.09966e-11 1.01221e-26 7.78794e-25
3.11362e-11 1.00053e-26 7.68671e-25
3.12764e-11 9.88983e-27 7.58666e-25
3.14173e-11 9.77558e-27 7.48776e-25
3.15588e-11 9.66256e-27 7.39001e-25
3.17009e-11 9.55078e-27 7.29338e-25
3.18437e-11 9.4402e-27 7.19787e-25
3.19871e-11 9.33083e-27 7.10347e-25
3.21312e-11 9.22264e-27 7.01016e-25
3.22759e-11 9.11563e-27 6.91794e-25
3.24212e-11 9.00978e-27 6.82678e-25
3.25672e-11 8.90509e-27 6.73668e-25
3.27139e-11 8.80154e-27 6.64763e-25
3.28612e-11 8.69912e-27 6.55962e-25
3.30092e-11 8.59782e-27 6.47263e-25
3.31579e-11 8.49763e-27 6.38665e-25
3.33072e-11 8.39853e-27 6.30167e-25
3.34573e-11 8.30051e-27 6.21769e-25
3.36079e-11 8.20358e-27 6.13468e-25
3.37593e-11 8.1077e-27 6.05264e-25
3.39113e-11 8.01288e-27 5.97157e-25
3.40641e-11 7.91909e-27 5.89144e-25
3.42175e-11 7.82634e-27 5.81225e-25
3.43716e-11 7.73461e-27 5.73398e-25
3.45264e-11 7.64389e-27 5.65664e-25
3.46819e-11 7.55417e-27 5.5802e-25
3.48381e-11 7.46544e-27 5.50466e-25
3.4995e-11 7.37769e-27 5.43e-25
3.51526e-11 7.29091e-27 5.35623e-25
3.53109e-11 7.20509e-27 5.28332e-25
3.54699e-11 7.12022e-27 5.21127e-25
3.56297e-11 7.03629e-27 5.14006e-25
3.57901e-11 6.95329e-27 5.0697e-25
3.59513e-11 6.87121e-27 5.00017e-25
3.61132e-11 6.79004e-27 4.93146e-25
3.62759e-11 6.70978e-27 4.86356e-25
3.64393e-11 6.63041e-27 4.79646e-25
3.66034e-11 6.55192e-27 4.73015e-25
3.67682e-11 6.4743e-27 4.66463e-25
3.69338e-11 6.39755e-27 4.59989e-25
3.71002e-11 6.32166e-27 4.53592e-25
3.72672e-11 6.24662e-27 4.4727e-25
3.74351e-11 6.17241e-27 4.41023e-25
3.76037e-11 6.09903e-27 4.34851e-25
3.7773e-11 6.02648e-27 4.28752e-25
3.79432e-11 5.95474e-27 4.22725e-25
3.8114e-11 5.8838e-27 4.16771e-25
3.82857e-11 5.81366e-27 4.10887e-25
3.84581e-11 5.74431e-27 4.05073e-25
3.86313e-11 5.67573e-27 3.99329e-25
3.88053e-11 5.60793e-27 3.93653e-25
3.89801e-11 5.54089e-27 3.88045e-25
3.91556e-11 5.47461e-27 3.82504e-25
3.9332e-11 5.40908e-27 3.7703e-25
3.95091e-11 5.34428e-27 3.71621e-25
3.96871e-11 5.28022e-27 3.66276e-25
3.98658e-11 5.21688e-27 3.60996e-25
4.00453e-11 5.15425e-27 3.55779e-25
4.02257e-11 5.09234e-27 3.50625e-25
4.04069e-11 5.03113e-27 3.45533e-25
4.05888e-11 4.97061e-27 3.40502e-25
4.07716e-11 4.91078e-27 3.35531e-25
4.09553e-11 4.85163e-27 3.3062e-25
4.11397e-11 4.79315e-27 3.25769e-25
4.1325e-11 4.73534e-27 3.20975e-25
4.15111e-11 4.67818e-27 3.1624e-25
4.16981e-11 4.62168e-27 3.11562e-25
4.18859e-11 4.56582e-27 3.0694e-25
4.20745e-11 4.5106e-27 3.02374e-25
4.2264e-11 4.45601e-27 2.97864e-25
4.24543e-11 4.40204e-27 2.93408e-25
4.26455e-11 4.34869e-27 2.89006e-25
4.28376e-11 4.29595e-27 2.84657e-25
4.30305e-11 4.24382e-27 2.80361e-25
4.32243e-11 4.19228e-27 2.76117e-25
4.3419e-11 4.14134e-27 2.71925e-25
4.36146e-11 4.09098e-27 2.67784e-25
4.3811e-11 4.0412e-27 2.63693e-25
4.40083e-11 3.99199e-27 2.59651e-25
4.42065e-11 3.94335e-27 2.55659e-25
4.44056e-11 3.89527e-27 2.51716e-25
4.46056e-11 3.84774e-27 2.47821e-25
4.48065e-11 3.80076e-27 2.43973e-25
4.50083e-11 3.75433e-27 2.40172e-25
4.5211e-11 3.70843e-27 2.36418e-25
4.54146e-11 3.66306e-27 2.3271e-25
4.56191e-11 3.61822e-27 2.29047e-25
4.58246e-11 3.57389e-27 2.25428e-25
4.6031e-11 3.53008e-27 2.21854e-25
4.62383e-11 3.48678e-27 2.18324e-25
4.64465e-11 3.44398e-27 2.14838e-25
4.66557e-11 3.40168e-27 2.11394e-25
4.68658e-11 3.35987e-27 2.07992e-25
4.70769e-11 3.31855e-27 2.04632e-25
4.72889e-11 3.27771e-27 2.01313e-25
4.75019e-11 3.23734e-27 1.98036e-25
4.77158e-11 3.19745e-27 1.94798e-25
4.79307e-11 3.15802e-27 1.91601e-25
4.81466e-11 3.11905e-27 1.88443e-25
4.83634e-11 3.08054e-27 1.85324e-25
4.85812e-11 3.04247e-27 1.82243e-25
4.88e-11 3.00486e-27 1.79201e-25
4.90198e-11 2.96768e-27 1.76196e-25
4.92406e-11 2.93094e-27 1.73228e-25
4.94623e-11 2.89463e-27 1.70297e-25
4.96851e-11 2.85875e-27 1.67403e-25
4.99089e-11 2.82329e-27 1.64544e-25
5.01336e-11 2.78825e-27 1.61721e-25
5.03594e-11 2.75362e-27 1.58932e-25
5.05862e-11 2.71939e-27 1.56179e-25
5.08141e-11 2.68558e-27 1.53459e-25
5.10429e-11 2.65216e-27 1.50774e-25
5.12728e-11 2.61913e-27 1.48122e-25
5.15037e-11 2.58649e-27 1.45503e-25
5.17357e-11 2.55424e-27 1.42916e-25
5.19687e-11 2.52238e-27 1.40362e-25
5.22027e-11 2.49089e-27 1.3784e-25
5.24378e-11 2.45977e-27 1.35349e-25
5.2674e-11 2.42902e-27 1.32889e-25
5.29112e-11 2.39864e-27 1.3046e-25
5.31495e-11 2.36861e-27 1.28061e-25
5.33889e-11 2.33895e-27 1.25693e-25
5.36293e-11 2.30963e-27 1.23354e-25
5.38709e-11 2.28067e-27 1.21044e-25
5.41135e-11 2.25205e-27 1.18763e-25
5.43572e-11 2.22377e-27 1.16511e-25
5.4602e-11 2.19583e-27 1.14288e-25
5.48479e-11 2.16823e-27 1.12092e-25
5.50949e-11 2.14095e-27 1.09923e-25
5.53431e-11 2.114e-27 1.07782e-25
5.55923e-11 2.08737e-27 1.05668e-25
5.58427e-11 2.06106e-27 1.03581e-25
5.60942e-11 2.03507e-27 1.0152e-25
5.63468e-11 2.00938e-27 9.9485e-26
5.66006e-11 1.98401e-27 9.74756e-26
5.68555e-11 1.95894e-27 9.54916e-26
5.71116e-11 1.93417e-27 9.35327e-26
5.73688e-11 1.9097e-27 9.15985e-26
5.76272e-11 1.88552e-27 8.96888e-26
5.78867e-11 1.86164e-27 8.78033e-26
5.81474e-11 1.83804e-27 8.59416e-26
5.84093e-11 1.81473e-27 8.41036e-26
5.86723e-11 1.7917e-27 8.22889e-26
5.89366e-11 1.76895e-27 8.04972e-26
5.9202e-11 1.74647e-27 7.87282e-26
5.94686e-11 1.72426e-27 7.69817e-26
5.97365e-11 1.70233e-27 7.52575e-26
6.00055e-11 1.68065e-27 7.35552e-26
6.02758e-11 1.65924e-27 7.18745e-26
6.05472e-11 1.6381e-27 7.02153e-26
6.08199e-11 1.6172e-27 6.85772e-26
6.10938e-11 1.59656e-27 6.696e-26
6.1369e-11 1.57618e-27 6.53634e-26
6.16454e-11 1.55604e-27 6.37872e-26
6.1923e-11 1.53614e-27 6.22312e-26
6.22019e-11 1.51649e-27 6.0695e-26
6.2482e-11 1.49708e-27 5.91785e-26
6.27634e-11 1.4779e-27 5.76815e-26
6.30461e-11 1.45896e-27 5.62036e-26
6.333e-11 1.44025e-27 5.47446e-26
6.36152e-11 1.42177e-27 5.33044e-26
6.39017e-11 1.40351e-27 5.18826e-26
6.41895e-11 1.38548e-27 5.04791e-26
6.44786e-11 1.36767e-27 4.90936e-26
6.4769e-11 1.35008e-27 4.77259e-26
6.50607e-11 1.3327e-27 4.63758e-26
6.53537e-11 1.31554e-27 4.50431e-26
6.56481e-11 1.29859e-27 4.37276e-26
6.59437e-11 1.28184e-27 4.2429e-26
6.62407e-11 1.2653e-27 4.11472e-26
6.65391e-11 1.24897e-27 3.98819e-26
6.68387e-11 1.23284e-27 3.86329e-26
6.71398e-11 1.2169e-27 3.74001e-26
6.74421e-11 1.20116e-27 3.61832e-26
6.77459e-11 1.18562e-27 3.4982e-26
6.8051e-11 1.17027e-27 3.37964e-26
6.83575e-11 1.15511e-27 3.26261e-26
6.86653e-11 1.14013e-27 3.1471e-26
6.89746e-11 1.12534e-27 3.03309e-26
6.92852e-11 1.11074e-27 2.92055e-26
6.95973e-11 1.09631e-27 2.80948e-26
6.99107e-11 1.08207e-27 2.69985e-26
7.02256e-11 1.068e-27 2.59164e-26
7.05418e-11 1.05411e-27 2.48484e-26
7.08595e-11 1.04038e-27 2.37943e-26
7.11787e-11 1.02683e-27 2.27539e-26
7.14992e-11 1.01345e-27 2.17271e-26
7.18212e-11 1.00024e-27 2.07136e-26
7.21447e-11 9.87186e-28 1.97134e-26
7.24696e-11 9.74298e-28 1.87262e-26
7.2796e-11 9.61571e-28 1.77519e-26
7.31239e-11 9.49003e-28 1.67903e-26
7.34532e-11 9.36592e-28 1.58413e-26
7.3784e-11 9.24336e-28 1.49047e-26
7.41163e-11 9.12234e-28 1.39804e-26
7.44501e-11 9.00283e-28 1.30682e-26
7.47854e-11 8.88482e-28 1.21679e-26
7.51222e-11 8.76829e-28 1.12794e-26
7.54605e-11 8.65323e-28 1.04026e-26
7.58004e-11 8.53961e-28 9.53726e-27
7.61418e-11 8.42741e-28 8.6833e-27
7.64847e-11 8.31663e-28 7.84056e-27
7.68292e-11 8.20724e-28 7.0089e-27
7.71752e-11 8.09922e-28 6.18817e-27
7.75228e-11 7.99257e-28 5.37825e-27
7.78719e-11 7.88726e-28 4.57899e-27
7.82226e-11 7.78329e-28 3.79027e-27
7.85749e-11 7.68062e-28 3.01194e-27
7.89288e-11 7.57925e-28 2.24388e-27
7.92842e-11 7.47916e-28 1.48595e-27
7.96413e-11 7.38034e-28 7.38034e-28
