1e-14 1.68309e-32 7.32687e-23
1.0045e-14 1.75199e-32 7.32687e-23
1.00903e-14 1.82362e-32 7.32687e-23
1.01357e-14 1.89808e-32 7.32687e-23
1.01814e-14 1.97548e-32 7.32687e-23
1.02272e-14 2.05592e-32 7.32687e-23
1.02733e-14 2.13953e-32 7.32687e-23
1.03196e-14 2.22643e-32 7.32687e-23
1.0366e-14 2.31674e-32 7.32687e-23
1.04127e-14 2.41058e-32 7.32687e-23
1.04596e-14 2.50809e-32 7.32687e-23
1.05067e-14 2.60941e-32 7.32687e-23
1.0554e-14 2.71469e-32 7.32687e-23
1.06016e-14 2.82406e-32 7.32687e-23
1.06493e-14 2.93769e-32 7.32687e-23
1.06973e-14 3.05574e-32 7.32687e-23
1.07455e-14 3.17836e-32 7.32687e-23
1.07938e-14 3.30573e-32 7.32687e-23
1.08425e-14 3.43802e-32 7.32687e-23
1.08913e-14 3.57543e-32 7.32687e-23
1.09403e-14 3.71813e-32 7.32687e-23
1.09896e-14 3.86633e-32 7.32687e-23
1.10391e-14 4.02023e-32 7.32687e-23
1.10888e-14 4.18003e-32 7.32687e-23
1.11388e-14 4.34597e-32 7.32687e-23
1.11889e-14 4.51825e-32 7.32687e-23
1.12393e-14 4.69712e-32 7.32687e-23
1.12899e-14 4.88282e-32 7.32687e-23
1.13408e-14 5.0756e-32 7.32687e-23
1.13919e-14 5.27572e-32 7.32687e-23
1.14432e-14 5.48344e-32 7.32687e-23
1.14947e-14 5.69904e-32 7.32687e-23
1.15465e-14 5.92282e-32 7.32687e-23
1.15985e-14 6.15506e-32 7.32687e-23
1.16507e-14 6.39607e-32 7.32687e-23
1.17032e-14 6.64618e-32 7.32687e-23
1.17559e-14 6.90572e-32 7.32687e-23
1.18088e-14 7.17501e-32 7.32687e-23
1.1862e-14 7.45442e-32 7.32687e-23
1.19154e-14 7.74431e-32 7.32687e-23
1.19691e-14 8.04506e-32 7.32687e-23
1.2023e-14 8.35706e-32 7.32687e-23
1.20772e-14 8.6807e-32 7.32687e-23
1.21316e-14 9.01641e-32 7.32687e-23
1.21862e-14 9.36462e-32 7.32687e-23
1.22411e-14 9.72577e-32 7.32687e-23
1.22962e-14 1.01003e-31 7.32687e-23
1.23516e-14 1.04888e-31 7.32687e-23
1.24072e-14 1.08916e-31 7.32687e-23
1.24631e-14 1.13093e-31 7.32687e-23
1.25192e-14 1.17424e-31 7.32687e-23
1.25756e-14 1.21915e-31 7.32687e-23
1.26322e-14 1.2657e-31 7.32687e-23
1.26891e-14 1.31397e-31 7.32687e-23
1.27463e-14 1.36401e-31 7.32687e-23
1.28037e-14 1.41588e-31 7.32687e-23
1.28613e-14 1.46965e-31 7.32687e-23
1.29193e-14 1.52538e-31 7.32687e-23
1.29775e-14 1.58314e-31 7.32687e-23
1.30359e-14 1.64301e-31 7.32687e-23
1.30946e-14 1.70505e-31 7.32687e-23
1.31536e-14 1.76934e-31 7.32687e-23
1.32128e-14 1.83596e-31 7.32687e-23
1.32723e-14 1.90499e-31 7.32687e-23
1.33321e-14 1.97652e-31 7.32687e-23
1.33922e-14 2.05062e-31 7.32687e-23
1.34525e-14 2.12739e-31 7.32687e-23
1.35131e-14 2.20692e-31 7.32687e-23
1.35739e-14 2.28931e-31 7.32687e-23
1.3635e-14 2.37465e-31 7.32687e-23
1.36965e-14 2.46304e-31 7.32687e-23
1.37581e-14 2.5546e-31 7.32687e-23
1.38201e-14 2.64941e-31 7.32687e-23
1.38823e-14 2.74761e-31 7.32687e-23
1.39449e-14 2.8493e-31 7.32687e-23
1.40077e-14 2.9546e-31 7.32687e-23
1.40708e-14 3.06363e-31 7.32687e-23
1.41341e-14 3.17652e-31 7.32687e-23
1.41978e-14 3.29341e-31 7.32687e-23
1.42617e-14 3.41441e-31 7.32687e-23
1.4326e-14 3.53969e-31 7.32687e-23
1.43905e-14 3.66936e-31 7.32687e-23
1.44553e-14 3.8036e-31 7.32687e-23
1.45204e-14 3.94253e-31 7.32687e-23
1.45858e-14 4.08634e-31 7.32687e-23
1.46515e-14 4.23517e-31 7.32687e-23
1.47175e-14 4.38919e-31 7.32687e-23
1.47837e-14 4.54859e-31 7.32687e-23
1.48503e-14 4.71352e-31 7.32687e-23
1.49172e-14 4.88419e-31 7.32687e-23
1.49844e-14 5.06078e-31 7.32687e-23
1.50519e-14 5.24348e-31 7.32687e-23
1.51197e-14 5.43249e-31 7.32687e-23
1.51878e-14 5.62803e-31 7.32687e-23
1.52562e-14 5.83031e-31 7.32687e-23
1.53249e-14 6.03954e-31 7.32687e-23
1.53939e-14 6.25597e-31 7.32687e-23
1.54632e-14 6.47981e-31 7.32687e-23
1.55329e-14 6.71132e-31 7.32687e-23
1.56028e-14 6.95074e-31 7.32687e-23
1.56731e-14 7.19833e-31 7.32687e-23
1.57437e-14 7.45436e-31 7.32687e-23
1.58146e-14 7.7191e-31 7.32687e-23
1.58858e-14 7.99282e-31 7.32687e-23
1.59573e-14 8.27583e-31 7.32687e-23
1.60292e-14 8.56842e-31 7.32687e-23
1.61014e-14 8.8709e-31 7.32687e-23
1.61739e-14 9.18358e-31 7.32687e-23
1.62468e-14 9.5068e-31 7.32687e-23
1.63199e-14 9.84088e-31 7.32687e-23
1.63934e-14 1.01862e-30 7.32687e-23
1.64673e-14 1.05431e-30 7.32687e-23
1.65414e-14 1.09119e-30 7.32687e-23
1.66159e-14 1.1293e-30 7.32687e-23
1.66908e-14 1.16869e-30 7.32687e-23
1.67659e-14 1.20938e-30 7.32687e-23
1.68414e-14 1.25143e-30 7.32687e-23
1.69173e-14 1.29488e-30 7.32686e-23
1.69935e-14 1.33976e-30 7.32686e-23
1.707e-14 1.38613e-30 7.32686e-23
1.71469e-14 1.43403e-30 7.32686e-23
1.72241e-14 1.48351e-30 7.32686e-23
1.73017e-14 1.53462e-30 7.32686e-23
1.73796e-14 1.5874e-30 7.32686e-23
1.74579e-14 1.64192e-30 7.32686e-23
1.75365e-14 1.69822e-30 7.32686e-23
1.76155e-14 1.75637e-30 7.32686e-23
1.76948e-14 1.81641e-30 7.32686e-23
1.77745e-14 1.87841e-30 7.32686e-23
1.78546e-14 1.94242e-30 7.32686e-23
1.7935e-14 2.00851e-30 7.32686e-23
1.80158e-14 2.07675e-30 7.32686e-23
1.80969e-14 2.14719e-30 7.32686e-23
1.81784e-14 2.21991e-30 7.32686e-23
1.82603e-14 2.29498e-30 7.32686e-23
1.83425e-14 2.37246e-30 7.32686e-23
1.84251e-14 2.45243e-30 7.32686e-23
1.85081e-14 2.53496e-30 7.32686e-23
1.85914e-14 2.62014e-30 7.32686e-23
1.86752e-14 2.70804e-30 7.32686e-23
1.87593e-14 2.79875e-30 7.32686e-23
1.88438e-14 2.89235e-30 7.32686e-23
1.89286e-14 2.98893e-30 7.32686e-23
1.90139e-14 3.08857e-30 7.32686e-23
1.90995e-14 3.19137e-30 7.32686e-23
1.91855e-14 3.29743e-30 7.32686e-23
1.92719e-14 3.40683e-30 7.32686e-23
1.93587e-14 3.51968e-30 7.32686e-23
1.94459e-14 3.63609e-30 7.32686e-23
1.95335e-14 3.75615e-30 7.32686e-23
1.96215e-14 3.87998e-30 7.32686e-23
1.97098e-14 4.00769e-30 7.32686e-23
1.97986e-14 4.13939e-30 7.32686e-23
1.98878e-14 4.2752e-30 7.32686e-23
1.99774e-14 4.41523e-30 7.32686e-23
2.00673e-14 4.55962e-30 7.32686e-23
2.01577e-14 4.7085e-30 7.32685e-23
2.02485e-14 4.86198e-30 7.32685e-23
2.03397e-14 5.02021e-30 7.32685e-23
2.04313e-14 5.18333e-30 7.32685e-23
2.05233e-14 5.35147e-30 7.32685e-23
2.06157e-14 5.52479e-30 7.32685e-23
2.07086e-14 5.70342e-30 7.32685e-23
2.08018e-14 5.88754e-30 7.32685e-23
2.08955e-14 6.07728e-30 7.32685e-23
2.09896e-14 6.27282e-30 7.32685e-23
2.10842e-14 6.47432e-30 7.32685e-23
2.11791e-14 6.68195e-30 7.32685e-23
2.12745e-14 6.89589e-30 7.32685e-23
2.13703e-14 7.11632e-30 7.32685e-23
2.14666e-14 7.34342e-30 7.32685e-23
2.15632e-14 7.57737e-30 7.32685e-23
2.16604e-14 7.81839e-30 7.32685e-23
2.17579e-14 8.06665e-30 7.32684e-23
2.18559e-14 8.32238e-30 7.32684e-23
2.19543e-14 8.58577e-30 7.32684e-23
2.20532e-14 8.85705e-30 7.32684e-23
2.21525e-14 9.13644e-30 7.32684e-23
2.22523e-14 9.42416e-30 7.32684e-23
2.23525e-14 9.72044e-30 7.32684e-23
2.24532e-14 1.00255e-29 7.32684e-23
2.25543e-14 1.03397e-29 7.32684e-23
2.26559e-14 1.06631e-29 7.32684e-23
2.27579e-14 1.09961e-29 7.32683e-23
2.28604e-14 1.13389e-29 7.32683e-23
2.29634e-14 1.16918e-29 7.32683e-23
2.30668e-14 1.20551e-29 7.32683e-23
2.31707e-14 1.2429e-29 7.32683e-23
2.3275e-14 1.28139e-29 7.32683e-23
2.33799e-14 1.321e-29 7.32683e-23
2.34852e-14 1.36177e-29 7.32683e-23
2.35909e-14 1.40373e-29 7.32683e-23
2.36972e-14 1.4469e-29 7.32682e-23
2.38039e-14 1.49132e-29 7.32682e-23
2.39111e-14 1.53704e-29 7.32682e-23
2.40188e-14 1.58407e-29 7.32682e-23
2.4127e-14 1.63246e-29 7.32682e-23
2.42356e-14 1.68224e-29 7.32682e-23
2.43448e-14 1.73345e-29 7.32681e-23
2.44544e-14 1.78613e-29 7.32681e-23
2.45646e-14 1.84031e-29 7.32681e-23
2.46752e-14 1.89604e-29 7.32681e-23
2.47863e-14 1.95337e-29 7.32681e-23
2.4898e-14 2.01232e-29 7.32681e-23
2.50101e-14 2.07295e-29 7.3268e-23
2.51227e-14 2.13529e-29 7.3268e-23
2.52359e-14 2.1994e-29 7.3268e-23
2.53495e-14 2.26532e-29 7.3268e-23
2.54637e-14 2.3331e-29 7.32679e-23
2.55784e-14 2.40278e-29 7.32679e-23
2.56936e-14 2.47441e-29 7.32679e-23
2.58093e-14 2.54806e-29 7.32679e-23
2.59255e-14 2.62376e-29 7.32678e-23
2.60423e-14 2.70158e-29 7.32678e-23
2.61596e-14 2.78156e-29 7.32678e-23
2.62774e-14 2.86376e-29 7.32678e-23
2.63957e-14 2.94824e-29 7.32677e-23
2.65146e-14 3.03507e-29 7.32677e-23
2.6634e-14 3.12429e-29 7.32677e-23
2.6754e-14 3.21597e-29 7.32676e-23
2.68745e-14 3.31017e-29 7.32676e-23
2.69955e-14 3.40696e-29 7.32676e-23
2.71171e-14 3.50641e-29 7.32675e-23
2.72392e-14 3.60857e-29 7.32675e-23
2.73619e-14 3.71352e-29 7.32675e-23
2.74851e-14 3.82133e-29 7.32674e-23
2.76089e-14 3.93208e-29 7.32674e-23
2.77332e-14 4.04582e-29 7.32674e-23
2.78581e-14 4.16265e-29 7.32673e-23
2.79836e-14 4.28263e-29 7.32673e-23
2.81096e-14 4.40585e-29 7.32672e-23
2.82362e-14 4.53239e-29 7.32672e-23
2.83634e-14 4.66232e-29 7.32671e-23
2.84912e-14 4.79573e-29 7.32671e-23
2.86195e-14 4.93272e-29 7.32671e-23
2.87484e-14 5.07336e-29 7.3267e-23
2.88778e-14 5.21775e-29 7.3267e-23
2.90079e-14 5.36597e-29 7.32669e-23
2.91385e-14 5.51813e-29 7.32668e-23
2.92698e-14 5.67431e-29 7.32668e-23
2.94016e-14 5.83462e-29 7.32667e-23
2.9534e-14 5.99916e-29 7.32667e-23
2.9667e-14 6.16803e-29 7.32666e-23
2.98006e-14 6.34133e-29 7.32666e-23
2.99348e-14 6.51917e-29 7.32665e-23
3.00697e-14 6.70165e-29 7.32664e-23
3.02051e-14 6.8889e-29 7.32664e-23
3.03411e-14 7.08103e-29 7.32663e-23
3.04778e-14 7.27814e-29 7.32662e-23
3.0615e-14 7.48037e-29 7.32661e-23
3.07529e-14 7.68783e-29 7.32661e-23
3.08914e-14 7.90064e-29 7.3266e-23
3.10305e-14 8.11893e-29 7.32659e-23
3.11703e-14 8.34284e-29 7.32658e-23
3.13107e-14 8.57249e-29 7.32658e-23
3.14517e-14 8.80801e-29 7.32657e-23
3.15933e-14 9.04956e-29 7.32656e-23
3.17356e-14 9.29725e-29 7.32655e-23
3.18786e-14 9.55125e-29 7.32654e-23
3.20221e-14 9.81169e-29 7.32653e-23
3.21663e-14 1.00787e-28 7.32652e-23
3.23112e-14 1.03525e-28 7.32651e-23
3.24567e-14 1.06332e-28 7.3265e-23
3.26029e-14 1.09209e-28 7.32649e-23
3.27497e-14 1.12159e-28 7.32648e-23
3.28972e-14 1.15183e-28 7.32647e-23
3.30454e-14 1.18282e-28 7.32646e-23
3.31942e-14 1.21458e-28 7.32644e-23
3.33437e-14 1.24714e-28 7.32643e-23
3.34939e-14 1.2805e-28 7.32642e-23
3.36447e-14 1.31469e-28 7.32641e-23
3.37963e-14 1.34972e-28 7.32639e-23
3.39485e-14 1.38562e-28 7.32638e-23
3.41014e-14 1.4224e-28 7.32637e-23
3.42549e-14 1.46009e-28 7.32635e-23
3.44092e-14 1.4987e-28 7.32634e-23
3.45642e-14 1.53825e-28 7.32632e-23
3.47199e-14 1.57876e-28 7.32631e-23
3.48762e-14 1.62027e-28 7.32629e-23
3.50333e-14 1.66277e-28 7.32627e-23
3.51911e-14 1.70631e-28 7.32626e-23
3.53496e-14 1.75091e-28 7.32624e-23
3.55088e-14 1.79657e-28 7.32622e-23
3.56687e-14 1.84334e-28 7.32621e-23
3.58293e-14 1.89123e-28 7.32619e-23
3.59907e-14 1.94026e-28 7.32617e-23
3.61528e-14 1.99047e-28 7.32615e-23
3.63156e-14 2.04187e-28 7.32613e-23
3.64792e-14 2.0945e-28 7.32611e-23
3.66435e-14 2.14837e-28 7.32609e-23
3.68085e-14 2.20352e-28 7.32607e-23
3.69743e-14 2.25998e-28 7.32604e-23
3.71408e-14 2.31776e-28 7.32602e-23
3.73081e-14 2.3769e-28 7.326e-23
3.74761e-14 2.43743e-28 7.32597e-23
3.76449e-14 2.49938e-28 7.32595e-23
3.78144e-14 2.56277e-28 7.32592e-23
3.79847e-14 2.62764e-28 7.3259e-23
3.81558e-14 2.69402e-28 7.32587e-23
3.83276e-14 2.76193e-28 7.32585e-23
3.85002e-14 2.83142e-28 7.32582e-23
3.86736e-14 2.90251e-28 7.32579e-23
3.88478e-14 2.97523e-28 7.32576e-23
3.90228e-14 3.04962e-28 7.32573e-23
3.91985e-14 3.12572e-28 7.3257e-23
3.93751e-14 3.20356e-28 7.32567e-23
3.95524e-14 3.28317e-28 7.32564e-23
3.97305e-14 3.3646e-28 7.3256e-23
3.99095e-14 3.44787e-28 7.32557e-23
4.00892e-14 3.53302e-28 7.32554e-23
4.02698e-14 3.6201e-28 7.3255e-23
4.04511e-14 3.70914e-28 7.32546e-23
4.06333e-14 3.80018e-28 7.32543e-23
4.08163e-14 3.89326e-28 7.32539e-23
4.10001e-14 3.98842e-28 7.32535e-23
4.11848e-14 4.0857e-28 7.32531e-23
4.13703e-14 4.18515e-28 7.32527e-23
4.15566e-14 4.28681e-28 7.32523e-23
4.17437e-14 4.39071e-28 7.32519e-23
4.19317e-14 4.49692e-28 7.32514e-23
4.21206e-14 4.60546e-28 7.3251e-23
4.23103e-14 4.71638e-28 7.32505e-23
4.25008e-14 4.82974e-28 7.325e-23
4.26922e-14 4.94557e-28 7.32496e-23
4.28845e-14 5.06394e-28 7.32491e-23
4.30777e-14 5.18487e-28 7.32485e-23
4.32717e-14 5.30843e-28 7.3248e-23
4.34666e-14 5.43467e-28 7.32475e-23
4.36623e-14 5.56363e-28 7.3247e-23
4.3859e-14 5.69537e-28 7.32464e-23
4.40565e-14 5.82994e-28 7.32458e-23
4.42549e-14 5.96739e-28 7.32452e-23
4.44542e-14 6.10778e-28 7.32447e-23
4.46544e-14 6.25116e-28 7.3244e-23
4.48555e-14 6.39759e-28 7.32434e-23
4.50575e-14 6.54713e-28 7.32428e-23
4.52605e-14 6.69983e-28 7.32421e-23
4.54643e-14 6.85575e-28 7.32415e-23
4.56691e-14 7.01495e-28 7.32408e-23
4.58748e-14 7.17749e-28 7.32401e-23
4.60814e-14 7.34344e-28 7.32393e-23
4.62889e-14 7.51285e-28 7.32386e-23
4.64974e-14 7.68578e-28 7.32379e-23
4.67068e-14 7.86231e-28 7.32371e-23
4.69171e-14 8.0425e-28 7.32363e-23
4.71284e-14 8.2264e-28 7.32355e-23
4.73407e-14 8.4141e-28 7.32347e-23
4.75539e-14 8.60565e-28 7.32338e-23
4.77681e-14 8.80113e-28 7.3233e-23
4.79832e-14 9.0006e-28 7.32321e-23
4.81993e-14 9.20414e-28 7.32312e-23
4.84164e-14 9.41181e-28 7.32303e-23
4.86344e-14 9.6237e-28 7.32293e-23
4.88535e-14 9.83987e-28 7.32284e-23
4.90735e-14 1.00604e-27 7.32274e-23
4.92945e-14 1.02854e-27 7.32264e-23
4.95165e-14 1.05148e-27 7.32254e-23
4.97395e-14 1.07489e-27 7.32243e-23
4.99635e-14 1.09876e-27 7.32232e-23
5.01886e-14 1.12311e-27 7.32221e-23
5.04146e-14 1.14794e-27 7.3221e-23
5.06416e-14 1.17326e-27 7.32199e-23
5.08697e-14 1.19908e-27 7.32187e-23
5.10988e-14 1.22541e-27 7.32175e-23
5.13289e-14 1.25226e-27 7.32163e-23
5.15601e-14 1.27963e-27 7.3215e-23
5.17923e-14 1.30753e-27 7.32137e-23
5.20256e-14 1.33598e-27 7.32124e-23
5.22599e-14 1.36498e-27 7.32111e-23
5.24953e-14 1.39454e-27 7.32097e-23
5.27317e-14 1.42467e-27 7.32083e-23
5.29692e-14 1.45538e-27 7.32069e-23
5.32077e-14 1.48668e-27 7.32054e-23
5.34474e-14 1.51857e-27 7.3204e-23
5.36881e-14 1.55108e-27 7.32024e-23
5.39299e-14 1.5842e-27 7.32009e-23
5.41728e-14 1.61795e-27 7.31993e-23
5.44167e-14 1.65234e-27 7.31977e-23
5.46618e-14 1.68737e-27 7.3196e-23
5.4908e-14 1.72306e-27 7.31943e-23
5.51553e-14 1.75943e-27 7.31926e-23
5.54037e-14 1.79647e-27 7.31909e-23
5.56532e-14 1.8342e-27 7.31891e-23
5.59039e-14 1.87263e-27 7.31872e-23
5.61556e-14 1.91177e-27 7.31854e-23
5.64085e-14 1.95164e-27 7.31834e-23
5.66626e-14 1.99224e-27 7.31815e-23
5.69178e-14 2.03358e-27 7.31795e-23
5.71741e-14 2.07568e-27 7.31775e-23
5.74316e-14 2.11855e-27 7.31754e-23
5.76903e-14 2.1622e-27 7.31733e-23
5.79501e-14 2.20664e-27 7.31711e-23
5.82111e-14 2.25188e-27 7.31689e-23
5.84732e-14 2.29793e-27 7.31667e-23
5.87366e-14 2.34482e-27 7.31644e-23
5.90011e-14 2.39254e-27 7.3162e-23
5.92668e-14 2.44112e-27 7.31596e-23
5.95338e-14 2.49056e-27 7.31572e-23
5.98019e-14 2.54087e-27 7.31547e-23
6.00712e-14 2.59208e-27 7.31521e-23
6.03418e-14 2.64419e-27 7.31496e-23
6.06135e-14 2.69721e-27 7.31469e-23
6.08865e-14 2.75116e-27 7.31442e-23
6.11607e-14 2.80606e-27 7.31415e-23
6.14362e-14 2.86191e-27 7.31387e-23
6.17129e-14 2.91873e-27 7.31358e-23
6.19908e-14 2.97653e-27 7.31329e-23
6.227e-14 3.03533e-27 7.31299e-23
6.25504e-14 3.09515e-27 7.31269e-23
6.28321e-14 3.15598e-27 7.31238e-23
6.31151e-14 3.21785e-27 7.31206e-23
6.33994e-14 3.28078e-27 7.31174e-23
6.36849e-14 3.34478e-27 7.31141e-23
6.39717e-14 3.40985e-27 7.31108e-23
6.42598e-14 3.47603e-27 7.31074e-23
6.45492e-14 3.54331e-27 7.31039e-23
6.484e-14 3.61172e-27 7.31003e-23
6.5132e-14 3.68127e-27 7.30967e-23
6.54253e-14 3.75198e-27 7.3093e-23
6.572e-14 3.82387e-27 7.30893e-23
6.6016e-14 3.89694e-27 7.30855e-23
6.63133e-14 3.97121e-27 7.30816e-23
6.66119e-14 4.0467e-27 7.30776e-23
6.69119e-14 4.12343e-27 7.30736e-23
6.72133e-14 4.20141e-27 7.30694e-23
6.7516e-14 4.28065e-27 7.30652e-23
6.78201e-14 4.36118e-27 7.3061e-23
6.81255e-14 4.443e-27 7.30566e-23
6.84323e-14 4.52614e-27 7.30521e-23
6.87405e-14 4.61062e-27 7.30476e-23
6.90501e-14 4.69644e-27 7.3043e-23
6.93611e-14 4.78363e-27 7.30383e-23
6.96735e-14 4.8722e-27 7.30335e-23
6.99873e-14 4.96217e-27 7.30287e-23
7.03025e-14 5.05355e-27 7.30237e-23
7.06191e-14 5.14637e-27 7.30186e-23
7.09371e-14 5.24064e-27 7.30135e-23
7.12566e-14 5.33638e-27 7.30083e-23
7.15775e-14 5.4336e-27 7.30029e-23
7.18999e-14 5.53233e-27 7.29975e-23
7.22237e-14 5.63258e-27 7.2992e-23
7.2549e-14 5.73437e-27 7.29863e-23
7.28757e-14 5.83772e-27 7.29806e-23
7.32039e-14 5.94264e-27 7.29747e-23
7.35336e-14 6.04915e-27 7.29688e-23
7.38648e-14 6.15728e-27 7.29628e-23
7.41975e-14 6.26704e-27 7.29566e-23
7.45316e-14 6.37844e-27 7.29503e-23
7.48673e-14 6.49151e-27 7.2944e-23
7.52045e-14 6.60627e-27 7.29375e-23
7.55432e-14 6.72273e-27 7.29309e-23
7.58834e-14 6.84091e-27 7.29241e-23
7.62252e-14 6.96084e-27 7.29173e-23
7.65685e-14 7.08253e-27 7.29103e-23
7.69133e-14 7.206e-27 7.29033e-23
7.72597e-14 7.33126e-27 7.2896e-23
7.76076e-14 7.45835e-27 7.28887e-23
7.79572e-14 7.58727e-27 7.28813e-23
7.83083e-14 7.71805e-27 7.28737e-23
7.86609e-14 7.8507e-27 7.28659e-23
7.90152e-14 7.98526e-27 7.28581e-23
7.93711e-14 8.12172e-27 7.28501e-23
7.97285e-14 8.26012e-27 7.2842e-23
8.00876e-14 8.40048e-27 7.28337e-23
8.04483e-14 8.54281e-27 7.28253e-23
8.08106e-14 8.68714e-27 7.28168e-23
8.11746e-14 8.83347e-27 7.28081e-23
8.15402e-14 8.98185e-27 7.27993e-23
8.19074e-14 9.13227e-27 7.27903e-23
8.22763e-14 9.28477e-27 7.27812e-23
8.26468e-14 9.43937e-27 7.27719e-23
8.3019e-14 9.59607e-27 7.27624e-23
8.33929e-14 9.75491e-27 7.27528e-23
8.37685e-14 9.91591e-27 7.27431e-23
8.41458e-14 1.00791e-26 7.27332e-23
8.45247e-14 1.02444e-26 7.27231e-23
8.49054e-14 1.0412e-26 7.27128e-23
8.52878e-14 1.05818e-26 7.27024e-23
8.56719e-14 1.07539e-26 7.26918e-23
8.60578e-14 1.09282e-26 7.26811e-23
8.64453e-14 1.11049e-26 7.26702e-23
8.68347e-14 1.12838e-26 7.26591e-23
8.72257e-14 1.14651e-26 7.26478e-23
8.76186e-14 1.16488e-26 7.26363e-23
8.80132e-14 1.18348e-26 7.26247e-23
8.84096e-14 1.20232e-26 7.26128e-23
8.88077e-14 1.2214e-26 7.26008e-23
8.92077e-14 1.24073e-26 7.25886e-23
8.96095e-14 1.2603e-26 7.25762e-23
9.00131e-14 1.28012e-26 7.25636e-23
9.04184e-14 1.30019e-26 7.25508e-23
9.08257e-14 1.32051e-26 7.25378e-23
9.12347e-14 1.34109e-26 7.25246e-23
9.16456e-14 1.36192e-26 7.25112e-23
9.20584e-14 1.38301e-26 7.24975e-23
9.2473e-14 1.40436e-26 7.24837e-23
9.28894e-14 1.42597e-26 7.24697e-23
9.33078e-14 1.44784e-26 7.24554e-23
9.3728e-14 1.46998e-26 7.24409e-23
9.41501e-14 1.49239e-26 7.24262e-23
9.45742e-14 1.51506e-26 7.24113e-23
9.50001e-14 1.53801e-26 7.23962e-23
9.54279e-14 1.56123e-26 7.23808e-23
9.58577e-14 1.58473e-26 7.23652e-23
9.62894e-14 1.6085e-26 7.23493e-23
9.67231e-14 1.63255e-26 7.23332e-23
9.71587e-14 1.65689e-26 7.23169e-23
9.75963e-14 1.6815e-26 7.23003e-23
9.80358e-14 1.7064e-26 7.22835e-23
9.84774e-14 1.73159e-26 7.22665e-23
9.89209e-14 1.75707e-26 7.22491e-23
9.93664e-14 1.78284e-26 7.22316e-23
9.98139e-14 1.80889e-26 7.22137e-23
1.00263e-13 1.83525e-26 7.21957e-23
1.00715e-13 1.8619e-26 7.21773e-23
1.01169e-13 1.88884e-26 7.21587e-23
1.01624e-13 1.91609e-26 7.21398e-23
1.02082e-13 1.94364e-26 7.21206e-23
1.02542e-13 1.97149e-26 7.21012e-23
1.03003e-13 1.99964e-26 7.20815e-23
1.03467e-13 2.0281e-26 7.20615e-23
1.03933e-13 2.05687e-26 7.20412e-23
1.04401e-13 2.08595e-26 7.20206e-23
1.04872e-13 2.11534e-26 7.19998e-23
1.05344e-13 2.14504e-26 7.19786e-23
1.05818e-13 2.17505e-26 7.19572e-23
1.06295e-13 2.20539e-26 7.19354e-23
1.06774e-13 2.23604e-26 7.19134e-23
1.07255e-13 2.26701e-26 7.1891e-23
1.07738e-13 2.29829e-26 7.18683e-23
1.08223e-13 2.32991e-26 7.18454e-23
1.0871e-13 2.36184e-26 7.18221e-23
1.092e-13 2.3941e-26 7.17984e-23
1.09692e-13 2.42669e-26 7.17745e-23
1.10186e-13 2.45961e-26 7.17502e-23
1.10682e-13 2.49285e-26 7.17256e-23
1.1118e-13 2.52642e-26 7.17007e-23
1.11681e-13 2.56033e-26 7.16754e-23
1.12184e-13 2.59457e-26 7.16498e-23
1.12689e-13 2.62915e-26 7.16239e-23
1.13197e-13 2.66406e-26 7.15976e-23
1.13707e-13 2.6993e-26 7.1571e-23
1.14219e-13 2.73489e-26 7.1544e-23
1.14733e-13 2.77081e-26 7.15166e-23
1.1525e-13 2.80708e-26 7.14889e-23
1.15769e-13 2.84368e-26 7.14608e-23
1.1629e-13 2.88063e-26 7.14324e-23
1.16814e-13 2.91792e-26 7.14036e-23
1.1734e-13 2.95556e-26 7.13744e-23
1.17869e-13 2.99354e-26 7.13449e-23
1.18399e-13 3.03187e-26 7.13149e-23
1.18933e-13 3.07054e-26 7.12846e-23
1.19468e-13 3.10957e-26 7.12539e-23
1.20006e-13 3.14894e-26 7.12228e-23
1.20547e-13 3.18866e-26 7.11913e-23
1.2109e-13 3.22873e-26 7.11594e-23
1.21635e-13 3.26916e-26 7.11271e-23
1.22183e-13 3.30993e-26 7.10944e-23
1.22733e-13 3.35106e-26 7.10613e-23
1.23286e-13 3.39254e-26 7.10278e-23
1.23841e-13 3.43437e-26 7.09939e-23
1.24399e-13 3.47656e-26 7.09596e-23
1.24959e-13 3.5191e-26 7.09248e-23
1.25522e-13 3.562e-26 7.08896e-23
1.26087e-13 3.60525e-26 7.0854e-23
1.26655e-13 3.64885e-26 7.08179e-23
1.27226e-13 3.69282e-26 7.07815e-23
1.27799e-13 3.73713e-26 7.07445e-23
1.28374e-13 3.78181e-26 7.07072e-23
1.28952e-13 3.82684e-26 7.06693e-23
1.29533e-13 3.87223e-26 7.06311e-23
1.30116e-13 3.91797e-26 7.05923e-23
1.30702e-13 3.96407e-26 7.05532e-23
1.31291e-13 4.01053e-26 7.05135e-23
1.31882e-13 4.05734e-26 7.04734e-23
1.32476e-13 4.10451e-26 7.04328e-23
1.33073e-13 4.15203e-26 7.03918e-23
1.33672e-13 4.19991e-26 7.03503e-23
1.34274e-13 4.24815e-26 7.03083e-23
1.34879e-13 4.29674e-26 7.02658e-23
1.35487e-13 4.34569e-26 7.02228e-23
1.36097e-13 4.39499e-26 7.01794e-23
1.3671e-13 4.44464e-26 7.01354e-23
1.37325e-13 4.49465e-26 7.0091e-23
1.37944e-13 4.54501e-26 7.0046e-23
1.38565e-13 4.59572e-26 7.00006e-23
1.39189e-13 4.64678e-26 6.99546e-23
1.39816e-13 4.6982e-26 6.99082e-23
1.40446e-13 4.74996e-26 6.98612e-23
1.41078e-13 4.80207e-26 6.98137e-23
1.41714e-13 4.85454e-26 6.97657e-23
1.42352e-13 4.90734e-26 6.97171e-23
1.42993e-13 4.9605e-26 6.9668e-23
1.43637e-13 5.014e-26 6.96184e-23
1.44284e-13 5.06784e-26 6.95683e-23
1.44934e-13 5.12202e-26 6.95176e-23
1.45586e-13 5.17655e-26 6.94664e-23
1.46242e-13 5.23142e-26 6.94146e-23
1.46901e-13 5.28662e-26 6.93623e-23
1.47562e-13 5.34217e-26 6.93094e-23
1.48227e-13 5.39804e-26 6.9256e-23
1.48894e-13 5.45426e-26 6.9202e-23
1.49565e-13 5.5108e-26 6.91475e-23
1.50239e-13 5.56768e-26 6.90924e-23
1.50915e-13 5.62488e-26 6.90367e-23
1.51595e-13 5.68242e-26 6.89805e-23
1.52278e-13 5.74028e-26 6.89236e-23
1.52963e-13 5.79846e-26 6.88662e-23
1.53652e-13 5.85696e-26 6.88083e-23
1.54344e-13 5.91578e-26 6.87497e-23
1.5504e-13 5.97493e-26 6.86905e-23
1.55738e-13 6.03438e-26 6.86308e-23
1.56439e-13 6.09415e-26 6.85704e-23
1.57144e-13 6.15423e-26 6.85095e-23
1.57851e-13 6.21462e-26 6.8448e-23
1.58562e-13 6.27532e-26 6.83858e-23
1.59277e-13 6.33632e-26 6.83231e-23
1.59994e-13 6.39762e-26 6.82597e-23
1.60714e-13 6.45922e-26 6.81957e-23
1.61438e-13 6.52112e-26 6.81311e-23
1.62165e-13 6.5833e-26 6.80659e-23
1.62896e-13 6.64578e-26 6.80001e-23
1.63629e-13 6.70855e-26 6.79336e-23
1.64366e-13 6.7716e-26 6.78665e-23
1.65106e-13 6.83494e-26 6.77988e-23
1.6585e-13 6.89855e-26 6.77305e-23
1.66597e-13 6.96244e-26 6.76615e-23
1.67347e-13 7.0266e-26 6.75919e-23
1.68101e-13 7.09104e-26 6.75216e-23
1.68858e-13 7.15573e-26 6.74507e-23
1.69619e-13 7.22069e-26 6.73791e-23
1.70382e-13 7.28591e-26 6.73069e-23
1.7115e-13 7.35139e-26 6.72341e-23
1.71921e-13 7.41712e-26 6.71605e-23
1.72695e-13 7.4831e-26 6.70864e-23
1.73473e-13 7.54932e-26 6.70115e-23
1.74254e-13 7.61579e-26 6.6936e-23
1.75039e-13 7.68249e-26 6.68599e-23
1.75827e-13 7.74943e-26 6.67831e-23
1.76619e-13 7.81659e-26 6.67056e-23
1.77414e-13 7.88399e-26 6.66274e-23
1.78213e-13 7.9516e-26 6.65486e-23
1.79016e-13 8.01944e-26 6.64691e-23
1.79822e-13 8.08749e-26 6.63889e-23
1.80632e-13 8.15574e-26 6.6308e-23
1.81446e-13 8.22421e-26 6.62264e-23
1.82263e-13 8.29287e-26 6.61442e-23
1.83084e-13 8.36173e-26 6.60613e-23
1.83908e-13 8.43079e-26 6.59776e-23
1.84736e-13 8.50003e-26 6.58933e-23
1.85568e-13 8.56946e-26 6.58083e-23
1.86404e-13 8.63906e-26 6.57226e-23
1.87244e-13 8.70884e-26 6.56362e-23
1.88087e-13 8.77879e-26 6.55492e-23
1.88934e-13 8.84891e-26 6.54614e-23
1.89785e-13 8.91918e-26 6.53729e-23
1.9064e-13 8.98961e-26 6.52837e-23
1.91498e-13 9.06019e-26 6.51938e-23
1.92361e-13 9.13092e-26 6.51032e-23
1.93227e-13 9.20178e-26 6.50119e-23
1.94097e-13 9.27278e-26 6.49199e-23
1.94972e-13 9.34391e-26 6.48271e-23
1.9585e-13 9.41517e-26 6.47337e-23
1.96732e-13 9.48655e-26 6.46395e-23
1.97618e-13 9.55804e-26 6.45447e-23
1.98508e-13 9.62963e-26 6.44491e-23
1.99402e-13 9.70134e-26 6.43528e-23
2.003e-13 9.77314e-26 6.42558e-23
2.01202e-13 9.84503e-26 6.41581e-23
2.02108e-13 9.91701e-26 6.40596e-23
2.03018e-13 9.98907e-26 6.39604e-23
2.03933e-13 1.00612e-25 6.38605e-23
2.04851e-13 1.01334e-25 6.37599e-23
2.05774e-13 1.02057e-25 6.36586e-23
2.067e-13 1.0278e-25 6.35565e-23
2.07631e-13 1.03504e-25 6.34538e-23
2.08566e-13 1.04228e-25 6.33503e-23
2.09506e-13 1.04953e-25 6.3246e-23
2.10449e-13 1.05678e-25 6.31411e-23
2.11397e-13 1.06403e-25 6.30354e-23
2.12349e-13 1.07129e-25 6.2929e-23
2.13306e-13 1.07855e-25 6.28219e-23
2.14266e-13 1.08581e-25 6.2714e-23
2.15231e-13 1.09307e-25 6.26054e-23
2.16201e-13 1.10033e-25 6.24961e-23
2.17174e-13 1.10758e-25 6.23861e-23
2.18152e-13 1.11484e-25 6.22753e-23
2.19135e-13 1.1221e-25 6.21638e-23
2.20122e-13 1.12935e-25 6.20516e-23
2.21113e-13 1.1366e-25 6.19387e-23
2.22109e-13 1.14384e-25 6.1825e-23
2.23109e-13 1.15108e-25 6.17107e-23
2.24114e-13 1.15832e-25 6.15955e-23
2.25123e-13 1.16555e-25 6.14797e-23
2.26137e-13 1.17277e-25 6.13632e-23
2.27156e-13 1.17999e-25 6.12459e-23
2.28179e-13 1.1872e-25 6.11279e-23
2.29206e-13 1.1944e-25 6.10092e-23
2.30239e-13 1.20159e-25 6.08897e-23
2.31276e-13 1.20877e-25 6.07696e-23
2.32317e-13 1.21594e-25 6.06487e-23
2.33364e-13 1.2231e-25 6.05271e-23
2.34415e-13 1.23025e-25 6.04048e-23
2.3547e-13 1.23738e-25 6.02818e-23
2.36531e-13 1.2445e-25 6.0158e-23
2.37596e-13 1.25161e-25 6.00336e-23
2.38666e-13 1.25871e-25 5.99084e-23
2.39741e-13 1.26578e-25 5.97825e-23
2.40821e-13 1.27285e-25 5.9656e-23
2.41905e-13 1.27989e-25 5.95287e-23
2.42995e-13 1.28692e-25 5.94007e-23
2.44089e-13 1.29394e-25 5.9272e-23
2.45188e-13 1.30093e-25 5.91426e-23
2.46293e-13 1.3079e-25 5.90125e-23
2.47402e-13 1.31486e-25 5.88817e-23
2.48516e-13 1.32179e-25 5.87502e-23
2.49635e-13 1.3287e-25 5.86181e-23
2.5076e-13 1.33559e-25 5.84852e-23
2.51889e-13 1.34246e-25 5.83516e-23
2.53023e-13 1.34931e-25 5.82174e-23
2.54163e-13 1.35613e-25 5.80825e-23
2.55308e-13 1.36292e-25 5.79468e-23
2.56458e-13 1.36969e-25 5.78105e-23
2.57613e-13 1.37644e-25 5.76736e-23
2.58773e-13 1.38315e-25 5.75359e-23
2.59938e-13 1.38985e-25 5.73976e-23
2.61109e-13 1.39651e-25 5.72586e-23
2.62285e-13 1.40314e-25 5.7119e-23
2.63466e-13 1.40975e-25 5.69787e-23
2.64653e-13 1.41632e-25 5.68377e-23
2.65845e-13 1.42286e-25 5.66961e-23
2.67042e-13 1.42938e-25 5.65538e-23
2.68245e-13 1.43586e-25 5.64108e-23
2.69453e-13 1.4423e-25 5.62673e-23
2.70666e-13 1.44872e-25 5.6123e-23
2.71885e-13 1.4551e-25 5.59782e-23
2.7311e-13 1.46144e-25 5.58326e-23
2.7434e-13 1.46775e-25 5.56865e-23
2.75575e-13 1.47402e-25 5.55397e-23
2.76816e-13 1.48026e-25 5.53923e-23
2.78063e-13 1.48646e-25 5.52443e-23
2.79315e-13 1.49262e-25 5.50956e-23
2.80573e-13 1.49874e-25 5.49464e-23
2.81837e-13 1.50483e-25 5.47965e-23
2.83106e-13 1.51087e-25 5.4646e-23
2.84381e-13 1.51687e-25 5.44949e-23
2.85662e-13 1.52283e-25 5.43433e-23
2.86949e-13 1.52875e-25 5.4191e-23
2.88241e-13 1.53463e-25 5.40381e-23
2.89539e-13 1.54046e-25 5.38846e-23
2.90843e-13 1.54625e-25 5.37306e-23
2.92153e-13 1.552e-25 5.3576e-23
2.93469e-13 1.5577e-25 5.34208e-23
2.9479e-13 1.56335e-25 5.3265e-23
2.96118e-13 1.56896e-25 5.31087e-23
2.97452e-13 1.57452e-25 5.29518e-23
2.98791e-13 1.58004e-25 5.27943e-23
3.00137e-13 1.5855e-25 5.26363e-23
3.01489e-13 1.59092e-25 5.24778e-23
3.02847e-13 1.59629e-25 5.23187e-23
3.0421e-13 1.60161e-25 5.2159e-23
3.05581e-13 1.60687e-25 5.19989e-23
3.06957e-13 1.61209e-25 5.18382e-23
3.08339e-13 1.61726e-25 5.1677e-23
3.09728e-13 1.62237e-25 5.15153e-23
3.11123e-13 1.62743e-25 5.1353e-23
3.12524e-13 1.63244e-25 5.11903e-23
3.13932e-13 1.63739e-25 5.1027e-23
3.15345e-13 1.64229e-25 5.08633e-23
3.16766e-13 1.64714e-25 5.06991e-23
3.18192e-13 1.65193e-25 5.05343e-23
3.19625e-13 1.65666e-25 5.03692e-23
3.21065e-13 1.66134e-25 5.02035e-23
3.22511e-13 1.66596e-25 5.00374e-23
3.23963e-13 1.67052e-25 4.98708e-23
3.25422e-13 1.67502e-25 4.97037e-23
3.26888e-13 1.67947e-25 4.95362e-23
3.2836e-13 1.68386e-25 4.93683e-23
3.29839e-13 1.68819e-25 4.91999e-23
3.31324e-13 1.69246e-25 4.90311e-23
3.32817e-13 1.69666e-25 4.88618e-23
3.34316e-13 1.70081e-25 4.86921e-23
3.35821e-13 1.7049e-25 4.85221e-23
3.37334e-13 1.70892e-25 4.83516e-23
3.38853e-13 1.71289e-25 4.81807e-23
3.40379e-13 1.71679e-25 4.80094e-23
3.41912e-13 1.72062e-25 4.78377e-23
3.43452e-13 1.7244e-25 4.76656e-23
3.44999e-13 1.72811e-25 4.74932e-23
3.46552e-13 1.73176e-25 4.73204e-23
3.48113e-13 1.73534e-25 4.71472e-23
3.49681e-13 1.73886e-25 4.69737e-23
3.51256e-13 1.74231e-25 4.67998e-23
3.52838e-13 1.74569e-25 4.66256e-23
3.54427e-13 1.74901e-25 4.6451e-23
3.56023e-13 1.75227e-25 4.62761e-23
3.57627e-13 1.75545e-25 4.61009e-23
3.59237e-13 1.75858e-25 4.59253e-23
3.60855e-13 1.76163e-25 4.57495e-23
3.6248e-13 1.76461e-25 4.55733e-23
3.64113e-13 1.76753e-25 4.53968e-23
3.65753e-13 1.77038e-25 4.52201e-23
3.674e-13 1.77316e-25 4.50431e-23
3.69055e-13 1.77587e-25 4.48657e-23
3.70717e-13 1.77851e-25 4.46882e-23
3.72386e-13 1.78109e-25 4.45103e-23
3.74063e-13 1.78359e-25 4.43322e-23
3.75748e-13 1.78602e-25 4.41538e-23
3.7744e-13 1.78839e-25 4.39752e-23
3.7914e-13 1.79068e-25 4.37964e-23
3.80848e-13 1.7929e-25 4.36173e-23
3.82563e-13 1.79505e-25 4.3438e-23
3.84286e-13 1.79714e-25 4.32585e-23
3.86017e-13 1.79914e-25 4.30788e-23
3.87755e-13 1.80108e-25 4.28989e-23
3.89502e-13 1.80295e-25 4.27188e-23
3.91256e-13 1.80474e-25 4.25385e-23
3.93018e-13 1.80647e-25 4.2358e-23
3.94788e-13 1.80812e-25 4.21774e-23
3.96566e-13 1.80969e-25 4.19966e-23
3.98352e-13 1.8112e-25 4.18156e-23
4.00146e-13 1.81263e-25 4.16345e-23
4.01948e-13 1.81399e-25 4.14532e-23
4.03758e-13 1.81528e-25 4.12718e-23
4.05577e-13 1.8165e-25 4.10903e-23
4.07403e-13 1.81764e-25 4.09086e-23
4.09238e-13 1.81871e-25 4.07269e-23
4.11081e-13 1.8197e-25 4.0545e-23
4.12933e-13 1.82063e-25 4.0363e-23
4.14792e-13 1.82148e-25 4.0181e-23
4.16661e-13 1.82225e-25 3.99988e-23
4.18537e-13 1.82296e-25 3.98166e-23
4.20422e-13 1.82359e-25 3.96343e-23
4.22315e-13 1.82414e-25 3.94519e-23
4.24217e-13 1.82463e-25 3.92695e-23
4.26128e-13 1.82504e-25 3.90871e-23
4.28047e-13 1.82537e-25 3.89046e-23
4.29975e-13 1.82564e-25 3.8722e-23
4.31911e-13 1.82583e-25 3.85395e-23
4.33857e-13 1.82594e-25 3.83569e-23
4.35811e-13 1.82599e-25 3.81743e-23
4.37773e-13 1.82596e-25 3.79917e-23
4.39745e-13 1.82585e-25 3.78091e-23
4.41725e-13 1.82568e-25 3.76265e-23
4.43715e-13 1.82543e-25 3.74439e-23
4.45713e-13 1.82511e-25 3.72614e-23
4.47721e-13 1.82471e-25 3.70789e-23
4.49737e-13 1.82424e-25 3.68964e-23
4.51762e-13 1.82371e-25 3.6714e-23
4.53797e-13 1.82309e-25 3.65316e-23
4.55841e-13 1.82241e-25 3.63493e-23
4.57894e-13 1.82165e-25 3.61671e-23
4.59956e-13 1.82082e-25 3.59849e-23
4.62028e-13 1.81992e-25 3.58028e-23
4.64108e-13 1.81895e-25 3.56208e-23
4.66199e-13 1.81791e-25 3.54389e-23
4.68298e-13 1.81679e-25 3.52571e-23
4.70407e-13 1.81561e-25 3.50755e-23
4.72526e-13 1.81435e-25 3.48939e-23
4.74654e-13 1.81302e-25 3.47125e-23
4.76792e-13 1.81163e-25 3.45312e-23
4.78939e-13 1.81016e-25 3.435e-23
4.81096e-13 1.80862e-25 3.4169e-23
4.83263e-13 1.80701e-25 3.39881e-23
4.85439e-13 1.80533e-25 3.38074e-23
4.87626e-13 1.80359e-25 3.36269e-23
4.89822e-13 1.80177e-25 3.34465e-23
4.92028e-13 1.79989e-25 3.32663e-23
4.94244e-13 1.79793e-25 3.30864e-23
4.9647e-13 1.79591e-25 3.29066e-23
4.98705e-13 1.79382e-25 3.2727e-23
5.00952e-13 1.79167e-25 3.25476e-23
5.03208e-13 1.78944e-25 3.23684e-23
5.05474e-13 1.78715e-25 3.21895e-23
5.0775e-13 1.7848e-25 3.20108e-23
5.10037e-13 1.78237e-25 3.18323e-23
5.12334e-13 1.77988e-25 3.1654e-23
5.14642e-13 1.77733e-25 3.14761e-23
5.16959e-13 1.77471e-25 3.12983e-23
5.19288e-13 1.77202e-25 3.11209e-23
5.21626e-13 1.76928e-25 3.09437e-23
5.23976e-13 1.76646e-25 3.07667e-23
5.26336e-13 1.76358e-25 3.05901e-23
5.28706e-13 1.76064e-25 3.04137e-23
5.31087e-13 1.75764e-25 3.02377e-23
5.33479e-13 1.75457e-25 3.00619e-23
5.35882e-13 1.75145e-25 2.98864e-23
5.38295e-13 1.74826e-25 2.97113e-23
5.40719e-13 1.74501e-25 2.95365e-23
5.43155e-13 1.74169e-25 2.9362e-23
5.45601e-13 1.73832e-25 2.91878e-23
5.48058e-13 1.73489e-25 2.9014e-23
5.50526e-13 1.7314e-25 2.88405e-23
5.53006e-13 1.72785e-25 2.86673e-23
5.55496e-13 1.72424e-25 2.84946e-23
5.57998e-13 1.72057e-25 2.83221e-23
5.60511e-13 1.71684e-25 2.81501e-23
5.63036e-13 1.71306e-25 2.79784e-23
5.65571e-13 1.70922e-25 2.78071e-23
5.68119e-13 1.70533e-25 2.76362e-23
5.70677e-13 1.70138e-25 2.74656e-23
5.73247e-13 1.69737e-25 2.72955e-23
5.75829e-13 1.69331e-25 2.71258e-23
5.78422e-13 1.68919e-25 2.69564e-23
5.81027e-13 1.68502e-25 2.67875e-23
5.83644e-13 1.6808e-25 2.6619e-23
5.86273e-13 1.67653e-25 2.64509e-23
5.88913e-13 1.6722e-25 2.62833e-23
5.91566e-13 1.66782e-25 2.6116e-23
5.9423e-13 1.66339e-25 2.59493e-23
5.96906e-13 1.65891e-25 2.57829e-23
5.99594e-13 1.65438e-25 2.5617e-23
6.02295e-13 1.6498e-25 2.54516e-23
6.05007e-13 1.64517e-25 2.52866e-23
6.07732e-13 1.64049e-25 2.51221e-23
6.10469e-13 1.63576e-25 2.49581e-23
6.13218e-13 1.63099e-25 2.47945e-23
6.1598e-13 1.62617e-25 2.46314e-23
6.18754e-13 1.62131e-25 2.44688e-23
6.21541e-13 1.61639e-25 2.43066e-23
6.2434e-13 1.61144e-25 2.4145e-23
6.27152e-13 1.60644e-25 2.39838e-23
6.29977e-13 1.60139e-25 2.38232e-23
6.32814e-13 1.5963e-25 2.36631e-23
6.35664e-13 1.59117e-25 2.35034e-23
6.38527e-13 1.586e-25 2.33443e-23
6.41403e-13 1.58078e-25 2.31857e-23
6.44291e-13 1.57553e-25 2.30276e-23
6.47193e-13 1.57023e-25 2.28701e-23
6.50108e-13 1.5649e-25 2.27131e-23
6.53036e-13 1.55952e-25 2.25566e-23
6.55977e-13 1.55411e-25 2.24006e-23
6.58931e-13 1.54865e-25 2.22452e-23
6.61899e-13 1.54317e-25 2.20903e-23
6.6488e-13 1.53764e-25 2.1936e-23
6.67874e-13 1.53208e-25 2.17823e-23
6.70882e-13 1.52648e-25 2.16291e-23
6.73903e-13 1.52085e-25 2.14764e-23
6.76938e-13 1.51518e-25 2.13243e-23
6.79987e-13 1.50948e-25 2.11728e-23
6.8305e-13 1.50374e-25 2.10219e-23
6.86126e-13 1.49798e-25 2.08715e-23
6.89216e-13 1.49218e-25 2.07217e-23
6.9232e-13 1.48635e-25 2.05725e-23
6.95438e-13 1.48049e-25 2.04238e-23
6.9857e-13 1.4746e-25 2.02758e-23
7.01716e-13 1.46867e-25 2.01283e-23
7.04877e-13 1.46272e-25 1.99815e-23
7.08051e-13 1.45675e-25 1.98352e-23
7.1124e-13 1.45074e-25 1.96895e-23
7.14443e-13 1.44471e-25 1.95444e-23
7.17661e-13 1.43865e-25 1.94e-23
7.20893e-13 1.43256e-25 1.92561e-23
7.2414e-13 1.42645e-25 1.91128e-23
7.27401e-13 1.42032e-25 1.89702e-23
7.30677e-13 1.41416e-25 1.88282e-23
7.33968e-13 1.40798e-25 1.86867e-23
7.37273e-13 1.40177e-25 1.8546e-23
7.40594e-13 1.39554e-25 1.84058e-23
7.43929e-13 1.38929e-25 1.82662e-23
7.4728e-13 1.38302e-25 1.81273e-23
7.50645e-13 1.37673e-25 1.7989e-23
7.54026e-13 1.37042e-25 1.78513e-23
7.57422e-13 1.36409e-25 1.77143e-23
7.60833e-13 1.35775e-25 1.75779e-23
7.6426e-13 1.35138e-25 1.74421e-23
7.67702e-13 1.345e-25 1.7307e-23
7.71159e-13 1.3386e-25 1.71725e-23
7.74632e-13 1.33218e-25 1.70386e-23
7.78121e-13 1.32575e-25 1.69054e-23
7.81625e-13 1.3193e-25 1.67728e-23
7.85146e-13 1.31284e-25 1.66409e-23
7.88682e-13 1.30636e-25 1.65096e-23
7.92234e-13 1.29987e-25 1.63789e-23
7.95802e-13 1.29337e-25 1.6249e-23
7.99386e-13 1.28686e-25 1.61196e-23
8.02986e-13 1.28033e-25 1.59909e-23
8.06602e-13 1.27379e-25 1.58629e-23
8.10235e-13 1.26725e-25 1.57355e-23
8.13884e-13 1.26069e-25 1.56088e-23
8.1755e-13 1.25412e-25 1.54827e-23
8.21232e-13 1.24755e-25 1.53573e-23
8.2493e-13 1.24097e-25 1.52326e-23
8.28645e-13 1.23438e-25 1.51085e-23
8.32377e-13 1.22778e-25 1.4985e-23
8.36126e-13 1.22118e-25 1.48623e-23
8.39892e-13 1.21457e-25 1.47401e-23
8.43674e-13 1.20795e-25 1.46187e-23
8.47474e-13 1.20133e-25 1.44979e-23
8.51291e-13 1.1947e-25 1.43778e-23
8.55125e-13 1.18808e-25 1.42583e-23
8.58976e-13 1.18144e-25 1.41395e-23
8.62845e-13 1.17481e-25 1.40213e-23
8.66731e-13 1.16817e-25 1.39038e-23
8.70634e-13 1.16154e-25 1.3787e-23
8.74555e-13 1.1549e-25 1.36709e-23
8.78494e-13 1.14826e-25 1.35554e-23
8.82451e-13 1.14162e-25 1.34406e-23
8.86425e-13 1.13498e-25 1.33264e-23
8.90417e-13 1.12834e-25 1.32129e-23
8.94427e-13 1.1217e-25 1.31001e-23
8.98455e-13 1.11506e-25 1.29879e-23
9.02502e-13 1.10843e-25 1.28764e-23
9.06566e-13 1.1018e-25 1.27655e-23
9.10649e-13 1.09517e-25 1.26554e-23
9.14751e-13 1.08855e-25 1.25459e-23
9.1887e-13 1.08193e-25 1.2437e-23
9.23009e-13 1.07531e-25 1.23288e-23
9.27166e-13 1.06871e-25 1.22213e-23
9.31341e-13 1.0621e-25 1.21144e-23
9.35536e-13 1.0555e-25 1.20082e-23
9.39749e-13 1.04891e-25 1.19026e-23
9.43982e-13 1.04233e-25 1.17978e-23
9.48233e-13 1.03575e-25 1.16935e-23
9.52504e-13 1.02918e-25 1.15899e-23
9.56793e-13 1.02262e-25 1.1487e-23
9.61103e-13 1.01607e-25 1.13848e-23
9.65431e-13 1.00953e-25 1.12832e-23
9.69779e-13 1.003e-25 1.11822e-23
9.74147e-13 9.96475e-26 1.10819e-23
9.78534e-13 9.89963e-26 1.09823e-23
9.82941e-13 9.83461e-26 1.08833e-23
9.87368e-13 9.76971e-26 1.07849e-23
9.91815e-13 9.70493e-26 1.06872e-23
9.96282e-13 9.64027e-26 1.05902e-23
1.00077e-12 9.57573e-26 1.04938e-23
1.00528e-12 9.51132e-26 1.0398e-23
1.0098e-12 9.44704e-26 1.03029e-23
1.01435e-12 9.3829e-26 1.02084e-23
1.01892e-12 9.31889e-26 1.01146e-23
1.02351e-12 9.25503e-26 1.00214e-23
1.02812e-12 9.19132e-26 9.92885e-24
1.03275e-12 9.12775e-26 9.83694e-24
1.0374e-12 9.06435e-26 9.74566e-24
1.04207e-12 9.00109e-26 9.65502e-24
1.04676e-12 8.938e-26 9.56501e-24
1.05148e-12 8.87507e-26 9.47563e-24
1.05621e-12 8.81231e-26 9.38688e-24
1.06097e-12 8.74972e-26 9.29875e-24
1.06575e-12 8.68731e-26 9.21126e-24
1.07055e-12 8.62507e-26 9.12438e-24
1.07537e-12 8.56301e-26 9.03813e-24
1.08021e-12 8.50114e-26 8.9525e-24
1.08508e-12 8.43945e-26 8.86749e-24
1.08997e-12 8.37795e-26 8.7831e-24
1.09487e-12 8.31664e-26 8.69932e-24
1.09981e-12 8.25553e-26 8.61615e-24
1.10476e-12 8.19461e-26 8.5336e-24
1.10973e-12 8.1339e-26 8.45165e-24
1.11473e-12 8.07338e-26 8.37031e-24
1.11975e-12 8.01308e-26 8.28958e-24
1.1248e-12 7.95298e-26 8.20945e-24
1.12986e-12 7.8931e-26 8.12992e-24
1.13495e-12 7.83342e-26 8.05099e-24
1.14006e-12 7.77397e-26 7.97265e-24
1.1452e-12 7.71473e-26 7.89491e-24
1.15035e-12 7.65572e-26 7.81776e-24
1.15553e-12 7.59692e-26 7.74121e-24
1.16074e-12 7.53835e-26 7.66524e-24
1.16597e-12 7.48002e-26 7.58985e-24
1.17122e-12 7.42191e-26 7.51505e-24
1.17649e-12 7.36403e-26 7.44084e-24
1.18179e-12 7.30639e-26 7.3672e-24
1.18711e-12 7.24898e-26 7.29413e-24
1.19246e-12 7.19181e-26 7.22164e-24
1.19783e-12 7.13488e-26 7.14972e-24
1.20323e-12 7.0782e-26 7.07837e-24
1.20864e-12 7.02176e-26 7.00759e-24
1.21409e-12 6.96556e-26 6.93738e-24
1.21956e-12 6.90961e-26 6.86772e-24
1.22505e-12 6.85391e-26 6.79862e-24
1.23057e-12 6.79847e-26 6.73008e-24
1.23611e-12 6.74327e-26 6.6621e-24
1.24167e-12 6.68833e-26 6.59467e-24
1.24727e-12 6.63365e-26 6.52778e-24
1.25288e-12 6.57922e-26 6.46145e-24
1.25853e-12 6.52505e-26 6.39565e-24
1.26419e-12 6.47115e-26 6.3304e-24
1.26989e-12 6.4175e-26 6.26569e-24
1.27561e-12 6.36412e-26 6.20152e-24
1.28135e-12 6.311e-26 6.13788e-24
1.28712e-12 6.25814e-26 6.07477e-24
1.29292e-12 6.20556e-26 6.01219e-24
1.29874e-12 6.15324e-26 5.95013e-24
1.30459e-12 6.10119e-26 5.8886e-24
1.31047e-12 6.04941e-26 5.82759e-24
1.31637e-12 5.9979e-26 5.76709e-24
1.3223e-12 5.94666e-26 5.70711e-24
1.32825e-12 5.8957e-26 5.64765e-24
1.33424e-12 5.84501e-26 5.58869e-24
1.34024e-12 5.79459e-26 5.53024e-24
1.34628e-12 5.74445e-26 5.47229e-24
1.35234e-12 5.69459e-26 5.41485e-24
1.35843e-12 5.645e-26 5.3579e-24
1.36455e-12 5.59569e-26 5.30145e-24
1.3707e-12 5.54666e-26 5.2455e-24
1.37687e-12 5.49791e-26 5.19003e-24
1.38307e-12 5.44944e-26 5.13505e-24
1.3893e-12 5.40125e-26 5.08056e-24
1.39556e-12 5.35334e-26 5.02654e-24
1.40184e-12 5.30571e-26 4.97301e-24
1.40816e-12 5.25837e-26 4.91995e-24
1.4145e-12 5.2113e-26 4.86737e-24
1.42087e-12 5.16452e-26 4.81526e-24
1.42727e-12 5.11802e-26 4.76361e-24
1.4337e-12 5.0718e-26 4.71243e-24
1.44015e-12 5.02587e-26 4.66171e-24
1.44664e-12 4.98022e-26 4.61145e-24
1.45315e-12 4.93486e-26 4.56165e-24
1.4597e-12 4.88978e-26 4.5123e-24
1.46627e-12 4.84498e-26 4.4634e-24
1.47288e-12 4.80047e-26 4.41495e-24
1.47951e-12 4.75624e-26 4.36695e-24
1.48617e-12 4.71229e-26 4.31939e-24
1.49287e-12 4.66863e-26 4.27226e-24
1.49959e-12 4.62526e-26 4.22558e-24
1.50634e-12 4.58217e-26 4.17933e-24
1.51313e-12 4.53936e-26 4.1335e-24
1.51994e-12 4.49684e-26 4.08811e-24
1.52679e-12 4.4546e-26 4.04314e-24
1.53366e-12 4.41264e-26 3.9986e-24
1.54057e-12 4.37097e-26 3.95447e-24
1.54751e-12 4.32958e-26 3.91076e-24
1.55448e-12 4.28848e-26 3.86746e-24
1.56148e-12 4.24766e-26 3.82458e-24
1.56851e-12 4.20712e-26 3.7821e-24
1.57558e-12 4.16686e-26 3.74003e-24
1.58267e-12 4.12688e-26 3.69836e-24
1.5898e-12 4.08719e-26 3.65709e-24
1.59696e-12 4.04777e-26 3.61622e-24
1.60415e-12 4.00864e-26 3.57574e-24
1.61138e-12 3.96979e-26 3.53566e-24
1.61864e-12 3.93121e-26 3.49596e-24
1.62592e-12 3.89292e-26 3.45665e-24
1.63325e-12 3.8549e-26 3.41772e-24
1.6406e-12 3.81716e-26 3.37917e-24
1.64799e-12 3.7797e-26 3.341e-24
1.65541e-12 3.74252e-26 3.3032e-24
1.66287e-12 3.70561e-26 3.26578e-24
1.67036e-12 3.66898e-26 3.22872e-24
1.67788e-12 3.63262e-26 3.19203e-24
1.68544e-12 3.59653e-26 3.1557e-24
1.69303e-12 3.56072e-26 3.11974e-24
1.70065e-12 3.52518e-26 3.08413e-24
1.70831e-12 3.48992e-26 3.04888e-24
1.71601e-12 3.45492e-26 3.01398e-24
1.72374e-12 3.4202e-26 2.97943e-24
1.7315e-12 3.38574e-26 2.94523e-24
1.7393e-12 3.35155e-26 2.91137e-24
1.74713e-12 3.31763e-26 2.87786e-24
1.755e-12 3.28398e-26 2.84468e-24
1.7629e-12 3.25059e-26 2.81184e-24
1.77084e-12 3.21747e-26 2.77933e-24
1.77882e-12 3.18461e-26 2.74716e-24
1.78683e-12 3.15202e-26 2.71531e-24
1.79488e-12 3.11968e-26 2.68379e-24
1.80296e-12 3.08761e-26 2.6526e-24
1.81108e-12 3.0558e-26 2.62172e-24
1.81924e-12 3.02425e-26 2.59116e-24
1.82743e-12 2.99296e-26 2.56092e-24
1.83566e-12 2.96192e-26 2.53099e-24
1.84393e-12 2.93114e-26 2.50137e-24
1.85223e-12 2.90061e-26 2.47206e-24
1.86057e-12 2.87034e-26 2.44305e-24
1.86895e-12 2.84032e-26 2.41435e-24
1.87737e-12 2.81056e-26 2.38595e-24
1.88583e-12 2.78104e-26 2.35784e-24
1.89432e-12 2.75177e-26 2.33003e-24
1.90285e-12 2.72275e-26 2.30251e-24
1.91142e-12 2.69398e-26 2.27529e-24
1.92003e-12 2.66546e-26 2.24835e-24
1.92868e-12 2.63718e-26 2.22169e-24
1.93736e-12 2.60914e-26 2.19532e-24
1.94609e-12 2.58135e-26 2.16923e-24
1.95485e-12 2.5538e-26 2.14341e-24
1.96366e-12 2.52649e-26 2.11788e-24
1.9725e-12 2.49942e-26 2.09261e-24
1.98138e-12 2.47258e-26 2.06762e-24
1.99031e-12 2.44598e-26 2.04289e-24
1.99927e-12 2.41962e-26 2.01843e-24
2.00827e-12 2.39349e-26 1.99424e-24
2.01732e-12 2.3676e-26 1.9703e-24
2.0264e-12 2.34193e-26 1.94663e-24
2.03553e-12 2.3165e-26 1.92321e-24
2.0447e-12 2.29129e-26 1.90004e-24
2.05391e-12 2.26632e-26 1.87713e-24
2.06316e-12 2.24157e-26 1.85446e-24
2.07245e-12 2.21704e-26 1.83205e-24
2.08178e-12 2.19274e-26 1.80988e-24
2.09116e-12 2.16866e-26 1.78795e-24
2.10058e-12 2.1448e-26 1.76626e-24
2.11004e-12 2.12117e-26 1.74482e-24
2.11954e-12 2.09775e-26 1.7236e-24
2.12909e-12 2.07455e-26 1.70263e-24
2.13867e-12 2.05156e-26 1.68188e-24
2.14831e-12 2.02879e-26 1.66137e-24
2.15798e-12 2.00623e-26 1.64108e-24
2.1677e-12 1.98389e-26 1.62102e-24
2.17746e-12 1.96175e-26 1.60118e-24
2.18727e-12 1.93983e-26 1.58156e-24
2.19712e-12 1.91811e-26 1.56216e-24
2.20702e-12 1.8966e-26 1.54298e-24
2.21696e-12 1.8753e-26 1.52401e-24
2.22694e-12 1.85419e-26 1.50526e-24
2.23697e-12 1.8333e-26 1.48672e-24
2.24704e-12 1.8126e-26 1.46839e-24
2.25716e-12 1.7921e-26 1.45026e-24
2.26733e-12 1.7718e-26 1.43234e-24
2.27754e-12 1.7517e-26 1.41462e-24
2.2878e-12 1.7318e-26 1.3971e-24
2.2981e-12 1.71209e-26 1.37979e-24
2.30845e-12 1.69257e-26 1.36267e-24
2.31885e-12 1.67324e-26 1.34574e-24
2.32929e-12 1.65411e-26 1.32901e-24
2.33978e-12 1.63516e-26 1.31247e-24
2.35032e-12 1.6164e-26 1.29611e-24
2.36091e-12 1.59783e-26 1.27995e-24
2.37154e-12 1.57944e-26 1.26397e-24
2.38222e-12 1.56124e-26 1.24818e-24
2.39295e-12 1.54322e-26 1.23257e-24
2.40373e-12 1.52538e-26 1.21713e-24
2.41455e-12 1.50772e-26 1.20188e-24
2.42543e-12 1.49023e-26 1.1868e-24
2.43635e-12 1.47293e-26 1.1719e-24
2.44732e-12 1.4558e-26 1.15717e-24
2.45834e-12 1.43884e-26 1.14261e-24
2.46942e-12 1.42206e-26 1.12822e-24
2.48054e-12 1.40545e-26 1.114e-24
2.49171e-12 1.38901e-26 1.09995e-24
2.50293e-12 1.37274e-26 1.08606e-24
2.5142e-12 1.35663e-26 1.07233e-24
2.52553e-12 1.3407e-26 1.05877e-24
2.5369e-12 1.32492e-26 1.04536e-24
2.54833e-12 1.30932e-26 1.03211e-24
2.5598e-12 1.29387e-26 1.01902e-24
2.57133e-12 1.27858e-26 1.00608e-24
2.58291e-12 1.26346e-26 9.93292e-25
2.59454e-12 1.24849e-26 9.80657e-25
2.60623e-12 1.23368e-26 9.68172e-25
2.61797e-12 1.21903e-26 9.55836e-25
2.62976e-12 1.20453e-26 9.43645e-25
2.6416e-12 1.19018e-26 9.316e-25
2.6535e-12 1.17599e-26 9.19698e-25
2.66545e-12 1.16194e-26 9.07938e-25
2.67745e-12 1.14805e-26 8.96319e-25
2.68951e-12 1.13431e-26 8.84838e-25
2.70162e-12 1.12071e-26 8.73495e-25
2.71379e-12 1.10725e-26 8.62288e-25
2.72601e-12 1.09395e-26 8.51216e-25
2.73829e-12 1.08078e-26 8.40276e-25
2.75062e-12 1.06776e-26 8.29468e-25
2.76301e-12 1.05488e-26 8.18791e-25
2.77546e-12 1.04213e-26 8.08242e-25
2.78796e-12 1.02953e-26 7.97821e-25
2.80051e-12 1.01706e-26 7.87525e-25
2.81312e-12 1.00473e-26 7.77355e-25
2.82579e-12 9.92532e-27 7.67308e-25
2.83852e-12 9.80469e-27 7.57382e-25
2.8513e-12 9.68537e-27 7.47578e-25
2.86415e-12 9.56737e-27 7.37892e-25
2.87705e-12 9.45067e-27 7.28325e-25
2.89e-12 9.33526e-27 7.18874e-25
2.90302e-12 9.22112e-27 7.09539e-25
2.91609e-12 9.10824e-27 7.00318e-25
2.92923e-12 8.99662e-27 6.91209e-25
2.94242e-12 8.88624e-27 6.82213e-25
2.95567e-12 8.77709e-27 6.73327e-25
2.96898e-12 8.66915e-27 6.6455e-25
2.98235e-12 8.56243e-27 6.5588e-25
2.99578e-12 8.4569e-27 6.47318e-25
3.00928e-12 8.35255e-27 6.38861e-25
3.02283e-12 8.24937e-27 6.30509e-25
3.03644e-12 8.14736e-27 6.22259e-25
3.05012e-12 8.0465e-27 6.14112e-25
3.06386e-12 7.94678e-27 6.06065e-25
3.07765e-12 7.84818e-27 5.98119e-25
3.09152e-12 7.75071e-27 5.9027e-25
3.10544e-12 7.65434e-27 5.8252e-25
3.11942e-12 7.55908e-27 5.74865e-25
3.13347e-12 7.46489e-27 5.67306e-25
3.14759e-12 7.37178e-27 5.59841e-25
3.16176e-12 7.27974e-27 5.5247e-25
3.176e-12 7.18876e-27 5.4519e-25
3.19031e-12 7.09881e-27 5.38001e-25
3.20467e-12 7.00991e-27 5.30902e-25
3.21911e-12 6.92202e-27 5.23892e-25
3.2336e-12 6.83515e-27 5.1697e-25
3.24817e-12 6.74929e-27 5.10135e-25
3.2628e-12 6.66441e-27 5.03386e-25
3.27749e-12 6.58053e-27 4.96721e-25
3.29225e-12 6.49761e-27 4.90141e-25
3.30708e-12 6.41566e-27 4.83643e-25
3.32197e-12 6.33467e-27 4.77228e-25
3.33693e-12 6.25462e-27 4.70893e-25
3.35196e-12 6.17551e-27 4.64638e-25
3.36706e-12 6.09732e-27 4.58463e-25
3.38222e-12 6.02005e-27 4.52366e-25
3.39746e-12 5.94368e-27 4.46345e-25
3.41276e-12 5.86822e-27 4.40402e-25
3.42813e-12 5.79364e-27 4.34534e-25
3.44357e-12 5.71994e-27 4.2874e-25
3.45908e-12 5.64711e-27 4.2302e-25
3.47465e-12 5.57515e-27 4.17373e-25
3.4903e-12 5.50403e-27 4.11798e-25
3.50602e-12 5.43377e-27 4.06294e-25
3.52181e-12 5.36433e-27 4.0086e-25
3.53767e-12 5.29572e-27 3.95496e-25
3.55361e-12 5.22793e-27 3.902e-25
3.56961e-12 5.16095e-27 3.84972e-25
3.58569e-12 5.09476e-27 3.79811e-25
3.60184e-12 5.02937e-27 3.74716e-25
3.61806e-12 4.96477e-27 3.69687e-25
3.63435e-12 4.90093e-27 3.64722e-25
3.65072e-12 4.83787e-27 3.59821e-25
3.66716e-12 4.77556e-27 3.54983e-25
3.68368e-12 4.71401e-27 3.50208e-25
3.70027e-12 4.65319e-27 3.45494e-25
3.71693e-12 4.59311e-27 3.40841e-25
3.73367e-12 4.53376e-27 3.36247e-25
3.75049e-12 4.47513e-27 3.31714e-25
3.76738e-12 4.41721e-27 3.27239e-25
3.78435e-12 4.35999e-27 3.22821e-25
3.80139e-12 4.30346e-27 3.18461e-25
3.81851e-12 4.24763e-27 3.14158e-25
3.83571e-12 4.19247e-27 3.0991e-25
3.85298e-12 4.13799e-27 3.05718e-25
3.87034e-12 4.08417e-27 3.0158e-25
3.88777e-12 4.03101e-27 2.97496e-25
3.90528e-12 3.97851e-27 2.93465e-25
3.92286e-12 3.92664e-27 2.89486e-25
3.94053e-12 3.87541e-27 2.85559e-25
3.95828e-12 3.82482e-27 2.81684e-25
3.97611e-12 3.77484e-27 2.77859e-25
3.99401e-12 3.72548e-27 2.74084e-25
4.012e-12 3.67673e-27 2.70359e-25
4.03007e-12 3.62859e-27 2.66682e-25
4.04822e-12 3.58103e-27 2.63054e-25
4.06645e-12 3.53407e-27 2.59473e-25
4.08477e-12 3.48769e-27 2.55938e-25
4.10316e-12 3.44188e-27 2.52451e-25
4.12164e-12 3.39664e-27 2.49009e-25
4.1402e-12 3.35197e-27 2.45612e-25
4.15885e-12 3.30785e-27 2.4226e-25
4.17758e-12 3.26428e-27 2.38952e-25
4.1964e-12 3.22125e-27 2.35688e-25
4.2153e-12 3.17877e-27 2.32467e-25
4.23428e-12 3.13681e-27 2.29288e-25
4.25335e-12 3.09538e-27 2.26151e-25
4.27251e-12 3.05446e-27 2.23056e-25
4.29175e-12 3.01406e-27 2.20001e-25
4.31108e-12 2.97417e-27 2.16987e-25
4.33049e-12 2.93478e-27 2.14013e-25
4.35e-12 2.89588e-27 2.11078e-25
4.36959e-12 2.85748e-27 2.08183e-25
4.38927e-12 2.81956e-27 2.05325e-25
4.40903e-12 2.78211e-27 2.02506e-25
4.42889e-12 2.74514e-27 1.99723e-25
4.44884e-12 2.70864e-27 1.96978e-25
4.46887e-12 2.6726e-27 1.9427e-25
4.489e-12 2.63702e-27 1.91597e-25
4.50922e-12 2.60188e-27 1.8896e-25
4.52953e-12 2.5672e-27 1.86358e-25
4.54993e-12 2.53295e-27 1.83791e-25
4.57042e-12 2.49914e-27 1.81258e-25
4.591e-12 2.46576e-27 1.78759e-25
4.61168e-12 2.4328e-27 1.76293e-25
4.63245e-12 2.40027e-27 1.7386e-25
4.65331e-12 2.36815e-27 1.7146e-25
4.67427e-12 2.33644e-27 1.69092e-25
4.69532e-12 2.30514e-27 1.66755e-25
4.71647e-12 2.27424e-27 1.6445e-25
4.73771e-12 2.24373e-27 1.62176e-25
4.75904e-12 2.21362e-27 1.59932e-25
4.78048e-12 2.18389e-27 1.57719e-25
4.80201e-12 2.15454e-27 1.55535e-25
4.82363e-12 2.12557e-27 1.5338e-25
4.84536e-12 2.09698e-27 1.51255e-25
4.86718e-12 2.06875e-27 1.49158e-25
4.8891e-12 2.04088e-27 1.47089e-25
4.91112e-12 2.01338e-27 1.45048e-25
4.93324e-12 1.98623e-27 1.43035e-25
4.95546e-12 1.95943e-27 1.41049e-25
4.97777e-12 1.93298e-27 1.39089e-25
5.00019e-12 1.90687e-27 1.37156e-25
5.02271e-12 1.8811e-27 1.35249e-25
5.04533e-12 1.85566e-27 1.33368e-25
5.06806e-12 1.83056e-27 1.31512e-25
5.09088e-12 1.80578e-27 1.29682e-25
5.11381e-12 1.78132e-27 1.27876e-25
5.13684e-12 1.75718e-27 1.26095e-25
5.15997e-12 1.73335e-27 1.24338e-25
5.18321e-12 1.70984e-27 1.22604e-25
5.20656e-12 1.68663e-27 1.20894e-25
5.23001e-12 1.66372e-27 1.19208e-25
5.25356e-12 1.64112e-27 1.17544e-25
5.27722e-12 1.61881e-27 1.15903e-25
5.30099e-12 1.59679e-27 1.14284e-25
5.32486e-12 1.57506e-27 1.12687e-25
5.34884e-12 1.55361e-27 1.11112e-25
5.37293e-12 1.53244e-27 1.09559e-25
5.39713e-12 1.51156e-27 1.08026e-25
5.42144e-12 1.49094e-27 1.06515e-25
5.44586e-12 1.4706e-27 1.05024e-25
5.47038e-12 1.45053e-27 1.03553e-25
5.49502e-12 1.43072e-27 1.02103e-25
5.51977e-12 1.41117e-27 1.00672e-25
5.54463e-12 1.39188e-27 9.92608e-26
5.5696e-12 1.37284e-27 9.78689e-26
5.59468e-12 1.35405e-27 9.6496e-26
5.61988e-12 1.33551e-27 9.5142e-26
5.64519e-12 1.31722e-27 9.38065e-26
5.67061e-12 1.29917e-27 9.24893e-26
5.69615e-12 1.28136e-27 9.11901e-26
5.72181e-12 1.26378e-27 8.99087e-26
5.74757e-12 1.24644e-27 8.8645e-26
5.77346e-12 1.22932e-27 8.73985e-26
5.79946e-12 1.21244e-27 8.61692e-26
5.82558e-12 1.19577e-27 8.49568e-26
5.85182e-12 1.17933e-27 8.3761e-26
5.87817e-12 1.16311e-27 8.25816e-26
5.90465e-12 1.1471e-27 8.14185e-26
5.93124e-12 1.13131e-27 8.02714e-26
5.95795e-12 1.11573e-27 7.91401e-26
5.98478e-12 1.10035e-27 7.80244e-26
6.01174e-12 1.08518e-27 7.6924e-26
6.03881e-12 1.07022e-27 7.58389e-26
6.06601e-12 1.05545e-27 7.47686e-26
6.09333e-12 1.04088e-27 7.37132e-26
6.12077e-12 1.0265e-27 7.26723e-26
6.14834e-12 1.01232e-27 7.16458e-26
6.17603e-12 9.98326e-28 7.06335e-26
6.20384e-12 9.8452e-28 6.96352e-26
6.23178e-12 9.709e-28 6.86506e-26
6.25985e-12 9.57462e-28 6.76797e-26
6.28804e-12 9.44204e-28 6.67223e-26
6.31636e-12 9.31125e-28 6.57781e-26
6.34481e-12 9.18221e-28 6.4847e-26
6.37339e-12 9.05491e-28 6.39287e-26
6.40209e-12 8.92932e-28 6.30232e-26
6.43092e-12 8.80542e-28 6.21303e-26
6.45989e-12 8.68319e-28 6.12498e-26
6.48898e-12 8.5626e-28 6.03815e-26
6.5182e-12 8.44365e-28 5.95252e-26
6.54756e-12 8.3263e-28 5.86808e-26
6.57705e-12 8.21053e-28 5.78482e-26
6.60667e-12 8.09633e-28 5.70271e-26
6.63642e-12 7.98366e-28 5.62175e-26
6.66631e-12 7.87253e-28 5.54191e-26
6.69633e-12 7.7629e-28 5.46319e-26
6.72649e-12 7.65475e-28 5.38556e-26
6.75679e-12 7.54806e-28 5.30901e-26
6.78722e-12 7.44283e-28 5.23353e-26
6.81779e-12 7.33902e-28 5.1591e-26
6.84849e-12 7.23661e-28 5.08571e-26
6.87933e-12 7.1356e-28 5.01335e-26
6.91032e-12 7.03596e-28 4.94199e-26
6.94144e-12 6.93767e-28 4.87163e-26
6.9727e-12 6.84072e-28 4.80226e-26
7.0041e-12 6.74509e-28 4.73385e-26
7.03565e-12 6.65076e-28 4.6664e-26
7.06734e-12 6.55772e-28 4.59989e-26
7.09916e-12 6.46594e-28 4.53431e-26
7.13114e-12 6.37542e-28 4.46965e-26
7.16325e-12 6.28613e-28 4.4059e-26
7.19551e-12 6.19805e-28 4.34304e-26
7.22792e-12 6.11118e-28 4.28106e-26
7.26047e-12 6.0255e-28 4.21995e-26
7.29317e-12 5.94099e-28 4.15969e-26
7.32602e-12 5.85763e-28 4.10028e-26
7.35901e-12 5.77541e-28 4.0417e-26
7.39216e-12 5.69432e-28 3.98395e-26
7.42545e-12 5.61434e-28 3.92701e-26
7.45889e-12 5.53545e-28 3.87086e-26
7.49248e-12 5.45765e-28 3.81551e-26
7.52623e-12 5.38091e-28 3.76093e-26
7.56012e-12 5.30523e-28 3.70712e-26
7.59417e-12 5.23058e-28 3.65407e-26
7.62837e-12 5.15696e-28 3.60177e-26
7.66273e-12 5.08435e-28 3.5502e-26
7.69724e-12 5.01274e-28 3.49935e-26
7.73191e-12 4.94211e-28 3.44922e-26
7.76673e-12 4.87246e-28 3.3998e-26
7.80171e-12 4.80376e-28 3.35108e-26
7.83684e-12 4.73601e-28 3.30304e-26
7.87214e-12 4.6692e-28 3.25568e-26
7.90759e-12 4.6033e-28 3.20899e-26
7.94321e-12 4.53832e-28 3.16296e-26
7.97898e-12 4.47423e-28 3.11757e-26
8.01492e-12 4.41102e-28 3.07283e-26
8.05101e-12 4.34869e-28 3.02872e-26
8.08727e-12 4.28722e-28 2.98523e-26
8.12369e-12 4.22659e-28 2.94236e-26
8.16028e-12 4.16681e-28 2.9001e-26
8.19703e-12 4.10785e-28 2.85843e-26
8.23395e-12 4.04971e-28 2.81735e-26
8.27103e-12 3.99238e-28 2.77685e-26
8.30828e-12 3.93584e-28 2.73693e-26
8.3457e-12 3.88008e-28 2.69757e-26
8.38329e-12 3.82509e-28 2.65877e-26
8.42104e-12 3.77087e-28 2.62052e-26
8.45897e-12 3.7174e-28 2.58281e-26
8.49707e-12 3.66467e-28 2.54564e-26
8.53534e-12 3.61267e-28 2.50899e-26
8.57378e-12 3.5614e-28 2.47286e-26
8.61239e-12 3.51084e-28 2.43725e-26
8.65118e-12 3.46098e-28 2.40214e-26
8.69014e-12 3.41182e-28 2.36753e-26
8.72928e-12 3.36333e-28 2.33341e-26
8.76859e-12 3.31553e-28 2.29978e-26
8.80808e-12 3.26839e-28 2.26662e-26
8.84775e-12 3.22191e-28 2.23394e-26
8.8876e-12 3.17607e-28 2.20172e-26
8.92763e-12 3.13087e-28 2.16996e-26
8.96783e-12 3.08631e-28 2.13865e-26
9.00822e-12 3.04236e-28 2.10779e-26
9.04879e-12 2.99903e-28 2.07736e-26
9.08955e-12 2.95631e-28 2.04737e-26
9.13048e-12 2.91418e-28 2.01781e-26
9.1716e-12 2.87264e-28 1.98867e-26
9.21291e-12 2.83168e-28 1.95994e-26
9.2544e-12 2.79129e-28 1.93163e-26
9.29608e-12 2.75147e-28 1.90371e-26
9.33795e-12 2.71221e-28 1.8762e-26
9.38e-12 2.67349e-28 1.84908e-26
9.42225e-12 2.63532e-28 1.82234e-26
9.46468e-12 2.59769e-28 1.79599e-26
9.50731e-12 2.56058e-28 1.77001e-26
9.55013e-12 2.52399e-28 1.7444e-26
9.59314e-12 2.48791e-28 1.71916e-26
9.63634e-12 2.45234e-28 1.69429e-26
9.67974e-12 2.41727e-28 1.66976e-26
9.72334e-12 2.3827e-28 1.64559e-26
9.76713e-12 2.3486e-28 1.62176e-26
9.81112e-12 2.31499e-28 1.59828e-26
9.8553e-12 2.28185e-28 1.57513e-26
9.89969e-12 2.24918e-28 1.55231e-26
9.94427e-12 2.21696e-28 1.52982e-26
9.98906e-12 2.1852e-28 1.50765e-26
1.0034e-11 2.15389e-28 1.48579e-26
1.00792e-11 2.12302e-28 1.46426e-26
1.01246e-11 2.09258e-28 1.44303e-26
1.01702e-11 2.06257e-28 1.4221e-26
1.0216e-11 2.03299e-28 1.40147e-26
1.0262e-11 2.00382e-28 1.38114e-26
1.03083e-11 1.97506e-28 1.36111e-26
1.03547e-11 1.94671e-28 1.34136e-26
1.04013e-11 1.91876e-28 1.32189e-26
1.04482e-11 1.8912e-28 1.3027e-26
1.04952e-11 1.86404e-28 1.28379e-26
1.05425e-11 1.83726e-28 1.26515e-26
1.059e-11 1.81085e-28 1.24678e-26
1.06377e-11 1.78482e-28 1.22867e-26
1.06856e-11 1.75916e-28 1.21082e-26
1.07337e-11 1.73386e-28 1.19323e-26
1.0782e-11 1.70892e-28 1.17589e-26
1.08306e-11 1.68433e-28 1.1588e-26
1.08794e-11 1.66009e-28 1.14196e-26
1.09284e-11 1.6362e-28 1.12536e-26
1.09776e-11 1.61264e-28 1.10899e-26
1.1027e-11 1.58942e-28 1.09287e-26
1.10767e-11 1.56652e-28 1.07697e-26
1.11266e-11 1.54395e-28 1.06131e-26
1.11767e-11 1.52171e-28 1.04587e-26
1.1227e-11 1.49977e-28 1.03065e-26
1.12776e-11 1.47815e-28 1.01565e-26
1.13284e-11 1.45684e-28 1.00087e-26
1.13794e-11 1.43583e-28 9.86303e-27
1.14307e-11 1.41512e-28 9.71945e-27
1.14821e-11 1.3947e-28 9.57794e-27
1.15338e-11 1.37457e-28 9.43847e-27
1.15858e-11 1.35473e-28 9.30101e-27
1.1638e-11 1.33517e-28 9.16554e-27
1.16904e-11 1.31589e-28 9.03202e-27
1.1743e-11 1.29689e-28 8.90043e-27
1.17959e-11 1.27815e-28 8.77075e-27
1.1849e-11 1.25968e-28 8.64293e-27
1.19024e-11 1.24148e-28 8.51696e-27
1.1956e-11 1.22353e-28 8.39282e-27
1.20099e-11 1.20584e-28 8.27046e-27
1.2064e-11 1.18841e-28 8.14988e-27
1.21183e-11 1.17122e-28 8.03104e-27
1.21729e-11 1.15428e-28 7.91391e-27
1.22277e-11 1.13758e-28 7.79849e-27
1.22828e-11 1.12112e-28 7.68473e-27
1.23381e-11 1.10489e-28 7.57262e-27
1.23936e-11 1.08889e-28 7.46213e-27
1.24495e-11 1.07313e-28 7.35324e-27
1.25055e-11 1.05759e-28 7.24593e-27
1.25618e-11 1.04227e-28 7.14017e-27
1.26184e-11 1.02717e-28 7.03594e-27
1.26753e-11 1.01229e-28 6.93322e-27
1.27323e-11 9.97616e-29 6.832e-27
1.27897e-11 9.83156e-29 6.73223e-27
1.28473e-11 9.68903e-29 6.63392e-27
1.29051e-11 9.54855e-29 6.53703e-27
1.29633e-11 9.41007e-29 6.44154e-27
1.30216e-11 9.27359e-29 6.34744e-27
1.30803e-11 9.13906e-29 6.25471e-27
1.31392e-11 9.00646e-29 6.16332e-27
1.31984e-11 8.87576e-29 6.07325e-27
1.32578e-11 8.74693e-29 5.98449e-27
1.33175e-11 8.61996e-29 5.89702e-27
1.33775e-11 8.49481e-29 5.81082e-27
1.34378e-11 8.37146e-29 5.72588e-27
1.34983e-11 8.24988e-29 5.64216e-27
1.35591e-11 8.13004e-29 5.55966e-27
1.36201e-11 8.01193e-29 5.47836e-27
1.36815e-11 7.89552e-29 5.39824e-27
1.37431e-11 7.78078e-29 5.31929e-27
1.3805e-11 7.66769e-29 5.24148e-27
1.38672e-11 7.55623e-29 5.1648e-27
1.39296e-11 7.44638e-29 5.08924e-27
1.39923e-11 7.3381e-29 5.01478e-27
1.40554e-11 7.23138e-29 4.9414e-27
1.41187e-11 7.1262e-29 4.86908e-27
1.41823e-11 7.02254e-29 4.79782e-27
1.42461e-11 6.92037e-29 4.72759e-27
1.43103e-11 6.81967e-29 4.65839e-27
1.43747e-11 6.72043e-29 4.59019e-27
1.44395e-11 6.62261e-29 4.52299e-27
1.45045e-11 6.52621e-29 4.45676e-27
1.45698e-11 6.43119e-29 4.3915e-27
1.46354e-11 6.33755e-29 4.32719e-27
1.47014e-11 6.24526e-29 4.26381e-27
1.47676e-11 6.1543e-29 4.20136e-27
1.48341e-11 6.06466e-29 4.13982e-27
1.49009e-11 5.97631e-29 4.07917e-27
1.4968e-11 5.88923e-29 4.01941e-27
1.50354e-11 5.80342e-29 3.96052e-27
1.51031e-11 5.71884e-29 3.90248e-27
1.51711e-11 5.63549e-29 3.84529e-27
1.52395e-11 5.55334e-29 3.78894e-27
1.53081e-11 5.47239e-29 3.73341e-27
1.5377e-11 5.3926e-29 3.67868e-27
1.54463e-11 5.31396e-29 3.62476e-27
1.55159e-11 5.23647e-29 3.57162e-27
1.55857e-11 5.1601e-29 3.51925e-27
1.56559e-11 5.08483e-29 3.46765e-27
1.57265e-11 5.01065e-29 3.4168e-27
1.57973e-11 4.93755e-29 3.3667e-27
1.58684e-11 4.8655e-29 3.31732e-27
1.59399e-11 4.7945e-29 3.26867e-27
1.60117e-11 4.72453e-29 3.22072e-27
1.60838e-11 4.65558e-29 3.17347e-27
1.61562e-11 4.58762e-29 3.12692e-27
1.6229e-11 4.52065e-29 3.08104e-27
1.63021e-11 4.45465e-29 3.03584e-27
1.63755e-11 4.38961e-29 2.99129e-27
1.64493e-11 4.32551e-29 2.94739e-27
1.65233e-11 4.26234e-29 2.90414e-27
1.65978e-11 4.20009e-29 2.86152e-27
1.66725e-11 4.13874e-29 2.81951e-27
1.67476e-11 4.07829e-29 2.77813e-27
1.6823e-11 4.01871e-29 2.73734e-27
1.68988e-11 3.96e-29 2.69716e-27
1.69749e-11 3.90214e-29 2.65756e-27
1.70513e-11 3.84512e-29 2.61854e-27
1.71281e-11 3.78893e-29 2.58008e-27
1.72053e-11 3.73356e-29 2.5422e-27
1.72828e-11 3.679e-29 2.50486e-27
1.73606e-11 3.62522e-29 2.46807e-27
1.74388e-11 3.57223e-29 2.43182e-27
1.75173e-11 3.52001e-29 2.39609e-27
1.75962e-11 3.46855e-29 2.36089e-27
1.76755e-11 3.41784e-29 2.32621e-27
1.77551e-11 3.36787e-29 2.29203e-27
1.7835e-11 3.31862e-29 2.25835e-27
1.79154e-11 3.2701e-29 2.22517e-27
1.7996e-11 3.22228e-29 2.19247e-27
1.80771e-11 3.17515e-29 2.16024e-27
1.81585e-11 3.12871e-29 2.12849e-27
1.82403e-11 3.08295e-29 2.0972e-27
1.83224e-11 3.03786e-29 2.06637e-27
1.8405e-11 2.99342e-29 2.036e-27
1.84878e-11 2.94963e-29 2.00606e-27
1.85711e-11 2.90648e-29 1.97656e-27
1.86547e-11 2.86396e-29 1.9475e-27
1.87388e-11 2.82206e-29 1.91886e-27
1.88232e-11 2.78077e-29 1.89064e-27
1.89079e-11 2.74009e-29 1.86283e-27
1.89931e-11 2.7e-29 1.83543e-27
1.90786e-11 2.66049e-29 1.80843e-27
1.91646e-11 2.62156e-29 1.78183e-27
1.92509e-11 2.58319e-29 1.75561e-27
1.93376e-11 2.54539e-29 1.72978e-27
1.94247e-11 2.50814e-29 1.70432e-27
1.95121e-11 2.47144e-29 1.67924e-27
1.96e-11 2.43527e-29 1.65453e-27
1.96883e-11 2.39962e-29 1.63018e-27
1.9777e-11 2.3645e-29 1.60618e-27
1.9866e-11 2.3299e-29 1.58254e-27
1.99555e-11 2.2958e-29 1.55924e-27
2.00454e-11 2.26219e-29 1.53628e-27
2.01357e-11 2.22908e-29 1.51366e-27
2.02263e-11 2.19645e-29 1.49137e-27
2.03174e-11 2.1643e-29 1.4694e-27
2.04089e-11 2.13262e-29 1.44776e-27
2.05008e-11 2.10141e-29 1.42643e-27
2.05932e-11 2.07065e-29 1.40542e-27
2.06859e-11 2.04034e-29 1.38471e-27
2.07791e-11 2.01047e-29 1.36431e-27
2.08727e-11 1.98104e-29 1.3442e-27
2.09667e-11 1.95204e-29 1.32439e-27
2.10611e-11 1.92347e-29 1.30487e-27
2.1156e-11 1.89531e-29 1.28564e-27
2.12512e-11 1.86757e-29 1.26668e-27
2.13469e-11 1.84023e-29 1.24801e-27
2.14431e-11 1.8133e-29 1.22961e-27
2.15397e-11 1.78676e-29 1.21147e-27
2.16367e-11 1.7606e-29 1.19361e-27
2.17341e-11 1.73483e-29 1.176e-27
2.1832e-11 1.70944e-29 1.15865e-27
2.19303e-11 1.68442e-29 1.14156e-27
2.20291e-11 1.65977e-29 1.12471e-27
2.21283e-11 1.63547e-29 1.10812e-27
2.2228e-11 1.61154e-29 1.09176e-27
2.23281e-11 1.58795e-29 1.07565e-27
2.24286e-11 1.56471e-29 1.05977e-27
2.25296e-11 1.54182e-29 1.04412e-27
2.26311e-11 1.51925e-29 1.0287e-27
2.2733e-11 1.49702e-29 1.01351e-27
2.28354e-11 1.47511e-29 9.98538e-28
2.29383e-11 1.45353e-29 9.83786e-28
2.30416e-11 1.43226e-29 9.69251e-28
2.31453e-11 1.41131e-29 9.54928e-28
2.32496e-11 1.39066e-29 9.40815e-28
2.33543e-11 1.37031e-29 9.26909e-28
2.34595e-11 1.35026e-29 9.13206e-28
2.35651e-11 1.33051e-29 8.99703e-28
2.36713e-11 1.31105e-29 8.86398e-28
2.37779e-11 1.29187e-29 8.73288e-28
2.3885e-11 1.27298e-29 8.60369e-28
2.39925e-11 1.25436e-29 8.47639e-28
2.41006e-11 1.23601e-29 8.35095e-28
2.42091e-11 1.21794e-29 8.22735e-28
2.43182e-11 1.20013e-29 8.10556e-28
2.44277e-11 1.18258e-29 7.98555e-28
2.45377e-11 1.16529e-29 7.86729e-28
2.46482e-11 1.14825e-29 7.75076e-28
2.47592e-11 1.13146e-29 7.63594e-28
2.48707e-11 1.11492e-29 7.52279e-28
2.49827e-11 1.09862e-29 7.4113e-28
2.50952e-11 1.08256e-29 7.30144e-28
2.52083e-11 1.06674e-29 7.19318e-28
2.53218e-11 1.05115e-29 7.08651e-28
2.54358e-11 1.03579e-29 6.98139e-28
2.55504e-11 1.02066e-29 6.87781e-28
2.56655e-11 1.00574e-29 6.77575e-28
2.57811e-11 9.9105e-30 6.67517e-28
2.58972e-11 9.76572e-30 6.57607e-28
2.60138e-11 9.62307e-30 6.47841e-28
2.6131e-11 9.48252e-30 6.38218e-28
2.62486e-11 9.34403e-30 6.28735e-28
2.63669e-11 9.20757e-30 6.19391e-28
2.64856e-11 9.07312e-30 6.10184e-28
2.66049e-11 8.94065e-30 6.01111e-28
2.67247e-11 8.81012e-30 5.9217e-28
2.68451e-11 8.68152e-30 5.8336e-28
2.6966e-11 8.5548e-30 5.74678e-28
2.70874e-11 8.42994e-30 5.66123e-28
2.72094e-11 8.30692e-30 5.57694e-28
2.7332e-11 8.18571e-30 5.49387e-28
2.74551e-11 8.06628e-30 5.41201e-28
2.75787e-11 7.94861e-30 5.33135e-28
2.77029e-11 7.83266e-30 5.25186e-28
2.78277e-11 7.71842e-30 5.17353e-28
2.7953e-11 7.60586e-30 5.09635e-28
2.80789e-11 7.49496e-30 5.02029e-28
2.82054e-11 7.38568e-30 4.94534e-28
2.83324e-11 7.27801e-30 4.87148e-28
2.846e-11 7.17192e-30 4.7987e-28
2.85882e-11 7.0674e-30 4.72698e-28
2.87169e-11 6.96441e-30 4.65631e-28
2.88462e-11 6.86293e-30 4.58667e-28
2.89762e-11 6.76294e-30 4.51804e-28
2.91067e-11 6.66443e-30 4.45041e-28
2.92377e-11 6.56736e-30 4.38376e-28
2.93694e-11 6.47172e-30 4.31809e-28
2.95017e-11 6.37749e-30 4.25337e-28
2.96346e-11 6.28464e-30 4.1896e-28
2.9768e-11 6.19316e-30 4.12675e-28
2.99021e-11 6.10302e-30 4.06482e-28
3.00368e-11 6.0142e-30 4.00379e-28
3.0172e-11 5.92669e-30 3.94365e-28
3.03079e-11 5.84047e-30 3.88438e-28
3.04444e-11 5.75551e-30 3.82598e-28
3.05815e-11 5.67181e-30 3.76842e-28
3.07193e-11 5.58933e-30 3.7117e-28
3.08576e-11 5.50807e-30 3.65581e-28
3.09966e-11 5.428e-30 3.60073e-28
3.11362e-11 5.3491e-30 3.54645e-28
3.12764e-11 5.27137e-30 3.49296e-28
3.14173e-11 5.19478e-30 3.44024e-28
3.15588e-11 5.11931e-30 3.3883e-28
3.17009e-11 5.04495e-30 3.3371e-28
3.18437e-11 4.97169e-30 3.28665e-28
3.19871e-11 4.8995e-30 3.23694e-28
3.21312e-11 4.82837e-30 3.18794e-28
3.22759e-11 4.75829e-30 3.13966e-28
3.24212e-11 4.68924e-30 3.09208e-28
3.25672e-11 4.6212e-30 3.04518e-28
3.27139e-11 4.55416e-30 2.99897e-28
3.28612e-11 4.48811e-30 2.95343e-28
3.30092e-11 4.42302e-30 2.90855e-28
3.31579e-11 4.35889e-30 2.86432e-28
3.33072e-11 4.29571e-30 2.82073e-28
3.34573e-11 4.23345e-30 2.77777e-28
3.36079e-11 4.1721e-30 2.73544e-28
3.37593e-11 4.11166e-30 2.69372e-28
3.39113e-11 4.0521e-30 2.6526e-28
3.40641e-11 3.99342e-30 2.61208e-28
3.42175e-11 3.9356e-30 2.57214e-28
3.43716e-11 3.87863e-30 2.53279e-28
3.45264e-11 3.82249e-30 2.494e-28
3.46819e-11 3.76718e-30 2.45578e-28
3.48381e-11 3.71268e-30 2.41811e-28
3.4995e-11 3.65898e-30 2.38098e-28
3.51526e-11 3.60607e-30 2.34439e-28
3.53109e-11 3.55393e-30 2.30833e-28
3.54699e-11 3.50256e-30 2.27279e-28
3.56297e-11 3.45194e-30 2.23776e-28
3.57901e-11 3.40207e-30 2.20324e-28
3.59513e-11 3.35293e-30 2.16922e-28
3.61132e-11 3.3045e-30 2.13569e-28
3.62759e-11 3.25679e-30 2.10265e-28
3.64393e-11 3.20978e-30 2.07008e-28
3.66034e-11 3.16345e-30 2.03798e-28
3.67682e-11 3.11781e-30 2.00635e-28
3.69338e-11 3.07283e-30 1.97517e-28
3.71002e-11 3.02852e-30 1.94444e-28
3.72672e-11 2.98485e-30 1.91416e-28
3.74351e-11 2.94182e-30 1.88431e-28
3.76037e-11 2.89943e-30 1.85489e-28
3.7773e-11 2.85765e-30 1.8259e-28
3.79432e-11 2.81649e-30 1.79732e-28
3.8114e-11 2.77593e-30 1.76915e-28
3.82857e-11 2.73596e-30 1.7414e-28
3.84581e-11 2.69658e-30 1.71404e-28
3.86313e-11 2.65777e-30 1.68707e-28
3.88053e-11 2.61954e-30 1.66049e-28
3.89801e-11 2.58186e-30 1.6343e-28
3.91556e-11 2.54473e-30 1.60848e-28
3.9332e-11 2.50815e-30 1.58303e-28
3.95091e-11 2.4721e-30 1.55795e-28
3.96871e-11 2.43658e-30 1.53323e-28
3.98658e-11 2.40158e-30 1.50886e-28
4.00453e-11 2.36709e-30 1.48485e-28
4.02257e-11 2.33311e-30 1.46118e-28
4.04069e-11 2.29962e-30 1.43784e-28
4.05888e-11 2.26663e-30 1.41485e-28
4.07716e-11 2.23411e-30 1.39218e-28
4.09553e-11 2.20207e-30 1.36984e-28
4.11397e-11 2.1705e-30 1.34782e-28
4.1325e-11 2.13939e-30 1.32612e-28
4.15111e-11 2.10873e-30 1.30472e-28
4.16981e-11 2.07852e-30 1.28363e-28
4.18859e-11 2.04876e-30 1.26285e-28
4.20745e-11 2.01943e-30 1.24236e-28
4.2264e-11 1.99052e-30 1.22217e-28
4.24543e-11 1.96204e-30 1.20226e-28
4.26455e-11 1.93397e-30 1.18264e-28
4.28376e-11 1.90632e-30 1.1633e-28
4.30305e-11 1.87906e-30 1.14424e-28
4.32243e-11 1.85221e-30 1.12545e-28
4.3419e-11 1.82574e-30 1.10693e-28
4.36146e-11 1.79966e-30 1.08867e-28
4.3811e-11 1.77397e-30 1.07067e-28
4.40083e-11 1.74864e-30 1.05293e-28
4.42065e-11 1.72369e-30 1.03545e-28
4.44056e-11 1.6991e-30 1.01821e-28
4.46056e-11 1.67486e-30 1.00122e-28
4.48065e-11 1.65099e-30 9.84469e-29
4.50083e-11 1.62745e-30 9.67959e-29
4.5211e-11 1.60426e-30 9.51685e-29
4.54146e-11 1.58141e-30 9.35642e-29
4.56191e-11 1.55889e-30 9.19828e-29
4.58246e-11 1.5367e-30 9.04239e-29
4.6031e-11 1.51483e-30 8.88872e-29
4.62383e-11 1.49328e-30 8.73724e-29
4.64465e-11 1.47205e-30 8.58791e-29
4.66557e-11 1.45112e-30 8.44071e-29
4.68658e-11 1.4305e-30 8.29559e-29
4.70769e-11 1.41017e-30 8.15254e-29
4.72889e-11 1.39014e-30 8.01153e-29
4.75019e-11 1.3704e-30 7.87251e-29
4.77158e-11 1.35095e-30 7.73547e-29
4.79307e-11 1.33178e-30 7.60038e-29
4.81466e-11 1.31289e-30 7.4672e-29
4.83634e-11 1.29428e-30 7.33591e-29
4.85812e-11 1.27593e-30 7.20648e-29
4.88e-11 1.25785e-30 7.07889e-29
4.90198e-11 1.24004e-30 6.9531e-29
4.92406e-11 1.22248e-30 6.8291e-29
4.94623e-11 1.20517e-30 6.70685e-29
4.96851e-11 1.18812e-30 6.58633e-29
4.99089e-11 1.17131e-30 6.46752e-29
5.01336e-11 1.15475e-30 6.35039e-29
5.03594e-11 1.13843e-30 6.23492e-29
5.05862e-11 1.12234e-30 6.12107e-29
5.08141e-11 1.10649e-30 6.00884e-29
5.10429e-11 1.09086e-30 5.89819e-29
5.12728e-11 1.07546e-30 5.78911e-29
5.15037e-11 1.06029e-30 5.68156e-29
5.17357e-11 1.04533e-30 5.57553e-29
5.19687e-11 1.03059e-30 5.471e-29
5.22027e-11 1.01607e-30 5.36794e-29
5.24378e-11 1.00175e-30 5.26633e-29
5.2674e-11 9.8764e-31 5.16616e-29
5.29112e-11 9.73734e-31 5.06739e-29
5.31495e-11 9.60029e-31 4.97002e-29
5.33889e-11 9.46522e-31 4.87402e-29
5.36293e-11 9.33209e-31 4.77936e-29
5.38709e-11 9.20089e-31 4.68604e-29
5.41135e-11 9.07159e-31 4.59403e-29
5.43572e-11 8.94415e-31 4.50332e-29
5.4602e-11 8.81854e-31 4.41388e-29
5.48479e-11 8.69475e-31 4.32569e-29
5.50949e-11 8.57274e-31 4.23874e-29
5.53431e-11 8.45248e-31 4.15302e-29
5.55923e-11 8.33396e-31 4.06849e-29
5.58427e-11 8.21715e-31 3.98515e-29
5.60942e-11 8.10202e-31 3.90298e-29
5.63468e-11 7.98854e-31 3.82196e-29
5.66006e-11 7.8767e-31 3.74208e-29
5.68555e-11 7.76647e-31 3.66331e-29
5.71116e-11 7.65782e-31 3.58564e-29
5.73688e-11 7.55073e-31 3.50907e-29
5.76272e-11 7.44518e-31 3.43356e-29
5.78867e-11 7.34115e-31 3.35911e-29
5.81474e-11 7.23861e-31 3.28569e-29
5.84093e-11 7.13755e-31 3.21331e-29
5.86723e-11 7.03793e-31 3.14193e-29
5.89366e-11 6.93975e-31 3.07155e-29
5.9202e-11 6.84297e-31 3.00216e-29
5.94686e-11 6.74758e-31 2.93373e-29
5.97365e-11 6.65356e-31 2.86625e-29
6.00055e-11 6.56089e-31 2.79971e-29
6.02758e-11 6.46954e-31 2.73411e-29
6.05472e-11 6.3795e-31 2.66941e-29
6.08199e-11 6.29076e-31 2.60562e-29
6.10938e-11 6.20328e-31 2.54271e-29
6.1369e-11 6.11705e-31 2.48068e-29
6.16454e-11 6.03206e-31 2.4195e-29
6.1923e-11 5.94828e-31 2.35918e-29
6.22019e-11 5.8657e-31 2.2997e-29
6.2482e-11 5.7843e-31 2.24104e-29
6.27634e-11 5.70406e-31 2.1832e-29
6.30461e-11 5.62497e-31 2.12616e-29
6.333e-11 5.54701e-31 2.06991e-29
6.36152e-11 5.47016e-31 2.01444e-29
6.39017e-11 5.39441e-31 1.95974e-29
6.41895e-11 5.31973e-31 1.9058e-29
6.44786e-11 5.24613e-31 1.8526e-29
6.4769e-11 5.17357e-31 1.80014e-29
6.50607e-11 5.10204e-31 1.7484e-29
6.53537e-11 5.03154e-31 1.69738e-29
6.56481e-11 4.96203e-31 1.64707e-29
6.59437e-11 4.89352e-31 1.59744e-29
6.62407e-11 4.82598e-31 1.54851e-29
6.65391e-11 4.7594e-31 1.50025e-29
6.68387e-11 4.69377e-31 1.45266e-29
6.71398e-11 4.62907e-31 1.40572e-29
6.74421e-11 4.5653e-31 1.35943e-29
6.77459e-11 4.50242e-31 1.31377e-29
6.8051e-11 4.44044e-31 1.26875e-29
6.83575e-11 4.37934e-31 1.22435e-29
6.86653e-11 4.31911e-31 1.18055e-29
6.89746e-11 4.25973e-31 1.13736e-29
6.92852e-11 4.20119e-31 1.09476e-29
6.95973e-11 4.14348e-31 1.05275e-29
6.99107e-11 4.08659e-31 1.01132e-29
7.02256e-11 4.03051e-31 9.70451e-30
7.05418e-11 3.97522e-31 9.30146e-30
7.08595e-11 3.92071e-31 8.90394e-30
7.11787e-11 3.86698e-31 8.51187e-30
7.14992e-11 3.814e-31 8.12517e-30
7.18212e-11 3.76177e-31 7.74377e-30
7.21447e-11 3.71028e-31 7.36759e-30
7.24696e-11 3.65952e-31 6.99657e-30
7.2796e-11 3.60947e-31 6.63061e-30
7.31239e-11 3.56013e-31 6.26967e-30
7.34532e-11 3.51149e-31 5.91365e-30
7.3784e-11 3.46353e-31 5.5625e-30
7.41163e-11 3.41625e-31 5.21615e-30
7.44501e-11 3.36964e-31 4.87453e-30
7.47854e-11 3.32368e-31 4.53756e-30
7.51222e-11 3.27837e-31 4.20519e-30
7.54605e-11 3.2337e-31 3.87736e-30
7.58004e-11 3.18965e-31 3.55399e-30
7.61418e-11 3.14623e-31 3.23502e-30
7.64847e-11 3.10341e-31 2.9204e-30
7.68292e-11 3.0612e-31 2.61006e-30
7.71752e-11 3.01958e-31 2.30394e-30
7.75228e-11 2.97855e-31 2.00198e-30
7.78719e-11 2.93809e-31 1.70412e-30
7.82226e-11 2.8982e-31 1.41032e-30
7.85749e-11 2.85887e-31 1.1205e-30
7.89288e-11 2.82009e-31 8.34609e-31
7.92842e-11 2.78185e-31 5.526e-31
7.96413e-11 2.74415e-31 2.74415e-31
