1e-14 1.62273e-62 2.06351e-53
1.0045e-14 1.68175e-62 2.06351e-53
1.00903e-14 1.74284e-62 2.06351e-53
1.01357e-14 1.80606e-62 2.06351e-53
1.01814e-14 1.8715e-62 2.06351e-53
1.02272e-14 1.93921e-62 2.06351e-53
1.02733e-14 2.00929e-62 2.06351e-53
1.03196e-14 2.0818e-62 2.06351e-53
1.0366e-14 2.15683e-62 2.06351e-53
1.04127e-14 2.23446e-62 2.06351e-53
1.04596e-14 2.31478e-62 2.06351e-53
1.05067e-14 2.39788e-62 2.06351e-53
1.0554e-14 2.48385e-62 2.06351e-53
1.06016e-14 2.57279e-62 2.06351e-53
1.06493e-14 2.66478e-62 2.06351e-53
1.06973e-14 2.75994e-62 2.06351e-53
1.07455e-14 2.85837e-62 2.06351e-53
1.07938e-14 2.96018e-62 2.06351e-53
1.08425e-14 3.06547e-62 2.06351e-53
1.08913e-14 3.17437e-62 2.06351e-53
1.09403e-14 3.28698e-62 2.06351e-53
1.09896e-14 3.40343e-62 2.06351e-53
1.10391e-14 3.52385e-62 2.06351e-53
1.10888e-14 3.64836e-62 2.06351e-53
1.11388e-14 3.7771e-62 2.06351e-53
1.11889e-14 3.9102e-62 2.06351e-53
1.12393e-14 4.04781e-62 2.06351e-53
1.12899e-14 4.19008e-62 2.06351e-53
1.13408e-14 4.33714e-62 2.06351e-53
1.13919e-14 4.48917e-62 2.06351e-53
1.14432e-14 4.64631e-62 2.06351e-53
1.14947e-14 4.80873e-62 2.06351e-53
1.15465e-14 4.97661e-62 2.06351e-53
1.15985e-14 5.15011e-62 2.06351e-53
1.16507e-14 5.32942e-62 2.06351e-53
1.17032e-14 5.51473e-62 2.06351e-53
1.17559e-14 5.70621e-62 2.06351e-53
1.18088e-14 5.90408e-62 2.06351e-53
1.1862e-14 6.10853e-62 2.06351e-53
1.19154e-14 6.31978e-62 2.06351e-53
1.19691e-14 6.53803e-62 2.06351e-53
1.2023e-14 6.76352e-62 2.06351e-53
1.20772e-14 6.99646e-62 2.06351e-53
1.21316e-14 7.2371e-62 2.0635e-53
1.21862e-14 7.48567e-62 2.0635e-53
1.22411e-14 7.74244e-62 2.0635e-53
1.22962e-14 8.00764e-62 2.0635e-53
1.23516e-14 8.28156e-62 2.0635e-53
1.24072e-14 8.56445e-62 2.0635e-53
1.24631e-14 8.85661e-62 2.0635e-53
1.25192e-14 9.15832e-62 2.0635e-53
1.25756e-14 9.46988e-62 2.0635e-53
1.26322e-14 9.7916e-62 2.0635e-53
1.26891e-14 1.01238e-61 2.0635e-53
1.27463e-14 1.04668e-61 2.0635e-53
1.28037e-14 1.08209e-61 2.0635e-53
1.28613e-14 1.11865e-61 2.0635e-53
1.29193e-14 1.15639e-61 2.0635e-53
1.29775e-14 1.19535e-61 2.0635e-53
1.30359e-14 1.23557e-61 2.0635e-53
1.30946e-14 1.27708e-61 2.0635e-53
1.31536e-14 1.31993e-61 2.0635e-53
1.32128e-14 1.36415e-61 2.0635e-53
1.32723e-14 1.40979e-61 2.0635e-53
1.33321e-14 1.45689e-61 2.0635e-53
1.33922e-14 1.5055e-61 2.0635e-53
1.34525e-14 1.55566e-61 2.0635e-53
1.35131e-14 1.60742e-61 2.0635e-53
1.35739e-14 1.66083e-61 2.0635e-53
1.3635e-14 1.71593e-61 2.0635e-53
1.36965e-14 1.77278e-61 2.0635e-53
1.37581e-14 1.83143e-61 2.0635e-53
1.38201e-14 1.89193e-61 2.0635e-53
1.38823e-14 1.95435e-61 2.0635e-53
1.39449e-14 2.01874e-61 2.0635e-53
1.40077e-14 2.08515e-61 2.0635e-53
1.40708e-14 2.15365e-61 2.0635e-53
1.41341e-14 2.2243e-61 2.0635e-53
1.41978e-14 2.29716e-61 2.0635e-53
1.42617e-14 2.3723e-61 2.0635e-53
1.4326e-14 2.44979e-61 2.0635e-53
1.43905e-14 2.5297e-61 2.0635e-53
1.44553e-14 2.61209e-61 2.0635e-53
1.45204e-14 2.69705e-61 2.0635e-53
1.45858e-14 2.78465e-61 2.0635e-53
1.46515e-14 2.87496e-61 2.0635e-53
1.47175e-14 2.96807e-61 2.0635e-53
1.47837e-14 3.06405e-61 2.0635e-53
1.48503e-14 3.16299e-61 2.0635e-53
1.49172e-14 3.26499e-61 2.0635e-53
1.49844e-14 3.37012e-61 2.0635e-53
1.50519e-14 3.47847e-61 2.0635e-53
1.51197e-14 3.59015e-61 2.0635e-53
1.51878e-14 3.70525e-61 2.0635e-53
1.52562e-14 3.82387e-61 2.0635e-53
1.53249e-14 3.94611e-61 2.0635e-53
1.53939e-14 4.07207e-61 2.0635e-53
1.54632e-14 4.20186e-61 2.0635e-53
1.55329e-14 4.33559e-61 2.0635e-53
1.56028e-14 4.47338e-61 2.0635e-53
1.56731e-14 4.61534e-61 2.0635e-53
1.57437e-14 4.76159e-61 2.0635e-53
1.58146e-14 4.91226e-61 2.0635e-53
1.58858e-14 5.06746e-61 2.0635e-53
1.59573e-14 5.22734e-61 2.0635e-53
1.60292e-14 5.39201e-61 2.0635e-53
1.61014e-14 5.56162e-61 2.0635e-53
1.61739e-14 5.73631e-61 2.0635e-53
1.62468e-14 5.91623e-61 2.0635e-53
1.63199e-14 6.10151e-61 2.0635e-53
1.63934e-14 6.2923e-61 2.0635e-53
1.64673e-14 6.48878e-61 2.0635e-53
1.65414e-14 6.69109e-61 2.0635e-53
1.66159e-14 6.89939e-61 2.0635e-53
1.66908e-14 7.11387e-61 2.0635e-53
1.67659e-14 7.33468e-61 2.0635e-53
1.68414e-14 7.562e-61 2.0635e-53
1.69173e-14 7.79602e-61 2.0635e-53
1.69935e-14 8.03692e-61 2.0635e-53
1.707e-14 8.2849e-61 2.0635e-53
1.71469e-14 8.54014e-61 2.0635e-53
1.72241e-14 8.80285e-61 2.0635e-53
1.73017e-14 9.07324e-61 2.0635e-53
1.73796e-14 9.35151e-61 2.0635e-53
1.74579e-14 9.63788e-61 2.0635e-53
1.75365e-14 9.93258e-61 2.0635e-53
1.76155e-14 1.02358e-60 2.0635e-53
1.76948e-14 1.05479e-60 2.0635e-53
1.77745e-14 1.08689e-60 2.0635e-53
1.78546e-14 1.11993e-60 2.0635e-53
1.7935e-14 1.15391e-60 2.0635e-53
1.80158e-14 1.18888e-60 2.0635e-53
1.80969e-14 1.22484e-60 2.0635e-53
1.81784e-14 1.26184e-60 2.0635e-53
1.82603e-14 1.2999e-60 2.0635e-53
1.83425e-14 1.33905e-60 2.0635e-53
1.84251e-14 1.37932e-60 2.0635e-53
1.85081e-14 1.42073e-60 2.0635e-53
1.85914e-14 1.46332e-60 2.0635e-53
1.86752e-14 1.50712e-60 2.0635e-53
1.87593e-14 1.55216e-60 2.0635e-53
1.88438e-14 1.59847e-60 2.0635e-53
1.89286e-14 1.6461e-60 2.0635e-53
1.90139e-14 1.69507e-60 2.0635e-53
1.90995e-14 1.74541e-60 2.0635e-53
1.91855e-14 1.79717e-60 2.0635e-53
1.92719e-14 1.85039e-60 2.0635e-53
1.93587e-14 1.90509e-60 2.0635e-53
1.94459e-14 1.96132e-60 2.0635e-53
1.95335e-14 2.01913e-60 2.0635e-53
1.96215e-14 2.07854e-60 2.0635e-53
1.97098e-14 2.13961e-60 2.0635e-53
1.97986e-14 2.20237e-60 2.0635e-53
1.98878e-14 2.26687e-60 2.0635e-53
1.99774e-14 2.33316e-60 2.0635e-53
2.00673e-14 2.40128e-60 2.0635e-53
2.01577e-14 2.47128e-60 2.0635e-53
2.02485e-14 2.5432e-60 2.0635e-53
2.03397e-14 2.6171e-60 2.0635e-53
2.04313e-14 2.69303e-60 2.0635e-53
2.05233e-14 2.77104e-60 2.0635e-53
2.06157e-14 2.85118e-60 2.0635e-53
2.07086e-14 2.93351e-60 2.0635e-53
2.08018e-14 3.01808e-60 2.0635e-53
2.08955e-14 3.10495e-60 2.06349e-53
2.09896e-14 3.19418e-60 2.06349e-53
2.10842e-14 3.28582e-60 2.06349e-53
2.11791e-14 3.37995e-60 2.06349e-53
2.12745e-14 3.47662e-60 2.06349e-53
2.13703e-14 3.57589e-60 2.06349e-53
2.14666e-14 3.67783e-60 2.06349e-53
2.15632e-14 3.78252e-60 2.06349e-53
2.16604e-14 3.89e-60 2.06349e-53
2.17579e-14 4.00037e-60 2.06349e-53
2.18559e-14 4.11368e-60 2.06349e-53
2.19543e-14 4.23002e-60 2.06349e-53
2.20532e-14 4.34945e-60 2.06349e-53
2.21525e-14 4.47206e-60 2.06349e-53
2.22523e-14 4.59792e-60 2.06349e-53
2.23525e-14 4.7271e-60 2.06349e-53
2.24532e-14 4.85971e-60 2.06349e-53
2.25543e-14 4.99581e-60 2.06349e-53
2.26559e-14 5.1355e-60 2.06349e-53
2.27579e-14 5.27885e-60 2.06349e-53
2.28604e-14 5.42597e-60 2.06349e-53
2.29634e-14 5.57694e-60 2.06349e-53
2.30668e-14 5.73186e-60 2.06349e-53
2.31707e-14 5.89082e-60 2.06349e-53
2.3275e-14 6.05392e-60 2.06348e-53
2.33799e-14 6.22126e-60 2.06348e-53
2.34852e-14 6.39294e-60 2.06348e-53
2.35909e-14 6.56907e-60 2.06348e-53
2.36972e-14 6.74975e-60 2.06348e-53
2.38039e-14 6.93509e-60 2.06348e-53
2.39111e-14 7.12521e-60 2.06348e-53
2.40188e-14 7.32021e-60 2.06348e-53
2.4127e-14 7.52022e-60 2.06348e-53
2.42356e-14 7.72535e-60 2.06348e-53
2.43448e-14 7.93573e-60 2.06348e-53
2.44544e-14 8.15148e-60 2.06348e-53
2.45646e-14 8.37271e-60 2.06348e-53
2.46752e-14 8.59958e-60 2.06348e-53
2.47863e-14 8.8322e-60 2.06347e-53
2.4898e-14 9.07071e-60 2.06347e-53
2.50101e-14 9.31525e-60 2.06347e-53
2.51227e-14 9.56596e-60 2.06347e-53
2.52359e-14 9.82299e-60 2.06347e-53
2.53495e-14 1.00865e-59 2.06347e-53
2.54637e-14 1.03566e-59 2.06347e-53
2.55784e-14 1.06334e-59 2.06347e-53
2.56936e-14 1.09172e-59 2.06347e-53
2.58093e-14 1.12081e-59 2.06347e-53
2.59255e-14 1.15062e-59 2.06346e-53
2.60423e-14 1.18117e-59 2.06346e-53
2.61596e-14 1.21247e-59 2.06346e-53
2.62774e-14 1.24456e-59 2.06346e-53
2.63957e-14 1.27743e-59 2.06346e-53
2.65146e-14 1.31112e-59 2.06346e-53
2.6634e-14 1.34563e-59 2.06346e-53
2.6754e-14 1.381e-59 2.06346e-53
2.68745e-14 1.41723e-59 2.06345e-53
2.69955e-14 1.45434e-59 2.06345e-53
2.71171e-14 1.49236e-59 2.06345e-53
2.72392e-14 1.53131e-59 2.06345e-53
2.73619e-14 1.57121e-59 2.06345e-53
2.74851e-14 1.61207e-59 2.06345e-53
2.76089e-14 1.65393e-59 2.06345e-53
2.77332e-14 1.6968e-59 2.06344e-53
2.78581e-14 1.7407e-59 2.06344e-53
2.79836e-14 1.78566e-59 2.06344e-53
2.81096e-14 1.8317e-59 2.06344e-53
2.82362e-14 1.87884e-59 2.06344e-53
2.83634e-14 1.92711e-59 2.06343e-53
2.84912e-14 1.97654e-59 2.06343e-53
2.86195e-14 2.02714e-59 2.06343e-53
2.87484e-14 2.07895e-59 2.06343e-53
2.88778e-14 2.13199e-59 2.06343e-53
2.90079e-14 2.18629e-59 2.06342e-53
2.91385e-14 2.24187e-59 2.06342e-53
2.92698e-14 2.29876e-59 2.06342e-53
2.94016e-14 2.35699e-59 2.06342e-53
2.9534e-14 2.41659e-59 2.06342e-53
2.9667e-14 2.4776e-59 2.06341e-53
2.98006e-14 2.54002e-59 2.06341e-53
2.99348e-14 2.60391e-59 2.06341e-53
3.00697e-14 2.66929e-59 2.06341e-53
3.02051e-14 2.73619e-59 2.0634e-53
3.03411e-14 2.80464e-59 2.0634e-53
3.04778e-14 2.87468e-59 2.0634e-53
3.0615e-14 2.94634e-59 2.06339e-53
3.07529e-14 3.01965e-59 2.06339e-53
3.08914e-14 3.09466e-59 2.06339e-53
3.10305e-14 3.17138e-59 2.06339e-53
3.11703e-14 3.24987e-59 2.06338e-53
3.13107e-14 3.33015e-59 2.06338e-53
3.14517e-14 3.41227e-59 2.06338e-53
3.15933e-14 3.49626e-59 2.06337e-53
3.17356e-14 3.58216e-59 2.06337e-53
3.18786e-14 3.67001e-59 2.06336e-53
3.20221e-14 3.75985e-59 2.06336e-53
3.21663e-14 3.85172e-59 2.06336e-53
3.23112e-14 3.94566e-59 2.06335e-53
3.24567e-14 4.04172e-59 2.06335e-53
3.26029e-14 4.13993e-59 2.06335e-53
3.27497e-14 4.24035e-59 2.06334e-53
3.28972e-14 4.34301e-59 2.06334e-53
3.30454e-14 4.44797e-59 2.06333e-53
3.31942e-14 4.55526e-59 2.06333e-53
3.33437e-14 4.66493e-59 2.06332e-53
3.34939e-14 4.77704e-59 2.06332e-53
3.36447e-14 4.89163e-59 2.06331e-53
3.37963e-14 5.00875e-59 2.06331e-53
3.39485e-14 5.12845e-59 2.0633e-53
3.41014e-14 5.25078e-59 2.0633e-53
3.42549e-14 5.3758e-59 2.06329e-53
3.44092e-14 5.50355e-59 2.06329e-53
3.45642e-14 5.6341e-59 2.06328e-53
3.47199e-14 5.76748e-59 2.06328e-53
3.48762e-14 5.90377e-59 2.06327e-53
3.50333e-14 6.04302e-59 2.06327e-53
3.51911e-14 6.18528e-59 2.06326e-53
3.53496e-14 6.33062e-59 2.06325e-53
3.55088e-14 6.47909e-59 2.06325e-53
3.56687e-14 6.63075e-59 2.06324e-53
3.58293e-14 6.78567e-59 2.06323e-53
3.59907e-14 6.9439e-59 2.06323e-53
3.61528e-14 7.10552e-59 2.06322e-53
3.63156e-14 7.27058e-59 2.06321e-53
3.64792e-14 7.43916e-59 2.06321e-53
3.66435e-14 7.61131e-59 2.0632e-53
3.68085e-14 7.78711e-59 2.06319e-53
3.69743e-14 7.96662e-59 2.06318e-53
3.71408e-14 8.14991e-59 2.06318e-53
3.73081e-14 8.33707e-59 2.06317e-53
3.74761e-14 8.52815e-59 2.06316e-53
3.76449e-14 8.72323e-59 2.06315e-53
3.78144e-14 8.92238e-59 2.06314e-53
3.79847e-14 9.12569e-59 2.06313e-53
3.81558e-14 9.33323e-59 2.06312e-53
3.83276e-14 9.54507e-59 2.06311e-53
3.85002e-14 9.7613e-59 2.0631e-53
3.86736e-14 9.98199e-59 2.06309e-53
3.88478e-14 1.02072e-58 2.06308e-53
3.90228e-14 1.04371e-58 2.06307e-53
3.91985e-14 1.06717e-58 2.06306e-53
3.93751e-14 1.09111e-58 2.06305e-53
3.95524e-14 1.11554e-58 2.06304e-53
3.97305e-14 1.14046e-58 2.06303e-53
3.99095e-14 1.16589e-58 2.06302e-53
4.00892e-14 1.19184e-58 2.06301e-53
4.02698e-14 1.21831e-58 2.063e-53
4.04511e-14 1.24532e-58 2.06298e-53
4.06333e-14 1.27287e-58 2.06297e-53
4.08163e-14 1.30097e-58 2.06296e-53
4.10001e-14 1.32964e-58 2.06295e-53
4.11848e-14 1.35888e-58 2.06293e-53
4.13703e-14 1.3887e-58 2.06292e-53
4.15566e-14 1.41911e-58 2.06291e-53
4.17437e-14 1.45013e-58 2.06289e-53
4.19317e-14 1.48177e-58 2.06288e-53
4.21206e-14 1.51402e-58 2.06286e-53
4.23103e-14 1.54692e-58 2.06285e-53
4.25008e-14 1.58046e-58 2.06283e-53
4.26922e-14 1.61466e-58 2.06282e-53
4.28845e-14 1.64952e-58 2.0628e-53
4.30777e-14 1.68507e-58 2.06278e-53
4.32717e-14 1.72131e-58 2.06277e-53
4.34666e-14 1.75825e-58 2.06275e-53
4.36623e-14 1.79591e-58 2.06273e-53
4.3859e-14 1.8343e-58 2.06271e-53
4.40565e-14 1.87342e-58 2.06269e-53
4.42549e-14 1.9133e-58 2.06268e-53
4.44542e-14 1.95394e-58 2.06266e-53
4.46544e-14 1.99536e-58 2.06264e-53
4.48555e-14 2.03758e-58 2.06262e-53
4.50575e-14 2.08059e-58 2.0626e-53
4.52605e-14 2.12442e-58 2.06258e-53
4.54643e-14 2.16908e-58 2.06256e-53
4.56691e-14 2.21459e-58 2.06253e-53
4.58748e-14 2.26095e-58 2.06251e-53
4.60814e-14 2.30819e-58 2.06249e-53
4.62889e-14 2.35631e-58 2.06247e-53
4.64974e-14 2.40533e-58 2.06244e-53
4.67068e-14 2.45527e-58 2.06242e-53
4.69171e-14 2.50613e-58 2.06239e-53
4.71284e-14 2.55794e-58 2.06237e-53
4.73407e-14 2.61071e-58 2.06234e-53
4.75539e-14 2.66445e-58 2.06232e-53
4.77681e-14 2.71919e-58 2.06229e-53
4.79832e-14 2.77493e-58 2.06226e-53
4.81993e-14 2.83169e-58 2.06224e-53
4.84164e-14 2.88948e-58 2.06221e-53
4.86344e-14 2.94834e-58 2.06218e-53
4.88535e-14 3.00826e-58 2.06215e-53
4.90735e-14 3.06927e-58 2.06212e-53
4.92945e-14 3.13138e-58 2.06209e-53
4.95165e-14 3.19461e-58 2.06206e-53
4.97395e-14 3.25898e-58 2.06202e-53
4.99635e-14 3.3245e-58 2.06199e-53
5.01886e-14 3.3912e-58 2.06196e-53
5.04146e-14 3.45909e-58 2.06192e-53
5.06416e-14 3.52819e-58 2.06189e-53
5.08697e-14 3.59851e-58 2.06185e-53
5.10988e-14 3.67008e-58 2.06182e-53
5.13289e-14 3.74291e-58 2.06178e-53
5.15601e-14 3.81702e-58 2.06174e-53
5.17923e-14 3.89244e-58 2.06171e-53
5.20256e-14 3.96918e-58 2.06167e-53
5.22599e-14 4.04726e-58 2.06163e-53
5.24953e-14 4.1267e-58 2.06159e-53
5.27317e-14 4.20752e-58 2.06155e-53
5.29692e-14 4.28974e-58 2.0615e-53
5.32077e-14 4.37338e-58 2.06146e-53
5.34474e-14 4.45846e-58 2.06142e-53
5.36881e-14 4.545e-58 2.06137e-53
5.39299e-14 4.63303e-58 2.06133e-53
5.41728e-14 4.72256e-58 2.06128e-53
5.44167e-14 4.81361e-58 2.06123e-53
5.46618e-14 4.90622e-58 2.06119e-53
5.4908e-14 5.00039e-58 2.06114e-53
5.51553e-14 5.09616e-58 2.06109e-53
5.54037e-14 5.19353e-58 2.06104e-53
5.56532e-14 5.29255e-58 2.06098e-53
5.59039e-14 5.39322e-58 2.06093e-53
5.61556e-14 5.49558e-58 2.06088e-53
5.64085e-14 5.59964e-58 2.06082e-53
5.66626e-14 5.70543e-58 2.06077e-53
5.69178e-14 5.81297e-58 2.06071e-53
5.71741e-14 5.92229e-58 2.06065e-53
5.74316e-14 6.03341e-58 2.06059e-53
5.76903e-14 6.14635e-58 2.06053e-53
5.79501e-14 6.26115e-58 2.06047e-53
5.82111e-14 6.37782e-58 2.06041e-53
5.84732e-14 6.49638e-58 2.06034e-53
5.87366e-14 6.61687e-58 2.06028e-53
5.90011e-14 6.73932e-58 2.06021e-53
5.92668e-14 6.86373e-58 2.06014e-53
5.95338e-14 6.99015e-58 2.06008e-53
5.98019e-14 7.1186e-58 2.06001e-53
6.00712e-14 7.2491e-58 2.05994e-53
6.03418e-14 7.38169e-58 2.05986e-53
6.06135e-14 7.51638e-58 2.05979e-53
6.08865e-14 7.6532e-58 2.05971e-53
6.11607e-14 7.79219e-58 2.05964e-53
6.14362e-14 7.93337e-58 2.05956e-53
6.17129e-14 8.07677e-58 2.05948e-53
6.19908e-14 8.22241e-58 2.0594e-53
6.227e-14 8.37032e-58 2.05932e-53
6.25504e-14 8.52054e-58 2.05923e-53
6.28321e-14 8.67309e-58 2.05915e-53
6.31151e-14 8.828e-58 2.05906e-53
6.33994e-14 8.9853e-58 2.05897e-53
6.36849e-14 9.14501e-58 2.05888e-53
6.39717e-14 9.30718e-58 2.05879e-53
6.42598e-14 9.47182e-58 2.0587e-53
6.45492e-14 9.63897e-58 2.0586e-53
6.484e-14 9.80865e-58 2.05851e-53
6.5132e-14 9.98091e-58 2.05841e-53
6.54253e-14 1.01558e-57 2.05831e-53
6.572e-14 1.03332e-57 2.05821e-53
6.6016e-14 1.05134e-57 2.0581e-53
6.63133e-14 1.06962e-57 2.058e-53
6.66119e-14 1.08818e-57 2.05789e-53
6.69119e-14 1.10701e-57 2.05778e-53
6.72133e-14 1.12612e-57 2.05767e-53
6.7516e-14 1.14551e-57 2.05756e-53
6.78201e-14 1.16519e-57 2.05745e-53
6.81255e-14 1.18516e-57 2.05733e-53
6.84323e-14 1.20542e-57 2.05721e-53
6.87405e-14 1.22597e-57 2.05709e-53
6.90501e-14 1.24682e-57 2.05697e-53
6.93611e-14 1.26797e-57 2.05684e-53
6.96735e-14 1.28943e-57 2.05672e-53
6.99873e-14 1.3112e-57 2.05659e-53
7.03025e-14 1.33327e-57 2.05646e-53
7.06191e-14 1.35567e-57 2.05632e-53
7.09371e-14 1.37838e-57 2.05619e-53
7.12566e-14 1.40141e-57 2.05605e-53
7.15775e-14 1.42477e-57 2.05591e-53
7.18999e-14 1.44846e-57 2.05577e-53
7.22237e-14 1.47248e-57 2.05562e-53
7.2549e-14 1.49684e-57 2.05547e-53
7.28757e-14 1.52153e-57 2.05533e-53
7.32039e-14 1.54657e-57 2.05517e-53
7.35336e-14 1.57196e-57 2.05502e-53
7.38648e-14 1.59769e-57 2.05486e-53
7.41975e-14 1.62378e-57 2.0547e-53
7.45316e-14 1.65023e-57 2.05454e-53
7.48673e-14 1.67704e-57 2.05437e-53
7.52045e-14 1.70421e-57 2.05421e-53
7.55432e-14 1.73176e-57 2.05404e-53
7.58834e-14 1.75967e-57 2.05386e-53
7.62252e-14 1.78796e-57 2.05369e-53
7.65685e-14 1.81663e-57 2.05351e-53
7.69133e-14 1.84568e-57 2.05333e-53
7.72597e-14 1.87512e-57 2.05314e-53
7.76076e-14 1.90495e-57 2.05295e-53
7.79572e-14 1.93517e-57 2.05276e-53
7.83083e-14 1.96579e-57 2.05257e-53
7.86609e-14 1.99682e-57 2.05237e-53
7.90152e-14 2.02825e-57 2.05217e-53
7.93711e-14 2.06009e-57 2.05197e-53
7.97285e-14 2.09234e-57 2.05176e-53
8.00876e-14 2.12501e-57 2.05156e-53
8.04483e-14 2.1581e-57 2.05134e-53
8.08106e-14 2.19161e-57 2.05113e-53
8.11746e-14 2.22556e-57 2.05091e-53
8.15402e-14 2.25993e-57 2.05069e-53
8.19074e-14 2.29475e-57 2.05046e-53
8.22763e-14 2.33e-57 2.05023e-53
8.26468e-14 2.36569e-57 2.05e-53
8.3019e-14 2.40184e-57 2.04976e-53
8.33929e-14 2.43844e-57 2.04952e-53
8.37685e-14 2.47549e-57 2.04928e-53
8.41458e-14 2.513e-57 2.04903e-53
8.45247e-14 2.55097e-57 2.04878e-53
8.49054e-14 2.58941e-57 2.04852e-53
8.52878e-14 2.62833e-57 2.04826e-53
8.56719e-14 2.66772e-57 2.048e-53
8.60578e-14 2.70758e-57 2.04773e-53
8.64453e-14 2.74793e-57 2.04746e-53
8.68347e-14 2.78877e-57 2.04719e-53
8.72257e-14 2.8301e-57 2.04691e-53
8.76186e-14 2.87192e-57 2.04663e-53
8.80132e-14 2.91424e-57 2.04634e-53
8.84096e-14 2.95706e-57 2.04605e-53
8.88077e-14 3.00039e-57 2.04575e-53
8.92077e-14 3.04423e-57 2.04545e-53
8.96095e-14 3.08858e-57 2.04515e-53
9.00131e-14 3.13345e-57 2.04484e-53
9.04184e-14 3.17884e-57 2.04453e-53
9.08257e-14 3.22476e-57 2.04421e-53
9.12347e-14 3.27121e-57 2.04389e-53
9.16456e-14 3.31819e-57 2.04356e-53
9.20584e-14 3.36571e-57 2.04323e-53
9.2473e-14 3.41377e-57 2.04289e-53
9.28894e-14 3.46237e-57 2.04255e-53
9.33078e-14 3.51152e-57 2.0422e-53
9.3728e-14 3.56123e-57 2.04185e-53
9.41501e-14 3.61149e-57 2.04149e-53
9.45742e-14 3.66231e-57 2.04113e-53
9.50001e-14 3.71369e-57 2.04077e-53
9.54279e-14 3.76564e-57 2.0404e-53
9.58577e-14 3.81817e-57 2.04002e-53
9.62894e-14 3.87126e-57 2.03964e-53
9.67231e-14 3.92494e-57 2.03925e-53
9.71587e-14 3.9792e-57 2.03886e-53
9.75963e-14 4.03404e-57 2.03846e-53
9.80358e-14 4.08948e-57 2.03806e-53
9.84774e-14 4.1455e-57 2.03765e-53
9.89209e-14 4.20213e-57 2.03723e-53
9.93664e-14 4.25935e-57 2.03681e-53
9.98139e-14 4.31718e-57 2.03639e-53
1.00263e-13 4.37562e-57 2.03596e-53
1.00715e-13 4.43466e-57 2.03552e-53
1.01169e-13 4.49432e-57 2.03507e-53
1.01624e-13 4.5546e-57 2.03463e-53
1.02082e-13 4.6155e-57 2.03417e-53
1.02542e-13 4.67703e-57 2.03371e-53
1.03003e-13 4.73918e-57 2.03324e-53
1.03467e-13 4.80197e-57 2.03277e-53
1.03933e-13 4.86539e-57 2.03229e-53
1.04401e-13 4.92945e-57 2.0318e-53
1.04872e-13 4.99415e-57 2.03131e-53
1.05344e-13 5.05949e-57 2.03081e-53
1.05818e-13 5.12548e-57 2.0303e-53
1.06295e-13 5.19213e-57 2.02979e-53
1.06774e-13 5.25942e-57 2.02927e-53
1.07255e-13 5.32738e-57 2.02874e-53
1.07738e-13 5.39599e-57 2.02821e-53
1.08223e-13 5.46527e-57 2.02767e-53
1.0871e-13 5.53522e-57 2.02712e-53
1.092e-13 5.60583e-57 2.02657e-53
1.09692e-13 5.67712e-57 2.02601e-53
1.10186e-13 5.74908e-57 2.02544e-53
1.10682e-13 5.82172e-57 2.02487e-53
1.1118e-13 5.89504e-57 2.02429e-53
1.11681e-13 5.96904e-57 2.0237e-53
1.12184e-13 6.04373e-57 2.0231e-53
1.12689e-13 6.11911e-57 2.0225e-53
1.13197e-13 6.19518e-57 2.02188e-53
1.13707e-13 6.27194e-57 2.02126e-53
1.14219e-13 6.3494e-57 2.02064e-53
1.14733e-13 6.42756e-57 2.02e-53
1.1525e-13 6.50642e-57 2.01936e-53
1.15769e-13 6.58599e-57 2.01871e-53
1.1629e-13 6.66625e-57 2.01805e-53
1.16814e-13 6.74723e-57 2.01738e-53
1.1734e-13 6.82892e-57 2.01671e-53
1.17869e-13 6.91132e-57 2.01603e-53
1.18399e-13 6.99443e-57 2.01533e-53
1.18933e-13 7.07827e-57 2.01463e-53
1.19468e-13 7.16282e-57 2.01393e-53
1.20006e-13 7.24809e-57 2.01321e-53
1.20547e-13 7.33408e-57 2.01249e-53
1.2109e-13 7.4208e-57 2.01175e-53
1.21635e-13 7.50824e-57 2.01101e-53
1.22183e-13 7.59641e-57 2.01026e-53
1.22733e-13 7.68531e-57 2.0095e-53
1.23286e-13 7.77494e-57 2.00873e-53
1.23841e-13 7.8653e-57 2.00795e-53
1.24399e-13 7.95639e-57 2.00717e-53
1.24959e-13 8.04822e-57 2.00637e-53
1.25522e-13 8.14079e-57 2.00557e-53
1.26087e-13 8.23409e-57 2.00475e-53
1.26655e-13 8.32813e-57 2.00393e-53
1.27226e-13 8.42291e-57 2.0031e-53
1.27799e-13 8.51844e-57 2.00225e-53
1.28374e-13 8.6147e-57 2.0014e-53
1.28952e-13 8.71171e-57 2.00054e-53
1.29533e-13 8.80945e-57 1.99967e-53
1.30116e-13 8.90795e-57 1.99879e-53
1.30702e-13 9.00718e-57 1.9979e-53
1.31291e-13 9.10716e-57 1.997e-53
1.31882e-13 9.20789e-57 1.99609e-53
1.32476e-13 9.30936e-57 1.99517e-53
1.33073e-13 9.41158e-57 1.99423e-53
1.33672e-13 9.51455e-57 1.99329e-53
1.34274e-13 9.61826e-57 1.99234e-53
1.34879e-13 9.72272e-57 1.99138e-53
1.35487e-13 9.82792e-57 1.99041e-53
1.36097e-13 9.93387e-57 1.98943e-53
1.3671e-13 1.00406e-56 1.98843e-53
1.37325e-13 1.0148e-56 1.98743e-53
1.37944e-13 1.02562e-56 1.98641e-53
1.38565e-13 1.03651e-56 1.98539e-53
1.39189e-13 1.04748e-56 1.98435e-53
1.39816e-13 1.05852e-56 1.9833e-53
1.40446e-13 1.06964e-56 1.98225e-53
1.41078e-13 1.08083e-56 1.98118e-53
1.41714e-13 1.0921e-56 1.98009e-53
1.42352e-13 1.10343e-56 1.979e-53
1.42993e-13 1.11485e-56 1.9779e-53
1.43637e-13 1.12633e-56 1.97678e-53
1.44284e-13 1.1379e-56 1.97566e-53
1.44934e-13 1.14953e-56 1.97452e-53
1.45586e-13 1.16124e-56 1.97337e-53
1.46242e-13 1.17302e-56 1.97221e-53
1.46901e-13 1.18487e-56 1.97104e-53
1.47562e-13 1.1968e-56 1.96985e-53
1.48227e-13 1.2088e-56 1.96865e-53
1.48894e-13 1.22087e-56 1.96745e-53
1.49565e-13 1.23302e-56 1.96622e-53
1.50239e-13 1.24523e-56 1.96499e-53
1.50915e-13 1.25752e-56 1.96375e-53
1.51595e-13 1.26988e-56 1.96249e-53
1.52278e-13 1.28232e-56 1.96122e-53
1.52963e-13 1.29482e-56 1.95994e-53
1.53652e-13 1.30739e-56 1.95864e-53
1.54344e-13 1.32004e-56 1.95733e-53
1.5504e-13 1.33275e-56 1.95601e-53
1.55738e-13 1.34554e-56 1.95468e-53
1.56439e-13 1.3584e-56 1.95334e-53
1.57144e-13 1.37132e-56 1.95198e-53
1.57851e-13 1.38432e-56 1.95061e-53
1.58562e-13 1.39738e-56 1.94922e-53
1.59277e-13 1.41051e-56 1.94782e-53
1.59994e-13 1.42371e-56 1.94641e-53
1.60714e-13 1.43698e-56 1.94499e-53
1.61438e-13 1.45031e-56 1.94355e-53
1.62165e-13 1.46372e-56 1.9421e-53
1.62896e-13 1.47718e-56 1.94064e-53
1.63629e-13 1.49072e-56 1.93916e-53
1.64366e-13 1.50432e-56 1.93767e-53
1.65106e-13 1.51799e-56 1.93617e-53
1.6585e-13 1.53172e-56 1.93465e-53
1.66597e-13 1.54551e-56 1.93312e-53
1.67347e-13 1.55937e-56 1.93157e-53
1.68101e-13 1.5733e-56 1.93001e-53
1.68858e-13 1.58728e-56 1.92844e-53
1.69619e-13 1.60133e-56 1.92685e-53
1.70382e-13 1.61545e-56 1.92525e-53
1.7115e-13 1.62962e-56 1.92364e-53
1.71921e-13 1.64385e-56 1.92201e-53
1.72695e-13 1.65815e-56 1.92036e-53
1.73473e-13 1.6725e-56 1.9187e-53
1.74254e-13 1.68692e-56 1.91703e-53
1.75039e-13 1.70139e-56 1.91534e-53
1.75827e-13 1.71592e-56 1.91364e-53
1.76619e-13 1.73051e-56 1.91193e-53
1.77414e-13 1.74516e-56 1.9102e-53
1.78213e-13 1.75986e-56 1.90845e-53
1.79016e-13 1.77462e-56 1.90669e-53
1.79822e-13 1.78943e-56 1.90492e-53
1.80632e-13 1.8043e-56 1.90313e-53
1.81446e-13 1.81922e-56 1.90132e-53
1.82263e-13 1.8342e-56 1.8995e-53
1.83084e-13 1.84923e-56 1.89767e-53
1.83908e-13 1.86431e-56 1.89582e-53
1.84736e-13 1.87944e-56 1.89396e-53
1.85568e-13 1.89462e-56 1.89208e-53
1.86404e-13 1.90985e-56 1.89018e-53
1.87244e-13 1.92514e-56 1.88827e-53
1.88087e-13 1.94047e-56 1.88635e-53
1.88934e-13 1.95584e-56 1.88441e-53
1.89785e-13 1.97127e-56 1.88245e-53
1.9064e-13 1.98674e-56 1.88048e-53
1.91498e-13 2.00225e-56 1.87849e-53
1.92361e-13 2.01781e-56 1.87649e-53
1.93227e-13 2.03342e-56 1.87447e-53
1.94097e-13 2.04907e-56 1.87244e-53
1.94972e-13 2.06475e-56 1.87039e-53
1.9585e-13 2.08048e-56 1.86833e-53
1.96732e-13 2.09626e-56 1.86625e-53
1.97618e-13 2.11207e-56 1.86415e-53
1.98508e-13 2.12792e-56 1.86204e-53
1.99402e-13 2.1438e-56 1.85991e-53
2.003e-13 2.15973e-56 1.85777e-53
2.01202e-13 2.17569e-56 1.85561e-53
2.02108e-13 2.19168e-56 1.85343e-53
2.03018e-13 2.20771e-56 1.85124e-53
2.03933e-13 2.22378e-56 1.84903e-53
2.04851e-13 2.23987e-56 1.84681e-53
2.05774e-13 2.256e-56 1.84457e-53
2.067e-13 2.27216e-56 1.84231e-53
2.07631e-13 2.28834e-56 1.84004e-53
2.08566e-13 2.30456e-56 1.83775e-53
2.09506e-13 2.3208e-56 1.83545e-53
2.10449e-13 2.33707e-56 1.83312e-53
2.11397e-13 2.35337e-56 1.83079e-53
2.12349e-13 2.36969e-56 1.82843e-53
2.13306e-13 2.38604e-56 1.82606e-53
2.14266e-13 2.4024e-56 1.82368e-53
2.15231e-13 2.41879e-56 1.82128e-53
2.16201e-13 2.4352e-56 1.81886e-53
2.17174e-13 2.45163e-56 1.81642e-53
2.18152e-13 2.46808e-56 1.81397e-53
2.19135e-13 2.48455e-56 1.8115e-53
2.20122e-13 2.50103e-56 1.80902e-53
2.21113e-13 2.51753e-56 1.80652e-53
2.22109e-13 2.53404e-56 1.804e-53
2.23109e-13 2.55057e-56 1.80147e-53
2.24114e-13 2.5671e-56 1.79891e-53
2.25123e-13 2.58365e-56 1.79635e-53
2.26137e-13 2.60021e-56 1.79376e-53
2.27156e-13 2.61678e-56 1.79116e-53
2.28179e-13 2.63335e-56 1.78855e-53
2.29206e-13 2.64993e-56 1.78591e-53
2.30239e-13 2.66652e-56 1.78326e-53
2.31276e-13 2.68311e-56 1.7806e-53
2.32317e-13 2.69971e-56 1.77791e-53
2.33364e-13 2.7163e-56 1.77521e-53
2.34415e-13 2.7329e-56 1.7725e-53
2.3547e-13 2.7495e-56 1.76977e-53
2.36531e-13 2.76609e-56 1.76702e-53
2.37596e-13 2.78269e-56 1.76425e-53
2.38666e-13 2.79927e-56 1.76147e-53
2.39741e-13 2.81586e-56 1.75867e-53
2.40821e-13 2.83244e-56 1.75585e-53
2.41905e-13 2.84901e-56 1.75302e-53
2.42995e-13 2.86557e-56 1.75017e-53
2.44089e-13 2.88212e-56 1.7473e-53
2.45188e-13 2.89866e-56 1.74442e-53
2.46293e-13 2.91519e-56 1.74152e-53
2.47402e-13 2.9317e-56 1.73861e-53
2.48516e-13 2.9482e-56 1.73568e-53
2.49635e-13 2.96469e-56 1.73273e-53
2.5076e-13 2.98115e-56 1.72976e-53
2.51889e-13 2.9976e-56 1.72678e-53
2.53023e-13 3.01403e-56 1.72379e-53
2.54163e-13 3.03044e-56 1.72077e-53
2.55308e-13 3.04683e-56 1.71774e-53
2.56458e-13 3.06319e-56 1.71469e-53
2.57613e-13 3.07953e-56 1.71163e-53
2.58773e-13 3.09584e-56 1.70855e-53
2.59938e-13 3.11212e-56 1.70546e-53
2.61109e-13 3.12838e-56 1.70234e-53
2.62285e-13 3.14461e-56 1.69922e-53
2.63466e-13 3.1608e-56 1.69607e-53
2.64653e-13 3.17697e-56 1.69291e-53
2.65845e-13 3.1931e-56 1.68973e-53
2.67042e-13 3.20919e-56 1.68654e-53
2.68245e-13 3.22525e-56 1.68333e-53
2.69453e-13 3.24127e-56 1.68011e-53
2.70666e-13 3.25725e-56 1.67686e-53
2.71885e-13 3.2732e-56 1.67361e-53
2.7311e-13 3.2891e-56 1.67033e-53
2.7434e-13 3.30496e-56 1.66704e-53
2.75575e-13 3.32078e-56 1.66374e-53
2.76816e-13 3.33655e-56 1.66042e-53
2.78063e-13 3.35227e-56 1.65708e-53
2.79315e-13 3.36795e-56 1.65373e-53
2.80573e-13 3.38358e-56 1.65036e-53
2.81837e-13 3.39916e-56 1.64698e-53
2.83106e-13 3.41468e-56 1.64358e-53
2.84381e-13 3.43016e-56 1.64016e-53
2.85662e-13 3.44558e-56 1.63673e-53
2.86949e-13 3.46094e-56 1.63329e-53
2.88241e-13 3.47625e-56 1.62983e-53
2.89539e-13 3.4915e-56 1.62635e-53
2.90843e-13 3.5067e-56 1.62286e-53
2.92153e-13 3.52183e-56 1.61935e-53
2.93469e-13 3.5369e-56 1.61583e-53
2.9479e-13 3.55191e-56 1.61229e-53
2.96118e-13 3.56685e-56 1.60874e-53
2.97452e-13 3.58173e-56 1.60518e-53
2.98791e-13 3.59654e-56 1.60159e-53
3.00137e-13 3.61128e-56 1.598e-53
3.01489e-13 3.62596e-56 1.59439e-53
3.02847e-13 3.64057e-56 1.59076e-53
3.0421e-13 3.6551e-56 1.58712e-53
3.05581e-13 3.66956e-56 1.58346e-53
3.06957e-13 3.68395e-56 1.5798e-53
3.08339e-13 3.69826e-56 1.57611e-53
3.09728e-13 3.71249e-56 1.57241e-53
3.11123e-13 3.72665e-56 1.5687e-53
3.12524e-13 3.74073e-56 1.56497e-53
3.13932e-13 3.75473e-56 1.56123e-53
3.15345e-13 3.76865e-56 1.55748e-53
3.16766e-13 3.78248e-56 1.55371e-53
3.18192e-13 3.79624e-56 1.54993e-53
3.19625e-13 3.8099e-56 1.54613e-53
3.21065e-13 3.82348e-56 1.54232e-53
3.22511e-13 3.83698e-56 1.5385e-53
3.23963e-13 3.85038e-56 1.53466e-53
3.25422e-13 3.8637e-56 1.53081e-53
3.26888e-13 3.87693e-56 1.52695e-53
3.2836e-13 3.89006e-56 1.52307e-53
3.29839e-13 3.9031e-56 1.51918e-53
3.31324e-13 3.91605e-56 1.51528e-53
3.32817e-13 3.9289e-56 1.51136e-53
3.34316e-13 3.94166e-56 1.50743e-53
3.35821e-13 3.95432e-56 1.50349e-53
3.37334e-13 3.96688e-56 1.49954e-53
3.38853e-13 3.97934e-56 1.49557e-53
3.40379e-13 3.9917e-56 1.49159e-53
3.41912e-13 4.00396e-56 1.4876e-53
3.43452e-13 4.01611e-56 1.48359e-53
3.44999e-13 4.02817e-56 1.47958e-53
3.46552e-13 4.04011e-56 1.47555e-53
3.48113e-13 4.05195e-56 1.47151e-53
3.49681e-13 4.06369e-56 1.46746e-53
3.51256e-13 4.07532e-56 1.46339e-53
3.52838e-13 4.08683e-56 1.45932e-53
3.54427e-13 4.09824e-56 1.45523e-53
3.56023e-13 4.10954e-56 1.45113e-53
3.57627e-13 4.12072e-56 1.44702e-53
3.59237e-13 4.1318e-56 1.4429e-53
3.60855e-13 4.14275e-56 1.43877e-53
3.6248e-13 4.1536e-56 1.43463e-53
3.64113e-13 4.16432e-56 1.43047e-53
3.65753e-13 4.17494e-56 1.42631e-53
3.674e-13 4.18543e-56 1.42214e-53
3.69055e-13 4.1958e-56 1.41795e-53
3.70717e-13 4.20606e-56 1.41375e-53
3.72386e-13 4.2162e-56 1.40955e-53
3.74063e-13 4.22621e-56 1.40533e-53
3.75748e-13 4.2361e-56 1.40111e-53
3.7744e-13 4.24587e-56 1.39687e-53
3.7914e-13 4.25552e-56 1.39262e-53
3.80848e-13 4.26504e-56 1.38837e-53
3.82563e-13 4.27444e-56 1.3841e-53
3.84286e-13 4.28371e-56 1.37983e-53
3.86017e-13 4.29285e-56 1.37555e-53
3.87755e-13 4.30186e-56 1.37125e-53
3.89502e-13 4.31075e-56 1.36695e-53
3.91256e-13 4.31951e-56 1.36264e-53
3.93018e-13 4.32814e-56 1.35832e-53
3.94788e-13 4.33663e-56 1.35399e-53
3.96566e-13 4.345e-56 1.34966e-53
3.98352e-13 4.35323e-56 1.34531e-53
4.00146e-13 4.36134e-56 1.34096e-53
4.01948e-13 4.3693e-56 1.3366e-53
4.03758e-13 4.37714e-56 1.33223e-53
4.05577e-13 4.38483e-56 1.32785e-53
4.07403e-13 4.3924e-56 1.32346e-53
4.09238e-13 4.39983e-56 1.31907e-53
4.11081e-13 4.40712e-56 1.31467e-53
4.12933e-13 4.41427e-56 1.31027e-53
4.14792e-13 4.42129e-56 1.30585e-53
4.16661e-13 4.42816e-56 1.30143e-53
4.18537e-13 4.4349e-56 1.297e-53
4.20422e-13 4.4415e-56 1.29257e-53
4.22315e-13 4.44796e-56 1.28813e-53
4.24217e-13 4.45428e-56 1.28368e-53
4.26128e-13 4.46046e-56 1.27922e-53
4.28047e-13 4.46649e-56 1.27476e-53
4.29975e-13 4.47239e-56 1.2703e-53
4.31911e-13 4.47814e-56 1.26582e-53
4.33857e-13 4.48375e-56 1.26135e-53
4.35811e-13 4.48921e-56 1.25686e-53
4.37773e-13 4.49454e-56 1.25237e-53
4.39745e-13 4.49971e-56 1.24788e-53
4.41725e-13 4.50475e-56 1.24338e-53
4.43715e-13 4.50964e-56 1.23887e-53
4.45713e-13 4.51438e-56 1.23436e-53
4.47721e-13 4.51898e-56 1.22985e-53
4.49737e-13 4.52343e-56 1.22533e-53
4.51762e-13 4.52774e-56 1.22081e-53
4.53797e-13 4.5319e-56 1.21628e-53
4.55841e-13 4.53591e-56 1.21175e-53
4.57894e-13 4.53978e-56 1.20721e-53
4.59956e-13 4.5435e-56 1.20267e-53
4.62028e-13 4.54707e-56 1.19813e-53
4.64108e-13 4.5505e-56 1.19358e-53
4.66199e-13 4.55378e-56 1.18903e-53
4.68298e-13 4.55691e-56 1.18448e-53
4.70407e-13 4.55989e-56 1.17992e-53
4.72526e-13 4.56272e-56 1.17536e-53
4.74654e-13 4.5654e-56 1.1708e-53
4.76792e-13 4.56794e-56 1.16623e-53
4.78939e-13 4.57033e-56 1.16166e-53
4.81096e-13 4.57257e-56 1.15709e-53
4.83263e-13 4.57466e-56 1.15252e-53
4.85439e-13 4.5766e-56 1.14795e-53
4.87626e-13 4.57839e-56 1.14337e-53
4.89822e-13 4.58003e-56 1.13879e-53
4.92028e-13 4.58153e-56 1.13421e-53
4.94244e-13 4.58287e-56 1.12963e-53
4.9647e-13 4.58407e-56 1.12505e-53
4.98705e-13 4.58512e-56 1.12046e-53
5.00952e-13 4.58601e-56 1.11588e-53
5.03208e-13 4.58676e-56 1.11129e-53
5.05474e-13 4.58736e-56 1.10671e-53
5.0775e-13 4.58782e-56 1.10212e-53
5.10037e-13 4.58812e-56 1.09753e-53
5.12334e-13 4.58828e-56 1.09294e-53
5.14642e-13 4.58828e-56 1.08835e-53
5.16959e-13 4.58814e-56 1.08377e-53
5.19288e-13 4.58785e-56 1.07918e-53
5.21626e-13 4.58742e-56 1.07459e-53
5.23976e-13 4.58683e-56 1.07e-53
5.26336e-13 4.5861e-56 1.06541e-53
5.28706e-13 4.58522e-56 1.06083e-53
5.31087e-13 4.5842e-56 1.05624e-53
5.33479e-13 4.58302e-56 1.05166e-53
5.35882e-13 4.5817e-56 1.04708e-53
5.38295e-13 4.58024e-56 1.04249e-53
5.40719e-13 4.57863e-56 1.03791e-53
5.43155e-13 4.57687e-56 1.03334e-53
5.45601e-13 4.57497e-56 1.02876e-53
5.48058e-13 4.57292e-56 1.02418e-53
5.50526e-13 4.57073e-56 1.01961e-53
5.53006e-13 4.5684e-56 1.01504e-53
5.55496e-13 4.56592e-56 1.01047e-53
5.57998e-13 4.56329e-56 1.00591e-53
5.60511e-13 4.56053e-56 1.00134e-53
5.63036e-13 4.55762e-56 9.96782e-54
5.65571e-13 4.55457e-56 9.92225e-54
5.68119e-13 4.55138e-56 9.8767e-54
5.70677e-13 4.54805e-56 9.83119e-54
5.73247e-13 4.54457e-56 9.78571e-54
5.75829e-13 4.54096e-56 9.74026e-54
5.78422e-13 4.5372e-56 9.69485e-54
5.81027e-13 4.53331e-56 9.64948e-54
5.83644e-13 4.52928e-56 9.60414e-54
5.86273e-13 4.52511e-56 9.55885e-54
5.88913e-13 4.5208e-56 9.5136e-54
5.91566e-13 4.51635e-56 9.46839e-54
5.9423e-13 4.51177e-56 9.42323e-54
5.96906e-13 4.50705e-56 9.37811e-54
5.99594e-13 4.5022e-56 9.33304e-54
6.02295e-13 4.49721e-56 9.28802e-54
6.05007e-13 4.49209e-56 9.24305e-54
6.07732e-13 4.48683e-56 9.19813e-54
6.10469e-13 4.48144e-56 9.15326e-54
6.13218e-13 4.47592e-56 9.10844e-54
6.1598e-13 4.47027e-56 9.06368e-54
6.18754e-13 4.46449e-56 9.01898e-54
6.21541e-13 4.45857e-56 8.97434e-54
6.2434e-13 4.45253e-56 8.92975e-54
6.27152e-13 4.44636e-56 8.88523e-54
6.29977e-13 4.44006e-56 8.84076e-54
6.32814e-13 4.43363e-56 8.79636e-54
6.35664e-13 4.42708e-56 8.75203e-54
6.38527e-13 4.4204e-56 8.70775e-54
6.41403e-13 4.41359e-56 8.66355e-54
6.44291e-13 4.40666e-56 8.61941e-54
6.47193e-13 4.39961e-56 8.57535e-54
6.50108e-13 4.39243e-56 8.53135e-54
6.53036e-13 4.38514e-56 8.48743e-54
6.55977e-13 4.37772e-56 8.44358e-54
6.58931e-13 4.37018e-56 8.3998e-54
6.61899e-13 4.36252e-56 8.3561e-54
6.6488e-13 4.35474e-56 8.31247e-54
6.67874e-13 4.34685e-56 8.26892e-54
6.70882e-13 4.33884e-56 8.22546e-54
6.73903e-13 4.33071e-56 8.18207e-54
6.76938e-13 4.32246e-56 8.13876e-54
6.79987e-13 4.31411e-56 8.09554e-54
6.8305e-13 4.30564e-56 8.0524e-54
6.86126e-13 4.29705e-56 8.00934e-54
6.89216e-13 4.28836e-56 7.96637e-54
6.9232e-13 4.27955e-56 7.92348e-54
6.95438e-13 4.27064e-56 7.88069e-54
6.9857e-13 4.26161e-56 7.83798e-54
7.01716e-13 4.25248e-56 7.79537e-54
7.04877e-13 4.24324e-56 7.75284e-54
7.08051e-13 4.23389e-56 7.71041e-54
7.1124e-13 4.22444e-56 7.66807e-54
7.14443e-13 4.21489e-56 7.62583e-54
7.17661e-13 4.20523e-56 7.58368e-54
7.20893e-13 4.19547e-56 7.54163e-54
7.2414e-13 4.18561e-56 7.49967e-54
7.27401e-13 4.17565e-56 7.45781e-54
7.30677e-13 4.16558e-56 7.41606e-54
7.33968e-13 4.15543e-56 7.3744e-54
7.37273e-13 4.14517e-56 7.33285e-54
7.40594e-13 4.13482e-56 7.2914e-54
7.43929e-13 4.12437e-56 7.25005e-54
7.4728e-13 4.11383e-56 7.2088e-54
7.50645e-13 4.10319e-56 7.16767e-54
7.54026e-13 4.09246e-56 7.12663e-54
7.57422e-13 4.08165e-56 7.08571e-54
7.60833e-13 4.07074e-56 7.04489e-54
7.6426e-13 4.05974e-56 7.00419e-54
7.67702e-13 4.04865e-56 6.96359e-54
7.71159e-13 4.03748e-56 6.9231e-54
7.74632e-13 4.02622e-56 6.88273e-54
7.78121e-13 4.01488e-56 6.84246e-54
7.81625e-13 4.00345e-56 6.80232e-54
7.85146e-13 3.99194e-56 6.76228e-54
7.88682e-13 3.98035e-56 6.72236e-54
7.92234e-13 3.96868e-56 6.68256e-54
7.95802e-13 3.95693e-56 6.64287e-54
7.99386e-13 3.9451e-56 6.6033e-54
8.02986e-13 3.93319e-56 6.56385e-54
8.06602e-13 3.92121e-56 6.52452e-54
8.10235e-13 3.90915e-56 6.48531e-54
8.13884e-13 3.89702e-56 6.44622e-54
8.1755e-13 3.88481e-56 6.40725e-54
8.21232e-13 3.87254e-56 6.3684e-54
8.2493e-13 3.86019e-56 6.32967e-54
8.28645e-13 3.84777e-56 6.29107e-54
8.32377e-13 3.83529e-56 6.25259e-54
8.36126e-13 3.82273e-56 6.21424e-54
8.39892e-13 3.81011e-56 6.17601e-54
8.43674e-13 3.79743e-56 6.13791e-54
8.47474e-13 3.78468e-56 6.09994e-54
8.51291e-13 3.77186e-56 6.06209e-54
8.55125e-13 3.75899e-56 6.02437e-54
8.58976e-13 3.74605e-56 5.98678e-54
8.62845e-13 3.73306e-56 5.94932e-54
8.66731e-13 3.72e-56 5.91199e-54
8.70634e-13 3.70689e-56 5.87479e-54
8.74555e-13 3.69372e-56 5.83772e-54
8.78494e-13 3.6805e-56 5.80078e-54
8.82451e-13 3.66722e-56 5.76398e-54
8.86425e-13 3.65389e-56 5.72731e-54
8.90417e-13 3.6405e-56 5.69077e-54
8.94427e-13 3.62707e-56 5.65436e-54
8.98455e-13 3.61358e-56 5.61809e-54
9.02502e-13 3.60005e-56 5.58196e-54
9.06566e-13 3.58647e-56 5.54596e-54
9.10649e-13 3.57284e-56 5.51009e-54
9.14751e-13 3.55916e-56 5.47436e-54
9.1887e-13 3.54544e-56 5.43877e-54
9.23009e-13 3.53168e-56 5.40332e-54
9.27166e-13 3.51788e-56 5.368e-54
9.31341e-13 3.50403e-56 5.33282e-54
9.35536e-13 3.49015e-56 5.29778e-54
9.39749e-13 3.47622e-56 5.26288e-54
9.43982e-13 3.46226e-56 5.22812e-54
9.48233e-13 3.44826e-56 5.1935e-54
9.52504e-13 3.43422e-56 5.15901e-54
9.56793e-13 3.42015e-56 5.12467e-54
9.61103e-13 3.40605e-56 5.09047e-54
9.65431e-13 3.39191e-56 5.05641e-54
9.69779e-13 3.37774e-56 5.02249e-54
9.74147e-13 3.36354e-56 4.98871e-54
9.78534e-13 3.34931e-56 4.95508e-54
9.82941e-13 3.33505e-56 4.92158e-54
9.87368e-13 3.32077e-56 4.88823e-54
9.91815e-13 3.30645e-56 4.85503e-54
9.96282e-13 3.29212e-56 4.82196e-54
1.00077e-12 3.27775e-56 4.78904e-54
1.00528e-12 3.26337e-56 4.75626e-54
1.0098e-12 3.24896e-56 4.72363e-54
1.01435e-12 3.23453e-56 4.69114e-54
1.01892e-12 3.22008e-56 4.65879e-54
1.02351e-12 3.20561e-56 4.62659e-54
1.02812e-12 3.19113e-56 4.59454e-54
1.03275e-12 3.17662e-56 4.56262e-54
1.0374e-12 3.1621e-56 4.53086e-54
1.04207e-12 3.14756e-56 4.49924e-54
1.04676e-12 3.13301e-56 4.46776e-54
1.05148e-12 3.11845e-56 4.43643e-54
1.05621e-12 3.10387e-56 4.40525e-54
1.06097e-12 3.08929e-56 4.37421e-54
1.06575e-12 3.07469e-56 4.34332e-54
1.07055e-12 3.06008e-56 4.31257e-54
1.07537e-12 3.04546e-56 4.28197e-54
1.08021e-12 3.03084e-56 4.25151e-54
1.08508e-12 3.01621e-56 4.22121e-54
1.08997e-12 3.00157e-56 4.19104e-54
1.09487e-12 2.98693e-56 4.16103e-54
1.09981e-12 2.97228e-56 4.13116e-54
1.10476e-12 2.95763e-56 4.10144e-54
1.10973e-12 2.94298e-56 4.07186e-54
1.11473e-12 2.92833e-56 4.04243e-54
1.11975e-12 2.91367e-56 4.01315e-54
1.1248e-12 2.89902e-56 3.98401e-54
1.12986e-12 2.88437e-56 3.95502e-54
1.13495e-12 2.86972e-56 3.92618e-54
1.14006e-12 2.85508e-56 3.89748e-54
1.1452e-12 2.84043e-56 3.86893e-54
1.15035e-12 2.8258e-56 3.84052e-54
1.15553e-12 2.81117e-56 3.81227e-54
1.16074e-12 2.79654e-56 3.78415e-54
1.16597e-12 2.78192e-56 3.75619e-54
1.17122e-12 2.76732e-56 3.72837e-54
1.17649e-12 2.75272e-56 3.7007e-54
1.18179e-12 2.73813e-56 3.67317e-54
1.18711e-12 2.72355e-56 3.64579e-54
1.19246e-12 2.70898e-56 3.61855e-54
1.19783e-12 2.69442e-56 3.59146e-54
1.20323e-12 2.67988e-56 3.56452e-54
1.20864e-12 2.66535e-56 3.53772e-54
1.21409e-12 2.65084e-56 3.51107e-54
1.21956e-12 2.63634e-56 3.48456e-54
1.22505e-12 2.62186e-56 3.45819e-54
1.23057e-12 2.60739e-56 3.43198e-54
1.23611e-12 2.59294e-56 3.4059e-54
1.24167e-12 2.57851e-56 3.37997e-54
1.24727e-12 2.5641e-56 3.35419e-54
1.25288e-12 2.54971e-56 3.32855e-54
1.25853e-12 2.53534e-56 3.30305e-54
1.26419e-12 2.52099e-56 3.2777e-54
1.26989e-12 2.50666e-56 3.25249e-54
1.27561e-12 2.49236e-56 3.22742e-54
1.28135e-12 2.47808e-56 3.2025e-54
1.28712e-12 2.46382e-56 3.17771e-54
1.29292e-12 2.44958e-56 3.15308e-54
1.29874e-12 2.43538e-56 3.12858e-54
1.30459e-12 2.42119e-56 3.10423e-54
1.31047e-12 2.40704e-56 3.08001e-54
1.31637e-12 2.39291e-56 3.05594e-54
1.3223e-12 2.37881e-56 3.03202e-54
1.32825e-12 2.36474e-56 3.00823e-54
1.33424e-12 2.3507e-56 2.98458e-54
1.34024e-12 2.33668e-56 2.96107e-54
1.34628e-12 2.3227e-56 2.93771e-54
1.35234e-12 2.30875e-56 2.91448e-54
1.35843e-12 2.29483e-56 2.89139e-54
1.36455e-12 2.28094e-56 2.86844e-54
1.3707e-12 2.26708e-56 2.84563e-54
1.37687e-12 2.25326e-56 2.82296e-54
1.38307e-12 2.23947e-56 2.80043e-54
1.3893e-12 2.22572e-56 2.77804e-54
1.39556e-12 2.212e-56 2.75578e-54
1.40184e-12 2.19831e-56 2.73366e-54
1.40816e-12 2.18466e-56 2.71168e-54
1.4145e-12 2.17105e-56 2.68983e-54
1.42087e-12 2.15747e-56 2.66812e-54
1.42727e-12 2.14394e-56 2.64654e-54
1.4337e-12 2.13044e-56 2.6251e-54
1.44015e-12 2.11697e-56 2.6038e-54
1.44664e-12 2.10355e-56 2.58263e-54
1.45315e-12 2.09016e-56 2.56159e-54
1.4597e-12 2.07682e-56 2.54069e-54
1.46627e-12 2.06352e-56 2.51992e-54
1.47288e-12 2.05025e-56 2.49929e-54
1.47951e-12 2.03703e-56 2.47879e-54
1.48617e-12 2.02385e-56 2.45842e-54
1.49287e-12 2.01071e-56 2.43818e-54
1.49959e-12 1.99761e-56 2.41807e-54
1.50634e-12 1.98455e-56 2.3981e-54
1.51313e-12 1.97154e-56 2.37825e-54
1.51994e-12 1.95857e-56 2.35853e-54
1.52679e-12 1.94565e-56 2.33895e-54
1.53366e-12 1.93277e-56 2.31949e-54
1.54057e-12 1.91993e-56 2.30016e-54
1.54751e-12 1.90714e-56 2.28096e-54
1.55448e-12 1.8944e-56 2.26189e-54
1.56148e-12 1.8817e-56 2.24295e-54
1.56851e-12 1.86905e-56 2.22413e-54
1.57558e-12 1.85644e-56 2.20544e-54
1.58267e-12 1.84388e-56 2.18688e-54
1.5898e-12 1.83136e-56 2.16844e-54
1.59696e-12 1.8189e-56 2.15013e-54
1.60415e-12 1.80648e-56 2.13194e-54
1.61138e-12 1.79411e-56 2.11387e-54
1.61864e-12 1.78178e-56 2.09593e-54
1.62592e-12 1.76951e-56 2.07811e-54
1.63325e-12 1.75728e-56 2.06042e-54
1.6406e-12 1.74511e-56 2.04284e-54
1.64799e-12 1.73298e-56 2.02539e-54
1.65541e-12 1.7209e-56 2.00806e-54
1.66287e-12 1.70887e-56 1.99085e-54
1.67036e-12 1.69689e-56 1.97377e-54
1.67788e-12 1.68496e-56 1.9568e-54
1.68544e-12 1.67309e-56 1.93995e-54
1.69303e-12 1.66126e-56 1.92322e-54
1.70065e-12 1.64948e-56 1.9066e-54
1.70831e-12 1.63776e-56 1.89011e-54
1.71601e-12 1.62608e-56 1.87373e-54
1.72374e-12 1.61446e-56 1.85747e-54
1.7315e-12 1.60289e-56 1.84133e-54
1.7393e-12 1.59137e-56 1.8253e-54
1.74713e-12 1.5799e-56 1.80938e-54
1.755e-12 1.56849e-56 1.79358e-54
1.7629e-12 1.55712e-56 1.7779e-54
1.77084e-12 1.54581e-56 1.76233e-54
1.77882e-12 1.53455e-56 1.74687e-54
1.78683e-12 1.52335e-56 1.73152e-54
1.79488e-12 1.5122e-56 1.71629e-54
1.80296e-12 1.5011e-56 1.70117e-54
1.81108e-12 1.49005e-56 1.68616e-54
1.81924e-12 1.47906e-56 1.67126e-54
1.82743e-12 1.46812e-56 1.65647e-54
1.83566e-12 1.45723e-56 1.64179e-54
1.84393e-12 1.4464e-56 1.62721e-54
1.85223e-12 1.43562e-56 1.61275e-54
1.86057e-12 1.4249e-56 1.59839e-54
1.86895e-12 1.41422e-56 1.58414e-54
1.87737e-12 1.40361e-56 1.57e-54
1.88583e-12 1.39304e-56 1.55597e-54
1.89432e-12 1.38253e-56 1.54204e-54
1.90285e-12 1.37208e-56 1.52821e-54
1.91142e-12 1.36168e-56 1.51449e-54
1.92003e-12 1.35133e-56 1.50087e-54
1.92868e-12 1.34104e-56 1.48736e-54
1.93736e-12 1.3308e-56 1.47395e-54
1.94609e-12 1.32062e-56 1.46064e-54
1.95485e-12 1.31049e-56 1.44744e-54
1.96366e-12 1.30041e-56 1.43433e-54
1.9725e-12 1.29039e-56 1.42133e-54
1.98138e-12 1.28042e-56 1.40842e-54
1.99031e-12 1.27051e-56 1.39562e-54
1.99927e-12 1.26065e-56 1.38291e-54
2.00827e-12 1.25085e-56 1.37031e-54
2.01732e-12 1.2411e-56 1.3578e-54
2.0264e-12 1.23141e-56 1.34539e-54
2.03553e-12 1.22177e-56 1.33307e-54
2.0447e-12 1.21218e-56 1.32086e-54
2.05391e-12 1.20265e-56 1.30873e-54
2.06316e-12 1.19317e-56 1.29671e-54
2.07245e-12 1.18375e-56 1.28478e-54
2.08178e-12 1.17438e-56 1.27294e-54
2.09116e-12 1.16507e-56 1.26119e-54
2.10058e-12 1.15581e-56 1.24954e-54
2.11004e-12 1.1466e-56 1.23799e-54
2.11954e-12 1.13745e-56 1.22652e-54
2.12909e-12 1.12835e-56 1.21514e-54
2.13867e-12 1.11931e-56 1.20386e-54
2.14831e-12 1.11032e-56 1.19267e-54
2.15798e-12 1.10139e-56 1.18156e-54
2.1677e-12 1.0925e-56 1.17055e-54
2.17746e-12 1.08368e-56 1.15963e-54
2.18727e-12 1.0749e-56 1.14879e-54
2.19712e-12 1.06618e-56 1.13804e-54
2.20702e-12 1.05751e-56 1.12738e-54
2.21696e-12 1.0489e-56 1.1168e-54
2.22694e-12 1.04034e-56 1.10631e-54
2.23697e-12 1.03183e-56 1.09591e-54
2.24704e-12 1.02337e-56 1.08559e-54
2.25716e-12 1.01497e-56 1.07536e-54
2.26733e-12 1.00662e-56 1.06521e-54
2.27754e-12 9.98325e-57 1.05514e-54
2.2878e-12 9.90082e-57 1.04516e-54
2.2981e-12 9.8189e-57 1.03526e-54
2.30845e-12 9.73751e-57 1.02544e-54
2.31885e-12 9.65665e-57 1.0157e-54
2.32929e-12 9.5763e-57 1.00605e-54
2.33978e-12 9.49648e-57 9.96469e-55
2.35032e-12 9.41717e-57 9.86973e-55
2.36091e-12 9.33838e-57 9.77556e-55
2.37154e-12 9.26011e-57 9.68217e-55
2.38222e-12 9.18235e-57 9.58957e-55
2.39295e-12 9.10511e-57 9.49775e-55
2.40373e-12 9.02837e-57 9.4067e-55
2.41455e-12 8.95215e-57 9.31641e-55
2.42543e-12 8.87644e-57 9.22689e-55
2.43635e-12 8.80123e-57 9.13813e-55
2.44732e-12 8.72653e-57 9.05012e-55
2.45834e-12 8.65233e-57 8.96285e-55
2.46942e-12 8.57864e-57 8.87633e-55
2.48054e-12 8.50545e-57 8.79054e-55
2.49171e-12 8.43275e-57 8.70549e-55
2.50293e-12 8.36056e-57 8.62116e-55
2.5142e-12 8.28886e-57 8.53755e-55
2.52553e-12 8.21765e-57 8.45466e-55
2.5369e-12 8.14694e-57 8.37249e-55
2.54833e-12 8.07672e-57 8.29102e-55
2.5598e-12 8.00698e-57 8.21025e-55
2.57133e-12 7.93774e-57 8.13018e-55
2.58291e-12 7.86897e-57 8.0508e-55
2.59454e-12 7.8007e-57 7.97211e-55
2.60623e-12 7.7329e-57 7.89411e-55
2.61797e-12 7.66559e-57 7.81678e-55
2.62976e-12 7.59875e-57 7.74012e-55
2.6416e-12 7.53239e-57 7.66413e-55
2.6535e-12 7.4665e-57 7.58881e-55
2.66545e-12 7.40108e-57 7.51415e-55
2.67745e-12 7.33614e-57 7.44014e-55
2.68951e-12 7.27166e-57 7.36677e-55
2.70162e-12 7.20765e-57 7.29406e-55
2.71379e-12 7.14411e-57 7.22198e-55
2.72601e-12 7.08103e-57 7.15054e-55
2.73829e-12 7.01841e-57 7.07973e-55
2.75062e-12 6.95624e-57 7.00955e-55
2.76301e-12 6.89454e-57 6.93998e-55
2.77546e-12 6.83328e-57 6.87104e-55
2.78796e-12 6.77248e-57 6.8027e-55
2.80051e-12 6.71213e-57 6.73498e-55
2.81312e-12 6.65223e-57 6.66786e-55
2.82579e-12 6.59278e-57 6.60134e-55
2.83852e-12 6.53377e-57 6.53541e-55
2.8513e-12 6.4752e-57 6.47007e-55
2.86415e-12 6.41707e-57 6.40532e-55
2.87705e-12 6.35938e-57 6.34115e-55
2.89e-12 6.30212e-57 6.27755e-55
2.90302e-12 6.2453e-57 6.21453e-55
2.91609e-12 6.18891e-57 6.15208e-55
2.92923e-12 6.13295e-57 6.09019e-55
2.94242e-12 6.07742e-57 6.02886e-55
2.95567e-12 6.02231e-57 5.96809e-55
2.96898e-12 5.96762e-57 5.90786e-55
2.98235e-12 5.91336e-57 5.84819e-55
2.99578e-12 5.85951e-57 5.78905e-55
3.00928e-12 5.80608e-57 5.73046e-55
3.02283e-12 5.75306e-57 5.6724e-55
3.03644e-12 5.70046e-57 5.61487e-55
3.05012e-12 5.64826e-57 5.55786e-55
3.06386e-12 5.59648e-57 5.50138e-55
3.07765e-12 5.5451e-57 5.44542e-55
3.09152e-12 5.49412e-57 5.38996e-55
3.10544e-12 5.44354e-57 5.33502e-55
3.11942e-12 5.39336e-57 5.28059e-55
3.13347e-12 5.34358e-57 5.22665e-55
3.14759e-12 5.29419e-57 5.17322e-55
3.16176e-12 5.24519e-57 5.12028e-55
3.176e-12 5.19659e-57 5.06782e-55
3.19031e-12 5.14837e-57 5.01586e-55
3.20467e-12 5.10053e-57 4.96438e-55
3.21911e-12 5.05308e-57 4.91337e-55
3.2336e-12 5.00601e-57 4.86284e-55
3.24817e-12 4.95932e-57 4.81278e-55
3.2628e-12 4.91301e-57 4.76319e-55
3.27749e-12 4.86707e-57 4.71406e-55
3.29225e-12 4.8215e-57 4.66539e-55
3.30708e-12 4.7763e-57 4.61717e-55
3.32197e-12 4.73147e-57 4.56941e-55
3.33693e-12 4.68701e-57 4.52209e-55
3.35196e-12 4.64291e-57 4.47522e-55
3.36706e-12 4.59917e-57 4.42879e-55
3.38222e-12 4.55578e-57 4.3828e-55
3.39746e-12 4.51276e-57 4.33724e-55
3.41276e-12 4.47009e-57 4.29212e-55
3.42813e-12 4.42777e-57 4.24742e-55
3.44357e-12 4.3858e-57 4.20314e-55
3.45908e-12 4.34418e-57 4.15928e-55
3.47465e-12 4.3029e-57 4.11584e-55
3.4903e-12 4.26197e-57 4.07281e-55
3.50602e-12 4.22138e-57 4.03019e-55
3.52181e-12 4.18113e-57 3.98797e-55
3.53767e-12 4.14121e-57 3.94616e-55
3.55361e-12 4.10163e-57 3.90475e-55
3.56961e-12 4.06238e-57 3.86374e-55
3.58569e-12 4.02347e-57 3.82311e-55
3.60184e-12 3.98488e-57 3.78288e-55
3.61806e-12 3.94661e-57 3.74303e-55
3.63435e-12 3.90867e-57 3.70356e-55
3.65072e-12 3.87105e-57 3.66448e-55
3.66716e-12 3.83375e-57 3.62576e-55
3.68368e-12 3.79677e-57 3.58743e-55
3.70027e-12 3.7601e-57 3.54946e-55
3.71693e-12 3.72375e-57 3.51186e-55
3.73367e-12 3.68771e-57 3.47462e-55
3.75049e-12 3.65197e-57 3.43774e-55
3.76738e-12 3.61655e-57 3.40122e-55
3.78435e-12 3.58142e-57 3.36506e-55
3.80139e-12 3.5466e-57 3.32924e-55
3.81851e-12 3.51208e-57 3.29378e-55
3.83571e-12 3.47786e-57 3.25866e-55
3.85298e-12 3.44394e-57 3.22388e-55
3.87034e-12 3.4103e-57 3.18944e-55
3.88777e-12 3.37697e-57 3.15534e-55
3.90528e-12 3.34392e-57 3.12157e-55
3.92286e-12 3.31115e-57 3.08813e-55
3.94053e-12 3.27868e-57 3.05502e-55
3.95828e-12 3.24649e-57 3.02223e-55
3.97611e-12 3.21458e-57 2.98976e-55
3.99401e-12 3.18295e-57 2.95762e-55
4.012e-12 3.1516e-57 2.92579e-55
4.03007e-12 3.12052e-57 2.89427e-55
4.04822e-12 3.08972e-57 2.86307e-55
4.06645e-12 3.05919e-57 2.83217e-55
4.08477e-12 3.02893e-57 2.80158e-55
4.10316e-12 2.99893e-57 2.77129e-55
4.12164e-12 2.96921e-57 2.7413e-55
4.1402e-12 2.93974e-57 2.71161e-55
4.15885e-12 2.91054e-57 2.68221e-55
4.17758e-12 2.8816e-57 2.65311e-55
4.1964e-12 2.85292e-57 2.62429e-55
4.2153e-12 2.82449e-57 2.59576e-55
4.23428e-12 2.79632e-57 2.56752e-55
4.25335e-12 2.7684e-57 2.53955e-55
4.27251e-12 2.74073e-57 2.51187e-55
4.29175e-12 2.71331e-57 2.48446e-55
4.31108e-12 2.68613e-57 2.45733e-55
4.33049e-12 2.6592e-57 2.43047e-55
4.35e-12 2.63252e-57 2.40387e-55
4.36959e-12 2.60607e-57 2.37755e-55
4.38927e-12 2.57986e-57 2.35149e-55
4.40903e-12 2.5539e-57 2.32569e-55
4.42889e-12 2.52816e-57 2.30015e-55
4.44884e-12 2.50266e-57 2.27487e-55
4.46887e-12 2.47739e-57 2.24984e-55
4.489e-12 2.45236e-57 2.22507e-55
4.50922e-12 2.42755e-57 2.20055e-55
4.52953e-12 2.40296e-57 2.17627e-55
4.54993e-12 2.37861e-57 2.15224e-55
4.57042e-12 2.35447e-57 2.12845e-55
4.591e-12 2.33056e-57 2.10491e-55
4.61168e-12 2.30686e-57 2.0816e-55
4.63245e-12 2.28339e-57 2.05854e-55
4.65331e-12 2.26013e-57 2.0357e-55
4.67427e-12 2.23708e-57 2.0131e-55
4.69532e-12 2.21425e-57 1.99073e-55
4.71647e-12 2.19163e-57 1.96859e-55
4.73771e-12 2.16921e-57 1.94667e-55
4.75904e-12 2.14701e-57 1.92498e-55
4.78048e-12 2.12501e-57 1.90351e-55
4.80201e-12 2.10321e-57 1.88226e-55
4.82363e-12 2.08162e-57 1.86123e-55
4.84536e-12 2.06023e-57 1.84041e-55
4.86718e-12 2.03904e-57 1.81981e-55
4.8891e-12 2.01804e-57 1.79942e-55
4.91112e-12 1.99724e-57 1.77924e-55
4.93324e-12 1.97664e-57 1.75926e-55
4.95546e-12 1.95623e-57 1.7395e-55
4.97777e-12 1.93601e-57 1.71994e-55
5.00019e-12 1.91598e-57 1.70058e-55
5.02271e-12 1.89614e-57 1.68142e-55
5.04533e-12 1.87648e-57 1.66245e-55
5.06806e-12 1.85701e-57 1.64369e-55
5.09088e-12 1.83773e-57 1.62512e-55
5.11381e-12 1.81863e-57 1.60674e-55
5.13684e-12 1.7997e-57 1.58856e-55
5.15997e-12 1.78096e-57 1.57056e-55
5.18321e-12 1.76239e-57 1.55275e-55
5.20656e-12 1.744e-57 1.53513e-55
5.23001e-12 1.72578e-57 1.51769e-55
5.25356e-12 1.70774e-57 1.50043e-55
5.27722e-12 1.68987e-57 1.48335e-55
5.30099e-12 1.67217e-57 1.46645e-55
5.32486e-12 1.65464e-57 1.44973e-55
5.34884e-12 1.63727e-57 1.43318e-55
5.37293e-12 1.62008e-57 1.41681e-55
5.39713e-12 1.60304e-57 1.40061e-55
5.42144e-12 1.58617e-57 1.38458e-55
5.44586e-12 1.56946e-57 1.36872e-55
5.47038e-12 1.55291e-57 1.35302e-55
5.49502e-12 1.53652e-57 1.33749e-55
5.51977e-12 1.52029e-57 1.32213e-55
5.54463e-12 1.50422e-57 1.30693e-55
5.5696e-12 1.4883e-57 1.29188e-55
5.59468e-12 1.47253e-57 1.277e-55
5.61988e-12 1.45691e-57 1.26228e-55
5.64519e-12 1.44145e-57 1.24771e-55
5.67061e-12 1.42614e-57 1.23329e-55
5.69615e-12 1.41097e-57 1.21903e-55
5.72181e-12 1.39595e-57 1.20492e-55
5.74757e-12 1.38108e-57 1.19096e-55
5.77346e-12 1.36635e-57 1.17715e-55
5.79946e-12 1.35177e-57 1.16349e-55
5.82558e-12 1.33733e-57 1.14997e-55
5.85182e-12 1.32303e-57 1.1366e-55
5.87817e-12 1.30886e-57 1.12337e-55
5.90465e-12 1.29484e-57 1.11028e-55
5.93124e-12 1.28096e-57 1.09733e-55
5.95795e-12 1.26721e-57 1.08452e-55
5.98478e-12 1.25359e-57 1.07185e-55
6.01174e-12 1.24011e-57 1.05931e-55
6.03881e-12 1.22676e-57 1.04691e-55
6.06601e-12 1.21354e-57 1.03464e-55
6.09333e-12 1.20045e-57 1.02251e-55
6.12077e-12 1.18749e-57 1.0105e-55
6.14834e-12 1.17466e-57 9.98627e-56
6.17603e-12 1.16196e-57 9.8688e-56
6.20384e-12 1.14938e-57 9.75261e-56
6.23178e-12 1.13692e-57 9.63767e-56
6.25985e-12 1.12459e-57 9.52398e-56
6.28804e-12 1.11238e-57 9.41152e-56
6.31636e-12 1.1003e-57 9.30028e-56
6.34481e-12 1.08833e-57 9.19025e-56
6.37339e-12 1.07648e-57 9.08142e-56
6.40209e-12 1.06475e-57 8.97377e-56
6.43092e-12 1.05313e-57 8.8673e-56
6.45989e-12 1.04163e-57 8.76198e-56
6.48898e-12 1.03025e-57 8.65782e-56
6.5182e-12 1.01898e-57 8.55479e-56
6.54756e-12 1.00782e-57 8.4529e-56
6.57705e-12 9.96778e-58 8.35211e-56
6.60667e-12 9.85843e-58 8.25244e-56
6.63642e-12 9.75017e-58 8.15385e-56
6.66631e-12 9.64301e-58 8.05635e-56
6.69633e-12 9.53691e-58 7.95992e-56
6.72649e-12 9.43189e-58 7.86455e-56
6.75679e-12 9.32792e-58 7.77023e-56
6.78722e-12 9.225e-58 7.67695e-56
6.81779e-12 9.12312e-58 7.5847e-56
6.84849e-12 9.02227e-58 7.49347e-56
6.87933e-12 8.92243e-58 7.40325e-56
6.91032e-12 8.82361e-58 7.31402e-56
6.94144e-12 8.72578e-58 7.22579e-56
6.9727e-12 8.62895e-58 7.13853e-56
7.0041e-12 8.5331e-58 7.05224e-56
7.03565e-12 8.43822e-58 6.96691e-56
7.06734e-12 8.34431e-58 6.88253e-56
7.09916e-12 8.25135e-58 6.79908e-56
7.13114e-12 8.15933e-58 6.71657e-56
7.16325e-12 8.06826e-58 6.63498e-56
7.19551e-12 7.97811e-58 6.5543e-56
7.22792e-12 7.88889e-58 6.47451e-56
7.26047e-12 7.80057e-58 6.39563e-56
7.29317e-12 7.71316e-58 6.31762e-56
7.32602e-12 7.62665e-58 6.24049e-56
7.35901e-12 7.54102e-58 6.16422e-56
7.39216e-12 7.45627e-58 6.08881e-56
7.42545e-12 7.37239e-58 6.01425e-56
7.45889e-12 7.28937e-58 5.94052e-56
7.49248e-12 7.20721e-58 5.86763e-56
7.52623e-12 7.12589e-58 5.79556e-56
7.56012e-12 7.04541e-58 5.7243e-56
7.59417e-12 6.96576e-58 5.65385e-56
7.62837e-12 6.88693e-58 5.58419e-56
7.66273e-12 6.80892e-58 5.51532e-56
7.69724e-12 6.73172e-58 5.44723e-56
7.73191e-12 6.65531e-58 5.37991e-56
7.76673e-12 6.5797e-58 5.31336e-56
7.80171e-12 6.50487e-58 5.24756e-56
7.83684e-12 6.43082e-58 5.18251e-56
7.87214e-12 6.35753e-58 5.11821e-56
7.90759e-12 6.28501e-58 5.05463e-56
7.94321e-12 6.21325e-58 4.99178e-56
7.97898e-12 6.14223e-58 4.92965e-56
8.01492e-12 6.07196e-58 4.86823e-56
8.05101e-12 6.00242e-58 4.80751e-56
8.08727e-12 5.9336e-58 4.74748e-56
8.12369e-12 5.86551e-58 4.68815e-56
8.16028e-12 5.79813e-58 4.62949e-56
8.19703e-12 5.73145e-58 4.57151e-56
8.23395e-12 5.66548e-58 4.51419e-56
8.27103e-12 5.60019e-58 4.45754e-56
8.30828e-12 5.5356e-58 4.40154e-56
8.3457e-12 5.47168e-58 4.34618e-56
8.38329e-12 5.40844e-58 4.29147e-56
8.42104e-12 5.34587e-58 4.23738e-56
8.45897e-12 5.28395e-58 4.18392e-56
8.49707e-12 5.22269e-58 4.13108e-56
8.53534e-12 5.16208e-58 4.07886e-56
8.57378e-12 5.10211e-58 4.02723e-56
8.61239e-12 5.04277e-58 3.97621e-56
8.65118e-12 4.98406e-58 3.92579e-56
8.69014e-12 4.92598e-58 3.87595e-56
8.72928e-12 4.86851e-58 3.82669e-56
8.76859e-12 4.81166e-58 3.778e-56
8.80808e-12 4.75541e-58 3.72988e-56
8.84775e-12 4.69976e-58 3.68233e-56
8.8876e-12 4.6447e-58 3.63533e-56
8.92763e-12 4.59023e-58 3.58889e-56
8.96783e-12 4.53635e-58 3.54298e-56
9.00822e-12 4.48304e-58 3.49762e-56
9.04879e-12 4.4303e-58 3.45279e-56
9.08955e-12 4.37813e-58 3.40849e-56
9.13048e-12 4.32651e-58 3.3647e-56
9.1716e-12 4.27545e-58 3.32144e-56
9.21291e-12 4.22494e-58 3.27869e-56
9.2544e-12 4.17498e-58 3.23644e-56
9.29608e-12 4.12555e-58 3.19469e-56
9.33795e-12 4.07666e-58 3.15343e-56
9.38e-12 4.02829e-58 3.11266e-56
9.42225e-12 3.98044e-58 3.07238e-56
9.46468e-12 3.93312e-58 3.03258e-56
9.50731e-12 3.8863e-58 2.99325e-56
9.55013e-12 3.84e-58 2.95438e-56
9.59314e-12 3.79419e-58 2.91598e-56
9.63634e-12 3.74888e-58 2.87804e-56
9.67974e-12 3.70407e-58 2.84055e-56
9.72334e-12 3.65974e-58 2.80351e-56
9.76713e-12 3.6159e-58 2.76691e-56
9.81112e-12 3.57253e-58 2.73075e-56
9.8553e-12 3.52964e-58 2.69503e-56
9.89969e-12 3.48722e-58 2.65973e-56
9.94427e-12 3.44526e-58 2.62486e-56
9.98906e-12 3.40376e-58 2.59041e-56
1.0034e-11 3.36271e-58 2.55637e-56
1.00792e-11 3.32212e-58 2.52274e-56
1.01246e-11 3.28197e-58 2.48952e-56
1.01702e-11 3.24226e-58 2.4567e-56
1.0216e-11 3.20299e-58 2.42428e-56
1.0262e-11 3.16415e-58 2.39225e-56
1.03083e-11 3.12574e-58 2.36061e-56
1.03547e-11 3.08776e-58 2.32935e-56
1.04013e-11 3.05019e-58 2.29847e-56
1.04482e-11 3.01304e-58 2.26797e-56
1.04952e-11 2.9763e-58 2.23784e-56
1.05425e-11 2.93997e-58 2.20808e-56
1.059e-11 2.90404e-58 2.17868e-56
1.06377e-11 2.86851e-58 2.14964e-56
1.06856e-11 2.83338e-58 2.12095e-56
1.07337e-11 2.79864e-58 2.09262e-56
1.0782e-11 2.76428e-58 2.06463e-56
1.08306e-11 2.73031e-58 2.03699e-56
1.08794e-11 2.69672e-58 2.00969e-56
1.09284e-11 2.6635e-58 1.98272e-56
1.09776e-11 2.63066e-58 1.95608e-56
1.1027e-11 2.59818e-58 1.92978e-56
1.10767e-11 2.56607e-58 1.9038e-56
1.11266e-11 2.53431e-58 1.87814e-56
1.11767e-11 2.50292e-58 1.85279e-56
1.1227e-11 2.47188e-58 1.82776e-56
1.12776e-11 2.44119e-58 1.80304e-56
1.13284e-11 2.41084e-58 1.77863e-56
1.13794e-11 2.38084e-58 1.75452e-56
1.14307e-11 2.35117e-58 1.73072e-56
1.14821e-11 2.32184e-58 1.7072e-56
1.15338e-11 2.29285e-58 1.68399e-56
1.15858e-11 2.26418e-58 1.66106e-56
1.1638e-11 2.23584e-58 1.63842e-56
1.16904e-11 2.20782e-58 1.61606e-56
1.1743e-11 2.18012e-58 1.59398e-56
1.17959e-11 2.15274e-58 1.57218e-56
1.1849e-11 2.12566e-58 1.55065e-56
1.19024e-11 2.0989e-58 1.52939e-56
1.1956e-11 2.07244e-58 1.5084e-56
1.20099e-11 2.04629e-58 1.48768e-56
1.2064e-11 2.02043e-58 1.46722e-56
1.21183e-11 1.99487e-58 1.44701e-56
1.21729e-11 1.96961e-58 1.42706e-56
1.22277e-11 1.94463e-58 1.40737e-56
1.22828e-11 1.91995e-58 1.38792e-56
1.23381e-11 1.89555e-58 1.36872e-56
1.23936e-11 1.87142e-58 1.34977e-56
1.24495e-11 1.84758e-58 1.33105e-56
1.25055e-11 1.82402e-58 1.31258e-56
1.25618e-11 1.80072e-58 1.29434e-56
1.26184e-11 1.7777e-58 1.27633e-56
1.26753e-11 1.75494e-58 1.25855e-56
1.27323e-11 1.73245e-58 1.241e-56
1.27897e-11 1.71022e-58 1.22368e-56
1.28473e-11 1.68825e-58 1.20658e-56
1.29051e-11 1.66653e-58 1.18969e-56
1.29633e-11 1.64507e-58 1.17303e-56
1.30216e-11 1.62386e-58 1.15658e-56
1.30803e-11 1.60289e-58 1.14034e-56
1.31392e-11 1.58218e-58 1.12431e-56
1.31984e-11 1.5617e-58 1.10849e-56
1.32578e-11 1.54147e-58 1.09287e-56
1.33175e-11 1.52147e-58 1.07746e-56
1.33775e-11 1.50171e-58 1.06224e-56
1.34378e-11 1.48218e-58 1.04723e-56
1.34983e-11 1.46288e-58 1.0324e-56
1.35591e-11 1.44381e-58 1.01777e-56
1.36201e-11 1.42497e-58 1.00334e-56
1.36815e-11 1.40635e-58 9.89087e-57
1.37431e-11 1.38795e-58 9.75023e-57
1.3805e-11 1.36977e-58 9.61144e-57
1.38672e-11 1.3518e-58 9.47446e-57
1.39296e-11 1.33405e-58 9.33928e-57
1.39923e-11 1.31651e-58 9.20588e-57
1.40554e-11 1.29918e-58 9.07423e-57
1.41187e-11 1.28205e-58 8.94431e-57
1.41823e-11 1.26513e-58 8.8161e-57
1.42461e-11 1.24842e-58 8.68959e-57
1.43103e-11 1.2319e-58 8.56475e-57
1.43747e-11 1.21558e-58 8.44156e-57
1.44395e-11 1.19946e-58 8.32e-57
1.45045e-11 1.18353e-58 8.20005e-57
1.45698e-11 1.16779e-58 8.0817e-57
1.46354e-11 1.15225e-58 7.96492e-57
1.47014e-11 1.13689e-58 7.8497e-57
1.47676e-11 1.12172e-58 7.73601e-57
1.48341e-11 1.10673e-58 7.62384e-57
1.49009e-11 1.09192e-58 7.51316e-57
1.4968e-11 1.07729e-58 7.40397e-57
1.50354e-11 1.06284e-58 7.29624e-57
1.51031e-11 1.04857e-58 7.18996e-57
1.51711e-11 1.03447e-58 7.0851e-57
1.52395e-11 1.02054e-58 6.98165e-57
1.53081e-11 1.00678e-58 6.8796e-57
1.5377e-11 9.93195e-59 6.77892e-57
1.54463e-11 9.79772e-59 6.6796e-57
1.55159e-11 9.66514e-59 6.58163e-57
1.55857e-11 9.53419e-59 6.48497e-57
1.56559e-11 9.40484e-59 6.38963e-57
1.57265e-11 9.27709e-59 6.29558e-57
1.57973e-11 9.15092e-59 6.20281e-57
1.58684e-11 9.02631e-59 6.1113e-57
1.59399e-11 8.90323e-59 6.02104e-57
1.60117e-11 8.78168e-59 5.93201e-57
1.60838e-11 8.66164e-59 5.84419e-57
1.61562e-11 8.54308e-59 5.75757e-57
1.6229e-11 8.426e-59 5.67214e-57
1.63021e-11 8.31038e-59 5.58788e-57
1.63755e-11 8.1962e-59 5.50478e-57
1.64493e-11 8.08344e-59 5.42282e-57
1.65233e-11 7.97209e-59 5.34198e-57
1.65978e-11 7.86214e-59 5.26226e-57
1.66725e-11 7.75356e-59 5.18364e-57
1.67476e-11 7.64634e-59 5.10611e-57
1.6823e-11 7.54048e-59 5.02964e-57
1.68988e-11 7.43594e-59 4.95424e-57
1.69749e-11 7.33272e-59 4.87988e-57
1.70513e-11 7.2308e-59 4.80655e-57
1.71281e-11 7.13018e-59 4.73424e-57
1.72053e-11 7.03082e-59 4.66294e-57
1.72828e-11 6.93272e-59 4.59263e-57
1.73606e-11 6.83587e-59 4.52331e-57
1.74388e-11 6.74025e-59 4.45495e-57
1.75173e-11 6.64584e-59 4.38754e-57
1.75962e-11 6.55263e-59 4.32109e-57
1.76755e-11 6.46062e-59 4.25556e-57
1.77551e-11 6.36978e-59 4.19095e-57
1.7835e-11 6.2801e-59 4.12726e-57
1.79154e-11 6.19157e-59 4.06446e-57
1.7996e-11 6.10418e-59 4.00254e-57
1.80771e-11 6.0179e-59 3.9415e-57
1.81585e-11 5.93274e-59 3.88132e-57
1.82403e-11 5.84868e-59 3.82199e-57
1.83224e-11 5.76569e-59 3.7635e-57
1.8405e-11 5.68378e-59 3.70585e-57
1.84878e-11 5.60293e-59 3.64901e-57
1.85711e-11 5.52313e-59 3.59298e-57
1.86547e-11 5.44436e-59 3.53775e-57
1.87388e-11 5.36662e-59 3.48331e-57
1.88232e-11 5.28988e-59 3.42964e-57
1.89079e-11 5.21415e-59 3.37674e-57
1.89931e-11 5.1394e-59 3.3246e-57
1.90786e-11 5.06563e-59 3.2732e-57
1.91646e-11 4.99283e-59 3.22255e-57
1.92509e-11 4.92098e-59 3.17262e-57
1.93376e-11 4.85007e-59 3.12341e-57
1.94247e-11 4.78009e-59 3.07491e-57
1.95121e-11 4.71104e-59 3.02711e-57
1.96e-11 4.64289e-59 2.98e-57
1.96883e-11 4.57564e-59 2.93357e-57
1.9777e-11 4.50929e-59 2.88781e-57
1.9866e-11 4.4438e-59 2.84272e-57
1.99555e-11 4.37919e-59 2.79828e-57
2.00454e-11 4.31544e-59 2.75449e-57
2.01357e-11 4.25253e-59 2.71134e-57
2.02263e-11 4.19046e-59 2.66881e-57
2.03174e-11 4.12921e-59 2.62691e-57
2.04089e-11 4.06879e-59 2.58561e-57
2.05008e-11 4.00917e-59 2.54493e-57
2.05932e-11 3.95035e-59 2.50483e-57
2.06859e-11 3.89232e-59 2.46533e-57
2.07791e-11 3.83506e-59 2.42641e-57
2.08727e-11 3.77858e-59 2.38806e-57
2.09667e-11 3.72286e-59 2.35027e-57
2.10611e-11 3.66789e-59 2.31304e-57
2.1156e-11 3.61366e-59 2.27636e-57
2.12512e-11 3.56017e-59 2.24023e-57
2.13469e-11 3.5074e-59 2.20463e-57
2.14431e-11 3.45534e-59 2.16955e-57
2.15397e-11 3.40399e-59 2.135e-57
2.16367e-11 3.35335e-59 2.10096e-57
2.17341e-11 3.30339e-59 2.06742e-57
2.1832e-11 3.25411e-59 2.03439e-57
2.19303e-11 3.20551e-59 2.00185e-57
2.20291e-11 3.15757e-59 1.96979e-57
2.21283e-11 3.11029e-59 1.93822e-57
2.2228e-11 3.06365e-59 1.90712e-57
2.23281e-11 3.01766e-59 1.87648e-57
2.24286e-11 2.97231e-59 1.8463e-57
2.25296e-11 2.92757e-59 1.81658e-57
2.26311e-11 2.88346e-59 1.7873e-57
2.2733e-11 2.83995e-59 1.75847e-57
2.28354e-11 2.79705e-59 1.73007e-57
2.29383e-11 2.75474e-59 1.7021e-57
2.30416e-11 2.71302e-59 1.67455e-57
2.31453e-11 2.67189e-59 1.64742e-57
2.32496e-11 2.63132e-59 1.6207e-57
2.33543e-11 2.59132e-59 1.59439e-57
2.34595e-11 2.55188e-59 1.56848e-57
2.35651e-11 2.51299e-59 1.54296e-57
2.36713e-11 2.47465e-59 1.51783e-57
2.37779e-11 2.43684e-59 1.49308e-57
2.3885e-11 2.39957e-59 1.46871e-57
2.39925e-11 2.36282e-59 1.44472e-57
2.41006e-11 2.32659e-59 1.42109e-57
2.42091e-11 2.29087e-59 1.39782e-57
2.43182e-11 2.25566e-59 1.37491e-57
2.44277e-11 2.22094e-59 1.35236e-57
2.45377e-11 2.18672e-59 1.33015e-57
2.46482e-11 2.15298e-59 1.30828e-57
2.47592e-11 2.11972e-59 1.28675e-57
2.48707e-11 2.08694e-59 1.26555e-57
2.49827e-11 2.05463e-59 1.24468e-57
2.50952e-11 2.02278e-59 1.22414e-57
2.52083e-11 1.99138e-59 1.20391e-57
2.53218e-11 1.96043e-59 1.184e-57
2.54358e-11 1.92993e-59 1.16439e-57
2.55504e-11 1.89987e-59 1.14509e-57
2.56655e-11 1.87024e-59 1.12609e-57
2.57811e-11 1.84103e-59 1.10739e-57
2.58972e-11 1.81225e-59 1.08898e-57
2.60138e-11 1.78389e-59 1.07086e-57
2.6131e-11 1.75594e-59 1.05302e-57
2.62486e-11 1.72839e-59 1.03546e-57
2.63669e-11 1.70124e-59 1.01818e-57
2.64856e-11 1.67449e-59 1.00117e-57
2.66049e-11 1.64813e-59 9.8442e-58
2.67247e-11 1.62215e-59 9.67939e-58
2.68451e-11 1.59655e-59 9.51717e-58
2.6966e-11 1.57133e-59 9.35752e-58
2.70874e-11 1.54647e-59 9.20039e-58
2.72094e-11 1.52199e-59 9.04574e-58
2.7332e-11 1.49786e-59 8.89354e-58
2.74551e-11 1.47409e-59 8.74375e-58
2.75787e-11 1.45067e-59 8.59635e-58
2.77029e-11 1.42759e-59 8.45128e-58
2.78277e-11 1.40486e-59 8.30852e-58
2.7953e-11 1.38246e-59 8.16804e-58
2.80789e-11 1.36039e-59 8.02979e-58
2.82054e-11 1.33866e-59 7.89375e-58
2.83324e-11 1.31725e-59 7.75988e-58
2.846e-11 1.29615e-59 7.62816e-58
2.85882e-11 1.27537e-59 7.49854e-58
2.87169e-11 1.25491e-59 7.37101e-58
2.88462e-11 1.23474e-59 7.24552e-58
2.89762e-11 1.21489e-59 7.12204e-58
2.91067e-11 1.19533e-59 7.00055e-58
2.92377e-11 1.17606e-59 6.88102e-58
2.93694e-11 1.15708e-59 6.76341e-58
2.95017e-11 1.13839e-59 6.64771e-58
2.96346e-11 1.11999e-59 6.53387e-58
2.9768e-11 1.10186e-59 6.42187e-58
2.99021e-11 1.08401e-59 6.31168e-58
3.00368e-11 1.06642e-59 6.20328e-58
3.0172e-11 1.04911e-59 6.09664e-58
3.03079e-11 1.03206e-59 5.99173e-58
3.04444e-11 1.01526e-59 5.88852e-58
3.05815e-11 9.98728e-60 5.787e-58
3.07193e-11 9.82446e-60 5.68712e-58
3.08576e-11 9.66413e-60 5.58888e-58
3.09966e-11 9.50625e-60 5.49224e-58
3.11362e-11 9.35081e-60 5.39718e-58
3.12764e-11 9.19775e-60 5.30367e-58
3.14173e-11 9.04705e-60 5.21169e-58
3.15588e-11 8.89868e-60 5.12122e-58
3.17009e-11 8.7526e-60 5.03223e-58
3.18437e-11 8.60877e-60 4.94471e-58
3.19871e-11 8.46718e-60 4.85862e-58
3.21312e-11 8.32778e-60 4.77395e-58
3.22759e-11 8.19055e-60 4.69067e-58
3.24212e-11 8.05546e-60 4.60876e-58
3.25672e-11 7.92247e-60 4.52821e-58
3.27139e-11 7.79156e-60 4.44898e-58
3.28612e-11 7.66269e-60 4.37107e-58
3.30092e-11 7.53584e-60 4.29444e-58
3.31579e-11 7.41097e-60 4.21908e-58
3.33072e-11 7.28807e-60 4.14497e-58
3.34573e-11 7.1671e-60 4.07209e-58
3.36079e-11 7.04803e-60 4.00042e-58
3.37593e-11 6.93084e-60 3.92994e-58
3.39113e-11 6.8155e-60 3.86063e-58
3.40641e-11 6.70198e-60 3.79248e-58
3.42175e-11 6.59026e-60 3.72546e-58
3.43716e-11 6.48031e-60 3.65956e-58
3.45264e-11 6.3721e-60 3.59475e-58
3.46819e-11 6.26561e-60 3.53103e-58
3.48381e-11 6.16082e-60 3.46838e-58
3.4995e-11 6.0577e-60 3.40677e-58
3.51526e-11 5.95623e-60 3.34619e-58
3.53109e-11 5.85637e-60 3.28663e-58
3.54699e-11 5.75812e-60 3.22806e-58
3.56297e-11 5.66143e-60 3.17048e-58
3.57901e-11 5.5663e-60 3.11387e-58
3.59513e-11 5.4727e-60 3.05821e-58
3.61132e-11 5.38061e-60 3.00348e-58
3.62759e-11 5.28999e-60 2.94967e-58
3.64393e-11 5.20084e-60 2.89677e-58
3.66034e-11 5.11313e-60 2.84476e-58
3.67682e-11 5.02684e-60 2.79363e-58
3.69338e-11 4.94195e-60 2.74336e-58
3.71002e-11 4.85843e-60 2.69395e-58
3.72672e-11 4.77627e-60 2.64536e-58
3.74351e-11 4.69544e-60 2.5976e-58
3.76037e-11 4.61593e-60 2.55064e-58
3.7773e-11 4.53772e-60 2.50448e-58
3.79432e-11 4.46078e-60 2.45911e-58
3.8114e-11 4.3851e-60 2.4145e-58
3.82857e-11 4.31066e-60 2.37065e-58
3.84581e-11 4.23744e-60 2.32754e-58
3.86313e-11 4.16542e-60 2.28517e-58
3.88053e-11 4.09458e-60 2.24351e-58
3.89801e-11 4.02491e-60 2.20257e-58
3.91556e-11 3.95638e-60 2.16232e-58
3.9332e-11 3.88898e-60 2.12275e-58
3.95091e-11 3.8227e-60 2.08387e-58
3.96871e-11 3.75751e-60 2.04564e-58
3.98658e-11 3.6934e-60 2.00806e-58
4.00453e-11 3.63035e-60 1.97113e-58
4.02257e-11 3.56835e-60 1.93483e-58
4.04069e-11 3.50738e-60 1.89914e-58
4.05888e-11 3.44742e-60 1.86407e-58
4.07716e-11 3.38845e-60 1.82959e-58
4.09553e-11 3.33047e-60 1.79571e-58
4.11397e-11 3.27346e-60 1.7624e-58
4.1325e-11 3.2174e-60 1.72967e-58
4.15111e-11 3.16228e-60 1.6975e-58
4.16981e-11 3.10808e-60 1.66587e-58
4.18859e-11 3.05478e-60 1.63479e-58
4.20745e-11 3.00239e-60 1.60424e-58
4.2264e-11 2.95087e-60 1.57422e-58
4.24543e-11 2.90021e-60 1.54471e-58
4.26455e-11 2.85041e-60 1.51571e-58
4.28376e-11 2.80145e-60 1.48721e-58
4.30305e-11 2.75332e-60 1.45919e-58
4.32243e-11 2.70599e-60 1.43166e-58
4.3419e-11 2.65947e-60 1.4046e-58
4.36146e-11 2.61373e-60 1.378e-58
4.3811e-11 2.56877e-60 1.35187e-58
4.40083e-11 2.52457e-60 1.32618e-58
4.42065e-11 2.48112e-60 1.30093e-58
4.44056e-11 2.43841e-60 1.27612e-58
4.46056e-11 2.39643e-60 1.25174e-58
4.48065e-11 2.35515e-60 1.22777e-58
4.50083e-11 2.31459e-60 1.20422e-58
4.5211e-11 2.27471e-60 1.18108e-58
4.54146e-11 2.23551e-60 1.15833e-58
4.56191e-11 2.19699e-60 1.13597e-58
4.58246e-11 2.15912e-60 1.114e-58
4.6031e-11 2.1219e-60 1.09241e-58
4.62383e-11 2.08532e-60 1.07119e-58
4.64465e-11 2.04936e-60 1.05034e-58
4.66557e-11 2.01403e-60 1.02985e-58
4.68658e-11 1.9793e-60 1.00971e-58
4.70769e-11 1.94516e-60 9.89913e-59
4.72889e-11 1.91162e-60 9.70462e-59
4.75019e-11 1.87865e-60 9.51346e-59
4.77158e-11 1.84625e-60 9.32559e-59
4.79307e-11 1.8144e-60 9.14097e-59
4.81466e-11 1.78311e-60 8.95953e-59
4.83634e-11 1.75236e-60 8.78122e-59
4.85812e-11 1.72214e-60 8.60598e-59
4.88e-11 1.69244e-60 8.43377e-59
4.90198e-11 1.66325e-60 8.26452e-59
4.92406e-11 1.63458e-60 8.0982e-59
4.94623e-11 1.6064e-60 7.93474e-59
4.96851e-11 1.5787e-60 7.7741e-59
4.99089e-11 1.55149e-60 7.61623e-59
5.01336e-11 1.52475e-60 7.46108e-59
5.03594e-11 1.49848e-60 7.30861e-59
5.05862e-11 1.47266e-60 7.15876e-59
5.08141e-11 1.44729e-60 7.01149e-59
5.10429e-11 1.42237e-60 6.86676e-59
5.12728e-11 1.39788e-60 6.72453e-59
5.15037e-11 1.37381e-60 6.58474e-59
5.17357e-11 1.35017e-60 6.44736e-59
5.19687e-11 1.32694e-60 6.31234e-59
5.22027e-11 1.30411e-60 6.17965e-59
5.24378e-11 1.28168e-60 6.04924e-59
5.2674e-11 1.25965e-60 5.92107e-59
5.29112e-11 1.238e-60 5.7951e-59
5.31495e-11 1.21673e-60 5.6713e-59
5.33889e-11 1.19583e-60 5.54963e-59
5.36293e-11 1.1753e-60 5.43005e-59
5.38709e-11 1.15513e-60 5.31252e-59
5.41135e-11 1.13531e-60 5.19701e-59
5.43572e-11 1.11584e-60 5.08348e-59
5.4602e-11 1.09671e-60 4.97189e-59
5.48479e-11 1.07791e-60 4.86222e-59
5.50949e-11 1.05945e-60 4.75443e-59
5.53431e-11 1.04131e-60 4.64848e-59
5.55923e-11 1.02349e-60 4.54435e-59
5.58427e-11 1.00599e-60 4.442e-59
5.60942e-11 9.88787e-61 4.34141e-59
5.63468e-11 9.71891e-61 4.24253e-59
5.66006e-11 9.55293e-61 4.14534e-59
5.68555e-11 9.38986e-61 4.04981e-59
5.71116e-11 9.22967e-61 3.95591e-59
5.73688e-11 9.07229e-61 3.86361e-59
5.76272e-11 8.91769e-61 3.77289e-59
5.78867e-11 8.76581e-61 3.68371e-59
5.81474e-11 8.61661e-61 3.59605e-59
5.84093e-11 8.47004e-61 3.50989e-59
5.86723e-11 8.32605e-61 3.42519e-59
5.89366e-11 8.18461e-61 3.34193e-59
5.9202e-11 8.04565e-61 3.26008e-59
5.94686e-11 7.90915e-61 3.17963e-59
5.97365e-11 7.77505e-61 3.10053e-59
6.00055e-11 7.64332e-61 3.02278e-59
6.02758e-11 7.51391e-61 2.94635e-59
6.05472e-11 7.38678e-61 2.87121e-59
6.08199e-11 7.2619e-61 2.79734e-59
6.10938e-11 7.13922e-61 2.72472e-59
6.1369e-11 7.0187e-61 2.65333e-59
6.16454e-11 6.90031e-61 2.58314e-59
6.1923e-11 6.78401e-61 2.51414e-59
6.22019e-11 6.66976e-61 2.4463e-59
6.2482e-11 6.55752e-61 2.3796e-59
6.27634e-11 6.44726e-61 2.31403e-59
6.30461e-11 6.33895e-61 2.24956e-59
6.333e-11 6.23254e-61 2.18617e-59
6.36152e-11 6.12802e-61 2.12384e-59
6.39017e-11 6.02533e-61 2.06256e-59
6.41895e-11 5.92445e-61 2.00231e-59
6.44786e-11 5.82535e-61 1.94306e-59
6.4769e-11 5.728e-61 1.88481e-59
6.50607e-11 5.63236e-61 1.82753e-59
6.53537e-11 5.53841e-61 1.77121e-59
6.56481e-11 5.4461e-61 1.71582e-59
6.59437e-11 5.35543e-61 1.66136e-59
6.62407e-11 5.26634e-61 1.60781e-59
6.65391e-11 5.17883e-61 1.55514e-59
6.68387e-11 5.09285e-61 1.50336e-59
6.71398e-11 5.00838e-61 1.45243e-59
6.74421e-11 4.9254e-61 1.40234e-59
6.77459e-11 4.84387e-61 1.35309e-59
6.8051e-11 4.76378e-61 1.30465e-59
6.83575e-11 4.68509e-61 1.25701e-59
6.86653e-11 4.60778e-61 1.21016e-59
6.89746e-11 4.53183e-61 1.16408e-59
6.92852e-11 4.4572e-61 1.11877e-59
6.95973e-11 4.38389e-61 1.07419e-59
6.99107e-11 4.31186e-61 1.03035e-59
7.02256e-11 4.24108e-61 9.87236e-60
7.05418e-11 4.17155e-61 9.44825e-60
7.08595e-11 4.10323e-61 9.0311e-60
7.11787e-11 4.0361e-61 8.62077e-60
7.14992e-11 3.97015e-61 8.21716e-60
7.18212e-11 3.90534e-61 7.82015e-60
7.21447e-11 3.84167e-61 7.42961e-60
7.24696e-11 3.77911e-61 7.04545e-60
7.2796e-11 3.71763e-61 6.66754e-60
7.31239e-11 3.65723e-61 6.29577e-60
7.34532e-11 3.59787e-61 5.93005e-60
7.3784e-11 3.53955e-61 5.57026e-60
7.41163e-11 3.48224e-61 5.21631e-60
7.44501e-11 3.42592e-61 4.86808e-60
7.47854e-11 3.37059e-61 4.52549e-60
7.51222e-11 3.31621e-61 4.18843e-60
7.54605e-11 3.26277e-61 3.85681e-60
7.58004e-11 3.21025e-61 3.53054e-60
7.61418e-11 3.15865e-61 3.20951e-60
7.64847e-11 3.10793e-61 2.89365e-60
7.68292e-11 3.05809e-61 2.58285e-60
7.71752e-11 3.00911e-61 2.27704e-60
7.75228e-11 2.96098e-61 1.97613e-60
7.78719e-11 2.91367e-61 1.68004e-60
7.82226e-11 2.86717e-61 1.38867e-60
7.85749e-11 2.82148e-61 1.10195e-60
7.89288e-11 2.77657e-61 8.19804e-61
7.92842e-11 2.73243e-61 5.42147e-61
7.96413e-11 2.68904e-61 2.68904e-61
