1e-14 0 2.80962e-39
1.0045e-14 0 2.80962e-39
1.00903e-14 0 2.80962e-39
1.01357e-14 0 2.80962e-39
1.01814e-14 0 2.80962e-39
1.02272e-14 0 2.80962e-39
1.02733e-14 0 2.80962e-39
1.03196e-14 0 2.80962e-39
1.0366e-14 0 2.80962e-39
1.04127e-14 0 2.80962e-39
1.04596e-14 0 2.80962e-39
1.05067e-14 0 2.80962e-39
1.0554e-14 0 2.80962e-39
1.06016e-14 0 2.80962e-39
1.06493e-14 0 2.80962e-39
1.06973e-14 0 2.80962e-39
1.07455e-14 0 2.80962e-39
1.07938e-14 0 2.80962e-39
1.08425e-14 0 2.80962e-39
1.08913e-14 0 2.80962e-39
1.09403e-14 0 2.80962e-39
1.09896e-14 0 2.80962e-39
1.10391e-14 0 2.80962e-39
1.10888e-14 0 2.80962e-39
1.11388e-14 0 2.80962e-39
1.11889e-14 0 2.80962e-39
1.12393e-14 0 2.80962e-39
1.12899e-14 0 2.80962e-39
1.13408e-14 0 2.80962e-39
1.13919e-14 0 2.80962e-39
1.14432e-14 0 2.80962e-39
1.14947e-14 0 2.80962e-39
1.15465e-14 0 2.80962e-39
1.15985e-14 0 2.80962e-39
1.16507e-14 0 2.80962e-39
1.17032e-14 0 2.80962e-39
1.17559e-14 0 2.80962e-39
1.18088e-14 0 2.80962e-39
1.1862e-14 0 2.80962e-39
1.19154e-14 0 2.80962e-39
1.19691e-14 0 2.80962e-39
1.2023e-14 0 2.80962e-39
1.20772e-14 0 2.80962e-39
1.21316e-14 0 2.80962e-39
1.21862e-14 0 2.80962e-39
1.22411e-14 0 2.80962e-39
1.22962e-14 0 2.80962e-39
1.23516e-14 0 2.80962e-39
1.24072e-14 0 2.80962e-39
1.24631e-14 0 2.80962e-39
1.25192e-14 0 2.80962e-39
1.25756e-14 0 2.80962e-39
1.26322e-14 0 2.80962e-39
1.26891e-14 0 2.80962e-39
1.27463e-14 0 2.80962e-39
1.28037e-14 0 2.80962e-39
1.28613e-14 0 2.80962e-39
1.29193e-14 0 2.80962e-39
1.29775e-14 0 2.80962e-39
1.30359e-14 0 2.80962e-39
1.30946e-14 0 2.80962e-39
1.31536e-14 0 2.80962e-39
1.32128e-14 0 2.80962e-39
1.32723e-14 0 2.80962e-39
1.33321e-14 0 2.80962e-39
1.33922e-14 0 2.80962e-39
1.34525e-14 0 2.80962e-39
1.35131e-14 0 2.80962e-39
1.35739e-14 0 2.80962e-39
1.3635e-14 0 2.80962e-39
1.36965e-14 0 2.80962e-39
1.37581e-14 0 2.80962e-39
1.38201e-14 0 2.80962e-39
1.38823e-14 0 2.80962e-39
1.39449e-14 0 2.80962e-39
1.40077e-14 0 2.80962e-39
1.40708e-14 0 2.80962e-39
1.41341e-14 0 2.80962e-39
1.41978e-14 0 2.80962e-39
1.42617e-14 0 2.80962e-39
1.4326e-14 0 2.80962e-39
1.43905e-14 0 2.80962e-39
1.44553e-14 0 2.80962e-39
1.45204e-14 0 2.80962e-39
1.45858e-14 0 2.80962e-39
1.46515e-14 0 2.80962e-39
1.47175e-14 0 2.80962e-39
1.47837e-14 0 2.80962e-39
1.48503e-14 0 2.80962e-39
1.49172e-14 0 2.80962e-39
1.49844e-14 0 2.80962e-39
1.50519e-14 0 2.80962e-39
1.51197e-14 0 2.80962e-39
1.51878e-14 0 2.80962e-39
1.52562e-14 0 2.80962e-39
1.53249e-14 0 2.80962e-39
1.53939e-14 0 2.80962e-39
1.54632e-14 0 2.80962e-39
1.55329e-14 0 2.80962e-39
1.56028e-14 0 2.80962e-39
1.56731e-14 0 2.80962e-39
1.57437e-14 0 2.80962e-39
1.58146e-14 0 2.80962e-39
1.58858e-14 0 2.80962e-39
1.59573e-14 0 2.80962e-39
1.60292e-14 0 2.80962e-39
1.61014e-14 0 2.80962e-39
1.61739e-14 0 2.80962e-39
1.62468e-14 0 2.80962e-39
1.63199e-14 0 2.80962e-39
1.63934e-14 0 2.80962e-39
1.64673e-14 0 2.80962e-39
1.65414e-14 0 2.80962e-39
1.66159e-14 0 2.80962e-39
1.66908e-14 0 2.80962e-39
1.67659e-14 0 2.80962e-39
1.68414e-14 0 2.80962e-39
1.69173e-14 0 2.80962e-39
1.69935e-14 0 2.80962e-39
1.707e-14 0 2.80962e-39
1.71469e-14 0 2.80962e-39
1.72241e-14 0 2.80962e-39
1.73017e-14 0 2.80962e-39
1.73796e-14 0 2.80962e-39
1.74579e-14 0 2.80962e-39
1.75365e-14 0 2.80962e-39
1.76155e-14 0 2.80962e-39
1.76948e-14 0 2.80962e-39
1.77745e-14 0 2.80962e-39
1.78546e-14 0 2.80962e-39
1.7935e-14 0 2.80962e-39
1.80158e-14 0 2.80962e-39
1.80969e-14 0 2.80962e-39
1.81784e-14 0 2.80962e-39
1.82603e-14 0 2.80962e-39
1.83425e-14 0 2.80962e-39
1.84251e-14 0 2.80962e-39
1.85081e-14 0 2.80962e-39
1.85914e-14 0 2.80962e-39
1.86752e-14 0 2.80962e-39
1.87593e-14 0 2.80962e-39
1.88438e-14 0 2.80962e-39
1.89286e-14 0 2.80962e-39
1.90139e-14 0 2.80962e-39
1.90995e-14 0 2.80962e-39
1.91855e-14 0 2.80962e-39
1.92719e-14 0 2.80962e-39
1.93587e-14 0 2.80962e-39
1.94459e-14 0 2.80962e-39
1.95335e-14 0 2.80962e-39
1.96215e-14 0 2.80962e-39
1.97098e-14 0 2.80962e-39
1.97986e-14 0 2.80962e-39
1.98878e-14 0 2.80962e-39
1.99774e-14 0 2.80962e-39
2.00673e-14 0 2.80962e-39
2.01577e-14 0 2.80962e-39
2.02485e-14 0 2.80962e-39
2.03397e-14 0 2.80962e-39
2.04313e-14 0 2.80962e-39
2.05233e-14 0 2.80962e-39
2.06157e-14 0 2.80962e-39
2.07086e-14 0 2.80962e-39
2.08018e-14 0 2.80962e-39
2.08955e-14 0 2.80962e-39
2.09896e-14 0 2.80962e-39
2.10842e-14 0 2.80962e-39
2.11791e-14 0 2.80962e-39
2.12745e-14 0 2.80962e-39
2.13703e-14 0 2.80962e-39
2.14666e-14 0 2.80962e-39
2.15632e-14 0 2.80962e-39
2.16604e-14 0 2.80962e-39
2.17579e-14 0 2.80962e-39
2.18559e-14 0 2.80962e-39
2.19543e-14 0 2.80962e-39
2.20532e-14 0 2.80962e-39
2.21525e-14 0 2.80962e-39
2.22523e-14 0 2.80962e-39
2.23525e-14 0 2.80962e-39
2.24532e-14 0 2.80962e-39
2.25543e-14 0 2.80962e-39
2.26559e-14 0 2.80962e-39
2.27579e-14 0 2.80962e-39
2.28604e-14 0 2.80962e-39
2.29634e-14 0 2.80962e-39
2.30668e-14 0 2.80962e-39
2.31707e-14 0 2.80962e-39
2.3275e-14 0 2.80962e-39
2.33799e-14 0 2.80962e-39
2.34852e-14 0 2.80962e-39
2.35909e-14 0 2.80962e-39
2.36972e-14 0 2.80962e-39
2.38039e-14 0 2.80962e-39
2.39111e-14 0 2.80962e-39
2.40188e-14 0 2.80962e-39
2.4127e-14 0 2.80962e-39
2.42356e-14 0 2.80962e-39
2.43448e-14 0 2.80962e-39
2.44544e-14 0 2.80962e-39
2.45646e-14 0 2.80962e-39
2.46752e-14 0 2.80962e-39
2.47863e-14 0 2.80962e-39
2.4898e-14 0 2.80962e-39
2.50101e-14 0 2.80962e-39
2.51227e-14 0 2.80962e-39
2.52359e-14 0 2.80962e-39
2.53495e-14 0 2.80962e-39
2.54637e-14 0 2.80962e-39
2.55784e-14 0 2.80962e-39
2.56936e-14 0 2.80962e-39
2.58093e-14 0 2.80962e-39
2.59255e-14 0 2.80962e-39
2.60423e-14 0 2.80962e-39
2.61596e-14 0 2.80962e-39
2.62774e-14 0 2.80962e-39
2.63957e-14 0 2.80962e-39
2.65146e-14 0 2.80962e-39
2.6634e-14 0 2.80962e-39
2.6754e-14 0 2.80962e-39
2.68745e-14 0 2.80962e-39
2.69955e-14 0 2.80962e-39
2.71171e-14 0 2.80962e-39
2.72392e-14 0 2.80962e-39
2.73619e-14 0 2.80962e-39
2.74851e-14 0 2.80962e-39
2.76089e-14 0 2.80962e-39
2.77332e-14 0 2.80962e-39
2.78581e-14 0 2.80962e-39
2.79836e-14 0 2.80962e-39
2.81096e-14 0 2.80962e-39
2.82362e-14 0 2.80962e-39
2.83634e-14 0 2.80962e-39
2.84912e-14 0 2.80962e-39
2.86195e-14 0 2.80962e-39
2.87484e-14 0 2.80962e-39
2.88778e-14 0 2.80962e-39
2.90079e-14 0 2.80962e-39
2.91385e-14 0 2.80962e-39
2.92698e-14 0 2.80962e-39
2.94016e-14 0 2.80962e-39
2.9534e-14 0 2.80962e-39
2.9667e-14 0 2.80962e-39
2.98006e-14 0 2.80962e-39
2.99348e-14 0 2.80962e-39
3.00697e-14 0 2.80962e-39
3.02051e-14 0 2.80962e-39
3.03411e-14 0 2.80962e-39
3.04778e-14 0 2.80962e-39
3.0615e-14 0 2.80962e-39
3.07529e-14 0 2.80962e-39
3.08914e-14 0 2.80962e-39
3.10305e-14 0 2.80962e-39
3.11703e-14 0 2.80962e-39
3.13107e-14 0 2.80962e-39
3.14517e-14 0 2.80962e-39
3.15933e-14 0 2.80962e-39
3.17356e-14 0 2.80962e-39
3.18786e-14 0 2.80962e-39
3.20221e-14 0 2.80962e-39
3.21663e-14 0 2.80962e-39
3.23112e-14 0 2.80962e-39
3.24567e-14 0 2.80962e-39
3.26029e-14 0 2.80962e-39
3.27497e-14 0 2.80962e-39
3.28972e-14 0 2.80962e-39
3.30454e-14 0 2.80962e-39
3.31942e-14 0 2.80962e-39
3.33437e-14 0 2.80962e-39
3.34939e-14 0 2.80962e-39
3.36447e-14 0 2.80962e-39
3.37963e-14 0 2.80962e-39
3.39485e-14 0 2.80962e-39
3.41014e-14 0 2.80962e-39
3.42549e-14 0 2.80962e-39
3.44092e-14 0 2.80962e-39
3.45642e-14 0 2.80962e-39
3.47199e-14 0 2.80962e-39
3.48762e-14 0 2.80962e-39
3.50333e-14 0 2.80962e-39
3.51911e-14 0 2.80962e-39
3.53496e-14 0 2.80962e-39
3.55088e-14 0 2.80962e-39
3.56687e-14 0 2.80962e-39
3.58293e-14 0 2.80962e-39
3.59907e-14 0 2.80962e-39
3.61528e-14 0 2.80962e-39
3.63156e-14 0 2.80962e-39
3.64792e-14 0 2.80962e-39
3.66435e-14 0 2.80962e-39
3.68085e-14 0 2.80962e-39
3.69743e-14 0 2.80962e-39
3.71408e-14 0 2.80962e-39
3.73081e-14 0 2.80962e-39
3.74761e-14 0 2.80962e-39
3.76449e-14 0 2.80962e-39
3.78144e-14 0 2.80962e-39
3.79847e-14 0 2.80962e-39
3.81558e-14 0 2.80962e-39
3.83276e-14 0 2.80962e-39
3.85002e-14 0 2.80962e-39
3.86736e-14 0 2.80962e-39
3.88478e-14 0 2.80962e-39
3.90228e-14 0 2.80962e-39
3.91985e-14 0 2.80962e-39
3.93751e-14 0 2.80962e-39
3.95524e-14 0 2.80962e-39
3.97305e-14 0 2.80962e-39
3.99095e-14 0 2.80962e-39
4.00892e-14 0 2.80962e-39
4.02698e-14 0 2.80962e-39
4.04511e-14 0 2.80962e-39
4.06333e-14 0 2.80962e-39
4.08163e-14 0 2.80962e-39
4.10001e-14 0 2.80962e-39
4.11848e-14 0 2.80962e-39
4.13703e-14 0 2.80962e-39
4.15566e-14 0 2.80962e-39
4.17437e-14 0 2.80962e-39
4.19317e-14 0 2.80962e-39
4.21206e-14 0 2.80962e-39
4.23103e-14 0 2.80962e-39
4.25008e-14 0 2.80962e-39
4.26922e-14 0 2.80962e-39
4.28845e-14 0 2.80962e-39
4.30777e-14 0 2.80962e-39
4.32717e-14 0 2.80962e-39
4.34666e-14 0 2.80962e-39
4.36623e-14 0 2.80962e-39
4.3859e-14 0 2.80962e-39
4.40565e-14 0 2.80962e-39
4.42549e-14 0 2.80962e-39
4.44542e-14 0 2.80962e-39
4.46544e-14 0 2.80962e-39
4.48555e-14 0 2.80962e-39
4.50575e-14 0 2.80962e-39
4.52605e-14 0 2.80962e-39
4.54643e-14 0 2.80962e-39
4.56691e-14 0 2.80962e-39
4.58748e-14 0 2.80962e-39
4.60814e-14 0 2.80962e-39
4.62889e-14 0 2.80962e-39
4.64974e-14 0 2.80962e-39
4.67068e-14 0 2.80962e-39
4.69171e-14 0 2.80962e-39
4.71284e-14 0 2.80962e-39
4.73407e-14 0 2.80962e-39
4.75539e-14 0 2.80962e-39
4.77681e-14 0 2.80962e-39
4.79832e-14 0 2.80962e-39
4.81993e-14 0 2.80962e-39
4.84164e-14 0 2.80962e-39
4.86344e-14 0 2.80962e-39
4.88535e-14 0 2.80962e-39
4.90735e-14 0 2.80962e-39
4.92945e-14 0 2.80962e-39
4.95165e-14 0 2.80962e-39
4.97395e-14 0 2.80962e-39
4.99635e-14 0 2.80962e-39
5.01886e-14 0 2.80962e-39
5.04146e-14 0 2.80962e-39
5.06416e-14 0 2.80962e-39
5.08697e-14 0 2.80962e-39
5.10988e-14 0 2.80962e-39
5.13289e-14 0 2.80962e-39
5.15601e-14 0 2.80962e-39
5.17923e-14 0 2.80962e-39
5.20256e-14 0 2.80962e-39
5.22599e-14 0 2.80962e-39
5.24953e-14 0 2.80962e-39
5.27317e-14 0 2.80962e-39
5.29692e-14 0 2.80962e-39
5.32077e-14 0 2.80962e-39
5.34474e-14 0 2.80962e-39
5.36881e-14 0 2.80962e-39
5.39299e-14 0 2.80962e-39
5.41728e-14 0 2.80962e-39
5.44167e-14 0 2.80962e-39
5.46618e-14 0 2.80962e-39
5.4908e-14 0 2.80962e-39
5.51553e-14 0 2.80962e-39
5.54037e-14 0 2.80962e-39
5.56532e-14 0 2.80962e-39
5.59039e-14 0 2.80962e-39
5.61556e-14 0 2.80962e-39
5.64085e-14 0 2.80962e-39
5.66626e-14 0 2.80962e-39
5.69178e-14 0 2.80962e-39
5.71741e-14 0 2.80962e-39
5.74316e-14 0 2.80962e-39
5.76903e-14 0 2.80962e-39
5.79501e-14 0 2.80962e-39
5.82111e-14 0 2.80962e-39
5.84732e-14 0 2.80962e-39
5.87366e-14 0 2.80962e-39
5.90011e-14 0 2.80962e-39
5.92668e-14 0 2.80962e-39
5.95338e-14 0 2.80962e-39
5.98019e-14 0 2.80962e-39
6.00712e-14 0 2.80962e-39
6.03418e-14 0 2.80962e-39
6.06135e-14 0 2.80962e-39
6.08865e-14 0 2.80962e-39
6.11607e-14 0 2.80962e-39
6.14362e-14 0 2.80962e-39
6.17129e-14 0 2.80962e-39
6.19908e-14 0 2.80962e-39
6.227e-14 0 2.80962e-39
6.25504e-14 0 2.80962e-39
6.28321e-14 0 2.80962e-39
6.31151e-14 0 2.80962e-39
6.33994e-14 0 2.80962e-39
6.36849e-14 0 2.80962e-39
6.39717e-14 0 2.80962e-39
6.42598e-14 0 2.80962e-39
6.45492e-14 0 2.80962e-39
6.484e-14 0 2.80962e-39
6.5132e-14 0 2.80962e-39
6.54253e-14 0 2.80962e-39
6.572e-14 0 2.80962e-39
6.6016e-14 0 2.80962e-39
6.63133e-14 0 2.80962e-39
6.66119e-14 0 2.80962e-39
6.69119e-14 0 2.80962e-39
6.72133e-14 0 2.80962e-39
6.7516e-14 0 2.80962e-39
6.78201e-14 0 2.80962e-39
6.81255e-14 0 2.80962e-39
6.84323e-14 0 2.80962e-39
6.87405e-14 0 2.80962e-39
6.90501e-14 0 2.80962e-39
6.93611e-14 0 2.80962e-39
6.96735e-14 0 2.80962e-39
6.99873e-14 0 2.80962e-39
7.03025e-14 0 2.80962e-39
7.06191e-14 0 2.80962e-39
7.09371e-14 0 2.80962e-39
7.12566e-14 0 2.80962e-39
7.15775e-14 0 2.80962e-39
7.18999e-14 0 2.80962e-39
7.22237e-14 0 2.80962e-39
7.2549e-14 0 2.80962e-39
7.28757e-14 0 2.80962e-39
7.32039e-14 0 2.80962e-39
7.35336e-14 0 2.80962e-39
7.38648e-14 0 2.80962e-39
7.41975e-14 0 2.80962e-39
7.45316e-14 0 2.80962e-39
7.48673e-14 0 2.80962e-39
7.52045e-14 0 2.80962e-39
7.55432e-14 0 2.80962e-39
7.58834e-14 0 2.80962e-39
7.62252e-14 0 2.80962e-39
7.65685e-14 0 2.80962e-39
7.69133e-14 0 2.80962e-39
7.72597e-14 0 2.80962e-39
7.76076e-14 0 2.80962e-39
7.79572e-14 0 2.80962e-39
7.83083e-14 0 2.80962e-39
7.86609e-14 0 2.80962e-39
7.90152e-14 0 2.80962e-39
7.93711e-14 0 2.80962e-39
7.97285e-14 0 2.80962e-39
8.00876e-14 0 2.80962e-39
8.04483e-14 0 2.80962e-39
8.08106e-14 0 2.80962e-39
8.11746e-14 0 2.80962e-39
8.15402e-14 0 2.80962e-39
8.19074e-14 0 2.80962e-39
8.22763e-14 0 2.80962e-39
8.26468e-14 0 2.80962e-39
8.3019e-14 0 2.80962e-39
8.33929e-14 0 2.80962e-39
8.37685e-14 0 2.80962e-39
8.41458e-14 0 2.80962e-39
8.45247e-14 0 2.80962e-39
8.49054e-14 0 2.80962e-39
8.52878e-14 0 2.80962e-39
8.56719e-14 0 2.80962e-39
8.60578e-14 0 2.80962e-39
8.64453e-14 0 2.80962e-39
8.68347e-14 0 2.80962e-39
8.72257e-14 0 2.80962e-39
8.76186e-14 0 2.80962e-39
8.80132e-14 0 2.80962e-39
8.84096e-14 0 2.80962e-39
8.88077e-14 0 2.80962e-39
8.92077e-14 0 2.80962e-39
8.96095e-14 0 2.80962e-39
9.00131e-14 0 2.80962e-39
9.04184e-14 0 2.80962e-39
9.08257e-14 0 2.80962e-39
9.12347e-14 0 2.80962e-39
9.16456e-14 0 2.80962e-39
9.20584e-14 0 2.80962e-39
9.2473e-14 0 2.80962e-39
9.28894e-14 0 2.80962e-39
9.33078e-14 0 2.80962e-39
9.3728e-14 0 2.80962e-39
9.41501e-14 0 2.80962e-39
9.45742e-14 0 2.80962e-39
9.50001e-14 0 2.80962e-39
9.54279e-14 0 2.80962e-39
9.58577e-14 0 2.80962e-39
9.62894e-14 0 2.80962e-39
9.67231e-14 0 2.80962e-39
9.71587e-14 0 2.80962e-39
9.75963e-14 0 2.80962e-39
9.80358e-14 0 2.80962e-39
9.84774e-14 0 2.80962e-39
9.89209e-14 0 2.80962e-39
9.93664e-14 0 2.80962e-39
9.98139e-14 0 2.80962e-39
1.00263e-13 0 2.80962e-39
1.00715e-13 0 2.80962e-39
1.01169e-13 0 2.80962e-39
1.01624e-13 0 2.80962e-39
1.02082e-13 0 2.80962e-39
1.02542e-13 0 2.80962e-39
1.03003e-13 0 2.80962e-39
1.03467e-13 0 2.80962e-39
1.03933e-13 0 2.80962e-39
1.04401e-13 0 2.80962e-39
1.04872e-13 0 2.80962e-39
1.05344e-13 0 2.80962e-39
1.05818e-13 0 2.80962e-39
1.06295e-13 0 2.80962e-39
1.06774e-13 0 2.80962e-39
1.07255e-13 0 2.80962e-39
1.07738e-13 0 2.80962e-39
1.08223e-13 0 2.80962e-39
1.0871e-13 0 2.80962e-39
1.092e-13 0 2.80962e-39
1.09692e-13 0 2.80962e-39
1.10186e-13 0 2.80962e-39
1.10682e-13 0 2.80962e-39
1.1118e-13 0 2.80962e-39
1.11681e-13 0 2.80962e-39
1.12184e-13 0 2.80962e-39
1.12689e-13 0 2.80962e-39
1.13197e-13 0 2.80962e-39
1.13707e-13 0 2.80962e-39
1.14219e-13 0 2.80962e-39
1.14733e-13 0 2.80962e-39
1.1525e-13 0 2.80962e-39
1.15769e-13 0 2.80962e-39
1.1629e-13 0 2.80962e-39
1.16814e-13 0 2.80962e-39
1.1734e-13 0 2.80962e-39
1.17869e-13 0 2.80962e-39
1.18399e-13 0 2.80962e-39
1.18933e-13 0 2.80962e-39
1.19468e-13 0 2.80962e-39
1.20006e-13 0 2.80962e-39
1.20547e-13 0 2.80962e-39
1.2109e-13 0 2.80962e-39
1.21635e-13 0 2.80962e-39
1.22183e-13 0 2.80962e-39
1.22733e-13 0 2.80962e-39
1.23286e-13 0 2.80962e-39
1.23841e-13 0 2.80962e-39
1.24399e-13 0 2.80962e-39
1.24959e-13 0 2.80962e-39
1.25522e-13 0 2.80962e-39
1.26087e-13 0 2.80962e-39
1.26655e-13 0 2.80962e-39
1.27226e-13 0 2.80962e-39
1.27799e-13 0 2.80962e-39
1.28374e-13 0 2.80962e-39
1.28952e-13 0 2.80962e-39
1.29533e-13 0 2.80962e-39
1.30116e-13 0 2.80962e-39
1.30702e-13 0 2.80962e-39
1.31291e-13 0 2.80962e-39
1.31882e-13 0 2.80962e-39
1.32476e-13 0 2.80962e-39
1.33073e-13 0 2.80962e-39
1.33672e-13 0 2.80962e-39
1.34274e-13 0 2.80962e-39
1.34879e-13 0 2.80962e-39
1.35487e-13 0 2.80962e-39
1.36097e-13 0 2.80962e-39
1.3671e-13 0 2.80962e-39
1.37325e-13 0 2.80962e-39
1.37944e-13 0 2.80962e-39
1.38565e-13 0 2.80962e-39
1.39189e-13 0 2.80962e-39
1.39816e-13 0 2.80962e-39
1.40446e-13 0 2.80962e-39
1.41078e-13 0 2.80962e-39
1.41714e-13 0 2.80962e-39
1.42352e-13 0 2.80962e-39
1.42993e-13 0 2.80962e-39
1.43637e-13 0 2.80962e-39
1.44284e-13 0 2.80962e-39
1.44934e-13 0 2.80962e-39
1.45586e-13 0 2.80962e-39
1.46242e-13 0 2.80962e-39
1.46901e-13 0 2.80962e-39
1.47562e-13 0 2.80962e-39
1.48227e-13 0 2.80962e-39
1.48894e-13 0 2.80962e-39
1.49565e-13 0 2.80962e-39
1.50239e-13 0 2.80962e-39
1.50915e-13 0 2.80962e-39
1.51595e-13 0 2.80962e-39
1.52278e-13 0 2.80962e-39
1.52963e-13 0 2.80962e-39
1.53652e-13 0 2.80962e-39
1.54344e-13 0 2.80962e-39
1.5504e-13 0 2.80962e-39
1.55738e-13 0 2.80962e-39
1.56439e-13 0 2.80962e-39
1.57144e-13 0 2.80962e-39
1.57851e-13 0 2.80962e-39
1.58562e-13 0 2.80962e-39
1.59277e-13 0 2.80962e-39
1.59994e-13 0 2.80962e-39
1.60714e-13 0 2.80962e-39
1.61438e-13 0 2.80962e-39
1.62165e-13 0 2.80962e-39
1.62896e-13 0 2.80962e-39
1.63629e-13 0 2.80962e-39
1.64366e-13 0 2.80962e-39
1.65106e-13 0 2.80962e-39
1.6585e-13 0 2.80962e-39
1.66597e-13 0 2.80962e-39
1.67347e-13 0 2.80962e-39
1.68101e-13 0 2.80962e-39
1.68858e-13 0 2.80962e-39
1.69619e-13 0 2.80962e-39
1.70382e-13 0 2.80962e-39
1.7115e-13 0 2.80962e-39
1.71921e-13 0 2.80962e-39
1.72695e-13 0 2.80962e-39
1.73473e-13 0 2.80962e-39
1.74254e-13 0 2.80962e-39
1.75039e-13 0 2.80962e-39
1.75827e-13 0 2.80962e-39
1.76619e-13 0 2.80962e-39
1.77414e-13 0 2.80962e-39
1.78213e-13 0 2.80962e-39
1.79016e-13 0 2.80962e-39
1.79822e-13 0 2.80962e-39
1.80632e-13 0 2.80962e-39
1.81446e-13 0 2.80962e-39
1.82263e-13 0 2.80962e-39
1.83084e-13 0 2.80962e-39
1.83908e-13 0 2.80962e-39
1.84736e-13 0 2.80962e-39
1.85568e-13 0 2.80962e-39
1.86404e-13 0 2.80962e-39
1.87244e-13 0 2.80962e-39
1.88087e-13 0 2.80962e-39
1.88934e-13 0 2.80962e-39
1.89785e-13 0 2.80962e-39
1.9064e-13 0 2.80962e-39
1.91498e-13 0 2.80962e-39
1.92361e-13 0 2.80962e-39
1.93227e-13 0 2.80962e-39
1.94097e-13 0 2.80962e-39
1.94972e-13 0 2.80962e-39
1.9585e-13 0 2.80962e-39
1.96732e-13 0 2.80962e-39
1.97618e-13 0 2.80962e-39
1.98508e-13 0 2.80962e-39
1.99402e-13 0 2.80962e-39
2.003e-13 0 2.80962e-39
2.01202e-13 0 2.80962e-39
2.02108e-13 0 2.80962e-39
2.03018e-13 0 2.80962e-39
2.03933e-13 0 2.80962e-39
2.04851e-13 0 2.80962e-39
2.05774e-13 0 2.80962e-39
2.067e-13 0 2.80962e-39
2.07631e-13 0 2.80962e-39
2.08566e-13 0 2.80962e-39
2.09506e-13 0 2.80962e-39
2.10449e-13 0 2.80962e-39
2.11397e-13 0 2.80962e-39
2.12349e-13 0 2.80962e-39
2.13306e-13 0 2.80962e-39
2.14266e-13 0 2.80962e-39
2.15231e-13 0 2.80962e-39
2.16201e-13 0 2.80962e-39
2.17174e-13 0 2.80962e-39
2.18152e-13 0 2.80962e-39
2.19135e-13 0 2.80962e-39
2.20122e-13 0 2.80962e-39
2.21113e-13 0 2.80962e-39
2.22109e-13 0 2.80962e-39
2.23109e-13 0 2.80962e-39
2.24114e-13 0 2.80962e-39
2.25123e-13 0 2.80962e-39
2.26137e-13 0 2.80962e-39
2.27156e-13 0 2.80962e-39
2.28179e-13 0 2.80962e-39
2.29206e-13 0 2.80962e-39
2.30239e-13 0 2.80962e-39
2.31276e-13 0 2.80962e-39
2.32317e-13 0 2.80962e-39
2.33364e-13 0 2.80962e-39
2.34415e-13 0 2.80962e-39
2.3547e-13 0 2.80962e-39
2.36531e-13 0 2.80962e-39
2.37596e-13 0 2.80962e-39
2.38666e-13 0 2.80962e-39
2.39741e-13 0 2.80962e-39
2.40821e-13 0 2.80962e-39
2.41905e-13 0 2.80962e-39
2.42995e-13 0 2.80962e-39
2.44089e-13 0 2.80962e-39
2.45188e-13 0 2.80962e-39
2.46293e-13 0 2.80962e-39
2.47402e-13 0 2.80962e-39
2.48516e-13 0 2.80962e-39
2.49635e-13 0 2.80962e-39
2.5076e-13 0 2.80962e-39
2.51889e-13 0 2.80962e-39
2.53023e-13 0 2.80962e-39
2.54163e-13 0 2.80962e-39
2.55308e-13 0 2.80962e-39
2.56458e-13 0 2.80962e-39
2.57613e-13 0 2.80962e-39
2.58773e-13 0 2.80962e-39
2.59938e-13 0 2.80962e-39
2.61109e-13 0 2.80962e-39
2.62285e-13 0 2.80962e-39
2.63466e-13 0 2.80962e-39
2.64653e-13 0 2.80962e-39
2.65845e-13 0 2.80962e-39
2.67042e-13 0 2.80962e-39
2.68245e-13 0 2.80962e-39
2.69453e-13 0 2.80962e-39
2.70666e-13 0 2.80962e-39
2.71885e-13 0 2.80962e-39
2.7311e-13 0 2.80962e-39
2.7434e-13 0 2.80962e-39
2.75575e-13 0 2.80962e-39
2.76816e-13 0 2.80962e-39
2.78063e-13 0 2.80962e-39
2.79315e-13 0 2.80962e-39
2.80573e-13 0 2.80962e-39
2.81837e-13 0 2.80962e-39
2.83106e-13 0 2.80962e-39
2.84381e-13 0 2.80962e-39
2.85662e-13 0 2.80962e-39
2.86949e-13 0 2.80962e-39
2.88241e-13 0 2.80962e-39
2.89539e-13 0 2.80962e-39
2.90843e-13 0 2.80962e-39
2.92153e-13 0 2.80962e-39
2.93469e-13 0 2.80962e-39
2.9479e-13 0 2.80962e-39
2.96118e-13 0 2.80962e-39
2.97452e-13 0 2.80962e-39
2.98791e-13 0 2.80962e-39
3.00137e-13 0 2.80962e-39
3.01489e-13 0 2.80962e-39
3.02847e-13 0 2.80962e-39
3.0421e-13 0 2.80962e-39
3.05581e-13 0 2.80962e-39
3.06957e-13 0 2.80962e-39
3.08339e-13 0 2.80962e-39
3.09728e-13 0 2.80962e-39
3.11123e-13 0 2.80962e-39
3.12524e-13 0 2.80962e-39
3.13932e-13 0 2.80962e-39
3.15345e-13 0 2.80962e-39
3.16766e-13 0 2.80962e-39
3.18192e-13 0 2.80962e-39
3.19625e-13 0 2.80962e-39
3.21065e-13 0 2.80962e-39
3.22511e-13 0 2.80962e-39
3.23963e-13 0 2.80962e-39
3.25422e-13 0 2.80962e-39
3.26888e-13 0 2.80962e-39
3.2836e-13 0 2.80962e-39
3.29839e-13 0 2.80962e-39
3.31324e-13 0 2.80962e-39
3.32817e-13 0 2.80962e-39
3.34316e-13 0 2.80962e-39
3.35821e-13 0 2.80962e-39
3.37334e-13 0 2.80962e-39
3.38853e-13 0 2.80962e-39
3.40379e-13 0 2.80962e-39
3.41912e-13 0 2.80962e-39
3.43452e-13 0 2.80962e-39
3.44999e-13 0 2.80962e-39
3.46552e-13 0 2.80962e-39
3.48113e-13 0 2.80962e-39
3.49681e-13 0 2.80962e-39
3.51256e-13 0 2.80962e-39
3.52838e-13 0 2.80962e-39
3.54427e-13 0 2.80962e-39
3.56023e-13 0 2.80962e-39
3.57627e-13 0 2.80962e-39
3.59237e-13 0 2.80962e-39
3.60855e-13 0 2.80962e-39
3.6248e-13 0 2.80962e-39
3.64113e-13 0 2.80962e-39
3.65753e-13 0 2.80962e-39
3.674e-13 0 2.80962e-39
3.69055e-13 0 2.80962e-39
3.70717e-13 0 2.80962e-39
3.72386e-13 0 2.80962e-39
3.74063e-13 0 2.80962e-39
3.75748e-13 0 2.80962e-39
3.7744e-13 0 2.80962e-39
3.7914e-13 0 2.80962e-39
3.80848e-13 0 2.80962e-39
3.82563e-13 0 2.80962e-39
3.84286e-13 0 2.80962e-39
3.86017e-13 0 2.80962e-39
3.87755e-13 0 2.80962e-39
3.89502e-13 0 2.80962e-39
3.91256e-13 0 2.80962e-39
3.93018e-13 0 2.80962e-39
3.94788e-13 0 2.80962e-39
3.96566e-13 0 2.80962e-39
3.98352e-13 0 2.80962e-39
4.00146e-13 0 2.80962e-39
4.01948e-13 0 2.80962e-39
4.03758e-13 0 2.80962e-39
4.05577e-13 0 2.80962e-39
4.07403e-13 0 2.80962e-39
4.09238e-13 0 2.80962e-39
4.11081e-13 0 2.80962e-39
4.12933e-13 0 2.80962e-39
4.14792e-13 0 2.80962e-39
4.16661e-13 0 2.80962e-39
4.18537e-13 0 2.80962e-39
4.20422e-13 0 2.80962e-39
4.22315e-13 0 2.80962e-39
4.24217e-13 0 2.80962e-39
4.26128e-13 0 2.80962e-39
4.28047e-13 0 2.80962e-39
4.29975e-13 0 2.80962e-39
4.31911e-13 0 2.80962e-39
4.33857e-13 0 2.80962e-39
4.35811e-13 0 2.80962e-39
4.37773e-13 0 2.80962e-39
4.39745e-13 0 2.80962e-39
4.41725e-13 0 2.80962e-39
4.43715e-13 0 2.80962e-39
4.45713e-13 0 2.80962e-39
4.47721e-13 0 2.80962e-39
4.49737e-13 0 2.80962e-39
4.51762e-13 0 2.80962e-39
4.53797e-13 0 2.80962e-39
4.55841e-13 0 2.80962e-39
4.57894e-13 0 2.80962e-39
4.59956e-13 0 2.80962e-39
4.62028e-13 0 2.80962e-39
4.64108e-13 0 2.80962e-39
4.66199e-13 0 2.80962e-39
4.68298e-13 0 2.80962e-39
4.70407e-13 0 2.80962e-39
4.72526e-13 0 2.80962e-39
4.74654e-13 0 2.80962e-39
4.76792e-13 0 2.80962e-39
4.78939e-13 0 2.80962e-39
4.81096e-13 0 2.80962e-39
4.83263e-13 0 2.80962e-39
4.85439e-13 0 2.80962e-39
4.87626e-13 0 2.80962e-39
4.89822e-13 0 2.80962e-39
4.92028e-13 0 2.80962e-39
4.94244e-13 0 2.80962e-39
4.9647e-13 0 2.80962e-39
4.98705e-13 0 2.80962e-39
5.00952e-13 0 2.80962e-39
5.03208e-13 0 2.80962e-39
5.05474e-13 0 2.80962e-39
5.0775e-13 0 2.80962e-39
5.10037e-13 0 2.80962e-39
5.12334e-13 0 2.80962e-39
5.14642e-13 0 2.80962e-39
5.16959e-13 0 2.80962e-39
5.19288e-13 0 2.80962e-39
5.21626e-13 0 2.80962e-39
5.23976e-13 0 2.80962e-39
5.26336e-13 0 2.80962e-39
5.28706e-13 0 2.80962e-39
5.31087e-13 0 2.80962e-39
5.33479e-13 0 2.80962e-39
5.35882e-13 0 2.80962e-39
5.38295e-13 0 2.80962e-39
5.40719e-13 0 2.80962e-39
5.43155e-13 0 2.80962e-39
5.45601e-13 0 2.80962e-39
5.48058e-13 0 2.80962e-39
5.50526e-13 0 2.80962e-39
5.53006e-13 0 2.80962e-39
5.55496e-13 0 2.80962e-39
5.57998e-13 0 2.80962e-39
5.60511e-13 0 2.80962e-39
5.63036e-13 0 2.80962e-39
5.65571e-13 0 2.80962e-39
5.68119e-13 0 2.80962e-39
5.70677e-13 0 2.80962e-39
5.73247e-13 0 2.80962e-39
5.75829e-13 0 2.80962e-39
5.78422e-13 0 2.80962e-39
5.81027e-13 0 2.80962e-39
5.83644e-13 0 2.80962e-39
5.86273e-13 0 2.80962e-39
5.88913e-13 0 2.80962e-39
5.91566e-13 0 2.80962e-39
5.9423e-13 0 2.80962e-39
5.96906e-13 0 2.80962e-39
5.99594e-13 0 2.80962e-39
6.02295e-13 0 2.80962e-39
6.05007e-13 0 2.80962e-39
6.07732e-13 0 2.80962e-39
6.10469e-13 0 2.80962e-39
6.13218e-13 0 2.80962e-39
6.1598e-13 0 2.80962e-39
6.18754e-13 0 2.80962e-39
6.21541e-13 0 2.80962e-39
6.2434e-13 0 2.80962e-39
6.27152e-13 0 2.80962e-39
6.29977e-13 0 2.80962e-39
6.32814e-13 0 2.80962e-39
6.35664e-13 0 2.80962e-39
6.38527e-13 0 2.80962e-39
6.41403e-13 0 2.80962e-39
6.44291e-13 0 2.80962e-39
6.47193e-13 0 2.80962e-39
6.50108e-13 0 2.80962e-39
6.53036e-13 0 2.80962e-39
6.55977e-13 0 2.80962e-39
6.58931e-13 0 2.80962e-39
6.61899e-13 0 2.80962e-39
6.6488e-13 0 2.80962e-39
6.67874e-13 0 2.80962e-39
6.70882e-13 0 2.80962e-39
6.73903e-13 0 2.80962e-39
6.76938e-13 0 2.80962e-39
6.79987e-13 0 2.80962e-39
6.8305e-13 0 2.80962e-39
6.86126e-13 0 2.80962e-39
6.89216e-13 0 2.80962e-39
6.9232e-13 0 2.80962e-39
6.95438e-13 0 2.80962e-39
6.9857e-13 0 2.80962e-39
7.01716e-13 0 2.80962e-39
7.04877e-13 0 2.80962e-39
7.08051e-13 0 2.80962e-39
7.1124e-13 0 2.80962e-39
7.14443e-13 0 2.80962e-39
7.17661e-13 0 2.80962e-39
7.20893e-13 0 2.80962e-39
7.2414e-13 0 2.80962e-39
7.27401e-13 0 2.80962e-39
7.30677e-13 0 2.80962e-39
7.33968e-13 0 2.80962e-39
7.37273e-13 0 2.80962e-39
7.40594e-13 0 2.80962e-39
7.43929e-13 0 2.80962e-39
7.4728e-13 0 2.80962e-39
7.50645e-13 0 2.80962e-39
7.54026e-13 0 2.80962e-39
7.57422e-13 0 2.80962e-39
7.60833e-13 0 2.80962e-39
7.6426e-13 0 2.80962e-39
7.67702e-13 0 2.80962e-39
7.71159e-13 0 2.80962e-39
7.74632e-13 0 2.80962e-39
7.78121e-13 0 2.80962e-39
7.81625e-13 0 2.80962e-39
7.85146e-13 0 2.80962e-39
7.88682e-13 0 2.80962e-39
7.92234e-13 0 2.80962e-39
7.95802e-13 0 2.80962e-39
7.99386e-13 0 2.80962e-39
8.02986e-13 0 2.80962e-39
8.06602e-13 0 2.80962e-39
8.10235e-13 0 2.80962e-39
8.13884e-13 0 2.80962e-39
8.1755e-13 0 2.80962e-39
8.21232e-13 0 2.80962e-39
8.2493e-13 0 2.80962e-39
8.28645e-13 0 2.80962e-39
8.32377e-13 0 2.80962e-39
8.36126e-13 5.22513e-45 2.80962e-39
8.39892e-13 2.44803e-44 2.80961e-39
8.43674e-13 3.077e-44 2.80959e-39
8.47474e-13 4.12002e-44 2.80956e-39
8.51291e-13 5.26105e-44 2.80951e-39
8.55125e-13 7.60915e-44 2.80946e-39
8.58976e-13 1.171e-43 2.80939e-39
8.62845e-13 1.63936e-43 2.80927e-39
8.66731e-13 2.23141e-43 2.8091e-39
8.70634e-13 2.82666e-43 2.80888e-39
8.74555e-13 3.28544e-43 2.8086e-39
8.78494e-13 4.04087e-43 2.80827e-39
8.82451e-13 4.65101e-43 2.80787e-39
8.86425e-13 5.26249e-43 2.8074e-39
8.90417e-13 5.92912e-43 2.80687e-39
8.94427e-13 6.68107e-43 2.80628e-39
8.98455e-13 7.19998e-43 2.80561e-39
9.02502e-13 7.84719e-43 2.80489e-39
9.06566e-13 8.39445e-43 2.80411e-39
9.10649e-13 8.95591e-43 2.80327e-39
9.14751e-13 9.44348e-43 2.80237e-39
9.1887e-13 1.01296e-42 2.80143e-39
9.23009e-13 1.05657e-42 2.80042e-39
9.27166e-13 1.11482e-42 2.79936e-39
9.31341e-13 1.18095e-42 2.79825e-39
9.35536e-13 1.22538e-42 2.79706e-39
9.39749e-13 1.27056e-42 2.79584e-39
9.43982e-13 1.31341e-42 2.79457e-39
9.48233e-13 1.3956e-42 2.79326e-39
9.52504e-13 1.46069e-42 2.79186e-39
9.56793e-13 1.5336e-42 2.7904e-39
9.61103e-13 1.60222e-42 2.78887e-39
9.65431e-13 1.65434e-42 2.78726e-39
9.69779e-13 1.72439e-42 2.78561e-39
9.74147e-13 1.79049e-42 2.78388e-39
9.78534e-13 1.83712e-42 2.78209e-39
9.82941e-13 1.91219e-42 2.78026e-39
9.87368e-13 1.9606e-42 2.77834e-39
9.91815e-13 2.04824e-42 2.77638e-39
9.96282e-13 2.12529e-42 2.77434e-39
1.00077e-12 2.18463e-42 2.77221e-39
1.00528e-12 2.23992e-42 2.77003e-39
1.0098e-12 2.31477e-42 2.76779e-39
1.01435e-12 2.39572e-42 2.76547e-39
1.01892e-12 2.47992e-42 2.76308e-39
1.02351e-12 2.55345e-42 2.7606e-39
1.02812e-12 2.63556e-42 2.75804e-39
1.03275e-12 2.73149e-42 2.75541e-39
1.0374e-12 2.84306e-42 2.75267e-39
1.04207e-12 2.91933e-42 2.74983e-39
1.04676e-12 2.9995e-42 2.74691e-39
1.05148e-12 3.07793e-42 2.74391e-39
1.05621e-12 3.12509e-42 2.74083e-39
1.06097e-12 3.20988e-42 2.73771e-39
1.06575e-12 3.29679e-42 2.7345e-39
1.07055e-12 3.35287e-42 2.7312e-39
1.07537e-12 3.41985e-42 2.72785e-39
1.08021e-12 3.47686e-42 2.72443e-39
1.08508e-12 3.50653e-42 2.72095e-39
1.08997e-12 3.58797e-42 2.71745e-39
1.09487e-12 3.65422e-42 2.71386e-39
1.09981e-12 3.70624e-42 2.7102e-39
1.10476e-12 3.73334e-42 2.7065e-39
1.10973e-12 3.79588e-42 2.70277e-39
1.11473e-12 3.83113e-42 2.69897e-39
1.11975e-12 3.86659e-42 2.69514e-39
1.1248e-12 3.92422e-42 2.69127e-39
1.12986e-12 4.0055e-42 2.68735e-39
1.13495e-12 4.08481e-42 2.68334e-39
1.14006e-12 4.16583e-42 2.67926e-39
1.1452e-12 4.20594e-42 2.67509e-39
1.15035e-12 4.29023e-42 2.67089e-39
1.15553e-12 4.34844e-42 2.6666e-39
1.16074e-12 4.40137e-42 2.66225e-39
1.16597e-12 4.46853e-42 2.65785e-39
1.17122e-12 4.50859e-42 2.65338e-39
1.17649e-12 4.53514e-42 2.64887e-39
1.18179e-12 4.58832e-42 2.64433e-39
1.18711e-12 4.6708e-42 2.63974e-39
1.19246e-12 4.71065e-42 2.63507e-39
1.19783e-12 4.79286e-42 2.63036e-39
1.20323e-12 4.86412e-42 2.62557e-39
1.20864e-12 4.95691e-42 2.62071e-39
1.21409e-12 5.04465e-42 2.61575e-39
1.21956e-12 5.10978e-42 2.6107e-39
1.22505e-12 5.16675e-42 2.6056e-39
1.23057e-12 5.21172e-42 2.60043e-39
1.23611e-12 5.31734e-42 2.59522e-39
1.24167e-12 5.45221e-42 2.5899e-39
1.24727e-12 5.55648e-42 2.58445e-39
1.25288e-12 5.66926e-42 2.57889e-39
1.25853e-12 5.79665e-42 2.57322e-39
1.26419e-12 5.92022e-42 2.56742e-39
1.26989e-12 6.09404e-42 2.5615e-39
1.27561e-12 6.22262e-42 2.55541e-39
1.28135e-12 6.3458e-42 2.54919e-39
1.28712e-12 6.50607e-42 2.54284e-39
1.29292e-12 6.69731e-42 2.53634e-39
1.29874e-12 6.82851e-42 2.52964e-39
1.30459e-12 6.95164e-42 2.52281e-39
1.31047e-12 7.1011e-42 2.51586e-39
1.31637e-12 7.23227e-42 2.50876e-39
1.3223e-12 7.3679e-42 2.50153e-39
1.32825e-12 7.49915e-42 2.49416e-39
1.33424e-12 7.62147e-42 2.48666e-39
1.34024e-12 7.7425e-42 2.47904e-39
1.34628e-12 7.86991e-42 2.47129e-39
1.35234e-12 7.97768e-42 2.46342e-39
1.35843e-12 8.07942e-42 2.45545e-39
1.36455e-12 8.19785e-42 2.44737e-39
1.3707e-12 8.26716e-42 2.43917e-39
1.37687e-12 8.33632e-42 2.4309e-39
1.38307e-12 8.42498e-42 2.42257e-39
1.3893e-12 8.4669e-42 2.41414e-39
1.39556e-12 8.50375e-42 2.40567e-39
1.40184e-12 8.56591e-42 2.39717e-39
1.40816e-12 8.6385e-42 2.3886e-39
1.4145e-12 8.67761e-42 2.37997e-39
1.42087e-12 8.7275e-42 2.37129e-39
1.42727e-12 8.79605e-42 2.36256e-39
1.4337e-12 8.82313e-42 2.35376e-39
1.44015e-12 8.88084e-42 2.34494e-39
1.44664e-12 8.93575e-42 2.33606e-39
1.45315e-12 8.99096e-42 2.32712e-39
1.4597e-12 9.02109e-42 2.31813e-39
1.46627e-12 9.05529e-42 2.30911e-39
1.47288e-12 9.10071e-42 2.30006e-39
1.47951e-12 9.16381e-42 2.29096e-39
1.48617e-12 9.23915e-42 2.28179e-39
1.49287e-12 9.30761e-42 2.27255e-39
1.49959e-12 9.37298e-42 2.26325e-39
1.50634e-12 9.42368e-42 2.25387e-39
1.51313e-12 9.50155e-42 2.24445e-39
1.51994e-12 9.54746e-42 2.23495e-39
1.52679e-12 9.59681e-42 2.2254e-39
1.53366e-12 9.64701e-42 2.2158e-39
1.54057e-12 9.68374e-42 2.20616e-39
1.54751e-12 9.70299e-42 2.19647e-39
1.55448e-12 9.77349e-42 2.18677e-39
1.56148e-12 9.78058e-42 2.177e-39
1.56851e-12 9.82064e-42 2.16722e-39
1.57558e-12 9.82868e-42 2.1574e-39
1.58267e-12 9.8623e-42 2.14757e-39
1.5898e-12 9.87721e-42 2.1377e-39
1.59696e-12 9.9204e-42 2.12783e-39
1.60415e-12 9.9438e-42 2.11791e-39
1.61138e-12 9.9641e-42 2.10796e-39
1.61864e-12 9.96605e-42 2.098e-39
1.62592e-12 9.97247e-42 2.08803e-39
1.63325e-12 1.00144e-41 2.07806e-39
1.6406e-12 1.00225e-41 2.06805e-39
1.64799e-12 1.0019e-41 2.05802e-39
1.65541e-12 1.00145e-41 2.048e-39
1.66287e-12 1.00089e-41 2.03799e-39
1.67036e-12 1.00208e-41 2.02798e-39
1.67788e-12 1.0022e-41 2.01796e-39
1.68544e-12 1.00197e-41 2.00794e-39
1.69303e-12 1.00433e-41 1.99792e-39
1.70065e-12 1.00416e-41 1.98788e-39
1.70831e-12 1.00354e-41 1.97783e-39
1.71601e-12 1.00487e-41 1.9678e-39
1.72374e-12 1.00418e-41 1.95775e-39
1.7315e-12 1.00403e-41 1.94771e-39
1.7393e-12 1.00491e-41 1.93767e-39
1.74713e-12 1.00456e-41 1.92762e-39
1.755e-12 1.00531e-41 1.91757e-39
1.7629e-12 1.00407e-41 1.90752e-39
1.77084e-12 1.00792e-41 1.89748e-39
1.77882e-12 1.00903e-41 1.8874e-39
1.78683e-12 1.00702e-41 1.87731e-39
1.79488e-12 1.0113e-41 1.86724e-39
1.80296e-12 1.01544e-41 1.85713e-39
1.81108e-12 1.01501e-41 1.84697e-39
1.81924e-12 1.01516e-41 1.83682e-39
1.82743e-12 1.01964e-41 1.82667e-39
1.83566e-12 1.01876e-41 1.81647e-39
1.84393e-12 1.0173e-41 1.80629e-39
1.85223e-12 1.01857e-41 1.79611e-39
1.86057e-12 1.01589e-41 1.78593e-39
1.86895e-12 1.016e-41 1.77577e-39
1.87737e-12 1.01644e-41 1.76561e-39
1.88583e-12 1.01669e-41 1.75544e-39
1.89432e-12 1.01554e-41 1.74528e-39
1.90285e-12 1.01352e-41 1.73512e-39
1.91142e-12 1.02004e-41 1.72499e-39
1.92003e-12 1.01982e-41 1.71479e-39
1.92868e-12 1.02195e-41 1.70459e-39
1.93736e-12 1.02415e-41 1.69437e-39
1.94609e-12 1.02476e-41 1.68413e-39
1.95485e-12 1.02653e-41 1.67388e-39
1.96366e-12 1.02872e-41 1.66361e-39
1.9725e-12 1.03209e-41 1.65333e-39
1.98138e-12 1.03186e-41 1.64301e-39
1.99031e-12 1.0316e-41 1.63269e-39
1.99927e-12 1.03305e-41 1.62237e-39
2.00827e-12 1.03303e-41 1.61204e-39
2.01732e-12 1.03047e-41 1.60171e-39
2.0264e-12 1.02874e-41 1.59141e-39
2.03553e-12 1.02937e-41 1.58112e-39
2.0447e-12 1.02558e-41 1.57082e-39
2.05391e-12 1.02607e-41 1.56057e-39
2.06316e-12 1.02802e-41 1.55031e-39
2.07245e-12 1.02847e-41 1.54003e-39
2.08178e-12 1.02505e-41 1.52974e-39
2.09116e-12 1.02933e-41 1.51949e-39
2.10058e-12 1.02947e-41 1.5092e-39
2.11004e-12 1.02607e-41 1.4989e-39
2.11954e-12 1.0255e-41 1.48864e-39
2.12909e-12 1.02601e-41 1.47839e-39
2.13867e-12 1.02204e-41 1.46813e-39
2.14831e-12 1.02538e-41 1.45791e-39
2.15798e-12 1.02314e-41 1.44765e-39
2.1677e-12 1.02048e-41 1.43742e-39
2.17746e-12 1.01994e-41 1.42722e-39
2.18727e-12 1.01937e-41 1.41702e-39
2.19712e-12 1.01901e-41 1.40683e-39
2.20702e-12 1.01934e-41 1.39664e-39
2.21696e-12 1.01861e-41 1.38644e-39
2.22694e-12 1.01757e-41 1.37626e-39
2.23697e-12 1.01461e-41 1.36608e-39
2.24704e-12 1.01028e-41 1.35593e-39
2.25716e-12 1.00564e-41 1.34583e-39
2.26733e-12 1.00407e-41 1.33578e-39
2.27754e-12 1.00132e-41 1.32573e-39
2.2878e-12 9.97438e-42 1.31572e-39
2.2981e-12 9.94201e-42 1.30575e-39
2.30845e-12 9.94906e-42 1.2958e-39
2.31885e-12 9.93461e-42 1.28586e-39
2.32929e-12 9.92584e-42 1.27592e-39
2.33978e-12 9.89259e-42 1.266e-39
2.35032e-12 9.84101e-42 1.2561e-39
2.36091e-12 9.79407e-42 1.24626e-39
2.37154e-12 9.75955e-42 1.23647e-39
2.38222e-12 9.76703e-42 1.22671e-39
2.39295e-12 9.72152e-42 1.21694e-39
2.40373e-12 9.6857e-42 1.20722e-39
2.41455e-12 9.67446e-42 1.19753e-39
2.42543e-12 9.62633e-42 1.18786e-39
2.43635e-12 9.58161e-42 1.17823e-39
2.44732e-12 9.58818e-42 1.16865e-39
2.45834e-12 9.55534e-42 1.15906e-39
2.46942e-12 9.50477e-42 1.14951e-39
2.48054e-12 9.47624e-42 1.14e-39
2.49171e-12 9.44983e-42 1.13053e-39
2.50293e-12 9.43064e-42 1.12108e-39
2.5142e-12 9.39543e-42 1.11165e-39
2.52553e-12 9.36765e-42 1.10225e-39
2.5369e-12 9.35035e-42 1.09288e-39
2.54833e-12 9.30813e-42 1.08353e-39
2.5598e-12 9.25114e-42 1.07422e-39
2.57133e-12 9.21692e-42 1.06497e-39
2.58291e-12 9.19707e-42 1.05576e-39
2.59454e-12 9.18144e-42 1.04656e-39
2.60623e-12 9.13422e-42 1.03738e-39
2.61797e-12 9.09507e-42 1.02824e-39
2.62976e-12 9.04199e-42 1.01915e-39
2.6416e-12 9.0199e-42 1.01011e-39
2.6535e-12 8.96742e-42 1.00109e-39
2.66545e-12 8.91286e-42 9.9212e-40
2.67745e-12 8.84256e-42 9.83207e-40
2.68951e-12 8.78659e-42 9.74364e-40
2.70162e-12 8.72394e-42 9.65578e-40
2.71379e-12 8.6794e-42 9.56854e-40
2.72601e-12 8.62862e-42 9.48174e-40
2.73829e-12 8.56925e-42 9.39546e-40
2.75062e-12 8.50269e-42 9.30977e-40
2.76301e-12 8.44024e-42 9.22474e-40
2.77546e-12 8.39734e-42 9.14034e-40
2.78796e-12 8.35169e-42 9.05636e-40
2.80051e-12 8.29004e-42 8.97285e-40
2.81312e-12 8.23029e-42 8.88995e-40
2.82579e-12 8.16155e-42 8.80764e-40
2.83852e-12 8.1066e-42 8.72603e-40
2.8513e-12 8.03879e-42 8.64496e-40
2.86415e-12 7.97149e-42 8.56457e-40
2.87705e-12 7.90469e-42 8.48486e-40
2.89e-12 7.84632e-42 8.40581e-40
2.90302e-12 7.78047e-42 8.32735e-40
2.91609e-12 7.71512e-42 8.24954e-40
2.92923e-12 7.65027e-42 8.17239e-40
2.94242e-12 7.59183e-42 8.09589e-40
2.95567e-12 7.52791e-42 8.01997e-40
2.96898e-12 7.46447e-42 7.94469e-40
2.98235e-12 7.40151e-42 7.87005e-40
2.99578e-12 7.33903e-42 7.79603e-40
3.00928e-12 7.27702e-42 7.72264e-40
3.02283e-12 7.21549e-42 7.64987e-40
3.03644e-12 7.15443e-42 7.57772e-40
3.05012e-12 7.10012e-42 7.50617e-40
3.06386e-12 7.03993e-42 7.43517e-40
3.07765e-12 6.9802e-42 7.36477e-40
3.09152e-12 6.92093e-42 7.29497e-40
3.10544e-12 6.86211e-42 7.22576e-40
3.11942e-12 6.80373e-42 7.15714e-40
3.13347e-12 6.74581e-42 7.0891e-40
3.14759e-12 6.68833e-42 7.02164e-40
3.16176e-12 6.63128e-42 6.95476e-40
3.176e-12 6.57468e-42 6.88845e-40
3.19031e-12 6.51851e-42 6.8227e-40
3.20467e-12 6.46276e-42 6.75752e-40
3.21911e-12 6.40745e-42 6.69289e-40
3.2336e-12 6.35256e-42 6.62881e-40
3.24817e-12 6.2981e-42 6.56529e-40
3.2628e-12 6.24405e-42 6.50231e-40
3.27749e-12 6.19042e-42 6.43987e-40
3.29225e-12 6.1372e-42 6.37796e-40
3.30708e-12 6.08439e-42 6.31659e-40
3.32197e-12 6.03199e-42 6.25575e-40
3.33693e-12 5.98e-42 6.19543e-40
3.35196e-12 5.9284e-42 6.13563e-40
3.36706e-12 5.8772e-42 6.07634e-40
3.38222e-12 5.8264e-42 6.01757e-40
3.39746e-12 5.776e-42 5.95931e-40
3.41276e-12 5.72598e-42 5.90155e-40
3.42813e-12 5.67635e-42 5.84429e-40
3.44357e-12 5.6271e-42 5.78752e-40
3.45908e-12 5.57824e-42 5.73125e-40
3.47465e-12 5.52976e-42 5.67547e-40
3.4903e-12 5.48165e-42 5.62017e-40
3.50602e-12 5.43392e-42 5.56536e-40
3.52181e-12 5.38655e-42 5.51102e-40
3.53767e-12 5.33956e-42 5.45715e-40
3.55361e-12 5.29293e-42 5.40376e-40
3.56961e-12 5.24667e-42 5.35083e-40
3.58569e-12 5.20077e-42 5.29836e-40
3.60184e-12 5.15522e-42 5.24635e-40
3.61806e-12 5.11003e-42 5.1948e-40
3.63435e-12 5.0652e-42 5.1437e-40
3.65072e-12 5.02072e-42 5.09305e-40
3.66716e-12 4.97658e-42 5.04284e-40
3.68368e-12 4.93279e-42 4.99307e-40
3.70027e-12 4.88934e-42 4.94375e-40
3.71693e-12 4.84624e-42 4.89485e-40
3.73367e-12 4.80347e-42 4.84639e-40
3.75049e-12 4.76104e-42 4.79836e-40
3.76738e-12 4.71894e-42 4.75075e-40
3.78435e-12 4.67717e-42 4.70356e-40
3.80139e-12 4.63573e-42 4.65678e-40
3.81851e-12 4.59462e-42 4.61043e-40
3.83571e-12 4.55384e-42 4.56448e-40
3.85298e-12 4.51337e-42 4.51894e-40
3.87034e-12 4.47323e-42 4.47381e-40
3.88777e-12 4.4334e-42 4.42908e-40
3.90528e-12 4.39388e-42 4.38474e-40
3.92286e-12 4.35468e-42 4.3408e-40
3.94053e-12 4.31579e-42 4.29726e-40
3.95828e-12 4.27721e-42 4.2541e-40
3.97611e-12 4.23894e-42 4.21133e-40
3.99401e-12 4.20097e-42 4.16894e-40
4.012e-12 4.1633e-42 4.12693e-40
4.03007e-12 4.12593e-42 4.0853e-40
4.04822e-12 4.08886e-42 4.04404e-40
4.06645e-12 4.05208e-42 4.00315e-40
4.08477e-12 4.0156e-42 3.96263e-40
4.10316e-12 3.97941e-42 3.92247e-40
4.12164e-12 3.9435e-42 3.88268e-40
4.1402e-12 3.90789e-42 3.84324e-40
4.15885e-12 3.87255e-42 3.80416e-40
4.17758e-12 3.83751e-42 3.76544e-40
4.1964e-12 3.80274e-42 3.72706e-40
4.2153e-12 3.76825e-42 3.68903e-40
4.23428e-12 3.73404e-42 3.65135e-40
4.25335e-12 3.7001e-42 3.61401e-40
4.27251e-12 3.66644e-42 3.57701e-40
4.29175e-12 3.63304e-42 3.54035e-40
4.31108e-12 3.59992e-42 3.50402e-40
4.33049e-12 3.56706e-42 3.46802e-40
4.35e-12 3.53447e-42 3.43235e-40
4.36959e-12 3.50214e-42 3.397e-40
4.38927e-12 3.47007e-42 3.36198e-40
4.40903e-12 3.43826e-42 3.32728e-40
4.42889e-12 3.40671e-42 3.2929e-40
4.44884e-12 3.37542e-42 3.25883e-40
4.46887e-12 3.34437e-42 3.22508e-40
4.489e-12 3.31358e-42 3.19163e-40
4.50922e-12 3.28304e-42 3.1585e-40
4.52953e-12 3.25275e-42 3.12567e-40
4.54993e-12 3.22271e-42 3.09314e-40
4.57042e-12 3.19291e-42 3.06091e-40
4.591e-12 3.16335e-42 3.02898e-40
4.61168e-12 3.13403e-42 2.99735e-40
4.63245e-12 3.10495e-42 2.96601e-40
4.65331e-12 3.07612e-42 2.93496e-40
4.67427e-12 3.04751e-42 2.9042e-40
4.69532e-12 3.01914e-42 2.87372e-40
4.71647e-12 2.99101e-42 2.84353e-40
4.73771e-12 2.9631e-42 2.81362e-40
4.75904e-12 2.93542e-42 2.78399e-40
4.78048e-12 2.90797e-42 2.75464e-40
4.80201e-12 2.88075e-42 2.72556e-40
4.82363e-12 2.85375e-42 2.69675e-40
4.84536e-12 2.82697e-42 2.66821e-40
4.86718e-12 2.80042e-42 2.63994e-40
4.8891e-12 2.77408e-42 2.61194e-40
4.91112e-12 2.74796e-42 2.5842e-40
4.93324e-12 2.72206e-42 2.55672e-40
4.95546e-12 2.69637e-42 2.5295e-40
4.97777e-12 2.6709e-42 2.50253e-40
5.00019e-12 2.64563e-42 2.47582e-40
5.02271e-12 2.62058e-42 2.44937e-40
5.04533e-12 2.59573e-42 2.42316e-40
5.06806e-12 2.57109e-42 2.3972e-40
5.09088e-12 2.54666e-42 2.37149e-40
5.11381e-12 2.52243e-42 2.34603e-40
5.13684e-12 2.4984e-42 2.3208e-40
5.15997e-12 2.47457e-42 2.29582e-40
5.18321e-12 2.45094e-42 2.27107e-40
5.20656e-12 2.42751e-42 2.24656e-40
5.23001e-12 2.40428e-42 2.22229e-40
5.25356e-12 2.38124e-42 2.19824e-40
5.27722e-12 2.3584e-42 2.17443e-40
5.30099e-12 2.33574e-42 2.15085e-40
5.32486e-12 2.31328e-42 2.12749e-40
5.34884e-12 2.291e-42 2.10436e-40
5.37293e-12 2.26892e-42 2.08145e-40
5.39713e-12 2.24702e-42 2.05876e-40
5.42144e-12 2.2253e-42 2.03629e-40
5.44586e-12 2.20377e-42 2.01404e-40
5.47038e-12 2.18242e-42 1.992e-40
5.49502e-12 2.16126e-42 1.97017e-40
5.51977e-12 2.14027e-42 1.94856e-40
5.54463e-12 2.11946e-42 1.92716e-40
5.5696e-12 2.09882e-42 1.90596e-40
5.59468e-12 2.07837e-42 1.88498e-40
5.61988e-12 2.05808e-42 1.86419e-40
5.64519e-12 2.03797e-42 1.84361e-40
5.67061e-12 2.01803e-42 1.82323e-40
5.69615e-12 1.99826e-42 1.80305e-40
5.72181e-12 1.97867e-42 1.78307e-40
5.74757e-12 1.95923e-42 1.76328e-40
5.77346e-12 1.93997e-42 1.74369e-40
5.79946e-12 1.92087e-42 1.72429e-40
5.82558e-12 1.90193e-42 1.70508e-40
5.85182e-12 1.88316e-42 1.68606e-40
5.87817e-12 1.86455e-42 1.66723e-40
5.90465e-12 1.8461e-42 1.64858e-40
5.93124e-12 1.82781e-42 1.63012e-40
5.95795e-12 1.80968e-42 1.61185e-40
5.98478e-12 1.7917e-42 1.59375e-40
6.01174e-12 1.77388e-42 1.57583e-40
6.03881e-12 1.75622e-42 1.55809e-40
6.06601e-12 1.7387e-42 1.54053e-40
6.09333e-12 1.72134e-42 1.52314e-40
6.12077e-12 1.70413e-42 1.50593e-40
6.14834e-12 1.68707e-42 1.48889e-40
6.17603e-12 1.67016e-42 1.47202e-40
6.20384e-12 1.6534e-42 1.45532e-40
6.23178e-12 1.63678e-42 1.43878e-40
6.25985e-12 1.62031e-42 1.42241e-40
6.28804e-12 1.60399e-42 1.40621e-40
6.31636e-12 1.5878e-42 1.39017e-40
6.34481e-12 1.57176e-42 1.37429e-40
6.37339e-12 1.55586e-42 1.35858e-40
6.40209e-12 1.5401e-42 1.34302e-40
6.43092e-12 1.52448e-42 1.32762e-40
6.45989e-12 1.50899e-42 1.31237e-40
6.48898e-12 1.49365e-42 1.29728e-40
6.5182e-12 1.47844e-42 1.28235e-40
6.54756e-12 1.46336e-42 1.26756e-40
6.57705e-12 1.44842e-42 1.25293e-40
6.60667e-12 1.43361e-42 1.23844e-40
6.63642e-12 1.41893e-42 1.22411e-40
6.66631e-12 1.40438e-42 1.20992e-40
6.69633e-12 1.38996e-42 1.19587e-40
6.72649e-12 1.37567e-42 1.18197e-40
6.75679e-12 1.36151e-42 1.16822e-40
6.78722e-12 1.34748e-42 1.1546e-40
6.81779e-12 1.33357e-42 1.14113e-40
6.84849e-12 1.31978e-42 1.12779e-40
6.87933e-12 1.30612e-42 1.11459e-40
6.91032e-12 1.29258e-42 1.10153e-40
6.94144e-12 1.27916e-42 1.08861e-40
6.9727e-12 1.26587e-42 1.07582e-40
7.0041e-12 1.25269e-42 1.06316e-40
7.03565e-12 1.23964e-42 1.05063e-40
7.06734e-12 1.2267e-42 1.03823e-40
7.09916e-12 1.21388e-42 1.02597e-40
7.13114e-12 1.20117e-42 1.01383e-40
7.16325e-12 1.18858e-42 1.00182e-40
7.19551e-12 1.1761e-42 9.89931e-41
7.22792e-12 1.16374e-42 9.7817e-41
7.26047e-12 1.15149e-42 9.66532e-41
7.29317e-12 1.13936e-42 9.55017e-41
7.32602e-12 1.12733e-42 9.43624e-41
7.35901e-12 1.11541e-42 9.3235e-41
7.39216e-12 1.10361e-42 9.21196e-41
7.42545e-12 1.09191e-42 9.1016e-41
7.45889e-12 1.08032e-42 8.99241e-41
7.49248e-12 1.06883e-42 8.88438e-41
7.52623e-12 1.05745e-42 8.7775e-41
7.56012e-12 1.04618e-42 8.67175e-41
7.59417e-12 1.03501e-42 8.56713e-41
7.62837e-12 1.02394e-42 8.46363e-41
7.66273e-12 1.01298e-42 8.36124e-41
7.69724e-12 1.00212e-42 8.25994e-41
7.73191e-12 9.91356e-43 8.15973e-41
7.76673e-12 9.80695e-43 8.06059e-41
7.80171e-12 9.70133e-43 7.96252e-41
7.83684e-12 9.59669e-43 7.86551e-41
7.87214e-12 9.49304e-43 7.76954e-41
7.90759e-12 9.39035e-43 7.67461e-41
7.94321e-12 9.28863e-43 7.58071e-41
7.97898e-12 9.18785e-43 7.48782e-41
8.01492e-12 9.08803e-43 7.39594e-41
8.05101e-12 8.98914e-43 7.30506e-41
8.08727e-12 8.89119e-43 7.21517e-41
8.12369e-12 8.79416e-43 7.12626e-41
8.16028e-12 8.69805e-43 7.03832e-41
8.19703e-12 8.60284e-43 6.95134e-41
8.23395e-12 8.50854e-43 6.86531e-41
8.27103e-12 8.41513e-43 6.78022e-41
8.30828e-12 8.32261e-43 6.69607e-41
8.3457e-12 8.23097e-43 6.61285e-41
8.38329e-12 8.1402e-43 6.53054e-41
8.42104e-12 8.0503e-43 6.44914e-41
8.45897e-12 7.96126e-43 6.36863e-41
8.49707e-12 7.87307e-43 6.28902e-41
8.53534e-12 7.78572e-43 6.21029e-41
8.57378e-12 7.69922e-43 6.13243e-41
8.61239e-12 7.61354e-43 6.05544e-41
8.65118e-12 7.52869e-43 5.9793e-41
8.69014e-12 7.44466e-43 5.90402e-41
8.72928e-12 7.36144e-43 5.82957e-41
8.76859e-12 7.27902e-43 5.75596e-41
8.80808e-12 7.1974e-43 5.68317e-41
8.84775e-12 7.11658e-43 5.61119e-41
8.8876e-12 7.03653e-43 5.54003e-41
8.92763e-12 6.95727e-43 5.46966e-41
8.96783e-12 6.87878e-43 5.40009e-41
9.00822e-12 6.80105e-43 5.3313e-41
9.04879e-12 6.72409e-43 5.26329e-41
9.08955e-12 6.64788e-43 5.19605e-41
9.13048e-12 6.57241e-43 5.12957e-41
9.1716e-12 6.49769e-43 5.06385e-41
9.21291e-12 6.4237e-43 4.99887e-41
9.2544e-12 6.35044e-43 4.93463e-41
9.29608e-12 6.2779e-43 4.87113e-41
9.33795e-12 6.20607e-43 4.80835e-41
9.38e-12 6.13496e-43 4.74629e-41
9.42225e-12 6.06456e-43 4.68494e-41
9.46468e-12 5.99485e-43 4.62429e-41
9.50731e-12 5.92583e-43 4.56435e-41
9.55013e-12 5.8575e-43 4.50509e-41
9.59314e-12 5.78986e-43 4.44651e-41
9.63634e-12 5.72289e-43 4.38861e-41
9.67974e-12 5.65659e-43 4.33138e-41
9.72334e-12 5.59095e-43 4.27482e-41
9.76713e-12 5.52597e-43 4.21891e-41
9.81112e-12 5.46165e-43 4.16365e-41
9.8553e-12 5.39797e-43 4.10903e-41
9.89969e-12 5.33493e-43 4.05505e-41
9.94427e-12 5.27253e-43 4.0017e-41
9.98906e-12 5.21077e-43 3.94898e-41
1.0034e-11 5.14962e-43 3.89687e-41
1.00792e-11 5.0891e-43 3.84537e-41
1.01246e-11 5.0292e-43 3.79448e-41
1.01702e-11 4.9699e-43 3.74419e-41
1.0216e-11 4.91121e-43 3.69449e-41
1.0262e-11 4.85312e-43 3.64538e-41
1.03083e-11 4.79562e-43 3.59685e-41
1.03547e-11 4.73871e-43 3.54889e-41
1.04013e-11 4.68239e-43 3.50151e-41
1.04482e-11 4.62665e-43 3.45468e-41
1.04952e-11 4.57148e-43 3.40842e-41
1.05425e-11 4.51687e-43 3.3627e-41
1.059e-11 4.46284e-43 3.31753e-41
1.06377e-11 4.40936e-43 3.2729e-41
1.06856e-11 4.35644e-43 3.22881e-41
1.07337e-11 4.30407e-43 3.18525e-41
1.0782e-11 4.25224e-43 3.14221e-41
1.08306e-11 4.20095e-43 3.09968e-41
1.08794e-11 4.1502e-43 3.05767e-41
1.09284e-11 4.09998e-43 3.01617e-41
1.09776e-11 4.05028e-43 2.97517e-41
1.1027e-11 4.00111e-43 2.93467e-41
1.10767e-11 3.95245e-43 2.89466e-41
1.11266e-11 3.90431e-43 2.85513e-41
1.11767e-11 3.85667e-43 2.81609e-41
1.1227e-11 3.80954e-43 2.77752e-41
1.12776e-11 3.76291e-43 2.73943e-41
1.13284e-11 3.71677e-43 2.7018e-41
1.13794e-11 3.67112e-43 2.66463e-41
1.14307e-11 3.62595e-43 2.62792e-41
1.14821e-11 3.58127e-43 2.59166e-41
1.15338e-11 3.53707e-43 2.55585e-41
1.15858e-11 3.49333e-43 2.52048e-41
1.1638e-11 3.45007e-43 2.48554e-41
1.16904e-11 3.40727e-43 2.45104e-41
1.1743e-11 3.36493e-43 2.41697e-41
1.17959e-11 3.32305e-43 2.38332e-41
1.1849e-11 3.28162e-43 2.35009e-41
1.19024e-11 3.24064e-43 2.31727e-41
1.1956e-11 3.2001e-43 2.28487e-41
1.20099e-11 3.16e-43 2.25287e-41
1.2064e-11 3.12034e-43 2.22127e-41
1.21183e-11 3.0811e-43 2.19006e-41
1.21729e-11 3.0423e-43 2.15925e-41
1.22277e-11 3.00392e-43 2.12883e-41
1.22828e-11 2.96596e-43 2.09879e-41
1.23381e-11 2.92842e-43 2.06913e-41
1.23936e-11 2.89129e-43 2.03985e-41
1.24495e-11 2.85457e-43 2.01093e-41
1.25055e-11 2.81825e-43 1.98239e-41
1.25618e-11 2.78234e-43 1.95421e-41
1.26184e-11 2.74682e-43 1.92638e-41
1.26753e-11 2.71169e-43 1.89891e-41
1.27323e-11 2.67696e-43 1.8718e-41
1.27897e-11 2.64261e-43 1.84503e-41
1.28473e-11 2.60865e-43 1.8186e-41
1.29051e-11 2.57506e-43 1.79251e-41
1.29633e-11 2.54185e-43 1.76676e-41
1.30216e-11 2.50902e-43 1.74135e-41
1.30803e-11 2.47655e-43 1.71626e-41
1.31392e-11 2.44445e-43 1.69149e-41
1.31984e-11 2.41271e-43 1.66705e-41
1.32578e-11 2.38133e-43 1.64292e-41
1.33175e-11 2.3503e-43 1.6191e-41
1.33775e-11 2.31962e-43 1.5956e-41
1.34378e-11 2.2893e-43 1.57241e-41
1.34983e-11 2.25932e-43 1.54951e-41
1.35591e-11 2.22968e-43 1.52692e-41
1.36201e-11 2.20038e-43 1.50462e-41
1.36815e-11 2.17141e-43 1.48262e-41
1.37431e-11 2.14278e-43 1.4609e-41
1.3805e-11 2.11447e-43 1.43948e-41
1.38672e-11 2.08649e-43 1.41833e-41
1.39296e-11 2.05884e-43 1.39747e-41
1.39923e-11 2.0315e-43 1.37688e-41
1.40554e-11 2.00448e-43 1.35656e-41
1.41187e-11 1.97778e-43 1.33652e-41
1.41823e-11 1.95138e-43 1.31674e-41
1.42461e-11 1.92529e-43 1.29723e-41
1.43103e-11 1.89951e-43 1.27797e-41
1.43747e-11 1.87402e-43 1.25898e-41
1.44395e-11 1.84884e-43 1.24024e-41
1.45045e-11 1.82395e-43 1.22175e-41
1.45698e-11 1.79935e-43 1.20351e-41
1.46354e-11 1.77505e-43 1.18552e-41
1.47014e-11 1.75103e-43 1.16777e-41
1.47676e-11 1.72729e-43 1.15026e-41
1.48341e-11 1.70384e-43 1.13298e-41
1.49009e-11 1.68066e-43 1.11595e-41
1.4968e-11 1.65776e-43 1.09914e-41
1.50354e-11 1.63514e-43 1.08256e-41
1.51031e-11 1.61278e-43 1.06621e-41
1.51711e-11 1.59069e-43 1.05008e-41
1.52395e-11 1.56886e-43 1.03418e-41
1.53081e-11 1.5473e-43 1.01849e-41
1.5377e-11 1.526e-43 1.00301e-41
1.54463e-11 1.50495e-43 9.87754e-42
1.55159e-11 1.48416e-43 9.72704e-42
1.55857e-11 1.46362e-43 9.57863e-42
1.56559e-11 1.44333e-43 9.43227e-42
1.57265e-11 1.42329e-43 9.28793e-42
1.57973e-11 1.40349e-43 9.1456e-42
1.58684e-11 1.38393e-43 9.00526e-42
1.59399e-11 1.36461e-43 8.86686e-42
1.60117e-11 1.34553e-43 8.7304e-42
1.60838e-11 1.32668e-43 8.59585e-42
1.61562e-11 1.30806e-43 8.46318e-42
1.6229e-11 1.28968e-43 8.33238e-42
1.63021e-11 1.27152e-43 8.20341e-42
1.63755e-11 1.25358e-43 8.07626e-42
1.64493e-11 1.23587e-43 7.9509e-42
1.65233e-11 1.21838e-43 7.82731e-42
1.65978e-11 1.2011e-43 7.70547e-42
1.66725e-11 1.18404e-43 7.58536e-42
1.67476e-11 1.1672e-43 7.46696e-42
1.6823e-11 1.15056e-43 7.35024e-42
1.68988e-11 1.13414e-43 7.23518e-42
1.69749e-11 1.11792e-43 7.12177e-42
1.70513e-11 1.1019e-43 7.00998e-42
1.71281e-11 1.08609e-43 6.89979e-42
1.72053e-11 1.07048e-43 6.79118e-42
1.72828e-11 1.05506e-43 6.68413e-42
1.73606e-11 1.03984e-43 6.57863e-42
1.74388e-11 1.02482e-43 6.47464e-42
1.75173e-11 1.00999e-43 6.37216e-42
1.75962e-11 9.95342e-44 6.27116e-42
1.76755e-11 9.80886e-44 6.17163e-42
1.77551e-11 9.66615e-44 6.07354e-42
1.7835e-11 9.52528e-44 5.97688e-42
1.79154e-11 9.38623e-44 5.88162e-42
1.7996e-11 9.24897e-44 5.78776e-42
1.80771e-11 9.11349e-44 5.69527e-42
1.81585e-11 8.97977e-44 5.60414e-42
1.82403e-11 8.84778e-44 5.51434e-42
1.83224e-11 8.71751e-44 5.42586e-42
1.8405e-11 8.58895e-44 5.33869e-42
1.84878e-11 8.46206e-44 5.2528e-42
1.85711e-11 8.33683e-44 5.16818e-42
1.86547e-11 8.21325e-44 5.08481e-42
1.87388e-11 8.0913e-44 5.00267e-42
1.88232e-11 7.97095e-44 4.92176e-42
1.89079e-11 7.85219e-44 4.84205e-42
1.89931e-11 7.73501e-44 4.76353e-42
1.90786e-11 7.61938e-44 4.68618e-42
1.91646e-11 7.50528e-44 4.60999e-42
1.92509e-11 7.39271e-44 4.53493e-42
1.93376e-11 7.28164e-44 4.46101e-42
1.94247e-11 7.17205e-44 4.38819e-42
1.95121e-11 7.06393e-44 4.31647e-42
1.96e-11 6.95727e-44 4.24583e-42
1.96883e-11 6.85204e-44 4.17626e-42
1.9777e-11 6.74822e-44 4.10774e-42
1.9866e-11 6.64582e-44 4.04026e-42
1.99555e-11 6.54479e-44 3.9738e-42
2.00454e-11 6.44514e-44 3.90835e-42
2.01357e-11 6.34685e-44 3.8439e-42
2.02263e-11 6.24989e-44 3.78043e-42
2.03174e-11 6.15426e-44 3.71793e-42
2.04089e-11 6.05993e-44 3.65639e-42
2.05008e-11 5.9669e-44 3.59579e-42
2.05932e-11 5.87515e-44 3.53612e-42
2.06859e-11 5.78466e-44 3.47737e-42
2.07791e-11 5.69542e-44 3.41952e-42
2.08727e-11 5.60741e-44 3.36257e-42
2.09667e-11 5.52062e-44 3.30649e-42
2.10611e-11 5.43504e-44 3.25129e-42
2.1156e-11 5.35064e-44 3.19694e-42
2.12512e-11 5.26742e-44 3.14343e-42
2.13469e-11 5.18537e-44 3.09076e-42
2.14431e-11 5.10446e-44 3.0389e-42
2.15397e-11 5.02469e-44 2.98786e-42
2.16367e-11 4.94604e-44 2.93761e-42
2.17341e-11 4.8685e-44 2.88815e-42
2.1832e-11 4.79205e-44 2.83947e-42
2.19303e-11 4.71668e-44 2.79154e-42
2.20291e-11 4.64238e-44 2.74438e-42
2.21283e-11 4.56914e-44 2.69795e-42
2.2228e-11 4.49693e-44 2.65226e-42
2.23281e-11 4.42576e-44 2.60729e-42
2.24286e-11 4.3556e-44 2.56304e-42
2.25296e-11 4.28645e-44 2.51948e-42
2.26311e-11 4.21829e-44 2.47662e-42
2.2733e-11 4.15111e-44 2.43443e-42
2.28354e-11 4.0849e-44 2.39292e-42
2.29383e-11 4.01965e-44 2.35207e-42
2.30416e-11 3.95533e-44 2.31188e-42
2.31453e-11 3.89195e-44 2.27232e-42
2.32496e-11 3.82949e-44 2.2334e-42
2.33543e-11 3.76794e-44 2.19511e-42
2.34595e-11 3.70729e-44 2.15743e-42
2.35651e-11 3.64752e-44 2.12036e-42
2.36713e-11 3.58863e-44 2.08388e-42
2.37779e-11 3.5306e-44 2.04799e-42
2.3885e-11 3.47343e-44 2.01269e-42
2.39925e-11 3.4171e-44 1.97795e-42
2.41006e-11 3.3616e-44 1.94378e-42
2.42091e-11 3.30692e-44 1.91017e-42
2.43182e-11 3.25305e-44 1.8771e-42
2.44277e-11 3.19998e-44 1.84457e-42
2.45377e-11 3.1477e-44 1.81257e-42
2.46482e-11 3.0962e-44 1.78109e-42
2.47592e-11 3.04547e-44 1.75013e-42
2.48707e-11 2.9955e-44 1.71967e-42
2.49827e-11 2.94628e-44 1.68972e-42
2.50952e-11 2.8978e-44 1.66026e-42
2.52083e-11 2.85005e-44 1.63128e-42
2.53218e-11 2.80302e-44 1.60278e-42
2.54358e-11 2.7567e-44 1.57475e-42
2.55504e-11 2.71108e-44 1.54718e-42
2.56655e-11 2.66616e-44 1.52007e-42
2.57811e-11 2.62192e-44 1.49341e-42
2.58972e-11 2.57835e-44 1.46719e-42
2.60138e-11 2.53545e-44 1.44141e-42
2.6131e-11 2.4932e-44 1.41605e-42
2.62486e-11 2.45161e-44 1.39112e-42
2.63669e-11 2.41065e-44 1.3666e-42
2.64856e-11 2.37032e-44 1.3425e-42
2.66049e-11 2.33062e-44 1.31879e-42
2.67247e-11 2.29153e-44 1.29549e-42
2.68451e-11 2.25304e-44 1.27257e-42
2.6966e-11 2.21515e-44 1.25004e-42
2.70874e-11 2.17785e-44 1.22789e-42
2.72094e-11 2.14113e-44 1.20611e-42
2.7332e-11 2.10498e-44 1.1847e-42
2.74551e-11 2.0694e-44 1.16365e-42
2.75787e-11 2.03438e-44 1.14296e-42
2.77029e-11 1.99991e-44 1.12261e-42
2.78277e-11 1.96597e-44 1.10261e-42
2.7953e-11 1.93258e-44 1.08295e-42
2.80789e-11 1.89971e-44 1.06363e-42
2.82054e-11 1.86736e-44 1.04463e-42
2.83324e-11 1.83552e-44 1.02596e-42
2.846e-11 1.80419e-44 1.0076e-42
2.85882e-11 1.77335e-44 9.8956e-43
2.87169e-11 1.74301e-44 9.71826e-43
2.88462e-11 1.71315e-44 9.54396e-43
2.89762e-11 1.68377e-44 9.37265e-43
2.91067e-11 1.65486e-44 9.20427e-43
2.92377e-11 1.62642e-44 9.03878e-43
2.93694e-11 1.59843e-44 8.87614e-43
2.95017e-11 1.57089e-44 8.7163e-43
2.96346e-11 1.5438e-44 8.55921e-43
2.9768e-11 1.51714e-44 8.40483e-43
2.99021e-11 1.49092e-44 8.25312e-43
3.00368e-11 1.46512e-44 8.10402e-43
3.0172e-11 1.43975e-44 7.95751e-43
3.03079e-11 1.41478e-44 7.81354e-43
3.04444e-11 1.39022e-44 7.67206e-43
3.05815e-11 1.36607e-44 7.53304e-43
3.07193e-11 1.34231e-44 7.39643e-43
3.08576e-11 1.31894e-44 7.2622e-43
3.09966e-11 1.29595e-44 7.13031e-43
3.11362e-11 1.27334e-44 7.00071e-43
3.12764e-11 1.25111e-44 6.87338e-43
3.14173e-11 1.22924e-44 6.74826e-43
3.15588e-11 1.20774e-44 6.62534e-43
3.17009e-11 1.18659e-44 6.50457e-43
3.18437e-11 1.16579e-44 6.38591e-43
3.19871e-11 1.14534e-44 6.26933e-43
3.21312e-11 1.12523e-44 6.1548e-43
3.22759e-11 1.10545e-44 6.04227e-43
3.24212e-11 1.08601e-44 5.93173e-43
3.25672e-11 1.06689e-44 5.82313e-43
3.27139e-11 1.04809e-44 5.71644e-43
3.28612e-11 1.0296e-44 5.61163e-43
3.30092e-11 1.01143e-44 5.50867e-43
3.31579e-11 9.93567e-45 5.40753e-43
3.33072e-11 9.76003e-45 5.30817e-43
3.34573e-11 9.58736e-45 5.21057e-43
3.36079e-11 9.41761e-45 5.1147e-43
3.37593e-11 9.25075e-45 5.02052e-43
3.39113e-11 9.08672e-45 4.92801e-43
3.40641e-11 8.92548e-45 4.83715e-43
3.42175e-11 8.76699e-45 4.74789e-43
3.43716e-11 8.61121e-45 4.66022e-43
3.45264e-11 8.45809e-45 4.57411e-43
3.46819e-11 8.30759e-45 4.48953e-43
3.48381e-11 8.15967e-45 4.40645e-43
3.4995e-11 8.01429e-45 4.32485e-43
3.51526e-11 7.87142e-45 4.24471e-43
3.53109e-11 7.731e-45 4.166e-43
3.54699e-11 7.59301e-45 4.08869e-43
3.56297e-11 7.4574e-45 4.01276e-43
3.57901e-11 7.32414e-45 3.93818e-43
3.59513e-11 7.19318e-45 3.86494e-43
3.61132e-11 7.0645e-45 3.79301e-43
3.62759e-11 6.93805e-45 3.72237e-43
3.64393e-11 6.81381e-45 3.65299e-43
3.66034e-11 6.69173e-45 3.58485e-43
3.67682e-11 6.57178e-45 3.51793e-43
3.69338e-11 6.45392e-45 3.45221e-43
3.71002e-11 6.33813e-45 3.38767e-43
3.72672e-11 6.22437e-45 3.32429e-43
3.74351e-11 6.1126e-45 3.26205e-43
3.76037e-11 6.00279e-45 3.20092e-43
3.7773e-11 5.89492e-45 3.14089e-43
3.79432e-11 5.78895e-45 3.08194e-43
3.8114e-11 5.68484e-45 3.02406e-43
3.82857e-11 5.58257e-45 2.96721e-43
3.84581e-11 5.48211e-45 2.91138e-43
3.86313e-11 5.38343e-45 2.85656e-43
3.88053e-11 5.2865e-45 2.80273e-43
3.89801e-11 5.19129e-45 2.74986e-43
3.91556e-11 5.09776e-45 2.69795e-43
3.9332e-11 5.0059e-45 2.64697e-43
3.95091e-11 4.91568e-45 2.59691e-43
3.96871e-11 4.82707e-45 2.54775e-43
3.98658e-11 4.74003e-45 2.49948e-43
4.00453e-11 4.65455e-45 2.45208e-43
4.02257e-11 4.5706e-45 2.40554e-43
4.04069e-11 4.48816e-45 2.35983e-43
4.05888e-11 4.40719e-45 2.31495e-43
4.07716e-11 4.32767e-45 2.27088e-43
4.09553e-11 4.24958e-45 2.2276e-43
4.11397e-11 4.17289e-45 2.18511e-43
4.1325e-11 4.09759e-45 2.14338e-43
4.15111e-11 4.02364e-45 2.1024e-43
4.16981e-11 3.95103e-45 2.06216e-43
4.18859e-11 3.87972e-45 2.02265e-43
4.20745e-11 3.8097e-45 1.98386e-43
4.2264e-11 3.74095e-45 1.94576e-43
4.24543e-11 3.67345e-45 1.90835e-43
4.26455e-11 3.60716e-45 1.87162e-43
4.28376e-11 3.54208e-45 1.83554e-43
4.30305e-11 3.47818e-45 1.80012e-43
4.32243e-11 3.41544e-45 1.76534e-43
4.3419e-11 3.35384e-45 1.73119e-43
4.36146e-11 3.29336e-45 1.69765e-43
4.3811e-11 3.23398e-45 1.66472e-43
4.40083e-11 3.17569e-45 1.63238e-43
4.42065e-11 3.11845e-45 1.60062e-43
4.44056e-11 3.06226e-45 1.56943e-43
4.46056e-11 3.0071e-45 1.53881e-43
4.48065e-11 2.95294e-45 1.50874e-43
4.50083e-11 2.89978e-45 1.47921e-43
4.5211e-11 2.84758e-45 1.45021e-43
4.54146e-11 2.79635e-45 1.42174e-43
4.56191e-11 2.74605e-45 1.39377e-43
4.58246e-11 2.69667e-45 1.36631e-43
4.6031e-11 2.6482e-45 1.33935e-43
4.62383e-11 2.60061e-45 1.31286e-43
4.64465e-11 2.5539e-45 1.28686e-43
4.66557e-11 2.50805e-45 1.26132e-43
4.68658e-11 2.46305e-45 1.23624e-43
4.70769e-11 2.41886e-45 1.21161e-43
4.72889e-11 2.3755e-45 1.18742e-43
4.75019e-11 2.33293e-45 1.16366e-43
4.77158e-11 2.29114e-45 1.14034e-43
4.79307e-11 2.25012e-45 1.11742e-43
4.81466e-11 2.20986e-45 1.09492e-43
4.83634e-11 2.17034e-45 1.07282e-43
4.85812e-11 2.13155e-45 1.05112e-43
4.88e-11 2.09348e-45 1.02981e-43
4.90198e-11 2.05611e-45 1.00887e-43
4.92406e-11 2.01942e-45 9.8831e-44
4.94623e-11 1.98342e-45 9.68115e-44
4.96851e-11 1.94808e-45 9.48281e-44
4.99089e-11 1.91339e-45 9.288e-44
5.01336e-11 1.87934e-45 9.09666e-44
5.03594e-11 1.84592e-45 8.90873e-44
5.05862e-11 1.81312e-45 8.72414e-44
5.08141e-11 1.78093e-45 8.54283e-44
5.10429e-11 1.74933e-45 8.36473e-44
5.12728e-11 1.71832e-45 8.1898e-44
5.15037e-11 1.68787e-45 8.01797e-44
5.17357e-11 1.658e-45 7.84918e-44
5.19687e-11 1.62867e-45 7.68338e-44
5.22027e-11 1.59988e-45 7.52051e-44
5.24378e-11 1.57163e-45 7.36053e-44
5.2674e-11 1.5439e-45 7.20336e-44
5.29112e-11 1.51669e-45 7.04897e-44
5.31495e-11 1.48997e-45 6.8973e-44
5.33889e-11 1.46375e-45 6.74831e-44
5.36293e-11 1.43802e-45 6.60193e-44
5.38709e-11 1.41276e-45 6.45813e-44
5.41135e-11 1.38796e-45 6.31685e-44
5.43572e-11 1.36363e-45 6.17806e-44
5.4602e-11 1.33974e-45 6.0417e-44
5.48479e-11 1.3163e-45 5.90772e-44
5.50949e-11 1.29329e-45 5.77609e-44
5.53431e-11 1.2707e-45 5.64676e-44
5.55923e-11 1.24853e-45 5.51969e-44
5.58427e-11 1.22677e-45 5.39484e-44
5.60942e-11 1.20541e-45 5.27216e-44
5.63468e-11 1.18444e-45 5.15162e-44
5.66006e-11 1.16386e-45 5.03318e-44
5.68555e-11 1.14366e-45 4.91679e-44
5.71116e-11 1.12383e-45 4.80243e-44
5.73688e-11 1.10437e-45 4.69004e-44
5.76272e-11 1.08526e-45 4.57961e-44
5.78867e-11 1.06651e-45 4.47108e-44
5.81474e-11 1.0481e-45 4.36443e-44
5.84093e-11 1.03003e-45 4.25962e-44
5.86723e-11 1.01229e-45 4.15662e-44
5.89366e-11 9.94876e-46 4.05539e-44
5.9202e-11 9.77782e-46 3.9559e-44
5.94686e-11 9.61001e-46 3.85812e-44
5.97365e-11 9.44528e-46 3.76202e-44
6.00055e-11 9.28356e-46 3.66757e-44
6.02758e-11 9.1248e-46 3.57473e-44
6.05472e-11 8.96895e-46 3.48349e-44
6.08199e-11 8.81594e-46 3.3938e-44
6.10938e-11 8.66573e-46 3.30564e-44
6.1369e-11 8.51826e-46 3.21898e-44
6.16454e-11 8.37348e-46 3.1338e-44
6.1923e-11 8.23134e-46 3.05006e-44
6.22019e-11 8.09179e-46 2.96775e-44
6.2482e-11 7.95477e-46 2.88683e-44
6.27634e-11 7.82025e-46 2.80728e-44
6.30461e-11 7.68817e-46 2.72908e-44
6.333e-11 7.55849e-46 2.6522e-44
6.36152e-11 7.43116e-46 2.57661e-44
6.39017e-11 7.30613e-46 2.5023e-44
6.41895e-11 7.18337e-46 2.42924e-44
6.44786e-11 7.06283e-46 2.35741e-44
6.4769e-11 6.94447e-46 2.28678e-44
6.50607e-11 6.82825e-46 2.21733e-44
6.53537e-11 6.71412e-46 2.14905e-44
6.56481e-11 6.60205e-46 2.08191e-44
6.59437e-11 6.492e-46 2.01589e-44
6.62407e-11 6.38392e-46 1.95097e-44
6.65391e-11 6.27779e-46 1.88713e-44
6.68387e-11 6.17356e-46 1.82435e-44
6.71398e-11 6.0712e-46 1.76262e-44
6.74421e-11 5.97068e-46 1.7019e-44
6.77459e-11 5.87195e-46 1.6422e-44
6.8051e-11 5.77499e-46 1.58348e-44
6.83575e-11 5.67976e-46 1.52573e-44
6.86653e-11 5.58622e-46 1.46893e-44
6.89746e-11 5.49435e-46 1.41307e-44
6.92852e-11 5.40412e-46 1.35813e-44
6.95973e-11 5.31549e-46 1.30408e-44
6.99107e-11 5.22844e-46 1.25093e-44
7.02256e-11 5.14292e-46 1.19864e-44
7.05418e-11 5.05893e-46 1.14722e-44
7.08595e-11 4.97641e-46 1.09663e-44
7.11787e-11 4.89536e-46 1.04686e-44
7.14992e-11 4.81573e-46 9.97909e-45
7.18212e-11 4.73751e-46 9.49751e-45
7.21447e-11 4.66067e-46 9.02376e-45
7.24696e-11 4.58518e-46 8.5577e-45
7.2796e-11 4.51101e-46 8.09918e-45
7.31239e-11 4.43814e-46 7.64808e-45
7.34532e-11 4.36655e-46 7.20426e-45
7.3784e-11 4.29621e-46 6.76761e-45
7.41163e-11 4.2271e-46 6.33799e-45
7.44501e-11 4.15919e-46 5.91528e-45
7.47854e-11 4.09247e-46 5.49936e-45
7.51222e-11 4.02691e-46 5.09011e-45
7.54605e-11 3.96249e-46 4.68742e-45
7.58004e-11 3.89918e-46 4.29117e-45
7.61418e-11 3.83698e-46 3.90125e-45
7.64847e-11 3.77585e-46 3.51755e-45
7.68292e-11 3.71577e-46 3.13997e-45
7.71752e-11 3.65673e-46 2.76839e-45
7.75228e-11 3.59871e-46 2.40272e-45
7.78719e-11 3.54169e-46 2.04285e-45
7.82226e-11 3.48565e-46 1.68868e-45
7.85749e-11 3.43057e-46 1.34011e-45
7.89288e-11 3.37643e-46 9.97058e-46
7.92842e-11 3.32322e-46 6.59414e-46
7.96413e-11 3.27092e-46 3.27092e-46
