1e-14 0 6.60062e+09
1.0045e-14 0 6.60062e+09
1.00903e-14 0 6.60062e+09
1.01357e-14 0 6.60062e+09
1.01814e-14 0 6.60062e+09
1.02272e-14 0 6.60062e+09
1.02733e-14 0 6.60062e+09
1.03196e-14 0 6.60062e+09
1.0366e-14 0 6.60062e+09
1.04127e-14 0 6.60062e+09
1.04596e-14 0 6.60062e+09
1.05067e-14 0 6.60062e+09
1.0554e-14 0 6.60062e+09
1.06016e-14 0 6.60062e+09
1.06493e-14 4.13414e-09 6.60062e+09
1.06973e-14 1.94364e-08 6.60062e+09
1.07455e-14 2.44991e-08 6.60062e+09
1.07938e-14 3.17315e-08 6.60062e+09
1.08425e-14 4.20089e-08 6.60062e+09
1.08913e-14 6.0661e-08 6.60062e+09
1.09403e-14 9.21027e-08 6.60062e+09
1.09896e-14 1.1907e-07 6.60062e+09
1.10391e-14 1.77615e-07 6.60062e+09
1.10888e-14 2.23867e-07 6.60062e+09
1.11388e-14 2.57901e-07 6.60062e+09
1.11889e-14 3.18003e-07 6.60062e+09
1.12393e-14 3.6912e-07 6.60062e+09
1.12899e-14 4.21116e-07 6.60062e+09
1.13408e-14 4.74149e-07 6.60062e+09
1.13919e-14 5.38918e-07 6.60062e+09
1.14432e-14 5.76635e-07 6.60062e+09
1.14947e-14 6.3393e-07 6.60062e+09
1.15465e-14 6.78411e-07 6.60062e+09
1.15985e-14 7.35366e-07 6.60062e+09
1.16507e-14 7.85325e-07 6.60062e+09
1.17032e-14 8.47681e-07 6.60062e+09
1.17559e-14 8.99016e-07 6.60062e+09
1.18088e-14 9.49694e-07 6.60062e+09
1.1862e-14 1.0312e-06 6.60062e+09
1.19154e-14 1.10382e-06 6.60062e+09
1.19691e-14 1.18023e-06 6.60062e+09
1.2023e-14 1.26482e-06 6.60062e+09
1.20772e-14 1.3837e-06 6.60062e+09
1.21316e-14 1.48859e-06 6.60062e+09
1.21862e-14 1.61203e-06 6.60062e+09
1.22411e-14 1.73088e-06 6.60062e+09
1.22962e-14 1.82842e-06 6.60062e+09
1.23516e-14 1.9725e-06 6.60062e+09
1.24072e-14 2.11903e-06 6.60062e+09
1.24631e-14 2.25262e-06 6.60062e+09
1.25192e-14 2.42337e-06 6.60062e+09
1.25756e-14 2.55006e-06 6.60062e+09
1.26322e-14 2.73486e-06 6.60062e+09
1.26891e-14 2.93898e-06 6.60062e+09
1.27463e-14 3.11806e-06 6.60062e+09
1.28037e-14 3.30276e-06 6.60062e+09
1.28613e-14 3.50826e-06 6.60062e+09
1.29193e-14 3.75457e-06 6.60062e+09
1.29775e-14 3.98788e-06 6.60062e+09
1.30359e-14 4.24811e-06 6.60062e+09
1.30946e-14 4.51457e-06 6.60062e+09
1.31536e-14 4.82552e-06 6.60062e+09
1.32128e-14 5.14124e-06 6.60062e+09
1.32723e-14 5.47946e-06 6.60062e+09
1.33321e-14 5.83024e-06 6.60062e+09
1.33922e-14 6.14023e-06 6.60062e+09
1.34525e-14 6.49785e-06 6.60062e+09
1.35131e-14 6.90685e-06 6.60062e+09
1.35739e-14 7.28397e-06 6.60062e+09
1.3635e-14 7.71806e-06 6.60062e+09
1.36965e-14 8.1599e-06 6.60062e+09
1.37581e-14 8.63055e-06 6.60062e+09
1.38201e-14 9.11943e-06 6.60062e+09
1.38823e-14 9.63427e-06 6.60062e+09
1.39449e-14 1.01719e-05 6.60062e+09
1.40077e-14 1.07463e-05 6.60062e+09
1.40708e-14 1.13351e-05 6.60062e+09
1.41341e-14 1.19763e-05 6.60062e+09
1.41978e-14 1.2623e-05 6.60062e+09
1.42617e-14 1.33041e-05 6.60062e+09
1.4326e-14 1.41085e-05 6.60062e+09
1.43905e-14 1.49228e-05 6.60062e+09
1.44553e-14 1.58049e-05 6.60062e+09
1.45204e-14 1.67044e-05 6.60062e+09
1.45858e-14 1.76115e-05 6.60062e+09
1.46515e-14 1.85946e-05 6.60062e+09
1.47175e-14 1.96826e-05 6.60062e+09
1.47837e-14 2.07651e-05 6.60062e+09
1.48503e-14 2.19067e-05 6.60062e+09
1.49172e-14 2.31087e-05 6.60062e+09
1.49844e-14 2.4342e-05 6.60062e+09
1.50519e-14 2.56969e-05 6.60062e+09
1.51197e-14 2.70963e-05 6.60062e+09
1.51878e-14 2.85712e-05 6.60062e+09
1.52562e-14 3.0161e-05 6.60062e+09
1.53249e-14 3.18189e-05 6.60062e+09
1.53939e-14 3.35926e-05 6.60062e+09
1.54632e-14 3.54442e-05 6.60062e+09
1.55329e-14 3.73248e-05 6.60062e+09
1.56028e-14 3.9329e-05 6.60062e+09
1.56731e-14 4.14758e-05 6.60062e+09
1.57437e-14 4.38487e-05 6.60062e+09
1.58146e-14 4.62013e-05 6.60062e+09
1.58858e-14 4.87522e-05 6.60062e+09
1.59573e-14 5.14203e-05 6.60062e+09
1.60292e-14 5.42065e-05 6.60062e+09
1.61014e-14 5.7166e-05 6.60062e+09
1.61739e-14 6.03084e-05 6.60062e+09
1.62468e-14 6.35451e-05 6.60062e+09
1.63199e-14 6.69975e-05 6.60062e+09
1.63934e-14 7.06068e-05 6.60062e+09
1.64673e-14 7.4477e-05 6.60062e+09
1.65414e-14 7.84949e-05 6.60062e+09
1.66159e-14 8.26587e-05 6.60062e+09
1.66908e-14 8.71044e-05 6.60062e+09
1.67659e-14 9.17652e-05 6.60062e+09
1.68414e-14 9.66754e-05 6.60062e+09
1.69173e-14 0.000101759 6.60062e+09
1.69935e-14 0.000107134 6.60062e+09
1.707e-14 0.000112818 6.60062e+09
1.71469e-14 0.000118788 6.60062e+09
1.72241e-14 0.000124996 6.60062e+09
1.73017e-14 0.000131631 6.60062e+09
1.73796e-14 0.000138526 6.60062e+09
1.74579e-14 0.000145812 6.60062e+09
1.75365e-14 0.000153415 6.60062e+09
1.76155e-14 0.000161493 6.60062e+09
1.76948e-14 0.000169814 6.60062e+09
1.77745e-14 0.000178635 6.60062e+09
1.78546e-14 0.000187989 6.60062e+09
1.7935e-14 0.000197838 6.60062e+09
1.80158e-14 0.000208025 6.60062e+09
1.80969e-14 0.000218861 6.60062e+09
1.81784e-14 0.000230198 6.60062e+09
1.82603e-14 0.000242094 6.60062e+09
1.83425e-14 0.000254712 6.60062e+09
1.84251e-14 0.000267846 6.60062e+09
1.85081e-14 0.000281649 6.60062e+09
1.85914e-14 0.000296222 6.60062e+09
1.86752e-14 0.000311547 6.60062e+09
1.87593e-14 0.000327574 6.60062e+09
1.88438e-14 0.000344407 6.60062e+09
1.89286e-14 0.000362121 6.60062e+09
1.90139e-14 0.000380818 6.60062e+09
1.90995e-14 0.000400293 6.60062e+09
1.91855e-14 0.000420789 6.60062e+09
1.92719e-14 0.000442417 6.60062e+09
1.93587e-14 0.000465014 6.60062e+09
1.94459e-14 0.000488729 6.60062e+09
1.95335e-14 0.000513715 6.60062e+09
1.96215e-14 0.000539881 6.60062e+09
1.97098e-14 0.000567298 6.60062e+09
1.97986e-14 0.000596209 6.60062e+09
1.98878e-14 0.000626397 6.60062e+09
1.99774e-14 0.000658264 6.60062e+09
2.00673e-14 0.000691452 6.60062e+09
2.01577e-14 0.000726502 6.60062e+09
2.02485e-14 0.000763215 6.60062e+09
2.03397e-14 0.000801739 6.60062e+09
2.04313e-14 0.000842248 6.60062e+09
2.05233e-14 0.000884766 6.60062e+09
2.06157e-14 0.000929371 6.60062e+09
2.07086e-14 0.000976024 6.60062e+09
2.08018e-14 0.00102515 6.60062e+09
2.08955e-14 0.0010766 6.60062e+09
2.09896e-14 0.00113069 6.60062e+09
2.10842e-14 0.0011872 6.60062e+09
2.11791e-14 0.0012467 6.60062e+09
2.12745e-14 0.00130905 6.60062e+09
2.13703e-14 0.00137438 6.60062e+09
2.14666e-14 0.00144298 6.60062e+09
2.15632e-14 0.00151496 6.60062e+09
2.16604e-14 0.00159047 6.60062e+09
2.17579e-14 0.00166944 6.60062e+09
2.18559e-14 0.00175257 6.60062e+09
2.19543e-14 0.00183951 6.60062e+09
2.20532e-14 0.00193079 6.60062e+09
2.21525e-14 0.00202656 6.60062e+09
2.22523e-14 0.00212678 6.60062e+09
2.23525e-14 0.00223201 6.60062e+09
2.24532e-14 0.00234227 6.60062e+09
2.25543e-14 0.00245791 6.60062e+09
2.26559e-14 0.0025791 6.60062e+09
2.27579e-14 0.00270609 6.60062e+09
2.28604e-14 0.00283923 6.60062e+09
2.29634e-14 0.00297889 6.60062e+09
2.30668e-14 0.00312524 6.60062e+09
2.31707e-14 0.00327846 6.60062e+09
2.3275e-14 0.0034392 6.60062e+09
2.33799e-14 0.00360756 6.60062e+09
2.34852e-14 0.00378396 6.60062e+09
2.35909e-14 0.00396894 6.60062e+09
2.36972e-14 0.00416255 6.60062e+09
2.38039e-14 0.00436548 6.60062e+09
2.39111e-14 0.00457805 6.60062e+09
2.40188e-14 0.00480083 6.60062e+09
2.4127e-14 0.00503415 6.60062e+09
2.42356e-14 0.00527867 6.60062e+09
2.43448e-14 0.00553483 6.60062e+09
2.44544e-14 0.00580301 6.60062e+09
2.45646e-14 0.00608391 6.60062e+09
2.46752e-14 0.00637828 6.60062e+09
2.47863e-14 0.00668637 6.60062e+09
2.4898e-14 0.00700905 6.60062e+09
2.50101e-14 0.00734701 6.60062e+09
2.51227e-14 0.0077009 6.60062e+09
2.52359e-14 0.00807148 6.60062e+09
2.53495e-14 0.00845938 6.60062e+09
2.54637e-14 0.00886565 6.60062e+09
2.55784e-14 0.00929084 6.60062e+09
2.56936e-14 0.00973593 6.60062e+09
2.58093e-14 0.0102018 6.60062e+09
2.59255e-14 0.0106897 6.60062e+09
2.60423e-14 0.0112003 6.60062e+09
2.61596e-14 0.0117347 6.60062e+09
2.62774e-14 0.0122941 6.60062e+09
2.63957e-14 0.0128796 6.60062e+09
2.65146e-14 0.0134922 6.60062e+09
2.6634e-14 0.0141334 6.60062e+09
2.6754e-14 0.0148044 6.60062e+09
2.68745e-14 0.0155064 6.60062e+09
2.69955e-14 0.0162409 6.60062e+09
2.71171e-14 0.0170095 6.60062e+09
2.72392e-14 0.0178136 6.60062e+09
2.73619e-14 0.0186547 6.60062e+09
2.74851e-14 0.0195349 6.60062e+09
2.76089e-14 0.0204554 6.60062e+09
2.77332e-14 0.0214184 6.60062e+09
2.78581e-14 0.0224255 6.60062e+09
2.79836e-14 0.023479 6.60062e+09
2.81096e-14 0.0245808 6.60062e+09
2.82362e-14 0.025733 6.60062e+09
2.83634e-14 0.0269382 6.60062e+09
2.84912e-14 0.0281983 6.60062e+09
2.86195e-14 0.029516 6.60062e+09
2.87484e-14 0.0308937 6.60062e+09
2.88778e-14 0.0323343 6.60062e+09
2.90079e-14 0.0338406 6.60062e+09
2.91385e-14 0.0354151 6.60062e+09
2.92698e-14 0.0370612 6.60062e+09
2.94016e-14 0.0387822 6.60062e+09
2.9534e-14 0.0405811 6.60062e+09
2.9667e-14 0.0424615 6.60062e+09
2.98006e-14 0.0444269 6.60062e+09
2.99348e-14 0.0464809 6.60062e+09
3.00697e-14 0.0486277 6.60062e+09
3.02051e-14 0.0508713 6.60062e+09
3.03411e-14 0.053216 6.60062e+09
3.04778e-14 0.0556658 6.60062e+09
3.0615e-14 0.0582259 6.60062e+09
3.07529e-14 0.0609009 6.60062e+09
3.08914e-14 0.0636957 6.60062e+09
3.10305e-14 0.0666157 6.60062e+09
3.11703e-14 0.0696661 6.60062e+09
3.13107e-14 0.0728528 6.60062e+09
3.14517e-14 0.0761817 6.60062e+09
3.15933e-14 0.0796591 6.60062e+09
3.17356e-14 0.0832912 6.60062e+09
3.18786e-14 0.0870848 6.60062e+09
3.20221e-14 0.0910468 6.60062e+09
3.21663e-14 0.0951848 6.60062e+09
3.23112e-14 0.0995059 6.60062e+09
3.24567e-14 0.104018 6.60062e+09
3.26029e-14 0.10873 6.60062e+09
3.27497e-14 0.11365 6.60062e+09
3.28972e-14 0.118788 6.60062e+09
3.30454e-14 0.124151 6.60062e+09
3.31942e-14 0.12975 6.60062e+09
3.33437e-14 0.135596 6.60062e+09
3.34939e-14 0.141699 6.60062e+09
3.36447e-14 0.148069 6.60062e+09
3.37963e-14 0.154718 6.60062e+09
3.39485e-14 0.161657 6.60062e+09
3.41014e-14 0.168901 6.60062e+09
3.42549e-14 0.17646 6.60062e+09
3.44092e-14 0.184349 6.60062e+09
3.45642e-14 0.192582 6.60062e+09
3.47199e-14 0.201173 6.60062e+09
3.48762e-14 0.210138 6.60062e+09
3.50333e-14 0.219491 6.60062e+09
3.51911e-14 0.22925 6.60062e+09
3.53496e-14 0.239431 6.60062e+09
3.55088e-14 0.250053 6.60062e+09
3.56687e-14 0.261134 6.60062e+09
3.58293e-14 0.272693 6.60062e+09
3.59907e-14 0.28475 6.60062e+09
3.61528e-14 0.297326 6.60062e+09
3.63156e-14 0.310443 6.60062e+09
3.64792e-14 0.324123 6.60062e+09
3.66435e-14 0.338391 6.60062e+09
3.68085e-14 0.353269 6.60062e+09
3.69743e-14 0.368784 6.60062e+09
3.71408e-14 0.384963 6.60062e+09
3.73081e-14 0.401832 6.60062e+09
3.74761e-14 0.419421 6.60062e+09
3.76449e-14 0.437758 6.60062e+09
3.78144e-14 0.456877 6.60062e+09
3.79847e-14 0.476807 6.60062e+09
3.81558e-14 0.497583 6.60062e+09
3.83276e-14 0.51924 6.60062e+09
3.85002e-14 0.541815 6.60062e+09
3.86736e-14 0.565343 6.60062e+09
3.88478e-14 0.589866 6.60062e+09
3.90228e-14 0.615423 6.60062e+09
3.91985e-14 0.642058 6.60062e+09
3.93751e-14 0.669813 6.60062e+09
3.95524e-14 0.698735 6.60062e+09
3.97305e-14 0.728871 6.60062e+09
3.99095e-14 0.760271 6.60062e+09
4.00892e-14 0.792987 6.60062e+09
4.02698e-14 0.827071 6.60062e+09
4.04511e-14 0.862579 6.60062e+09
4.06333e-14 0.899569 6.60062e+09
4.08163e-14 0.938101 6.60062e+09
4.10001e-14 0.978237 6.60062e+09
4.11848e-14 1.02004 6.60062e+09
4.13703e-14 1.06358 6.60062e+09
4.15566e-14 1.10893 6.60062e+09
4.17437e-14 1.15616 6.60062e+09
4.19317e-14 1.20534 6.60062e+09
4.21206e-14 1.25655 6.60062e+09
4.23103e-14 1.30987 6.60062e+09
4.25008e-14 1.3654 6.60062e+09
4.26922e-14 1.42321 6.60062e+09
4.28845e-14 1.4834 6.60062e+09
4.30777e-14 1.54606 6.60062e+09
4.32717e-14 1.61129 6.60062e+09
4.34666e-14 1.67919 6.60062e+09
4.36623e-14 1.74988 6.60062e+09
4.3859e-14 1.82345 6.60062e+09
4.40565e-14 1.90002 6.60062e+09
4.42549e-14 1.97971 6.60062e+09
4.44542e-14 2.06266 6.60062e+09
4.46544e-14 2.14897 6.60062e+09
4.48555e-14 2.23879 6.60062e+09
4.50575e-14 2.33225 6.60062e+09
4.52605e-14 2.4295 6.60062e+09
4.54643e-14 2.53068 6.60062e+09
4.56691e-14 2.63595 6.60062e+09
4.58748e-14 2.74547 6.60062e+09
4.60814e-14 2.85941 6.60062e+09
4.62889e-14 2.97793 6.60062e+09
4.64974e-14 3.10122 6.60062e+09
4.67068e-14 3.22946 6.60062e+09
4.69171e-14 3.36284 6.60062e+09
4.71284e-14 3.50156 6.60062e+09
4.73407e-14 3.64584 6.60062e+09
4.75539e-14 3.79587 6.60062e+09
4.77681e-14 3.9519 6.60062e+09
4.79832e-14 4.11414 6.60062e+09
4.81993e-14 4.28283 6.60062e+09
4.84164e-14 4.45824 6.60062e+09
4.86344e-14 4.6406 6.60062e+09
4.88535e-14 4.8302 6.60062e+09
4.90735e-14 5.0273 6.60062e+09
4.92945e-14 5.23219 6.60062e+09
4.95165e-14 5.44518 6.60062e+09
4.97395e-14 5.66656 6.60062e+09
4.99635e-14 5.89667 6.60062e+09
5.01886e-14 6.13583 6.60062e+09
5.04146e-14 6.38438 6.60062e+09
5.06416e-14 6.64269 6.60062e+09
5.08697e-14 6.91111 6.60062e+09
5.10988e-14 7.19004 6.60062e+09
5.13289e-14 7.47987 6.60062e+09
5.15601e-14 7.78101 6.60062e+09
5.17923e-14 8.09389 6.60062e+09
5.20256e-14 8.41895 6.60062e+09
5.22599e-14 8.75665 6.60062e+09
5.24953e-14 9.10745 6.60062e+09
5.27317e-14 9.47186 6.60062e+09
5.29692e-14 9.85037 6.60062e+09
5.32077e-14 10.2435 6.60062e+09
5.34474e-14 10.6519 6.60062e+09
5.36881e-14 11.0759 6.60062e+09
5.39299e-14 11.5164 6.60062e+09
5.41728e-14 11.9737 6.60062e+09
5.44167e-14 12.4486 6.60062e+09
5.46618e-14 12.9418 6.60062e+09
5.4908e-14 13.4538 6.60062e+09
5.51553e-14 13.9854 6.60062e+09
5.54037e-14 14.5374 6.60062e+09
5.56532e-14 15.1103 6.60062e+09
5.59039e-14 15.7052 6.60062e+09
5.61556e-14 16.3226 6.60062e+09
5.64085e-14 16.9635 6.60062e+09
5.66626e-14 17.6287 6.60062e+09
5.69178e-14 18.3192 6.60062e+09
5.71741e-14 19.0357 6.60062e+09
5.74316e-14 19.7794 6.60062e+09
5.76903e-14 20.5511 6.60062e+09
5.79501e-14 21.3519 6.60062e+09
5.82111e-14 22.1828 6.60062e+09
5.84732e-14 23.045 6.60062e+09
5.87366e-14 23.9395 6.60062e+09
5.90011e-14 24.8675 6.60062e+09
5.92668e-14 25.8303 6.60062e+09
5.95338e-14 26.829 6.60062e+09
5.98019e-14 27.8651 6.60062e+09
6.00712e-14 28.9397 6.60062e+09
6.03418e-14 30.0544 6.60062e+09
6.06135e-14 31.2104 6.60062e+09
6.08865e-14 32.4094 6.60062e+09
6.11607e-14 33.6528 6.60062e+09
6.14362e-14 34.9422 6.60062e+09
6.17129e-14 36.2793 6.60062e+09
6.19908e-14 37.6657 6.60062e+09
6.227e-14 39.1033 6.60062e+09
6.25504e-14 40.5937 6.60062e+09
6.28321e-14 42.1389 6.60062e+09
6.31151e-14 43.7408 6.60062e+09
6.33994e-14 45.4014 6.60062e+09
6.36849e-14 47.1227 6.60062e+09
6.39717e-14 48.907 6.60062e+09
6.42598e-14 50.7563 6.60062e+09
6.45492e-14 52.6731 6.60062e+09
6.484e-14 54.6595 6.60062e+09
6.5132e-14 56.7181 6.60062e+09
6.54253e-14 58.8514 6.60062e+09
6.572e-14 61.062 6.60062e+09
6.6016e-14 63.3526 6.60062e+09
6.63133e-14 65.7258 6.60062e+09
6.66119e-14 68.1847 6.60062e+09
6.69119e-14 70.7321 6.60062e+09
6.72133e-14 73.3711 6.60062e+09
6.7516e-14 76.1049 6.60062e+09
6.78201e-14 78.9367 6.60062e+09
6.81255e-14 81.8699 6.60062e+09
6.84323e-14 84.9079 6.60062e+09
6.87405e-14 88.0544 6.60062e+09
6.90501e-14 91.313 6.60062e+09
6.93611e-14 94.6876 6.60062e+09
6.96735e-14 98.1821 6.60062e+09
6.99873e-14 101.801 6.60062e+09
7.03025e-14 105.547 6.60062e+09
7.06191e-14 109.427 6.60062e+09
7.09371e-14 113.443 6.60062e+09
7.12566e-14 117.601 6.60062e+09
7.15775e-14 121.905 6.60062e+09
7.18999e-14 126.361 6.60062e+09
7.22237e-14 130.973 6.60062e+09
7.2549e-14 135.747 6.60062e+09
7.28757e-14 140.688 6.60062e+09
7.32039e-14 145.801 6.60062e+09
7.35336e-14 151.093 6.60062e+09
7.38648e-14 156.57 6.60062e+09
7.41975e-14 162.237 6.60062e+09
7.45316e-14 168.101 6.60062e+09
7.48673e-14 174.168 6.60062e+09
7.52045e-14 180.445 6.60062e+09
7.55432e-14 186.939 6.60062e+09
7.58834e-14 193.658 6.60062e+09
7.62252e-14 200.608 6.60062e+09
7.65685e-14 207.797 6.60062e+09
7.69133e-14 215.233 6.60062e+09
7.72597e-14 222.925 6.60062e+09
7.76076e-14 230.879 6.60062e+09
7.79572e-14 239.106 6.60062e+09
7.83083e-14 247.614 6.60062e+09
7.86609e-14 256.411 6.60062e+09
7.90152e-14 265.508 6.60062e+09
7.93711e-14 274.914 6.60062e+09
7.97285e-14 284.64 6.60062e+09
8.00876e-14 294.694 6.60062e+09
8.04483e-14 305.089 6.60061e+09
8.08106e-14 315.834 6.60061e+09
8.11746e-14 326.942 6.60061e+09
8.15402e-14 338.424 6.60061e+09
8.19074e-14 350.291 6.60061e+09
8.22763e-14 362.556 6.60061e+09
8.26468e-14 375.232 6.60061e+09
8.3019e-14 388.332 6.60061e+09
8.33929e-14 401.869 6.60061e+09
8.37685e-14 415.856 6.60061e+09
8.41458e-14 430.31 6.60061e+09
8.45247e-14 445.243 6.60061e+09
8.49054e-14 460.672 6.60061e+09
8.52878e-14 476.611 6.60061e+09
8.56719e-14 493.077 6.60061e+09
8.60578e-14 510.086 6.60061e+09
8.64453e-14 527.655 6.60061e+09
8.68347e-14 545.802 6.60061e+09
8.72257e-14 564.545 6.60061e+09
8.76186e-14 583.901 6.60061e+09
8.80132e-14 603.891 6.60061e+09
8.84096e-14 624.534 6.60061e+09
8.88077e-14 645.849 6.60061e+09
8.92077e-14 667.858 6.6006e+09
8.96095e-14 690.583 6.6006e+09
9.00131e-14 714.044 6.6006e+09
9.04184e-14 738.265 6.6006e+09
9.08257e-14 763.268 6.6006e+09
9.12347e-14 789.079 6.6006e+09
9.16456e-14 815.72 6.6006e+09
9.20584e-14 843.218 6.6006e+09
9.2473e-14 871.599 6.6006e+09
9.28894e-14 900.888 6.6006e+09
9.33078e-14 931.114 6.6006e+09
9.3728e-14 962.306 6.6006e+09
9.41501e-14 994.491 6.60059e+09
9.45742e-14 1027.7 6.60059e+09
9.50001e-14 1061.96 6.60059e+09
9.54279e-14 1097.31 6.60059e+09
9.58577e-14 1133.78 6.60059e+09
9.62894e-14 1171.4 6.60059e+09
9.67231e-14 1210.2 6.60059e+09
9.71587e-14 1250.23 6.60059e+09
9.75963e-14 1291.51 6.60059e+09
9.80358e-14 1334.09 6.60058e+09
9.84774e-14 1378 6.60058e+09
9.89209e-14 1423.28 6.60058e+09
9.93664e-14 1469.97 6.60058e+09
9.98139e-14 1518.12 6.60058e+09
1.00263e-13 1567.76 6.60058e+09
1.00715e-13 1618.94 6.60058e+09
1.01169e-13 1671.7 6.60057e+09
1.01624e-13 1726.09 6.60057e+09
1.02082e-13 1782.16 6.60057e+09
1.02542e-13 1839.96 6.60057e+09
1.03003e-13 1899.52 6.60057e+09
1.03467e-13 1960.92 6.60057e+09
1.03933e-13 2024.19 6.60056e+09
1.04401e-13 2089.4 6.60056e+09
1.04872e-13 2156.59 6.60056e+09
1.05344e-13 2225.82 6.60056e+09
1.05818e-13 2297.16 6.60055e+09
1.06295e-13 2370.65 6.60055e+09
1.06774e-13 2446.37 6.60055e+09
1.07255e-13 2524.37 6.60055e+09
1.07738e-13 2604.72 6.60055e+09
1.08223e-13 2687.49 6.60054e+09
1.0871e-13 2772.74 6.60054e+09
1.092e-13 2860.54 6.60054e+09
1.09692e-13 2950.96 6.60053e+09
1.10186e-13 3044.08 6.60053e+09
1.10682e-13 3139.97 6.60053e+09
1.1118e-13 3238.7 6.60053e+09
1.11681e-13 3340.36 6.60052e+09
1.12184e-13 3445.03 6.60052e+09
1.12689e-13 3552.78 6.60052e+09
1.13197e-13 3663.71 6.60051e+09
1.13707e-13 3777.89 6.60051e+09
1.14219e-13 3895.42 6.6005e+09
1.14733e-13 4016.39 6.6005e+09
1.1525e-13 4140.9 6.6005e+09
1.15769e-13 4269.03 6.60049e+09
1.1629e-13 4400.88 6.60049e+09
1.16814e-13 4536.57 6.60048e+09
1.1734e-13 4676.17 6.60048e+09
1.17869e-13 4819.82 6.60047e+09
1.18399e-13 4967.59 6.60047e+09
1.18933e-13 5119.63 6.60046e+09
1.19468e-13 5276.01 6.60046e+09
1.20006e-13 5436.89 6.60045e+09
1.20547e-13 5602.35 6.60045e+09
1.2109e-13 5772.53 6.60044e+09
1.21635e-13 5947.55 6.60044e+09
1.22183e-13 6127.54 6.60043e+09
1.22733e-13 6312.63 6.60043e+09
1.23286e-13 6502.93 6.60042e+09
1.23841e-13 6698.61 6.60041e+09
1.24399e-13 6899.78 6.60041e+09
1.24959e-13 7106.61 6.6004e+09
1.25522e-13 7319.21 6.60039e+09
1.26087e-13 7537.76 6.60038e+09
1.26655e-13 7762.39 6.60038e+09
1.27226e-13 7993.27 6.60037e+09
1.27799e-13 8230.55 6.60036e+09
1.28374e-13 8474.38 6.60035e+09
1.28952e-13 8724.95 6.60034e+09
1.29533e-13 8982.42 6.60034e+09
1.30116e-13 9246.95 6.60033e+09
1.30702e-13 9518.74 6.60032e+09
1.31291e-13 9797.94 6.60031e+09
1.31882e-13 10084.8 6.6003e+09
1.32476e-13 10379.4 6.60029e+09
1.33073e-13 10682 6.60028e+09
1.33672e-13 10992.8 6.60027e+09
1.34274e-13 11312 6.60026e+09
1.34879e-13 11639.8 6.60024e+09
1.35487e-13 11976.4 6.60023e+09
1.36097e-13 12321.9 6.60022e+09
1.3671e-13 12676.8 6.60021e+09
1.37325e-13 13041.1 6.6002e+09
1.37944e-13 13415 6.60018e+09
1.38565e-13 13798.9 6.60017e+09
1.39189e-13 14192.9 6.60016e+09
1.39816e-13 14597.3 6.60014e+09
1.40446e-13 15012.4 6.60013e+09
1.41078e-13 15438.3 6.60011e+09
1.41714e-13 15875.4 6.6001e+09
1.42352e-13 16323.9 6.60008e+09
1.42993e-13 16784 6.60006e+09
1.43637e-13 17256.1 6.60005e+09
1.44284e-13 17740.5 6.60003e+09
1.44934e-13 18237.2 6.60001e+09
1.45586e-13 18746.8 6.59999e+09
1.46242e-13 19269.5 6.59998e+09
1.46901e-13 19805.5 6.59996e+09
1.47562e-13 20355.2 6.59994e+09
1.48227e-13 20918.9 6.59992e+09
1.48894e-13 21496.9 6.5999e+09
1.49565e-13 22089.5 6.59987e+09
1.50239e-13 22697 6.59985e+09
1.50915e-13 23319.9 6.59983e+09
1.51595e-13 23958.3 6.59981e+09
1.52278e-13 24612.7 6.59978e+09
1.52963e-13 25283.5 6.59976e+09
1.53652e-13 25970.9 6.59973e+09
1.54344e-13 26675.2 6.59971e+09
1.5504e-13 27397.1 6.59968e+09
1.55738e-13 28136.7 6.59965e+09
1.56439e-13 28894.4 6.59962e+09
1.57144e-13 29670.7 6.59959e+09
1.57851e-13 30465.9 6.59956e+09
1.58562e-13 31280.5 6.59953e+09
1.59277e-13 32114.8 6.5995e+09
1.59994e-13 32969.3 6.59947e+09
1.60714e-13 33844.4 6.59944e+09
1.61438e-13 34740.4 6.5994e+09
1.62165e-13 35657.9 6.59937e+09
1.62896e-13 36597.3 6.59933e+09
1.63629e-13 37559.1 6.5993e+09
1.64366e-13 38543.6 6.59926e+09
1.65106e-13 39551.4 6.59922e+09
1.6585e-13 40582.9 6.59918e+09
1.66597e-13 41638.7 6.59914e+09
1.67347e-13 42719.1 6.5991e+09
1.68101e-13 43824.6 6.59906e+09
1.68858e-13 44955.9 6.59901e+09
1.69619e-13 46113.4 6.59897e+09
1.70382e-13 47297.6 6.59892e+09
1.7115e-13 48508.9 6.59887e+09
1.71921e-13 49748 6.59883e+09
1.72695e-13 51015.4 6.59878e+09
1.73473e-13 52311.7 6.59873e+09
1.74254e-13 53637.4 6.59867e+09
1.75039e-13 54992.8 6.59862e+09
1.75827e-13 56378.8 6.59856e+09
1.76619e-13 57795.9 6.59851e+09
1.77414e-13 59244.8 6.59845e+09
1.78213e-13 60725.9 6.59839e+09
1.79016e-13 62239.6 6.59833e+09
1.79822e-13 63786.8 6.59827e+09
1.80632e-13 65368.2 6.5982e+09
1.81446e-13 66984.3 6.59814e+09
1.82263e-13 68635.7 6.59807e+09
1.83084e-13 70322.9 6.598e+09
1.83908e-13 72046.6 6.59793e+09
1.84736e-13 73807.6 6.59786e+09
1.85568e-13 75606.6 6.59779e+09
1.86404e-13 77444.2 6.59771e+09
1.87244e-13 79321.1 6.59763e+09
1.88087e-13 81237.6 6.59755e+09
1.88934e-13 83194.7 6.59747e+09
1.89785e-13 85193.2 6.59739e+09
1.9064e-13 87233.7 6.5973e+09
1.91498e-13 89317 6.59722e+09
1.92361e-13 91443.8 6.59713e+09
1.93227e-13 93614.6 6.59704e+09
1.94097e-13 95830.2 6.59694e+09
1.94972e-13 98091.4 6.59685e+09
1.9585e-13 100399 6.59675e+09
1.96732e-13 102754 6.59665e+09
1.97618e-13 105157 6.59655e+09
1.98508e-13 107609 6.59644e+09
1.99402e-13 110110 6.59633e+09
2.003e-13 112661 6.59622e+09
2.01202e-13 115263 6.59611e+09
2.02108e-13 117917 6.596e+09
2.03018e-13 120624 6.59588e+09
2.03933e-13 123385 6.59576e+09
2.04851e-13 126200 6.59563e+09
2.05774e-13 129070 6.59551e+09
2.067e-13 131996 6.59538e+09
2.07631e-13 134980 6.59525e+09
2.08566e-13 138020 6.59511e+09
2.09506e-13 141120 6.59497e+09
2.10449e-13 144279 6.59483e+09
2.11397e-13 147498 6.59469e+09
2.12349e-13 150779 6.59454e+09
2.13306e-13 154123 6.59439e+09
2.14266e-13 157529 6.59424e+09
2.15231e-13 161000 6.59408e+09
2.16201e-13 164536 6.59392e+09
2.17174e-13 168138 6.59375e+09
2.18152e-13 171806 6.59358e+09
2.19135e-13 175543 6.59341e+09
2.20122e-13 179348 6.59324e+09
2.21113e-13 183224 6.59306e+09
2.22109e-13 187170 6.59287e+09
2.23109e-13 191188 6.59269e+09
2.24114e-13 195279 6.5925e+09
2.25123e-13 199445 6.5923e+09
2.26137e-13 203685 6.5921e+09
2.27156e-13 208001 6.5919e+09
2.28179e-13 212394 6.59169e+09
2.29206e-13 216865 6.59148e+09
2.30239e-13 221415 6.59126e+09
2.31276e-13 226046 6.59104e+09
2.32317e-13 230758 6.59081e+09
2.33364e-13 235552 6.59058e+09
2.34415e-13 240430 6.59035e+09
2.3547e-13 245392 6.59011e+09
2.36531e-13 250440 6.58986e+09
2.37596e-13 255574 6.58961e+09
2.38666e-13 260797 6.58935e+09
2.39741e-13 266108 6.58909e+09
2.40821e-13 271510 6.58883e+09
2.41905e-13 277004 6.58856e+09
2.42995e-13 282589 6.58828e+09
2.44089e-13 288269 6.588e+09
2.45188e-13 294044 6.58771e+09
2.46293e-13 299914 6.58741e+09
2.47402e-13 305882 6.58711e+09
2.48516e-13 311948 6.58681e+09
2.49635e-13 318114 6.5865e+09
2.5076e-13 324381 6.58618e+09
2.51889e-13 330751 6.58585e+09
2.53023e-13 337223 6.58552e+09
2.54163e-13 343800 6.58519e+09
2.55308e-13 350484 6.58484e+09
2.56458e-13 357274 6.58449e+09
2.57613e-13 364173 6.58413e+09
2.58773e-13 371181 6.58377e+09
2.59938e-13 378300 6.5834e+09
2.61109e-13 385532 6.58302e+09
2.62285e-13 392877 6.58264e+09
2.63466e-13 400337 6.58224e+09
2.64653e-13 407913 6.58184e+09
2.65845e-13 415607 6.58143e+09
2.67042e-13 423420 6.58102e+09
2.68245e-13 431352 6.5806e+09
2.69453e-13 439407 6.58016e+09
2.70666e-13 447584 6.57972e+09
2.71885e-13 455885 6.57928e+09
2.7311e-13 464312 6.57882e+09
2.7434e-13 472866 6.57836e+09
2.75575e-13 481548 6.57788e+09
2.76816e-13 490359 6.5774e+09
2.78063e-13 499301 6.57691e+09
2.79315e-13 508376 6.57641e+09
2.80573e-13 517585 6.5759e+09
2.81837e-13 526928 6.57539e+09
2.83106e-13 536408 6.57486e+09
2.84381e-13 546027 6.57432e+09
2.85662e-13 555785 6.57378e+09
2.86949e-13 565683 6.57322e+09
2.88241e-13 575724 6.57266e+09
2.89539e-13 585909 6.57208e+09
2.90843e-13 596239 6.57149e+09
2.92153e-13 606715 6.5709e+09
2.93469e-13 617340 6.57029e+09
2.9479e-13 628114 6.56967e+09
2.96118e-13 639039 6.56905e+09
2.97452e-13 650117 6.56841e+09
2.98791e-13 661347 6.56776e+09
3.00137e-13 672732 6.5671e+09
3.01489e-13 684275 6.56642e+09
3.02847e-13 695975 6.56574e+09
3.0421e-13 707835 6.56504e+09
3.05581e-13 719856 6.56433e+09
3.06957e-13 732040 6.56361e+09
3.08339e-13 744389 6.56288e+09
3.09728e-13 756902 6.56214e+09
3.11123e-13 769584 6.56138e+09
3.12524e-13 782433 6.56061e+09
3.13932e-13 795452 6.55983e+09
3.15345e-13 808641 6.55903e+09
3.16766e-13 822003 6.55823e+09
3.18192e-13 835540 6.5574e+09
3.19625e-13 849253 6.55657e+09
3.21065e-13 863143 6.55572e+09
3.22511e-13 877212 6.55486e+09
3.23963e-13 891462 6.55398e+09
3.25422e-13 905894 6.55309e+09
3.26888e-13 920508 6.55218e+09
3.2836e-13 935306 6.55126e+09
3.29839e-13 950290 6.55032e+09
3.31324e-13 965462 6.54937e+09
3.32817e-13 980823 6.54841e+09
3.34316e-13 996375 6.54743e+09
3.35821e-13 1.01212e+06 6.54643e+09
3.37334e-13 1.02806e+06 6.54542e+09
3.38853e-13 1.04419e+06 6.54439e+09
3.40379e-13 1.06052e+06 6.54335e+09
3.41912e-13 1.07704e+06 6.54229e+09
3.43452e-13 1.09377e+06 6.54121e+09
3.44999e-13 1.11069e+06 6.54012e+09
3.46552e-13 1.12782e+06 6.53901e+09
3.48113e-13 1.14515e+06 6.53788e+09
3.49681e-13 1.16269e+06 6.53673e+09
3.51256e-13 1.18043e+06 6.53557e+09
3.52838e-13 1.19838e+06 6.53439e+09
3.54427e-13 1.21654e+06 6.53319e+09
3.56023e-13 1.23491e+06 6.53197e+09
3.57627e-13 1.25349e+06 6.53074e+09
3.59237e-13 1.27229e+06 6.52949e+09
3.60855e-13 1.2913e+06 6.52821e+09
3.6248e-13 1.31052e+06 6.52692e+09
3.64113e-13 1.32997e+06 6.52561e+09
3.65753e-13 1.34963e+06 6.52428e+09
3.674e-13 1.36951e+06 6.52293e+09
3.69055e-13 1.38962e+06 6.52156e+09
3.70717e-13 1.40994e+06 6.52017e+09
3.72386e-13 1.43049e+06 6.51876e+09
3.74063e-13 1.45126e+06 6.51733e+09
3.75748e-13 1.47227e+06 6.51588e+09
3.7744e-13 1.4935e+06 6.51441e+09
3.7914e-13 1.51496e+06 6.51292e+09
3.80848e-13 1.53665e+06 6.5114e+09
3.82563e-13 1.55857e+06 6.50986e+09
3.84286e-13 1.58072e+06 6.50831e+09
3.86017e-13 1.60311e+06 6.50672e+09
3.87755e-13 1.62574e+06 6.50512e+09
3.89502e-13 1.6486e+06 6.5035e+09
3.91256e-13 1.67169e+06 6.50185e+09
3.93018e-13 1.69503e+06 6.50018e+09
3.94788e-13 1.71861e+06 6.49848e+09
3.96566e-13 1.74243e+06 6.49676e+09
3.98352e-13 1.76649e+06 6.49502e+09
4.00146e-13 1.79079e+06 6.49325e+09
4.01948e-13 1.81534e+06 6.49146e+09
4.03758e-13 1.84013e+06 6.48965e+09
4.05577e-13 1.86518e+06 6.48781e+09
4.07403e-13 1.89046e+06 6.48594e+09
4.09238e-13 1.916e+06 6.48405e+09
4.11081e-13 1.94178e+06 6.48214e+09
4.12933e-13 1.96782e+06 6.48019e+09
4.14792e-13 1.99411e+06 6.47823e+09
4.16661e-13 2.02065e+06 6.47623e+09
4.18537e-13 2.04745e+06 6.47421e+09
4.20422e-13 2.0745e+06 6.47216e+09
4.22315e-13 2.10181e+06 6.47009e+09
4.24217e-13 2.12937e+06 6.46799e+09
4.26128e-13 2.15718e+06 6.46586e+09
4.28047e-13 2.18526e+06 6.4637e+09
4.29975e-13 2.2136e+06 6.46152e+09
4.31911e-13 2.24219e+06 6.4593e+09
4.33857e-13 2.27104e+06 6.45706e+09
4.35811e-13 2.30016e+06 6.45479e+09
4.37773e-13 2.32954e+06 6.45249e+09
4.39745e-13 2.35918e+06 6.45016e+09
4.41725e-13 2.38908e+06 6.4478e+09
4.43715e-13 2.41925e+06 6.44541e+09
4.45713e-13 2.44968e+06 6.44299e+09
4.47721e-13 2.48038e+06 6.44054e+09
4.49737e-13 2.51134e+06 6.43806e+09
4.51762e-13 2.54257e+06 6.43555e+09
4.53797e-13 2.57406e+06 6.43301e+09
4.55841e-13 2.60583e+06 6.43043e+09
4.57894e-13 2.63786e+06 6.42783e+09
4.59956e-13 2.67015e+06 6.42519e+09
4.62028e-13 2.70272e+06 6.42252e+09
4.64108e-13 2.73556e+06 6.41982e+09
4.66199e-13 2.76866e+06 6.41708e+09
4.68298e-13 2.80204e+06 6.41431e+09
4.70407e-13 2.83568e+06 6.41151e+09
4.72526e-13 2.8696e+06 6.40867e+09
4.74654e-13 2.90378e+06 6.40581e+09
4.76792e-13 2.93824e+06 6.4029e+09
4.78939e-13 2.97297e+06 6.39996e+09
4.81096e-13 3.00796e+06 6.39699e+09
4.83263e-13 3.04323e+06 6.39398e+09
4.85439e-13 3.07877e+06 6.39094e+09
4.87626e-13 3.11459e+06 6.38786e+09
4.89822e-13 3.15067e+06 6.38475e+09
4.92028e-13 3.18702e+06 6.38159e+09
4.94244e-13 3.22365e+06 6.37841e+09
4.9647e-13 3.26055e+06 6.37518e+09
4.98705e-13 3.29771e+06 6.37192e+09
5.00952e-13 3.33515e+06 6.36863e+09
5.03208e-13 3.37287e+06 6.36529e+09
5.05474e-13 3.41084e+06 6.36192e+09
5.0775e-13 3.44909e+06 6.35851e+09
5.10037e-13 3.48762e+06 6.35506e+09
5.12334e-13 3.52641e+06 6.35157e+09
5.14642e-13 3.56547e+06 6.34804e+09
5.16959e-13 3.6048e+06 6.34448e+09
5.19288e-13 3.6444e+06 6.34087e+09
5.21626e-13 3.68427e+06 6.33723e+09
5.23976e-13 3.7244e+06 6.33355e+09
5.26336e-13 3.76481e+06 6.32982e+09
5.28706e-13 3.80548e+06 6.32606e+09
5.31087e-13 3.84641e+06 6.32225e+09
5.33479e-13 3.88762e+06 6.3184e+09
5.35882e-13 3.92909e+06 6.31452e+09
5.38295e-13 3.97082e+06 6.31059e+09
5.40719e-13 4.01281e+06 6.30662e+09
5.43155e-13 4.05507e+06 6.3026e+09
5.45601e-13 4.09759e+06 6.29855e+09
5.48058e-13 4.14037e+06 6.29445e+09
5.50526e-13 4.18342e+06 6.29031e+09
5.53006e-13 4.22671e+06 6.28613e+09
5.55496e-13 4.27028e+06 6.2819e+09
5.57998e-13 4.3141e+06 6.27763e+09
5.60511e-13 4.35817e+06 6.27332e+09
5.63036e-13 4.4025e+06 6.26896e+09
5.65571e-13 4.44709e+06 6.26456e+09
5.68119e-13 4.49192e+06 6.26011e+09
5.70677e-13 4.53701e+06 6.25562e+09
5.73247e-13 4.58235e+06 6.25108e+09
5.75829e-13 4.62793e+06 6.2465e+09
5.78422e-13 4.67377e+06 6.24187e+09
5.81027e-13 4.71986e+06 6.2372e+09
5.83644e-13 4.76618e+06 6.23248e+09
5.86273e-13 4.81275e+06 6.22771e+09
5.88913e-13 4.85957e+06 6.2229e+09
5.91566e-13 4.90662e+06 6.21804e+09
5.9423e-13 4.95392e+06 6.21313e+09
5.96906e-13 5.00146e+06 6.20818e+09
5.99594e-13 5.04922e+06 6.20318e+09
6.02295e-13 5.09723e+06 6.19813e+09
6.05007e-13 5.14546e+06 6.19303e+09
6.07732e-13 5.19392e+06 6.18788e+09
6.10469e-13 5.24263e+06 6.18269e+09
6.13218e-13 5.29155e+06 6.17745e+09
6.1598e-13 5.34069e+06 6.17216e+09
6.18754e-13 5.39007e+06 6.16681e+09
6.21541e-13 5.43966e+06 6.16142e+09
6.2434e-13 5.48947e+06 6.15598e+09
6.27152e-13 5.53951e+06 6.1505e+09
6.29977e-13 5.58974e+06 6.14496e+09
6.32814e-13 5.64021e+06 6.13937e+09
6.35664e-13 5.69088e+06 6.13373e+09
6.38527e-13 5.74175e+06 6.12803e+09
6.41403e-13 5.79284e+06 6.12229e+09
6.44291e-13 5.84412e+06 6.1165e+09
6.47193e-13 5.89561e+06 6.11066e+09
6.50108e-13 5.94731e+06 6.10476e+09
6.53036e-13 5.99919e+06 6.09881e+09
6.55977e-13 6.05127e+06 6.09281e+09
6.58931e-13 6.10355e+06 6.08676e+09
6.61899e-13 6.15601e+06 6.08066e+09
6.6488e-13 6.20866e+06 6.0745e+09
6.67874e-13 6.26149e+06 6.06829e+09
6.70882e-13 6.31451e+06 6.06203e+09
6.73903e-13 6.36771e+06 6.05572e+09
6.76938e-13 6.42107e+06 6.04935e+09
6.79987e-13 6.47462e+06 6.04293e+09
6.8305e-13 6.52833e+06 6.03646e+09
6.86126e-13 6.58221e+06 6.02993e+09
6.89216e-13 6.63627e+06 6.02334e+09
6.9232e-13 6.69046e+06 6.01671e+09
6.95438e-13 6.74484e+06 6.01002e+09
6.9857e-13 6.79936e+06 6.00327e+09
7.01716e-13 6.85403e+06 5.99647e+09
7.04877e-13 6.90887e+06 5.98962e+09
7.08051e-13 6.96382e+06 5.98271e+09
7.1124e-13 7.01894e+06 5.97575e+09
7.14443e-13 7.0742e+06 5.96873e+09
7.17661e-13 7.12958e+06 5.96165e+09
7.20893e-13 7.18512e+06 5.95452e+09
7.2414e-13 7.24076e+06 5.94734e+09
7.27401e-13 7.29655e+06 5.9401e+09
7.30677e-13 7.35245e+06 5.9328e+09
7.33968e-13 7.40847e+06 5.92545e+09
7.37273e-13 7.46462e+06 5.91804e+09
7.40594e-13 7.52086e+06 5.91058e+09
7.43929e-13 7.57723e+06 5.90306e+09
7.4728e-13 7.6337e+06 5.89548e+09
7.50645e-13 7.69027e+06 5.88784e+09
7.54026e-13 7.74694e+06 5.88015e+09
7.57422e-13 7.8037e+06 5.87241e+09
7.60833e-13 7.86056e+06 5.8646e+09
7.6426e-13 7.91749e+06 5.85674e+09
7.67702e-13 7.97452e+06 5.84883e+09
7.71159e-13 8.03163e+06 5.84085e+09
7.74632e-13 8.0888e+06 5.83282e+09
7.78121e-13 8.14606e+06 5.82473e+09
7.81625e-13 8.20338e+06 5.81658e+09
7.85146e-13 8.26077e+06 5.80838e+09
7.88682e-13 8.31821e+06 5.80012e+09
7.92234e-13 8.37571e+06 5.7918e+09
7.95802e-13 8.43326e+06 5.78343e+09
7.99386e-13 8.49086e+06 5.77499e+09
8.02986e-13 8.54851e+06 5.7665e+09
8.06602e-13 8.60619e+06 5.75795e+09
8.10235e-13 8.66392e+06 5.74935e+09
8.13884e-13 8.72166e+06 5.74068e+09
8.1755e-13 8.77945e+06 5.73196e+09
8.21232e-13 8.83724e+06 5.72318e+09
8.2493e-13 8.89507e+06 5.71435e+09
8.28645e-13 8.9529e+06 5.70545e+09
8.32377e-13 9.01074e+06 5.6965e+09
8.36126e-13 9.0686e+06 5.68749e+09
8.39892e-13 9.12644e+06 5.67842e+09
8.43674e-13 9.18431e+06 5.66929e+09
8.47474e-13 9.24214e+06 5.66011e+09
8.51291e-13 9.29998e+06 5.65087e+09
8.55125e-13 9.35778e+06 5.64157e+09
8.58976e-13 9.41558e+06 5.63221e+09
8.62845e-13 9.47335e+06 5.62279e+09
8.66731e-13 9.53109e+06 5.61332e+09
8.70634e-13 9.58879e+06 5.60379e+09
8.74555e-13 9.64646e+06 5.5942e+09
8.78494e-13 9.70409e+06 5.58455e+09
8.82451e-13 9.76166e+06 5.57485e+09
8.86425e-13 9.81919e+06 5.56509e+09
8.90417e-13 9.87665e+06 5.55527e+09
8.94427e-13 9.93407e+06 5.54539e+09
8.98455e-13 9.99139e+06 5.53546e+09
9.02502e-13 1.00487e+07 5.52546e+09
9.06566e-13 1.01059e+07 5.51542e+09
9.10649e-13 1.0163e+07 5.50531e+09
9.14751e-13 1.022e+07 5.49515e+09
9.1887e-13 1.02769e+07 5.48493e+09
9.23009e-13 1.03338e+07 5.47465e+09
9.27166e-13 1.03905e+07 5.46432e+09
9.31341e-13 1.04472e+07 5.45393e+09
9.35536e-13 1.05037e+07 5.44348e+09
9.39749e-13 1.05601e+07 5.43298e+09
9.43982e-13 1.06164e+07 5.42242e+09
9.48233e-13 1.06726e+07 5.4118e+09
9.52504e-13 1.07287e+07 5.40113e+09
9.56793e-13 1.07846e+07 5.3904e+09
9.61103e-13 1.08404e+07 5.37961e+09
9.65431e-13 1.0896e+07 5.36877e+09
9.69779e-13 1.09515e+07 5.35788e+09
9.74147e-13 1.10069e+07 5.34692e+09
9.78534e-13 1.10621e+07 5.33592e+09
9.82941e-13 1.11171e+07 5.32486e+09
9.87368e-13 1.1172e+07 5.31374e+09
9.91815e-13 1.12267e+07 5.30257e+09
9.96282e-13 1.12812e+07 5.29134e+09
1.00077e-12 1.13355e+07 5.28006e+09
1.00528e-12 1.13897e+07 5.26872e+09
1.0098e-12 1.14437e+07 5.25733e+09
1.01435e-12 1.14974e+07 5.24589e+09
1.01892e-12 1.1551e+07 5.23439e+09
1.02351e-12 1.16044e+07 5.22284e+09
1.02812e-12 1.16575e+07 5.21124e+09
1.03275e-12 1.17105e+07 5.19958e+09
1.0374e-12 1.17632e+07 5.18787e+09
1.04207e-12 1.18157e+07 5.17611e+09
1.04676e-12 1.1868e+07 5.16429e+09
1.05148e-12 1.19201e+07 5.15242e+09
1.05621e-12 1.19719e+07 5.1405e+09
1.06097e-12 1.20235e+07 5.12853e+09
1.06575e-12 1.20748e+07 5.11651e+09
1.07055e-12 1.21259e+07 5.10443e+09
1.07537e-12 1.21767e+07 5.09231e+09
1.08021e-12 1.22273e+07 5.08013e+09
1.08508e-12 1.22776e+07 5.0679e+09
1.08997e-12 1.23276e+07 5.05562e+09
1.09487e-12 1.23774e+07 5.0433e+09
1.09981e-12 1.24268e+07 5.03092e+09
1.10476e-12 1.2476e+07 5.01849e+09
1.10973e-12 1.2525e+07 5.00602e+09
1.11473e-12 1.25736e+07 4.99349e+09
1.11975e-12 1.26219e+07 4.98092e+09
1.1248e-12 1.26699e+07 4.9683e+09
1.12986e-12 1.27177e+07 4.95563e+09
1.13495e-12 1.27651e+07 4.94291e+09
1.14006e-12 1.28122e+07 4.93014e+09
1.1452e-12 1.28589e+07 4.91733e+09
1.15035e-12 1.29054e+07 4.90447e+09
1.15553e-12 1.29515e+07 4.89157e+09
1.16074e-12 1.29974e+07 4.87862e+09
1.16597e-12 1.30428e+07 4.86562e+09
1.17122e-12 1.3088e+07 4.85258e+09
1.17649e-12 1.31327e+07 4.83949e+09
1.18179e-12 1.31772e+07 4.82635e+09
1.18711e-12 1.32213e+07 4.81318e+09
1.19246e-12 1.3265e+07 4.79996e+09
1.19783e-12 1.33084e+07 4.78669e+09
1.20323e-12 1.33514e+07 4.77338e+09
1.20864e-12 1.3394e+07 4.76003e+09
1.21409e-12 1.34363e+07 4.74664e+09
1.21956e-12 1.34782e+07 4.7332e+09
1.22505e-12 1.35197e+07 4.71972e+09
1.23057e-12 1.35608e+07 4.7062e+09
1.23611e-12 1.36016e+07 4.69264e+09
1.24167e-12 1.36419e+07 4.67904e+09
1.24727e-12 1.36819e+07 4.6654e+09
1.25288e-12 1.37214e+07 4.65172e+09
1.25853e-12 1.37606e+07 4.638e+09
1.26419e-12 1.37993e+07 4.62424e+09
1.26989e-12 1.38377e+07 4.61044e+09
1.27561e-12 1.38756e+07 4.5966e+09
1.28135e-12 1.39131e+07 4.58272e+09
1.28712e-12 1.39502e+07 4.56881e+09
1.29292e-12 1.39869e+07 4.55486e+09
1.29874e-12 1.40231e+07 4.54087e+09
1.30459e-12 1.40589e+07 4.52685e+09
1.31047e-12 1.40943e+07 4.51279e+09
1.31637e-12 1.41292e+07 4.4987e+09
1.3223e-12 1.41638e+07 4.48457e+09
1.32825e-12 1.41978e+07 4.4704e+09
1.33424e-12 1.42314e+07 4.45621e+09
1.34024e-12 1.42646e+07 4.44197e+09
1.34628e-12 1.42973e+07 4.42771e+09
1.35234e-12 1.43295e+07 4.41341e+09
1.35843e-12 1.43613e+07 4.39908e+09
1.36455e-12 1.43927e+07 4.38472e+09
1.3707e-12 1.44235e+07 4.37033e+09
1.37687e-12 1.44539e+07 4.35591e+09
1.38307e-12 1.44839e+07 4.34145e+09
1.3893e-12 1.45133e+07 4.32697e+09
1.39556e-12 1.45423e+07 4.31245e+09
1.40184e-12 1.45708e+07 4.29791e+09
1.40816e-12 1.45988e+07 4.28334e+09
1.4145e-12 1.46264e+07 4.26874e+09
1.42087e-12 1.46535e+07 4.25412e+09
1.42727e-12 1.468e+07 4.23946e+09
1.4337e-12 1.47061e+07 4.22478e+09
1.44015e-12 1.47317e+07 4.21008e+09
1.44664e-12 1.47568e+07 4.19534e+09
1.45315e-12 1.47814e+07 4.18059e+09
1.4597e-12 1.48055e+07 4.16581e+09
1.46627e-12 1.48291e+07 4.151e+09
1.47288e-12 1.48522e+07 4.13617e+09
1.47951e-12 1.48747e+07 4.12132e+09
1.48617e-12 1.48968e+07 4.10644e+09
1.49287e-12 1.49184e+07 4.09155e+09
1.49959e-12 1.49395e+07 4.07663e+09
1.50634e-12 1.496e+07 4.06169e+09
1.51313e-12 1.498e+07 4.04673e+09
1.51994e-12 1.49996e+07 4.03175e+09
1.52679e-12 1.50186e+07 4.01675e+09
1.53366e-12 1.50371e+07 4.00173e+09
1.54057e-12 1.5055e+07 3.98669e+09
1.54751e-12 1.50725e+07 3.97164e+09
1.55448e-12 1.50894e+07 3.95657e+09
1.56148e-12 1.51058e+07 3.94148e+09
1.56851e-12 1.51217e+07 3.92637e+09
1.57558e-12 1.5137e+07 3.91125e+09
1.58267e-12 1.51518e+07 3.89611e+09
1.5898e-12 1.51661e+07 3.88096e+09
1.59696e-12 1.51798e+07 3.8658e+09
1.60415e-12 1.51931e+07 3.85062e+09
1.61138e-12 1.52057e+07 3.83542e+09
1.61864e-12 1.52179e+07 3.82022e+09
1.62592e-12 1.52295e+07 3.805e+09
1.63325e-12 1.52406e+07 3.78977e+09
1.6406e-12 1.52512e+07 3.77453e+09
1.64799e-12 1.52612e+07 3.75928e+09
1.65541e-12 1.52707e+07 3.74402e+09
1.66287e-12 1.52796e+07 3.72875e+09
1.67036e-12 1.5288e+07 3.71347e+09
1.67788e-12 1.52959e+07 3.69818e+09
1.68544e-12 1.53033e+07 3.68288e+09
1.69303e-12 1.53101e+07 3.66758e+09
1.70065e-12 1.53163e+07 3.65227e+09
1.70831e-12 1.5322e+07 3.63695e+09
1.71601e-12 1.53272e+07 3.62163e+09
1.72374e-12 1.53319e+07 3.6063e+09
1.7315e-12 1.5336e+07 3.59097e+09
1.7393e-12 1.53396e+07 3.57564e+09
1.74713e-12 1.53426e+07 3.5603e+09
1.755e-12 1.53451e+07 3.54495e+09
1.7629e-12 1.5347e+07 3.52961e+09
1.77084e-12 1.53484e+07 3.51426e+09
1.77882e-12 1.53493e+07 3.49891e+09
1.78683e-12 1.53496e+07 3.48356e+09
1.79488e-12 1.53495e+07 3.46821e+09
1.80296e-12 1.53487e+07 3.45286e+09
1.81108e-12 1.53475e+07 3.43752e+09
1.81924e-12 1.53457e+07 3.42217e+09
1.82743e-12 1.53433e+07 3.40682e+09
1.83566e-12 1.53405e+07 3.39148e+09
1.84393e-12 1.53371e+07 3.37614e+09
1.85223e-12 1.53331e+07 3.3608e+09
1.86057e-12 1.53287e+07 3.34547e+09
1.86895e-12 1.53237e+07 3.33014e+09
1.87737e-12 1.53182e+07 3.31482e+09
1.88583e-12 1.53122e+07 3.2995e+09
1.89432e-12 1.53056e+07 3.28419e+09
1.90285e-12 1.52985e+07 3.26888e+09
1.91142e-12 1.52909e+07 3.25358e+09
1.92003e-12 1.52827e+07 3.23829e+09
1.92868e-12 1.52741e+07 3.22301e+09
1.93736e-12 1.52649e+07 3.20773e+09
1.94609e-12 1.52552e+07 3.19247e+09
1.95485e-12 1.5245e+07 3.17721e+09
1.96366e-12 1.52343e+07 3.16197e+09
1.9725e-12 1.5223e+07 3.14673e+09
1.98138e-12 1.52113e+07 3.13151e+09
1.99031e-12 1.5199e+07 3.1163e+09
1.99927e-12 1.51863e+07 3.1011e+09
2.00827e-12 1.5173e+07 3.08592e+09
2.01732e-12 1.51592e+07 3.07074e+09
2.0264e-12 1.51449e+07 3.05558e+09
2.03553e-12 1.51302e+07 3.04044e+09
2.0447e-12 1.51149e+07 3.02531e+09
2.05391e-12 1.50991e+07 3.01019e+09
2.06316e-12 1.50829e+07 2.99509e+09
2.07245e-12 1.50661e+07 2.98001e+09
2.08178e-12 1.50488e+07 2.96494e+09
2.09116e-12 1.50311e+07 2.9499e+09
2.10058e-12 1.50129e+07 2.93486e+09
2.11004e-12 1.49942e+07 2.91985e+09
2.11954e-12 1.4975e+07 2.90486e+09
2.12909e-12 1.49554e+07 2.88988e+09
2.13867e-12 1.49352e+07 2.87493e+09
2.14831e-12 1.49146e+07 2.85999e+09
2.15798e-12 1.48935e+07 2.84508e+09
2.1677e-12 1.4872e+07 2.83018e+09
2.17746e-12 1.485e+07 2.81531e+09
2.18727e-12 1.48275e+07 2.80046e+09
2.19712e-12 1.48046e+07 2.78563e+09
2.20702e-12 1.47812e+07 2.77083e+09
2.21696e-12 1.47574e+07 2.75605e+09
2.22694e-12 1.47331e+07 2.74129e+09
2.23697e-12 1.47084e+07 2.72656e+09
2.24704e-12 1.46832e+07 2.71185e+09
2.25716e-12 1.46575e+07 2.69717e+09
2.26733e-12 1.46315e+07 2.68251e+09
2.27754e-12 1.4605e+07 2.66788e+09
2.2878e-12 1.4578e+07 2.65327e+09
2.2981e-12 1.45507e+07 2.63869e+09
2.30845e-12 1.45229e+07 2.62414e+09
2.31885e-12 1.44947e+07 2.60962e+09
2.32929e-12 1.44661e+07 2.59513e+09
2.33978e-12 1.4437e+07 2.58066e+09
2.35032e-12 1.44075e+07 2.56622e+09
2.36091e-12 1.43777e+07 2.55182e+09
2.37154e-12 1.43474e+07 2.53744e+09
2.38222e-12 1.43167e+07 2.52309e+09
2.39295e-12 1.42856e+07 2.50877e+09
2.40373e-12 1.42542e+07 2.49449e+09
2.41455e-12 1.42223e+07 2.48023e+09
2.42543e-12 1.419e+07 2.46601e+09
2.43635e-12 1.41574e+07 2.45182e+09
2.44732e-12 1.41243e+07 2.43766e+09
2.45834e-12 1.4091e+07 2.42354e+09
2.46942e-12 1.40572e+07 2.40945e+09
2.48054e-12 1.4023e+07 2.39539e+09
2.49171e-12 1.39885e+07 2.38137e+09
2.50293e-12 1.39536e+07 2.36738e+09
2.5142e-12 1.39183e+07 2.35343e+09
2.52553e-12 1.38828e+07 2.33951e+09
2.5369e-12 1.38468e+07 2.32563e+09
2.54833e-12 1.38105e+07 2.31178e+09
2.5598e-12 1.37738e+07 2.29797e+09
2.57133e-12 1.37368e+07 2.28419e+09
2.58291e-12 1.36995e+07 2.27046e+09
2.59454e-12 1.36618e+07 2.25676e+09
2.60623e-12 1.36238e+07 2.2431e+09
2.61797e-12 1.35855e+07 2.22947e+09
2.62976e-12 1.35469e+07 2.21589e+09
2.6416e-12 1.35079e+07 2.20234e+09
2.6535e-12 1.34686e+07 2.18883e+09
2.66545e-12 1.3429e+07 2.17536e+09
2.67745e-12 1.33891e+07 2.16193e+09
2.68951e-12 1.33489e+07 2.14855e+09
2.70162e-12 1.33084e+07 2.1352e+09
2.71379e-12 1.32676e+07 2.12189e+09
2.72601e-12 1.32266e+07 2.10862e+09
2.73829e-12 1.31852e+07 2.09539e+09
2.75062e-12 1.31435e+07 2.08221e+09
2.76301e-12 1.31016e+07 2.06907e+09
2.77546e-12 1.30594e+07 2.05596e+09
2.78796e-12 1.30169e+07 2.0429e+09
2.80051e-12 1.29742e+07 2.02989e+09
2.81312e-12 1.29312e+07 2.01691e+09
2.82579e-12 1.28879e+07 2.00398e+09
2.83852e-12 1.28444e+07 1.99109e+09
2.8513e-12 1.28006e+07 1.97825e+09
2.86415e-12 1.27566e+07 1.96545e+09
2.87705e-12 1.27123e+07 1.95269e+09
2.89e-12 1.26679e+07 1.93998e+09
2.90302e-12 1.26231e+07 1.92731e+09
2.91609e-12 1.25782e+07 1.91469e+09
2.92923e-12 1.2533e+07 1.90211e+09
2.94242e-12 1.24876e+07 1.88958e+09
2.95567e-12 1.2442e+07 1.87709e+09
2.96898e-12 1.23961e+07 1.86465e+09
2.98235e-12 1.23501e+07 1.85225e+09
2.99578e-12 1.23038e+07 1.8399e+09
3.00928e-12 1.22574e+07 1.8276e+09
3.02283e-12 1.22107e+07 1.81534e+09
3.03644e-12 1.21639e+07 1.80313e+09
3.05012e-12 1.21169e+07 1.79097e+09
3.06386e-12 1.20697e+07 1.77885e+09
3.07765e-12 1.20223e+07 1.76678e+09
3.09152e-12 1.19747e+07 1.75476e+09
3.10544e-12 1.1927e+07 1.74278e+09
3.11942e-12 1.18791e+07 1.73086e+09
3.13347e-12 1.1831e+07 1.71898e+09
3.14759e-12 1.17828e+07 1.70715e+09
3.16176e-12 1.17344e+07 1.69536e+09
3.176e-12 1.16858e+07 1.68363e+09
3.19031e-12 1.16372e+07 1.67194e+09
3.20467e-12 1.15883e+07 1.66031e+09
3.21911e-12 1.15394e+07 1.64872e+09
3.2336e-12 1.14903e+07 1.63718e+09
3.24817e-12 1.1441e+07 1.62569e+09
3.2628e-12 1.13917e+07 1.61425e+09
3.27749e-12 1.13422e+07 1.60286e+09
3.29225e-12 1.12926e+07 1.59151e+09
3.30708e-12 1.12429e+07 1.58022e+09
3.32197e-12 1.1193e+07 1.56898e+09
3.33693e-12 1.11431e+07 1.55778e+09
3.35196e-12 1.1093e+07 1.54664e+09
3.36706e-12 1.10429e+07 1.53555e+09
3.38222e-12 1.09927e+07 1.52451e+09
3.39746e-12 1.09423e+07 1.51351e+09
3.41276e-12 1.08919e+07 1.50257e+09
3.42813e-12 1.08414e+07 1.49168e+09
3.44357e-12 1.07908e+07 1.48084e+09
3.45908e-12 1.07402e+07 1.47005e+09
3.47465e-12 1.06894e+07 1.45931e+09
3.4903e-12 1.06387e+07 1.44862e+09
3.50602e-12 1.05878e+07 1.43798e+09
3.52181e-12 1.05368e+07 1.42739e+09
3.53767e-12 1.04859e+07 1.41685e+09
3.55361e-12 1.04348e+07 1.40637e+09
3.56961e-12 1.03837e+07 1.39593e+09
3.58569e-12 1.03326e+07 1.38555e+09
3.60184e-12 1.02814e+07 1.37522e+09
3.61806e-12 1.02302e+07 1.36493e+09
3.63435e-12 1.01789e+07 1.3547e+09
3.65072e-12 1.01277e+07 1.34453e+09
3.66716e-12 1.00764e+07 1.3344e+09
3.68368e-12 1.0025e+07 1.32432e+09
3.70027e-12 9.97365e+06 1.3143e+09
3.71693e-12 9.92227e+06 1.30432e+09
3.73367e-12 9.8709e+06 1.2944e+09
3.75049e-12 9.81948e+06 1.28453e+09
3.76738e-12 9.76806e+06 1.27471e+09
3.78435e-12 9.71665e+06 1.26494e+09
3.80139e-12 9.66525e+06 1.25523e+09
3.81851e-12 9.61382e+06 1.24556e+09
3.83571e-12 9.56241e+06 1.23595e+09
3.85298e-12 9.51102e+06 1.22638e+09
3.87034e-12 9.45964e+06 1.21687e+09
3.88777e-12 9.40826e+06 1.20741e+09
3.90528e-12 9.3569e+06 1.19801e+09
3.92286e-12 9.30558e+06 1.18865e+09
3.94053e-12 9.25428e+06 1.17934e+09
3.95828e-12 9.203e+06 1.17009e+09
3.97611e-12 9.15175e+06 1.16089e+09
3.99401e-12 9.10055e+06 1.15173e+09
4.012e-12 9.04939e+06 1.14263e+09
4.03007e-12 8.99825e+06 1.13358e+09
4.04822e-12 8.94716e+06 1.12459e+09
4.06645e-12 8.89613e+06 1.11564e+09
4.08477e-12 8.84515e+06 1.10674e+09
4.10316e-12 8.7942e+06 1.0979e+09
4.12164e-12 8.74332e+06 1.0891e+09
4.1402e-12 8.69251e+06 1.08036e+09
4.15885e-12 8.64175e+06 1.07167e+09
4.17758e-12 8.59105e+06 1.06303e+09
4.1964e-12 8.54042e+06 1.05443e+09
4.2153e-12 8.48987e+06 1.04589e+09
4.23428e-12 8.43939e+06 1.0374e+09
4.25335e-12 8.38897e+06 1.02896e+09
4.27251e-12 8.33864e+06 1.02058e+09
4.29175e-12 8.28839e+06 1.01224e+09
4.31108e-12 8.23824e+06 1.00395e+09
4.33049e-12 8.18814e+06 9.95711e+08
4.35e-12 8.13815e+06 9.87522e+08
4.36959e-12 8.08825e+06 9.79384e+08
4.38927e-12 8.03846e+06 9.71296e+08
4.40903e-12 7.98874e+06 9.63257e+08
4.42889e-12 7.93912e+06 9.55269e+08
4.44884e-12 7.88961e+06 9.4733e+08
4.46887e-12 7.84022e+06 9.3944e+08
4.489e-12 7.7909e+06 9.316e+08
4.50922e-12 7.7417e+06 9.23809e+08
4.52953e-12 7.69262e+06 9.16067e+08
4.54993e-12 7.64366e+06 9.08375e+08
4.57042e-12 7.5948e+06 9.00731e+08
4.591e-12 7.54606e+06 8.93136e+08
4.61168e-12 7.49744e+06 8.8559e+08
4.63245e-12 7.44895e+06 8.78093e+08
4.65331e-12 7.40058e+06 8.70644e+08
4.67427e-12 7.35232e+06 8.63243e+08
4.69532e-12 7.3042e+06 8.55891e+08
4.71647e-12 7.25621e+06 8.48587e+08
4.73771e-12 7.20836e+06 8.4133e+08
4.75904e-12 7.16063e+06 8.34122e+08
4.78048e-12 7.11303e+06 8.26961e+08
4.80201e-12 7.06558e+06 8.19848e+08
4.82363e-12 7.01828e+06 8.12783e+08
4.84536e-12 6.9711e+06 8.05764e+08
4.86718e-12 6.92407e+06 7.98793e+08
4.8891e-12 6.87719e+06 7.91869e+08
4.91112e-12 6.83046e+06 7.84992e+08
4.93324e-12 6.78387e+06 7.78162e+08
4.95546e-12 6.73742e+06 7.71378e+08
4.97777e-12 6.69114e+06 7.6464e+08
5.00019e-12 6.64501e+06 7.57949e+08
5.02271e-12 6.59904e+06 7.51304e+08
5.04533e-12 6.55321e+06 7.44705e+08
5.06806e-12 6.50754e+06 7.38152e+08
5.09088e-12 6.46204e+06 7.31644e+08
5.11381e-12 6.41671e+06 7.25182e+08
5.13684e-12 6.37153e+06 7.18766e+08
5.15997e-12 6.3265e+06 7.12394e+08
5.18321e-12 6.28165e+06 7.06068e+08
5.20656e-12 6.23697e+06 6.99786e+08
5.23001e-12 6.19247e+06 6.93549e+08
5.25356e-12 6.14811e+06 6.87357e+08
5.27722e-12 6.10393e+06 6.81208e+08
5.30099e-12 6.05993e+06 6.75105e+08
5.32486e-12 6.01611e+06 6.69045e+08
5.34884e-12 5.97246e+06 6.63028e+08
5.37293e-12 5.92897e+06 6.57056e+08
5.39713e-12 5.88566e+06 6.51127e+08
5.42144e-12 5.84254e+06 6.45241e+08
5.44586e-12 5.79961e+06 6.39399e+08
5.47038e-12 5.75684e+06 6.33599e+08
5.49502e-12 5.71425e+06 6.27842e+08
5.51977e-12 5.67184e+06 6.22128e+08
5.54463e-12 5.62963e+06 6.16456e+08
5.5696e-12 5.5876e+06 6.10827e+08
5.59468e-12 5.54574e+06 6.05239e+08
5.61988e-12 5.50407e+06 5.99693e+08
5.64519e-12 5.4626e+06 5.94189e+08
5.67061e-12 5.42132e+06 5.88727e+08
5.69615e-12 5.38022e+06 5.83305e+08
5.72181e-12 5.3393e+06 5.77925e+08
5.74757e-12 5.29857e+06 5.72586e+08
5.77346e-12 5.25804e+06 5.67287e+08
5.79946e-12 5.21771e+06 5.62029e+08
5.82558e-12 5.17756e+06 5.56812e+08
5.85182e-12 5.1376e+06 5.51634e+08
5.87817e-12 5.09783e+06 5.46496e+08
5.90465e-12 5.05827e+06 5.41399e+08
5.93124e-12 5.0189e+06 5.3634e+08
5.95795e-12 4.97972e+06 5.31321e+08
5.98478e-12 4.94073e+06 5.26342e+08
6.01174e-12 4.90195e+06 5.21401e+08
6.03881e-12 4.86336e+06 5.16499e+08
6.06601e-12 4.82498e+06 5.11636e+08
6.09333e-12 4.78677e+06 5.06811e+08
6.12077e-12 4.74877e+06 5.02024e+08
6.14834e-12 4.71098e+06 4.97275e+08
6.17603e-12 4.67338e+06 4.92564e+08
6.20384e-12 4.63599e+06 4.87891e+08
6.23178e-12 4.59878e+06 4.83255e+08
6.25985e-12 4.56178e+06 4.78656e+08
6.28804e-12 4.52498e+06 4.74094e+08
6.31636e-12 4.48838e+06 4.69569e+08
6.34481e-12 4.45199e+06 4.65081e+08
6.37339e-12 4.41578e+06 4.60629e+08
6.40209e-12 4.37978e+06 4.56213e+08
6.43092e-12 4.34398e+06 4.51833e+08
6.45989e-12 4.30839e+06 4.47489e+08
6.48898e-12 4.27301e+06 4.43181e+08
6.5182e-12 4.23781e+06 4.38908e+08
6.54756e-12 4.20282e+06 4.3467e+08
6.57705e-12 4.16803e+06 4.30467e+08
6.60667e-12 4.13344e+06 4.26299e+08
6.63642e-12 4.09907e+06 4.22166e+08
6.66631e-12 4.06488e+06 4.18067e+08
6.69633e-12 4.0309e+06 4.14002e+08
6.72649e-12 3.99712e+06 4.09971e+08
6.75679e-12 3.96354e+06 4.05974e+08
6.78722e-12 3.93018e+06 4.0201e+08
6.81779e-12 3.897e+06 3.9808e+08
6.84849e-12 3.86402e+06 3.94183e+08
6.87933e-12 3.83125e+06 3.90319e+08
6.91032e-12 3.79869e+06 3.86488e+08
6.94144e-12 3.76633e+06 3.82689e+08
6.9727e-12 3.73416e+06 3.78923e+08
7.0041e-12 3.70219e+06 3.75189e+08
7.03565e-12 3.67042e+06 3.71486e+08
7.06734e-12 3.63886e+06 3.67816e+08
7.09916e-12 3.6075e+06 3.64177e+08
7.13114e-12 3.57634e+06 3.6057e+08
7.16325e-12 3.54537e+06 3.56993e+08
7.19551e-12 3.51461e+06 3.53448e+08
7.22792e-12 3.48404e+06 3.49933e+08
7.26047e-12 3.45368e+06 3.46449e+08
7.29317e-12 3.42352e+06 3.42996e+08
7.32602e-12 3.39355e+06 3.39572e+08
7.35901e-12 3.36377e+06 3.36179e+08
7.39216e-12 3.3342e+06 3.32815e+08
7.42545e-12 3.30483e+06 3.29481e+08
7.45889e-12 3.27565e+06 3.26176e+08
7.49248e-12 3.24667e+06 3.229e+08
7.52623e-12 3.21788e+06 3.19653e+08
7.56012e-12 3.18929e+06 3.16436e+08
7.59417e-12 3.16089e+06 3.13246e+08
7.62837e-12 3.13269e+06 3.10085e+08
7.66273e-12 3.10469e+06 3.06953e+08
7.69724e-12 3.07687e+06 3.03848e+08
7.73191e-12 3.04925e+06 3.00771e+08
7.76673e-12 3.02182e+06 2.97722e+08
7.80171e-12 2.99459e+06 2.947e+08
7.83684e-12 2.96755e+06 2.91705e+08
7.87214e-12 2.9407e+06 2.88738e+08
7.90759e-12 2.91403e+06 2.85797e+08
7.94321e-12 2.88756e+06 2.82883e+08
7.97898e-12 2.86127e+06 2.79996e+08
8.01492e-12 2.83518e+06 2.77134e+08
8.05101e-12 2.80928e+06 2.74299e+08
8.08727e-12 2.78356e+06 2.7149e+08
8.12369e-12 2.75803e+06 2.68706e+08
8.16028e-12 2.73268e+06 2.65948e+08
8.19703e-12 2.70752e+06 2.63216e+08
8.23395e-12 2.68255e+06 2.60508e+08
8.27103e-12 2.65777e+06 2.57826e+08
8.30828e-12 2.63316e+06 2.55168e+08
8.3457e-12 2.60873e+06 2.52535e+08
8.38329e-12 2.58449e+06 2.49926e+08
8.42104e-12 2.56044e+06 2.47341e+08
8.45897e-12 2.53657e+06 2.44781e+08
8.49707e-12 2.51287e+06 2.42244e+08
8.53534e-12 2.48935e+06 2.39732e+08
8.57378e-12 2.46601e+06 2.37242e+08
8.61239e-12 2.44285e+06 2.34776e+08
8.65118e-12 2.41987e+06 2.32333e+08
8.69014e-12 2.39707e+06 2.29913e+08
8.72928e-12 2.37444e+06 2.27516e+08
8.76859e-12 2.35198e+06 2.25142e+08
8.80808e-12 2.3297e+06 2.2279e+08
8.84775e-12 2.3076e+06 2.2046e+08
8.8876e-12 2.28567e+06 2.18153e+08
8.92763e-12 2.26391e+06 2.15867e+08
8.96783e-12 2.24232e+06 2.13603e+08
9.00822e-12 2.2209e+06 2.11361e+08
9.04879e-12 2.19965e+06 2.0914e+08
9.08955e-12 2.17857e+06 2.0694e+08
9.13048e-12 2.15766e+06 2.04762e+08
9.1716e-12 2.13692e+06 2.02604e+08
9.21291e-12 2.11634e+06 2.00467e+08
9.2544e-12 2.09593e+06 1.98351e+08
9.29608e-12 2.07568e+06 1.96255e+08
9.33795e-12 2.0556e+06 1.94179e+08
9.38e-12 2.03569e+06 1.92124e+08
9.42225e-12 2.01593e+06 1.90088e+08
9.46468e-12 1.99634e+06 1.88072e+08
9.50731e-12 1.9769e+06 1.86076e+08
9.55013e-12 1.95763e+06 1.84099e+08
9.59314e-12 1.93851e+06 1.82141e+08
9.63634e-12 1.91956e+06 1.80203e+08
9.67974e-12 1.90077e+06 1.78283e+08
9.72334e-12 1.88212e+06 1.76382e+08
9.76713e-12 1.86364e+06 1.745e+08
9.81112e-12 1.8453e+06 1.72636e+08
9.8553e-12 1.82713e+06 1.70791e+08
9.89969e-12 1.80911e+06 1.68964e+08
9.94427e-12 1.79124e+06 1.67155e+08
9.98906e-12 1.77352e+06 1.65364e+08
1.0034e-11 1.75595e+06 1.6359e+08
1.00792e-11 1.73853e+06 1.61834e+08
1.01246e-11 1.72126e+06 1.60096e+08
1.01702e-11 1.70414e+06 1.58374e+08
1.0216e-11 1.68716e+06 1.5667e+08
1.0262e-11 1.67034e+06 1.54983e+08
1.03083e-11 1.65365e+06 1.53313e+08
1.03547e-11 1.63711e+06 1.51659e+08
1.04013e-11 1.62071e+06 1.50022e+08
1.04482e-11 1.60446e+06 1.48401e+08
1.04952e-11 1.58835e+06 1.46797e+08
1.05425e-11 1.57239e+06 1.45208e+08
1.059e-11 1.55655e+06 1.43636e+08
1.06377e-11 1.54086e+06 1.4208e+08
1.06856e-11 1.52531e+06 1.40539e+08
1.07337e-11 1.50989e+06 1.39013e+08
1.0782e-11 1.49462e+06 1.37503e+08
1.08306e-11 1.47948e+06 1.36009e+08
1.08794e-11 1.46447e+06 1.34529e+08
1.09284e-11 1.44959e+06 1.33065e+08
1.09776e-11 1.43485e+06 1.31615e+08
1.1027e-11 1.42024e+06 1.3018e+08
1.10767e-11 1.40577e+06 1.2876e+08
1.11266e-11 1.39142e+06 1.27354e+08
1.11767e-11 1.37721e+06 1.25963e+08
1.1227e-11 1.36312e+06 1.24586e+08
1.12776e-11 1.34915e+06 1.23223e+08
1.13284e-11 1.33532e+06 1.21874e+08
1.13794e-11 1.32161e+06 1.20538e+08
1.14307e-11 1.30803e+06 1.19217e+08
1.14821e-11 1.29457e+06 1.17909e+08
1.15338e-11 1.28124e+06 1.16614e+08
1.15858e-11 1.26803e+06 1.15333e+08
1.1638e-11 1.25493e+06 1.14065e+08
1.16904e-11 1.24196e+06 1.1281e+08
1.1743e-11 1.22911e+06 1.11568e+08
1.17959e-11 1.21638e+06 1.10339e+08
1.1849e-11 1.20377e+06 1.09122e+08
1.19024e-11 1.19128e+06 1.07919e+08
1.1956e-11 1.1789e+06 1.06727e+08
1.20099e-11 1.16663e+06 1.05548e+08
1.2064e-11 1.15448e+06 1.04382e+08
1.21183e-11 1.14245e+06 1.03227e+08
1.21729e-11 1.13053e+06 1.02085e+08
1.22277e-11 1.11872e+06 1.00954e+08
1.22828e-11 1.10703e+06 9.98356e+07
1.23381e-11 1.09544e+06 9.87286e+07
1.23936e-11 1.08396e+06 9.76331e+07
1.24495e-11 1.07259e+06 9.65492e+07
1.25055e-11 1.06133e+06 9.54766e+07
1.25618e-11 1.05018e+06 9.44153e+07
1.26184e-11 1.03914e+06 9.33651e+07
1.26753e-11 1.0282e+06 9.23259e+07
1.27323e-11 1.01736e+06 9.12977e+07
1.27897e-11 1.00663e+06 9.02804e+07
1.28473e-11 995999 8.92738e+07
1.29051e-11 985473 8.82778e+07
1.29633e-11 975050 8.72923e+07
1.30216e-11 964728 8.63172e+07
1.30803e-11 954506 8.53525e+07
1.31392e-11 944380 8.4398e+07
1.31984e-11 934353 8.34536e+07
1.32578e-11 924424 8.25193e+07
1.33175e-11 914593 8.15948e+07
1.33775e-11 904858 8.06802e+07
1.34378e-11 895220 7.97754e+07
1.34983e-11 885676 7.88802e+07
1.35591e-11 876223 7.79945e+07
1.36201e-11 866863 7.71183e+07
1.36815e-11 857595 7.62514e+07
1.37431e-11 848420 7.53938e+07
1.3805e-11 839336 7.45454e+07
1.38672e-11 830343 7.37061e+07
1.39296e-11 821439 7.28757e+07
1.39923e-11 812622 7.20543e+07
1.40554e-11 803891 7.12417e+07
1.41187e-11 795248 7.04378e+07
1.41823e-11 786691 6.96425e+07
1.42461e-11 778221 6.88558e+07
1.43103e-11 769835 6.80776e+07
1.43747e-11 761535 6.73078e+07
1.44395e-11 753318 6.65462e+07
1.45045e-11 745180 6.57929e+07
1.45698e-11 737125 6.50477e+07
1.46354e-11 729151 6.43106e+07
1.47014e-11 721259 6.35815e+07
1.47676e-11 713447 6.28602e+07
1.48341e-11 705714 6.21468e+07
1.49009e-11 698060 6.1441e+07
1.4968e-11 690483 6.0743e+07
1.50354e-11 682981 6.00525e+07
1.51031e-11 675556 5.93695e+07
1.51711e-11 668207 5.8694e+07
1.52395e-11 660933 5.80258e+07
1.53081e-11 653735 5.73648e+07
1.5377e-11 646610 5.67111e+07
1.54463e-11 639559 5.60645e+07
1.55159e-11 632578 5.54249e+07
1.55857e-11 625668 5.47923e+07
1.56559e-11 618830 5.41667e+07
1.57265e-11 612063 5.35478e+07
1.57973e-11 605366 5.29358e+07
1.58684e-11 598738 5.23304e+07
1.59399e-11 592179 5.17317e+07
1.60117e-11 585689 5.11395e+07
1.60838e-11 579263 5.05538e+07
1.61562e-11 572904 4.99745e+07
1.6229e-11 566612 4.94016e+07
1.63021e-11 560385 4.8835e+07
1.63755e-11 554224 4.82746e+07
1.64493e-11 548127 4.77204e+07
1.65233e-11 542094 4.71723e+07
1.65978e-11 536124 4.66302e+07
1.66725e-11 530215 4.60941e+07
1.67476e-11 524367 4.55639e+07
1.6823e-11 518582 4.50395e+07
1.68988e-11 512857 4.45209e+07
1.69749e-11 507192 4.40081e+07
1.70513e-11 501588 4.35009e+07
1.71281e-11 496043 4.29993e+07
1.72053e-11 490556 4.25032e+07
1.72828e-11 485126 4.20127e+07
1.73606e-11 479753 4.15275e+07
1.74388e-11 474437 4.10478e+07
1.75173e-11 469177 4.05734e+07
1.75962e-11 463974 4.01042e+07
1.76755e-11 458826 3.96402e+07
1.77551e-11 453733 3.91814e+07
1.7835e-11 448694 3.87276e+07
1.79154e-11 443708 3.8279e+07
1.7996e-11 438774 3.78352e+07
1.80771e-11 433893 3.73965e+07
1.81585e-11 429064 3.69626e+07
1.82403e-11 424287 3.65335e+07
1.83224e-11 419561 3.61092e+07
1.8405e-11 414886 3.56897e+07
1.84878e-11 410261 3.52748e+07
1.85711e-11 405687 3.48645e+07
1.86547e-11 401159 3.44588e+07
1.87388e-11 396680 3.40577e+07
1.88232e-11 392250 3.3661e+07
1.89079e-11 387867 3.32687e+07
1.89931e-11 383532 3.28809e+07
1.90786e-11 379243 3.24973e+07
1.91646e-11 375001 3.21181e+07
1.92509e-11 370805 3.17431e+07
1.93376e-11 366654 3.13723e+07
1.94247e-11 362547 3.10056e+07
1.95121e-11 358484 3.06431e+07
1.96e-11 354466 3.02846e+07
1.96883e-11 350491 2.99301e+07
1.9777e-11 346559 2.95797e+07
1.9866e-11 342670 2.92331e+07
1.99555e-11 338824 2.88904e+07
2.00454e-11 335020 2.85516e+07
2.01357e-11 331257 2.82166e+07
2.02263e-11 327533 2.78853e+07
2.03174e-11 323850 2.75578e+07
2.04089e-11 320208 2.72339e+07
2.05008e-11 316605 2.69137e+07
2.05932e-11 313043 2.65971e+07
2.06859e-11 309519 2.62841e+07
2.07791e-11 306034 2.59746e+07
2.08727e-11 302587 2.56685e+07
2.09667e-11 299177 2.53659e+07
2.10611e-11 295804 2.50668e+07
2.1156e-11 292468 2.4771e+07
2.12512e-11 289169 2.44785e+07
2.13469e-11 285906 2.41893e+07
2.14431e-11 282679 2.39034e+07
2.15397e-11 279487 2.36207e+07
2.16367e-11 276331 2.33413e+07
2.17341e-11 273210 2.30649e+07
2.1832e-11 270123 2.27917e+07
2.19303e-11 267069 2.25216e+07
2.20291e-11 264049 2.22545e+07
2.21283e-11 261062 2.19905e+07
2.2228e-11 258109 2.17294e+07
2.23281e-11 255188 2.14713e+07
2.24286e-11 252299 2.12161e+07
2.25296e-11 249443 2.09638e+07
2.26311e-11 246618 2.07144e+07
2.2733e-11 243825 2.04678e+07
2.28354e-11 241062 2.02239e+07
2.29383e-11 238329 1.99829e+07
2.30416e-11 235626 1.97445e+07
2.31453e-11 232954 1.95089e+07
2.32496e-11 230312 1.9276e+07
2.33543e-11 227699 1.90456e+07
2.34595e-11 225115 1.88179e+07
2.35651e-11 222560 1.85928e+07
2.36713e-11 220033 1.83703e+07
2.37779e-11 217535 1.81502e+07
2.3885e-11 215063 1.79327e+07
2.39925e-11 212619 1.77176e+07
2.41006e-11 210202 1.7505e+07
2.42091e-11 207813 1.72948e+07
2.43182e-11 205450 1.7087e+07
2.44277e-11 203114 1.68816e+07
2.45377e-11 200804 1.66784e+07
2.46482e-11 198520 1.64776e+07
2.47592e-11 196261 1.62791e+07
2.48707e-11 194027 1.60829e+07
2.49827e-11 191818 1.58888e+07
2.50952e-11 189634 1.5697e+07
2.52083e-11 187474 1.55074e+07
2.53218e-11 185338 1.53199e+07
2.54358e-11 183227 1.51346e+07
2.55504e-11 181139 1.49513e+07
2.56655e-11 179075 1.47702e+07
2.57811e-11 177034 1.45911e+07
2.58972e-11 175016 1.44141e+07
2.60138e-11 173020 1.42391e+07
2.6131e-11 171046 1.40661e+07
2.62486e-11 169095 1.3895e+07
2.63669e-11 167165 1.37259e+07
2.64856e-11 165258 1.35588e+07
2.66049e-11 163371 1.33935e+07
2.67247e-11 161507 1.32301e+07
2.68451e-11 159663 1.30686e+07
2.6966e-11 157840 1.2909e+07
2.70874e-11 156038 1.27511e+07
2.72094e-11 154256 1.25951e+07
2.7332e-11 152493 1.24408e+07
2.74551e-11 150750 1.22883e+07
2.75787e-11 149027 1.21376e+07
2.77029e-11 147324 1.19886e+07
2.78277e-11 145640 1.18412e+07
2.7953e-11 143975 1.16956e+07
2.80789e-11 142329 1.15516e+07
2.82054e-11 140701 1.14093e+07
2.83324e-11 139092 1.12686e+07
2.846e-11 137502 1.11295e+07
2.85882e-11 135928 1.0992e+07
2.87169e-11 134373 1.08561e+07
2.88462e-11 132835 1.07217e+07
2.89762e-11 131314 1.05889e+07
2.91067e-11 129811 1.04575e+07
2.92377e-11 128325 1.03277e+07
2.93694e-11 126856 1.01994e+07
2.95017e-11 125403 1.00725e+07
2.96346e-11 123968 9.94714e+06
2.9768e-11 122548 9.82318e+06
2.99021e-11 121145 9.70063e+06
3.00368e-11 119756 9.57948e+06
3.0172e-11 118384 9.45973e+06
3.03079e-11 117027 9.34134e+06
3.04444e-11 115686 9.22432e+06
3.05815e-11 114360 9.10863e+06
3.07193e-11 113049 8.99427e+06
3.08576e-11 111753 8.88122e+06
3.09966e-11 110472 8.76947e+06
3.11362e-11 109206 8.65899e+06
3.12764e-11 107954 8.54979e+06
3.14173e-11 106716 8.44183e+06
3.15588e-11 105492 8.33512e+06
3.17009e-11 104282 8.22963e+06
3.18437e-11 103085 8.12534e+06
3.19871e-11 101903 8.02226e+06
3.21312e-11 100733 7.92036e+06
3.22759e-11 99577.5 7.81962e+06
3.24212e-11 98434.8 7.72004e+06
3.25672e-11 97305.3 7.62161e+06
3.27139e-11 96188.6 7.5243e+06
3.28612e-11 95084.8 7.42812e+06
3.30092e-11 93993.6 7.33303e+06
3.31579e-11 92914.3 7.23904e+06
3.33072e-11 91847.3 7.14612e+06
3.34573e-11 90792.5 7.05428e+06
3.36079e-11 89749.8 6.96348e+06
3.37593e-11 88719.1 6.87373e+06
3.39113e-11 87700.2 6.78501e+06
3.40641e-11 86692.9 6.69731e+06
3.42175e-11 85697.2 6.61062e+06
3.43716e-11 84712.9 6.52492e+06
3.45264e-11 83740 6.44021e+06
3.46819e-11 82778.1 6.35647e+06
3.48381e-11 81827.2 6.27369e+06
3.4995e-11 80886.7 6.19187e+06
3.51526e-11 79957 6.11098e+06
3.53109e-11 79038 6.03102e+06
3.54699e-11 78129.6 5.95198e+06
3.56297e-11 77231.6 5.87385e+06
3.57901e-11 76343.9 5.79662e+06
3.59513e-11 75466.4 5.72028e+06
3.61132e-11 74598.9 5.64481e+06
3.62759e-11 73741.5 5.57021e+06
3.64393e-11 72893.9 5.49647e+06
3.66034e-11 72056 5.42358e+06
3.67682e-11 71227.6 5.35152e+06
3.69338e-11 70408.4 5.2803e+06
3.71002e-11 69598.5 5.20989e+06
3.72672e-11 68798 5.14029e+06
3.74351e-11 68006.7 5.07149e+06
3.76037e-11 67224.5 5.00348e+06
3.7773e-11 66451.4 4.93626e+06
3.79432e-11 65687.1 4.86981e+06
3.8114e-11 64931.6 4.80412e+06
3.82857e-11 64184.8 4.73919e+06
3.84581e-11 63446.5 4.675e+06
3.86313e-11 62716.8 4.61156e+06
3.88053e-11 61995.4 4.54884e+06
3.89801e-11 61281.9 4.48685e+06
3.91556e-11 60576.7 4.42556e+06
3.9332e-11 59879.5 4.36499e+06
3.95091e-11 59190.4 4.30511e+06
3.96871e-11 58509.3 4.24592e+06
3.98658e-11 57835.9 4.18741e+06
4.00453e-11 57170.4 4.12957e+06
4.02257e-11 56512.5 4.0724e+06
4.04069e-11 55862.1 4.01589e+06
4.05888e-11 55219.3 3.96003e+06
4.07716e-11 54583.9 3.90481e+06
4.09553e-11 53955.8 3.85022e+06
4.11397e-11 53334.7 3.79627e+06
4.1325e-11 52720.6 3.74293e+06
4.15111e-11 52113.5 3.69021e+06
4.16981e-11 51513.5 3.6381e+06
4.18859e-11 50920.4 3.58659e+06
4.20745e-11 50334.1 3.53566e+06
4.2264e-11 49754.6 3.48533e+06
4.24543e-11 49181.8 3.43558e+06
4.26455e-11 48615.6 3.38639e+06
4.28376e-11 48055.9 3.33778e+06
4.30305e-11 47502.7 3.28972e+06
4.32243e-11 46955.9 3.24222e+06
4.3419e-11 46415.3 3.19526e+06
4.36146e-11 45880.7 3.14885e+06
4.3811e-11 45352.2 3.10297e+06
4.40083e-11 44829.8 3.05762e+06
4.42065e-11 44313.5 3.01279e+06
4.44056e-11 43803.1 2.96847e+06
4.46056e-11 43298.6 2.92467e+06
4.48065e-11 42799.9 2.88137e+06
4.50083e-11 42306.9 2.83857e+06
4.5211e-11 41819.7 2.79626e+06
4.54146e-11 41338.1 2.75444e+06
4.56191e-11 40862 2.71311e+06
4.58246e-11 40391.5 2.67224e+06
4.6031e-11 39926.4 2.63185e+06
4.62383e-11 39466.5 2.59193e+06
4.64465e-11 39011.7 2.55246e+06
4.66557e-11 38562.2 2.51345e+06
4.68658e-11 38117.9 2.47489e+06
4.70769e-11 37678.7 2.43677e+06
4.72889e-11 37244.6 2.39909e+06
4.75019e-11 36815.5 2.36185e+06
4.77158e-11 36391.3 2.32503e+06
4.79307e-11 35972.1 2.28864e+06
4.81466e-11 35557.7 2.25267e+06
4.83634e-11 35148.1 2.21711e+06
4.85812e-11 34743.2 2.18196e+06
4.88e-11 34343 2.14722e+06
4.90198e-11 33947.5 2.11287e+06
4.92406e-11 33556.3 2.07893e+06
4.94623e-11 33169.5 2.04537e+06
4.96851e-11 32787.2 2.0122e+06
4.99089e-11 32409.3 1.97941e+06
5.01336e-11 32035.8 1.947e+06
5.03594e-11 31666.7 1.91497e+06
5.05862e-11 31301.7 1.8833e+06
5.08141e-11 30941 1.852e+06
5.10429e-11 30584.5 1.82106e+06
5.12728e-11 30232.1 1.79047e+06
5.15037e-11 29883.8 1.76024e+06
5.17357e-11 29539.5 1.73036e+06
5.19687e-11 29199.2 1.70082e+06
5.22027e-11 28862.8 1.67162e+06
5.24378e-11 28530.1 1.64276e+06
5.2674e-11 28201.2 1.61423e+06
5.29112e-11 27876.1 1.58603e+06
5.31495e-11 27554.8 1.55815e+06
5.33889e-11 27237.2 1.53059e+06
5.36293e-11 26923.2 1.50336e+06
5.38709e-11 26612.9 1.47643e+06
5.41135e-11 26306.2 1.44982e+06
5.43572e-11 26003 1.42352e+06
5.4602e-11 25703.3 1.39751e+06
5.48479e-11 25407.1 1.37181e+06
5.50949e-11 25114.4 1.3464e+06
5.53431e-11 24825 1.32129e+06
5.55923e-11 24538.9 1.29646e+06
5.58427e-11 24256.2 1.27192e+06
5.60942e-11 23976.5 1.24767e+06
5.63468e-11 23700.1 1.22369e+06
5.66006e-11 23426.8 1.19999e+06
5.68555e-11 23156.7 1.17656e+06
5.71116e-11 22889.8 1.15341e+06
5.73688e-11 22625.9 1.13052e+06
5.76272e-11 22365.1 1.10789e+06
5.78867e-11 22107.3 1.08553e+06
5.81474e-11 21852.5 1.06342e+06
5.84093e-11 21600.6 1.04157e+06
5.86723e-11 21351.7 1.01997e+06
5.89366e-11 21105.6 998614
5.9202e-11 20862.4 977509
5.94686e-11 20622 956647
5.97365e-11 20384.3 936025
6.00055e-11 20149.3 915640
6.02758e-11 19916.9 895491
6.05472e-11 19687.3 875574
6.08199e-11 19460.3 855887
6.10938e-11 19235.9 836426
6.1369e-11 19014.1 817191
6.16454e-11 18794.9 798176
6.1923e-11 18578.2 779382
6.22019e-11 18364.1 760803
6.2482e-11 18152.4 742439
6.27634e-11 17943.2 724287
6.30461e-11 17736.4 706344
6.333e-11 17531.9 688607
6.36152e-11 17329.9 671075
6.39017e-11 17130.2 653745
6.41895e-11 16932.7 636615
6.44786e-11 16737.4 619683
6.4769e-11 16544.4 602945
6.50607e-11 16353.6 586401
6.53537e-11 16165.1 570047
6.56481e-11 15978.7 553882
6.59437e-11 15794.4 537903
6.62407e-11 15612.3 522109
6.65391e-11 15432.3 506497
6.68387e-11 15254.4 491064
6.71398e-11 15078.6 475810
6.74421e-11 14904.8 460731
6.77459e-11 14733 445826
6.8051e-11 14563.2 431093
6.83575e-11 14395.3 416530
6.86653e-11 14229.4 402135
6.89746e-11 14065.4 387906
6.92852e-11 13903.2 373840
6.95973e-11 13742.8 359937
6.99107e-11 13584.4 346194
7.02256e-11 13427.7 332610
7.05418e-11 13272.9 319182
7.08595e-11 13119.8 305909
7.11787e-11 12968.5 292789
7.14992e-11 12819 279821
7.18212e-11 12671.2 267002
7.21447e-11 12525.1 254331
7.24696e-11 12380.8 241805
7.2796e-11 12238 229425
7.31239e-11 12097 217187
7.34532e-11 11957.5 205090
7.3784e-11 11819.7 193132
7.41163e-11 11683.5 181312
7.44501e-11 11548.8 169629
7.47854e-11 11415.6 158080
7.51222e-11 11284 146664
7.54605e-11 11153.8 135380
7.58004e-11 11025.2 124227
7.61418e-11 10898 113201
7.64847e-11 10772.4 102303
7.68292e-11 10648.2 91531
7.71752e-11 10525.4 80882.9
7.75228e-11 10404 70357.5
7.78719e-11 10284.1 59953.4
7.82226e-11 10165.5 49669.3
7.85749e-11 10048.4 39503.8
7.89288e-11 9932.53 29455.4
7.92842e-11 9818.04 19522.9
7.96413e-11 9704.88 9704.88
