1e-14 0 7.81565e-40
1.0045e-14 0 7.81565e-40
1.00903e-14 0 7.81565e-40
1.01357e-14 0 7.81565e-40
1.01814e-14 0 7.81565e-40
1.02272e-14 0 7.81565e-40
1.02733e-14 0 7.81565e-40
1.03196e-14 0 7.81565e-40
1.0366e-14 0 7.81565e-40
1.04127e-14 0 7.81565e-40
1.04596e-14 0 7.81565e-40
1.05067e-14 0 7.81565e-40
1.0554e-14 0 7.81565e-40
1.06016e-14 0 7.81565e-40
1.06493e-14 2.33849e-58 7.81565e-40
1.06973e-14 1.09644e-57 7.81565e-40
1.07455e-14 1.37895e-57 7.81565e-40
1.07938e-14 1.78254e-57 7.81565e-40
1.08425e-14 2.35867e-57 7.81565e-40
1.08913e-14 3.40925e-57 7.81565e-40
1.09403e-14 5.17947e-57 7.81565e-40
1.09896e-14 6.68397e-57 7.81565e-40
1.10391e-14 9.98799e-57 7.81565e-40
1.10888e-14 1.25718e-56 7.81565e-40
1.11388e-14 1.44648e-56 7.81565e-40
1.11889e-14 1.781e-56 7.81565e-40
1.12393e-14 2.06393e-56 7.81565e-40
1.12899e-14 2.3514e-56 7.81565e-40
1.13408e-14 2.64261e-56 7.81565e-40
1.13919e-14 2.99746e-56 7.81565e-40
1.14432e-14 3.20085e-56 7.81565e-40
1.14947e-14 3.51302e-56 7.81565e-40
1.15465e-14 3.75119e-56 7.81565e-40
1.15985e-14 4.05692e-56 7.81565e-40
1.16507e-14 4.32334e-56 7.81565e-40
1.17032e-14 4.65585e-56 7.81565e-40
1.17559e-14 4.92865e-56 7.81565e-40
1.18088e-14 5.19579e-56 7.81565e-40
1.1862e-14 5.62952e-56 7.81565e-40
1.19154e-14 6.01112e-56 7.81565e-40
1.19691e-14 6.41406e-56 7.81565e-40
1.2023e-14 6.86004e-56 7.81565e-40
1.20772e-14 7.48732e-56 7.81565e-40
1.21316e-14 8.04008e-56 7.81565e-40
1.21862e-14 8.68932e-56 7.81565e-40
1.22411e-14 9.30923e-56 7.81565e-40
1.22962e-14 9.81476e-56 7.81565e-40
1.23516e-14 1.05655e-55 7.81565e-40
1.24072e-14 1.13225e-55 7.81565e-40
1.24631e-14 1.20108e-55 7.81565e-40
1.25192e-14 1.28959e-55 7.81565e-40
1.25756e-14 1.35389e-55 7.81565e-40
1.26322e-14 1.44891e-55 7.81565e-40
1.26891e-14 1.5535e-55 7.81565e-40
1.27463e-14 1.64473e-55 7.81565e-40
1.28037e-14 1.73838e-55 7.81565e-40
1.28613e-14 1.84264e-55 7.81565e-40
1.29193e-14 1.968e-55 7.81565e-40
1.29775e-14 2.08578e-55 7.81565e-40
1.30359e-14 2.2169e-55 7.81565e-40
1.30946e-14 2.35106e-55 7.81565e-40
1.31536e-14 2.50753e-55 7.81565e-40
1.32128e-14 2.66607e-55 7.81565e-40
1.32723e-14 2.83531e-55 7.81565e-40
1.33321e-14 3.00967e-55 7.81565e-40
1.33922e-14 3.16283e-55 7.81565e-40
1.34525e-14 3.33909e-55 7.81565e-40
1.35131e-14 3.54103e-55 7.81565e-40
1.35739e-14 3.72611e-55 7.81565e-40
1.3635e-14 3.9393e-55 7.81565e-40
1.36965e-14 4.15486e-55 7.81565e-40
1.37581e-14 4.3845e-55 7.81565e-40
1.38201e-14 4.62208e-55 7.81565e-40
1.38823e-14 4.87201e-55 7.81565e-40
1.39449e-14 5.13231e-55 7.81565e-40
1.40077e-14 5.41024e-55 7.81565e-40
1.40708e-14 5.6933e-55 7.81565e-40
1.41341e-14 6.00193e-55 7.81565e-40
1.41978e-14 6.31117e-55 7.81565e-40
1.42617e-14 6.63643e-55 7.81565e-40
1.4326e-14 7.02176e-55 7.81565e-40
1.43905e-14 7.41112e-55 7.81565e-40
1.44553e-14 7.83157e-55 7.81565e-40
1.45204e-14 8.25853e-55 7.81565e-40
1.45858e-14 8.68714e-55 7.81565e-40
1.46515e-14 9.15191e-55 7.81565e-40
1.47175e-14 9.66534e-55 7.81565e-40
1.47837e-14 1.01738e-54 7.81565e-40
1.48503e-14 1.07092e-54 7.81565e-40
1.49172e-14 1.12707e-54 7.81565e-40
1.49844e-14 1.18451e-54 7.81565e-40
1.50519e-14 1.24757e-54 7.81565e-40
1.51197e-14 1.31257e-54 7.81565e-40
1.51878e-14 1.38083e-54 7.81565e-40
1.52562e-14 1.45441e-54 7.81565e-40
1.53249e-14 1.53086e-54 7.81565e-40
1.53939e-14 1.61256e-54 7.81565e-40
1.54632e-14 1.6976e-54 7.81565e-40
1.55329e-14 1.78364e-54 7.81565e-40
1.56028e-14 1.87504e-54 7.81565e-40
1.56731e-14 1.97293e-54 7.81565e-40
1.57437e-14 2.08119e-54 7.81565e-40
1.58146e-14 2.18791e-54 7.81565e-40
1.58858e-14 2.30355e-54 7.81565e-40
1.59573e-14 2.42406e-54 7.81565e-40
1.60292e-14 2.54961e-54 7.81565e-40
1.61014e-14 2.68278e-54 7.81565e-40
1.61739e-14 2.82394e-54 7.81565e-40
1.62468e-14 2.96873e-54 7.81565e-40
1.63199e-14 3.12289e-54 7.81565e-40
1.63934e-14 3.28374e-54 7.81565e-40
1.64673e-14 3.45592e-54 7.81565e-40
1.65414e-14 3.63408e-54 7.81565e-40
1.66159e-14 3.81814e-54 7.81565e-40
1.66908e-14 4.01434e-54 7.81565e-40
1.67659e-14 4.2195e-54 7.81565e-40
1.68414e-14 4.43515e-54 7.81565e-40
1.69173e-14 4.65772e-54 7.81565e-40
1.69935e-14 4.89246e-54 7.81565e-40
1.707e-14 5.14026e-54 7.81565e-40
1.71469e-14 5.3999e-54 7.81565e-40
1.72241e-14 5.66901e-54 7.81565e-40
1.73017e-14 5.95643e-54 7.81565e-40
1.73796e-14 6.25399e-54 7.81565e-40
1.74579e-14 6.56786e-54 7.81565e-40
1.75365e-14 6.89451e-54 7.81565e-40
1.76155e-14 7.24101e-54 7.81565e-40
1.76948e-14 7.59647e-54 7.81565e-40
1.77745e-14 7.97272e-54 7.81565e-40
1.78546e-14 8.37113e-54 7.81565e-40
1.7935e-14 8.78969e-54 7.81565e-40
1.80158e-14 9.22101e-54 7.81565e-40
1.80969e-14 9.67916e-54 7.81565e-40
1.81784e-14 1.01572e-53 7.81565e-40
1.82603e-14 1.06576e-53 7.81565e-40
1.83425e-14 1.11876e-53 7.81565e-40
1.84251e-14 1.17375e-53 7.81565e-40
1.85081e-14 1.23141e-53 7.81565e-40
1.85914e-14 1.29217e-53 7.81565e-40
1.86752e-14 1.35592e-53 7.81565e-40
1.87593e-14 1.42242e-53 7.81565e-40
1.88438e-14 1.49209e-53 7.81565e-40
1.89286e-14 1.56524e-53 7.81565e-40
1.90139e-14 1.64231e-53 7.81565e-40
1.90995e-14 1.72236e-53 7.81565e-40
1.91855e-14 1.80641e-53 7.81565e-40
1.92719e-14 1.89492e-53 7.81565e-40
1.93587e-14 1.98716e-53 7.81565e-40
1.94459e-14 2.08374e-53 7.81565e-40
1.95335e-14 2.18527e-53 7.81565e-40
1.96215e-14 2.29134e-53 7.81565e-40
1.97098e-14 2.40219e-53 7.81565e-40
1.97986e-14 2.51887e-53 7.81565e-40
1.98878e-14 2.64034e-53 7.81565e-40
1.99774e-14 2.76834e-53 7.81565e-40
2.00673e-14 2.90126e-53 7.81565e-40
2.01577e-14 3.04137e-53 7.81565e-40
2.02485e-14 3.18777e-53 7.81565e-40
2.03397e-14 3.34104e-53 7.81565e-40
2.04313e-14 3.50186e-53 7.81565e-40
2.05233e-14 3.67025e-53 7.81565e-40
2.06157e-14 3.84651e-53 7.81565e-40
2.07086e-14 4.03037e-53 7.81565e-40
2.08018e-14 4.22359e-53 7.81565e-40
2.08955e-14 4.42547e-53 7.81565e-40
2.09896e-14 4.63723e-53 7.81565e-40
2.10842e-14 4.85791e-53 7.81565e-40
2.11791e-14 5.08975e-53 7.81565e-40
2.12745e-14 5.33214e-53 7.81565e-40
2.13703e-14 5.5855e-53 7.81565e-40
2.14666e-14 5.85094e-53 7.81565e-40
2.15632e-14 6.12887e-53 7.81565e-40
2.16604e-14 6.41972e-53 7.81565e-40
2.17579e-14 6.72314e-53 7.81565e-40
2.18559e-14 7.04187e-53 7.81565e-40
2.19543e-14 7.37443e-53 7.81565e-40
2.20532e-14 7.72274e-53 7.81565e-40
2.21525e-14 8.08744e-53 7.81565e-40
2.22523e-14 8.46806e-53 7.81565e-40
2.23525e-14 8.86691e-53 7.81565e-40
2.24532e-14 9.28379e-53 7.81565e-40
2.25543e-14 9.72004e-53 7.81565e-40
2.26559e-14 1.01762e-52 7.81565e-40
2.27579e-14 1.0653e-52 7.81565e-40
2.28604e-14 1.11518e-52 7.81565e-40
2.29634e-14 1.16738e-52 7.81565e-40
2.30668e-14 1.22196e-52 7.81565e-40
2.31707e-14 1.27896e-52 7.81565e-40
2.3275e-14 1.33864e-52 7.81565e-40
2.33799e-14 1.40098e-52 7.81565e-40
2.34852e-14 1.46616e-52 7.81565e-40
2.35909e-14 1.53436e-52 7.81565e-40
2.36972e-14 1.60556e-52 7.81565e-40
2.38039e-14 1.68003e-52 7.81565e-40
2.39111e-14 1.75785e-52 7.81565e-40
2.40188e-14 1.83922e-52 7.81565e-40
2.4127e-14 1.92425e-52 7.81565e-40
2.42356e-14 2.01315e-52 7.81565e-40
2.43448e-14 2.10608e-52 7.81565e-40
2.44544e-14 2.20314e-52 7.81565e-40
2.45646e-14 2.30457e-52 7.81565e-40
2.46752e-14 2.41063e-52 7.81565e-40
2.47863e-14 2.52136e-52 7.81565e-40
2.4898e-14 2.63708e-52 7.81565e-40
2.50101e-14 2.758e-52 7.81565e-40
2.51227e-14 2.88434e-52 7.81565e-40
2.52359e-14 3.01632e-52 7.81565e-40
2.53495e-14 3.15416e-52 7.81565e-40
2.54637e-14 3.2982e-52 7.81565e-40
2.55784e-14 3.44859e-52 7.81565e-40
2.56936e-14 3.60567e-52 7.81565e-40
2.58093e-14 3.76971e-52 7.81565e-40
2.59255e-14 3.94111e-52 7.81565e-40
2.60423e-14 4.12005e-52 7.81565e-40
2.61596e-14 4.30695e-52 7.81565e-40
2.62774e-14 4.5021e-52 7.81565e-40
2.63957e-14 4.70593e-52 7.81565e-40
2.65146e-14 4.91868e-52 7.81565e-40
2.6634e-14 5.14088e-52 7.81565e-40
2.6754e-14 5.37285e-52 7.81565e-40
2.68745e-14 5.615e-52 7.81565e-40
2.69955e-14 5.86777e-52 7.81565e-40
2.71171e-14 6.13171e-52 7.81565e-40
2.72392e-14 6.40717e-52 7.81565e-40
2.73619e-14 6.69465e-52 7.81565e-40
2.74851e-14 6.99483e-52 7.81565e-40
2.76089e-14 7.30806e-52 7.81565e-40
2.77332e-14 7.63495e-52 7.81565e-40
2.78581e-14 7.97609e-52 7.81565e-40
2.79836e-14 8.33209e-52 7.81565e-40
2.81096e-14 8.70359e-52 7.81565e-40
2.82362e-14 9.09121e-52 7.81565e-40
2.83634e-14 9.49572e-52 7.81565e-40
2.84912e-14 9.9177e-52 7.81565e-40
2.86195e-14 1.0358e-51 7.81565e-40
2.87484e-14 1.08173e-51 7.81565e-40
2.88778e-14 1.12964e-51 7.81565e-40
2.90079e-14 1.17963e-51 7.81565e-40
2.91385e-14 1.23176e-51 7.81565e-40
2.92698e-14 1.28614e-51 7.81565e-40
2.94016e-14 1.34287e-51 7.81565e-40
2.9534e-14 1.40203e-51 7.81565e-40
2.9667e-14 1.46373e-51 7.81565e-40
2.98006e-14 1.52807e-51 7.81565e-40
2.99348e-14 1.59516e-51 7.81565e-40
3.00697e-14 1.66513e-51 7.81565e-40
3.02051e-14 1.73808e-51 7.81565e-40
3.03411e-14 1.81415e-51 7.81565e-40
3.04778e-14 1.89345e-51 7.81565e-40
3.0615e-14 1.97614e-51 7.81565e-40
3.07529e-14 2.06234e-51 7.81565e-40
3.08914e-14 2.1522e-51 7.81565e-40
3.10305e-14 2.24587e-51 7.81565e-40
3.11703e-14 2.34351e-51 7.81565e-40
3.13107e-14 2.44527e-51 7.81565e-40
3.14517e-14 2.55135e-51 7.81565e-40
3.15933e-14 2.6619e-51 7.81565e-40
3.17356e-14 2.77711e-51 7.81565e-40
3.18786e-14 2.89718e-51 7.81565e-40
3.20221e-14 3.0223e-51 7.81565e-40
3.21663e-14 3.15268e-51 7.81565e-40
3.23112e-14 3.28852e-51 7.81565e-40
3.24567e-14 3.43006e-51 7.81565e-40
3.26029e-14 3.57752e-51 7.81565e-40
3.27497e-14 3.73116e-51 7.81565e-40
3.28972e-14 3.89122e-51 7.81565e-40
3.30454e-14 4.05795e-51 7.81565e-40
3.31942e-14 4.23163e-51 7.81565e-40
3.33437e-14 4.41255e-51 7.81565e-40
3.34939e-14 4.60098e-51 7.81565e-40
3.36447e-14 4.79725e-51 7.81565e-40
3.37963e-14 5.00165e-51 7.81565e-40
3.39485e-14 5.21451e-51 7.81565e-40
3.41014e-14 5.43619e-51 7.81565e-40
3.42549e-14 5.66703e-51 7.81565e-40
3.44092e-14 5.9074e-51 7.81565e-40
3.45642e-14 6.15768e-51 7.81565e-40
3.47199e-14 6.41827e-51 7.81565e-40
3.48762e-14 6.68959e-51 7.81565e-40
3.50333e-14 6.97204e-51 7.81565e-40
3.51911e-14 7.26609e-51 7.81565e-40
3.53496e-14 7.5722e-51 7.81565e-40
3.55088e-14 7.89083e-51 7.81565e-40
3.56687e-14 8.22249e-51 7.81565e-40
3.58293e-14 8.5677e-51 7.81565e-40
3.59907e-14 8.92699e-51 7.81565e-40
3.61528e-14 9.30092e-51 7.81565e-40
3.63156e-14 9.69006e-51 7.81565e-40
3.64792e-14 1.0095e-50 7.81565e-40
3.66435e-14 1.05164e-50 7.81565e-40
3.68085e-14 1.09549e-50 7.81565e-40
3.69743e-14 1.14112e-50 7.81565e-40
3.71408e-14 1.18859e-50 7.81565e-40
3.73081e-14 1.23797e-50 7.81565e-40
3.74761e-14 1.28935e-50 7.81565e-40
3.76449e-14 1.3428e-50 7.81565e-40
3.78144e-14 1.39841e-50 7.81565e-40
3.79847e-14 1.45625e-50 7.81565e-40
3.81558e-14 1.51641e-50 7.81565e-40
3.83276e-14 1.57898e-50 7.81565e-40
3.85002e-14 1.64406e-50 7.81565e-40
3.86736e-14 1.71174e-50 7.81565e-40
3.88478e-14 1.78213e-50 7.81565e-40
3.90228e-14 1.85533e-50 7.81565e-40
3.91985e-14 1.93144e-50 7.81565e-40
3.93751e-14 2.01059e-50 7.81565e-40
3.95524e-14 2.09288e-50 7.81565e-40
3.97305e-14 2.17844e-50 7.81565e-40
3.99095e-14 2.26739e-50 7.81565e-40
4.00892e-14 2.35986e-50 7.81565e-40
4.02698e-14 2.456e-50 7.81565e-40
4.04511e-14 2.55593e-50 7.81565e-40
4.06333e-14 2.65981e-50 7.81565e-40
4.08163e-14 2.76779e-50 7.81565e-40
4.10001e-14 2.88001e-50 7.81565e-40
4.11848e-14 2.99665e-50 7.81565e-40
4.13703e-14 3.11786e-50 7.81565e-40
4.15566e-14 3.24383e-50 7.81565e-40
4.17437e-14 3.37474e-50 7.81565e-40
4.19317e-14 3.51077e-50 7.81565e-40
4.21206e-14 3.65211e-50 7.81565e-40
4.23103e-14 3.79897e-50 7.81565e-40
4.25008e-14 3.95155e-50 7.81565e-40
4.26922e-14 4.11007e-50 7.81565e-40
4.28845e-14 4.27476e-50 7.81565e-40
4.30777e-14 4.44584e-50 7.81565e-40
4.32717e-14 4.62355e-50 7.81565e-40
4.34666e-14 4.80815e-50 7.81565e-40
4.36623e-14 4.99989e-50 7.81565e-40
4.3859e-14 5.19903e-50 7.81565e-40
4.40565e-14 5.40586e-50 7.81565e-40
4.42549e-14 5.62066e-50 7.81565e-40
4.44542e-14 5.84373e-50 7.81565e-40
4.46544e-14 6.07537e-50 7.81565e-40
4.48555e-14 6.31591e-50 7.81565e-40
4.50575e-14 6.56567e-50 7.81565e-40
4.52605e-14 6.82499e-50 7.81565e-40
4.54643e-14 7.09422e-50 7.81565e-40
4.56691e-14 7.37374e-50 7.81565e-40
4.58748e-14 7.66393e-50 7.81565e-40
4.60814e-14 7.96517e-50 7.81565e-40
4.62889e-14 8.27786e-50 7.81565e-40
4.64974e-14 8.60245e-50 7.81565e-40
4.67068e-14 8.93934e-50 7.81565e-40
4.69171e-14 9.28901e-50 7.81565e-40
4.71284e-14 9.65191e-50 7.81565e-40
4.73407e-14 1.00285e-49 7.81565e-40
4.75539e-14 1.04194e-49 7.81565e-40
4.77681e-14 1.08249e-49 7.81565e-40
4.79832e-14 1.12458e-49 7.81565e-40
4.81993e-14 1.16825e-49 7.81565e-40
4.84164e-14 1.21355e-49 7.81565e-40
4.86344e-14 1.26056e-49 7.81565e-40
4.88535e-14 1.30933e-49 7.81565e-40
4.90735e-14 1.35992e-49 7.81565e-40
4.92945e-14 1.4124e-49 7.81565e-40
4.95165e-14 1.46685e-49 7.81565e-40
4.97395e-14 1.52332e-49 7.81565e-40
4.99635e-14 1.58189e-49 7.81565e-40
5.01886e-14 1.64264e-49 7.81565e-40
5.04146e-14 1.70564e-49 7.81565e-40
5.06416e-14 1.77098e-49 7.81565e-40
5.08697e-14 1.83874e-49 7.81565e-40
5.10988e-14 1.909e-49 7.81565e-40
5.13289e-14 1.98186e-49 7.81565e-40
5.15601e-14 2.0574e-49 7.81565e-40
5.17923e-14 2.13572e-49 7.81565e-40
5.20256e-14 2.21693e-49 7.81565e-40
5.22599e-14 2.30112e-49 7.81565e-40
5.24953e-14 2.3884e-49 7.81565e-40
5.27317e-14 2.47887e-49 7.81565e-40
5.29692e-14 2.57265e-49 7.81565e-40
5.32077e-14 2.66986e-49 7.81565e-40
5.34474e-14 2.77062e-49 7.81565e-40
5.36881e-14 2.87505e-49 7.81565e-40
5.39299e-14 2.98327e-49 7.81565e-40
5.41728e-14 3.09543e-49 7.81565e-40
5.44167e-14 3.21166e-49 7.81565e-40
5.46618e-14 3.33211e-49 7.81565e-40
5.4908e-14 3.45691e-49 7.81565e-40
5.51553e-14 3.58622e-49 7.81565e-40
5.54037e-14 3.7202e-49 7.81565e-40
5.56532e-14 3.85901e-49 7.81565e-40
5.59039e-14 4.00281e-49 7.81565e-40
5.61556e-14 4.15179e-49 7.81565e-40
5.64085e-14 4.30611e-49 7.81565e-40
5.66626e-14 4.46597e-49 7.81565e-40
5.69178e-14 4.63155e-49 7.81565e-40
5.71741e-14 4.80305e-49 7.81565e-40
5.74316e-14 4.98067e-49 7.81565e-40
5.76903e-14 5.16463e-49 7.81565e-40
5.79501e-14 5.35513e-49 7.81565e-40
5.82111e-14 5.55241e-49 7.81565e-40
5.84732e-14 5.7567e-49 7.81565e-40
5.87366e-14 5.96823e-49 7.81565e-40
5.90011e-14 6.18725e-49 7.81565e-40
5.92668e-14 6.41401e-49 7.81565e-40
5.95338e-14 6.64879e-49 7.81565e-40
5.98019e-14 6.89184e-49 7.81565e-40
6.00712e-14 7.14346e-49 7.81565e-40
6.03418e-14 7.40392e-49 7.81565e-40
6.06135e-14 7.67353e-49 7.81565e-40
6.08865e-14 7.9526e-49 7.81565e-40
6.11607e-14 8.24144e-49 7.81565e-40
6.14362e-14 8.54038e-49 7.81565e-40
6.17129e-14 8.84977e-49 7.81565e-40
6.19908e-14 9.16994e-49 7.81565e-40
6.227e-14 9.50127e-49 7.81565e-40
6.25504e-14 9.84411e-49 7.81565e-40
6.28321e-14 1.01989e-48 7.81565e-40
6.31151e-14 1.05659e-48 7.81565e-40
6.33994e-14 1.09457e-48 7.81565e-40
6.36849e-14 1.13386e-48 7.81565e-40
6.39717e-14 1.17451e-48 7.81565e-40
6.42598e-14 1.21656e-48 7.81565e-40
6.45492e-14 1.26006e-48 7.81565e-40
6.484e-14 1.30505e-48 7.81565e-40
6.5132e-14 1.35159e-48 7.81565e-40
6.54253e-14 1.39973e-48 7.81565e-40
6.572e-14 1.44951e-48 7.81565e-40
6.6016e-14 1.501e-48 7.81565e-40
6.63133e-14 1.55424e-48 7.81565e-40
6.66119e-14 1.6093e-48 7.81565e-40
6.69119e-14 1.66623e-48 7.81565e-40
6.72133e-14 1.72511e-48 7.81565e-40
6.7516e-14 1.78598e-48 7.81565e-40
6.78201e-14 1.84891e-48 7.81565e-40
6.81255e-14 1.91397e-48 7.81565e-40
6.84323e-14 1.98124e-48 7.81565e-40
6.87405e-14 2.05077e-48 7.81565e-40
6.90501e-14 2.12265e-48 7.81565e-40
6.93611e-14 2.19695e-48 7.81565e-40
6.96735e-14 2.27375e-48 7.81565e-40
6.99873e-14 2.35312e-48 7.81565e-40
7.03025e-14 2.43516e-48 7.81565e-40
7.06191e-14 2.51994e-48 7.81565e-40
7.09371e-14 2.60755e-48 7.81565e-40
7.12566e-14 2.69809e-48 7.81565e-40
7.15775e-14 2.79164e-48 7.81565e-40
7.18999e-14 2.88831e-48 7.81565e-40
7.22237e-14 2.98819e-48 7.81565e-40
7.2549e-14 3.09138e-48 7.81565e-40
7.28757e-14 3.198e-48 7.81565e-40
7.32039e-14 3.30814e-48 7.81565e-40
7.35336e-14 3.42191e-48 7.81565e-40
7.38648e-14 3.53944e-48 7.81565e-40
7.41975e-14 3.66085e-48 7.81565e-40
7.45316e-14 3.78624e-48 7.81565e-40
7.48673e-14 3.91575e-48 7.81565e-40
7.52045e-14 4.04951e-48 7.81565e-40
7.55432e-14 4.18765e-48 7.81565e-40
7.58834e-14 4.33031e-48 7.81565e-40
7.62252e-14 4.47762e-48 7.81565e-40
7.65685e-14 4.62973e-48 7.81565e-40
7.69133e-14 4.7868e-48 7.81565e-40
7.72597e-14 4.94897e-48 7.81565e-40
7.76076e-14 5.1164e-48 7.81565e-40
7.79572e-14 5.28926e-48 7.81565e-40
7.83083e-14 5.46771e-48 7.81565e-40
7.86609e-14 5.65192e-48 7.81565e-40
7.90152e-14 5.84208e-48 7.81565e-40
7.93711e-14 6.03837e-48 7.81565e-40
7.97285e-14 6.24096e-48 7.81565e-40
8.00876e-14 6.45007e-48 7.81565e-40
8.04483e-14 6.66587e-48 7.81565e-40
8.08106e-14 6.88859e-48 7.81565e-40
8.11746e-14 7.11843e-48 7.81565e-40
8.15402e-14 7.3556e-48 7.81565e-40
8.19074e-14 7.60033e-48 7.81565e-40
8.22763e-14 7.85285e-48 7.81565e-40
8.26468e-14 8.11339e-48 7.81565e-40
8.3019e-14 8.3822e-48 7.81565e-40
8.33929e-14 8.65953e-48 7.81565e-40
8.37685e-14 8.94563e-48 7.81565e-40
8.41458e-14 9.24076e-48 7.81565e-40
8.45247e-14 9.5452e-48 7.81565e-40
8.49054e-14 9.85922e-48 7.81565e-40
8.52878e-14 1.01831e-47 7.81565e-40
8.56719e-14 1.05172e-47 7.81565e-40
8.60578e-14 1.08617e-47 7.81565e-40
8.64453e-14 1.1217e-47 7.81565e-40
8.68347e-14 1.15834e-47 7.81565e-40
8.72257e-14 1.19613e-47 7.81565e-40
8.76186e-14 1.23509e-47 7.81565e-40
8.80132e-14 1.27526e-47 7.81565e-40
8.84096e-14 1.31668e-47 7.81565e-40
8.88077e-14 1.35939e-47 7.81565e-40
8.92077e-14 1.40341e-47 7.81565e-40
8.96095e-14 1.4488e-47 7.81565e-40
9.00131e-14 1.49559e-47 7.81565e-40
9.04184e-14 1.54382e-47 7.81565e-40
9.08257e-14 1.59353e-47 7.81565e-40
9.12347e-14 1.64477e-47 7.81565e-40
9.16456e-14 1.69758e-47 7.81565e-40
9.20584e-14 1.752e-47 7.81565e-40
9.2473e-14 1.80809e-47 7.81565e-40
9.28894e-14 1.8659e-47 7.81565e-40
9.33078e-14 1.92546e-47 7.81565e-40
9.3728e-14 1.98684e-47 7.81565e-40
9.41501e-14 2.05008e-47 7.81565e-40
9.45742e-14 2.11524e-47 7.81565e-40
9.50001e-14 2.18237e-47 7.81565e-40
9.54279e-14 2.25153e-47 7.81565e-40
9.58577e-14 2.32277e-47 7.81565e-40
9.62894e-14 2.39617e-47 7.81565e-40
9.67231e-14 2.47177e-47 7.81565e-40
9.71587e-14 2.54964e-47 7.81565e-40
9.75963e-14 2.62985e-47 7.81565e-40
9.80358e-14 2.71246e-47 7.81565e-40
9.84774e-14 2.79754e-47 7.81565e-40
9.89209e-14 2.88516e-47 7.81564e-40
9.93664e-14 2.97539e-47 7.81564e-40
9.98139e-14 3.0683e-47 7.81564e-40
1.00263e-13 3.16398e-47 7.81564e-40
1.00715e-13 3.26249e-47 7.81564e-40
1.01169e-13 3.36391e-47 7.81564e-40
1.01624e-13 3.46834e-47 7.81564e-40
1.02082e-13 3.57584e-47 7.81564e-40
1.02542e-13 3.68651e-47 7.81564e-40
1.03003e-13 3.80044e-47 7.81564e-40
1.03467e-13 3.91771e-47 7.81564e-40
1.03933e-13 4.03842e-47 7.81564e-40
1.04401e-13 4.16266e-47 7.81564e-40
1.04872e-13 4.29053e-47 7.81564e-40
1.05344e-13 4.42214e-47 7.81564e-40
1.05818e-13 4.55757e-47 7.81564e-40
1.06295e-13 4.69694e-47 7.81564e-40
1.06774e-13 4.84036e-47 7.81564e-40
1.07255e-13 4.98793e-47 7.81564e-40
1.07738e-13 5.13977e-47 7.81564e-40
1.08223e-13 5.296e-47 7.81564e-40
1.0871e-13 5.45673e-47 7.81564e-40
1.092e-13 5.62209e-47 7.81564e-40
1.09692e-13 5.7922e-47 7.81564e-40
1.10186e-13 5.96719e-47 7.81563e-40
1.10682e-13 6.1472e-47 7.81563e-40
1.1118e-13 6.33235e-47 7.81563e-40
1.11681e-13 6.52278e-47 7.81563e-40
1.12184e-13 6.71864e-47 7.81563e-40
1.12689e-13 6.92007e-47 7.81563e-40
1.13197e-13 7.12723e-47 7.81563e-40
1.13707e-13 7.34025e-47 7.81563e-40
1.14219e-13 7.55931e-47 7.81563e-40
1.14733e-13 7.78455e-47 7.81563e-40
1.1525e-13 8.01615e-47 7.81563e-40
1.15769e-13 8.25427e-47 7.81563e-40
1.1629e-13 8.49909e-47 7.81563e-40
1.16814e-13 8.75077e-47 7.81563e-40
1.1734e-13 9.00951e-47 7.81562e-40
1.17869e-13 9.27548e-47 7.81562e-40
1.18399e-13 9.54888e-47 7.81562e-40
1.18933e-13 9.82989e-47 7.81562e-40
1.19468e-13 1.01187e-46 7.81562e-40
1.20006e-13 1.04156e-46 7.81562e-40
1.20547e-13 1.07207e-46 7.81562e-40
1.2109e-13 1.10342e-46 7.81562e-40
1.21635e-13 1.13564e-46 7.81562e-40
1.22183e-13 1.16875e-46 7.81562e-40
1.22733e-13 1.20277e-46 7.81561e-40
1.23286e-13 1.23772e-46 7.81561e-40
1.23841e-13 1.27364e-46 7.81561e-40
1.24399e-13 1.31054e-46 7.81561e-40
1.24959e-13 1.34844e-46 7.81561e-40
1.25522e-13 1.38739e-46 7.81561e-40
1.26087e-13 1.42739e-46 7.81561e-40
1.26655e-13 1.46848e-46 7.81561e-40
1.27226e-13 1.51068e-46 7.8156e-40
1.27799e-13 1.55404e-46 7.8156e-40
1.28374e-13 1.59856e-46 7.8156e-40
1.28952e-13 1.64428e-46 7.8156e-40
1.29533e-13 1.69124e-46 7.8156e-40
1.30116e-13 1.73946e-46 7.8156e-40
1.30702e-13 1.78898e-46 7.81559e-40
1.31291e-13 1.83983e-46 7.81559e-40
1.31882e-13 1.89203e-46 7.81559e-40
1.32476e-13 1.94563e-46 7.81559e-40
1.33073e-13 2.00066e-46 7.81559e-40
1.33672e-13 2.05716e-46 7.81558e-40
1.34274e-13 2.11516e-46 7.81558e-40
1.34879e-13 2.17469e-46 7.81558e-40
1.35487e-13 2.2358e-46 7.81558e-40
1.36097e-13 2.29853e-46 7.81558e-40
1.3671e-13 2.36291e-46 7.81557e-40
1.37325e-13 2.42899e-46 7.81557e-40
1.37944e-13 2.4968e-46 7.81557e-40
1.38565e-13 2.5664e-46 7.81557e-40
1.39189e-13 2.63781e-46 7.81556e-40
1.39816e-13 2.7111e-46 7.81556e-40
1.40446e-13 2.78629e-46 7.81556e-40
1.41078e-13 2.86345e-46 7.81556e-40
1.41714e-13 2.94261e-46 7.81555e-40
1.42352e-13 3.02382e-46 7.81555e-40
1.42993e-13 3.10714e-46 7.81555e-40
1.43637e-13 3.19262e-46 7.81554e-40
1.44284e-13 3.2803e-46 7.81554e-40
1.44934e-13 3.37023e-46 7.81554e-40
1.45586e-13 3.46248e-46 7.81553e-40
1.46242e-13 3.5571e-46 7.81553e-40
1.46901e-13 3.65414e-46 7.81553e-40
1.47562e-13 3.75366e-46 7.81552e-40
1.48227e-13 3.85573e-46 7.81552e-40
1.48894e-13 3.96039e-46 7.81552e-40
1.49565e-13 4.06771e-46 7.81551e-40
1.50239e-13 4.17776e-46 7.81551e-40
1.50915e-13 4.29059e-46 7.8155e-40
1.51595e-13 4.40628e-46 7.8155e-40
1.52278e-13 4.52489e-46 7.81549e-40
1.52963e-13 4.64648e-46 7.81549e-40
1.53652e-13 4.77113e-46 7.81549e-40
1.54344e-13 4.89891e-46 7.81548e-40
1.5504e-13 5.02988e-46 7.81548e-40
1.55738e-13 5.16413e-46 7.81547e-40
1.56439e-13 5.30173e-46 7.81547e-40
1.57144e-13 5.44276e-46 7.81546e-40
1.57851e-13 5.58729e-46 7.81545e-40
1.58562e-13 5.7354e-46 7.81545e-40
1.59277e-13 5.88718e-46 7.81544e-40
1.59994e-13 6.04271e-46 7.81544e-40
1.60714e-13 6.20208e-46 7.81543e-40
1.61438e-13 6.36536e-46 7.81543e-40
1.62165e-13 6.53266e-46 7.81542e-40
1.62896e-13 6.70406e-46 7.81541e-40
1.63629e-13 6.87966e-46 7.81541e-40
1.64366e-13 7.05954e-46 7.8154e-40
1.65106e-13 7.2438e-46 7.81539e-40
1.6585e-13 7.43255e-46 7.81538e-40
1.66597e-13 7.62588e-46 7.81538e-40
1.67347e-13 7.8239e-46 7.81537e-40
1.68101e-13 8.0267e-46 7.81536e-40
1.68858e-13 8.23439e-46 7.81535e-40
1.69619e-13 8.44709e-46 7.81535e-40
1.70382e-13 8.6649e-46 7.81534e-40
1.7115e-13 8.88794e-46 7.81533e-40
1.71921e-13 9.11631e-46 7.81532e-40
1.72695e-13 9.35014e-46 7.81531e-40
1.73473e-13 9.58955e-46 7.8153e-40
1.74254e-13 9.83465e-46 7.81529e-40
1.75039e-13 1.00856e-45 7.81528e-40
1.75827e-13 1.03425e-45 7.81527e-40
1.76619e-13 1.06054e-45 7.81526e-40
1.77414e-13 1.08746e-45 7.81525e-40
1.78213e-13 1.11501e-45 7.81524e-40
1.79016e-13 1.1432e-45 7.81523e-40
1.79822e-13 1.17206e-45 7.81522e-40
1.80632e-13 1.2016e-45 7.81521e-40
1.81446e-13 1.23182e-45 7.81519e-40
1.82263e-13 1.26275e-45 7.81518e-40
1.83084e-13 1.2944e-45 7.81517e-40
1.83908e-13 1.32679e-45 7.81516e-40
1.84736e-13 1.35992e-45 7.81514e-40
1.85568e-13 1.39382e-45 7.81513e-40
1.86404e-13 1.42851e-45 7.81511e-40
1.87244e-13 1.46399e-45 7.8151e-40
1.88087e-13 1.50029e-45 7.81509e-40
1.88934e-13 1.53742e-45 7.81507e-40
1.89785e-13 1.5754e-45 7.81506e-40
1.9064e-13 1.61425e-45 7.81504e-40
1.91498e-13 1.65398e-45 7.81502e-40
1.92361e-13 1.69462e-45 7.81501e-40
1.93227e-13 1.73618e-45 7.81499e-40
1.94097e-13 1.77868e-45 7.81497e-40
1.94972e-13 1.82214e-45 7.81495e-40
1.9585e-13 1.86658e-45 7.81494e-40
1.96732e-13 1.91202e-45 7.81492e-40
1.97618e-13 1.95849e-45 7.8149e-40
1.98508e-13 2.00599e-45 7.81488e-40
1.99402e-13 2.05456e-45 7.81486e-40
2.003e-13 2.10421e-45 7.81484e-40
2.01202e-13 2.15496e-45 7.81482e-40
2.02108e-13 2.20685e-45 7.8148e-40
2.03018e-13 2.25988e-45 7.81477e-40
2.03933e-13 2.31409e-45 7.81475e-40
2.04851e-13 2.36949e-45 7.81473e-40
2.05774e-13 2.42612e-45 7.8147e-40
2.067e-13 2.48398e-45 7.81468e-40
2.07631e-13 2.54312e-45 7.81466e-40
2.08566e-13 2.60356e-45 7.81463e-40
2.09506e-13 2.66531e-45 7.8146e-40
2.10449e-13 2.72841e-45 7.81458e-40
2.11397e-13 2.79287e-45 7.81455e-40
2.12349e-13 2.85874e-45 7.81452e-40
2.13306e-13 2.92604e-45 7.81449e-40
2.14266e-13 2.99478e-45 7.81446e-40
2.15231e-13 3.06501e-45 7.81443e-40
2.16201e-13 3.13675e-45 7.8144e-40
2.17174e-13 3.21003e-45 7.81437e-40
2.18152e-13 3.28488e-45 7.81434e-40
2.19135e-13 3.36132e-45 7.81431e-40
2.20122e-13 3.4394e-45 7.81427e-40
2.21113e-13 3.51913e-45 7.81424e-40
2.22109e-13 3.60056e-45 7.8142e-40
2.23109e-13 3.68371e-45 7.81417e-40
2.24114e-13 3.76862e-45 7.81413e-40
2.25123e-13 3.85531e-45 7.81409e-40
2.26137e-13 3.94383e-45 7.81406e-40
2.27156e-13 4.03421e-45 7.81402e-40
2.28179e-13 4.12647e-45 7.81398e-40
2.29206e-13 4.22067e-45 7.81393e-40
2.30239e-13 4.31682e-45 7.81389e-40
2.31276e-13 4.41498e-45 7.81385e-40
2.32317e-13 4.51517e-45 7.8138e-40
2.33364e-13 4.61743e-45 7.81376e-40
2.34415e-13 4.72181e-45 7.81371e-40
2.3547e-13 4.82833e-45 7.81367e-40
2.36531e-13 4.93704e-45 7.81362e-40
2.37596e-13 5.04798e-45 7.81357e-40
2.38666e-13 5.16119e-45 7.81352e-40
2.39741e-13 5.27671e-45 7.81347e-40
2.40821e-13 5.39459e-45 7.81341e-40
2.41905e-13 5.51485e-45 7.81336e-40
2.42995e-13 5.63755e-45 7.8133e-40
2.44089e-13 5.76273e-45 7.81325e-40
2.45188e-13 5.89044e-45 7.81319e-40
2.46293e-13 6.02072e-45 7.81313e-40
2.47402e-13 6.15361e-45 7.81307e-40
2.48516e-13 6.28916e-45 7.81301e-40
2.49635e-13 6.42741e-45 7.81295e-40
2.5076e-13 6.56843e-45 7.81288e-40
2.51889e-13 6.71224e-45 7.81282e-40
2.53023e-13 6.85891e-45 7.81275e-40
2.54163e-13 7.00848e-45 7.81268e-40
2.55308e-13 7.161e-45 7.81261e-40
2.56458e-13 7.31652e-45 7.81254e-40
2.57613e-13 7.4751e-45 7.81247e-40
2.58773e-13 7.63678e-45 7.81239e-40
2.59938e-13 7.80162e-45 7.81232e-40
2.61109e-13 7.96968e-45 7.81224e-40
2.62285e-13 8.14101e-45 7.81216e-40
2.63466e-13 8.31566e-45 7.81208e-40
2.64653e-13 8.49368e-45 7.81199e-40
2.65845e-13 8.67515e-45 7.81191e-40
2.67042e-13 8.86011e-45 7.81182e-40
2.68245e-13 9.04862e-45 7.81173e-40
2.69453e-13 9.24075e-45 7.81164e-40
2.70666e-13 9.43654e-45 7.81155e-40
2.71885e-13 9.63607e-45 7.81146e-40
2.7311e-13 9.83939e-45 7.81136e-40
2.7434e-13 1.00466e-44 7.81126e-40
2.75575e-13 1.02577e-44 7.81116e-40
2.76816e-13 1.04728e-44 7.81106e-40
2.78063e-13 1.06919e-44 7.81095e-40
2.79315e-13 1.09151e-44 7.81085e-40
2.80573e-13 1.11426e-44 7.81074e-40
2.81837e-13 1.13742e-44 7.81063e-40
2.83106e-13 1.16102e-44 7.81051e-40
2.84381e-13 1.18506e-44 7.8104e-40
2.85662e-13 1.20955e-44 7.81028e-40
2.86949e-13 1.23448e-44 7.81016e-40
2.88241e-13 1.25988e-44 7.81003e-40
2.89539e-13 1.28574e-44 7.80991e-40
2.90843e-13 1.31208e-44 7.80978e-40
2.92153e-13 1.3389e-44 7.80965e-40
2.93469e-13 1.36621e-44 7.80951e-40
2.9479e-13 1.39402e-44 7.80938e-40
2.96118e-13 1.42233e-44 7.80924e-40
2.97452e-13 1.45115e-44 7.80909e-40
2.98791e-13 1.4805e-44 7.80895e-40
3.00137e-13 1.51037e-44 7.8088e-40
3.01489e-13 1.54078e-44 7.80865e-40
3.02847e-13 1.57173e-44 7.8085e-40
3.0421e-13 1.60324e-44 7.80834e-40
3.05581e-13 1.63531e-44 7.80818e-40
3.06957e-13 1.66795e-44 7.80802e-40
3.08339e-13 1.70116e-44 7.80785e-40
3.09728e-13 1.73497e-44 7.80768e-40
3.11123e-13 1.76937e-44 7.8075e-40
3.12524e-13 1.80437e-44 7.80733e-40
3.13932e-13 1.83999e-44 7.80715e-40
3.15345e-13 1.87623e-44 7.80696e-40
3.16766e-13 1.91311e-44 7.80678e-40
3.18192e-13 1.95062e-44 7.80658e-40
3.19625e-13 1.98878e-44 7.80639e-40
3.21065e-13 2.02761e-44 7.80619e-40
3.22511e-13 2.0671e-44 7.80599e-40
3.23963e-13 2.10728e-44 7.80578e-40
3.25422e-13 2.14814e-44 7.80557e-40
3.26888e-13 2.1897e-44 7.80536e-40
3.2836e-13 2.23197e-44 7.80514e-40
3.29839e-13 2.27496e-44 7.80491e-40
3.31324e-13 2.31867e-44 7.80469e-40
3.32817e-13 2.36313e-44 7.80445e-40
3.34316e-13 2.40833e-44 7.80422e-40
3.35821e-13 2.4543e-44 7.80398e-40
3.37334e-13 2.50103e-44 7.80373e-40
3.38853e-13 2.54855e-44 7.80348e-40
3.40379e-13 2.59686e-44 7.80323e-40
3.41912e-13 2.64597e-44 7.80297e-40
3.43452e-13 2.6959e-44 7.8027e-40
3.44999e-13 2.74665e-44 7.80243e-40
3.46552e-13 2.79823e-44 7.80216e-40
3.48113e-13 2.85067e-44 7.80188e-40
3.49681e-13 2.90396e-44 7.80159e-40
3.51256e-13 2.95812e-44 7.8013e-40
3.52838e-13 3.01317e-44 7.80101e-40
3.54427e-13 3.06911e-44 7.80071e-40
3.56023e-13 3.12595e-44 7.8004e-40
3.57627e-13 3.18371e-44 7.80009e-40
3.59237e-13 3.2424e-44 7.79977e-40
3.60855e-13 3.30203e-44 7.79944e-40
3.6248e-13 3.36262e-44 7.79911e-40
3.64113e-13 3.42417e-44 7.79878e-40
3.65753e-13 3.4867e-44 7.79843e-40
3.674e-13 3.55022e-44 7.79809e-40
3.69055e-13 3.61474e-44 7.79773e-40
3.70717e-13 3.68028e-44 7.79737e-40
3.72386e-13 3.74685e-44 7.797e-40
3.74063e-13 3.81446e-44 7.79663e-40
3.75748e-13 3.88313e-44 7.79625e-40
3.7744e-13 3.95286e-44 7.79586e-40
3.7914e-13 4.02368e-44 7.79546e-40
3.80848e-13 4.09559e-44 7.79506e-40
3.82563e-13 4.16861e-44 7.79465e-40
3.84286e-13 4.24275e-44 7.79423e-40
3.86017e-13 4.31803e-44 7.79381e-40
3.87755e-13 4.39445e-44 7.79338e-40
3.89502e-13 4.47204e-44 7.79294e-40
3.91256e-13 4.55081e-44 7.79249e-40
3.93018e-13 4.63077e-44 7.79204e-40
3.94788e-13 4.71193e-44 7.79157e-40
3.96566e-13 4.79431e-44 7.7911e-40
3.98352e-13 4.87793e-44 7.79062e-40
4.00146e-13 4.96279e-44 7.79013e-40
4.01948e-13 5.04892e-44 7.78964e-40
4.03758e-13 5.13632e-44 7.78913e-40
4.05577e-13 5.22502e-44 7.78862e-40
4.07403e-13 5.31502e-44 7.7881e-40
4.09238e-13 5.40635e-44 7.78756e-40
4.11081e-13 5.49901e-44 7.78702e-40
4.12933e-13 5.59303e-44 7.78647e-40
4.14792e-13 5.68841e-44 7.78591e-40
4.16661e-13 5.78517e-44 7.78535e-40
4.18537e-13 5.88333e-44 7.78477e-40
4.20422e-13 5.98291e-44 7.78418e-40
4.22315e-13 6.08391e-44 7.78358e-40
4.24217e-13 6.18636e-44 7.78297e-40
4.26128e-13 6.29026e-44 7.78235e-40
4.28047e-13 6.39565e-44 7.78172e-40
4.29975e-13 6.50252e-44 7.78109e-40
4.31911e-13 6.6109e-44 7.78044e-40
4.33857e-13 6.72081e-44 7.77977e-40
4.35811e-13 6.83225e-44 7.7791e-40
4.37773e-13 6.94525e-44 7.77842e-40
4.39745e-13 7.05982e-44 7.77772e-40
4.41725e-13 7.17598e-44 7.77702e-40
4.43715e-13 7.29374e-44 7.7763e-40
4.45713e-13 7.41312e-44 7.77557e-40
4.47721e-13 7.53414e-44 7.77483e-40
4.49737e-13 7.65682e-44 7.77408e-40
4.51762e-13 7.78116e-44 7.77331e-40
4.53797e-13 7.9072e-44 7.77253e-40
4.55841e-13 8.03493e-44 7.77174e-40
4.57894e-13 8.16439e-44 7.77094e-40
4.59956e-13 8.29558e-44 7.77012e-40
4.62028e-13 8.42853e-44 7.76929e-40
4.64108e-13 8.56325e-44 7.76845e-40
4.66199e-13 8.69975e-44 7.76759e-40
4.68298e-13 8.83807e-44 7.76672e-40
4.70407e-13 8.9782e-44 7.76584e-40
4.72526e-13 9.12017e-44 7.76494e-40
4.74654e-13 9.26401e-44 7.76403e-40
4.76792e-13 9.40971e-44 7.7631e-40
4.78939e-13 9.55731e-44 7.76216e-40
4.81096e-13 9.70681e-44 7.76121e-40
4.83263e-13 9.85824e-44 7.76024e-40
4.85439e-13 1.00116e-43 7.75925e-40
4.87626e-13 1.01669e-43 7.75825e-40
4.89822e-13 1.03243e-43 7.75723e-40
4.92028e-13 1.04836e-43 7.7562e-40
4.94244e-13 1.06449e-43 7.75515e-40
4.9647e-13 1.08082e-43 7.75409e-40
4.98705e-13 1.09736e-43 7.75301e-40
5.00952e-13 1.11411e-43 7.75191e-40
5.03208e-13 1.13106e-43 7.75079e-40
5.05474e-13 1.14823e-43 7.74966e-40
5.0775e-13 1.16561e-43 7.74852e-40
5.10037e-13 1.1832e-43 7.74735e-40
5.12334e-13 1.201e-43 7.74617e-40
5.14642e-13 1.21902e-43 7.74497e-40
5.16959e-13 1.23727e-43 7.74375e-40
5.19288e-13 1.25573e-43 7.74251e-40
5.21626e-13 1.27441e-43 7.74125e-40
5.23976e-13 1.29332e-43 7.73998e-40
5.26336e-13 1.31245e-43 7.73869e-40
5.28706e-13 1.33182e-43 7.73737e-40
5.31087e-13 1.35141e-43 7.73604e-40
5.33479e-13 1.37123e-43 7.73469e-40
5.35882e-13 1.39129e-43 7.73332e-40
5.38295e-13 1.41157e-43 7.73193e-40
5.40719e-13 1.4321e-43 7.73052e-40
5.43155e-13 1.45286e-43 7.72908e-40
5.45601e-13 1.47387e-43 7.72763e-40
5.48058e-13 1.49511e-43 7.72616e-40
5.50526e-13 1.5166e-43 7.72466e-40
5.53006e-13 1.53834e-43 7.72315e-40
5.55496e-13 1.56032e-43 7.72161e-40
5.57998e-13 1.58254e-43 7.72005e-40
5.60511e-13 1.60502e-43 7.71846e-40
5.63036e-13 1.62775e-43 7.71686e-40
5.65571e-13 1.65074e-43 7.71523e-40
5.68119e-13 1.67398e-43 7.71358e-40
5.70677e-13 1.69747e-43 7.71191e-40
5.73247e-13 1.72122e-43 7.71021e-40
5.75829e-13 1.74524e-43 7.70849e-40
5.78422e-13 1.76951e-43 7.70674e-40
5.81027e-13 1.79405e-43 7.70497e-40
5.83644e-13 1.81886e-43 7.70318e-40
5.86273e-13 1.84393e-43 7.70136e-40
5.88913e-13 1.86927e-43 7.69952e-40
5.91566e-13 1.89487e-43 7.69765e-40
5.9423e-13 1.92075e-43 7.69575e-40
5.96906e-13 1.94691e-43 7.69383e-40
5.99594e-13 1.97333e-43 7.69188e-40
6.02295e-13 2.00004e-43 7.68991e-40
6.05007e-13 2.02702e-43 7.68791e-40
6.07732e-13 2.05428e-43 7.68588e-40
6.10469e-13 2.08182e-43 7.68383e-40
6.13218e-13 2.10964e-43 7.68175e-40
6.1598e-13 2.13775e-43 7.67964e-40
6.18754e-13 2.16614e-43 7.6775e-40
6.21541e-13 2.19482e-43 7.67533e-40
6.2434e-13 2.22378e-43 7.67314e-40
6.27152e-13 2.25304e-43 7.67092e-40
6.29977e-13 2.28258e-43 7.66866e-40
6.32814e-13 2.31242e-43 7.66638e-40
6.35664e-13 2.34255e-43 7.66407e-40
6.38527e-13 2.37298e-43 7.66173e-40
6.41403e-13 2.4037e-43 7.65935e-40
6.44291e-13 2.43472e-43 7.65695e-40
6.47193e-13 2.46604e-43 7.65451e-40
6.50108e-13 2.49766e-43 7.65205e-40
6.53036e-13 2.52958e-43 7.64955e-40
6.55977e-13 2.5618e-43 7.64702e-40
6.58931e-13 2.59433e-43 7.64446e-40
6.61899e-13 2.62716e-43 7.64186e-40
6.6488e-13 2.6603e-43 7.63924e-40
6.67874e-13 2.69374e-43 7.63658e-40
6.70882e-13 2.7275e-43 7.63388e-40
6.73903e-13 2.76156e-43 7.63116e-40
6.76938e-13 2.79594e-43 7.62839e-40
6.79987e-13 2.83062e-43 7.6256e-40
6.8305e-13 2.86562e-43 7.62277e-40
6.86126e-13 2.90093e-43 7.6199e-40
6.89216e-13 2.93656e-43 7.617e-40
6.9232e-13 2.9725e-43 7.61406e-40
6.95438e-13 3.00876e-43 7.61109e-40
6.9857e-13 3.04534e-43 7.60808e-40
7.01716e-13 3.08224e-43 7.60504e-40
7.04877e-13 3.11945e-43 7.60196e-40
7.08051e-13 3.15699e-43 7.59884e-40
7.1124e-13 3.19484e-43 7.59568e-40
7.14443e-13 3.23302e-43 7.59248e-40
7.17661e-13 3.27152e-43 7.58925e-40
7.20893e-13 3.31034e-43 7.58598e-40
7.2414e-13 3.34949e-43 7.58267e-40
7.27401e-13 3.38896e-43 7.57932e-40
7.30677e-13 3.42876e-43 7.57593e-40
7.33968e-13 3.46888e-43 7.5725e-40
7.37273e-13 3.50933e-43 7.56903e-40
7.40594e-13 3.55011e-43 7.56552e-40
7.43929e-13 3.59121e-43 7.56197e-40
7.4728e-13 3.63264e-43 7.55838e-40
7.50645e-13 3.6744e-43 7.55475e-40
7.54026e-13 3.71649e-43 7.55108e-40
7.57422e-13 3.7589e-43 7.54736e-40
7.60833e-13 3.80165e-43 7.5436e-40
7.6426e-13 3.84472e-43 7.5398e-40
7.67702e-13 3.88813e-43 7.53595e-40
7.71159e-13 3.93186e-43 7.53207e-40
7.74632e-13 3.97593e-43 7.52813e-40
7.78121e-13 4.02032e-43 7.52416e-40
7.81625e-13 4.06505e-43 7.52014e-40
7.85146e-13 4.1101e-43 7.51607e-40
7.88682e-13 4.15549e-43 7.51196e-40
7.92234e-13 4.20121e-43 7.50781e-40
7.95802e-13 4.24725e-43 7.50361e-40
7.99386e-13 4.29363e-43 7.49936e-40
8.02986e-13 4.34034e-43 7.49507e-40
8.06602e-13 4.38738e-43 7.49072e-40
8.10235e-13 4.43475e-43 7.48634e-40
8.13884e-13 4.48244e-43 7.4819e-40
8.1755e-13 4.53047e-43 7.47742e-40
8.21232e-13 4.57883e-43 7.47289e-40
8.2493e-13 4.62751e-43 7.46831e-40
8.28645e-13 4.67652e-43 7.46368e-40
8.32377e-13 4.72586e-43 7.45901e-40
8.36126e-13 4.77553e-43 7.45428e-40
8.39892e-13 4.82553e-43 7.44951e-40
8.43674e-13 4.87585e-43 7.44468e-40
8.47474e-13 4.92649e-43 7.4398e-40
8.51291e-13 4.97746e-43 7.43488e-40
8.55125e-13 5.02876e-43 7.4299e-40
8.58976e-13 5.08038e-43 7.42487e-40
8.62845e-13 5.13232e-43 7.41979e-40
8.66731e-13 5.18458e-43 7.41466e-40
8.70634e-13 5.23716e-43 7.40947e-40
8.74555e-13 5.29007e-43 7.40424e-40
8.78494e-13 5.34329e-43 7.39895e-40
8.82451e-13 5.39683e-43 7.3936e-40
8.86425e-13 5.45068e-43 7.38821e-40
8.90417e-13 5.50485e-43 7.38276e-40
8.94427e-13 5.55934e-43 7.37725e-40
8.98455e-13 5.61414e-43 7.37169e-40
9.02502e-13 5.66925e-43 7.36608e-40
9.06566e-13 5.72467e-43 7.36041e-40
9.10649e-13 5.7804e-43 7.35468e-40
9.14751e-13 5.83644e-43 7.3489e-40
9.1887e-13 5.89278e-43 7.34307e-40
9.23009e-13 5.94943e-43 7.33717e-40
9.27166e-13 6.00638e-43 7.33123e-40
9.31341e-13 6.06363e-43 7.32522e-40
9.35536e-13 6.12119e-43 7.31916e-40
9.39749e-13 6.17904e-43 7.31303e-40
9.43982e-13 6.23718e-43 7.30685e-40
9.48233e-13 6.29563e-43 7.30062e-40
9.52504e-13 6.35436e-43 7.29432e-40
9.56793e-13 6.41338e-43 7.28797e-40
9.61103e-13 6.4727e-43 7.28155e-40
9.65431e-13 6.5323e-43 7.27508e-40
9.69779e-13 6.59218e-43 7.26855e-40
9.74147e-13 6.65235e-43 7.26196e-40
9.78534e-13 6.71279e-43 7.2553e-40
9.82941e-13 6.77352e-43 7.24859e-40
9.87368e-13 6.83452e-43 7.24182e-40
9.91815e-13 6.89579e-43 7.23498e-40
9.96282e-13 6.95734e-43 7.22809e-40
1.00077e-12 7.01915e-43 7.22113e-40
1.00528e-12 7.08123e-43 7.21411e-40
1.0098e-12 7.14357e-43 7.20703e-40
1.01435e-12 7.20618e-43 7.19989e-40
1.01892e-12 7.26904e-43 7.19268e-40
1.02351e-12 7.33216e-43 7.18541e-40
1.02812e-12 7.39553e-43 7.17808e-40
1.03275e-12 7.45915e-43 7.17068e-40
1.0374e-12 7.52301e-43 7.16322e-40
1.04207e-12 7.58713e-43 7.1557e-40
1.04676e-12 7.65148e-43 7.14811e-40
1.05148e-12 7.71607e-43 7.14046e-40
1.05621e-12 7.7809e-43 7.13275e-40
1.06097e-12 7.84595e-43 7.12497e-40
1.06575e-12 7.91124e-43 7.11712e-40
1.07055e-12 7.97675e-43 7.10921e-40
1.07537e-12 8.04249e-43 7.10123e-40
1.08021e-12 8.10844e-43 7.09319e-40
1.08508e-12 8.17461e-43 7.08508e-40
1.08997e-12 8.24099e-43 7.07691e-40
1.09487e-12 8.30758e-43 7.06867e-40
1.09981e-12 8.37438e-43 7.06036e-40
1.10476e-12 8.44137e-43 7.05198e-40
1.10973e-12 8.50857e-43 7.04354e-40
1.11473e-12 8.57596e-43 7.03503e-40
1.11975e-12 8.64354e-43 7.02646e-40
1.1248e-12 8.71131e-43 7.01781e-40
1.12986e-12 8.77926e-43 7.0091e-40
1.13495e-12 8.84738e-43 7.00032e-40
1.14006e-12 8.91569e-43 6.99148e-40
1.1452e-12 8.98416e-43 6.98256e-40
1.15035e-12 9.05281e-43 6.97358e-40
1.15553e-12 9.12161e-43 6.96452e-40
1.16074e-12 9.19058e-43 6.9554e-40
1.16597e-12 9.2597e-43 6.94621e-40
1.17122e-12 9.32897e-43 6.93695e-40
1.17649e-12 9.39838e-43 6.92762e-40
1.18179e-12 9.46794e-43 6.91822e-40
1.18711e-12 9.53764e-43 6.90876e-40
1.19246e-12 9.60747e-43 6.89922e-40
1.19783e-12 9.67743e-43 6.88961e-40
1.20323e-12 9.74751e-43 6.87993e-40
1.20864e-12 9.81771e-43 6.87019e-40
1.21409e-12 9.88803e-43 6.86037e-40
1.21956e-12 9.95846e-43 6.85048e-40
1.22505e-12 1.0029e-42 6.84052e-40
1.23057e-12 1.00996e-42 6.83049e-40
1.23611e-12 1.01704e-42 6.82039e-40
1.24167e-12 1.02412e-42 6.81022e-40
1.24727e-12 1.03121e-42 6.79998e-40
1.25288e-12 1.03831e-42 6.78967e-40
1.25853e-12 1.04542e-42 6.77929e-40
1.26419e-12 1.05253e-42 6.76883e-40
1.26989e-12 1.05965e-42 6.75831e-40
1.27561e-12 1.06678e-42 6.74771e-40
1.28135e-12 1.07391e-42 6.73704e-40
1.28712e-12 1.08105e-42 6.7263e-40
1.29292e-12 1.08819e-42 6.71549e-40
1.29874e-12 1.09534e-42 6.70461e-40
1.30459e-12 1.10249e-42 6.69366e-40
1.31047e-12 1.10964e-42 6.68263e-40
1.31637e-12 1.1168e-42 6.67154e-40
1.3223e-12 1.12396e-42 6.66037e-40
1.32825e-12 1.13112e-42 6.64913e-40
1.33424e-12 1.13828e-42 6.63782e-40
1.34024e-12 1.14544e-42 6.62644e-40
1.34628e-12 1.1526e-42 6.61498e-40
1.35234e-12 1.15976e-42 6.60346e-40
1.35843e-12 1.16692e-42 6.59186e-40
1.36455e-12 1.17407e-42 6.58019e-40
1.3707e-12 1.18123e-42 6.56845e-40
1.37687e-12 1.18838e-42 6.55664e-40
1.38307e-12 1.19553e-42 6.54475e-40
1.3893e-12 1.20267e-42 6.5328e-40
1.39556e-12 1.20981e-42 6.52077e-40
1.40184e-12 1.21695e-42 6.50867e-40
1.40816e-12 1.22408e-42 6.4965e-40
1.4145e-12 1.2312e-42 6.48426e-40
1.42087e-12 1.23832e-42 6.47195e-40
1.42727e-12 1.24542e-42 6.45957e-40
1.4337e-12 1.25252e-42 6.44711e-40
1.44015e-12 1.25962e-42 6.43459e-40
1.44664e-12 1.2667e-42 6.42199e-40
1.45315e-12 1.27377e-42 6.40932e-40
1.4597e-12 1.28083e-42 6.39659e-40
1.46627e-12 1.28788e-42 6.38378e-40
1.47288e-12 1.29492e-42 6.3709e-40
1.47951e-12 1.30195e-42 6.35795e-40
1.48617e-12 1.30896e-42 6.34493e-40
1.49287e-12 1.31596e-42 6.33184e-40
1.49959e-12 1.32295e-42 6.31868e-40
1.50634e-12 1.32992e-42 6.30545e-40
1.51313e-12 1.33688e-42 6.29215e-40
1.51994e-12 1.34382e-42 6.27878e-40
1.52679e-12 1.35074e-42 6.26534e-40
1.53366e-12 1.35765e-42 6.25184e-40
1.54057e-12 1.36454e-42 6.23826e-40
1.54751e-12 1.37141e-42 6.22462e-40
1.55448e-12 1.37826e-42 6.2109e-40
1.56148e-12 1.3851e-42 6.19712e-40
1.56851e-12 1.39191e-42 6.18327e-40
1.57558e-12 1.3987e-42 6.16935e-40
1.58267e-12 1.40547e-42 6.15536e-40
1.5898e-12 1.41222e-42 6.14131e-40
1.59696e-12 1.41895e-42 6.12718e-40
1.60415e-12 1.42565e-42 6.113e-40
1.61138e-12 1.43233e-42 6.09874e-40
1.61864e-12 1.43899e-42 6.08442e-40
1.62592e-12 1.44562e-42 6.07003e-40
1.63325e-12 1.45222e-42 6.05557e-40
1.6406e-12 1.4588e-42 6.04105e-40
1.64799e-12 1.46535e-42 6.02646e-40
1.65541e-12 1.47187e-42 6.01181e-40
1.66287e-12 1.47837e-42 5.99709e-40
1.67036e-12 1.48484e-42 5.9823e-40
1.67788e-12 1.49128e-42 5.96745e-40
1.68544e-12 1.49768e-42 5.95254e-40
1.69303e-12 1.50406e-42 5.93757e-40
1.70065e-12 1.51041e-42 5.92252e-40
1.70831e-12 1.51672e-42 5.90742e-40
1.71601e-12 1.523e-42 5.89225e-40
1.72374e-12 1.52925e-42 5.87702e-40
1.7315e-12 1.53547e-42 5.86173e-40
1.7393e-12 1.54165e-42 5.84638e-40
1.74713e-12 1.5478e-42 5.83096e-40
1.755e-12 1.55391e-42 5.81548e-40
1.7629e-12 1.55999e-42 5.79994e-40
1.77084e-12 1.56603e-42 5.78434e-40
1.77882e-12 1.57203e-42 5.76868e-40
1.78683e-12 1.57799e-42 5.75296e-40
1.79488e-12 1.58392e-42 5.73718e-40
1.80296e-12 1.58981e-42 5.72134e-40
1.81108e-12 1.59565e-42 5.70544e-40
1.81924e-12 1.60146e-42 5.68949e-40
1.82743e-12 1.60723e-42 5.67347e-40
1.83566e-12 1.61296e-42 5.6574e-40
1.84393e-12 1.61864e-42 5.64127e-40
1.85223e-12 1.62429e-42 5.62509e-40
1.86057e-12 1.62989e-42 5.60884e-40
1.86895e-12 1.63544e-42 5.59254e-40
1.87737e-12 1.64095e-42 5.57619e-40
1.88583e-12 1.64642e-42 5.55978e-40
1.89432e-12 1.65185e-42 5.54332e-40
1.90285e-12 1.65722e-42 5.5268e-40
1.91142e-12 1.66255e-42 5.51022e-40
1.92003e-12 1.66784e-42 5.4936e-40
1.92868e-12 1.67308e-42 5.47692e-40
1.93736e-12 1.67827e-42 5.46019e-40
1.94609e-12 1.68341e-42 5.44341e-40
1.95485e-12 1.6885e-42 5.42657e-40
1.96366e-12 1.69355e-42 5.40969e-40
1.9725e-12 1.69854e-42 5.39275e-40
1.98138e-12 1.70348e-42 5.37577e-40
1.99031e-12 1.70838e-42 5.35873e-40
1.99927e-12 1.71322e-42 5.34165e-40
2.00827e-12 1.71801e-42 5.32452e-40
2.01732e-12 1.72274e-42 5.30734e-40
2.0264e-12 1.72743e-42 5.29011e-40
2.03553e-12 1.73206e-42 5.27283e-40
2.0447e-12 1.73664e-42 5.25551e-40
2.05391e-12 1.74116e-42 5.23815e-40
2.06316e-12 1.74563e-42 5.22074e-40
2.07245e-12 1.75004e-42 5.20328e-40
2.08178e-12 1.7544e-42 5.18578e-40
2.09116e-12 1.75871e-42 5.16824e-40
2.10058e-12 1.76295e-42 5.15065e-40
2.11004e-12 1.76714e-42 5.13302e-40
2.11954e-12 1.77127e-42 5.11535e-40
2.12909e-12 1.77534e-42 5.09763e-40
2.13867e-12 1.77936e-42 5.07988e-40
2.14831e-12 1.78332e-42 5.06209e-40
2.15798e-12 1.78721e-42 5.04425e-40
2.1677e-12 1.79105e-42 5.02638e-40
2.17746e-12 1.79483e-42 5.00847e-40
2.18727e-12 1.79855e-42 4.99052e-40
2.19712e-12 1.80221e-42 4.97254e-40
2.20702e-12 1.8058e-42 4.95452e-40
2.21696e-12 1.80934e-42 4.93646e-40
2.22694e-12 1.81281e-42 4.91836e-40
2.23697e-12 1.81623e-42 4.90024e-40
2.24704e-12 1.81957e-42 4.88207e-40
2.25716e-12 1.82286e-42 4.86388e-40
2.26733e-12 1.82608e-42 4.84565e-40
2.27754e-12 1.82924e-42 4.82739e-40
2.2878e-12 1.83234e-42 4.8091e-40
2.2981e-12 1.83537e-42 4.79077e-40
2.30845e-12 1.83834e-42 4.77242e-40
2.31885e-12 1.84124e-42 4.75404e-40
2.32929e-12 1.84408e-42 4.73562e-40
2.33978e-12 1.84685e-42 4.71718e-40
2.35032e-12 1.84956e-42 4.69871e-40
2.36091e-12 1.8522e-42 4.68022e-40
2.37154e-12 1.85477e-42 4.6617e-40
2.38222e-12 1.85728e-42 4.64315e-40
2.39295e-12 1.85972e-42 4.62458e-40
2.40373e-12 1.8621e-42 4.60598e-40
2.41455e-12 1.86441e-42 4.58736e-40
2.42543e-12 1.86665e-42 4.56871e-40
2.43635e-12 1.86882e-42 4.55005e-40
2.44732e-12 1.87092e-42 4.53136e-40
2.45834e-12 1.87296e-42 4.51265e-40
2.46942e-12 1.87493e-42 4.49392e-40
2.48054e-12 1.87683e-42 4.47517e-40
2.49171e-12 1.87866e-42 4.4564e-40
2.50293e-12 1.88042e-42 4.43762e-40
2.5142e-12 1.88212e-42 4.41881e-40
2.52553e-12 1.88374e-42 4.39999e-40
2.5369e-12 1.88529e-42 4.38115e-40
2.54833e-12 1.88678e-42 4.3623e-40
2.5598e-12 1.88819e-42 4.34343e-40
2.57133e-12 1.88954e-42 4.32455e-40
2.58291e-12 1.89082e-42 4.30566e-40
2.59454e-12 1.89202e-42 4.28675e-40
2.60623e-12 1.89316e-42 4.26783e-40
2.61797e-12 1.89422e-42 4.2489e-40
2.62976e-12 1.89522e-42 4.22995e-40
2.6416e-12 1.89614e-42 4.211e-40
2.6535e-12 1.897e-42 4.19204e-40
2.66545e-12 1.89778e-42 4.17307e-40
2.67745e-12 1.89849e-42 4.15409e-40
2.68951e-12 1.89913e-42 4.13511e-40
2.70162e-12 1.89971e-42 4.11612e-40
2.71379e-12 1.90021e-42 4.09712e-40
2.72601e-12 1.90064e-42 4.07812e-40
2.73829e-12 1.90099e-42 4.05911e-40
2.75062e-12 1.90128e-42 4.0401e-40
2.76301e-12 1.9015e-42 4.02109e-40
2.77546e-12 1.90164e-42 4.00207e-40
2.78796e-12 1.90172e-42 3.98306e-40
2.80051e-12 1.90172e-42 3.96404e-40
2.81312e-12 1.90166e-42 3.94502e-40
2.82579e-12 1.90152e-42 3.926e-40
2.83852e-12 1.90131e-42 3.90699e-40
2.8513e-12 1.90103e-42 3.88798e-40
2.86415e-12 1.90068e-42 3.86897e-40
2.87705e-12 1.90026e-42 3.84996e-40
2.89e-12 1.89977e-42 3.83096e-40
2.90302e-12 1.89921e-42 3.81196e-40
2.91609e-12 1.89858e-42 3.79297e-40
2.92923e-12 1.89787e-42 3.77398e-40
2.94242e-12 1.8971e-42 3.755e-40
2.95567e-12 1.89626e-42 3.73603e-40
2.96898e-12 1.89535e-42 3.71707e-40
2.98235e-12 1.89436e-42 3.69812e-40
2.99578e-12 1.89331e-42 3.67917e-40
3.00928e-12 1.89219e-42 3.66024e-40
3.02283e-12 1.891e-42 3.64132e-40
3.03644e-12 1.88974e-42 3.62241e-40
3.05012e-12 1.88841e-42 3.60351e-40
3.06386e-12 1.88701e-42 3.58463e-40
3.07765e-12 1.88554e-42 3.56576e-40
3.09152e-12 1.88401e-42 3.5469e-40
3.10544e-12 1.8824e-42 3.52806e-40
3.11942e-12 1.88073e-42 3.50924e-40
3.13347e-12 1.87899e-42 3.49043e-40
3.14759e-12 1.87718e-42 3.47164e-40
3.16176e-12 1.8753e-42 3.45287e-40
3.176e-12 1.87336e-42 3.43411e-40
3.19031e-12 1.87135e-42 3.41538e-40
3.20467e-12 1.86927e-42 3.39667e-40
3.21911e-12 1.86712e-42 3.37797e-40
3.2336e-12 1.86491e-42 3.3593e-40
3.24817e-12 1.86264e-42 3.34065e-40
3.2628e-12 1.86029e-42 3.32203e-40
3.27749e-12 1.85789e-42 3.30342e-40
3.29225e-12 1.85541e-42 3.28485e-40
3.30708e-12 1.85287e-42 3.26629e-40
3.32197e-12 1.85027e-42 3.24776e-40
3.33693e-12 1.8476e-42 3.22926e-40
3.35196e-12 1.84487e-42 3.21078e-40
3.36706e-12 1.84207e-42 3.19234e-40
3.38222e-12 1.83922e-42 3.17391e-40
3.39746e-12 1.83629e-42 3.15552e-40
3.41276e-12 1.83331e-42 3.13716e-40
3.42813e-12 1.83026e-42 3.11883e-40
3.44357e-12 1.82715e-42 3.10052e-40
3.45908e-12 1.82398e-42 3.08225e-40
3.47465e-12 1.82075e-42 3.06401e-40
3.4903e-12 1.81745e-42 3.0458e-40
3.50602e-12 1.8141e-42 3.02763e-40
3.52181e-12 1.81069e-42 3.00949e-40
3.53767e-12 1.80721e-42 2.99138e-40
3.55361e-12 1.80368e-42 2.97331e-40
3.56961e-12 1.80008e-42 2.95527e-40
3.58569e-12 1.79643e-42 2.93727e-40
3.60184e-12 1.79272e-42 2.91931e-40
3.61806e-12 1.78895e-42 2.90138e-40
3.63435e-12 1.78513e-42 2.88349e-40
3.65072e-12 1.78125e-42 2.86564e-40
3.66716e-12 1.77731e-42 2.84783e-40
3.68368e-12 1.77331e-42 2.83005e-40
3.70027e-12 1.76926e-42 2.81232e-40
3.71693e-12 1.76516e-42 2.79463e-40
3.73367e-12 1.761e-42 2.77698e-40
3.75049e-12 1.75678e-42 2.75937e-40
3.76738e-12 1.75251e-42 2.7418e-40
3.78435e-12 1.74819e-42 2.72427e-40
3.80139e-12 1.74381e-42 2.70679e-40
3.81851e-12 1.73939e-42 2.68935e-40
3.83571e-12 1.73491e-42 2.67196e-40
3.85298e-12 1.73037e-42 2.65461e-40
3.87034e-12 1.72579e-42 2.63731e-40
3.88777e-12 1.72116e-42 2.62005e-40
3.90528e-12 1.71647e-42 2.60284e-40
3.92286e-12 1.71174e-42 2.58567e-40
3.94053e-12 1.70696e-42 2.56856e-40
3.95828e-12 1.70213e-42 2.55149e-40
3.97611e-12 1.69725e-42 2.53447e-40
3.99401e-12 1.69232e-42 2.51749e-40
4.012e-12 1.68735e-42 2.50057e-40
4.03007e-12 1.68233e-42 2.4837e-40
4.04822e-12 1.67726e-42 2.46687e-40
4.06645e-12 1.67215e-42 2.4501e-40
4.08477e-12 1.667e-42 2.43338e-40
4.10316e-12 1.6618e-42 2.41671e-40
4.12164e-12 1.65655e-42 2.40009e-40
4.1402e-12 1.65126e-42 2.38353e-40
4.15885e-12 1.64593e-42 2.36701e-40
4.17758e-12 1.64056e-42 2.35055e-40
4.1964e-12 1.63515e-42 2.33415e-40
4.2153e-12 1.62969e-42 2.3178e-40
4.23428e-12 1.62419e-42 2.3015e-40
4.25335e-12 1.61866e-42 2.28526e-40
4.27251e-12 1.61308e-42 2.26907e-40
4.29175e-12 1.60747e-42 2.25294e-40
4.31108e-12 1.60181e-42 2.23687e-40
4.33049e-12 1.59612e-42 2.22085e-40
4.35e-12 1.59039e-42 2.20489e-40
4.36959e-12 1.58463e-42 2.18898e-40
4.38927e-12 1.57883e-42 2.17314e-40
4.40903e-12 1.57299e-42 2.15735e-40
4.42889e-12 1.56712e-42 2.14162e-40
4.44884e-12 1.56121e-42 2.12595e-40
4.46887e-12 1.55527e-42 2.11033e-40
4.489e-12 1.5493e-42 2.09478e-40
4.50922e-12 1.54329e-42 2.07929e-40
4.52953e-12 1.53725e-42 2.06386e-40
4.54993e-12 1.53118e-42 2.04848e-40
4.57042e-12 1.52508e-42 2.03317e-40
4.591e-12 1.51895e-42 2.01792e-40
4.61168e-12 1.51279e-42 2.00273e-40
4.63245e-12 1.5066e-42 1.9876e-40
4.65331e-12 1.50038e-42 1.97254e-40
4.67427e-12 1.49414e-42 1.95753e-40
4.69532e-12 1.48786e-42 1.94259e-40
4.71647e-12 1.48156e-42 1.92771e-40
4.73771e-12 1.47524e-42 1.9129e-40
4.75904e-12 1.46888e-42 1.89815e-40
4.78048e-12 1.46251e-42 1.88346e-40
4.80201e-12 1.4561e-42 1.86883e-40
4.82363e-12 1.44968e-42 1.85427e-40
4.84536e-12 1.44323e-42 1.83977e-40
4.86718e-12 1.43675e-42 1.82534e-40
4.8891e-12 1.43026e-42 1.81097e-40
4.91112e-12 1.42374e-42 1.79667e-40
4.93324e-12 1.41721e-42 1.78243e-40
4.95546e-12 1.41065e-42 1.76826e-40
4.97777e-12 1.40407e-42 1.75415e-40
5.00019e-12 1.39747e-42 1.74011e-40
5.02271e-12 1.39086e-42 1.72614e-40
5.04533e-12 1.38422e-42 1.71223e-40
5.06806e-12 1.37757e-42 1.69839e-40
5.09088e-12 1.3709e-42 1.68461e-40
5.11381e-12 1.36422e-42 1.6709e-40
5.13684e-12 1.35752e-42 1.65726e-40
5.15997e-12 1.3508e-42 1.64369e-40
5.18321e-12 1.34407e-42 1.63018e-40
5.20656e-12 1.33733e-42 1.61674e-40
5.23001e-12 1.33057e-42 1.60336e-40
5.25356e-12 1.3238e-42 1.59006e-40
5.27722e-12 1.31702e-42 1.57682e-40
5.30099e-12 1.31022e-42 1.56365e-40
5.32486e-12 1.30341e-42 1.55055e-40
5.34884e-12 1.2966e-42 1.53751e-40
5.37293e-12 1.28977e-42 1.52455e-40
5.39713e-12 1.28293e-42 1.51165e-40
5.42144e-12 1.27609e-42 1.49882e-40
5.44586e-12 1.26923e-42 1.48606e-40
5.47038e-12 1.26237e-42 1.47337e-40
5.49502e-12 1.2555e-42 1.46074e-40
5.51977e-12 1.24862e-42 1.44819e-40
5.54463e-12 1.24174e-42 1.4357e-40
5.5696e-12 1.23485e-42 1.42329e-40
5.59468e-12 1.22795e-42 1.41094e-40
5.61988e-12 1.22105e-42 1.39866e-40
5.64519e-12 1.21415e-42 1.38645e-40
5.67061e-12 1.20724e-42 1.37431e-40
5.69615e-12 1.20033e-42 1.36223e-40
5.72181e-12 1.19342e-42 1.35023e-40
5.74757e-12 1.1865e-42 1.3383e-40
5.77346e-12 1.17959e-42 1.32643e-40
5.79946e-12 1.17267e-42 1.31463e-40
5.82558e-12 1.16575e-42 1.30291e-40
5.85182e-12 1.15883e-42 1.29125e-40
5.87817e-12 1.15192e-42 1.27966e-40
5.90465e-12 1.145e-42 1.26814e-40
5.93124e-12 1.13808e-42 1.25669e-40
5.95795e-12 1.13117e-42 1.24531e-40
5.98478e-12 1.12426e-42 1.234e-40
6.01174e-12 1.11735e-42 1.22276e-40
6.03881e-12 1.11045e-42 1.21158e-40
6.06601e-12 1.10354e-42 1.20048e-40
6.09333e-12 1.09665e-42 1.18944e-40
6.12077e-12 1.08976e-42 1.17848e-40
6.14834e-12 1.08287e-42 1.16758e-40
6.17603e-12 1.07599e-42 1.15675e-40
6.20384e-12 1.06911e-42 1.14599e-40
6.23178e-12 1.06225e-42 1.1353e-40
6.25985e-12 1.05538e-42 1.12468e-40
6.28804e-12 1.04853e-42 1.11412e-40
6.31636e-12 1.04169e-42 1.10364e-40
6.34481e-12 1.03485e-42 1.09322e-40
6.37339e-12 1.02802e-42 1.08287e-40
6.40209e-12 1.0212e-42 1.07259e-40
6.43092e-12 1.01439e-42 1.06238e-40
6.45989e-12 1.00759e-42 1.05224e-40
6.48898e-12 1.00081e-42 1.04216e-40
6.5182e-12 9.94029e-43 1.03215e-40
6.54756e-12 9.87263e-43 1.02221e-40
6.57705e-12 9.80509e-43 1.01234e-40
6.60667e-12 9.73767e-43 1.00254e-40
6.63642e-12 9.67038e-43 9.92798e-41
6.66631e-12 9.60322e-43 9.83128e-41
6.69633e-12 9.53619e-43 9.73525e-41
6.72649e-12 9.4693e-43 9.63988e-41
6.75679e-12 9.40255e-43 9.54519e-41
6.78722e-12 9.33595e-43 9.45117e-41
6.81779e-12 9.2695e-43 9.35781e-41
6.84849e-12 9.2032e-43 9.26511e-41
6.87933e-12 9.13705e-43 9.17308e-41
6.91032e-12 9.07107e-43 9.08171e-41
6.94144e-12 9.00525e-43 8.991e-41
6.9727e-12 8.9396e-43 8.90095e-41
7.0041e-12 8.87412e-43 8.81155e-41
7.03565e-12 8.80881e-43 8.72281e-41
7.06734e-12 8.74368e-43 8.63472e-41
7.09916e-12 8.67873e-43 8.54728e-41
7.13114e-12 8.61396e-43 8.4605e-41
7.16325e-12 8.54939e-43 8.37436e-41
7.19551e-12 8.485e-43 8.28886e-41
7.22792e-12 8.4208e-43 8.20401e-41
7.26047e-12 8.3568e-43 8.1198e-41
7.29317e-12 8.29301e-43 8.03624e-41
7.32602e-12 8.22941e-43 7.95331e-41
7.35901e-12 8.16602e-43 7.87101e-41
7.39216e-12 8.10284e-43 7.78935e-41
7.42545e-12 8.03987e-43 7.70832e-41
7.45889e-12 7.97711e-43 7.62792e-41
7.49248e-12 7.91458e-43 7.54815e-41
7.52623e-12 7.85226e-43 7.46901e-41
7.56012e-12 7.79016e-43 7.39049e-41
7.59417e-12 7.72829e-43 7.31258e-41
7.62837e-12 7.66664e-43 7.2353e-41
7.66273e-12 7.60523e-43 7.15863e-41
7.69724e-12 7.54405e-43 7.08258e-41
7.73191e-12 7.4831e-43 7.00714e-41
7.76673e-12 7.42239e-43 6.93231e-41
7.80171e-12 7.36192e-43 6.85809e-41
7.83684e-12 7.30169e-43 6.78447e-41
7.87214e-12 7.24171e-43 6.71145e-41
7.90759e-12 7.18197e-43 6.63903e-41
7.94321e-12 7.12248e-43 6.56721e-41
7.97898e-12 7.06324e-43 6.49599e-41
8.01492e-12 7.00426e-43 6.42536e-41
8.05101e-12 6.94553e-43 6.35531e-41
8.08727e-12 6.88705e-43 6.28586e-41
8.12369e-12 6.82884e-43 6.21699e-41
8.16028e-12 6.77088e-43 6.1487e-41
8.19703e-12 6.71319e-43 6.08099e-41
8.23395e-12 6.65576e-43 6.01386e-41
8.27103e-12 6.5986e-43 5.9473e-41
8.30828e-12 6.54171e-43 5.88132e-41
8.3457e-12 6.48508e-43 5.8159e-41
8.38329e-12 6.42873e-43 5.75105e-41
8.42104e-12 6.37264e-43 5.68676e-41
8.45897e-12 6.31684e-43 5.62303e-41
8.49707e-12 6.2613e-43 5.55987e-41
8.53534e-12 6.20605e-43 5.49725e-41
8.57378e-12 6.15107e-43 5.43519e-41
8.61239e-12 6.09637e-43 5.37368e-41
8.65118e-12 6.04196e-43 5.31272e-41
8.69014e-12 5.98782e-43 5.2523e-41
8.72928e-12 5.93397e-43 5.19242e-41
8.76859e-12 5.88041e-43 5.13308e-41
8.80808e-12 5.82713e-43 5.07428e-41
8.84775e-12 5.77413e-43 5.016e-41
8.8876e-12 5.72143e-43 4.95826e-41
8.92763e-12 5.66901e-43 4.90105e-41
8.96783e-12 5.61688e-43 4.84436e-41
9.00822e-12 5.56505e-43 4.78819e-41
9.04879e-12 5.5135e-43 4.73254e-41
9.08955e-12 5.46225e-43 4.6774e-41
9.13048e-12 5.41129e-43 4.62278e-41
9.1716e-12 5.36063e-43 4.56867e-41
9.21291e-12 5.31026e-43 4.51506e-41
9.2544e-12 5.26019e-43 4.46196e-41
9.29608e-12 5.21041e-43 4.40936e-41
9.33795e-12 5.16093e-43 4.35725e-41
9.38e-12 5.11175e-43 4.30565e-41
9.42225e-12 5.06287e-43 4.25453e-41
9.46468e-12 5.01428e-43 4.2039e-41
9.50731e-12 4.96599e-43 4.15376e-41
9.55013e-12 4.91801e-43 4.1041e-41
9.59314e-12 4.87032e-43 4.05492e-41
9.63634e-12 4.82293e-43 4.00621e-41
9.67974e-12 4.77584e-43 3.95798e-41
9.72334e-12 4.72906e-43 3.91023e-41
9.76713e-12 4.68257e-43 3.86293e-41
9.81112e-12 4.63639e-43 3.81611e-41
9.8553e-12 4.59051e-43 3.76975e-41
9.89969e-12 4.54493e-43 3.72384e-41
9.94427e-12 4.49965e-43 3.67839e-41
9.98906e-12 4.45467e-43 3.63339e-41
1.0034e-11 4.41e-43 3.58885e-41
1.00792e-11 4.36562e-43 3.54475e-41
1.01246e-11 4.32155e-43 3.50109e-41
1.01702e-11 4.27778e-43 3.45788e-41
1.0216e-11 4.23431e-43 3.4151e-41
1.0262e-11 4.19115e-43 3.37275e-41
1.03083e-11 4.14828e-43 3.33084e-41
1.03547e-11 4.10572e-43 3.28936e-41
1.04013e-11 4.06346e-43 3.2483e-41
1.04482e-11 4.0215e-43 3.20767e-41
1.04952e-11 3.97984e-43 3.16745e-41
1.05425e-11 3.93848e-43 3.12766e-41
1.059e-11 3.89742e-43 3.08827e-41
1.06377e-11 3.85666e-43 3.0493e-41
1.06856e-11 3.81619e-43 3.01073e-41
1.07337e-11 3.77603e-43 2.97257e-41
1.0782e-11 3.73617e-43 2.93481e-41
1.08306e-11 3.6966e-43 2.89745e-41
1.08794e-11 3.65733e-43 2.86048e-41
1.09284e-11 3.61836e-43 2.82391e-41
1.09776e-11 3.57969e-43 2.78772e-41
1.1027e-11 3.54131e-43 2.75193e-41
1.10767e-11 3.50322e-43 2.71651e-41
1.11266e-11 3.46543e-43 2.68148e-41
1.11767e-11 3.42794e-43 2.64683e-41
1.1227e-11 3.39074e-43 2.61255e-41
1.12776e-11 3.35383e-43 2.57864e-41
1.13284e-11 3.31721e-43 2.5451e-41
1.13794e-11 3.28089e-43 2.51193e-41
1.14307e-11 3.24485e-43 2.47912e-41
1.14821e-11 3.20911e-43 2.44667e-41
1.15338e-11 3.17365e-43 2.41458e-41
1.15858e-11 3.13848e-43 2.38284e-41
1.1638e-11 3.1036e-43 2.35146e-41
1.16904e-11 3.06901e-43 2.32042e-41
1.1743e-11 3.0347e-43 2.28973e-41
1.17959e-11 3.00067e-43 2.25939e-41
1.1849e-11 2.96693e-43 2.22938e-41
1.19024e-11 2.93347e-43 2.19971e-41
1.1956e-11 2.9003e-43 2.17038e-41
1.20099e-11 2.8674e-43 2.14137e-41
1.2064e-11 2.83479e-43 2.1127e-41
1.21183e-11 2.80245e-43 2.08435e-41
1.21729e-11 2.77039e-43 2.05633e-41
1.22277e-11 2.73861e-43 2.02862e-41
1.22828e-11 2.70711e-43 2.00124e-41
1.23381e-11 2.67588e-43 1.97417e-41
1.23936e-11 2.64492e-43 1.94741e-41
1.24495e-11 2.61424e-43 1.92096e-41
1.25055e-11 2.58382e-43 1.89481e-41
1.25618e-11 2.55368e-43 1.86898e-41
1.26184e-11 2.5238e-43 1.84344e-41
1.26753e-11 2.4942e-43 1.8182e-41
1.27323e-11 2.46486e-43 1.79326e-41
1.27897e-11 2.43579e-43 1.76861e-41
1.28473e-11 2.40698e-43 1.74425e-41
1.29051e-11 2.37843e-43 1.72018e-41
1.29633e-11 2.35015e-43 1.6964e-41
1.30216e-11 2.32212e-43 1.6729e-41
1.30803e-11 2.29436e-43 1.64968e-41
1.31392e-11 2.26685e-43 1.62673e-41
1.31984e-11 2.2396e-43 1.60406e-41
1.32578e-11 2.21261e-43 1.58167e-41
1.33175e-11 2.18587e-43 1.55954e-41
1.33775e-11 2.15938e-43 1.53768e-41
1.34378e-11 2.13315e-43 1.51609e-41
1.34983e-11 2.10716e-43 1.49476e-41
1.35591e-11 2.08143e-43 1.47369e-41
1.36201e-11 2.05594e-43 1.45287e-41
1.36815e-11 2.0307e-43 1.43231e-41
1.37431e-11 2.0057e-43 1.41201e-41
1.3805e-11 1.98095e-43 1.39195e-41
1.38672e-11 1.95643e-43 1.37214e-41
1.39296e-11 1.93216e-43 1.35258e-41
1.39923e-11 1.90813e-43 1.33325e-41
1.40554e-11 1.88434e-43 1.31417e-41
1.41187e-11 1.86078e-43 1.29533e-41
1.41823e-11 1.83746e-43 1.27672e-41
1.42461e-11 1.81437e-43 1.25835e-41
1.43103e-11 1.79152e-43 1.2402e-41
1.43747e-11 1.7689e-43 1.22229e-41
1.44395e-11 1.7465e-43 1.2046e-41
1.45045e-11 1.72433e-43 1.18713e-41
1.45698e-11 1.70239e-43 1.16989e-41
1.46354e-11 1.68068e-43 1.15287e-41
1.47014e-11 1.65919e-43 1.13606e-41
1.47676e-11 1.63792e-43 1.11947e-41
1.48341e-11 1.61687e-43 1.10309e-41
1.49009e-11 1.59604e-43 1.08692e-41
1.4968e-11 1.57543e-43 1.07096e-41
1.50354e-11 1.55503e-43 1.05521e-41
1.51031e-11 1.53485e-43 1.03966e-41
1.51711e-11 1.51489e-43 1.02431e-41
1.52395e-11 1.49513e-43 1.00916e-41
1.53081e-11 1.47559e-43 9.94206e-42
1.5377e-11 1.45625e-43 9.7945e-42
1.54463e-11 1.43712e-43 9.64888e-42
1.55159e-11 1.4182e-43 9.50517e-42
1.55857e-11 1.39948e-43 9.36335e-42
1.56559e-11 1.38097e-43 9.2234e-42
1.57265e-11 1.36266e-43 9.0853e-42
1.57973e-11 1.34454e-43 8.94904e-42
1.58684e-11 1.32663e-43 8.81458e-42
1.59399e-11 1.30891e-43 8.68192e-42
1.60117e-11 1.29139e-43 8.55103e-42
1.60838e-11 1.27406e-43 8.42189e-42
1.61562e-11 1.25693e-43 8.29448e-42
1.6229e-11 1.23999e-43 8.16879e-42
1.63021e-11 1.22323e-43 8.04479e-42
1.63755e-11 1.20667e-43 7.92247e-42
1.64493e-11 1.19029e-43 7.8018e-42
1.65233e-11 1.17409e-43 7.68277e-42
1.65978e-11 1.15808e-43 7.56536e-42
1.66725e-11 1.14226e-43 7.44955e-42
1.67476e-11 1.12661e-43 7.33533e-42
1.6823e-11 1.11114e-43 7.22267e-42
1.68988e-11 1.09585e-43 7.11155e-42
1.69749e-11 1.08074e-43 7.00197e-42
1.70513e-11 1.0658e-43 6.89389e-42
1.71281e-11 1.05104e-43 6.78731e-42
1.72053e-11 1.03644e-43 6.68221e-42
1.72828e-11 1.02202e-43 6.57857e-42
1.73606e-11 1.00777e-43 6.47636e-42
1.74388e-11 9.93685e-44 6.37559e-42
1.75173e-11 9.79766e-44 6.27622e-42
1.75962e-11 9.66012e-44 6.17824e-42
1.76755e-11 9.52422e-44 6.08164e-42
1.77551e-11 9.38993e-44 5.9864e-42
1.7835e-11 9.25725e-44 5.8925e-42
1.79154e-11 9.12616e-44 5.79993e-42
1.7996e-11 8.99665e-44 5.70866e-42
1.80771e-11 8.8687e-44 5.6187e-42
1.81585e-11 8.7423e-44 5.53001e-42
1.82403e-11 8.61744e-44 5.44259e-42
1.83224e-11 8.4941e-44 5.35641e-42
1.8405e-11 8.37226e-44 5.27147e-42
1.84878e-11 8.25192e-44 5.18775e-42
1.85711e-11 8.13305e-44 5.10523e-42
1.86547e-11 8.01566e-44 5.0239e-42
1.87388e-11 7.89971e-44 4.94374e-42
1.88232e-11 7.7852e-44 4.86475e-42
1.89079e-11 7.67212e-44 4.78689e-42
1.89931e-11 7.56045e-44 4.71017e-42
1.90786e-11 7.45018e-44 4.63457e-42
1.91646e-11 7.34129e-44 4.56007e-42
1.92509e-11 7.23377e-44 4.48665e-42
1.93376e-11 7.12761e-44 4.41432e-42
1.94247e-11 7.02279e-44 4.34304e-42
1.95121e-11 6.91931e-44 4.27281e-42
1.96e-11 6.81714e-44 4.20362e-42
1.96883e-11 6.71628e-44 4.13545e-42
1.9777e-11 6.61672e-44 4.06829e-42
1.9866e-11 6.51843e-44 4.00212e-42
1.99555e-11 6.42141e-44 3.93693e-42
2.00454e-11 6.32564e-44 3.87272e-42
2.01357e-11 6.23111e-44 3.80946e-42
2.02263e-11 6.13782e-44 3.74715e-42
2.03174e-11 6.04573e-44 3.68577e-42
2.04089e-11 5.95486e-44 3.62532e-42
2.05008e-11 5.86517e-44 3.56577e-42
2.05932e-11 5.77666e-44 3.50712e-42
2.06859e-11 5.68932e-44 3.44935e-42
2.07791e-11 5.60314e-44 3.39246e-42
2.08727e-11 5.51809e-44 3.33643e-42
2.09667e-11 5.43418e-44 3.28124e-42
2.10611e-11 5.35138e-44 3.2269e-42
2.1156e-11 5.26969e-44 3.17339e-42
2.12512e-11 5.1891e-44 3.12069e-42
2.13469e-11 5.10959e-44 3.0688e-42
2.14431e-11 5.03115e-44 3.0177e-42
2.15397e-11 4.95377e-44 2.96739e-42
2.16367e-11 4.87744e-44 2.91786e-42
2.17341e-11 4.80214e-44 2.86908e-42
2.1832e-11 4.72788e-44 2.82106e-42
2.19303e-11 4.65462e-44 2.77378e-42
2.20291e-11 4.58237e-44 2.72723e-42
2.21283e-11 4.51111e-44 2.68141e-42
2.2228e-11 4.44083e-44 2.6363e-42
2.23281e-11 4.37152e-44 2.59189e-42
2.24286e-11 4.30317e-44 2.54818e-42
2.25296e-11 4.23577e-44 2.50514e-42
2.26311e-11 4.1693e-44 2.46279e-42
2.2733e-11 4.10376e-44 2.42109e-42
2.28354e-11 4.03914e-44 2.38006e-42
2.29383e-11 3.97543e-44 2.33967e-42
2.30416e-11 3.9126e-44 2.29991e-42
2.31453e-11 3.85067e-44 2.26078e-42
2.32496e-11 3.78961e-44 2.22228e-42
2.33543e-11 3.72941e-44 2.18438e-42
2.34595e-11 3.67007e-44 2.14709e-42
2.35651e-11 3.61157e-44 2.11039e-42
2.36713e-11 3.55391e-44 2.07427e-42
2.37779e-11 3.49707e-44 2.03873e-42
2.3885e-11 3.44105e-44 2.00376e-42
2.39925e-11 3.38583e-44 1.96935e-42
2.41006e-11 3.33141e-44 1.93549e-42
2.42091e-11 3.27777e-44 1.90218e-42
2.43182e-11 3.22491e-44 1.8694e-42
2.44277e-11 3.17282e-44 1.83715e-42
2.45377e-11 3.12148e-44 1.80542e-42
2.46482e-11 3.0709e-44 1.77421e-42
2.47592e-11 3.02105e-44 1.7435e-42
2.48707e-11 2.97193e-44 1.71329e-42
2.49827e-11 2.92354e-44 1.68357e-42
2.50952e-11 2.87586e-44 1.65433e-42
2.52083e-11 2.82888e-44 1.62558e-42
2.53218e-11 2.7826e-44 1.59729e-42
2.54358e-11 2.737e-44 1.56946e-42
2.55504e-11 2.69208e-44 1.54209e-42
2.56655e-11 2.64783e-44 1.51517e-42
2.57811e-11 2.60424e-44 1.48869e-42
2.58972e-11 2.56131e-44 1.46265e-42
2.60138e-11 2.51902e-44 1.43704e-42
2.6131e-11 2.47736e-44 1.41185e-42
2.62486e-11 2.43633e-44 1.38707e-42
2.63669e-11 2.39592e-44 1.36271e-42
2.64856e-11 2.35613e-44 1.33875e-42
2.66049e-11 2.31693e-44 1.31519e-42
2.67247e-11 2.27834e-44 1.29202e-42
2.68451e-11 2.24033e-44 1.26924e-42
2.6966e-11 2.2029e-44 1.24683e-42
2.70874e-11 2.16605e-44 1.2248e-42
2.72094e-11 2.12976e-44 1.20314e-42
2.7332e-11 2.09403e-44 1.18185e-42
2.74551e-11 2.05885e-44 1.16091e-42
2.75787e-11 2.02421e-44 1.14032e-42
2.77029e-11 1.99011e-44 1.12008e-42
2.78277e-11 1.95654e-44 1.10017e-42
2.7953e-11 1.92349e-44 1.08061e-42
2.80789e-11 1.89096e-44 1.06137e-42
2.82054e-11 1.85893e-44 1.04246e-42
2.83324e-11 1.82741e-44 1.02387e-42
2.846e-11 1.79638e-44 1.0056e-42
2.85882e-11 1.76584e-44 9.87637e-43
2.87169e-11 1.73578e-44 9.69978e-43
2.88462e-11 1.70619e-44 9.52621e-43
2.89762e-11 1.67707e-44 9.35559e-43
2.91067e-11 1.64841e-44 9.18788e-43
2.92377e-11 1.62021e-44 9.02304e-43
2.93694e-11 1.59246e-44 8.86102e-43
2.95017e-11 1.56514e-44 8.70177e-43
2.96346e-11 1.53827e-44 8.54526e-43
2.9768e-11 1.51182e-44 8.39143e-43
2.99021e-11 1.4858e-44 8.24025e-43
3.00368e-11 1.4602e-44 8.09167e-43
3.0172e-11 1.43501e-44 7.94565e-43
3.03079e-11 1.41023e-44 7.80215e-43
3.04444e-11 1.38585e-44 7.66112e-43
3.05815e-11 1.36186e-44 7.52254e-43
3.07193e-11 1.33826e-44 7.38635e-43
3.08576e-11 1.31505e-44 7.25253e-43
3.09966e-11 1.29221e-44 7.12102e-43
3.11362e-11 1.26975e-44 6.9918e-43
3.12764e-11 1.24765e-44 6.86483e-43
3.14173e-11 1.22592e-44 6.74006e-43
3.15588e-11 1.20454e-44 6.61747e-43
3.17009e-11 1.18352e-44 6.49701e-43
3.18437e-11 1.16284e-44 6.37866e-43
3.19871e-11 1.1425e-44 6.26238e-43
3.21312e-11 1.1225e-44 6.14813e-43
3.22759e-11 1.10284e-44 6.03588e-43
3.24212e-11 1.08349e-44 5.92559e-43
3.25672e-11 1.06447e-44 5.81724e-43
3.27139e-11 1.04577e-44 5.7108e-43
3.28612e-11 1.02738e-44 5.60622e-43
3.30092e-11 1.0093e-44 5.50348e-43
3.31579e-11 9.91515e-45 5.40255e-43
3.33072e-11 9.74032e-45 5.3034e-43
3.34573e-11 9.56844e-45 5.206e-43
3.36079e-11 9.39945e-45 5.11031e-43
3.37593e-11 9.23331e-45 5.01632e-43
3.39113e-11 9.06998e-45 4.92399e-43
3.40641e-11 8.90942e-45 4.83329e-43
3.42175e-11 8.75157e-45 4.74419e-43
3.43716e-11 8.59641e-45 4.65668e-43
3.45264e-11 8.44389e-45 4.57071e-43
3.46819e-11 8.29396e-45 4.48627e-43
3.48381e-11 8.1466e-45 4.40333e-43
3.4995e-11 8.00175e-45 4.32187e-43
3.51526e-11 7.85938e-45 4.24185e-43
3.53109e-11 7.71946e-45 4.16326e-43
3.54699e-11 7.58193e-45 4.08606e-43
3.56297e-11 7.44678e-45 4.01024e-43
3.57901e-11 7.31395e-45 3.93578e-43
3.59513e-11 7.18341e-45 3.86264e-43
3.61132e-11 7.05513e-45 3.7908e-43
3.62759e-11 6.92907e-45 3.72025e-43
3.64393e-11 6.8052e-45 3.65096e-43
3.66034e-11 6.68347e-45 3.58291e-43
3.67682e-11 6.56386e-45 3.51607e-43
3.69338e-11 6.44633e-45 3.45043e-43
3.71002e-11 6.33086e-45 3.38597e-43
3.72672e-11 6.21739e-45 3.32266e-43
3.74351e-11 6.10592e-45 3.26049e-43
3.76037e-11 5.99639e-45 3.19943e-43
3.7773e-11 5.88878e-45 3.13947e-43
3.79432e-11 5.78307e-45 3.08058e-43
3.8114e-11 5.67921e-45 3.02275e-43
3.82857e-11 5.57717e-45 2.96595e-43
3.84581e-11 5.47694e-45 2.91018e-43
3.86313e-11 5.37848e-45 2.85541e-43
3.88053e-11 5.28175e-45 2.80163e-43
3.89801e-11 5.18674e-45 2.74881e-43
3.91556e-11 5.09341e-45 2.69694e-43
3.9332e-11 5.00173e-45 2.64601e-43
3.95091e-11 4.91169e-45 2.59599e-43
3.96871e-11 4.82324e-45 2.54688e-43
3.98658e-11 4.73637e-45 2.49864e-43
4.00453e-11 4.65105e-45 2.45128e-43
4.02257e-11 4.56725e-45 2.40477e-43
4.04069e-11 4.48494e-45 2.3591e-43
4.05888e-11 4.40411e-45 2.31425e-43
4.07716e-11 4.32472e-45 2.27021e-43
4.09553e-11 4.24676e-45 2.22696e-43
4.11397e-11 4.1702e-45 2.18449e-43
4.1325e-11 4.09501e-45 2.14279e-43
4.15111e-11 4.02117e-45 2.10184e-43
4.16981e-11 3.94866e-45 2.06163e-43
4.18859e-11 3.87746e-45 2.02214e-43
4.20745e-11 3.80754e-45 1.98337e-43
4.2264e-11 3.73888e-45 1.94529e-43
4.24543e-11 3.67147e-45 1.9079e-43
4.26455e-11 3.60527e-45 1.87119e-43
4.28376e-11 3.54027e-45 1.83513e-43
4.30305e-11 3.47645e-45 1.79973e-43
4.32243e-11 3.41378e-45 1.76497e-43
4.3419e-11 3.35225e-45 1.73083e-43
4.36146e-11 3.29184e-45 1.69731e-43
4.3811e-11 3.23253e-45 1.66439e-43
4.40083e-11 3.1743e-45 1.63206e-43
4.42065e-11 3.11712e-45 1.60032e-43
4.44056e-11 3.06099e-45 1.56915e-43
4.46056e-11 3.00588e-45 1.53854e-43
4.48065e-11 2.95178e-45 1.50848e-43
4.50083e-11 2.89867e-45 1.47896e-43
4.5211e-11 2.84652e-45 1.44998e-43
4.54146e-11 2.79533e-45 1.42151e-43
4.56191e-11 2.74508e-45 1.39356e-43
4.58246e-11 2.69574e-45 1.36611e-43
4.6031e-11 2.64731e-45 1.33915e-43
4.62383e-11 2.59977e-45 1.31268e-43
4.64465e-11 2.55309e-45 1.28668e-43
4.66557e-11 2.50728e-45 1.26115e-43
4.68658e-11 2.46231e-45 1.23607e-43
4.70769e-11 2.41816e-45 1.21145e-43
4.72889e-11 2.37482e-45 1.18727e-43
4.75019e-11 2.33228e-45 1.16352e-43
4.77158e-11 2.29052e-45 1.1402e-43
4.79307e-11 2.24953e-45 1.11729e-43
4.81466e-11 2.2093e-45 1.0948e-43
4.83634e-11 2.1698e-45 1.07271e-43
4.85812e-11 2.13104e-45 1.05101e-43
4.88e-11 2.09299e-45 1.0297e-43
4.90198e-11 2.05564e-45 1.00877e-43
4.92406e-11 2.01898e-45 9.88211e-44
4.94623e-11 1.98299e-45 9.68021e-44
4.96851e-11 1.94767e-45 9.48191e-44
4.99089e-11 1.913e-45 9.28715e-44
5.01336e-11 1.87897e-45 9.09585e-44
5.03594e-11 1.84557e-45 8.90795e-44
5.05862e-11 1.81278e-45 8.72339e-44
5.08141e-11 1.7806e-45 8.54211e-44
5.10429e-11 1.74902e-45 8.36405e-44
5.12728e-11 1.71802e-45 8.18915e-44
5.15037e-11 1.68759e-45 8.01735e-44
5.17357e-11 1.65772e-45 7.84859e-44
5.19687e-11 1.62841e-45 7.68282e-44
5.22027e-11 1.59964e-45 7.51998e-44
5.24378e-11 1.5714e-45 7.36001e-44
5.2674e-11 1.54368e-45 7.20287e-44
5.29112e-11 1.51647e-45 7.04851e-44
5.31495e-11 1.48977e-45 6.89686e-44
5.33889e-11 1.46356e-45 6.74788e-44
5.36293e-11 1.43783e-45 6.60153e-44
5.38709e-11 1.41258e-45 6.45774e-44
5.41135e-11 1.38779e-45 6.31649e-44
5.43572e-11 1.36346e-45 6.17771e-44
5.4602e-11 1.33959e-45 6.04136e-44
5.48479e-11 1.31615e-45 5.9074e-44
5.50949e-11 1.29314e-45 5.77579e-44
5.53431e-11 1.27056e-45 5.64647e-44
5.55923e-11 1.2484e-45 5.51942e-44
5.58427e-11 1.22664e-45 5.39458e-44
5.60942e-11 1.20529e-45 5.27191e-44
5.63468e-11 1.18433e-45 5.15138e-44
5.66006e-11 1.16375e-45 5.03295e-44
5.68555e-11 1.14356e-45 4.91658e-44
5.71116e-11 1.12373e-45 4.80222e-44
5.73688e-11 1.10428e-45 4.68985e-44
5.76272e-11 1.08517e-45 4.57942e-44
5.78867e-11 1.06642e-45 4.4709e-44
5.81474e-11 1.04802e-45 4.36426e-44
5.84093e-11 1.02995e-45 4.25946e-44
5.86723e-11 1.01222e-45 4.15646e-44
5.89366e-11 9.94806e-46 4.05524e-44
5.9202e-11 9.77715e-46 3.95576e-44
5.94686e-11 9.60937e-46 3.85799e-44
5.97365e-11 9.44467e-46 3.76189e-44
6.00055e-11 9.28298e-46 3.66745e-44
6.02758e-11 9.12425e-46 3.57462e-44
6.05472e-11 8.96842e-46 3.48338e-44
6.08199e-11 8.81544e-46 3.39369e-44
6.10938e-11 8.66525e-46 3.30554e-44
6.1369e-11 8.5178e-46 3.21888e-44
6.16454e-11 8.37304e-46 3.13371e-44
6.1923e-11 8.23092e-46 3.04998e-44
6.22019e-11 8.09138e-46 2.96767e-44
6.2482e-11 7.95439e-46 2.88675e-44
6.27634e-11 7.81988e-46 2.80721e-44
6.30461e-11 7.68782e-46 2.72901e-44
6.333e-11 7.55815e-46 2.65213e-44
6.36152e-11 7.43084e-46 2.57655e-44
6.39017e-11 7.30583e-46 2.50224e-44
6.41895e-11 7.18308e-46 2.42918e-44
6.44786e-11 7.06256e-46 2.35735e-44
6.4769e-11 6.94421e-46 2.28673e-44
6.50607e-11 6.828e-46 2.21729e-44
6.53537e-11 6.71388e-46 2.14901e-44
6.56481e-11 6.60182e-46 2.08187e-44
6.59437e-11 6.49178e-46 2.01585e-44
6.62407e-11 6.38371e-46 1.95093e-44
6.65391e-11 6.27759e-46 1.88709e-44
6.68387e-11 6.17337e-46 1.82432e-44
6.71398e-11 6.07102e-46 1.76258e-44
6.74421e-11 5.9705e-46 1.70187e-44
6.77459e-11 5.87178e-46 1.64217e-44
6.8051e-11 5.77483e-46 1.58345e-44
6.83575e-11 5.67961e-46 1.5257e-44
6.86653e-11 5.58608e-46 1.46891e-44
6.89746e-11 5.49422e-46 1.41305e-44
6.92852e-11 5.40399e-46 1.3581e-44
6.95973e-11 5.31537e-46 1.30406e-44
6.99107e-11 5.22832e-46 1.25091e-44
7.02256e-11 5.14281e-46 1.19863e-44
7.05418e-11 5.05882e-46 1.1472e-44
7.08595e-11 4.97631e-46 1.09661e-44
7.11787e-11 4.89526e-46 1.04685e-44
7.14992e-11 4.81564e-46 9.97895e-45
7.18212e-11 4.73742e-46 9.49738e-45
7.21447e-11 4.66058e-46 9.02364e-45
7.24696e-11 4.58509e-46 8.55758e-45
7.2796e-11 4.51093e-46 8.09907e-45
7.31239e-11 4.43807e-46 7.64798e-45
7.34532e-11 4.36648e-46 7.20417e-45
7.3784e-11 4.29614e-46 6.76752e-45
7.41163e-11 4.22703e-46 6.33791e-45
7.44501e-11 4.15913e-46 5.91521e-45
7.47854e-11 4.09241e-46 5.49929e-45
7.51222e-11 4.02685e-46 5.09005e-45
7.54605e-11 3.96244e-46 4.68737e-45
7.58004e-11 3.89913e-46 4.29112e-45
7.61418e-11 3.83693e-46 3.90121e-45
7.64847e-11 3.7758e-46 3.51752e-45
7.68292e-11 3.71573e-46 3.13994e-45
7.71752e-11 3.65669e-46 2.76836e-45
7.75228e-11 3.59867e-46 2.40269e-45
7.78719e-11 3.54165e-46 2.04283e-45
7.82226e-11 3.48561e-46 1.68866e-45
7.85749e-11 3.43053e-46 1.3401e-45
7.89288e-11 3.3764e-46 9.97048e-46
7.92842e-11 3.32319e-46 6.59408e-46
7.96413e-11 3.27089e-46 3.27089e-46
