1e-14 0 2.41775e+10
1.0045e-14 0 2.41775e+10
1.00903e-14 0 2.41775e+10
1.01357e-14 0 2.41775e+10
1.01814e-14 0 2.41775e+10
1.02272e-14 0 2.41775e+10
1.02733e-14 0 2.41775e+10
1.03196e-14 0 2.41775e+10
1.0366e-14 0 2.41775e+10
1.04127e-14 0 2.41775e+10
1.04596e-14 0 2.41775e+10
1.05067e-14 0 2.41775e+10
1.0554e-14 0 2.41775e+10
1.06016e-14 0 2.41775e+10
1.06493e-14 0 2.41775e+10
1.06973e-14 0 2.41775e+10
1.07455e-14 0 2.41775e+10
1.07938e-14 0 2.41775e+10
1.08425e-14 0 2.41775e+10
1.08913e-14 0 2.41775e+10
1.09403e-14 0 2.41775e+10
1.09896e-14 0 2.41775e+10
1.10391e-14 0 2.41775e+10
1.10888e-14 0 2.41775e+10
1.11388e-14 0 2.41775e+10
1.11889e-14 0 2.41775e+10
1.12393e-14 0 2.41775e+10
1.12899e-14 0 2.41775e+10
1.13408e-14 0 2.41775e+10
1.13919e-14 0 2.41775e+10
1.14432e-14 0 2.41775e+10
1.14947e-14 0 2.41775e+10
1.15465e-14 0 2.41775e+10
1.15985e-14 0 2.41775e+10
1.16507e-14 0 2.41775e+10
1.17032e-14 0 2.41775e+10
1.17559e-14 0 2.41775e+10
1.18088e-14 0 2.41775e+10
1.1862e-14 0 2.41775e+10
1.19154e-14 0 2.41775e+10
1.19691e-14 0 2.41775e+10
1.2023e-14 0 2.41775e+10
1.20772e-14 0 2.41775e+10
1.21316e-14 0 2.41775e+10
1.21862e-14 0 2.41775e+10
1.22411e-14 0 2.41775e+10
1.22962e-14 0 2.41775e+10
1.23516e-14 0 2.41775e+10
1.24072e-14 0 2.41775e+10
1.24631e-14 0 2.41775e+10
1.25192e-14 0 2.41775e+10
1.25756e-14 0 2.41775e+10
1.26322e-14 0 2.41775e+10
1.26891e-14 0 2.41775e+10
1.27463e-14 0 2.41775e+10
1.28037e-14 0 2.41775e+10
1.28613e-14 0 2.41775e+10
1.29193e-14 0 2.41775e+10
1.29775e-14 0 2.41775e+10
1.30359e-14 0 2.41775e+10
1.30946e-14 0 2.41775e+10
1.31536e-14 0 2.41775e+10
1.32128e-14 0 2.41775e+10
1.32723e-14 0 2.41775e+10
1.33321e-14 0 2.41775e+10
1.33922e-14 0 2.41775e+10
1.34525e-14 0 2.41775e+10
1.35131e-14 0 2.41775e+10
1.35739e-14 0 2.41775e+10
1.3635e-14 0 2.41775e+10
1.36965e-14 0 2.41775e+10
1.37581e-14 0 2.41775e+10
1.38201e-14 0 2.41775e+10
1.38823e-14 0 2.41775e+10
1.39449e-14 0 2.41775e+10
1.40077e-14 0 2.41775e+10
1.40708e-14 0 2.41775e+10
1.41341e-14 0 2.41775e+10
1.41978e-14 0 2.41775e+10
1.42617e-14 0 2.41775e+10
1.4326e-14 0 2.41775e+10
1.43905e-14 0 2.41775e+10
1.44553e-14 0 2.41775e+10
1.45204e-14 0 2.41775e+10
1.45858e-14 0 2.41775e+10
1.46515e-14 0 2.41775e+10
1.47175e-14 0 2.41775e+10
1.47837e-14 0 2.41775e+10
1.48503e-14 0 2.41775e+10
1.49172e-14 0 2.41775e+10
1.49844e-14 0 2.41775e+10
1.50519e-14 0 2.41775e+10
1.51197e-14 0 2.41775e+10
1.51878e-14 0 2.41775e+10
1.52562e-14 0 2.41775e+10
1.53249e-14 0 2.41775e+10
1.53939e-14 0 2.41775e+10
1.54632e-14 0 2.41775e+10
1.55329e-14 0 2.41775e+10
1.56028e-14 0 2.41775e+10
1.56731e-14 0 2.41775e+10
1.57437e-14 0 2.41775e+10
1.58146e-14 0 2.41775e+10
1.58858e-14 0 2.41775e+10
1.59573e-14 0 2.41775e+10
1.60292e-14 0 2.41775e+10
1.61014e-14 0 2.41775e+10
1.61739e-14 0 2.41775e+10
1.62468e-14 0 2.41775e+10
1.63199e-14 0 2.41775e+10
1.63934e-14 0 2.41775e+10
1.64673e-14 0 2.41775e+10
1.65414e-14 0 2.41775e+10
1.66159e-14 0 2.41775e+10
1.66908e-14 0 2.41775e+10
1.67659e-14 0 2.41775e+10
1.68414e-14 0 2.41775e+10
1.69173e-14 0 2.41775e+10
1.69935e-14 0 2.41775e+10
1.707e-14 0 2.41775e+10
1.71469e-14 0 2.41775e+10
1.72241e-14 0 2.41775e+10
1.73017e-14 0 2.41775e+10
1.73796e-14 0 2.41775e+10
1.74579e-14 0 2.41775e+10
1.75365e-14 0 2.41775e+10
1.76155e-14 0 2.41775e+10
1.76948e-14 0 2.41775e+10
1.77745e-14 0 2.41775e+10
1.78546e-14 0 2.41775e+10
1.7935e-14 0 2.41775e+10
1.80158e-14 0 2.41775e+10
1.80969e-14 0 2.41775e+10
1.81784e-14 0 2.41775e+10
1.82603e-14 0 2.41775e+10
1.83425e-14 0 2.41775e+10
1.84251e-14 0 2.41775e+10
1.85081e-14 0 2.41775e+10
1.85914e-14 0 2.41775e+10
1.86752e-14 0 2.41775e+10
1.87593e-14 0 2.41775e+10
1.88438e-14 0 2.41775e+10
1.89286e-14 0 2.41775e+10
1.90139e-14 0 2.41775e+10
1.90995e-14 0 2.41775e+10
1.91855e-14 0 2.41775e+10
1.92719e-14 0 2.41775e+10
1.93587e-14 0 2.41775e+10
1.94459e-14 0 2.41775e+10
1.95335e-14 0 2.41775e+10
1.96215e-14 0 2.41775e+10
1.97098e-14 0 2.41775e+10
1.97986e-14 0 2.41775e+10
1.98878e-14 0 2.41775e+10
1.99774e-14 0 2.41775e+10
2.00673e-14 0 2.41775e+10
2.01577e-14 0 2.41775e+10
2.02485e-14 0 2.41775e+10
2.03397e-14 0 2.41775e+10
2.04313e-14 0 2.41775e+10
2.05233e-14 0 2.41775e+10
2.06157e-14 0 2.41775e+10
2.07086e-14 0 2.41775e+10
2.08018e-14 0 2.41775e+10
2.08955e-14 0 2.41775e+10
2.09896e-14 0 2.41775e+10
2.10842e-14 0 2.41775e+10
2.11791e-14 0 2.41775e+10
2.12745e-14 0 2.41775e+10
2.13703e-14 0 2.41775e+10
2.14666e-14 0 2.41775e+10
2.15632e-14 0 2.41775e+10
2.16604e-14 0 2.41775e+10
2.17579e-14 0 2.41775e+10
2.18559e-14 0 2.41775e+10
2.19543e-14 0 2.41775e+10
2.20532e-14 0 2.41775e+10
2.21525e-14 0 2.41775e+10
2.22523e-14 0 2.41775e+10
2.23525e-14 0 2.41775e+10
2.24532e-14 0 2.41775e+10
2.25543e-14 0 2.41775e+10
2.26559e-14 0 2.41775e+10
2.27579e-14 0 2.41775e+10
2.28604e-14 0 2.41775e+10
2.29634e-14 0 2.41775e+10
2.30668e-14 0 2.41775e+10
2.31707e-14 0 2.41775e+10
2.3275e-14 0 2.41775e+10
2.33799e-14 0 2.41775e+10
2.34852e-14 0 2.41775e+10
2.35909e-14 0 2.41775e+10
2.36972e-14 0 2.41775e+10
2.38039e-14 0 2.41775e+10
2.39111e-14 0 2.41775e+10
2.40188e-14 0 2.41775e+10
2.4127e-14 0 2.41775e+10
2.42356e-14 0 2.41775e+10
2.43448e-14 0 2.41775e+10
2.44544e-14 0 2.41775e+10
2.45646e-14 0 2.41775e+10
2.46752e-14 0 2.41775e+10
2.47863e-14 0 2.41775e+10
2.4898e-14 0 2.41775e+10
2.50101e-14 0 2.41775e+10
2.51227e-14 0 2.41775e+10
2.52359e-14 0 2.41775e+10
2.53495e-14 0 2.41775e+10
2.54637e-14 0 2.41775e+10
2.55784e-14 0 2.41775e+10
2.56936e-14 0 2.41775e+10
2.58093e-14 0 2.41775e+10
2.59255e-14 0 2.41775e+10
2.60423e-14 0 2.41775e+10
2.61596e-14 0 2.41775e+10
2.62774e-14 0 2.41775e+10
2.63957e-14 0 2.41775e+10
2.65146e-14 0 2.41775e+10
2.6634e-14 0 2.41775e+10
2.6754e-14 0 2.41775e+10
2.68745e-14 0 2.41775e+10
2.69955e-14 0 2.41775e+10
2.71171e-14 0 2.41775e+10
2.72392e-14 0 2.41775e+10
2.73619e-14 0 2.41775e+10
2.74851e-14 0 2.41775e+10
2.76089e-14 0 2.41775e+10
2.77332e-14 0 2.41775e+10
2.78581e-14 0 2.41775e+10
2.79836e-14 0 2.41775e+10
2.81096e-14 0 2.41775e+10
2.82362e-14 0 2.41775e+10
2.83634e-14 0 2.41775e+10
2.84912e-14 0 2.41775e+10
2.86195e-14 0 2.41775e+10
2.87484e-14 0 2.41775e+10
2.88778e-14 0 2.41775e+10
2.90079e-14 0 2.41775e+10
2.91385e-14 0 2.41775e+10
2.92698e-14 0 2.41775e+10
2.94016e-14 0 2.41775e+10
2.9534e-14 0 2.41775e+10
2.9667e-14 0 2.41775e+10
2.98006e-14 0 2.41775e+10
2.99348e-14 0 2.41775e+10
3.00697e-14 0 2.41775e+10
3.02051e-14 0 2.41775e+10
3.03411e-14 0 2.41775e+10
3.04778e-14 0 2.41775e+10
3.0615e-14 0 2.41775e+10
3.07529e-14 0 2.41775e+10
3.08914e-14 0 2.41775e+10
3.10305e-14 0 2.41775e+10
3.11703e-14 0 2.41775e+10
3.13107e-14 0 2.41775e+10
3.14517e-14 0 2.41775e+10
3.15933e-14 0 2.41775e+10
3.17356e-14 0 2.41775e+10
3.18786e-14 0 2.41775e+10
3.20221e-14 0 2.41775e+10
3.21663e-14 0 2.41775e+10
3.23112e-14 0 2.41775e+10
3.24567e-14 0 2.41775e+10
3.26029e-14 0 2.41775e+10
3.27497e-14 0 2.41775e+10
3.28972e-14 0 2.41775e+10
3.30454e-14 0 2.41775e+10
3.31942e-14 0 2.41775e+10
3.33437e-14 0 2.41775e+10
3.34939e-14 0 2.41775e+10
3.36447e-14 0 2.41775e+10
3.37963e-14 0 2.41775e+10
3.39485e-14 0 2.41775e+10
3.41014e-14 0 2.41775e+10
3.42549e-14 0 2.41775e+10
3.44092e-14 0 2.41775e+10
3.45642e-14 0 2.41775e+10
3.47199e-14 0 2.41775e+10
3.48762e-14 0 2.41775e+10
3.50333e-14 0 2.41775e+10
3.51911e-14 0 2.41775e+10
3.53496e-14 0 2.41775e+10
3.55088e-14 0 2.41775e+10
3.56687e-14 0 2.41775e+10
3.58293e-14 0 2.41775e+10
3.59907e-14 0 2.41775e+10
3.61528e-14 0 2.41775e+10
3.63156e-14 0 2.41775e+10
3.64792e-14 0 2.41775e+10
3.66435e-14 0 2.41775e+10
3.68085e-14 0 2.41775e+10
3.69743e-14 0 2.41775e+10
3.71408e-14 0 2.41775e+10
3.73081e-14 0 2.41775e+10
3.74761e-14 0 2.41775e+10
3.76449e-14 0 2.41775e+10
3.78144e-14 0 2.41775e+10
3.79847e-14 0 2.41775e+10
3.81558e-14 0 2.41775e+10
3.83276e-14 0 2.41775e+10
3.85002e-14 0 2.41775e+10
3.86736e-14 0 2.41775e+10
3.88478e-14 0 2.41775e+10
3.90228e-14 0 2.41775e+10
3.91985e-14 0 2.41775e+10
3.93751e-14 0 2.41775e+10
3.95524e-14 0 2.41775e+10
3.97305e-14 0 2.41775e+10
3.99095e-14 0 2.41775e+10
4.00892e-14 0 2.41775e+10
4.02698e-14 0 2.41775e+10
4.04511e-14 0 2.41775e+10
4.06333e-14 0 2.41775e+10
4.08163e-14 0 2.41775e+10
4.10001e-14 0 2.41775e+10
4.11848e-14 0 2.41775e+10
4.13703e-14 0 2.41775e+10
4.15566e-14 0 2.41775e+10
4.17437e-14 0 2.41775e+10
4.19317e-14 0 2.41775e+10
4.21206e-14 0 2.41775e+10
4.23103e-14 0 2.41775e+10
4.25008e-14 0 2.41775e+10
4.26922e-14 0 2.41775e+10
4.28845e-14 0 2.41775e+10
4.30777e-14 0 2.41775e+10
4.32717e-14 0 2.41775e+10
4.34666e-14 0 2.41775e+10
4.36623e-14 0 2.41775e+10
4.3859e-14 0 2.41775e+10
4.40565e-14 0 2.41775e+10
4.42549e-14 0 2.41775e+10
4.44542e-14 0 2.41775e+10
4.46544e-14 0 2.41775e+10
4.48555e-14 0 2.41775e+10
4.50575e-14 0 2.41775e+10
4.52605e-14 0 2.41775e+10
4.54643e-14 0 2.41775e+10
4.56691e-14 0 2.41775e+10
4.58748e-14 0 2.41775e+10
4.60814e-14 0 2.41775e+10
4.62889e-14 0 2.41775e+10
4.64974e-14 0 2.41775e+10
4.67068e-14 0 2.41775e+10
4.69171e-14 0 2.41775e+10
4.71284e-14 0 2.41775e+10
4.73407e-14 0 2.41775e+10
4.75539e-14 0 2.41775e+10
4.77681e-14 0 2.41775e+10
4.79832e-14 0 2.41775e+10
4.81993e-14 0 2.41775e+10
4.84164e-14 0 2.41775e+10
4.86344e-14 0 2.41775e+10
4.88535e-14 0 2.41775e+10
4.90735e-14 0 2.41775e+10
4.92945e-14 0 2.41775e+10
4.95165e-14 0 2.41775e+10
4.97395e-14 0 2.41775e+10
4.99635e-14 0 2.41775e+10
5.01886e-14 0 2.41775e+10
5.04146e-14 0 2.41775e+10
5.06416e-14 0 2.41775e+10
5.08697e-14 0 2.41775e+10
5.10988e-14 0 2.41775e+10
5.13289e-14 0 2.41775e+10
5.15601e-14 0 2.41775e+10
5.17923e-14 0 2.41775e+10
5.20256e-14 0 2.41775e+10
5.22599e-14 0 2.41775e+10
5.24953e-14 0 2.41775e+10
5.27317e-14 0 2.41775e+10
5.29692e-14 0 2.41775e+10
5.32077e-14 0 2.41775e+10
5.34474e-14 0 2.41775e+10
5.36881e-14 0 2.41775e+10
5.39299e-14 0 2.41775e+10
5.41728e-14 0 2.41775e+10
5.44167e-14 0 2.41775e+10
5.46618e-14 0 2.41775e+10
5.4908e-14 0 2.41775e+10
5.51553e-14 0 2.41775e+10
5.54037e-14 0 2.41775e+10
5.56532e-14 0 2.41775e+10
5.59039e-14 0 2.41775e+10
5.61556e-14 0 2.41775e+10
5.64085e-14 0 2.41775e+10
5.66626e-14 0 2.41775e+10
5.69178e-14 0 2.41775e+10
5.71741e-14 0 2.41775e+10
5.74316e-14 0 2.41775e+10
5.76903e-14 0 2.41775e+10
5.79501e-14 0 2.41775e+10
5.82111e-14 0 2.41775e+10
5.84732e-14 0 2.41775e+10
5.87366e-14 0 2.41775e+10
5.90011e-14 0 2.41775e+10
5.92668e-14 0 2.41775e+10
5.95338e-14 0 2.41775e+10
5.98019e-14 0 2.41775e+10
6.00712e-14 0 2.41775e+10
6.03418e-14 0 2.41775e+10
6.06135e-14 0 2.41775e+10
6.08865e-14 0 2.41775e+10
6.11607e-14 0 2.41775e+10
6.14362e-14 0 2.41775e+10
6.17129e-14 0 2.41775e+10
6.19908e-14 0 2.41775e+10
6.227e-14 0 2.41775e+10
6.25504e-14 0 2.41775e+10
6.28321e-14 0 2.41775e+10
6.31151e-14 0 2.41775e+10
6.33994e-14 0 2.41775e+10
6.36849e-14 0 2.41775e+10
6.39717e-14 0 2.41775e+10
6.42598e-14 0 2.41775e+10
6.45492e-14 0 2.41775e+10
6.484e-14 0 2.41775e+10
6.5132e-14 0 2.41775e+10
6.54253e-14 0 2.41775e+10
6.572e-14 0 2.41775e+10
6.6016e-14 0 2.41775e+10
6.63133e-14 0 2.41775e+10
6.66119e-14 0 2.41775e+10
6.69119e-14 0 2.41775e+10
6.72133e-14 0 2.41775e+10
6.7516e-14 0 2.41775e+10
6.78201e-14 0 2.41775e+10
6.81255e-14 0 2.41775e+10
6.84323e-14 0 2.41775e+10
6.87405e-14 0 2.41775e+10
6.90501e-14 0 2.41775e+10
6.93611e-14 0 2.41775e+10
6.96735e-14 0 2.41775e+10
6.99873e-14 0 2.41775e+10
7.03025e-14 0 2.41775e+10
7.06191e-14 0 2.41775e+10
7.09371e-14 0 2.41775e+10
7.12566e-14 0 2.41775e+10
7.15775e-14 0 2.41775e+10
7.18999e-14 0 2.41775e+10
7.22237e-14 0 2.41775e+10
7.2549e-14 0 2.41775e+10
7.28757e-14 0 2.41775e+10
7.32039e-14 0 2.41775e+10
7.35336e-14 0 2.41775e+10
7.38648e-14 0 2.41775e+10
7.41975e-14 0 2.41775e+10
7.45316e-14 0 2.41775e+10
7.48673e-14 0 2.41775e+10
7.52045e-14 0 2.41775e+10
7.55432e-14 0 2.41775e+10
7.58834e-14 0 2.41775e+10
7.62252e-14 0 2.41775e+10
7.65685e-14 0 2.41775e+10
7.69133e-14 0 2.41775e+10
7.72597e-14 0 2.41775e+10
7.76076e-14 0 2.41775e+10
7.79572e-14 0 2.41775e+10
7.83083e-14 0 2.41775e+10
7.86609e-14 0 2.41775e+10
7.90152e-14 0 2.41775e+10
7.93711e-14 0 2.41775e+10
7.97285e-14 0 2.41775e+10
8.00876e-14 0 2.41775e+10
8.04483e-14 0 2.41775e+10
8.08106e-14 0 2.41775e+10
8.11746e-14 0 2.41775e+10
8.15402e-14 0 2.41775e+10
8.19074e-14 0 2.41775e+10
8.22763e-14 0 2.41775e+10
8.26468e-14 0 2.41775e+10
8.3019e-14 0 2.41775e+10
8.33929e-14 0 2.41775e+10
8.37685e-14 0 2.41775e+10
8.41458e-14 0 2.41775e+10
8.45247e-14 0 2.41775e+10
8.49054e-14 0 2.41775e+10
8.52878e-14 0 2.41775e+10
8.56719e-14 0 2.41775e+10
8.60578e-14 0 2.41775e+10
8.64453e-14 0 2.41775e+10
8.68347e-14 0 2.41775e+10
8.72257e-14 0 2.41775e+10
8.76186e-14 0 2.41775e+10
8.80132e-14 0 2.41775e+10
8.84096e-14 0 2.41775e+10
8.88077e-14 0 2.41775e+10
8.92077e-14 0 2.41775e+10
8.96095e-14 0 2.41775e+10
9.00131e-14 0 2.41775e+10
9.04184e-14 0 2.41775e+10
9.08257e-14 0 2.41775e+10
9.12347e-14 0 2.41775e+10
9.16456e-14 0 2.41775e+10
9.20584e-14 0 2.41775e+10
9.2473e-14 0 2.41775e+10
9.28894e-14 0 2.41775e+10
9.33078e-14 0 2.41775e+10
9.3728e-14 0 2.41775e+10
9.41501e-14 0 2.41775e+10
9.45742e-14 0 2.41775e+10
9.50001e-14 0 2.41775e+10
9.54279e-14 0 2.41775e+10
9.58577e-14 0 2.41775e+10
9.62894e-14 0 2.41775e+10
9.67231e-14 0 2.41775e+10
9.71587e-14 0 2.41775e+10
9.75963e-14 0 2.41775e+10
9.80358e-14 0 2.41775e+10
9.84774e-14 0 2.41775e+10
9.89209e-14 0 2.41775e+10
9.93664e-14 0 2.41775e+10
9.98139e-14 0 2.41775e+10
1.00263e-13 0 2.41775e+10
1.00715e-13 0 2.41775e+10
1.01169e-13 0 2.41775e+10
1.01624e-13 0 2.41775e+10
1.02082e-13 0 2.41775e+10
1.02542e-13 0 2.41775e+10
1.03003e-13 0 2.41775e+10
1.03467e-13 0 2.41775e+10
1.03933e-13 0 2.41775e+10
1.04401e-13 0 2.41775e+10
1.04872e-13 0 2.41775e+10
1.05344e-13 0 2.41775e+10
1.05818e-13 0 2.41775e+10
1.06295e-13 0 2.41775e+10
1.06774e-13 0 2.41775e+10
1.07255e-13 0 2.41775e+10
1.07738e-13 0 2.41775e+10
1.08223e-13 0 2.41775e+10
1.0871e-13 0 2.41775e+10
1.092e-13 0 2.41775e+10
1.09692e-13 0 2.41775e+10
1.10186e-13 0 2.41775e+10
1.10682e-13 0 2.41775e+10
1.1118e-13 0 2.41775e+10
1.11681e-13 0 2.41775e+10
1.12184e-13 0 2.41775e+10
1.12689e-13 0 2.41775e+10
1.13197e-13 0 2.41775e+10
1.13707e-13 0 2.41775e+10
1.14219e-13 0 2.41775e+10
1.14733e-13 0 2.41775e+10
1.1525e-13 0 2.41775e+10
1.15769e-13 0 2.41775e+10
1.1629e-13 0 2.41775e+10
1.16814e-13 0 2.41775e+10
1.1734e-13 0 2.41775e+10
1.17869e-13 0 2.41775e+10
1.18399e-13 0 2.41775e+10
1.18933e-13 0 2.41775e+10
1.19468e-13 0 2.41775e+10
1.20006e-13 0 2.41775e+10
1.20547e-13 0 2.41775e+10
1.2109e-13 0 2.41775e+10
1.21635e-13 0 2.41775e+10
1.22183e-13 0 2.41775e+10
1.22733e-13 0 2.41775e+10
1.23286e-13 0 2.41775e+10
1.23841e-13 0 2.41775e+10
1.24399e-13 0 2.41775e+10
1.24959e-13 0 2.41775e+10
1.25522e-13 0 2.41775e+10
1.26087e-13 0 2.41775e+10
1.26655e-13 0 2.41775e+10
1.27226e-13 0 2.41775e+10
1.27799e-13 0 2.41775e+10
1.28374e-13 0 2.41775e+10
1.28952e-13 0 2.41775e+10
1.29533e-13 0 2.41775e+10
1.30116e-13 0 2.41775e+10
1.30702e-13 0 2.41775e+10
1.31291e-13 0 2.41775e+10
1.31882e-13 0 2.41775e+10
1.32476e-13 0 2.41775e+10
1.33073e-13 0 2.41775e+10
1.33672e-13 0 2.41775e+10
1.34274e-13 0 2.41775e+10
1.34879e-13 0 2.41775e+10
1.35487e-13 0 2.41775e+10
1.36097e-13 0 2.41775e+10
1.3671e-13 0 2.41775e+10
1.37325e-13 0 2.41775e+10
1.37944e-13 0 2.41775e+10
1.38565e-13 0 2.41775e+10
1.39189e-13 0 2.41775e+10
1.39816e-13 0 2.41775e+10
1.40446e-13 0 2.41775e+10
1.41078e-13 0 2.41775e+10
1.41714e-13 0 2.41775e+10
1.42352e-13 0 2.41775e+10
1.42993e-13 0 2.41775e+10
1.43637e-13 0 2.41775e+10
1.44284e-13 0 2.41775e+10
1.44934e-13 0 2.41775e+10
1.45586e-13 0 2.41775e+10
1.46242e-13 0 2.41775e+10
1.46901e-13 0 2.41775e+10
1.47562e-13 0 2.41775e+10
1.48227e-13 0 2.41775e+10
1.48894e-13 0 2.41775e+10
1.49565e-13 0 2.41775e+10
1.50239e-13 0 2.41775e+10
1.50915e-13 0 2.41775e+10
1.51595e-13 0 2.41775e+10
1.52278e-13 0 2.41775e+10
1.52963e-13 0 2.41775e+10
1.53652e-13 0 2.41775e+10
1.54344e-13 0 2.41775e+10
1.5504e-13 0 2.41775e+10
1.55738e-13 0 2.41775e+10
1.56439e-13 0 2.41775e+10
1.57144e-13 0 2.41775e+10
1.57851e-13 0 2.41775e+10
1.58562e-13 0 2.41775e+10
1.59277e-13 0 2.41775e+10
1.59994e-13 0 2.41775e+10
1.60714e-13 0 2.41775e+10
1.61438e-13 0 2.41775e+10
1.62165e-13 0 2.41775e+10
1.62896e-13 0 2.41775e+10
1.63629e-13 0 2.41775e+10
1.64366e-13 0 2.41775e+10
1.65106e-13 0 2.41775e+10
1.6585e-13 0 2.41775e+10
1.66597e-13 0 2.41775e+10
1.67347e-13 0 2.41775e+10
1.68101e-13 0 2.41775e+10
1.68858e-13 0 2.41775e+10
1.69619e-13 0 2.41775e+10
1.70382e-13 0 2.41775e+10
1.7115e-13 0 2.41775e+10
1.71921e-13 0 2.41775e+10
1.72695e-13 0 2.41775e+10
1.73473e-13 0 2.41775e+10
1.74254e-13 0 2.41775e+10
1.75039e-13 0 2.41775e+10
1.75827e-13 0 2.41775e+10
1.76619e-13 0 2.41775e+10
1.77414e-13 0 2.41775e+10
1.78213e-13 0 2.41775e+10
1.79016e-13 0 2.41775e+10
1.79822e-13 0 2.41775e+10
1.80632e-13 0 2.41775e+10
1.81446e-13 0 2.41775e+10
1.82263e-13 0 2.41775e+10
1.83084e-13 0 2.41775e+10
1.83908e-13 0 2.41775e+10
1.84736e-13 0 2.41775e+10
1.85568e-13 0 2.41775e+10
1.86404e-13 0 2.41775e+10
1.87244e-13 0 2.41775e+10
1.88087e-13 0 2.41775e+10
1.88934e-13 0 2.41775e+10
1.89785e-13 0 2.41775e+10
1.9064e-13 0 2.41775e+10
1.91498e-13 0 2.41775e+10
1.92361e-13 0 2.41775e+10
1.93227e-13 0 2.41775e+10
1.94097e-13 0 2.41775e+10
1.94972e-13 0 2.41775e+10
1.9585e-13 0 2.41775e+10
1.96732e-13 0 2.41775e+10
1.97618e-13 0 2.41775e+10
1.98508e-13 0 2.41775e+10
1.99402e-13 0 2.41775e+10
2.003e-13 0 2.41775e+10
2.01202e-13 0 2.41775e+10
2.02108e-13 0 2.41775e+10
2.03018e-13 0 2.41775e+10
2.03933e-13 0 2.41775e+10
2.04851e-13 0 2.41775e+10
2.05774e-13 0 2.41775e+10
2.067e-13 0 2.41775e+10
2.07631e-13 0 2.41775e+10
2.08566e-13 0 2.41775e+10
2.09506e-13 0 2.41775e+10
2.10449e-13 0 2.41775e+10
2.11397e-13 0 2.41775e+10
2.12349e-13 0 2.41775e+10
2.13306e-13 0 2.41775e+10
2.14266e-13 0 2.41775e+10
2.15231e-13 0 2.41775e+10
2.16201e-13 0 2.41775e+10
2.17174e-13 0 2.41775e+10
2.18152e-13 0 2.41775e+10
2.19135e-13 0 2.41775e+10
2.20122e-13 0 2.41775e+10
2.21113e-13 0 2.41775e+10
2.22109e-13 0 2.41775e+10
2.23109e-13 0 2.41775e+10
2.24114e-13 0 2.41775e+10
2.25123e-13 0 2.41775e+10
2.26137e-13 0 2.41775e+10
2.27156e-13 0 2.41775e+10
2.28179e-13 0 2.41775e+10
2.29206e-13 0 2.41775e+10
2.30239e-13 0 2.41775e+10
2.31276e-13 0 2.41775e+10
2.32317e-13 0 2.41775e+10
2.33364e-13 0 2.41775e+10
2.34415e-13 0 2.41775e+10
2.3547e-13 0 2.41775e+10
2.36531e-13 0 2.41775e+10
2.37596e-13 0 2.41775e+10
2.38666e-13 0 2.41775e+10
2.39741e-13 0 2.41775e+10
2.40821e-13 0 2.41775e+10
2.41905e-13 0 2.41775e+10
2.42995e-13 0 2.41775e+10
2.44089e-13 0 2.41775e+10
2.45188e-13 0 2.41775e+10
2.46293e-13 0 2.41775e+10
2.47402e-13 0 2.41775e+10
2.48516e-13 0 2.41775e+10
2.49635e-13 0 2.41775e+10
2.5076e-13 0 2.41775e+10
2.51889e-13 0 2.41775e+10
2.53023e-13 0 2.41775e+10
2.54163e-13 0 2.41775e+10
2.55308e-13 0 2.41775e+10
2.56458e-13 0 2.41775e+10
2.57613e-13 0 2.41775e+10
2.58773e-13 0 2.41775e+10
2.59938e-13 0 2.41775e+10
2.61109e-13 0 2.41775e+10
2.62285e-13 0 2.41775e+10
2.63466e-13 0 2.41775e+10
2.64653e-13 0 2.41775e+10
2.65845e-13 0 2.41775e+10
2.67042e-13 0 2.41775e+10
2.68245e-13 0 2.41775e+10
2.69453e-13 0 2.41775e+10
2.70666e-13 0 2.41775e+10
2.71885e-13 0 2.41775e+10
2.7311e-13 0 2.41775e+10
2.7434e-13 0 2.41775e+10
2.75575e-13 0 2.41775e+10
2.76816e-13 0 2.41775e+10
2.78063e-13 0 2.41775e+10
2.79315e-13 0 2.41775e+10
2.80573e-13 0 2.41775e+10
2.81837e-13 0 2.41775e+10
2.83106e-13 0 2.41775e+10
2.84381e-13 0 2.41775e+10
2.85662e-13 0 2.41775e+10
2.86949e-13 0 2.41775e+10
2.88241e-13 0 2.41775e+10
2.89539e-13 0 2.41775e+10
2.90843e-13 0 2.41775e+10
2.92153e-13 0 2.41775e+10
2.93469e-13 0 2.41775e+10
2.9479e-13 0 2.41775e+10
2.96118e-13 0 2.41775e+10
2.97452e-13 0 2.41775e+10
2.98791e-13 0 2.41775e+10
3.00137e-13 0 2.41775e+10
3.01489e-13 0 2.41775e+10
3.02847e-13 0 2.41775e+10
3.0421e-13 0 2.41775e+10
3.05581e-13 0 2.41775e+10
3.06957e-13 0 2.41775e+10
3.08339e-13 0 2.41775e+10
3.09728e-13 0 2.41775e+10
3.11123e-13 0 2.41775e+10
3.12524e-13 0 2.41775e+10
3.13932e-13 0 2.41775e+10
3.15345e-13 0 2.41775e+10
3.16766e-13 0 2.41775e+10
3.18192e-13 0 2.41775e+10
3.19625e-13 0 2.41775e+10
3.21065e-13 0 2.41775e+10
3.22511e-13 0 2.41775e+10
3.23963e-13 0 2.41775e+10
3.25422e-13 0 2.41775e+10
3.26888e-13 0 2.41775e+10
3.2836e-13 0 2.41775e+10
3.29839e-13 0 2.41775e+10
3.31324e-13 0 2.41775e+10
3.32817e-13 0 2.41775e+10
3.34316e-13 0 2.41775e+10
3.35821e-13 0 2.41775e+10
3.37334e-13 0 2.41775e+10
3.38853e-13 0 2.41775e+10
3.40379e-13 0 2.41775e+10
3.41912e-13 0 2.41775e+10
3.43452e-13 0 2.41775e+10
3.44999e-13 0 2.41775e+10
3.46552e-13 0 2.41775e+10
3.48113e-13 0 2.41775e+10
3.49681e-13 0 2.41775e+10
3.51256e-13 0 2.41775e+10
3.52838e-13 0 2.41775e+10
3.54427e-13 0 2.41775e+10
3.56023e-13 0 2.41775e+10
3.57627e-13 0 2.41775e+10
3.59237e-13 0 2.41775e+10
3.60855e-13 0 2.41775e+10
3.6248e-13 0 2.41775e+10
3.64113e-13 0 2.41775e+10
3.65753e-13 0 2.41775e+10
3.674e-13 0 2.41775e+10
3.69055e-13 0 2.41775e+10
3.70717e-13 0 2.41775e+10
3.72386e-13 0 2.41775e+10
3.74063e-13 0 2.41775e+10
3.75748e-13 0 2.41775e+10
3.7744e-13 0 2.41775e+10
3.7914e-13 0 2.41775e+10
3.80848e-13 0 2.41775e+10
3.82563e-13 0 2.41775e+10
3.84286e-13 0 2.41775e+10
3.86017e-13 0 2.41775e+10
3.87755e-13 0 2.41775e+10
3.89502e-13 0 2.41775e+10
3.91256e-13 0 2.41775e+10
3.93018e-13 0 2.41775e+10
3.94788e-13 0 2.41775e+10
3.96566e-13 0 2.41775e+10
3.98352e-13 0 2.41775e+10
4.00146e-13 0 2.41775e+10
4.01948e-13 0 2.41775e+10
4.03758e-13 0 2.41775e+10
4.05577e-13 0 2.41775e+10
4.07403e-13 0 2.41775e+10
4.09238e-13 0 2.41775e+10
4.11081e-13 0 2.41775e+10
4.12933e-13 0 2.41775e+10
4.14792e-13 0 2.41775e+10
4.16661e-13 0 2.41775e+10
4.18537e-13 0 2.41775e+10
4.20422e-13 0 2.41775e+10
4.22315e-13 0 2.41775e+10
4.24217e-13 0 2.41775e+10
4.26128e-13 0 2.41775e+10
4.28047e-13 0 2.41775e+10
4.29975e-13 0 2.41775e+10
4.31911e-13 0 2.41775e+10
4.33857e-13 0 2.41775e+10
4.35811e-13 0 2.41775e+10
4.37773e-13 0 2.41775e+10
4.39745e-13 0 2.41775e+10
4.41725e-13 0 2.41775e+10
4.43715e-13 0 2.41775e+10
4.45713e-13 0 2.41775e+10
4.47721e-13 0 2.41775e+10
4.49737e-13 0 2.41775e+10
4.51762e-13 0 2.41775e+10
4.53797e-13 0 2.41775e+10
4.55841e-13 0 2.41775e+10
4.57894e-13 0 2.41775e+10
4.59956e-13 0 2.41775e+10
4.62028e-13 0 2.41775e+10
4.64108e-13 0 2.41775e+10
4.66199e-13 0 2.41775e+10
4.68298e-13 0 2.41775e+10
4.70407e-13 0 2.41775e+10
4.72526e-13 0 2.41775e+10
4.74654e-13 0 2.41775e+10
4.76792e-13 0 2.41775e+10
4.78939e-13 0 2.41775e+10
4.81096e-13 0 2.41775e+10
4.83263e-13 0 2.41775e+10
4.85439e-13 0 2.41775e+10
4.87626e-13 0 2.41775e+10
4.89822e-13 0 2.41775e+10
4.92028e-13 0 2.41775e+10
4.94244e-13 0 2.41775e+10
4.9647e-13 0 2.41775e+10
4.98705e-13 0 2.41775e+10
5.00952e-13 0 2.41775e+10
5.03208e-13 0 2.41775e+10
5.05474e-13 0 2.41775e+10
5.0775e-13 0 2.41775e+10
5.10037e-13 0 2.41775e+10
5.12334e-13 0 2.41775e+10
5.14642e-13 0 2.41775e+10
5.16959e-13 0 2.41775e+10
5.19288e-13 0 2.41775e+10
5.21626e-13 0 2.41775e+10
5.23976e-13 0 2.41775e+10
5.26336e-13 0 2.41775e+10
5.28706e-13 0 2.41775e+10
5.31087e-13 0 2.41775e+10
5.33479e-13 0 2.41775e+10
5.35882e-13 0 2.41775e+10
5.38295e-13 0 2.41775e+10
5.40719e-13 0 2.41775e+10
5.43155e-13 0 2.41775e+10
5.45601e-13 0 2.41775e+10
5.48058e-13 0 2.41775e+10
5.50526e-13 0 2.41775e+10
5.53006e-13 0 2.41775e+10
5.55496e-13 0 2.41775e+10
5.57998e-13 0 2.41775e+10
5.60511e-13 0 2.41775e+10
5.63036e-13 0 2.41775e+10
5.65571e-13 0 2.41775e+10
5.68119e-13 0 2.41775e+10
5.70677e-13 0 2.41775e+10
5.73247e-13 0 2.41775e+10
5.75829e-13 0 2.41775e+10
5.78422e-13 0 2.41775e+10
5.81027e-13 0 2.41775e+10
5.83644e-13 0 2.41775e+10
5.86273e-13 0 2.41775e+10
5.88913e-13 0 2.41775e+10
5.91566e-13 0 2.41775e+10
5.9423e-13 0 2.41775e+10
5.96906e-13 0 2.41775e+10
5.99594e-13 0 2.41775e+10
6.02295e-13 0 2.41775e+10
6.05007e-13 0 2.41775e+10
6.07732e-13 0 2.41775e+10
6.10469e-13 0 2.41775e+10
6.13218e-13 0 2.41775e+10
6.1598e-13 0 2.41775e+10
6.18754e-13 0 2.41775e+10
6.21541e-13 0 2.41775e+10
6.2434e-13 0 2.41775e+10
6.27152e-13 0 2.41775e+10
6.29977e-13 0 2.41775e+10
6.32814e-13 0 2.41775e+10
6.35664e-13 0 2.41775e+10
6.38527e-13 0 2.41775e+10
6.41403e-13 0 2.41775e+10
6.44291e-13 0 2.41775e+10
6.47193e-13 0 2.41775e+10
6.50108e-13 0 2.41775e+10
6.53036e-13 0 2.41775e+10
6.55977e-13 0 2.41775e+10
6.58931e-13 0 2.41775e+10
6.61899e-13 0 2.41775e+10
6.6488e-13 0 2.41775e+10
6.67874e-13 0 2.41775e+10
6.70882e-13 0 2.41775e+10
6.73903e-13 0 2.41775e+10
6.76938e-13 0 2.41775e+10
6.79987e-13 0 2.41775e+10
6.8305e-13 0 2.41775e+10
6.86126e-13 0 2.41775e+10
6.89216e-13 0 2.41775e+10
6.9232e-13 0 2.41775e+10
6.95438e-13 0 2.41775e+10
6.9857e-13 0 2.41775e+10
7.01716e-13 0 2.41775e+10
7.04877e-13 0 2.41775e+10
7.08051e-13 0 2.41775e+10
7.1124e-13 0 2.41775e+10
7.14443e-13 0 2.41775e+10
7.17661e-13 0 2.41775e+10
7.20893e-13 0 2.41775e+10
7.2414e-13 0 2.41775e+10
7.27401e-13 0 2.41775e+10
7.30677e-13 0 2.41775e+10
7.33968e-13 0 2.41775e+10
7.37273e-13 0 2.41775e+10
7.40594e-13 0 2.41775e+10
7.43929e-13 0 2.41775e+10
7.4728e-13 0 2.41775e+10
7.50645e-13 0 2.41775e+10
7.54026e-13 0 2.41775e+10
7.57422e-13 0 2.41775e+10
7.60833e-13 0 2.41775e+10
7.6426e-13 0 2.41775e+10
7.67702e-13 0 2.41775e+10
7.71159e-13 0 2.41775e+10
7.74632e-13 0 2.41775e+10
7.78121e-13 0 2.41775e+10
7.81625e-13 0 2.41775e+10
7.85146e-13 0 2.41775e+10
7.88682e-13 0 2.41775e+10
7.92234e-13 0 2.41775e+10
7.95802e-13 0 2.41775e+10
7.99386e-13 0 2.41775e+10
8.02986e-13 0 2.41775e+10
8.06602e-13 0 2.41775e+10
8.10235e-13 0 2.41775e+10
8.13884e-13 0 2.41775e+10
8.1755e-13 0 2.41775e+10
8.21232e-13 0 2.41775e+10
8.2493e-13 0 2.41775e+10
8.28645e-13 0 2.41775e+10
8.32377e-13 0 2.41775e+10
8.36126e-13 108520 2.41775e+10
8.39892e-13 507006 2.41774e+10
8.43674e-13 634951 2.41769e+10
8.47474e-13 846348 2.41763e+10
8.51291e-13 1.07387e+06 2.41754e+10
8.55125e-13 1.53861e+06 2.41744e+10
8.58976e-13 2.34719e+06 2.41728e+10
8.62845e-13 3.26473e+06 2.41705e+10
8.66731e-13 4.40399e+06 2.41672e+10
8.70634e-13 5.54829e+06 2.41628e+10
8.74555e-13 6.412e+06 2.41573e+10
8.78494e-13 7.84334e+06 2.41508e+10
8.82451e-13 8.98391e+06 2.4143e+10
8.86425e-13 1.01132e+07 2.4134e+10
8.90417e-13 1.13421e+07 2.41239e+10
8.94427e-13 1.27275e+07 2.41126e+10
8.98455e-13 1.36534e+07 2.40998e+10
9.02502e-13 1.48104e+07 2.40862e+10
9.06566e-13 1.57808e+07 2.40714e+10
9.10649e-13 1.67701e+07 2.40556e+10
9.14751e-13 1.76019e+07 2.40388e+10
9.1887e-13 1.88025e+07 2.40212e+10
9.23009e-13 1.95192e+07 2.40024e+10
9.27166e-13 2.05021e+07 2.39829e+10
9.31341e-13 2.1629e+07 2.39624e+10
9.35536e-13 2.23514e+07 2.39408e+10
9.39749e-13 2.30786e+07 2.39184e+10
9.43982e-13 2.37516e+07 2.38953e+10
9.48233e-13 2.51331e+07 2.38716e+10
9.52504e-13 2.61744e+07 2.38465e+10
9.56793e-13 2.7352e+07 2.38203e+10
9.61103e-13 2.84599e+07 2.37929e+10
9.65431e-13 2.92471e+07 2.37645e+10
9.69779e-13 3.03523e+07 2.37352e+10
9.74147e-13 3.13805e+07 2.37049e+10
9.78534e-13 3.20533e+07 2.36735e+10
9.82941e-13 3.32117e+07 2.36414e+10
9.87368e-13 3.39107e+07 2.36082e+10
9.91815e-13 3.52666e+07 2.35743e+10
9.96282e-13 3.64324e+07 2.3539e+10
1.00077e-12 3.72853e+07 2.35026e+10
1.00528e-12 3.80575e+07 2.34653e+10
1.0098e-12 3.91367e+07 2.34273e+10
1.01435e-12 4.0312e+07 2.33881e+10
1.01892e-12 4.15333e+07 2.33478e+10
1.02351e-12 4.25601e+07 2.33063e+10
1.02812e-12 4.37316e+07 2.32637e+10
1.03275e-12 4.51145e+07 2.322e+10
1.0374e-12 4.673e+07 2.31749e+10
1.04207e-12 4.77655e+07 2.31282e+10
1.04676e-12 4.88788e+07 2.30804e+10
1.05148e-12 4.99426e+07 2.30315e+10
1.05621e-12 5.04969e+07 2.29816e+10
1.06097e-12 5.16509e+07 2.29311e+10
1.06575e-12 5.28146e+07 2.28794e+10
1.07055e-12 5.34793e+07 2.28266e+10
1.07537e-12 5.43326e+07 2.27731e+10
1.08021e-12 5.50102e+07 2.27188e+10
1.08508e-12 5.52603e+07 2.26638e+10
1.08997e-12 5.62836e+07 2.26085e+10
1.09487e-12 5.70803e+07 2.25522e+10
1.09981e-12 5.76472e+07 2.24952e+10
1.10476e-12 5.78318e+07 2.24375e+10
1.10973e-12 5.85449e+07 2.23797e+10
1.11473e-12 5.88606e+07 2.23211e+10
1.11975e-12 5.91637e+07 2.22623e+10
1.1248e-12 5.97761e+07 2.22031e+10
1.12986e-12 6.07302e+07 2.21433e+10
1.13495e-12 6.16496e+07 2.20826e+10
1.14006e-12 6.25814e+07 2.2021e+10
1.1452e-12 6.29159e+07 2.19584e+10
1.15035e-12 6.38725e+07 2.18955e+10
1.15553e-12 6.4447e+07 2.18316e+10
1.16074e-12 6.4945e+07 2.17671e+10
1.16597e-12 6.56193e+07 2.17022e+10
1.17122e-12 6.59192e+07 2.16366e+10
1.17649e-12 6.60272e+07 2.15706e+10
1.18179e-12 6.65132e+07 2.15046e+10
1.18711e-12 6.73869e+07 2.14381e+10
1.19246e-12 6.76705e+07 2.13707e+10
1.19783e-12 6.85153e+07 2.13031e+10
1.20323e-12 6.92026e+07 2.12345e+10
1.20864e-12 7.01764e+07 2.11653e+10
1.21409e-12 7.10578e+07 2.10952e+10
1.21956e-12 7.1632e+07 2.10241e+10
1.22505e-12 7.21118e+07 2.09525e+10
1.23057e-12 7.24112e+07 2.08804e+10
1.23611e-12 7.35007e+07 2.08079e+10
1.24167e-12 7.49825e+07 2.07344e+10
1.24727e-12 7.60436e+07 2.06595e+10
1.25288e-12 7.72296e+07 2.05834e+10
1.25853e-12 7.85848e+07 2.05062e+10
1.26419e-12 7.98473e+07 2.04276e+10
1.26989e-12 8.17482e+07 2.03478e+10
1.27561e-12 8.30828e+07 2.0266e+10
1.28135e-12 8.43312e+07 2.01829e+10
1.28712e-12 8.60257e+07 2.00986e+10
1.29292e-12 8.80811e+07 2.00126e+10
1.29874e-12 8.9399e+07 1.99245e+10
1.30459e-12 9.06047e+07 1.98351e+10
1.31047e-12 9.21232e+07 1.97445e+10
1.31637e-12 9.34152e+07 1.96524e+10
1.3223e-12 9.47303e+07 1.95589e+10
1.32825e-12 9.59684e+07 1.94642e+10
1.33424e-12 9.7118e+07 1.93682e+10
1.34024e-12 9.82344e+07 1.92711e+10
1.34628e-12 9.94258e+07 1.91729e+10
1.35234e-12 1.00352e+08 1.90735e+10
1.35843e-12 1.01194e+08 1.89731e+10
1.36455e-12 1.02236e+08 1.88719e+10
1.3707e-12 1.02678e+08 1.87697e+10
1.37687e-12 1.0309e+08 1.8667e+10
1.38307e-12 1.03741e+08 1.85639e+10
1.3893e-12 1.03844e+08 1.84602e+10
1.39556e-12 1.03873e+08 1.83563e+10
1.40184e-12 1.0418e+08 1.82525e+10
1.40816e-12 1.046e+08 1.81483e+10
1.4145e-12 1.04638e+08 1.80437e+10
1.42087e-12 1.04799e+08 1.7939e+10
1.42727e-12 1.05164e+08 1.78342e+10
1.4337e-12 1.05059e+08 1.77291e+10
1.44015e-12 1.05305e+08 1.7624e+10
1.44664e-12 1.05496e+08 1.75187e+10
1.45315e-12 1.05694e+08 1.74132e+10
1.4597e-12 1.05615e+08 1.73075e+10
1.46627e-12 1.05584e+08 1.72019e+10
1.47288e-12 1.05658e+08 1.70963e+10
1.47951e-12 1.05946e+08 1.69907e+10
1.48617e-12 1.06336e+08 1.68847e+10
1.49287e-12 1.06666e+08 1.67784e+10
1.49959e-12 1.06953e+08 1.66717e+10
1.50634e-12 1.07076e+08 1.65648e+10
1.51313e-12 1.07461e+08 1.64577e+10
1.51994e-12 1.07538e+08 1.63502e+10
1.52679e-12 1.07628e+08 1.62427e+10
1.53366e-12 1.07729e+08 1.61351e+10
1.54057e-12 1.07689e+08 1.60273e+10
1.54751e-12 1.07467e+08 1.59196e+10
1.55448e-12 1.0776e+08 1.58122e+10
1.56148e-12 1.07427e+08 1.57044e+10
1.56851e-12 1.07435e+08 1.5597e+10
1.57558e-12 1.07096e+08 1.54896e+10
1.58267e-12 1.0701e+08 1.53825e+10
1.5898e-12 1.06743e+08 1.52755e+10
1.59696e-12 1.0674e+08 1.51687e+10
1.60415e-12 1.06545e+08 1.5062e+10
1.61138e-12 1.06319e+08 1.49554e+10
1.61864e-12 1.05913e+08 1.48491e+10
1.62592e-12 1.0555e+08 1.47432e+10
1.63325e-12 1.05528e+08 1.46376e+10
1.6406e-12 1.05178e+08 1.45321e+10
1.64799e-12 1.0473e+08 1.44269e+10
1.65541e-12 1.04256e+08 1.43222e+10
1.66287e-12 1.03771e+08 1.42179e+10
1.67036e-12 1.0346e+08 1.41142e+10
1.67788e-12 1.03033e+08 1.40107e+10
1.68544e-12 1.02583e+08 1.39077e+10
1.69303e-12 1.0239e+08 1.38051e+10
1.70065e-12 1.01959e+08 1.37027e+10
1.70831e-12 1.01477e+08 1.36008e+10
1.71601e-12 1.01184e+08 1.34993e+10
1.72374e-12 1.0071e+08 1.33981e+10
1.7315e-12 1.00288e+08 1.32974e+10
1.7393e-12 9.99573e+07 1.31971e+10
1.74713e-12 9.95153e+07 1.30971e+10
1.755e-12 9.91741e+07 1.29976e+10
1.7629e-12 9.8664e+07 1.28984e+10
1.77084e-12 9.86042e+07 1.27998e+10
1.77882e-12 9.82973e+07 1.27012e+10
1.78683e-12 9.77208e+07 1.26029e+10
1.79488e-12 9.76966e+07 1.25052e+10
1.80296e-12 9.76639e+07 1.24075e+10
1.81108e-12 9.72373e+07 1.23098e+10
1.81924e-12 9.68448e+07 1.22126e+10
1.82743e-12 9.68417e+07 1.21157e+10
1.83566e-12 9.63902e+07 1.20189e+10
1.84393e-12 9.58784e+07 1.19225e+10
1.85223e-12 9.55964e+07 1.18266e+10
1.86057e-12 9.4969e+07 1.1731e+10
1.86895e-12 9.45894e+07 1.1636e+10
1.87737e-12 9.42421e+07 1.15415e+10
1.88583e-12 9.38691e+07 1.14472e+10
1.89432e-12 9.33979e+07 1.13533e+10
1.90285e-12 9.2846e+07 1.12599e+10
1.91142e-12 9.29862e+07 1.11671e+10
1.92003e-12 9.25919e+07 1.10741e+10
1.92868e-12 9.23692e+07 1.09815e+10
1.93736e-12 9.21631e+07 1.08892e+10
1.94609e-12 9.18338e+07 1.0797e+10
1.95485e-12 9.1602e+07 1.07052e+10
1.96366e-12 9.13881e+07 1.06136e+10
1.9725e-12 9.1276e+07 1.05222e+10
1.98138e-12 9.08788e+07 1.04309e+10
1.99031e-12 9.0472e+07 1.034e+10
1.99927e-12 9.02077e+07 1.02495e+10
2.00827e-12 8.98298e+07 1.01593e+10
2.01732e-12 8.92491e+07 1.00695e+10
2.0264e-12 8.87472e+07 9.98025e+09
2.03553e-12 8.84184e+07 9.8915e+09
2.0447e-12 8.77607e+07 9.80309e+09
2.05391e-12 8.74348e+07 9.71533e+09
2.06316e-12 8.722e+07 9.62789e+09
2.07245e-12 8.68869e+07 9.54067e+09
2.08178e-12 8.62688e+07 9.45378e+09
2.09116e-12 8.62329e+07 9.36751e+09
2.10058e-12 8.58891e+07 9.28128e+09
2.11004e-12 8.52761e+07 9.19539e+09
2.11954e-12 8.48826e+07 9.11012e+09
2.12909e-12 8.45771e+07 9.02523e+09
2.13867e-12 8.39287e+07 8.94066e+09
2.14831e-12 8.38264e+07 8.85673e+09
2.15798e-12 8.33133e+07 8.7729e+09
2.1677e-12 8.27714e+07 8.68959e+09
2.17746e-12 8.23903e+07 8.60682e+09
2.18727e-12 8.19982e+07 8.52443e+09
2.19712e-12 8.1629e+07 8.44243e+09
2.20702e-12 8.13127e+07 8.3608e+09
2.21696e-12 8.09197e+07 8.27949e+09
2.22694e-12 8.05158e+07 8.19857e+09
2.23697e-12 7.99761e+07 8.11805e+09
2.24704e-12 7.93392e+07 8.03808e+09
2.25716e-12 7.86873e+07 7.95874e+09
2.26733e-12 7.8248e+07 7.88005e+09
2.27754e-12 7.77298e+07 7.8018e+09
2.2878e-12 7.71355e+07 7.72407e+09
2.2981e-12 7.65907e+07 7.64694e+09
2.30845e-12 7.63206e+07 7.57034e+09
2.31885e-12 7.59145e+07 7.49402e+09
2.32929e-12 7.55411e+07 7.41811e+09
2.33978e-12 7.49941e+07 7.34257e+09
2.35032e-12 7.4332e+07 7.26757e+09
2.36091e-12 7.37125e+07 7.19324e+09
2.37154e-12 7.31808e+07 7.11953e+09
2.38222e-12 7.2933e+07 7.04635e+09
2.39295e-12 7.23309e+07 6.97342e+09
2.40373e-12 7.17953e+07 6.90109e+09
2.41455e-12 7.14209e+07 6.82929e+09
2.42543e-12 7.08127e+07 6.75787e+09
2.43635e-12 7.02213e+07 6.68706e+09
2.44732e-12 6.99686e+07 6.61683e+09
2.45834e-12 6.94655e+07 6.54687e+09
2.46942e-12 6.88471e+07 6.4774e+09
2.48054e-12 6.83723e+07 6.40855e+09
2.49171e-12 6.79155e+07 6.34018e+09
2.50293e-12 6.75067e+07 6.27227e+09
2.5142e-12 6.70053e+07 6.20476e+09
2.52553e-12 6.65507e+07 6.13775e+09
2.5369e-12 6.6168e+07 6.0712e+09
2.54833e-12 6.56256e+07 6.00504e+09
2.5598e-12 6.49941e+07 5.93941e+09
2.57133e-12 6.45111e+07 5.87442e+09
2.58291e-12 6.41218e+07 5.8099e+09
2.59454e-12 6.3758e+07 5.74578e+09
2.60623e-12 6.32009e+07 5.68202e+09
2.61797e-12 6.26975e+07 5.61882e+09
2.62976e-12 6.21124e+07 5.55613e+09
2.6416e-12 6.17197e+07 5.49401e+09
2.6535e-12 6.11476e+07 5.43229e+09
2.66545e-12 6.05697e+07 5.37115e+09
2.67745e-12 5.98969e+07 5.31058e+09
2.68951e-12 5.93157e+07 5.25068e+09
2.70162e-12 5.86944e+07 5.19136e+09
2.71379e-12 5.8187e+07 5.13267e+09
2.72601e-12 5.76458e+07 5.07448e+09
2.73829e-12 5.70553e+07 5.01684e+09
2.75062e-12 5.64286e+07 4.95978e+09
2.76301e-12 5.58304e+07 4.90335e+09
2.77546e-12 5.53478e+07 4.84752e+09
2.78796e-12 5.48549e+07 4.79217e+09
2.80051e-12 5.42718e+07 4.73732e+09
2.81312e-12 5.37023e+07 4.68305e+09
2.82579e-12 5.3085e+07 4.62935e+09
2.83852e-12 5.25518e+07 4.57626e+09
2.8513e-12 5.19476e+07 4.52371e+09
2.86415e-12 5.13505e+07 4.47176e+09
2.87705e-12 5.07602e+07 4.42041e+09
2.89e-12 5.02216e+07 4.36965e+09
2.90302e-12 4.96442e+07 4.31943e+09
2.91609e-12 4.90735e+07 4.26978e+09
2.92923e-12 4.85094e+07 4.22071e+09
2.94242e-12 4.79851e+07 4.1722e+09
2.95567e-12 4.74334e+07 4.12422e+09
2.96898e-12 4.68882e+07 4.07678e+09
2.98235e-12 4.63491e+07 4.0299e+09
2.99578e-12 4.58162e+07 3.98355e+09
3.00928e-12 4.52894e+07 3.93773e+09
3.02283e-12 4.47688e+07 3.89244e+09
3.03644e-12 4.4254e+07 3.84767e+09
3.05012e-12 4.37796e+07 3.80342e+09
3.06386e-12 4.32763e+07 3.75964e+09
3.07765e-12 4.27786e+07 3.71636e+09
3.09152e-12 4.22868e+07 3.67358e+09
3.10544e-12 4.18005e+07 3.6313e+09
3.11942e-12 4.13199e+07 3.5895e+09
3.13347e-12 4.08448e+07 3.54818e+09
3.14759e-12 4.03751e+07 3.50733e+09
3.16176e-12 3.99109e+07 3.46696e+09
3.176e-12 3.94519e+07 3.42705e+09
3.19031e-12 3.89982e+07 3.38759e+09
3.20467e-12 3.85498e+07 3.3486e+09
3.21911e-12 3.81065e+07 3.31005e+09
3.2336e-12 3.76682e+07 3.27194e+09
3.24817e-12 3.7235e+07 3.23427e+09
3.2628e-12 3.68069e+07 3.19704e+09
3.27749e-12 3.63836e+07 3.16023e+09
3.29225e-12 3.59651e+07 3.12385e+09
3.30708e-12 3.55515e+07 3.08788e+09
3.32197e-12 3.51427e+07 3.05233e+09
3.33693e-12 3.47384e+07 3.01719e+09
3.35196e-12 3.43389e+07 2.98245e+09
3.36706e-12 3.3944e+07 2.94811e+09
3.38222e-12 3.35536e+07 2.91416e+09
3.39746e-12 3.31677e+07 2.88061e+09
3.41276e-12 3.27862e+07 2.84744e+09
3.42813e-12 3.24091e+07 2.81466e+09
3.44357e-12 3.20363e+07 2.78225e+09
3.45908e-12 3.16678e+07 2.75021e+09
3.47465e-12 3.13036e+07 2.71854e+09
3.4903e-12 3.09435e+07 2.68724e+09
3.50602e-12 3.05876e+07 2.6563e+09
3.52181e-12 3.02357e+07 2.62571e+09
3.53767e-12 2.98879e+07 2.59547e+09
3.55361e-12 2.95442e+07 2.56559e+09
3.56961e-12 2.92043e+07 2.53604e+09
3.58569e-12 2.88683e+07 2.50684e+09
3.60184e-12 2.85363e+07 2.47797e+09
3.61806e-12 2.8208e+07 2.44943e+09
3.63435e-12 2.78835e+07 2.42122e+09
3.65072e-12 2.75627e+07 2.39334e+09
3.66716e-12 2.72457e+07 2.36578e+09
3.68368e-12 2.69322e+07 2.33853e+09
3.70027e-12 2.66224e+07 2.3116e+09
3.71693e-12 2.63161e+07 2.28498e+09
3.73367e-12 2.60134e+07 2.25866e+09
3.75049e-12 2.57141e+07 2.23265e+09
3.76738e-12 2.54182e+07 2.20693e+09
3.78435e-12 2.51258e+07 2.18152e+09
3.80139e-12 2.48368e+07 2.15639e+09
3.81851e-12 2.4551e+07 2.13155e+09
3.83571e-12 2.42685e+07 2.107e+09
3.85298e-12 2.39893e+07 2.08273e+09
3.87034e-12 2.37133e+07 2.05874e+09
3.88777e-12 2.34404e+07 2.03503e+09
3.90528e-12 2.31707e+07 2.01159e+09
3.92286e-12 2.29041e+07 1.98842e+09
3.94053e-12 2.26406e+07 1.96552e+09
3.95828e-12 2.23801e+07 1.94288e+09
3.97611e-12 2.21226e+07 1.9205e+09
3.99401e-12 2.1868e+07 1.89837e+09
4.012e-12 2.16164e+07 1.87651e+09
4.03007e-12 2.13677e+07 1.85489e+09
4.04822e-12 2.11218e+07 1.83352e+09
4.06645e-12 2.08788e+07 1.8124e+09
4.08477e-12 2.06385e+07 1.79152e+09
4.10316e-12 2.0401e+07 1.77088e+09
4.12164e-12 2.01662e+07 1.75048e+09
4.1402e-12 1.99342e+07 1.73031e+09
4.15885e-12 1.97048e+07 1.71038e+09
4.17758e-12 1.9478e+07 1.69068e+09
4.1964e-12 1.92539e+07 1.6712e+09
4.2153e-12 1.90323e+07 1.65194e+09
4.23428e-12 1.88133e+07 1.63291e+09
4.25335e-12 1.85968e+07 1.6141e+09
4.27251e-12 1.83827e+07 1.5955e+09
4.29175e-12 1.81712e+07 1.57712e+09
4.31108e-12 1.79621e+07 1.55895e+09
4.33049e-12 1.77553e+07 1.54099e+09
4.35e-12 1.7551e+07 1.52323e+09
4.36959e-12 1.7349e+07 1.50568e+09
4.38927e-12 1.71494e+07 1.48833e+09
4.40903e-12 1.6952e+07 1.47118e+09
4.42889e-12 1.67569e+07 1.45423e+09
4.44884e-12 1.6564e+07 1.43747e+09
4.46887e-12 1.63734e+07 1.42091e+09
4.489e-12 1.61849e+07 1.40453e+09
4.50922e-12 1.59986e+07 1.38835e+09
4.52953e-12 1.58145e+07 1.37235e+09
4.54993e-12 1.56325e+07 1.35654e+09
4.57042e-12 1.54525e+07 1.3409e+09
4.591e-12 1.52747e+07 1.32545e+09
4.61168e-12 1.50989e+07 1.31018e+09
4.63245e-12 1.49251e+07 1.29508e+09
4.65331e-12 1.47533e+07 1.28015e+09
4.67427e-12 1.45834e+07 1.2654e+09
4.69532e-12 1.44156e+07 1.25082e+09
4.71647e-12 1.42497e+07 1.2364e+09
4.73771e-12 1.40856e+07 1.22215e+09
4.75904e-12 1.39235e+07 1.20807e+09
4.78048e-12 1.37632e+07 1.19414e+09
4.80201e-12 1.36048e+07 1.18038e+09
4.82363e-12 1.34482e+07 1.16677e+09
4.84536e-12 1.32934e+07 1.15333e+09
4.86718e-12 1.31403e+07 1.14003e+09
4.8891e-12 1.29891e+07 1.12689e+09
4.91112e-12 1.28396e+07 1.1139e+09
4.93324e-12 1.26918e+07 1.10106e+09
4.95546e-12 1.25456e+07 1.08837e+09
4.97777e-12 1.24012e+07 1.07583e+09
5.00019e-12 1.22584e+07 1.06342e+09
5.02271e-12 1.21173e+07 1.05117e+09
5.04533e-12 1.19778e+07 1.03905e+09
5.06806e-12 1.18399e+07 1.02707e+09
5.09088e-12 1.17036e+07 1.01523e+09
5.11381e-12 1.15689e+07 1.00353e+09
5.13684e-12 1.14357e+07 9.91959e+08
5.15997e-12 1.1304e+07 9.80523e+08
5.18321e-12 1.11739e+07 9.69219e+08
5.20656e-12 1.10452e+07 9.58045e+08
5.23001e-12 1.09181e+07 9.47e+08
5.25356e-12 1.07924e+07 9.36082e+08
5.27722e-12 1.06681e+07 9.25289e+08
5.30099e-12 1.05453e+07 9.14621e+08
5.32486e-12 1.04239e+07 9.04076e+08
5.34884e-12 1.03039e+07 8.93652e+08
5.37293e-12 1.01852e+07 8.83348e+08
5.39713e-12 1.0068e+07 8.73163e+08
5.42144e-12 9.95204e+06 8.63095e+08
5.44586e-12 9.83747e+06 8.53143e+08
5.47038e-12 9.72419e+06 8.43305e+08
5.49502e-12 9.61222e+06 8.33581e+08
5.51977e-12 9.50154e+06 8.23969e+08
5.54463e-12 9.39214e+06 8.14468e+08
5.5696e-12 9.28401e+06 8.05075e+08
5.59468e-12 9.1771e+06 7.95791e+08
5.61988e-12 9.07142e+06 7.86614e+08
5.64519e-12 8.96697e+06 7.77543e+08
5.67061e-12 8.86373e+06 7.68576e+08
5.69615e-12 8.76166e+06 7.59712e+08
5.72181e-12 8.66076e+06 7.5095e+08
5.74757e-12 8.56103e+06 7.4229e+08
5.77346e-12 8.46245e+06 7.33729e+08
5.79946e-12 8.36502e+06 7.25266e+08
5.82558e-12 8.26869e+06 7.16901e+08
5.85182e-12 8.17346e+06 7.08633e+08
5.87817e-12 8.07934e+06 7.00459e+08
5.90465e-12 7.98631e+06 6.9238e+08
5.93124e-12 7.89435e+06 6.84393e+08
5.95795e-12 7.80343e+06 6.76499e+08
5.98478e-12 7.71357e+06 6.68696e+08
6.01174e-12 7.62474e+06 6.60982e+08
6.03881e-12 7.53694e+06 6.53357e+08
6.06601e-12 7.45015e+06 6.4582e+08
6.09333e-12 7.36434e+06 6.3837e+08
6.12077e-12 7.27953e+06 6.31006e+08
6.14834e-12 7.1957e+06 6.23726e+08
6.17603e-12 7.11283e+06 6.16531e+08
6.20384e-12 7.03093e+06 6.09418e+08
6.23178e-12 6.94995e+06 6.02387e+08
6.25985e-12 6.8699e+06 5.95437e+08
6.28804e-12 6.79078e+06 5.88567e+08
6.31636e-12 6.71258e+06 5.81776e+08
6.34481e-12 6.63528e+06 5.75064e+08
6.37339e-12 6.55886e+06 5.68428e+08
6.40209e-12 6.48331e+06 5.6187e+08
6.43092e-12 6.40864e+06 5.55386e+08
6.45989e-12 6.33484e+06 5.48978e+08
6.48898e-12 6.26189e+06 5.42643e+08
6.5182e-12 6.18976e+06 5.36381e+08
6.54756e-12 6.11847e+06 5.30191e+08
6.57705e-12 6.048e+06 5.24073e+08
6.60667e-12 5.97834e+06 5.18025e+08
6.63642e-12 5.9095e+06 5.12046e+08
6.66631e-12 5.84142e+06 5.06137e+08
6.69633e-12 5.77414e+06 5.00295e+08
6.72649e-12 5.70763e+06 4.94521e+08
6.75679e-12 5.6419e+06 4.88814e+08
6.78722e-12 5.57692e+06 4.83172e+08
6.81779e-12 5.51268e+06 4.77595e+08
6.84849e-12 5.44918e+06 4.72082e+08
6.87933e-12 5.38641e+06 4.66633e+08
6.91032e-12 5.32438e+06 4.61247e+08
6.94144e-12 5.26305e+06 4.55922e+08
6.9727e-12 5.20243e+06 4.50659e+08
7.0041e-12 5.1425e+06 4.45457e+08
7.03565e-12 5.08326e+06 4.40314e+08
7.06734e-12 5.02471e+06 4.35231e+08
7.09916e-12 4.96684e+06 4.30206e+08
7.13114e-12 4.90963e+06 4.25239e+08
7.16325e-12 4.85307e+06 4.2033e+08
7.19551e-12 4.79717e+06 4.15477e+08
7.22792e-12 4.74191e+06 4.10679e+08
7.26047e-12 4.68729e+06 4.05938e+08
7.29317e-12 4.63331e+06 4.0125e+08
7.32602e-12 4.57993e+06 3.96617e+08
7.35901e-12 4.52717e+06 3.92037e+08
7.39216e-12 4.47501e+06 3.8751e+08
7.42545e-12 4.42347e+06 3.83035e+08
7.45889e-12 4.37252e+06 3.78611e+08
7.49248e-12 4.32215e+06 3.74239e+08
7.52623e-12 4.27235e+06 3.69917e+08
7.56012e-12 4.22314e+06 3.65644e+08
7.59417e-12 4.17449e+06 3.61421e+08
7.62837e-12 4.1264e+06 3.57247e+08
7.66273e-12 4.07887e+06 3.5312e+08
7.69724e-12 4.03188e+06 3.49041e+08
7.73191e-12 3.98543e+06 3.4501e+08
7.76673e-12 3.93951e+06 3.41024e+08
7.80171e-12 3.89413e+06 3.37085e+08
7.83684e-12 3.84928e+06 3.3319e+08
7.87214e-12 3.80493e+06 3.29341e+08
7.90759e-12 3.76109e+06 3.25536e+08
7.94321e-12 3.71776e+06 3.21775e+08
7.97898e-12 3.67493e+06 3.18057e+08
8.01492e-12 3.6326e+06 3.14382e+08
8.05101e-12 3.59076e+06 3.1075e+08
8.08727e-12 3.54938e+06 3.07159e+08
8.12369e-12 3.50849e+06 3.0361e+08
8.16028e-12 3.46807e+06 3.00101e+08
8.19703e-12 3.42811e+06 2.96633e+08
8.23395e-12 3.38862e+06 2.93205e+08
8.27103e-12 3.34959e+06 2.89816e+08
8.30828e-12 3.31099e+06 2.86467e+08
8.3457e-12 3.27284e+06 2.83156e+08
8.38329e-12 3.23514e+06 2.79883e+08
8.42104e-12 3.19787e+06 2.76648e+08
8.45897e-12 3.16103e+06 2.7345e+08
8.49707e-12 3.12461e+06 2.70289e+08
8.53534e-12 3.0886e+06 2.67164e+08
8.57378e-12 3.05302e+06 2.64076e+08
8.61239e-12 3.01784e+06 2.61023e+08
8.65118e-12 2.98307e+06 2.58005e+08
8.69014e-12 2.94871e+06 2.55022e+08
8.72928e-12 2.91473e+06 2.52073e+08
8.76859e-12 2.88115e+06 2.49158e+08
8.80808e-12 2.84795e+06 2.46277e+08
8.84775e-12 2.81514e+06 2.43429e+08
8.8876e-12 2.7827e+06 2.40614e+08
8.92763e-12 2.75065e+06 2.37831e+08
8.96783e-12 2.71895e+06 2.35081e+08
9.00822e-12 2.68762e+06 2.32362e+08
9.04879e-12 2.65665e+06 2.29674e+08
9.08955e-12 2.62604e+06 2.27018e+08
9.13048e-12 2.59579e+06 2.24392e+08
9.1716e-12 2.56588e+06 2.21796e+08
9.21291e-12 2.53631e+06 2.1923e+08
9.2544e-12 2.50709e+06 2.16694e+08
9.29608e-12 2.4782e+06 2.14187e+08
9.33795e-12 2.44964e+06 2.11708e+08
9.38e-12 2.42142e+06 2.09259e+08
9.42225e-12 2.39352e+06 2.06837e+08
9.46468e-12 2.36594e+06 2.04444e+08
9.50731e-12 2.33868e+06 2.02078e+08
9.55013e-12 2.31173e+06 1.99739e+08
9.59314e-12 2.28509e+06 1.97427e+08
9.63634e-12 2.25876e+06 1.95142e+08
9.67974e-12 2.23274e+06 1.92884e+08
9.72334e-12 2.20701e+06 1.90651e+08
9.76713e-12 2.18158e+06 1.88444e+08
9.81112e-12 2.15644e+06 1.86262e+08
9.8553e-12 2.13159e+06 1.84106e+08
9.89969e-12 2.10703e+06 1.81974e+08
9.94427e-12 2.08275e+06 1.79867e+08
9.98906e-12 2.05875e+06 1.77784e+08
1.0034e-11 2.03502e+06 1.75726e+08
1.00792e-11 2.01157e+06 1.73691e+08
1.01246e-11 1.98839e+06 1.71679e+08
1.01702e-11 1.96548e+06 1.69691e+08
1.0216e-11 1.94283e+06 1.67725e+08
1.0262e-11 1.92045e+06 1.65782e+08
1.03083e-11 1.89831e+06 1.63862e+08
1.03547e-11 1.87644e+06 1.61964e+08
1.04013e-11 1.85481e+06 1.60087e+08
1.04482e-11 1.83344e+06 1.58232e+08
1.04952e-11 1.81231e+06 1.56399e+08
1.05425e-11 1.79143e+06 1.54587e+08
1.059e-11 1.77079e+06 1.52795e+08
1.06377e-11 1.75038e+06 1.51024e+08
1.06856e-11 1.73021e+06 1.49274e+08
1.07337e-11 1.71027e+06 1.47544e+08
1.0782e-11 1.69056e+06 1.45834e+08
1.08306e-11 1.67108e+06 1.44143e+08
1.08794e-11 1.65182e+06 1.42472e+08
1.09284e-11 1.63278e+06 1.4082e+08
1.09776e-11 1.61397e+06 1.39187e+08
1.1027e-11 1.59537e+06 1.37573e+08
1.10767e-11 1.57698e+06 1.35978e+08
1.11266e-11 1.55881e+06 1.34401e+08
1.11767e-11 1.54085e+06 1.32842e+08
1.1227e-11 1.52309e+06 1.31301e+08
1.12776e-11 1.50553e+06 1.29778e+08
1.13284e-11 1.48818e+06 1.28273e+08
1.13794e-11 1.47103e+06 1.26784e+08
1.14307e-11 1.45408e+06 1.25313e+08
1.14821e-11 1.43732e+06 1.23859e+08
1.15338e-11 1.42076e+06 1.22422e+08
1.15858e-11 1.40439e+06 1.21001e+08
1.1638e-11 1.3882e+06 1.19597e+08
1.16904e-11 1.3722e+06 1.18209e+08
1.1743e-11 1.35639e+06 1.16837e+08
1.17959e-11 1.34075e+06 1.1548e+08
1.1849e-11 1.3253e+06 1.14139e+08
1.19024e-11 1.31003e+06 1.12814e+08
1.1956e-11 1.29493e+06 1.11504e+08
1.20099e-11 1.28001e+06 1.10209e+08
1.2064e-11 1.26525e+06 1.08929e+08
1.21183e-11 1.25067e+06 1.07664e+08
1.21729e-11 1.23626e+06 1.06413e+08
1.22277e-11 1.22201e+06 1.05177e+08
1.22828e-11 1.20793e+06 1.03955e+08
1.23381e-11 1.194e+06 1.02747e+08
1.23936e-11 1.18024e+06 1.01553e+08
1.24495e-11 1.16664e+06 1.00373e+08
1.25055e-11 1.15319e+06 9.92061e+07
1.25618e-11 1.1399e+06 9.80529e+07
1.26184e-11 1.12677e+06 9.6913e+07
1.26753e-11 1.11378e+06 9.57862e+07
1.27323e-11 1.10094e+06 9.46724e+07
1.27897e-11 1.08825e+06 9.35715e+07
1.28473e-11 1.07571e+06 9.24832e+07
1.29051e-11 1.06331e+06 9.14075e+07
1.29633e-11 1.05106e+06 9.03442e+07
1.30216e-11 1.03894e+06 8.92932e+07
1.30803e-11 1.02697e+06 8.82542e+07
1.31392e-11 1.01513e+06 8.72272e+07
1.31984e-11 1.00343e+06 8.62121e+07
1.32578e-11 991865 8.52087e+07
1.33175e-11 980433 8.42168e+07
1.33775e-11 969133 8.32364e+07
1.34378e-11 957964 8.22673e+07
1.34983e-11 946925 8.13093e+07
1.35591e-11 936009 8.03624e+07
1.36201e-11 925219 7.94264e+07
1.36815e-11 914554 7.85011e+07
1.37431e-11 904013 7.75866e+07
1.3805e-11 893593 7.66826e+07
1.38672e-11 883295 7.5789e+07
1.39296e-11 873115 7.49057e+07
1.39923e-11 863051 7.40326e+07
1.40554e-11 853102 7.31695e+07
1.41187e-11 843268 7.23164e+07
1.41823e-11 833548 7.14731e+07
1.42461e-11 823940 7.06396e+07
1.43103e-11 814444 6.98157e+07
1.43747e-11 805058 6.90012e+07
1.44395e-11 795780 6.81962e+07
1.45045e-11 786605 6.74004e+07
1.45698e-11 777537 6.66138e+07
1.46354e-11 768574 6.58362e+07
1.47014e-11 759715 6.50677e+07
1.47676e-11 750959 6.43079e+07
1.48341e-11 742304 6.3557e+07
1.49009e-11 733749 6.28147e+07
1.4968e-11 725291 6.20809e+07
1.50354e-11 716929 6.13556e+07
1.51031e-11 708665 6.06387e+07
1.51711e-11 700495 5.993e+07
1.52395e-11 692421 5.92295e+07
1.53081e-11 684440 5.85371e+07
1.5377e-11 676552 5.78527e+07
1.54463e-11 668754 5.71761e+07
1.55159e-11 661045 5.65074e+07
1.55857e-11 653424 5.58463e+07
1.56559e-11 645891 5.51929e+07
1.57265e-11 638446 5.4547e+07
1.57973e-11 631086 5.39086e+07
1.58684e-11 623812 5.32775e+07
1.59399e-11 616622 5.26537e+07
1.60117e-11 609516 5.20371e+07
1.60838e-11 602489 5.14275e+07
1.61562e-11 595543 5.08251e+07
1.6229e-11 588677 5.02295e+07
1.63021e-11 581891 4.96408e+07
1.63755e-11 575184 4.90589e+07
1.64493e-11 568554 4.84838e+07
1.65233e-11 562001 4.79152e+07
1.65978e-11 555524 4.73532e+07
1.66725e-11 549119 4.67977e+07
1.67476e-11 542788 4.62486e+07
1.6823e-11 536530 4.57058e+07
1.68988e-11 530345 4.51692e+07
1.69749e-11 524232 4.46389e+07
1.70513e-11 518189 4.41147e+07
1.71281e-11 512216 4.35965e+07
1.72053e-11 506313 4.30843e+07
1.72828e-11 500476 4.25779e+07
1.73606e-11 494706 4.20775e+07
1.74388e-11 489002 4.15828e+07
1.75173e-11 483365 4.10938e+07
1.75962e-11 477793 4.06104e+07
1.76755e-11 472285 4.01326e+07
1.77551e-11 466841 3.96603e+07
1.7835e-11 461461 3.91935e+07
1.79154e-11 456141 3.8732e+07
1.7996e-11 450882 3.82759e+07
1.80771e-11 445684 3.7825e+07
1.81585e-11 440545 3.73793e+07
1.82403e-11 435467 3.69388e+07
1.83224e-11 430447 3.65033e+07
1.8405e-11 425485 3.60729e+07
1.84878e-11 420581 3.56474e+07
1.85711e-11 415733 3.52268e+07
1.86547e-11 410940 3.48111e+07
1.87388e-11 406202 3.44001e+07
1.88232e-11 401519 3.39939e+07
1.89079e-11 396890 3.35924e+07
1.89931e-11 392314 3.31955e+07
1.90786e-11 387792 3.28032e+07
1.91646e-11 383322 3.24154e+07
1.92509e-11 378904 3.20321e+07
1.93376e-11 374536 3.16532e+07
1.94247e-11 370217 3.12786e+07
1.95121e-11 365949 3.09084e+07
1.96e-11 361730 3.05425e+07
1.96883e-11 357559 3.01807e+07
1.9777e-11 353437 2.98232e+07
1.9866e-11 349363 2.94697e+07
1.99555e-11 345336 2.91204e+07
2.00454e-11 341355 2.8775e+07
2.01357e-11 337420 2.84337e+07
2.02263e-11 333530 2.80963e+07
2.03174e-11 329684 2.77627e+07
2.04089e-11 325883 2.74331e+07
2.05008e-11 322126 2.71072e+07
2.05932e-11 318412 2.6785e+07
2.06859e-11 314742 2.64666e+07
2.07791e-11 311114 2.61519e+07
2.08727e-11 307528 2.58408e+07
2.09667e-11 303982 2.55333e+07
2.10611e-11 300477 2.52293e+07
2.1156e-11 297013 2.49288e+07
2.12512e-11 293588 2.46318e+07
2.13469e-11 290203 2.43382e+07
2.14431e-11 286858 2.4048e+07
2.15397e-11 283551 2.37611e+07
2.16367e-11 280282 2.34776e+07
2.17341e-11 277052 2.31973e+07
2.1832e-11 273858 2.29202e+07
2.19303e-11 270700 2.26464e+07
2.20291e-11 267579 2.23757e+07
2.21283e-11 264493 2.21081e+07
2.2228e-11 261444 2.18436e+07
2.23281e-11 258430 2.15822e+07
2.24286e-11 255450 2.13237e+07
2.25296e-11 252506 2.10683e+07
2.26311e-11 249595 2.08158e+07
2.2733e-11 246718 2.05662e+07
2.28354e-11 243873 2.03195e+07
2.29383e-11 241061 2.00756e+07
2.30416e-11 238282 1.98345e+07
2.31453e-11 235534 1.95963e+07
2.32496e-11 232819 1.93607e+07
2.33543e-11 230135 1.91279e+07
2.34595e-11 227482 1.88978e+07
2.35651e-11 224859 1.86703e+07
2.36713e-11 222267 1.84454e+07
2.37779e-11 219705 1.82232e+07
2.3885e-11 217172 1.80035e+07
2.39925e-11 214667 1.77863e+07
2.41006e-11 212192 1.75716e+07
2.42091e-11 209745 1.73594e+07
2.43182e-11 207327 1.71497e+07
2.44277e-11 204937 1.69424e+07
2.45377e-11 202575 1.67374e+07
2.46482e-11 200239 1.65348e+07
2.47592e-11 197931 1.63346e+07
2.48707e-11 195649 1.61367e+07
2.49827e-11 193393 1.5941e+07
2.50952e-11 191163 1.57476e+07
2.52083e-11 188959 1.55565e+07
2.53218e-11 186780 1.53675e+07
2.54358e-11 184627 1.51807e+07
2.55504e-11 182498 1.49961e+07
2.56655e-11 180394 1.48136e+07
2.57811e-11 178315 1.46332e+07
2.58972e-11 176259 1.44549e+07
2.60138e-11 174227 1.42786e+07
2.6131e-11 172218 1.41044e+07
2.62486e-11 170232 1.39322e+07
2.63669e-11 168269 1.3762e+07
2.64856e-11 166329 1.35937e+07
2.66049e-11 164411 1.34274e+07
2.67247e-11 162516 1.32629e+07
2.68451e-11 160642 1.31004e+07
2.6966e-11 158790 1.29398e+07
2.70874e-11 156960 1.2781e+07
2.72094e-11 155151 1.2624e+07
2.7332e-11 153361 1.24689e+07
2.74551e-11 151593 1.23155e+07
2.75787e-11 149845 1.21639e+07
2.77029e-11 148117 1.20141e+07
2.78277e-11 146409 1.1866e+07
2.7953e-11 144721 1.17196e+07
2.80789e-11 143053 1.15748e+07
2.82054e-11 141404 1.14318e+07
2.83324e-11 139774 1.12904e+07
2.846e-11 138162 1.11506e+07
2.85882e-11 136569 1.10124e+07
2.87169e-11 134994 1.08759e+07
2.88462e-11 133438 1.07409e+07
2.89762e-11 131899 1.06074e+07
2.91067e-11 130378 1.04755e+07
2.92377e-11 128875 1.03452e+07
2.93694e-11 127389 1.02163e+07
2.95017e-11 125920 1.00889e+07
2.96346e-11 124469 9.96299e+06
2.9768e-11 123034 9.83852e+06
2.99021e-11 121616 9.71548e+06
3.00368e-11 120213 9.59387e+06
3.0172e-11 118827 9.47365e+06
3.03079e-11 117457 9.35483e+06
3.04444e-11 116102 9.23737e+06
3.05815e-11 114763 9.12127e+06
3.07193e-11 113440 9.0065e+06
3.08576e-11 112132 8.89306e+06
3.09966e-11 110840 8.78093e+06
3.11362e-11 109562 8.67009e+06
3.12764e-11 108299 8.56053e+06
3.14173e-11 107050 8.45223e+06
3.15588e-11 105816 8.34518e+06
3.17009e-11 104596 8.23937e+06
3.18437e-11 103389 8.13477e+06
3.19871e-11 102197 8.03138e+06
3.21312e-11 101019 7.92918e+06
3.22759e-11 99854 7.82816e+06
3.24212e-11 98702.8 7.72831e+06
3.25672e-11 97564.8 7.62961e+06
3.27139e-11 96440.1 7.53204e+06
3.28612e-11 95328.4 7.4356e+06
3.30092e-11 94229.5 7.34027e+06
3.31579e-11 93142.9 7.24605e+06
3.33072e-11 92068.7 7.1529e+06
3.34573e-11 91006.9 7.06083e+06
3.36079e-11 89957.5 6.96983e+06
3.37593e-11 88920.2 6.87987e+06
3.39113e-11 87894.9 6.79095e+06
3.40641e-11 86881.5 6.70305e+06
3.42175e-11 85879.8 6.61617e+06
3.43716e-11 84889.7 6.53029e+06
3.45264e-11 83911.1 6.4454e+06
3.46819e-11 82943.9 6.36149e+06
3.48381e-11 81987.6 6.27855e+06
3.4995e-11 81042.1 6.19656e+06
3.51526e-11 80107.4 6.11552e+06
3.53109e-11 79183.6 6.03541e+06
3.54699e-11 78270.5 5.95623e+06
3.56297e-11 77368 5.87796e+06
3.57901e-11 76475.9 5.80059e+06
3.59513e-11 75594.1 5.72411e+06
3.61132e-11 74722.6 5.64852e+06
3.62759e-11 73861.2 5.5738e+06
3.64393e-11 73009.7 5.49994e+06
3.66034e-11 72168.1 5.42693e+06
3.67682e-11 71336.1 5.35476e+06
3.69338e-11 70513.3 5.28342e+06
3.71002e-11 69700.1 5.21291e+06
3.72672e-11 68896.3 5.14321e+06
3.74351e-11 68101.8 5.07431e+06
3.76037e-11 67316.5 5.00621e+06
3.7773e-11 66540.4 4.93889e+06
3.79432e-11 65773.2 4.87235e+06
3.8114e-11 65014.8 4.80658e+06
3.82857e-11 64265.3 4.74156e+06
3.84581e-11 63524.5 4.6773e+06
3.86313e-11 62792.2 4.61377e+06
3.88053e-11 62068.3 4.55098e+06
3.89801e-11 61352.5 4.48891e+06
3.91556e-11 60644.9 4.42756e+06
3.9332e-11 59945.5 4.36692e+06
3.95091e-11 59254.2 4.30697e+06
3.96871e-11 58570.9 4.24772e+06
3.98658e-11 57895.6 4.18915e+06
4.00453e-11 57228 4.13125e+06
4.02257e-11 56568.2 4.07402e+06
4.04069e-11 55916 4.01745e+06
4.05888e-11 55271.4 3.96154e+06
4.07716e-11 54634.3 3.90627e+06
4.09553e-11 54004.5 3.85163e+06
4.11397e-11 53381.8 3.79763e+06
4.1325e-11 52766.1 3.74425e+06
4.15111e-11 52157.5 3.69148e+06
4.16981e-11 51556 3.63932e+06
4.18859e-11 50961.5 3.58777e+06
4.20745e-11 50373.9 3.53681e+06
4.2264e-11 49793 3.48643e+06
4.24543e-11 49218.9 3.43664e+06
4.26455e-11 48651.4 3.38742e+06
4.28376e-11 48090.6 3.33877e+06
4.30305e-11 47536.2 3.29068e+06
4.32243e-11 46988.2 3.24314e+06
4.3419e-11 46446.6 3.19615e+06
4.36146e-11 45910.9 3.14971e+06
4.3811e-11 45381.4 3.1038e+06
4.40083e-11 44858 3.05841e+06
4.42065e-11 44340.7 3.01356e+06
4.44056e-11 43829.4 2.96922e+06
4.46056e-11 43324 2.92539e+06
4.48065e-11 42824.4 2.88206e+06
4.50083e-11 42330.6 2.83924e+06
4.5211e-11 41842.6 2.79691e+06
4.54146e-11 41360.2 2.75506e+06
4.56191e-11 40883.4 2.7137e+06
4.58246e-11 40412.1 2.67282e+06
4.6031e-11 39946.3 2.63241e+06
4.62383e-11 39485.7 2.59246e+06
4.64465e-11 39030.2 2.55298e+06
4.66557e-11 38580.1 2.51395e+06
4.68658e-11 38135.2 2.47537e+06
4.70769e-11 37695.4 2.43723e+06
4.72889e-11 37260.7 2.39954e+06
4.75019e-11 36831 2.36228e+06
4.77158e-11 36406.4 2.32544e+06
4.79307e-11 35986.6 2.28904e+06
4.81466e-11 35571.7 2.25305e+06
4.83634e-11 35161.6 2.21748e+06
4.85812e-11 34756.3 2.18232e+06
4.88e-11 34355.6 2.14756e+06
4.90198e-11 33959.6 2.11321e+06
4.92406e-11 33568 2.07925e+06
4.94623e-11 33180.8 2.04568e+06
4.96851e-11 32798.1 2.0125e+06
4.99089e-11 32419.9 1.9797e+06
5.01336e-11 32046 1.94728e+06
5.03594e-11 31676.5 1.91523e+06
5.05862e-11 31311.2 1.88356e+06
5.08141e-11 30950.2 1.85225e+06
5.10429e-11 30593.3 1.8213e+06
5.12728e-11 30240.6 1.7907e+06
5.15037e-11 29892 1.76046e+06
5.17357e-11 29547.4 1.73057e+06
5.19687e-11 29206.8 1.70102e+06
5.22027e-11 28870.1 1.67182e+06
5.24378e-11 28537.2 1.64295e+06
5.2674e-11 28208.1 1.61441e+06
5.29112e-11 27882.7 1.5862e+06
5.31495e-11 27561.2 1.55832e+06
5.33889e-11 27243.3 1.53076e+06
5.36293e-11 26929.1 1.50351e+06
5.38709e-11 26618.6 1.47658e+06
5.41135e-11 26311.7 1.44997e+06
5.43572e-11 26008.3 1.42365e+06
5.4602e-11 25708.5 1.39765e+06
5.48479e-11 25412.1 1.37194e+06
5.50949e-11 25119.1 1.34653e+06
5.53431e-11 24829.6 1.32141e+06
5.55923e-11 24543.4 1.29658e+06
5.58427e-11 24260.5 1.27203e+06
5.60942e-11 23980.6 1.24777e+06
5.63468e-11 23704 1.22379e+06
5.66006e-11 23430.6 1.20009e+06
5.68555e-11 23160.4 1.17666e+06
5.71116e-11 22893.3 1.1535e+06
5.73688e-11 22629.3 1.1306e+06
5.76272e-11 22368.4 1.10797e+06
5.78867e-11 22110.5 1.08561e+06
5.81474e-11 21855.5 1.0635e+06
5.84093e-11 21603.6 1.04164e+06
5.86723e-11 21354.5 1.02004e+06
5.89366e-11 21108.3 998682
5.9202e-11 20865 977574
5.94686e-11 20624.5 956709
5.97365e-11 20386.8 936084
6.00055e-11 20151.6 915697
6.02758e-11 19919.2 895546
6.05472e-11 19689.4 875627
6.08199e-11 19462.4 855937
6.10938e-11 19237.9 836475
6.1369e-11 19016.1 817237
6.16454e-11 18796.8 798221
6.1923e-11 18580 779424
6.22019e-11 18365.8 760844
6.2482e-11 18154.1 742478
6.27634e-11 17944.8 724324
6.30461e-11 17737.9 706379
6.333e-11 17533.4 688641
6.36152e-11 17331.3 671108
6.39017e-11 17131.6 653777
6.41895e-11 16934.1 636645
6.44786e-11 16738.7 619711
6.4769e-11 16545.7 602972
6.50607e-11 16354.8 586427
6.53537e-11 16166.2 570072
6.56481e-11 15979.8 553906
6.59437e-11 15795.5 537926
6.62407e-11 15613.4 522130
6.65391e-11 15433.3 506517
6.68387e-11 15255.4 491084
6.71398e-11 15079.5 475828
6.74421e-11 14905.7 460749
6.77459e-11 14733.8 445843
6.8051e-11 14564 431109
6.83575e-11 14396.1 416545
6.86653e-11 14230.2 402149
6.89746e-11 14066.1 387919
6.92852e-11 13903.9 373853
6.95973e-11 13743.5 359949
6.99107e-11 13585 346206
7.02256e-11 13428.3 332621
7.05418e-11 13273.5 319192
7.08595e-11 13120.4 305919
7.11787e-11 12969.1 292798
7.14992e-11 12819.5 279829
7.18212e-11 12671.7 267010
7.21447e-11 12525.6 254338
7.24696e-11 12381.2 241812
7.2796e-11 12238.5 229431
7.31239e-11 12097.4 217193
7.34532e-11 11958 205095
7.3784e-11 11820.1 193137
7.41163e-11 11683.9 181317
7.44501e-11 11549.2 169633
7.47854e-11 11416 158084
7.51222e-11 11284.3 146668
7.54605e-11 11154.1 135384
7.58004e-11 11025.5 124230
7.61418e-11 10898.4 113204
7.64847e-11 10772.7 102306
7.68292e-11 10648.4 91533.2
7.71752e-11 10525.7 80884.8
7.75228e-11 10404.3 70359.1
7.78719e-11 10284.3 59954.8
7.82226e-11 10165.8 49670.4
7.85749e-11 10048.6 39504.7
7.89288e-11 9932.75 29456.1
7.92842e-11 9818.25 19523.3
7.96413e-11 9705.08 9705.08
