1e-14 0 9.45805e-26
1.0045e-14 0 9.45805e-26
1.00903e-14 0 9.45805e-26
1.01357e-14 0 9.45805e-26
1.01814e-14 0 9.45805e-26
1.02272e-14 0 9.45805e-26
1.02733e-14 0 9.45805e-26
1.03196e-14 0 9.45805e-26
1.0366e-14 0 9.45805e-26
1.04127e-14 0 9.45805e-26
1.04596e-14 0 9.45805e-26
1.05067e-14 0 9.45805e-26
1.0554e-14 0 9.45805e-26
1.06016e-14 0 9.45805e-26
1.06493e-14 7.64264e-43 9.45805e-26
1.06973e-14 3.58002e-42 9.45805e-26
1.07455e-14 4.49957e-42 9.45805e-26
1.07938e-14 5.8138e-42 9.45805e-26
1.08425e-14 7.69605e-42 9.45805e-26
1.08913e-14 1.11384e-41 9.45805e-26
1.09403e-14 1.69397e-41 9.45805e-26
1.09896e-14 2.18516e-41 9.45805e-26
1.10391e-14 3.27091e-41 9.45805e-26
1.10888e-14 4.11647e-41 9.45805e-26
1.11388e-14 4.73584e-41 9.45805e-26
1.11889e-14 5.82991e-41 9.45805e-26
1.12393e-14 6.75389e-41 9.45805e-26
1.12899e-14 7.69314e-41 9.45805e-26
1.13408e-14 8.64181e-41 9.45805e-26
1.13919e-14 9.79655e-41 9.45805e-26
1.14432e-14 1.04554e-40 9.45805e-26
1.14947e-14 1.14708e-40 9.45805e-26
1.15465e-14 1.224e-40 9.45805e-26
1.15985e-14 1.3228e-40 9.45805e-26
1.16507e-14 1.40874e-40 9.45805e-26
1.17032e-14 1.51594e-40 9.45805e-26
1.17559e-14 1.60396e-40 9.45805e-26
1.18088e-14 1.68984e-40 9.45805e-26
1.1862e-14 1.82965e-40 9.45805e-26
1.19154e-14 1.95199e-40 9.45805e-26
1.19691e-14 2.08152e-40 9.45805e-26
1.2023e-14 2.22491e-40 9.45805e-26
1.20772e-14 2.42641e-40 9.45805e-26
1.21316e-14 2.60418e-40 9.45805e-26
1.21862e-14 2.81273e-40 9.45805e-26
1.22411e-14 3.01114e-40 9.45805e-26
1.22962e-14 3.17278e-40 9.45805e-26
1.23516e-14 3.41306e-40 9.45805e-26
1.24072e-14 3.65429e-40 9.45805e-26
1.24631e-14 3.87369e-40 9.45805e-26
1.25192e-14 4.15659e-40 9.45805e-26
1.25756e-14 4.36026e-40 9.45805e-26
1.26322e-14 4.66292e-40 9.45805e-26
1.26891e-14 4.99542e-40 9.45805e-26
1.27463e-14 5.28503e-40 9.45805e-26
1.28037e-14 5.58173e-40 9.45805e-26
1.28613e-14 5.91217e-40 9.45805e-26
1.29193e-14 6.31002e-40 9.45805e-26
1.29775e-14 6.68255e-40 9.45805e-26
1.30359e-14 7.09683e-40 9.45805e-26
1.30946e-14 7.52084e-40 9.45805e-26
1.31536e-14 8.01501e-40 9.45805e-26
1.32128e-14 8.51554e-40 9.45805e-26
1.32723e-14 9.049e-40 9.45805e-26
1.33321e-14 9.59674e-40 9.45805e-26
1.33922e-14 1.0077e-39 9.45805e-26
1.34525e-14 1.06288e-39 9.45805e-26
1.35131e-14 1.12616e-39 9.45805e-26
1.35739e-14 1.18402e-39 9.45805e-26
1.3635e-14 1.25069e-39 9.45805e-26
1.36965e-14 1.31788e-39 9.45805e-26
1.37581e-14 1.38949e-39 9.45805e-26
1.38201e-14 1.46344e-39 9.45805e-26
1.38823e-14 1.54121e-39 9.45805e-26
1.39449e-14 1.62212e-39 9.45805e-26
1.40077e-14 1.7085e-39 9.45805e-26
1.40708e-14 1.79619e-39 9.45805e-26
1.41341e-14 1.89189e-39 9.45805e-26
1.41978e-14 1.98747e-39 9.45805e-26
1.42617e-14 2.08795e-39 9.45805e-26
1.4326e-14 2.20716e-39 9.45805e-26
1.43905e-14 2.32757e-39 9.45805e-26
1.44553e-14 2.45737e-39 9.45805e-26
1.45204e-14 2.58894e-39 9.45805e-26
1.45858e-14 2.72074e-39 9.45805e-26
1.46515e-14 2.86372e-39 9.45805e-26
1.47175e-14 3.02152e-39 9.45805e-26
1.47837e-14 3.17749e-39 9.45805e-26
1.48503e-14 3.34156e-39 9.45805e-26
1.49172e-14 3.51337e-39 9.45805e-26
1.49844e-14 3.68882e-39 9.45805e-26
1.50519e-14 3.88142e-39 9.45805e-26
1.51197e-14 4.07976e-39 9.45805e-26
1.51878e-14 4.28769e-39 9.45805e-26
1.52562e-14 4.51188e-39 9.45805e-26
1.53249e-14 4.74437e-39 9.45805e-26
1.53939e-14 4.99273e-39 9.45805e-26
1.54632e-14 5.25087e-39 9.45805e-26
1.55329e-14 5.51154e-39 9.45805e-26
1.56028e-14 5.78804e-39 9.45805e-26
1.56731e-14 6.08414e-39 9.45805e-26
1.57437e-14 6.41179e-39 9.45805e-26
1.58146e-14 6.73382e-39 9.45805e-26
1.58858e-14 7.0827e-39 9.45805e-26
1.59573e-14 7.44562e-39 9.45805e-26
1.60292e-14 7.82327e-39 9.45805e-26
1.61014e-14 8.22359e-39 9.45805e-26
1.61739e-14 8.64758e-39 9.45805e-26
1.62468e-14 9.08155e-39 9.45805e-26
1.63199e-14 9.54319e-39 9.45805e-26
1.63934e-14 1.00244e-38 9.45805e-26
1.64673e-14 1.05391e-38 9.45805e-26
1.65414e-14 1.10708e-38 9.45805e-26
1.66159e-14 1.16192e-38 9.45805e-26
1.66908e-14 1.22034e-38 9.45805e-26
1.67659e-14 1.28133e-38 9.45805e-26
1.68414e-14 1.34538e-38 9.45805e-26
1.69173e-14 1.41138e-38 9.45805e-26
1.69935e-14 1.48089e-38 9.45805e-26
1.707e-14 1.55421e-38 9.45805e-26
1.71469e-14 1.63093e-38 9.45805e-26
1.72241e-14 1.71033e-38 9.45805e-26
1.73017e-14 1.79509e-38 9.45805e-26
1.73796e-14 1.88267e-38 9.45805e-26
1.74579e-14 1.97497e-38 9.45805e-26
1.75365e-14 2.07089e-38 9.45805e-26
1.76155e-14 2.17255e-38 9.45805e-26
1.76948e-14 2.27661e-38 9.45805e-26
1.77745e-14 2.38667e-38 9.45805e-26
1.78546e-14 2.50313e-38 9.45805e-26
1.7935e-14 2.62533e-38 9.45805e-26
1.80158e-14 2.75101e-38 9.45805e-26
1.80969e-14 2.88441e-38 9.45805e-26
1.81784e-14 3.02339e-38 9.45805e-26
1.82603e-14 3.1687e-38 9.45805e-26
1.83425e-14 3.32247e-38 9.45805e-26
1.84251e-14 3.48175e-38 9.45805e-26
1.85081e-14 3.64854e-38 9.45805e-26
1.85914e-14 3.82409e-38 9.45805e-26
1.86752e-14 4.00808e-38 9.45805e-26
1.87593e-14 4.19974e-38 9.45805e-26
1.88438e-14 4.40026e-38 9.45805e-26
1.89286e-14 4.61055e-38 9.45805e-26
1.90139e-14 4.83186e-38 9.45805e-26
1.90995e-14 5.06135e-38 9.45805e-26
1.91855e-14 5.30204e-38 9.45805e-26
1.92719e-14 5.55518e-38 9.45805e-26
1.93587e-14 5.81859e-38 9.45805e-26
1.94459e-14 6.09405e-38 9.45805e-26
1.95335e-14 6.38328e-38 9.45805e-26
1.96215e-14 6.685e-38 9.45805e-26
1.97098e-14 6.99989e-38 9.45805e-26
1.97986e-14 7.33094e-38 9.45805e-26
1.98878e-14 7.67504e-38 9.45805e-26
1.99774e-14 8.03727e-38 9.45805e-26
2.00673e-14 8.41276e-38 9.45805e-26
2.01577e-14 8.80813e-38 9.45805e-26
2.02485e-14 9.22068e-38 9.45805e-26
2.03397e-14 9.65202e-38 9.45805e-26
2.04313e-14 1.0104e-37 9.45805e-26
2.05233e-14 1.05766e-37 9.45805e-26
2.06157e-14 1.10707e-37 9.45805e-26
2.07086e-14 1.15852e-37 9.45805e-26
2.08018e-14 1.21253e-37 9.45805e-26
2.08955e-14 1.26888e-37 9.45805e-26
2.09896e-14 1.32791e-37 9.45805e-26
2.10842e-14 1.38933e-37 9.45805e-26
2.11791e-14 1.45377e-37 9.45805e-26
2.12745e-14 1.52105e-37 9.45805e-26
2.13703e-14 1.59128e-37 9.45805e-26
2.14666e-14 1.66475e-37 9.45805e-26
2.15632e-14 1.74158e-37 9.45805e-26
2.16604e-14 1.82186e-37 9.45805e-26
2.17579e-14 1.90548e-37 9.45805e-26
2.18559e-14 1.99321e-37 9.45805e-26
2.19543e-14 2.08461e-37 9.45805e-26
2.20532e-14 2.18021e-37 9.45805e-26
2.21525e-14 2.28016e-37 9.45805e-26
2.22523e-14 2.38432e-37 9.45805e-26
2.23525e-14 2.49332e-37 9.45805e-26
2.24532e-14 2.60707e-37 9.45805e-26
2.25543e-14 2.72594e-37 9.45805e-26
2.26559e-14 2.85005e-37 9.45805e-26
2.27579e-14 2.9796e-37 9.45805e-26
2.28604e-14 3.11492e-37 9.45805e-26
2.29634e-14 3.25634e-37 9.45805e-26
2.30668e-14 3.40399e-37 9.45805e-26
2.31707e-14 3.55794e-37 9.45805e-26
2.3275e-14 3.71889e-37 9.45805e-26
2.33799e-14 3.88679e-37 9.45805e-26
2.34852e-14 4.06206e-37 9.45805e-26
2.35909e-14 4.24517e-37 9.45805e-26
2.36972e-14 4.43606e-37 9.45805e-26
2.38039e-14 4.63541e-37 9.45805e-26
2.39111e-14 4.84342e-37 9.45805e-26
2.40188e-14 5.06061e-37 9.45805e-26
2.4127e-14 5.28721e-37 9.45805e-26
2.42356e-14 5.52378e-37 9.45805e-26
2.43448e-14 5.77069e-37 9.45805e-26
2.44544e-14 6.02817e-37 9.45805e-26
2.45646e-14 6.29685e-37 9.45805e-26
2.46752e-14 6.57735e-37 9.45805e-26
2.47863e-14 6.86977e-37 9.45805e-26
2.4898e-14 7.17489e-37 9.45805e-26
2.50101e-14 7.49323e-37 9.45805e-26
2.51227e-14 7.8253e-37 9.45805e-26
2.52359e-14 8.17171e-37 9.45805e-26
2.53495e-14 8.53289e-37 9.45805e-26
2.54637e-14 8.90974e-37 9.45805e-26
2.55784e-14 9.30261e-37 9.45805e-26
2.56936e-14 9.71227e-37 9.45805e-26
2.58093e-14 1.01395e-36 9.45805e-26
2.59255e-14 1.05851e-36 9.45805e-26
2.60423e-14 1.10496e-36 9.45805e-26
2.61596e-14 1.1534e-36 9.45805e-26
2.62774e-14 1.20389e-36 9.45805e-26
2.63957e-14 1.25656e-36 9.45805e-26
2.65146e-14 1.31143e-36 9.45805e-26
2.6634e-14 1.36866e-36 9.45805e-26
2.6754e-14 1.4283e-36 9.45805e-26
2.68745e-14 1.49046e-36 9.45805e-26
2.69955e-14 1.55524e-36 9.45805e-26
2.71171e-14 1.62278e-36 9.45805e-26
2.72392e-14 1.69315e-36 9.45805e-26
2.73619e-14 1.76647e-36 9.45805e-26
2.74851e-14 1.8429e-36 9.45805e-26
2.76089e-14 1.92253e-36 9.45805e-26
2.77332e-14 2.0055e-36 9.45805e-26
2.78581e-14 2.09194e-36 9.45805e-26
2.79836e-14 2.18199e-36 9.45805e-26
2.81096e-14 2.27582e-36 9.45805e-26
2.82362e-14 2.37355e-36 9.45805e-26
2.83634e-14 2.47537e-36 9.45805e-26
2.84912e-14 2.58141e-36 9.45805e-26
2.86195e-14 2.69187e-36 9.45805e-26
2.87484e-14 2.8069e-36 9.45805e-26
2.88778e-14 2.92671e-36 9.45805e-26
2.90079e-14 3.05149e-36 9.45805e-26
2.91385e-14 3.18141e-36 9.45805e-26
2.92698e-14 3.3167e-36 9.45805e-26
2.94016e-14 3.45759e-36 9.45805e-26
2.9534e-14 3.60427e-36 9.45805e-26
2.9667e-14 3.757e-36 9.45805e-26
2.98006e-14 3.91599e-36 9.45805e-26
2.99348e-14 4.0815e-36 9.45805e-26
3.00697e-14 4.25379e-36 9.45805e-26
3.02051e-14 4.43314e-36 9.45805e-26
3.03411e-14 4.61983e-36 9.45805e-26
3.04778e-14 4.81412e-36 9.45805e-26
3.0615e-14 5.01634e-36 9.45805e-26
3.07529e-14 5.2268e-36 9.45805e-26
3.08914e-14 5.44581e-36 9.45805e-26
3.10305e-14 5.67371e-36 9.45805e-26
3.11703e-14 5.91085e-36 9.45805e-26
3.13107e-14 6.15759e-36 9.45805e-26
3.14517e-14 6.41432e-36 9.45805e-26
3.15933e-14 6.68142e-36 9.45805e-26
3.17356e-14 6.9593e-36 9.45805e-26
3.18786e-14 7.24836e-36 9.45805e-26
3.20221e-14 7.54905e-36 9.45805e-26
3.21663e-14 7.86184e-36 9.45805e-26
3.23112e-14 8.18715e-36 9.45805e-26
3.24567e-14 8.52552e-36 9.45805e-26
3.26029e-14 8.87741e-36 9.45805e-26
3.27497e-14 9.24337e-36 9.45805e-26
3.28972e-14 9.62395e-36 9.45805e-26
3.30454e-14 1.00197e-35 9.45805e-26
3.31942e-14 1.04312e-35 9.45805e-26
3.33437e-14 1.0859e-35 9.45805e-26
3.34939e-14 1.13038e-35 9.45805e-26
3.36447e-14 1.17663e-35 9.45805e-26
3.37963e-14 1.22471e-35 9.45805e-26
3.39485e-14 1.27469e-35 9.45805e-26
3.41014e-14 1.32664e-35 9.45805e-26
3.42549e-14 1.38064e-35 9.45805e-26
3.44092e-14 1.43676e-35 9.45805e-26
3.45642e-14 1.49509e-35 9.45805e-26
3.47199e-14 1.55572e-35 9.45805e-26
3.48762e-14 1.61872e-35 9.45805e-26
3.50333e-14 1.68419e-35 9.45805e-26
3.51911e-14 1.75221e-35 9.45805e-26
3.53496e-14 1.8229e-35 9.45805e-26
3.55088e-14 1.89634e-35 9.45805e-26
3.56687e-14 1.97264e-35 9.45805e-26
3.58293e-14 2.05191e-35 9.45805e-26
3.59907e-14 2.13426e-35 9.45805e-26
3.61528e-14 2.21981e-35 9.45805e-26
3.63156e-14 2.30866e-35 9.45805e-26
3.64792e-14 2.40096e-35 9.45805e-26
3.66435e-14 2.49682e-35 9.45805e-26
3.68085e-14 2.59637e-35 9.45805e-26
3.69743e-14 2.69976e-35 9.45805e-26
3.71408e-14 2.80713e-35 9.45805e-26
3.73081e-14 2.91863e-35 9.45805e-26
3.74761e-14 3.0344e-35 9.45805e-26
3.76449e-14 3.15461e-35 9.45805e-26
3.78144e-14 3.27941e-35 9.45805e-26
3.79847e-14 3.40898e-35 9.45805e-26
3.81558e-14 3.5435e-35 9.45805e-26
3.83276e-14 3.68314e-35 9.45805e-26
3.85002e-14 3.82809e-35 9.45805e-26
3.86736e-14 3.97855e-35 9.45805e-26
3.88478e-14 4.13472e-35 9.45805e-26
3.90228e-14 4.2968e-35 9.45805e-26
3.91985e-14 4.46501e-35 9.45805e-26
3.93751e-14 4.63958e-35 9.45805e-26
3.95524e-14 4.82073e-35 9.45805e-26
3.97305e-14 5.00871e-35 9.45805e-26
3.99095e-14 5.20376e-35 9.45805e-26
4.00892e-14 5.40613e-35 9.45805e-26
4.02698e-14 5.6161e-35 9.45805e-26
4.04511e-14 5.83392e-35 9.45805e-26
4.06333e-14 6.0599e-35 9.45805e-26
4.08163e-14 6.29432e-35 9.45805e-26
4.10001e-14 6.53748e-35 9.45805e-26
4.11848e-14 6.78969e-35 9.45805e-26
4.13703e-14 7.05129e-35 9.45805e-26
4.15566e-14 7.3226e-35 9.45805e-26
4.17437e-14 7.60397e-35 9.45805e-26
4.19317e-14 7.89576e-35 9.45805e-26
4.21206e-14 8.19834e-35 9.45805e-26
4.23103e-14 8.51209e-35 9.45805e-26
4.25008e-14 8.83741e-35 9.45805e-26
4.26922e-14 9.17471e-35 9.45805e-26
4.28845e-14 9.52441e-35 9.45805e-26
4.30777e-14 9.88694e-35 9.45805e-26
4.32717e-14 1.02628e-34 9.45805e-26
4.34666e-14 1.06523e-34 9.45805e-26
4.36623e-14 1.10562e-34 9.45805e-26
4.3859e-14 1.14747e-34 9.45805e-26
4.40565e-14 1.19085e-34 9.45805e-26
4.42549e-14 1.23581e-34 9.45805e-26
4.44542e-14 1.28241e-34 9.45805e-26
4.46544e-14 1.33069e-34 9.45805e-26
4.48555e-14 1.38073e-34 9.45805e-26
4.50575e-14 1.43257e-34 9.45805e-26
4.52605e-14 1.48629e-34 9.45805e-26
4.54643e-14 1.54194e-34 9.45805e-26
4.56691e-14 1.5996e-34 9.45805e-26
4.58748e-14 1.65934e-34 9.45805e-26
4.60814e-14 1.72122e-34 9.45805e-26
4.62889e-14 1.78531e-34 9.45805e-26
4.64974e-14 1.85171e-34 9.45805e-26
4.67068e-14 1.92047e-34 9.45805e-26
4.69171e-14 1.99169e-34 9.45805e-26
4.71284e-14 2.06545e-34 9.45805e-26
4.73407e-14 2.14184e-34 9.45805e-26
4.75539e-14 2.22094e-34 9.45805e-26
4.77681e-14 2.30285e-34 9.45805e-26
4.79832e-14 2.38766e-34 9.45805e-26
4.81993e-14 2.47547e-34 9.45805e-26
4.84164e-14 2.56638e-34 9.45805e-26
4.86344e-14 2.6605e-34 9.45805e-26
4.88535e-14 2.75794e-34 9.45805e-26
4.90735e-14 2.8588e-34 9.45805e-26
4.92945e-14 2.9632e-34 9.45805e-26
4.95165e-14 3.07127e-34 9.45805e-26
4.97395e-14 3.18312e-34 9.45805e-26
4.99635e-14 3.29887e-34 9.45805e-26
5.01886e-14 3.41867e-34 9.45805e-26
5.04146e-14 3.54265e-34 9.45805e-26
5.06416e-14 3.67093e-34 9.45805e-26
5.08697e-14 3.80368e-34 9.45805e-26
5.10988e-14 3.94103e-34 9.45805e-26
5.13289e-14 4.08314e-34 9.45805e-26
5.15601e-14 4.23016e-34 9.45805e-26
5.17923e-14 4.38226e-34 9.45805e-26
5.20256e-14 4.5396e-34 9.45805e-26
5.22599e-14 4.70236e-34 9.45805e-26
5.24953e-14 4.87072e-34 9.45805e-26
5.27317e-14 5.04485e-34 9.45805e-26
5.29692e-14 5.22495e-34 9.45805e-26
5.32077e-14 5.41121e-34 9.45805e-26
5.34474e-14 5.60384e-34 9.45805e-26
5.36881e-14 5.80304e-34 9.45805e-26
5.39299e-14 6.00902e-34 9.45805e-26
5.41728e-14 6.222e-34 9.45805e-26
5.44167e-14 6.44221e-34 9.45805e-26
5.46618e-14 6.66989e-34 9.45805e-26
5.4908e-14 6.90528e-34 9.45805e-26
5.51553e-14 7.14861e-34 9.45805e-26
5.54037e-14 7.40016e-34 9.45805e-26
5.56532e-14 7.66018e-34 9.45805e-26
5.59039e-14 7.92895e-34 9.45805e-26
5.61556e-14 8.20674e-34 9.45805e-26
5.64085e-14 8.49384e-34 9.45805e-26
5.66626e-14 8.79056e-34 9.45805e-26
5.69178e-14 9.09718e-34 9.45805e-26
5.71741e-14 9.41405e-34 9.45805e-26
5.74316e-14 9.74146e-34 9.45805e-26
5.76903e-14 1.00798e-33 9.45805e-26
5.79501e-14 1.04293e-33 9.45805e-26
5.82111e-14 1.07904e-33 9.45805e-26
5.84732e-14 1.11635e-33 9.45805e-26
5.87366e-14 1.15489e-33 9.45805e-26
5.90011e-14 1.19471e-33 9.45805e-26
5.92668e-14 1.23583e-33 9.45805e-26
5.95338e-14 1.27831e-33 9.45805e-26
5.98019e-14 1.32218e-33 9.45805e-26
6.00712e-14 1.36749e-33 9.45805e-26
6.03418e-14 1.41429e-33 9.45805e-26
6.06135e-14 1.46261e-33 9.45805e-26
6.08865e-14 1.51251e-33 9.45805e-26
6.11607e-14 1.56403e-33 9.45805e-26
6.14362e-14 1.61723e-33 9.45805e-26
6.17129e-14 1.67216e-33 9.45805e-26
6.19908e-14 1.72887e-33 9.45805e-26
6.227e-14 1.78741e-33 9.45805e-26
6.25504e-14 1.84784e-33 9.45805e-26
6.28321e-14 1.91023e-33 9.45805e-26
6.31151e-14 1.97462e-33 9.45805e-26
6.33994e-14 2.04108e-33 9.45805e-26
6.36849e-14 2.10968e-33 9.45805e-26
6.39717e-14 2.18047e-33 9.45805e-26
6.42598e-14 2.25353e-33 9.45805e-26
6.45492e-14 2.32892e-33 9.45805e-26
6.484e-14 2.40672e-33 9.45805e-26
6.5132e-14 2.48699e-33 9.45804e-26
6.54253e-14 2.56982e-33 9.45804e-26
6.572e-14 2.65527e-33 9.45804e-26
6.6016e-14 2.74343e-33 9.45804e-26
6.63133e-14 2.83437e-33 9.45804e-26
6.66119e-14 2.92819e-33 9.45804e-26
6.69119e-14 3.02496e-33 9.45804e-26
6.72133e-14 3.12478e-33 9.45804e-26
6.7516e-14 3.22773e-33 9.45804e-26
6.78201e-14 3.33391e-33 9.45804e-26
6.81255e-14 3.44342e-33 9.45804e-26
6.84323e-14 3.55634e-33 9.45804e-26
6.87405e-14 3.67279e-33 9.45804e-26
6.90501e-14 3.79287e-33 9.45804e-26
6.93611e-14 3.91668e-33 9.45804e-26
6.96735e-14 4.04434e-33 9.45804e-26
6.99873e-14 4.17595e-33 9.45804e-26
7.03025e-14 4.31163e-33 9.45804e-26
7.06191e-14 4.4515e-33 9.45804e-26
7.09371e-14 4.59568e-33 9.45804e-26
7.12566e-14 4.7443e-33 9.45804e-26
7.15775e-14 4.89748e-33 9.45804e-26
7.18999e-14 5.05537e-33 9.45804e-26
7.22237e-14 5.21809e-33 9.45804e-26
7.2549e-14 5.38578e-33 9.45804e-26
7.28757e-14 5.55859e-33 9.45804e-26
7.32039e-14 5.73666e-33 9.45803e-26
7.35336e-14 5.92014e-33 9.45803e-26
7.38648e-14 6.1092e-33 9.45803e-26
7.41975e-14 6.30398e-33 9.45803e-26
7.45316e-14 6.50466e-33 9.45803e-26
7.48673e-14 6.71139e-33 9.45803e-26
7.52045e-14 6.92436e-33 9.45803e-26
7.55432e-14 7.14373e-33 9.45803e-26
7.58834e-14 7.3697e-33 9.45803e-26
7.62252e-14 7.60244e-33 9.45803e-26
7.65685e-14 7.84214e-33 9.45803e-26
7.69133e-14 8.08901e-33 9.45803e-26
7.72597e-14 8.34324e-33 9.45803e-26
7.76076e-14 8.60504e-33 9.45803e-26
7.79572e-14 8.87462e-33 9.45802e-26
7.83083e-14 9.1522e-33 9.45802e-26
7.86609e-14 9.438e-33 9.45802e-26
7.90152e-14 9.73225e-33 9.45802e-26
7.93711e-14 1.00352e-32 9.45802e-26
7.97285e-14 1.0347e-32 9.45802e-26
8.00876e-14 1.06681e-32 9.45802e-26
8.04483e-14 1.09985e-32 9.45802e-26
8.08106e-14 1.13386e-32 9.45802e-26
8.11746e-14 1.16887e-32 9.45802e-26
8.15402e-14 1.2049e-32 9.45801e-26
8.19074e-14 1.24198e-32 9.45801e-26
8.22763e-14 1.28014e-32 9.45801e-26
8.26468e-14 1.3194e-32 9.45801e-26
8.3019e-14 1.35981e-32 9.45801e-26
8.33929e-14 1.40138e-32 9.45801e-26
8.37685e-14 1.44415e-32 9.45801e-26
8.41458e-14 1.48816e-32 9.45801e-26
8.45247e-14 1.53343e-32 9.458e-26
8.49054e-14 1.58e-32 9.458e-26
8.52878e-14 1.62791e-32 9.458e-26
8.56719e-14 1.67719e-32 9.458e-26
8.60578e-14 1.72788e-32 9.458e-26
8.64453e-14 1.78001e-32 9.458e-26
8.68347e-14 1.83362e-32 9.45799e-26
8.72257e-14 1.88876e-32 9.45799e-26
8.76186e-14 1.94546e-32 9.45799e-26
8.80132e-14 2.00376e-32 9.45799e-26
8.84096e-14 2.06371e-32 9.45799e-26
8.88077e-14 2.12535e-32 9.45798e-26
8.92077e-14 2.18873e-32 9.45798e-26
8.96095e-14 2.25389e-32 9.45798e-26
9.00131e-14 2.32087e-32 9.45798e-26
9.04184e-14 2.38972e-32 9.45798e-26
9.08257e-14 2.4605e-32 9.45797e-26
9.12347e-14 2.53326e-32 9.45797e-26
9.16456e-14 2.60803e-32 9.45797e-26
9.20584e-14 2.68489e-32 9.45797e-26
9.2473e-14 2.76387e-32 9.45796e-26
9.28894e-14 2.84504e-32 9.45796e-26
9.33078e-14 2.92845e-32 9.45796e-26
9.3728e-14 3.01416e-32 9.45795e-26
9.41501e-14 3.10223e-32 9.45795e-26
9.45742e-14 3.19271e-32 9.45795e-26
9.50001e-14 3.28568e-32 9.45794e-26
9.54279e-14 3.38118e-32 9.45794e-26
9.58577e-14 3.4793e-32 9.45794e-26
9.62894e-14 3.58009e-32 9.45793e-26
9.67231e-14 3.68361e-32 9.45793e-26
9.71587e-14 3.78995e-32 9.45793e-26
9.75963e-14 3.89917e-32 9.45792e-26
9.80358e-14 4.01134e-32 9.45792e-26
9.84774e-14 4.12654e-32 9.45792e-26
9.89209e-14 4.24483e-32 9.45791e-26
9.93664e-14 4.36631e-32 9.45791e-26
9.98139e-14 4.49105e-32 9.4579e-26
1.00263e-13 4.61913e-32 9.4579e-26
1.00715e-13 4.75062e-32 9.45789e-26
1.01169e-13 4.88563e-32 9.45789e-26
1.01624e-13 5.02423e-32 9.45788e-26
1.02082e-13 5.1665e-32 9.45788e-26
1.02542e-13 5.31255e-32 9.45787e-26
1.03003e-13 5.46247e-32 9.45787e-26
1.03467e-13 5.61634e-32 9.45786e-26
1.03933e-13 5.77427e-32 9.45786e-26
1.04401e-13 5.93635e-32 9.45785e-26
1.04872e-13 6.10268e-32 9.45785e-26
1.05344e-13 6.27337e-32 9.45784e-26
1.05818e-13 6.44852e-32 9.45783e-26
1.06295e-13 6.62824e-32 9.45783e-26
1.06774e-13 6.81264e-32 9.45782e-26
1.07255e-13 7.00184e-32 9.45781e-26
1.07738e-13 7.19593e-32 9.45781e-26
1.08223e-13 7.39505e-32 9.4578e-26
1.0871e-13 7.59931e-32 9.45779e-26
1.092e-13 7.80884e-32 9.45778e-26
1.09692e-13 8.02376e-32 9.45778e-26
1.10186e-13 8.24419e-32 9.45777e-26
1.10682e-13 8.47026e-32 9.45776e-26
1.1118e-13 8.70212e-32 9.45775e-26
1.11681e-13 8.93989e-32 9.45774e-26
1.12184e-13 9.18371e-32 9.45773e-26
1.12689e-13 9.43373e-32 9.45773e-26
1.13197e-13 9.69009e-32 9.45772e-26
1.13707e-13 9.95293e-32 9.45771e-26
1.14219e-13 1.02224e-31 9.4577e-26
1.14733e-13 1.04987e-31 9.45769e-26
1.1525e-13 1.07819e-31 9.45768e-26
1.15769e-13 1.10722e-31 9.45766e-26
1.1629e-13 1.13698e-31 9.45765e-26
1.16814e-13 1.16748e-31 9.45764e-26
1.1734e-13 1.19874e-31 9.45763e-26
1.17869e-13 1.23078e-31 9.45762e-26
1.18399e-13 1.26362e-31 9.45761e-26
1.18933e-13 1.29727e-31 9.45759e-26
1.19468e-13 1.33175e-31 9.45758e-26
1.20006e-13 1.36708e-31 9.45757e-26
1.20547e-13 1.40328e-31 9.45755e-26
1.2109e-13 1.44037e-31 9.45754e-26
1.21635e-13 1.47837e-31 9.45753e-26
1.22183e-13 1.5173e-31 9.45751e-26
1.22733e-13 1.55718e-31 9.4575e-26
1.23286e-13 1.59803e-31 9.45748e-26
1.23841e-13 1.63987e-31 9.45746e-26
1.24399e-13 1.68273e-31 9.45745e-26
1.24959e-13 1.72662e-31 9.45743e-26
1.25522e-13 1.77158e-31 9.45741e-26
1.26087e-13 1.81761e-31 9.4574e-26
1.26655e-13 1.86476e-31 9.45738e-26
1.27226e-13 1.91303e-31 9.45736e-26
1.27799e-13 1.96246e-31 9.45734e-26
1.28374e-13 2.01307e-31 9.45732e-26
1.28952e-13 2.06488e-31 9.4573e-26
1.29533e-13 2.11793e-31 9.45728e-26
1.30116e-13 2.17224e-31 9.45726e-26
1.30702e-13 2.22783e-31 9.45724e-26
1.31291e-13 2.28473e-31 9.45721e-26
1.31882e-13 2.34298e-31 9.45719e-26
1.32476e-13 2.40259e-31 9.45717e-26
1.33073e-13 2.46361e-31 9.45714e-26
1.33672e-13 2.52605e-31 9.45712e-26
1.34274e-13 2.58995e-31 9.45709e-26
1.34879e-13 2.65533e-31 9.45707e-26
1.35487e-13 2.72224e-31 9.45704e-26
1.36097e-13 2.7907e-31 9.45701e-26
1.3671e-13 2.86075e-31 9.45699e-26
1.37325e-13 2.93241e-31 9.45696e-26
1.37944e-13 3.00572e-31 9.45693e-26
1.38565e-13 3.08072e-31 9.4569e-26
1.39189e-13 3.15744e-31 9.45687e-26
1.39816e-13 3.23592e-31 9.45684e-26
1.40446e-13 3.31618e-31 9.4568e-26
1.41078e-13 3.39828e-31 9.45677e-26
1.41714e-13 3.48224e-31 9.45674e-26
1.42352e-13 3.5681e-31 9.4567e-26
1.42993e-13 3.6559e-31 9.45667e-26
1.43637e-13 3.74569e-31 9.45663e-26
1.44284e-13 3.8375e-31 9.45659e-26
1.44934e-13 3.93137e-31 9.45655e-26
1.45586e-13 4.02734e-31 9.45651e-26
1.46242e-13 4.12546e-31 9.45647e-26
1.46901e-13 4.22576e-31 9.45643e-26
1.47562e-13 4.3283e-31 9.45639e-26
1.48227e-13 4.43312e-31 9.45635e-26
1.48894e-13 4.54025e-31 9.4563e-26
1.49565e-13 4.64976e-31 9.45626e-26
1.50239e-13 4.76167e-31 9.45621e-26
1.50915e-13 4.87605e-31 9.45616e-26
1.51595e-13 4.99294e-31 9.45611e-26
1.52278e-13 5.11238e-31 9.45606e-26
1.52963e-13 5.23443e-31 9.45601e-26
1.53652e-13 5.35914e-31 9.45596e-26
1.54344e-13 5.48656e-31 9.45591e-26
1.5504e-13 5.61674e-31 9.45585e-26
1.55738e-13 5.74973e-31 9.4558e-26
1.56439e-13 5.88559e-31 9.45574e-26
1.57144e-13 6.02438e-31 9.45568e-26
1.57851e-13 6.16614e-31 9.45562e-26
1.58562e-13 6.31094e-31 9.45556e-26
1.59277e-13 6.45883e-31 9.45549e-26
1.59994e-13 6.60988e-31 9.45543e-26
1.60714e-13 6.76413e-31 9.45536e-26
1.61438e-13 6.92165e-31 9.4553e-26
1.62165e-13 7.0825e-31 9.45523e-26
1.62896e-13 7.24675e-31 9.45516e-26
1.63629e-13 7.41445e-31 9.45508e-26
1.64366e-13 7.58567e-31 9.45501e-26
1.65106e-13 7.76048e-31 9.45493e-26
1.6585e-13 7.93894e-31 9.45486e-26
1.66597e-13 8.12111e-31 9.45478e-26
1.67347e-13 8.30707e-31 9.4547e-26
1.68101e-13 8.49688e-31 9.45461e-26
1.68858e-13 8.69062e-31 9.45453e-26
1.69619e-13 8.88835e-31 9.45444e-26
1.70382e-13 9.09015e-31 9.45435e-26
1.7115e-13 9.29609e-31 9.45426e-26
1.71921e-13 9.50624e-31 9.45417e-26
1.72695e-13 9.72068e-31 9.45407e-26
1.73473e-13 9.93949e-31 9.45398e-26
1.74254e-13 1.01627e-30 9.45388e-26
1.75039e-13 1.03905e-30 9.45377e-26
1.75827e-13 1.06229e-30 9.45367e-26
1.76619e-13 1.08599e-30 9.45356e-26
1.77414e-13 1.11018e-30 9.45346e-26
1.78213e-13 1.13484e-30 9.45335e-26
1.79016e-13 1.16e-30 9.45323e-26
1.79822e-13 1.18566e-30 9.45312e-26
1.80632e-13 1.21183e-30 9.453e-26
1.81446e-13 1.23852e-30 9.45288e-26
1.82263e-13 1.26574e-30 9.45275e-26
1.83084e-13 1.2935e-30 9.45263e-26
1.83908e-13 1.3218e-30 9.4525e-26
1.84736e-13 1.35065e-30 9.45236e-26
1.85568e-13 1.38007e-30 9.45223e-26
1.86404e-13 1.41007e-30 9.45209e-26
1.87244e-13 1.44065e-30 9.45195e-26
1.88087e-13 1.47182e-30 9.45181e-26
1.88934e-13 1.50359e-30 9.45166e-26
1.89785e-13 1.53598e-30 9.45151e-26
1.9064e-13 1.56899e-30 9.45135e-26
1.91498e-13 1.60264e-30 9.4512e-26
1.92361e-13 1.63693e-30 9.45104e-26
1.93227e-13 1.67187e-30 9.45087e-26
1.94097e-13 1.70748e-30 9.45071e-26
1.94972e-13 1.74377e-30 9.45054e-26
1.9585e-13 1.78074e-30 9.45036e-26
1.96732e-13 1.81841e-30 9.45018e-26
1.97618e-13 1.85679e-30 9.45e-26
1.98508e-13 1.89589e-30 9.44982e-26
1.99402e-13 1.93573e-30 9.44963e-26
2.003e-13 1.9763e-30 9.44943e-26
2.01202e-13 2.01764e-30 9.44924e-26
2.02108e-13 2.05974e-30 9.44903e-26
2.03018e-13 2.10262e-30 9.44883e-26
2.03933e-13 2.14629e-30 9.44862e-26
2.04851e-13 2.19076e-30 9.4484e-26
2.05774e-13 2.23605e-30 9.44818e-26
2.067e-13 2.28217e-30 9.44796e-26
2.07631e-13 2.32913e-30 9.44773e-26
2.08566e-13 2.37694e-30 9.4475e-26
2.09506e-13 2.42563e-30 9.44726e-26
2.10449e-13 2.47519e-30 9.44702e-26
2.11397e-13 2.52565e-30 9.44677e-26
2.12349e-13 2.57701e-30 9.44652e-26
2.13306e-13 2.6293e-30 9.44626e-26
2.14266e-13 2.68252e-30 9.446e-26
2.15231e-13 2.73668e-30 9.44573e-26
2.16201e-13 2.79181e-30 9.44546e-26
2.17174e-13 2.84792e-30 9.44518e-26
2.18152e-13 2.90502e-30 9.44489e-26
2.19135e-13 2.96313e-30 9.4446e-26
2.20122e-13 3.02225e-30 9.4443e-26
2.21113e-13 3.08241e-30 9.444e-26
2.22109e-13 3.14362e-30 9.44369e-26
2.23109e-13 3.2059e-30 9.44338e-26
2.24114e-13 3.26925e-30 9.44306e-26
2.25123e-13 3.3337e-30 9.44273e-26
2.26137e-13 3.39927e-30 9.4424e-26
2.27156e-13 3.46595e-30 9.44206e-26
2.28179e-13 3.53379e-30 9.44171e-26
2.29206e-13 3.60278e-30 9.44136e-26
2.30239e-13 3.67294e-30 9.441e-26
2.31276e-13 3.7443e-30 9.44063e-26
2.32317e-13 3.81686e-30 9.44026e-26
2.33364e-13 3.89065e-30 9.43988e-26
2.34415e-13 3.96568e-30 9.43949e-26
2.3547e-13 4.04197e-30 9.43909e-26
2.36531e-13 4.11953e-30 9.43869e-26
2.37596e-13 4.19838e-30 9.43827e-26
2.38666e-13 4.27855e-30 9.43785e-26
2.39741e-13 4.36004e-30 9.43743e-26
2.40821e-13 4.44287e-30 9.43699e-26
2.41905e-13 4.52707e-30 9.43655e-26
2.42995e-13 4.61265e-30 9.43609e-26
2.44089e-13 4.69962e-30 9.43563e-26
2.45188e-13 4.78801e-30 9.43516e-26
2.46293e-13 4.87784e-30 9.43468e-26
2.47402e-13 4.96912e-30 9.4342e-26
2.48516e-13 5.06187e-30 9.4337e-26
2.49635e-13 5.15611e-30 9.43319e-26
2.5076e-13 5.25186e-30 9.43268e-26
2.51889e-13 5.34914e-30 9.43215e-26
2.53023e-13 5.44797e-30 9.43162e-26
2.54163e-13 5.54837e-30 9.43107e-26
2.55308e-13 5.65035e-30 9.43052e-26
2.56458e-13 5.75394e-30 9.42995e-26
2.57613e-13 5.85916e-30 9.42938e-26
2.58773e-13 5.96602e-30 9.42879e-26
2.59938e-13 6.07455e-30 9.42819e-26
2.61109e-13 6.18477e-30 9.42759e-26
2.62285e-13 6.29669e-30 9.42697e-26
2.63466e-13 6.41034e-30 9.42634e-26
2.64653e-13 6.52573e-30 9.4257e-26
2.65845e-13 6.6429e-30 9.42504e-26
2.67042e-13 6.76185e-30 9.42438e-26
2.68245e-13 6.88262e-30 9.4237e-26
2.69453e-13 7.00522e-30 9.42302e-26
2.70666e-13 7.12967e-30 9.42232e-26
2.71885e-13 7.25599e-30 9.4216e-26
2.7311e-13 7.38421e-30 9.42088e-26
2.7434e-13 7.51434e-30 9.42014e-26
2.75575e-13 7.64642e-30 9.41939e-26
2.76816e-13 7.78046e-30 9.41862e-26
2.78063e-13 7.91647e-30 9.41784e-26
2.79315e-13 8.0545e-30 9.41705e-26
2.80573e-13 8.19455e-30 9.41625e-26
2.81837e-13 8.33664e-30 9.41543e-26
2.83106e-13 8.48081e-30 9.41459e-26
2.84381e-13 8.62708e-30 9.41375e-26
2.85662e-13 8.77546e-30 9.41288e-26
2.86949e-13 8.92597e-30 9.41201e-26
2.88241e-13 9.07865e-30 9.41111e-26
2.89539e-13 9.23352e-30 9.41021e-26
2.90843e-13 9.39059e-30 9.40928e-26
2.92153e-13 9.54989e-30 9.40834e-26
2.93469e-13 9.71145e-30 9.40739e-26
2.9479e-13 9.87528e-30 9.40642e-26
2.96118e-13 1.00414e-29 9.40543e-26
2.97452e-13 1.02099e-29 9.40443e-26
2.98791e-13 1.03807e-29 9.4034e-26
3.00137e-13 1.05539e-29 9.40237e-26
3.01489e-13 1.07294e-29 9.40131e-26
3.02847e-13 1.09074e-29 9.40024e-26
3.0421e-13 1.10878e-29 9.39915e-26
3.05581e-13 1.12707e-29 9.39804e-26
3.06957e-13 1.14561e-29 9.39691e-26
3.08339e-13 1.1644e-29 9.39577e-26
3.09728e-13 1.18344e-29 9.3946e-26
3.11123e-13 1.20274e-29 9.39342e-26
3.12524e-13 1.2223e-29 9.39222e-26
3.13932e-13 1.24212e-29 9.39099e-26
3.15345e-13 1.2622e-29 9.38975e-26
3.16766e-13 1.28254e-29 9.38849e-26
3.18192e-13 1.30316e-29 9.38721e-26
3.19625e-13 1.32405e-29 9.3859e-26
3.21065e-13 1.3452e-29 9.38458e-26
3.22511e-13 1.36664e-29 9.38323e-26
3.23963e-13 1.38835e-29 9.38187e-26
3.25422e-13 1.41034e-29 9.38048e-26
3.26888e-13 1.43262e-29 9.37907e-26
3.2836e-13 1.45518e-29 9.37764e-26
3.29839e-13 1.47802e-29 9.37618e-26
3.31324e-13 1.50116e-29 9.3747e-26
3.32817e-13 1.52459e-29 9.3732e-26
3.34316e-13 1.54831e-29 9.37168e-26
3.35821e-13 1.57233e-29 9.37013e-26
3.37334e-13 1.59665e-29 9.36856e-26
3.38853e-13 1.62127e-29 9.36696e-26
3.40379e-13 1.6462e-29 9.36534e-26
3.41912e-13 1.67143e-29 9.36369e-26
3.43452e-13 1.69697e-29 9.36202e-26
3.44999e-13 1.72283e-29 9.36032e-26
3.46552e-13 1.749e-29 9.3586e-26
3.48113e-13 1.77548e-29 9.35685e-26
3.49681e-13 1.80228e-29 9.35508e-26
3.51256e-13 1.82941e-29 9.35327e-26
3.52838e-13 1.85685e-29 9.35144e-26
3.54427e-13 1.88462e-29 9.34959e-26
3.56023e-13 1.91272e-29 9.3477e-26
3.57627e-13 1.94116e-29 9.34579e-26
3.59237e-13 1.96992e-29 9.34385e-26
3.60855e-13 1.99902e-29 9.34188e-26
3.6248e-13 2.02845e-29 9.33988e-26
3.64113e-13 2.05823e-29 9.33785e-26
3.65753e-13 2.08835e-29 9.33579e-26
3.674e-13 2.11881e-29 9.33371e-26
3.69055e-13 2.14962e-29 9.33159e-26
3.70717e-13 2.18077e-29 9.32944e-26
3.72386e-13 2.21228e-29 9.32726e-26
3.74063e-13 2.24414e-29 9.32504e-26
3.75748e-13 2.27636e-29 9.3228e-26
3.7744e-13 2.30893e-29 9.32052e-26
3.7914e-13 2.34186e-29 9.31821e-26
3.80848e-13 2.37516e-29 9.31587e-26
3.82563e-13 2.40881e-29 9.3135e-26
3.84286e-13 2.44284e-29 9.31109e-26
3.86017e-13 2.47723e-29 9.30865e-26
3.87755e-13 2.51199e-29 9.30617e-26
3.89502e-13 2.54713e-29 9.30366e-26
3.91256e-13 2.58264e-29 9.30111e-26
3.93018e-13 2.61852e-29 9.29853e-26
3.94788e-13 2.65479e-29 9.29591e-26
3.96566e-13 2.69143e-29 9.29325e-26
3.98352e-13 2.72846e-29 9.29056e-26
4.00146e-13 2.76587e-29 9.28783e-26
4.01948e-13 2.80366e-29 9.28507e-26
4.03758e-13 2.84185e-29 9.28226e-26
4.05577e-13 2.88042e-29 9.27942e-26
4.07403e-13 2.91938e-29 9.27654e-26
4.09238e-13 2.95874e-29 9.27362e-26
4.11081e-13 2.9985e-29 9.27066e-26
4.12933e-13 3.03865e-29 9.26766e-26
4.14792e-13 3.07919e-29 9.26463e-26
4.16661e-13 3.12014e-29 9.26155e-26
4.18537e-13 3.16149e-29 9.25843e-26
4.20422e-13 3.20325e-29 9.25527e-26
4.22315e-13 3.24541e-29 9.25206e-26
4.24217e-13 3.28797e-29 9.24882e-26
4.26128e-13 3.33094e-29 9.24553e-26
4.28047e-13 3.37433e-29 9.2422e-26
4.29975e-13 3.41812e-29 9.23882e-26
4.31911e-13 3.46233e-29 9.23541e-26
4.33857e-13 3.50695e-29 9.23194e-26
4.35811e-13 3.55198e-29 9.22844e-26
4.37773e-13 3.59743e-29 9.22488e-26
4.39745e-13 3.6433e-29 9.22129e-26
4.41725e-13 3.68959e-29 9.21764e-26
4.43715e-13 3.7363e-29 9.21395e-26
4.45713e-13 3.78343e-29 9.21022e-26
4.47721e-13 3.83098e-29 9.20643e-26
4.49737e-13 3.87896e-29 9.2026e-26
4.51762e-13 3.92735e-29 9.19872e-26
4.53797e-13 3.97618e-29 9.1948e-26
4.55841e-13 4.02543e-29 9.19082e-26
4.57894e-13 4.07511e-29 9.1868e-26
4.59956e-13 4.12522e-29 9.18272e-26
4.62028e-13 4.17575e-29 9.17859e-26
4.64108e-13 4.22672e-29 9.17442e-26
4.66199e-13 4.27811e-29 9.17019e-26
4.68298e-13 4.32994e-29 9.16591e-26
4.70407e-13 4.3822e-29 9.16158e-26
4.72526e-13 4.43489e-29 9.1572e-26
4.74654e-13 4.48801e-29 9.15277e-26
4.76792e-13 4.54157e-29 9.14828e-26
4.78939e-13 4.59556e-29 9.14374e-26
4.81096e-13 4.64998e-29 9.13914e-26
4.83263e-13 4.70484e-29 9.13449e-26
4.85439e-13 4.76013e-29 9.12979e-26
4.87626e-13 4.81586e-29 9.12503e-26
4.89822e-13 4.87202e-29 9.12021e-26
4.92028e-13 4.92862e-29 9.11534e-26
4.94244e-13 4.98565e-29 9.11041e-26
4.9647e-13 5.04312e-29 9.10543e-26
4.98705e-13 5.10102e-29 9.10038e-26
5.00952e-13 5.15936e-29 9.09528e-26
5.03208e-13 5.21814e-29 9.09012e-26
5.05474e-13 5.27734e-29 9.0849e-26
5.0775e-13 5.33698e-29 9.07963e-26
5.10037e-13 5.39706e-29 9.07429e-26
5.12334e-13 5.45757e-29 9.06889e-26
5.14642e-13 5.51851e-29 9.06343e-26
5.16959e-13 5.57989e-29 9.05792e-26
5.19288e-13 5.64169e-29 9.05234e-26
5.21626e-13 5.70393e-29 9.04669e-26
5.23976e-13 5.7666e-29 9.04099e-26
5.26336e-13 5.8297e-29 9.03522e-26
5.28706e-13 5.89323e-29 9.02939e-26
5.31087e-13 5.95718e-29 9.0235e-26
5.33479e-13 6.02157e-29 9.01754e-26
5.35882e-13 6.08638e-29 9.01152e-26
5.38295e-13 6.15161e-29 9.00544e-26
5.40719e-13 6.21727e-29 8.99928e-26
5.43155e-13 6.28335e-29 8.99307e-26
5.45601e-13 6.34985e-29 8.98678e-26
5.48058e-13 6.41677e-29 8.98043e-26
5.50526e-13 6.48411e-29 8.97402e-26
5.53006e-13 6.55187e-29 8.96753e-26
5.55496e-13 6.62005e-29 8.96098e-26
5.57998e-13 6.68863e-29 8.95436e-26
5.60511e-13 6.75763e-29 8.94767e-26
5.63036e-13 6.82704e-29 8.94091e-26
5.65571e-13 6.89686e-29 8.93409e-26
5.68119e-13 6.96709e-29 8.92719e-26
5.70677e-13 7.03772e-29 8.92022e-26
5.73247e-13 7.10875e-29 8.91319e-26
5.75829e-13 7.18019e-29 8.90608e-26
5.78422e-13 7.25202e-29 8.8989e-26
5.81027e-13 7.32425e-29 8.89164e-26
5.83644e-13 7.39687e-29 8.88432e-26
5.86273e-13 7.46989e-29 8.87692e-26
5.88913e-13 7.54329e-29 8.86945e-26
5.91566e-13 7.61708e-29 8.86191e-26
5.9423e-13 7.69126e-29 8.85429e-26
5.96906e-13 7.76581e-29 8.8466e-26
5.99594e-13 7.84075e-29 8.83884e-26
6.02295e-13 7.91606e-29 8.831e-26
6.05007e-13 7.99174e-29 8.82308e-26
6.07732e-13 8.0678e-29 8.81509e-26
6.10469e-13 8.14422e-29 8.80702e-26
6.13218e-13 8.221e-29 8.79888e-26
6.1598e-13 8.29814e-29 8.79065e-26
6.18754e-13 8.37565e-29 8.78236e-26
6.21541e-13 8.4535e-29 8.77398e-26
6.2434e-13 8.53171e-29 8.76553e-26
6.27152e-13 8.61026e-29 8.757e-26
6.29977e-13 8.68916e-29 8.74839e-26
6.32814e-13 8.7684e-29 8.7397e-26
6.35664e-13 8.84797e-29 8.73093e-26
6.38527e-13 8.92788e-29 8.72208e-26
6.41403e-13 9.00811e-29 8.71315e-26
6.44291e-13 9.08867e-29 8.70414e-26
6.47193e-13 9.16955e-29 8.69506e-26
6.50108e-13 9.25075e-29 8.68589e-26
6.53036e-13 9.33226e-29 8.67664e-26
6.55977e-13 9.41407e-29 8.6673e-26
6.58931e-13 9.49619e-29 8.65789e-26
6.61899e-13 9.57862e-29 8.64839e-26
6.6488e-13 9.66133e-29 8.63881e-26
6.67874e-13 9.74434e-29 8.62915e-26
6.70882e-13 9.82763e-29 8.61941e-26
6.73903e-13 9.91121e-29 8.60958e-26
6.76938e-13 9.99506e-29 8.59967e-26
6.79987e-13 1.00792e-28 8.58967e-26
6.8305e-13 1.01636e-28 8.5796e-26
6.86126e-13 1.02482e-28 8.56943e-26
6.89216e-13 1.03331e-28 8.55918e-26
6.9232e-13 1.04183e-28 8.54885e-26
6.95438e-13 1.05037e-28 8.53843e-26
6.9857e-13 1.05894e-28 8.52793e-26
7.01716e-13 1.06753e-28 8.51734e-26
7.04877e-13 1.07614e-28 8.50666e-26
7.08051e-13 1.08477e-28 8.4959e-26
7.1124e-13 1.09343e-28 8.48505e-26
7.14443e-13 1.10211e-28 8.47412e-26
7.17661e-13 1.11081e-28 8.4631e-26
7.20893e-13 1.11953e-28 8.45199e-26
7.2414e-13 1.12826e-28 8.4408e-26
7.27401e-13 1.13702e-28 8.42951e-26
7.30677e-13 1.1458e-28 8.41814e-26
7.33968e-13 1.1546e-28 8.40669e-26
7.37273e-13 1.16341e-28 8.39514e-26
7.40594e-13 1.17224e-28 8.3835e-26
7.43929e-13 1.18108e-28 8.37178e-26
7.4728e-13 1.18994e-28 8.35997e-26
7.50645e-13 1.19882e-28 8.34807e-26
7.54026e-13 1.20771e-28 8.33608e-26
7.57422e-13 1.21661e-28 8.32401e-26
7.60833e-13 1.22553e-28 8.31184e-26
7.6426e-13 1.23446e-28 8.29959e-26
7.67702e-13 1.2434e-28 8.28724e-26
7.71159e-13 1.25235e-28 8.27481e-26
7.74632e-13 1.26132e-28 8.26228e-26
7.78121e-13 1.27029e-28 8.24967e-26
7.81625e-13 1.27927e-28 8.23697e-26
7.85146e-13 1.28826e-28 8.22417e-26
7.88682e-13 1.29726e-28 8.21129e-26
7.92234e-13 1.30626e-28 8.19832e-26
7.95802e-13 1.31528e-28 8.18526e-26
7.99386e-13 1.32429e-28 8.1721e-26
8.02986e-13 1.33331e-28 8.15886e-26
8.06602e-13 1.34234e-28 8.14553e-26
8.10235e-13 1.35137e-28 8.1321e-26
8.13884e-13 1.3604e-28 8.11859e-26
8.1755e-13 1.36943e-28 8.10499e-26
8.21232e-13 1.37847e-28 8.09129e-26
8.2493e-13 1.38751e-28 8.07751e-26
8.28645e-13 1.39654e-28 8.06363e-26
8.32377e-13 1.40558e-28 8.04967e-26
8.36126e-13 1.41461e-28 8.03561e-26
8.39892e-13 1.42364e-28 8.02147e-26
8.43674e-13 1.43267e-28 8.00723e-26
8.47474e-13 1.44169e-28 7.9929e-26
8.51291e-13 1.45071e-28 7.97849e-26
8.55125e-13 1.45972e-28 7.96398e-26
8.58976e-13 1.46873e-28 7.94938e-26
8.62845e-13 1.47773e-28 7.93469e-26
8.66731e-13 1.48672e-28 7.91992e-26
8.70634e-13 1.49571e-28 7.90505e-26
8.74555e-13 1.50468e-28 7.89009e-26
8.78494e-13 1.51364e-28 7.87505e-26
8.82451e-13 1.5226e-28 7.85991e-26
8.86425e-13 1.53154e-28 7.84468e-26
8.90417e-13 1.54047e-28 7.82937e-26
8.94427e-13 1.54938e-28 7.81396e-26
8.98455e-13 1.55829e-28 7.79847e-26
9.02502e-13 1.56717e-28 7.78289e-26
9.06566e-13 1.57604e-28 7.76721e-26
9.10649e-13 1.5849e-28 7.75145e-26
9.14751e-13 1.59374e-28 7.73561e-26
9.1887e-13 1.60255e-28 7.71967e-26
9.23009e-13 1.61135e-28 7.70364e-26
9.27166e-13 1.62014e-28 7.68753e-26
9.31341e-13 1.62889e-28 7.67133e-26
9.35536e-13 1.63763e-28 7.65504e-26
9.39749e-13 1.64635e-28 7.63866e-26
9.43982e-13 1.65504e-28 7.6222e-26
9.48233e-13 1.66371e-28 7.60565e-26
9.52504e-13 1.67236e-28 7.58901e-26
9.56793e-13 1.68098e-28 7.57229e-26
9.61103e-13 1.68957e-28 7.55548e-26
9.65431e-13 1.69814e-28 7.53858e-26
9.69779e-13 1.70667e-28 7.5216e-26
9.74147e-13 1.71518e-28 7.50453e-26
9.78534e-13 1.72366e-28 7.48738e-26
9.82941e-13 1.73211e-28 7.47015e-26
9.87368e-13 1.74053e-28 7.45282e-26
9.91815e-13 1.74892e-28 7.43542e-26
9.96282e-13 1.75727e-28 7.41793e-26
1.00077e-12 1.76559e-28 7.40036e-26
1.00528e-12 1.77387e-28 7.3827e-26
1.0098e-12 1.78212e-28 7.36496e-26
1.01435e-12 1.79034e-28 7.34714e-26
1.01892e-12 1.79851e-28 7.32924e-26
1.02351e-12 1.80665e-28 7.31125e-26
1.02812e-12 1.81475e-28 7.29319e-26
1.03275e-12 1.82282e-28 7.27504e-26
1.0374e-12 1.83084e-28 7.25681e-26
1.04207e-12 1.83882e-28 7.2385e-26
1.04676e-12 1.84676e-28 7.22011e-26
1.05148e-12 1.85465e-28 7.20165e-26
1.05621e-12 1.86251e-28 7.1831e-26
1.06097e-12 1.87031e-28 7.16447e-26
1.06575e-12 1.87808e-28 7.14577e-26
1.07055e-12 1.8858e-28 7.12699e-26
1.07537e-12 1.89347e-28 7.10813e-26
1.08021e-12 1.90109e-28 7.0892e-26
1.08508e-12 1.90867e-28 7.07019e-26
1.08997e-12 1.9162e-28 7.0511e-26
1.09487e-12 1.92367e-28 7.03194e-26
1.09981e-12 1.9311e-28 7.0127e-26
1.10476e-12 1.93848e-28 6.99339e-26
1.10973e-12 1.9458e-28 6.97401e-26
1.11473e-12 1.95308e-28 6.95455e-26
1.11975e-12 1.9603e-28 6.93502e-26
1.1248e-12 1.96746e-28 6.91541e-26
1.12986e-12 1.97457e-28 6.89574e-26
1.13495e-12 1.98162e-28 6.87599e-26
1.14006e-12 1.98862e-28 6.85618e-26
1.1452e-12 1.99556e-28 6.83629e-26
1.15035e-12 2.00245e-28 6.81634e-26
1.15553e-12 2.00927e-28 6.79631e-26
1.16074e-12 2.01604e-28 6.77622e-26
1.16597e-12 2.02274e-28 6.75606e-26
1.17122e-12 2.02939e-28 6.73583e-26
1.17649e-12 2.03597e-28 6.71554e-26
1.18179e-12 2.0425e-28 6.69518e-26
1.18711e-12 2.04896e-28 6.67475e-26
1.19246e-12 2.05535e-28 6.65426e-26
1.19783e-12 2.06168e-28 6.63371e-26
1.20323e-12 2.06795e-28 6.61309e-26
1.20864e-12 2.07415e-28 6.59241e-26
1.21409e-12 2.08029e-28 6.57167e-26
1.21956e-12 2.08636e-28 6.55087e-26
1.22505e-12 2.09236e-28 6.53e-26
1.23057e-12 2.0983e-28 6.50908e-26
1.23611e-12 2.10416e-28 6.4881e-26
1.24167e-12 2.10996e-28 6.46706e-26
1.24727e-12 2.11569e-28 6.44596e-26
1.25288e-12 2.12134e-28 6.4248e-26
1.25853e-12 2.12693e-28 6.40359e-26
1.26419e-12 2.13244e-28 6.38232e-26
1.26989e-12 2.13789e-28 6.36099e-26
1.27561e-12 2.14326e-28 6.33961e-26
1.28135e-12 2.14855e-28 6.31818e-26
1.28712e-12 2.15378e-28 6.2967e-26
1.29292e-12 2.15893e-28 6.27516e-26
1.29874e-12 2.164e-28 6.25357e-26
1.30459e-12 2.169e-28 6.23193e-26
1.31047e-12 2.17392e-28 6.21024e-26
1.31637e-12 2.17877e-28 6.1885e-26
1.3223e-12 2.18354e-28 6.16671e-26
1.32825e-12 2.18823e-28 6.14488e-26
1.33424e-12 2.19284e-28 6.12299e-26
1.34024e-12 2.19738e-28 6.10107e-26
1.34628e-12 2.20183e-28 6.07909e-26
1.35234e-12 2.20621e-28 6.05707e-26
1.35843e-12 2.21051e-28 6.03501e-26
1.36455e-12 2.21473e-28 6.01291e-26
1.3707e-12 2.21886e-28 5.99076e-26
1.37687e-12 2.22292e-28 5.96857e-26
1.38307e-12 2.22689e-28 5.94634e-26
1.3893e-12 2.23079e-28 5.92407e-26
1.39556e-12 2.2346e-28 5.90176e-26
1.40184e-12 2.23833e-28 5.87942e-26
1.40816e-12 2.24197e-28 5.85704e-26
1.4145e-12 2.24553e-28 5.83462e-26
1.42087e-12 2.24901e-28 5.81216e-26
1.42727e-12 2.2524e-28 5.78967e-26
1.4337e-12 2.25571e-28 5.76715e-26
1.44015e-12 2.25894e-28 5.74459e-26
1.44664e-12 2.26207e-28 5.722e-26
1.45315e-12 2.26513e-28 5.69938e-26
1.4597e-12 2.2681e-28 5.67673e-26
1.46627e-12 2.27098e-28 5.65405e-26
1.47288e-12 2.27378e-28 5.63134e-26
1.47951e-12 2.27648e-28 5.6086e-26
1.48617e-12 2.27911e-28 5.58583e-26
1.49287e-12 2.28164e-28 5.56304e-26
1.49959e-12 2.28409e-28 5.54023e-26
1.50634e-12 2.28645e-28 5.51739e-26
1.51313e-12 2.28873e-28 5.49452e-26
1.51994e-12 2.29091e-28 5.47163e-26
1.52679e-12 2.29301e-28 5.44873e-26
1.53366e-12 2.29502e-28 5.4258e-26
1.54057e-12 2.29694e-28 5.40285e-26
1.54751e-12 2.29877e-28 5.37988e-26
1.55448e-12 2.30052e-28 5.35689e-26
1.56148e-12 2.30217e-28 5.33388e-26
1.56851e-12 2.30374e-28 5.31086e-26
1.57558e-12 2.30521e-28 5.28782e-26
1.58267e-12 2.3066e-28 5.26477e-26
1.5898e-12 2.3079e-28 5.24171e-26
1.59696e-12 2.30911e-28 5.21863e-26
1.60415e-12 2.31023e-28 5.19554e-26
1.61138e-12 2.31126e-28 5.17243e-26
1.61864e-12 2.3122e-28 5.14932e-26
1.62592e-12 2.31305e-28 5.1262e-26
1.63325e-12 2.31381e-28 5.10307e-26
1.6406e-12 2.31448e-28 5.07993e-26
1.64799e-12 2.31506e-28 5.05679e-26
1.65541e-12 2.31555e-28 5.03363e-26
1.66287e-12 2.31596e-28 5.01048e-26
1.67036e-12 2.31627e-28 4.98732e-26
1.67788e-12 2.31649e-28 4.96416e-26
1.68544e-12 2.31662e-28 4.94099e-26
1.69303e-12 2.31667e-28 4.91783e-26
1.70065e-12 2.31662e-28 4.89466e-26
1.70831e-12 2.31649e-28 4.87149e-26
1.71601e-12 2.31626e-28 4.84833e-26
1.72374e-12 2.31595e-28 4.82517e-26
1.7315e-12 2.31555e-28 4.80201e-26
1.7393e-12 2.31505e-28 4.77885e-26
1.74713e-12 2.31447e-28 4.7557e-26
1.755e-12 2.3138e-28 4.73256e-26
1.7629e-12 2.31305e-28 4.70942e-26
1.77084e-12 2.3122e-28 4.68629e-26
1.77882e-12 2.31126e-28 4.66316e-26
1.78683e-12 2.31024e-28 4.64005e-26
1.79488e-12 2.30913e-28 4.61695e-26
1.80296e-12 2.30793e-28 4.59386e-26
1.81108e-12 2.30665e-28 4.57078e-26
1.81924e-12 2.30527e-28 4.54771e-26
1.82743e-12 2.30381e-28 4.52466e-26
1.83566e-12 2.30227e-28 4.50162e-26
1.84393e-12 2.30063e-28 4.4786e-26
1.85223e-12 2.29891e-28 4.45559e-26
1.86057e-12 2.29711e-28 4.4326e-26
1.86895e-12 2.29521e-28 4.40963e-26
1.87737e-12 2.29324e-28 4.38668e-26
1.88583e-12 2.29118e-28 4.36375e-26
1.89432e-12 2.28903e-28 4.34084e-26
1.90285e-12 2.2868e-28 4.31795e-26
1.91142e-12 2.28448e-28 4.29508e-26
1.92003e-12 2.28208e-28 4.27223e-26
1.92868e-12 2.2796e-28 4.24941e-26
1.93736e-12 2.27703e-28 4.22662e-26
1.94609e-12 2.27438e-28 4.20385e-26
1.95485e-12 2.27165e-28 4.1811e-26
1.96366e-12 2.26883e-28 4.15839e-26
1.9725e-12 2.26594e-28 4.1357e-26
1.98138e-12 2.26296e-28 4.11304e-26
1.99031e-12 2.2599e-28 4.09041e-26
1.99927e-12 2.25676e-28 4.06781e-26
2.00827e-12 2.25355e-28 4.04524e-26
2.01732e-12 2.25025e-28 4.02271e-26
2.0264e-12 2.24687e-28 4.0002e-26
2.03553e-12 2.24341e-28 3.97774e-26
2.0447e-12 2.23988e-28 3.9553e-26
2.05391e-12 2.23627e-28 3.9329e-26
2.06316e-12 2.23258e-28 3.91054e-26
2.07245e-12 2.22881e-28 3.88821e-26
2.08178e-12 2.22497e-28 3.86593e-26
2.09116e-12 2.22105e-28 3.84368e-26
2.10058e-12 2.21705e-28 3.82147e-26
2.11004e-12 2.21298e-28 3.7993e-26
2.11954e-12 2.20884e-28 3.77717e-26
2.12909e-12 2.20462e-28 3.75508e-26
2.13867e-12 2.20033e-28 3.73303e-26
2.14831e-12 2.19596e-28 3.71103e-26
2.15798e-12 2.19153e-28 3.68907e-26
2.1677e-12 2.18702e-28 3.66715e-26
2.17746e-12 2.18244e-28 3.64528e-26
2.18727e-12 2.17779e-28 3.62346e-26
2.19712e-12 2.17307e-28 3.60168e-26
2.20702e-12 2.16828e-28 3.57995e-26
2.21696e-12 2.16342e-28 3.55827e-26
2.22694e-12 2.1585e-28 3.53663e-26
2.23697e-12 2.1535e-28 3.51505e-26
2.24704e-12 2.14844e-28 3.49351e-26
2.25716e-12 2.14331e-28 3.47203e-26
2.26733e-12 2.13812e-28 3.45059e-26
2.27754e-12 2.13286e-28 3.42921e-26
2.2878e-12 2.12753e-28 3.40788e-26
2.2981e-12 2.12215e-28 3.38661e-26
2.30845e-12 2.1167e-28 3.36539e-26
2.31885e-12 2.11118e-28 3.34422e-26
2.32929e-12 2.1056e-28 3.32311e-26
2.33978e-12 2.09997e-28 3.30205e-26
2.35032e-12 2.09427e-28 3.28105e-26
2.36091e-12 2.08851e-28 3.26011e-26
2.37154e-12 2.08269e-28 3.23923e-26
2.38222e-12 2.07681e-28 3.2184e-26
2.39295e-12 2.07088e-28 3.19763e-26
2.40373e-12 2.06488e-28 3.17692e-26
2.41455e-12 2.05883e-28 3.15627e-26
2.42543e-12 2.05273e-28 3.13568e-26
2.43635e-12 2.04657e-28 3.11516e-26
2.44732e-12 2.04035e-28 3.09469e-26
2.45834e-12 2.03408e-28 3.07429e-26
2.46942e-12 2.02775e-28 3.05395e-26
2.48054e-12 2.02138e-28 3.03367e-26
2.49171e-12 2.01495e-28 3.01346e-26
2.50293e-12 2.00847e-28 2.99331e-26
2.5142e-12 2.00194e-28 2.97322e-26
2.52553e-12 1.99536e-28 2.9532e-26
2.5369e-12 1.98873e-28 2.93325e-26
2.54833e-12 1.98205e-28 2.91336e-26
2.5598e-12 1.97532e-28 2.89354e-26
2.57133e-12 1.96855e-28 2.87379e-26
2.58291e-12 1.96173e-28 2.8541e-26
2.59454e-12 1.95486e-28 2.83449e-26
2.60623e-12 1.94795e-28 2.81494e-26
2.61797e-12 1.941e-28 2.79546e-26
2.62976e-12 1.934e-28 2.77605e-26
2.6416e-12 1.92696e-28 2.75671e-26
2.6535e-12 1.91987e-28 2.73744e-26
2.66545e-12 1.91275e-28 2.71824e-26
2.67745e-12 1.90558e-28 2.69911e-26
2.68951e-12 1.89838e-28 2.68006e-26
2.70162e-12 1.89113e-28 2.66107e-26
2.71379e-12 1.88385e-28 2.64216e-26
2.72601e-12 1.87653e-28 2.62332e-26
2.73829e-12 1.86918e-28 2.60456e-26
2.75062e-12 1.86178e-28 2.58587e-26
2.76301e-12 1.85435e-28 2.56725e-26
2.77546e-12 1.84689e-28 2.5487e-26
2.78796e-12 1.83939e-28 2.53024e-26
2.80051e-12 1.83186e-28 2.51184e-26
2.81312e-12 1.8243e-28 2.49352e-26
2.82579e-12 1.8167e-28 2.47528e-26
2.83852e-12 1.80908e-28 2.45711e-26
2.8513e-12 1.80142e-28 2.43902e-26
2.86415e-12 1.79374e-28 2.42101e-26
2.87705e-12 1.78602e-28 2.40307e-26
2.89e-12 1.77828e-28 2.38521e-26
2.90302e-12 1.77051e-28 2.36743e-26
2.91609e-12 1.76271e-28 2.34972e-26
2.92923e-12 1.75489e-28 2.33209e-26
2.94242e-12 1.74704e-28 2.31455e-26
2.95567e-12 1.73917e-28 2.29708e-26
2.96898e-12 1.73127e-28 2.27968e-26
2.98235e-12 1.72335e-28 2.26237e-26
2.99578e-12 1.71541e-28 2.24514e-26
3.00928e-12 1.70745e-28 2.22798e-26
3.02283e-12 1.69946e-28 2.21091e-26
3.03644e-12 1.69146e-28 2.19391e-26
3.05012e-12 1.68343e-28 2.177e-26
3.06386e-12 1.67539e-28 2.16017e-26
3.07765e-12 1.66733e-28 2.14341e-26
3.09152e-12 1.65925e-28 2.12674e-26
3.10544e-12 1.65116e-28 2.11015e-26
3.11942e-12 1.64305e-28 2.09363e-26
3.13347e-12 1.63492e-28 2.0772e-26
3.14759e-12 1.62678e-28 2.06085e-26
3.16176e-12 1.61862e-28 2.04459e-26
3.176e-12 1.61046e-28 2.0284e-26
3.19031e-12 1.60228e-28 2.0123e-26
3.20467e-12 1.59408e-28 1.99627e-26
3.21911e-12 1.58588e-28 1.98033e-26
3.2336e-12 1.57767e-28 1.96447e-26
3.24817e-12 1.56944e-28 1.9487e-26
3.2628e-12 1.56121e-28 1.933e-26
3.27749e-12 1.55297e-28 1.91739e-26
3.29225e-12 1.54472e-28 1.90186e-26
3.30708e-12 1.53647e-28 1.88641e-26
3.32197e-12 1.5282e-28 1.87105e-26
3.33693e-12 1.51993e-28 1.85577e-26
3.35196e-12 1.51166e-28 1.84057e-26
3.36706e-12 1.50338e-28 1.82545e-26
3.38222e-12 1.4951e-28 1.81042e-26
3.39746e-12 1.48682e-28 1.79547e-26
3.41276e-12 1.47853e-28 1.7806e-26
3.42813e-12 1.47024e-28 1.76581e-26
3.44357e-12 1.46195e-28 1.75111e-26
3.45908e-12 1.45365e-28 1.73649e-26
3.47465e-12 1.44536e-28 1.72195e-26
3.4903e-12 1.43707e-28 1.7075e-26
3.50602e-12 1.42878e-28 1.69313e-26
3.52181e-12 1.42049e-28 1.67884e-26
3.53767e-12 1.4122e-28 1.66464e-26
3.55361e-12 1.40392e-28 1.65052e-26
3.56961e-12 1.39564e-28 1.63648e-26
3.58569e-12 1.38736e-28 1.62252e-26
3.60184e-12 1.37909e-28 1.60865e-26
3.61806e-12 1.37082e-28 1.59485e-26
3.63435e-12 1.36256e-28 1.58115e-26
3.65072e-12 1.35431e-28 1.56752e-26
3.66716e-12 1.34606e-28 1.55398e-26
3.68368e-12 1.33782e-28 1.54052e-26
3.70027e-12 1.32959e-28 1.52714e-26
3.71693e-12 1.32136e-28 1.51384e-26
3.73367e-12 1.31315e-28 1.50063e-26
3.75049e-12 1.30494e-28 1.4875e-26
3.76738e-12 1.29675e-28 1.47445e-26
3.78435e-12 1.28856e-28 1.46148e-26
3.80139e-12 1.28039e-28 1.4486e-26
3.81851e-12 1.27223e-28 1.43579e-26
3.83571e-12 1.26408e-28 1.42307e-26
3.85298e-12 1.25594e-28 1.41043e-26
3.87034e-12 1.24781e-28 1.39787e-26
3.88777e-12 1.2397e-28 1.38539e-26
3.90528e-12 1.23161e-28 1.37299e-26
3.92286e-12 1.22353e-28 1.36068e-26
3.94053e-12 1.21546e-28 1.34844e-26
3.95828e-12 1.20741e-28 1.33629e-26
3.97611e-12 1.19937e-28 1.32421e-26
3.99401e-12 1.19135e-28 1.31222e-26
4.012e-12 1.18335e-28 1.30031e-26
4.03007e-12 1.17537e-28 1.28847e-26
4.04822e-12 1.1674e-28 1.27672e-26
4.06645e-12 1.15945e-28 1.26505e-26
4.08477e-12 1.15152e-28 1.25345e-26
4.10316e-12 1.14361e-28 1.24194e-26
4.12164e-12 1.13572e-28 1.2305e-26
4.1402e-12 1.12784e-28 1.21914e-26
4.15885e-12 1.11999e-28 1.20786e-26
4.17758e-12 1.11216e-28 1.19666e-26
4.1964e-12 1.10435e-28 1.18554e-26
4.2153e-12 1.09656e-28 1.1745e-26
4.23428e-12 1.0888e-28 1.16353e-26
4.25335e-12 1.08105e-28 1.15265e-26
4.27251e-12 1.07333e-28 1.14184e-26
4.29175e-12 1.06563e-28 1.1311e-26
4.31108e-12 1.05796e-28 1.12045e-26
4.33049e-12 1.0503e-28 1.10987e-26
4.35e-12 1.04268e-28 1.09936e-26
4.36959e-12 1.03507e-28 1.08894e-26
4.38927e-12 1.02749e-28 1.07859e-26
4.40903e-12 1.01994e-28 1.06831e-26
4.42889e-12 1.01241e-28 1.05811e-26
4.44884e-12 1.00491e-28 1.04799e-26
4.46887e-12 9.97432e-29 1.03794e-26
4.489e-12 9.89981e-29 1.02796e-26
4.50922e-12 9.82557e-29 1.01806e-26
4.52953e-12 9.7516e-29 1.00824e-26
4.54993e-12 9.6779e-29 9.98487e-27
4.57042e-12 9.60447e-29 9.88809e-27
4.591e-12 9.53132e-29 9.79204e-27
4.61168e-12 9.45845e-29 9.69673e-27
4.63245e-12 9.38586e-29 9.60214e-27
4.65331e-12 9.31356e-29 9.50829e-27
4.67427e-12 9.24155e-29 9.41515e-27
4.69532e-12 9.16982e-29 9.32273e-27
4.71647e-12 9.09839e-29 9.23104e-27
4.73771e-12 9.02725e-29 9.14005e-27
4.75904e-12 8.95641e-29 9.04978e-27
4.78048e-12 8.88587e-29 8.96022e-27
4.80201e-12 8.81563e-29 8.87136e-27
4.82363e-12 8.7457e-29 8.7832e-27
4.84536e-12 8.67607e-29 8.69574e-27
4.86718e-12 8.60675e-29 8.60898e-27
4.8891e-12 8.53774e-29 8.52292e-27
4.91112e-12 8.46904e-29 8.43754e-27
4.93324e-12 8.40066e-29 8.35285e-27
4.95546e-12 8.33259e-29 8.26884e-27
4.97777e-12 8.26484e-29 8.18552e-27
5.00019e-12 8.19741e-29 8.10287e-27
5.02271e-12 8.1303e-29 8.02089e-27
5.04533e-12 8.06351e-29 7.93959e-27
5.06806e-12 7.99705e-29 7.85896e-27
5.09088e-12 7.93091e-29 7.77898e-27
5.11381e-12 7.8651e-29 7.69968e-27
5.13684e-12 7.79962e-29 7.62102e-27
5.15997e-12 7.73447e-29 7.54303e-27
5.18321e-12 7.66965e-29 7.46568e-27
5.20656e-12 7.60516e-29 7.38899e-27
5.23001e-12 7.54101e-29 7.31294e-27
5.25356e-12 7.47719e-29 7.23753e-27
5.27722e-12 7.41371e-29 7.16275e-27
5.30099e-12 7.35056e-29 7.08862e-27
5.32486e-12 7.28776e-29 7.01511e-27
5.34884e-12 7.22529e-29 6.94223e-27
5.37293e-12 7.16317e-29 6.86998e-27
5.39713e-12 7.10138e-29 6.79835e-27
5.42144e-12 7.03994e-29 6.72734e-27
5.44586e-12 6.97884e-29 6.65694e-27
5.47038e-12 6.91808e-29 6.58715e-27
5.49502e-12 6.85767e-29 6.51797e-27
5.51977e-12 6.79761e-29 6.44939e-27
5.54463e-12 6.73789e-29 6.38141e-27
5.5696e-12 6.67851e-29 6.31403e-27
5.59468e-12 6.61949e-29 6.24725e-27
5.61988e-12 6.56081e-29 6.18105e-27
5.64519e-12 6.50247e-29 6.11545e-27
5.67061e-12 6.44449e-29 6.05042e-27
5.69615e-12 6.38686e-29 5.98598e-27
5.72181e-12 6.32957e-29 5.92211e-27
5.74757e-12 6.27263e-29 5.85881e-27
5.77346e-12 6.21605e-29 5.79609e-27
5.79946e-12 6.15981e-29 5.73393e-27
5.82558e-12 6.10392e-29 5.67233e-27
5.85182e-12 6.04838e-29 5.61129e-27
5.87817e-12 5.9932e-29 5.55081e-27
5.90465e-12 5.93836e-29 5.49087e-27
5.93124e-12 5.88387e-29 5.43149e-27
5.95795e-12 5.82973e-29 5.37265e-27
5.98478e-12 5.77595e-29 5.31435e-27
6.01174e-12 5.72251e-29 5.25659e-27
6.03881e-12 5.66942e-29 5.19937e-27
6.06601e-12 5.61669e-29 5.14267e-27
6.09333e-12 5.5643e-29 5.08651e-27
6.12077e-12 5.51226e-29 5.03086e-27
6.14834e-12 5.46057e-29 4.97574e-27
6.17603e-12 5.40923e-29 4.92114e-27
6.20384e-12 5.35824e-29 4.86704e-27
6.23178e-12 5.3076e-29 4.81346e-27
6.25985e-12 5.2573e-29 4.76039e-27
6.28804e-12 5.20735e-29 4.70781e-27
6.31636e-12 5.15775e-29 4.65574e-27
6.34481e-12 5.10849e-29 4.60416e-27
6.37339e-12 5.05958e-29 4.55308e-27
6.40209e-12 5.01102e-29 4.50248e-27
6.43092e-12 4.9628e-29 4.45237e-27
6.45989e-12 4.91492e-29 4.40274e-27
6.48898e-12 4.86739e-29 4.35359e-27
6.5182e-12 4.8202e-29 4.30492e-27
6.54756e-12 4.77335e-29 4.25672e-27
6.57705e-12 4.72684e-29 4.20898e-27
6.60667e-12 4.68068e-29 4.16172e-27
6.63642e-12 4.63485e-29 4.11491e-27
6.66631e-12 4.58936e-29 4.06856e-27
6.69633e-12 4.54421e-29 4.02267e-27
6.72649e-12 4.4994e-29 3.97722e-27
6.75679e-12 4.45492e-29 3.93223e-27
6.78722e-12 4.41078e-29 3.88768e-27
6.81779e-12 4.36698e-29 3.84357e-27
6.84849e-12 4.3235e-29 3.7999e-27
6.87933e-12 4.28036e-29 3.75667e-27
6.91032e-12 4.23756e-29 3.71387e-27
6.94144e-12 4.19508e-29 3.67149e-27
6.9727e-12 4.15293e-29 3.62954e-27
7.0041e-12 4.11111e-29 3.58801e-27
7.03565e-12 4.06962e-29 3.5469e-27
7.06734e-12 4.02845e-29 3.5062e-27
7.09916e-12 3.98761e-29 3.46592e-27
7.13114e-12 3.9471e-29 3.42604e-27
7.16325e-12 3.9069e-29 3.38657e-27
7.19551e-12 3.86703e-29 3.3475e-27
7.22792e-12 3.82748e-29 3.30883e-27
7.26047e-12 3.78825e-29 3.27056e-27
7.29317e-12 3.74933e-29 3.23267e-27
7.32602e-12 3.71074e-29 3.19518e-27
7.35901e-12 3.67246e-29 3.15807e-27
7.39216e-12 3.63449e-29 3.12135e-27
7.42545e-12 3.59683e-29 3.085e-27
7.45889e-12 3.55949e-29 3.04904e-27
7.49248e-12 3.52246e-29 3.01344e-27
7.52623e-12 3.48574e-29 2.97822e-27
7.56012e-12 3.44932e-29 2.94336e-27
7.59417e-12 3.41321e-29 2.90887e-27
7.62837e-12 3.37741e-29 2.87473e-27
7.66273e-12 3.34191e-29 2.84096e-27
7.69724e-12 3.30671e-29 2.80754e-27
7.73191e-12 3.27181e-29 2.77447e-27
7.76673e-12 3.23721e-29 2.74176e-27
7.80171e-12 3.20291e-29 2.70938e-27
7.83684e-12 3.16891e-29 2.67735e-27
7.87214e-12 3.1352e-29 2.64566e-27
7.90759e-12 3.10178e-29 2.61431e-27
7.94321e-12 3.06866e-29 2.58329e-27
7.97898e-12 3.03582e-29 2.55261e-27
8.01492e-12 3.00328e-29 2.52225e-27
8.05101e-12 2.97102e-29 2.49222e-27
8.08727e-12 2.93905e-29 2.46251e-27
8.12369e-12 2.90736e-29 2.43312e-27
8.16028e-12 2.87596e-29 2.40404e-27
8.19703e-12 2.84483e-29 2.37528e-27
8.23395e-12 2.81399e-29 2.34684e-27
8.27103e-12 2.78342e-29 2.3187e-27
8.30828e-12 2.75313e-29 2.29086e-27
8.3457e-12 2.72312e-29 2.26333e-27
8.38329e-12 2.69338e-29 2.2361e-27
8.42104e-12 2.66391e-29 2.20916e-27
8.45897e-12 2.63471e-29 2.18253e-27
8.49707e-12 2.60578e-29 2.15618e-27
8.53534e-12 2.57712e-29 2.13012e-27
8.57378e-12 2.54872e-29 2.10435e-27
8.61239e-12 2.52059e-29 2.07886e-27
8.65118e-12 2.49271e-29 2.05366e-27
8.69014e-12 2.4651e-29 2.02873e-27
8.72928e-12 2.43775e-29 2.00408e-27
8.76859e-12 2.41065e-29 1.9797e-27
8.80808e-12 2.38381e-29 1.95559e-27
8.84775e-12 2.35723e-29 1.93176e-27
8.8876e-12 2.33089e-29 1.90818e-27
8.92763e-12 2.30481e-29 1.88487e-27
8.96783e-12 2.27898e-29 1.86183e-27
9.00822e-12 2.25339e-29 1.83904e-27
9.04879e-12 2.22805e-29 1.8165e-27
9.08955e-12 2.20295e-29 1.79422e-27
9.13048e-12 2.1781e-29 1.77219e-27
9.1716e-12 2.15349e-29 1.75041e-27
9.21291e-12 2.12911e-29 1.72888e-27
9.2544e-12 2.10498e-29 1.70759e-27
9.29608e-12 2.08108e-29 1.68654e-27
9.33795e-12 2.05741e-29 1.66573e-27
9.38e-12 2.03398e-29 1.64515e-27
9.42225e-12 2.01077e-29 1.62481e-27
9.46468e-12 1.9878e-29 1.6047e-27
9.50731e-12 1.96506e-29 1.58483e-27
9.55013e-12 1.94254e-29 1.56518e-27
9.59314e-12 1.92024e-29 1.54575e-27
9.63634e-12 1.89817e-29 1.52655e-27
9.67974e-12 1.87632e-29 1.50757e-27
9.72334e-12 1.85468e-29 1.4888e-27
9.76713e-12 1.83327e-29 1.47026e-27
9.81112e-12 1.81207e-29 1.45192e-27
9.8553e-12 1.79109e-29 1.4338e-27
9.89969e-12 1.77032e-29 1.41589e-27
9.94427e-12 1.74976e-29 1.39819e-27
9.98906e-12 1.72941e-29 1.38069e-27
1.0034e-11 1.70926e-29 1.3634e-27
1.00792e-11 1.68933e-29 1.3463e-27
1.01246e-11 1.6696e-29 1.32941e-27
1.01702e-11 1.65007e-29 1.31271e-27
1.0216e-11 1.63075e-29 1.29621e-27
1.0262e-11 1.61162e-29 1.27991e-27
1.03083e-11 1.59269e-29 1.26379e-27
1.03547e-11 1.57396e-29 1.24786e-27
1.04013e-11 1.55543e-29 1.23212e-27
1.04482e-11 1.53709e-29 1.21657e-27
1.04952e-11 1.51894e-29 1.2012e-27
1.05425e-11 1.50098e-29 1.18601e-27
1.059e-11 1.48321e-29 1.171e-27
1.06377e-11 1.46562e-29 1.15617e-27
1.06856e-11 1.44823e-29 1.14151e-27
1.07337e-11 1.43102e-29 1.12703e-27
1.0782e-11 1.41399e-29 1.11272e-27
1.08306e-11 1.39714e-29 1.09858e-27
1.08794e-11 1.38047e-29 1.08461e-27
1.09284e-11 1.36398e-29 1.0708e-27
1.09776e-11 1.34766e-29 1.05716e-27
1.1027e-11 1.33152e-29 1.04369e-27
1.10767e-11 1.31556e-29 1.03037e-27
1.11266e-11 1.29977e-29 1.01722e-27
1.11767e-11 1.28414e-29 1.00422e-27
1.1227e-11 1.26869e-29 9.91377e-28
1.12776e-11 1.2534e-29 9.7869e-28
1.13284e-11 1.23828e-29 9.66156e-28
1.13794e-11 1.22333e-29 9.53773e-28
1.14307e-11 1.20854e-29 9.4154e-28
1.14821e-11 1.19391e-29 9.29454e-28
1.15338e-11 1.17944e-29 9.17515e-28
1.15858e-11 1.16513e-29 9.05721e-28
1.1638e-11 1.15097e-29 8.9407e-28
1.16904e-11 1.13697e-29 8.8256e-28
1.1743e-11 1.12313e-29 8.7119e-28
1.17959e-11 1.10944e-29 8.59959e-28
1.1849e-11 1.0959e-29 8.48864e-28
1.19024e-11 1.08252e-29 8.37905e-28
1.1956e-11 1.06928e-29 8.2708e-28
1.20099e-11 1.05619e-29 8.16387e-28
1.2064e-11 1.04324e-29 8.05825e-28
1.21183e-11 1.03044e-29 7.95393e-28
1.21729e-11 1.01779e-29 7.85089e-28
1.22277e-11 1.00527e-29 7.74911e-28
1.22828e-11 9.929e-30 7.64858e-28
1.23381e-11 9.80667e-30 7.54929e-28
1.23936e-11 9.68571e-30 7.45122e-28
1.24495e-11 9.56613e-30 7.35437e-28
1.25055e-11 9.4479e-30 7.2587e-28
1.25618e-11 9.33101e-30 7.16423e-28
1.26184e-11 9.21545e-30 7.07092e-28
1.26753e-11 9.10121e-30 6.97876e-28
1.27323e-11 8.98827e-30 6.88775e-28
1.27897e-11 8.87663e-30 6.79787e-28
1.28473e-11 8.76626e-30 6.7091e-28
1.29051e-11 8.65716e-30 6.62144e-28
1.29633e-11 8.54931e-30 6.53487e-28
1.30216e-11 8.4427e-30 6.44937e-28
1.30803e-11 8.33733e-30 6.36495e-28
1.31392e-11 8.23317e-30 6.28157e-28
1.31984e-11 8.13021e-30 6.19924e-28
1.32578e-11 8.02845e-30 6.11794e-28
1.33175e-11 7.92787e-30 6.03765e-28
1.33775e-11 7.82845e-30 5.95838e-28
1.34378e-11 7.7302e-30 5.88009e-28
1.34983e-11 7.63309e-30 5.80279e-28
1.35591e-11 7.53711e-30 5.72646e-28
1.36201e-11 7.44226e-30 5.65109e-28
1.36815e-11 7.34851e-30 5.57666e-28
1.37431e-11 7.25587e-30 5.50318e-28
1.3805e-11 7.16431e-30 5.43062e-28
1.38672e-11 7.07384e-30 5.35898e-28
1.39296e-11 6.98442e-30 5.28824e-28
1.39923e-11 6.89607e-30 5.2184e-28
1.40554e-11 6.80875e-30 5.14943e-28
1.41187e-11 6.72247e-30 5.08135e-28
1.41823e-11 6.63722e-30 5.01412e-28
1.42461e-11 6.55297e-30 4.94775e-28
1.43103e-11 6.46973e-30 4.88222e-28
1.43747e-11 6.38747e-30 4.81752e-28
1.44395e-11 6.3062e-30 4.75365e-28
1.45045e-11 6.2259e-30 4.69059e-28
1.45698e-11 6.14655e-30 4.62833e-28
1.46354e-11 6.06816e-30 4.56686e-28
1.47014e-11 5.9907e-30 4.50618e-28
1.47676e-11 5.91418e-30 4.44627e-28
1.48341e-11 5.83857e-30 4.38713e-28
1.49009e-11 5.76388e-30 4.32875e-28
1.4968e-11 5.69008e-30 4.27111e-28
1.50354e-11 5.61717e-30 4.21421e-28
1.51031e-11 5.54515e-30 4.15803e-28
1.51711e-11 5.47399e-30 4.10258e-28
1.52395e-11 5.4037e-30 4.04784e-28
1.53081e-11 5.33426e-30 3.99381e-28
1.5377e-11 5.26566e-30 3.94046e-28
1.54463e-11 5.19789e-30 3.88781e-28
1.55159e-11 5.13095e-30 3.83583e-28
1.55857e-11 5.06483e-30 3.78452e-28
1.56559e-11 4.99951e-30 3.73387e-28
1.57265e-11 4.93499e-30 3.68388e-28
1.57973e-11 4.87126e-30 3.63453e-28
1.58684e-11 4.80831e-30 3.58581e-28
1.59399e-11 4.74613e-30 3.53773e-28
1.60117e-11 4.68471e-30 3.49027e-28
1.60838e-11 4.62405e-30 3.44342e-28
1.61562e-11 4.56414e-30 3.39718e-28
1.6229e-11 4.50496e-30 3.35154e-28
1.63021e-11 4.44651e-30 3.30649e-28
1.63755e-11 4.38878e-30 3.26202e-28
1.64493e-11 4.33177e-30 3.21814e-28
1.65233e-11 4.27546e-30 3.17482e-28
1.65978e-11 4.21985e-30 3.13206e-28
1.66725e-11 4.16492e-30 3.08987e-28
1.67476e-11 4.11068e-30 3.04822e-28
1.6823e-11 4.05711e-30 3.00711e-28
1.68988e-11 4.00421e-30 2.96654e-28
1.69749e-11 3.95197e-30 2.9265e-28
1.70513e-11 3.90038e-30 2.88698e-28
1.71281e-11 3.84943e-30 2.84797e-28
1.72053e-11 3.79912e-30 2.80948e-28
1.72828e-11 3.74943e-30 2.77149e-28
1.73606e-11 3.70037e-30 2.73399e-28
1.74388e-11 3.65192e-30 2.69699e-28
1.75173e-11 3.60408e-30 2.66047e-28
1.75962e-11 3.55684e-30 2.62443e-28
1.76755e-11 3.5102e-30 2.58886e-28
1.77551e-11 3.46414e-30 2.55376e-28
1.7835e-11 3.41865e-30 2.51912e-28
1.79154e-11 3.37375e-30 2.48493e-28
1.7996e-11 3.32941e-30 2.45119e-28
1.80771e-11 3.28562e-30 2.4179e-28
1.81585e-11 3.24239e-30 2.38504e-28
1.82403e-11 3.19971e-30 2.35262e-28
1.83224e-11 3.15757e-30 2.32062e-28
1.8405e-11 3.11596e-30 2.28905e-28
1.84878e-11 3.07488e-30 2.25789e-28
1.85711e-11 3.03432e-30 2.22714e-28
1.86547e-11 2.99427e-30 2.1968e-28
1.87388e-11 2.95474e-30 2.16685e-28
1.88232e-11 2.91571e-30 2.13731e-28
1.89079e-11 2.87717e-30 2.10815e-28
1.89931e-11 2.83912e-30 2.07938e-28
1.90786e-11 2.80156e-30 2.05099e-28
1.91646e-11 2.76448e-30 2.02297e-28
1.92509e-11 2.72788e-30 1.99532e-28
1.93376e-11 2.69174e-30 1.96805e-28
1.94247e-11 2.65606e-30 1.94113e-28
1.95121e-11 2.62084e-30 1.91457e-28
1.96e-11 2.58608e-30 1.88836e-28
1.96883e-11 2.55175e-30 1.8625e-28
1.9777e-11 2.51787e-30 1.83698e-28
1.9866e-11 2.48443e-30 1.8118e-28
1.99555e-11 2.45141e-30 1.78696e-28
2.00454e-11 2.41882e-30 1.76244e-28
2.01357e-11 2.38665e-30 1.73826e-28
2.02263e-11 2.35489e-30 1.71439e-28
2.03174e-11 2.32354e-30 1.69084e-28
2.04089e-11 2.2926e-30 1.66761e-28
2.05008e-11 2.26205e-30 1.64468e-28
2.05932e-11 2.23191e-30 1.62206e-28
2.06859e-11 2.20215e-30 1.59974e-28
2.07791e-11 2.17277e-30 1.57772e-28
2.08727e-11 2.14378e-30 1.55599e-28
2.09667e-11 2.11516e-30 1.53455e-28
2.10611e-11 2.08691e-30 1.5134e-28
2.1156e-11 2.05903e-30 1.49253e-28
2.12512e-11 2.03152e-30 1.47194e-28
2.13469e-11 2.00436e-30 1.45163e-28
2.14431e-11 1.97755e-30 1.43158e-28
2.15397e-11 1.95109e-30 1.41181e-28
2.16367e-11 1.92498e-30 1.3923e-28
2.17341e-11 1.8992e-30 1.37305e-28
2.1832e-11 1.87377e-30 1.35405e-28
2.19303e-11 1.84866e-30 1.33532e-28
2.20291e-11 1.82388e-30 1.31683e-28
2.21283e-11 1.79943e-30 1.29859e-28
2.2228e-11 1.77529e-30 1.2806e-28
2.23281e-11 1.75147e-30 1.26284e-28
2.24286e-11 1.72797e-30 1.24533e-28
2.25296e-11 1.70477e-30 1.22805e-28
2.26311e-11 1.68187e-30 1.211e-28
2.2733e-11 1.65927e-30 1.19418e-28
2.28354e-11 1.63698e-30 1.17759e-28
2.29383e-11 1.61497e-30 1.16122e-28
2.30416e-11 1.59325e-30 1.14507e-28
2.31453e-11 1.57182e-30 1.12914e-28
2.32496e-11 1.55067e-30 1.11342e-28
2.33543e-11 1.5298e-30 1.09791e-28
2.34595e-11 1.5092e-30 1.08262e-28
2.35651e-11 1.48887e-30 1.06752e-28
2.36713e-11 1.46881e-30 1.05264e-28
2.37779e-11 1.44902e-30 1.03795e-28
2.3885e-11 1.42949e-30 1.02346e-28
2.39925e-11 1.41021e-30 1.00916e-28
2.41006e-11 1.39119e-30 9.9506e-29
2.42091e-11 1.37242e-30 9.81148e-29
2.43182e-11 1.3539e-30 9.67424e-29
2.44277e-11 1.33562e-30 9.53885e-29
2.45377e-11 1.31759e-30 9.40529e-29
2.46482e-11 1.29979e-30 9.27353e-29
2.47592e-11 1.28223e-30 9.14355e-29
2.48707e-11 1.26491e-30 9.01532e-29
2.49827e-11 1.24781e-30 8.88883e-29
2.50952e-11 1.23094e-30 8.76405e-29
2.52083e-11 1.21429e-30 8.64096e-29
2.53218e-11 1.19786e-30 8.51953e-29
2.54358e-11 1.18166e-30 8.39974e-29
2.55504e-11 1.16566e-30 8.28158e-29
2.56655e-11 1.14988e-30 8.16501e-29
2.57811e-11 1.13431e-30 8.05002e-29
2.58972e-11 1.11895e-30 7.93659e-29
2.60138e-11 1.10379e-30 7.8247e-29
2.6131e-11 1.08884e-30 7.71432e-29
2.62486e-11 1.07408e-30 7.60543e-29
2.63669e-11 1.05952e-30 7.49803e-29
2.64856e-11 1.04515e-30 7.39207e-29
2.66049e-11 1.03098e-30 7.28756e-29
2.67247e-11 1.01699e-30 7.18446e-29
2.68451e-11 1.00319e-30 7.08276e-29
2.6966e-11 9.89578e-31 6.98244e-29
2.70874e-11 9.76145e-31 6.88348e-29
2.72094e-11 9.62892e-31 6.78587e-29
2.7332e-11 9.49816e-31 6.68958e-29
2.74551e-11 9.36915e-31 6.5946e-29
2.75787e-11 9.24187e-31 6.50091e-29
2.77029e-11 9.11629e-31 6.40849e-29
2.78277e-11 8.99239e-31 6.31733e-29
2.7953e-11 8.87016e-31 6.2274e-29
2.80789e-11 8.74956e-31 6.1387e-29
2.82054e-11 8.63058e-31 6.0512e-29
2.83324e-11 8.51319e-31 5.9649e-29
2.846e-11 8.39738e-31 5.87977e-29
2.85882e-11 8.28312e-31 5.79579e-29
2.87169e-11 8.1704e-31 5.71296e-29
2.88462e-11 8.05919e-31 5.63126e-29
2.89762e-11 7.94947e-31 5.55067e-29
2.91067e-11 7.84123e-31 5.47117e-29
2.92377e-11 7.73445e-31 5.39276e-29
2.93694e-11 7.6291e-31 5.31541e-29
2.95017e-11 7.52517e-31 5.23912e-29
2.96346e-11 7.42264e-31 5.16387e-29
2.9768e-11 7.32149e-31 5.08965e-29
2.99021e-11 7.2217e-31 5.01643e-29
3.00368e-11 7.12325e-31 4.94421e-29
3.0172e-11 7.02613e-31 4.87298e-29
3.03079e-11 6.93033e-31 4.80272e-29
3.04444e-11 6.83581e-31 4.73342e-29
3.05815e-11 6.74257e-31 4.66506e-29
3.07193e-11 6.65058e-31 4.59763e-29
3.08576e-11 6.55984e-31 4.53113e-29
3.09966e-11 6.47032e-31 4.46553e-29
3.11362e-11 6.38201e-31 4.40083e-29
3.12764e-11 6.29489e-31 4.33701e-29
3.14173e-11 6.20896e-31 4.27406e-29
3.15588e-11 6.12418e-31 4.21197e-29
3.17009e-11 6.04055e-31 4.15073e-29
3.18437e-11 5.95805e-31 4.09032e-29
3.19871e-11 5.87666e-31 4.03074e-29
3.21312e-11 5.79638e-31 3.97197e-29
3.22759e-11 5.71718e-31 3.91401e-29
3.24212e-11 5.63906e-31 3.85684e-29
3.25672e-11 5.56199e-31 3.80045e-29
3.27139e-11 5.48597e-31 3.74483e-29
3.28612e-11 5.41098e-31 3.68997e-29
3.30092e-11 5.337e-31 3.63586e-29
3.31579e-11 5.26403e-31 3.58249e-29
3.33072e-11 5.19204e-31 3.52985e-29
3.34573e-11 5.12103e-31 3.47793e-29
3.36079e-11 5.05099e-31 3.42672e-29
3.37593e-11 4.98189e-31 3.37621e-29
3.39113e-11 4.91374e-31 3.32639e-29
3.40641e-11 4.8465e-31 3.27725e-29
3.42175e-11 4.78019e-31 3.22878e-29
3.43716e-11 4.71477e-31 3.18098e-29
3.45264e-11 4.65024e-31 3.13384e-29
3.46819e-11 4.58659e-31 3.08733e-29
3.48381e-11 4.5238e-31 3.04147e-29
3.4995e-11 4.46186e-31 2.99623e-29
3.51526e-11 4.40077e-31 2.95161e-29
3.53109e-11 4.34051e-31 2.9076e-29
3.54699e-11 4.28107e-31 2.8642e-29
3.56297e-11 4.22244e-31 2.82139e-29
3.57901e-11 4.1646e-31 2.77916e-29
3.59513e-11 4.10755e-31 2.73752e-29
3.61132e-11 4.05128e-31 2.69644e-29
3.62759e-11 3.99578e-31 2.65593e-29
3.64393e-11 3.94103e-31 2.61597e-29
3.66034e-11 3.88702e-31 2.57656e-29
3.67682e-11 3.83375e-31 2.53769e-29
3.69338e-11 3.78121e-31 2.49935e-29
3.71002e-11 3.72939e-31 2.46154e-29
3.72672e-11 3.67827e-31 2.42425e-29
3.74351e-11 3.62784e-31 2.38746e-29
3.76037e-11 3.57811e-31 2.35119e-29
3.7773e-11 3.52905e-31 2.3154e-29
3.79432e-11 3.48066e-31 2.28011e-29
3.8114e-11 3.43294e-31 2.24531e-29
3.82857e-11 3.38586e-31 2.21098e-29
3.84581e-11 3.33943e-31 2.17712e-29
3.86313e-11 3.29363e-31 2.14372e-29
3.88053e-11 3.24845e-31 2.11079e-29
3.89801e-11 3.20389e-31 2.0783e-29
3.91556e-11 3.15995e-31 2.04627e-29
3.9332e-11 3.1166e-31 2.01467e-29
3.95091e-11 3.07384e-31 1.9835e-29
3.96871e-11 3.03167e-31 1.95276e-29
3.98658e-11 2.99007e-31 1.92244e-29
4.00453e-11 2.94904e-31 1.89254e-29
4.02257e-11 2.90858e-31 1.86305e-29
4.04069e-11 2.86866e-31 1.83397e-29
4.05888e-11 2.8293e-31 1.80528e-29
4.07716e-11 2.79047e-31 1.77699e-29
4.09553e-11 2.75217e-31 1.74908e-29
4.11397e-11 2.71439e-31 1.72156e-29
4.1325e-11 2.67714e-31 1.69442e-29
4.15111e-11 2.64039e-31 1.66765e-29
4.16981e-11 2.60414e-31 1.64124e-29
4.18859e-11 2.56839e-31 1.6152e-29
4.20745e-11 2.53313e-31 1.58952e-29
4.2264e-11 2.49836e-31 1.56419e-29
4.24543e-11 2.46406e-31 1.5392e-29
4.26455e-11 2.43023e-31 1.51456e-29
4.28376e-11 2.39686e-31 1.49026e-29
4.30305e-11 2.36395e-31 1.46629e-29
4.32243e-11 2.33149e-31 1.44265e-29
4.3419e-11 2.29947e-31 1.41934e-29
4.36146e-11 2.2679e-31 1.39634e-29
4.3811e-11 2.23675e-31 1.37366e-29
4.40083e-11 2.20604e-31 1.3513e-29
4.42065e-11 2.17574e-31 1.32923e-29
4.44056e-11 2.14586e-31 1.30748e-29
4.46056e-11 2.11639e-31 1.28602e-29
4.48065e-11 2.08733e-31 1.26485e-29
4.50083e-11 2.05866e-31 1.24398e-29
4.5211e-11 2.03038e-31 1.2234e-29
4.54146e-11 2.0025e-31 1.20309e-29
4.56191e-11 1.97499e-31 1.18307e-29
4.58246e-11 1.94787e-31 1.16332e-29
4.6031e-11 1.92111e-31 1.14384e-29
4.62383e-11 1.89472e-31 1.12463e-29
4.64465e-11 1.8687e-31 1.10568e-29
4.66557e-11 1.84303e-31 1.08699e-29
4.68658e-11 1.81771e-31 1.06856e-29
4.70769e-11 1.79274e-31 1.05038e-29
4.72889e-11 1.76812e-31 1.03246e-29
4.75019e-11 1.74383e-31 1.01478e-29
4.77158e-11 1.71988e-31 9.97338e-30
4.79307e-11 1.69625e-31 9.80139e-30
4.81466e-11 1.67295e-31 9.63177e-30
4.83634e-11 1.64997e-31 9.46447e-30
4.85812e-11 1.62731e-31 9.29948e-30
4.88e-11 1.60495e-31 9.13674e-30
4.90198e-11 1.5829e-31 8.97625e-30
4.92406e-11 1.56116e-31 8.81796e-30
4.94623e-11 1.53972e-31 8.66184e-30
4.96851e-11 1.51857e-31 8.50787e-30
4.99089e-11 1.49771e-31 8.35601e-30
5.01336e-11 1.47713e-31 8.20624e-30
5.03594e-11 1.45684e-31 8.05853e-30
5.05862e-11 1.43683e-31 7.91285e-30
5.08141e-11 1.4171e-31 7.76916e-30
5.10429e-11 1.39763e-31 7.62745e-30
5.12728e-11 1.37843e-31 7.48769e-30
5.15037e-11 1.3595e-31 7.34985e-30
5.17357e-11 1.34083e-31 7.2139e-30
5.19687e-11 1.32241e-31 7.07981e-30
5.22027e-11 1.30425e-31 6.94757e-30
5.24378e-11 1.28633e-31 6.81715e-30
5.2674e-11 1.26867e-31 6.68852e-30
5.29112e-11 1.25124e-31 6.56165e-30
5.31495e-11 1.23406e-31 6.43652e-30
5.33889e-11 1.21711e-31 6.31312e-30
5.36293e-11 1.2004e-31 6.19141e-30
5.38709e-11 1.18391e-31 6.07137e-30
5.41135e-11 1.16765e-31 5.95298e-30
5.43572e-11 1.15162e-31 5.83621e-30
5.4602e-11 1.1358e-31 5.72105e-30
5.48479e-11 1.12021e-31 5.60747e-30
5.50949e-11 1.10483e-31 5.49545e-30
5.53431e-11 1.08966e-31 5.38497e-30
5.55923e-11 1.0747e-31 5.276e-30
5.58427e-11 1.05994e-31 5.16853e-30
5.60942e-11 1.04539e-31 5.06254e-30
5.63468e-11 1.03104e-31 4.958e-30
5.66006e-11 1.01688e-31 4.85489e-30
5.68555e-11 1.00292e-31 4.75321e-30
5.71116e-11 9.89155e-32 4.65291e-30
5.73688e-11 9.75577e-32 4.554e-30
5.76272e-11 9.62186e-32 4.45644e-30
5.78867e-11 9.48979e-32 4.36022e-30
5.81474e-11 9.35954e-32 4.26532e-30
5.84093e-11 9.23109e-32 4.17173e-30
5.86723e-11 9.1044e-32 4.07942e-30
5.89366e-11 8.97946e-32 3.98837e-30
5.9202e-11 8.85623e-32 3.89858e-30
5.94686e-11 8.73471e-32 3.81002e-30
5.97365e-11 8.61486e-32 3.72267e-30
6.00055e-11 8.49665e-32 3.63652e-30
6.02758e-11 8.38008e-32 3.55156e-30
6.05472e-11 8.26511e-32 3.46775e-30
6.08199e-11 8.15172e-32 3.3851e-30
6.10938e-11 8.0399e-32 3.30359e-30
6.1369e-11 7.92961e-32 3.22319e-30
6.16454e-11 7.82085e-32 3.14389e-30
6.1923e-11 7.71358e-32 3.06568e-30
6.22019e-11 7.60779e-32 2.98855e-30
6.2482e-11 7.50345e-32 2.91247e-30
6.27634e-11 7.40055e-32 2.83743e-30
6.30461e-11 7.29907e-32 2.76343e-30
6.333e-11 7.19899e-32 2.69044e-30
6.36152e-11 7.10029e-32 2.61845e-30
6.39017e-11 7.00294e-32 2.54745e-30
6.41895e-11 6.90694e-32 2.47742e-30
6.44786e-11 6.81226e-32 2.40835e-30
6.4769e-11 6.71888e-32 2.34022e-30
6.50607e-11 6.62679e-32 2.27304e-30
6.53537e-11 6.53596e-32 2.20677e-30
6.56481e-11 6.44639e-32 2.14141e-30
6.59437e-11 6.35805e-32 2.07694e-30
6.62407e-11 6.27093e-32 2.01336e-30
6.65391e-11 6.18501e-32 1.95065e-30
6.68387e-11 6.10027e-32 1.8888e-30
6.71398e-11 6.0167e-32 1.8278e-30
6.74421e-11 5.93428e-32 1.76763e-30
6.77459e-11 5.85299e-32 1.70829e-30
6.8051e-11 5.77282e-32 1.64976e-30
6.83575e-11 5.69376e-32 1.59203e-30
6.86653e-11 5.61579e-32 1.5351e-30
6.89746e-11 5.53889e-32 1.47894e-30
6.92852e-11 5.46305e-32 1.42355e-30
6.95973e-11 5.38826e-32 1.36892e-30
6.99107e-11 5.31449e-32 1.31504e-30
7.02256e-11 5.24174e-32 1.26189e-30
7.05418e-11 5.16999e-32 1.20947e-30
7.08595e-11 5.09924e-32 1.15777e-30
7.11787e-11 5.02945e-32 1.10678e-30
7.14992e-11 4.96063e-32 1.05649e-30
7.18212e-11 4.89275e-32 1.00688e-30
7.21447e-11 4.82581e-32 9.57953e-31
7.24696e-11 4.75979e-32 9.09695e-31
7.2796e-11 4.69468e-32 8.62097e-31
7.31239e-11 4.63047e-32 8.1515e-31
7.34532e-11 4.56714e-32 7.68845e-31
7.3784e-11 4.50468e-32 7.23174e-31
7.41163e-11 4.44308e-32 6.78127e-31
7.44501e-11 4.38233e-32 6.33697e-31
7.47854e-11 4.32242e-32 5.89873e-31
7.51222e-11 4.26333e-32 5.46649e-31
7.54605e-11 4.20506e-32 5.04016e-31
7.58004e-11 4.14758e-32 4.61965e-31
7.61418e-11 4.0909e-32 4.20489e-31
7.64847e-11 4.035e-32 3.7958e-31
7.68292e-11 3.97987e-32 3.3923e-31
7.71752e-11 3.9255e-32 2.99432e-31
7.75228e-11 3.87187e-32 2.60177e-31
7.78719e-11 3.81899e-32 2.21458e-31
7.82226e-11 3.76683e-32 1.83268e-31
7.85749e-11 3.71539e-32 1.456e-31
7.89288e-11 3.66466e-32 1.08446e-31
7.92842e-11 3.61463e-32 7.17991e-32
7.96413e-11 3.56528e-32 3.56528e-32
