1e-14 0 3.53645e-25
1.0045e-14 0 3.53645e-25
1.00903e-14 0 3.53645e-25
1.01357e-14 0 3.53645e-25
1.01814e-14 0 3.53645e-25
1.02272e-14 0 3.53645e-25
1.02733e-14 0 3.53645e-25
1.03196e-14 0 3.53645e-25
1.0366e-14 0 3.53645e-25
1.04127e-14 0 3.53645e-25
1.04596e-14 0 3.53645e-25
1.05067e-14 0 3.53645e-25
1.0554e-14 0 3.53645e-25
1.06016e-14 0 3.53645e-25
1.06493e-14 0 3.53645e-25
1.06973e-14 0 3.53645e-25
1.07455e-14 0 3.53645e-25
1.07938e-14 0 3.53645e-25
1.08425e-14 0 3.53645e-25
1.08913e-14 0 3.53645e-25
1.09403e-14 0 3.53645e-25
1.09896e-14 0 3.53645e-25
1.10391e-14 0 3.53645e-25
1.10888e-14 0 3.53645e-25
1.11388e-14 0 3.53645e-25
1.11889e-14 0 3.53645e-25
1.12393e-14 0 3.53645e-25
1.12899e-14 0 3.53645e-25
1.13408e-14 0 3.53645e-25
1.13919e-14 0 3.53645e-25
1.14432e-14 0 3.53645e-25
1.14947e-14 0 3.53645e-25
1.15465e-14 0 3.53645e-25
1.15985e-14 0 3.53645e-25
1.16507e-14 0 3.53645e-25
1.17032e-14 0 3.53645e-25
1.17559e-14 0 3.53645e-25
1.18088e-14 0 3.53645e-25
1.1862e-14 0 3.53645e-25
1.19154e-14 0 3.53645e-25
1.19691e-14 0 3.53645e-25
1.2023e-14 0 3.53645e-25
1.20772e-14 0 3.53645e-25
1.21316e-14 0 3.53645e-25
1.21862e-14 0 3.53645e-25
1.22411e-14 0 3.53645e-25
1.22962e-14 0 3.53645e-25
1.23516e-14 0 3.53645e-25
1.24072e-14 0 3.53645e-25
1.24631e-14 0 3.53645e-25
1.25192e-14 0 3.53645e-25
1.25756e-14 0 3.53645e-25
1.26322e-14 0 3.53645e-25
1.26891e-14 0 3.53645e-25
1.27463e-14 0 3.53645e-25
1.28037e-14 0 3.53645e-25
1.28613e-14 0 3.53645e-25
1.29193e-14 0 3.53645e-25
1.29775e-14 0 3.53645e-25
1.30359e-14 0 3.53645e-25
1.30946e-14 0 3.53645e-25
1.31536e-14 0 3.53645e-25
1.32128e-14 0 3.53645e-25
1.32723e-14 0 3.53645e-25
1.33321e-14 0 3.53645e-25
1.33922e-14 0 3.53645e-25
1.34525e-14 0 3.53645e-25
1.35131e-14 0 3.53645e-25
1.35739e-14 0 3.53645e-25
1.3635e-14 0 3.53645e-25
1.36965e-14 0 3.53645e-25
1.37581e-14 0 3.53645e-25
1.38201e-14 0 3.53645e-25
1.38823e-14 0 3.53645e-25
1.39449e-14 0 3.53645e-25
1.40077e-14 0 3.53645e-25
1.40708e-14 0 3.53645e-25
1.41341e-14 0 3.53645e-25
1.41978e-14 0 3.53645e-25
1.42617e-14 0 3.53645e-25
1.4326e-14 0 3.53645e-25
1.43905e-14 0 3.53645e-25
1.44553e-14 0 3.53645e-25
1.45204e-14 0 3.53645e-25
1.45858e-14 0 3.53645e-25
1.46515e-14 0 3.53645e-25
1.47175e-14 0 3.53645e-25
1.47837e-14 0 3.53645e-25
1.48503e-14 0 3.53645e-25
1.49172e-14 0 3.53645e-25
1.49844e-14 0 3.53645e-25
1.50519e-14 0 3.53645e-25
1.51197e-14 0 3.53645e-25
1.51878e-14 0 3.53645e-25
1.52562e-14 0 3.53645e-25
1.53249e-14 0 3.53645e-25
1.53939e-14 0 3.53645e-25
1.54632e-14 0 3.53645e-25
1.55329e-14 0 3.53645e-25
1.56028e-14 0 3.53645e-25
1.56731e-14 0 3.53645e-25
1.57437e-14 0 3.53645e-25
1.58146e-14 0 3.53645e-25
1.58858e-14 0 3.53645e-25
1.59573e-14 0 3.53645e-25
1.60292e-14 0 3.53645e-25
1.61014e-14 0 3.53645e-25
1.61739e-14 0 3.53645e-25
1.62468e-14 0 3.53645e-25
1.63199e-14 0 3.53645e-25
1.63934e-14 0 3.53645e-25
1.64673e-14 0 3.53645e-25
1.65414e-14 0 3.53645e-25
1.66159e-14 0 3.53645e-25
1.66908e-14 0 3.53645e-25
1.67659e-14 0 3.53645e-25
1.68414e-14 0 3.53645e-25
1.69173e-14 0 3.53645e-25
1.69935e-14 0 3.53645e-25
1.707e-14 0 3.53645e-25
1.71469e-14 0 3.53645e-25
1.72241e-14 0 3.53645e-25
1.73017e-14 0 3.53645e-25
1.73796e-14 0 3.53645e-25
1.74579e-14 0 3.53645e-25
1.75365e-14 0 3.53645e-25
1.76155e-14 0 3.53645e-25
1.76948e-14 0 3.53645e-25
1.77745e-14 0 3.53645e-25
1.78546e-14 0 3.53645e-25
1.7935e-14 0 3.53645e-25
1.80158e-14 0 3.53645e-25
1.80969e-14 0 3.53645e-25
1.81784e-14 0 3.53645e-25
1.82603e-14 0 3.53645e-25
1.83425e-14 0 3.53645e-25
1.84251e-14 0 3.53645e-25
1.85081e-14 0 3.53645e-25
1.85914e-14 0 3.53645e-25
1.86752e-14 0 3.53645e-25
1.87593e-14 0 3.53645e-25
1.88438e-14 0 3.53645e-25
1.89286e-14 0 3.53645e-25
1.90139e-14 0 3.53645e-25
1.90995e-14 0 3.53645e-25
1.91855e-14 0 3.53645e-25
1.92719e-14 0 3.53645e-25
1.93587e-14 0 3.53645e-25
1.94459e-14 0 3.53645e-25
1.95335e-14 0 3.53645e-25
1.96215e-14 0 3.53645e-25
1.97098e-14 0 3.53645e-25
1.97986e-14 0 3.53645e-25
1.98878e-14 0 3.53645e-25
1.99774e-14 0 3.53645e-25
2.00673e-14 0 3.53645e-25
2.01577e-14 0 3.53645e-25
2.02485e-14 0 3.53645e-25
2.03397e-14 0 3.53645e-25
2.04313e-14 0 3.53645e-25
2.05233e-14 0 3.53645e-25
2.06157e-14 0 3.53645e-25
2.07086e-14 0 3.53645e-25
2.08018e-14 0 3.53645e-25
2.08955e-14 0 3.53645e-25
2.09896e-14 0 3.53645e-25
2.10842e-14 0 3.53645e-25
2.11791e-14 0 3.53645e-25
2.12745e-14 0 3.53645e-25
2.13703e-14 0 3.53645e-25
2.14666e-14 0 3.53645e-25
2.15632e-14 0 3.53645e-25
2.16604e-14 0 3.53645e-25
2.17579e-14 0 3.53645e-25
2.18559e-14 0 3.53645e-25
2.19543e-14 0 3.53645e-25
2.20532e-14 0 3.53645e-25
2.21525e-14 0 3.53645e-25
2.22523e-14 0 3.53645e-25
2.23525e-14 0 3.53645e-25
2.24532e-14 0 3.53645e-25
2.25543e-14 0 3.53645e-25
2.26559e-14 0 3.53645e-25
2.27579e-14 0 3.53645e-25
2.28604e-14 0 3.53645e-25
2.29634e-14 0 3.53645e-25
2.30668e-14 0 3.53645e-25
2.31707e-14 0 3.53645e-25
2.3275e-14 0 3.53645e-25
2.33799e-14 0 3.53645e-25
2.34852e-14 0 3.53645e-25
2.35909e-14 0 3.53645e-25
2.36972e-14 0 3.53645e-25
2.38039e-14 0 3.53645e-25
2.39111e-14 0 3.53645e-25
2.40188e-14 0 3.53645e-25
2.4127e-14 0 3.53645e-25
2.42356e-14 0 3.53645e-25
2.43448e-14 0 3.53645e-25
2.44544e-14 0 3.53645e-25
2.45646e-14 0 3.53645e-25
2.46752e-14 0 3.53645e-25
2.47863e-14 0 3.53645e-25
2.4898e-14 0 3.53645e-25
2.50101e-14 0 3.53645e-25
2.51227e-14 0 3.53645e-25
2.52359e-14 0 3.53645e-25
2.53495e-14 0 3.53645e-25
2.54637e-14 0 3.53645e-25
2.55784e-14 0 3.53645e-25
2.56936e-14 0 3.53645e-25
2.58093e-14 0 3.53645e-25
2.59255e-14 0 3.53645e-25
2.60423e-14 0 3.53645e-25
2.61596e-14 0 3.53645e-25
2.62774e-14 0 3.53645e-25
2.63957e-14 0 3.53645e-25
2.65146e-14 0 3.53645e-25
2.6634e-14 0 3.53645e-25
2.6754e-14 0 3.53645e-25
2.68745e-14 0 3.53645e-25
2.69955e-14 0 3.53645e-25
2.71171e-14 0 3.53645e-25
2.72392e-14 0 3.53645e-25
2.73619e-14 0 3.53645e-25
2.74851e-14 0 3.53645e-25
2.76089e-14 0 3.53645e-25
2.77332e-14 0 3.53645e-25
2.78581e-14 0 3.53645e-25
2.79836e-14 0 3.53645e-25
2.81096e-14 0 3.53645e-25
2.82362e-14 0 3.53645e-25
2.83634e-14 0 3.53645e-25
2.84912e-14 0 3.53645e-25
2.86195e-14 0 3.53645e-25
2.87484e-14 0 3.53645e-25
2.88778e-14 0 3.53645e-25
2.90079e-14 0 3.53645e-25
2.91385e-14 0 3.53645e-25
2.92698e-14 0 3.53645e-25
2.94016e-14 0 3.53645e-25
2.9534e-14 0 3.53645e-25
2.9667e-14 0 3.53645e-25
2.98006e-14 0 3.53645e-25
2.99348e-14 0 3.53645e-25
3.00697e-14 0 3.53645e-25
3.02051e-14 0 3.53645e-25
3.03411e-14 0 3.53645e-25
3.04778e-14 0 3.53645e-25
3.0615e-14 0 3.53645e-25
3.07529e-14 0 3.53645e-25
3.08914e-14 0 3.53645e-25
3.10305e-14 0 3.53645e-25
3.11703e-14 0 3.53645e-25
3.13107e-14 0 3.53645e-25
3.14517e-14 0 3.53645e-25
3.15933e-14 0 3.53645e-25
3.17356e-14 0 3.53645e-25
3.18786e-14 0 3.53645e-25
3.20221e-14 0 3.53645e-25
3.21663e-14 0 3.53645e-25
3.23112e-14 0 3.53645e-25
3.24567e-14 0 3.53645e-25
3.26029e-14 0 3.53645e-25
3.27497e-14 0 3.53645e-25
3.28972e-14 0 3.53645e-25
3.30454e-14 0 3.53645e-25
3.31942e-14 0 3.53645e-25
3.33437e-14 0 3.53645e-25
3.34939e-14 0 3.53645e-25
3.36447e-14 0 3.53645e-25
3.37963e-14 0 3.53645e-25
3.39485e-14 0 3.53645e-25
3.41014e-14 0 3.53645e-25
3.42549e-14 0 3.53645e-25
3.44092e-14 0 3.53645e-25
3.45642e-14 0 3.53645e-25
3.47199e-14 0 3.53645e-25
3.48762e-14 0 3.53645e-25
3.50333e-14 0 3.53645e-25
3.51911e-14 0 3.53645e-25
3.53496e-14 0 3.53645e-25
3.55088e-14 0 3.53645e-25
3.56687e-14 0 3.53645e-25
3.58293e-14 0 3.53645e-25
3.59907e-14 0 3.53645e-25
3.61528e-14 0 3.53645e-25
3.63156e-14 0 3.53645e-25
3.64792e-14 0 3.53645e-25
3.66435e-14 0 3.53645e-25
3.68085e-14 0 3.53645e-25
3.69743e-14 0 3.53645e-25
3.71408e-14 0 3.53645e-25
3.73081e-14 0 3.53645e-25
3.74761e-14 0 3.53645e-25
3.76449e-14 0 3.53645e-25
3.78144e-14 0 3.53645e-25
3.79847e-14 0 3.53645e-25
3.81558e-14 0 3.53645e-25
3.83276e-14 0 3.53645e-25
3.85002e-14 0 3.53645e-25
3.86736e-14 0 3.53645e-25
3.88478e-14 0 3.53645e-25
3.90228e-14 0 3.53645e-25
3.91985e-14 0 3.53645e-25
3.93751e-14 0 3.53645e-25
3.95524e-14 0 3.53645e-25
3.97305e-14 0 3.53645e-25
3.99095e-14 0 3.53645e-25
4.00892e-14 0 3.53645e-25
4.02698e-14 0 3.53645e-25
4.04511e-14 0 3.53645e-25
4.06333e-14 0 3.53645e-25
4.08163e-14 0 3.53645e-25
4.10001e-14 0 3.53645e-25
4.11848e-14 0 3.53645e-25
4.13703e-14 0 3.53645e-25
4.15566e-14 0 3.53645e-25
4.17437e-14 0 3.53645e-25
4.19317e-14 0 3.53645e-25
4.21206e-14 0 3.53645e-25
4.23103e-14 0 3.53645e-25
4.25008e-14 0 3.53645e-25
4.26922e-14 0 3.53645e-25
4.28845e-14 0 3.53645e-25
4.30777e-14 0 3.53645e-25
4.32717e-14 0 3.53645e-25
4.34666e-14 0 3.53645e-25
4.36623e-14 0 3.53645e-25
4.3859e-14 0 3.53645e-25
4.40565e-14 0 3.53645e-25
4.42549e-14 0 3.53645e-25
4.44542e-14 0 3.53645e-25
4.46544e-14 0 3.53645e-25
4.48555e-14 0 3.53645e-25
4.50575e-14 0 3.53645e-25
4.52605e-14 0 3.53645e-25
4.54643e-14 0 3.53645e-25
4.56691e-14 0 3.53645e-25
4.58748e-14 0 3.53645e-25
4.60814e-14 0 3.53645e-25
4.62889e-14 0 3.53645e-25
4.64974e-14 0 3.53645e-25
4.67068e-14 0 3.53645e-25
4.69171e-14 0 3.53645e-25
4.71284e-14 0 3.53645e-25
4.73407e-14 0 3.53645e-25
4.75539e-14 0 3.53645e-25
4.77681e-14 0 3.53645e-25
4.79832e-14 0 3.53645e-25
4.81993e-14 0 3.53645e-25
4.84164e-14 0 3.53645e-25
4.86344e-14 0 3.53645e-25
4.88535e-14 0 3.53645e-25
4.90735e-14 0 3.53645e-25
4.92945e-14 0 3.53645e-25
4.95165e-14 0 3.53645e-25
4.97395e-14 0 3.53645e-25
4.99635e-14 0 3.53645e-25
5.01886e-14 0 3.53645e-25
5.04146e-14 0 3.53645e-25
5.06416e-14 0 3.53645e-25
5.08697e-14 0 3.53645e-25
5.10988e-14 0 3.53645e-25
5.13289e-14 0 3.53645e-25
5.15601e-14 0 3.53645e-25
5.17923e-14 0 3.53645e-25
5.20256e-14 0 3.53645e-25
5.22599e-14 0 3.53645e-25
5.24953e-14 0 3.53645e-25
5.27317e-14 0 3.53645e-25
5.29692e-14 0 3.53645e-25
5.32077e-14 0 3.53645e-25
5.34474e-14 0 3.53645e-25
5.36881e-14 0 3.53645e-25
5.39299e-14 0 3.53645e-25
5.41728e-14 0 3.53645e-25
5.44167e-14 0 3.53645e-25
5.46618e-14 0 3.53645e-25
5.4908e-14 0 3.53645e-25
5.51553e-14 0 3.53645e-25
5.54037e-14 0 3.53645e-25
5.56532e-14 0 3.53645e-25
5.59039e-14 0 3.53645e-25
5.61556e-14 0 3.53645e-25
5.64085e-14 0 3.53645e-25
5.66626e-14 0 3.53645e-25
5.69178e-14 0 3.53645e-25
5.71741e-14 0 3.53645e-25
5.74316e-14 0 3.53645e-25
5.76903e-14 0 3.53645e-25
5.79501e-14 0 3.53645e-25
5.82111e-14 0 3.53645e-25
5.84732e-14 0 3.53645e-25
5.87366e-14 0 3.53645e-25
5.90011e-14 0 3.53645e-25
5.92668e-14 0 3.53645e-25
5.95338e-14 0 3.53645e-25
5.98019e-14 0 3.53645e-25
6.00712e-14 0 3.53645e-25
6.03418e-14 0 3.53645e-25
6.06135e-14 0 3.53645e-25
6.08865e-14 0 3.53645e-25
6.11607e-14 0 3.53645e-25
6.14362e-14 0 3.53645e-25
6.17129e-14 0 3.53645e-25
6.19908e-14 0 3.53645e-25
6.227e-14 0 3.53645e-25
6.25504e-14 0 3.53645e-25
6.28321e-14 0 3.53645e-25
6.31151e-14 0 3.53645e-25
6.33994e-14 0 3.53645e-25
6.36849e-14 0 3.53645e-25
6.39717e-14 0 3.53645e-25
6.42598e-14 0 3.53645e-25
6.45492e-14 0 3.53645e-25
6.484e-14 0 3.53645e-25
6.5132e-14 0 3.53645e-25
6.54253e-14 0 3.53645e-25
6.572e-14 0 3.53645e-25
6.6016e-14 0 3.53645e-25
6.63133e-14 0 3.53645e-25
6.66119e-14 0 3.53645e-25
6.69119e-14 0 3.53645e-25
6.72133e-14 0 3.53645e-25
6.7516e-14 0 3.53645e-25
6.78201e-14 0 3.53645e-25
6.81255e-14 0 3.53645e-25
6.84323e-14 0 3.53645e-25
6.87405e-14 0 3.53645e-25
6.90501e-14 0 3.53645e-25
6.93611e-14 0 3.53645e-25
6.96735e-14 0 3.53645e-25
6.99873e-14 0 3.53645e-25
7.03025e-14 0 3.53645e-25
7.06191e-14 0 3.53645e-25
7.09371e-14 0 3.53645e-25
7.12566e-14 0 3.53645e-25
7.15775e-14 0 3.53645e-25
7.18999e-14 0 3.53645e-25
7.22237e-14 0 3.53645e-25
7.2549e-14 0 3.53645e-25
7.28757e-14 0 3.53645e-25
7.32039e-14 0 3.53645e-25
7.35336e-14 0 3.53645e-25
7.38648e-14 0 3.53645e-25
7.41975e-14 0 3.53645e-25
7.45316e-14 0 3.53645e-25
7.48673e-14 0 3.53645e-25
7.52045e-14 0 3.53645e-25
7.55432e-14 0 3.53645e-25
7.58834e-14 0 3.53645e-25
7.62252e-14 0 3.53645e-25
7.65685e-14 0 3.53645e-25
7.69133e-14 0 3.53645e-25
7.72597e-14 0 3.53645e-25
7.76076e-14 0 3.53645e-25
7.79572e-14 0 3.53645e-25
7.83083e-14 0 3.53645e-25
7.86609e-14 0 3.53645e-25
7.90152e-14 0 3.53645e-25
7.93711e-14 0 3.53645e-25
7.97285e-14 0 3.53645e-25
8.00876e-14 0 3.53645e-25
8.04483e-14 0 3.53645e-25
8.08106e-14 0 3.53645e-25
8.11746e-14 0 3.53645e-25
8.15402e-14 0 3.53645e-25
8.19074e-14 0 3.53645e-25
8.22763e-14 0 3.53645e-25
8.26468e-14 0 3.53645e-25
8.3019e-14 0 3.53645e-25
8.33929e-14 0 3.53645e-25
8.37685e-14 0 3.53645e-25
8.41458e-14 0 3.53645e-25
8.45247e-14 0 3.53645e-25
8.49054e-14 0 3.53645e-25
8.52878e-14 0 3.53645e-25
8.56719e-14 0 3.53645e-25
8.60578e-14 0 3.53645e-25
8.64453e-14 0 3.53645e-25
8.68347e-14 0 3.53645e-25
8.72257e-14 0 3.53645e-25
8.76186e-14 0 3.53645e-25
8.80132e-14 0 3.53645e-25
8.84096e-14 0 3.53645e-25
8.88077e-14 0 3.53645e-25
8.92077e-14 0 3.53645e-25
8.96095e-14 0 3.53645e-25
9.00131e-14 0 3.53645e-25
9.04184e-14 0 3.53645e-25
9.08257e-14 0 3.53645e-25
9.12347e-14 0 3.53645e-25
9.16456e-14 0 3.53645e-25
9.20584e-14 0 3.53645e-25
9.2473e-14 0 3.53645e-25
9.28894e-14 0 3.53645e-25
9.33078e-14 0 3.53645e-25
9.3728e-14 0 3.53645e-25
9.41501e-14 0 3.53645e-25
9.45742e-14 0 3.53645e-25
9.50001e-14 0 3.53645e-25
9.54279e-14 0 3.53645e-25
9.58577e-14 0 3.53645e-25
9.62894e-14 0 3.53645e-25
9.67231e-14 0 3.53645e-25
9.71587e-14 0 3.53645e-25
9.75963e-14 0 3.53645e-25
9.80358e-14 0 3.53645e-25
9.84774e-14 0 3.53645e-25
9.89209e-14 0 3.53645e-25
9.93664e-14 0 3.53645e-25
9.98139e-14 0 3.53645e-25
1.00263e-13 0 3.53645e-25
1.00715e-13 0 3.53645e-25
1.01169e-13 0 3.53645e-25
1.01624e-13 0 3.53645e-25
1.02082e-13 0 3.53645e-25
1.02542e-13 0 3.53645e-25
1.03003e-13 0 3.53645e-25
1.03467e-13 0 3.53645e-25
1.03933e-13 0 3.53645e-25
1.04401e-13 0 3.53645e-25
1.04872e-13 0 3.53645e-25
1.05344e-13 0 3.53645e-25
1.05818e-13 0 3.53645e-25
1.06295e-13 0 3.53645e-25
1.06774e-13 0 3.53645e-25
1.07255e-13 0 3.53645e-25
1.07738e-13 0 3.53645e-25
1.08223e-13 0 3.53645e-25
1.0871e-13 0 3.53645e-25
1.092e-13 0 3.53645e-25
1.09692e-13 0 3.53645e-25
1.10186e-13 0 3.53645e-25
1.10682e-13 0 3.53645e-25
1.1118e-13 0 3.53645e-25
1.11681e-13 0 3.53645e-25
1.12184e-13 0 3.53645e-25
1.12689e-13 0 3.53645e-25
1.13197e-13 0 3.53645e-25
1.13707e-13 0 3.53645e-25
1.14219e-13 0 3.53645e-25
1.14733e-13 0 3.53645e-25
1.1525e-13 0 3.53645e-25
1.15769e-13 0 3.53645e-25
1.1629e-13 0 3.53645e-25
1.16814e-13 0 3.53645e-25
1.1734e-13 0 3.53645e-25
1.17869e-13 0 3.53645e-25
1.18399e-13 0 3.53645e-25
1.18933e-13 0 3.53645e-25
1.19468e-13 0 3.53645e-25
1.20006e-13 0 3.53645e-25
1.20547e-13 0 3.53645e-25
1.2109e-13 0 3.53645e-25
1.21635e-13 0 3.53645e-25
1.22183e-13 0 3.53645e-25
1.22733e-13 0 3.53645e-25
1.23286e-13 0 3.53645e-25
1.23841e-13 0 3.53645e-25
1.24399e-13 0 3.53645e-25
1.24959e-13 0 3.53645e-25
1.25522e-13 0 3.53645e-25
1.26087e-13 0 3.53645e-25
1.26655e-13 0 3.53645e-25
1.27226e-13 0 3.53645e-25
1.27799e-13 0 3.53645e-25
1.28374e-13 0 3.53645e-25
1.28952e-13 0 3.53645e-25
1.29533e-13 0 3.53645e-25
1.30116e-13 0 3.53645e-25
1.30702e-13 0 3.53645e-25
1.31291e-13 0 3.53645e-25
1.31882e-13 0 3.53645e-25
1.32476e-13 0 3.53645e-25
1.33073e-13 0 3.53645e-25
1.33672e-13 0 3.53645e-25
1.34274e-13 0 3.53645e-25
1.34879e-13 0 3.53645e-25
1.35487e-13 0 3.53645e-25
1.36097e-13 0 3.53645e-25
1.3671e-13 0 3.53645e-25
1.37325e-13 0 3.53645e-25
1.37944e-13 0 3.53645e-25
1.38565e-13 0 3.53645e-25
1.39189e-13 0 3.53645e-25
1.39816e-13 0 3.53645e-25
1.40446e-13 0 3.53645e-25
1.41078e-13 0 3.53645e-25
1.41714e-13 0 3.53645e-25
1.42352e-13 0 3.53645e-25
1.42993e-13 0 3.53645e-25
1.43637e-13 0 3.53645e-25
1.44284e-13 0 3.53645e-25
1.44934e-13 0 3.53645e-25
1.45586e-13 0 3.53645e-25
1.46242e-13 0 3.53645e-25
1.46901e-13 0 3.53645e-25
1.47562e-13 0 3.53645e-25
1.48227e-13 0 3.53645e-25
1.48894e-13 0 3.53645e-25
1.49565e-13 0 3.53645e-25
1.50239e-13 0 3.53645e-25
1.50915e-13 0 3.53645e-25
1.51595e-13 0 3.53645e-25
1.52278e-13 0 3.53645e-25
1.52963e-13 0 3.53645e-25
1.53652e-13 0 3.53645e-25
1.54344e-13 0 3.53645e-25
1.5504e-13 0 3.53645e-25
1.55738e-13 0 3.53645e-25
1.56439e-13 0 3.53645e-25
1.57144e-13 0 3.53645e-25
1.57851e-13 0 3.53645e-25
1.58562e-13 0 3.53645e-25
1.59277e-13 0 3.53645e-25
1.59994e-13 0 3.53645e-25
1.60714e-13 0 3.53645e-25
1.61438e-13 0 3.53645e-25
1.62165e-13 0 3.53645e-25
1.62896e-13 0 3.53645e-25
1.63629e-13 0 3.53645e-25
1.64366e-13 0 3.53645e-25
1.65106e-13 0 3.53645e-25
1.6585e-13 0 3.53645e-25
1.66597e-13 0 3.53645e-25
1.67347e-13 0 3.53645e-25
1.68101e-13 0 3.53645e-25
1.68858e-13 0 3.53645e-25
1.69619e-13 0 3.53645e-25
1.70382e-13 0 3.53645e-25
1.7115e-13 0 3.53645e-25
1.71921e-13 0 3.53645e-25
1.72695e-13 0 3.53645e-25
1.73473e-13 0 3.53645e-25
1.74254e-13 0 3.53645e-25
1.75039e-13 0 3.53645e-25
1.75827e-13 0 3.53645e-25
1.76619e-13 0 3.53645e-25
1.77414e-13 0 3.53645e-25
1.78213e-13 0 3.53645e-25
1.79016e-13 0 3.53645e-25
1.79822e-13 0 3.53645e-25
1.80632e-13 0 3.53645e-25
1.81446e-13 0 3.53645e-25
1.82263e-13 0 3.53645e-25
1.83084e-13 0 3.53645e-25
1.83908e-13 0 3.53645e-25
1.84736e-13 0 3.53645e-25
1.85568e-13 0 3.53645e-25
1.86404e-13 0 3.53645e-25
1.87244e-13 0 3.53645e-25
1.88087e-13 0 3.53645e-25
1.88934e-13 0 3.53645e-25
1.89785e-13 0 3.53645e-25
1.9064e-13 0 3.53645e-25
1.91498e-13 0 3.53645e-25
1.92361e-13 0 3.53645e-25
1.93227e-13 0 3.53645e-25
1.94097e-13 0 3.53645e-25
1.94972e-13 0 3.53645e-25
1.9585e-13 0 3.53645e-25
1.96732e-13 0 3.53645e-25
1.97618e-13 0 3.53645e-25
1.98508e-13 0 3.53645e-25
1.99402e-13 0 3.53645e-25
2.003e-13 0 3.53645e-25
2.01202e-13 0 3.53645e-25
2.02108e-13 0 3.53645e-25
2.03018e-13 0 3.53645e-25
2.03933e-13 0 3.53645e-25
2.04851e-13 0 3.53645e-25
2.05774e-13 0 3.53645e-25
2.067e-13 0 3.53645e-25
2.07631e-13 0 3.53645e-25
2.08566e-13 0 3.53645e-25
2.09506e-13 0 3.53645e-25
2.10449e-13 0 3.53645e-25
2.11397e-13 0 3.53645e-25
2.12349e-13 0 3.53645e-25
2.13306e-13 0 3.53645e-25
2.14266e-13 0 3.53645e-25
2.15231e-13 0 3.53645e-25
2.16201e-13 0 3.53645e-25
2.17174e-13 0 3.53645e-25
2.18152e-13 0 3.53645e-25
2.19135e-13 0 3.53645e-25
2.20122e-13 0 3.53645e-25
2.21113e-13 0 3.53645e-25
2.22109e-13 0 3.53645e-25
2.23109e-13 0 3.53645e-25
2.24114e-13 0 3.53645e-25
2.25123e-13 0 3.53645e-25
2.26137e-13 0 3.53645e-25
2.27156e-13 0 3.53645e-25
2.28179e-13 0 3.53645e-25
2.29206e-13 0 3.53645e-25
2.30239e-13 0 3.53645e-25
2.31276e-13 0 3.53645e-25
2.32317e-13 0 3.53645e-25
2.33364e-13 0 3.53645e-25
2.34415e-13 0 3.53645e-25
2.3547e-13 0 3.53645e-25
2.36531e-13 0 3.53645e-25
2.37596e-13 0 3.53645e-25
2.38666e-13 0 3.53645e-25
2.39741e-13 0 3.53645e-25
2.40821e-13 0 3.53645e-25
2.41905e-13 0 3.53645e-25
2.42995e-13 0 3.53645e-25
2.44089e-13 0 3.53645e-25
2.45188e-13 0 3.53645e-25
2.46293e-13 0 3.53645e-25
2.47402e-13 0 3.53645e-25
2.48516e-13 0 3.53645e-25
2.49635e-13 0 3.53645e-25
2.5076e-13 0 3.53645e-25
2.51889e-13 0 3.53645e-25
2.53023e-13 0 3.53645e-25
2.54163e-13 0 3.53645e-25
2.55308e-13 0 3.53645e-25
2.56458e-13 0 3.53645e-25
2.57613e-13 0 3.53645e-25
2.58773e-13 0 3.53645e-25
2.59938e-13 0 3.53645e-25
2.61109e-13 0 3.53645e-25
2.62285e-13 0 3.53645e-25
2.63466e-13 0 3.53645e-25
2.64653e-13 0 3.53645e-25
2.65845e-13 0 3.53645e-25
2.67042e-13 0 3.53645e-25
2.68245e-13 0 3.53645e-25
2.69453e-13 0 3.53645e-25
2.70666e-13 0 3.53645e-25
2.71885e-13 0 3.53645e-25
2.7311e-13 0 3.53645e-25
2.7434e-13 0 3.53645e-25
2.75575e-13 0 3.53645e-25
2.76816e-13 0 3.53645e-25
2.78063e-13 0 3.53645e-25
2.79315e-13 0 3.53645e-25
2.80573e-13 0 3.53645e-25
2.81837e-13 0 3.53645e-25
2.83106e-13 0 3.53645e-25
2.84381e-13 0 3.53645e-25
2.85662e-13 0 3.53645e-25
2.86949e-13 0 3.53645e-25
2.88241e-13 0 3.53645e-25
2.89539e-13 0 3.53645e-25
2.90843e-13 0 3.53645e-25
2.92153e-13 0 3.53645e-25
2.93469e-13 0 3.53645e-25
2.9479e-13 0 3.53645e-25
2.96118e-13 0 3.53645e-25
2.97452e-13 0 3.53645e-25
2.98791e-13 0 3.53645e-25
3.00137e-13 0 3.53645e-25
3.01489e-13 0 3.53645e-25
3.02847e-13 0 3.53645e-25
3.0421e-13 0 3.53645e-25
3.05581e-13 0 3.53645e-25
3.06957e-13 0 3.53645e-25
3.08339e-13 0 3.53645e-25
3.09728e-13 0 3.53645e-25
3.11123e-13 0 3.53645e-25
3.12524e-13 0 3.53645e-25
3.13932e-13 0 3.53645e-25
3.15345e-13 0 3.53645e-25
3.16766e-13 0 3.53645e-25
3.18192e-13 0 3.53645e-25
3.19625e-13 0 3.53645e-25
3.21065e-13 0 3.53645e-25
3.22511e-13 0 3.53645e-25
3.23963e-13 0 3.53645e-25
3.25422e-13 0 3.53645e-25
3.26888e-13 0 3.53645e-25
3.2836e-13 0 3.53645e-25
3.29839e-13 0 3.53645e-25
3.31324e-13 0 3.53645e-25
3.32817e-13 0 3.53645e-25
3.34316e-13 0 3.53645e-25
3.35821e-13 0 3.53645e-25
3.37334e-13 0 3.53645e-25
3.38853e-13 0 3.53645e-25
3.40379e-13 0 3.53645e-25
3.41912e-13 0 3.53645e-25
3.43452e-13 0 3.53645e-25
3.44999e-13 0 3.53645e-25
3.46552e-13 0 3.53645e-25
3.48113e-13 0 3.53645e-25
3.49681e-13 0 3.53645e-25
3.51256e-13 0 3.53645e-25
3.52838e-13 0 3.53645e-25
3.54427e-13 0 3.53645e-25
3.56023e-13 0 3.53645e-25
3.57627e-13 0 3.53645e-25
3.59237e-13 0 3.53645e-25
3.60855e-13 0 3.53645e-25
3.6248e-13 0 3.53645e-25
3.64113e-13 0 3.53645e-25
3.65753e-13 0 3.53645e-25
3.674e-13 0 3.53645e-25
3.69055e-13 0 3.53645e-25
3.70717e-13 0 3.53645e-25
3.72386e-13 0 3.53645e-25
3.74063e-13 0 3.53645e-25
3.75748e-13 0 3.53645e-25
3.7744e-13 0 3.53645e-25
3.7914e-13 0 3.53645e-25
3.80848e-13 0 3.53645e-25
3.82563e-13 0 3.53645e-25
3.84286e-13 0 3.53645e-25
3.86017e-13 0 3.53645e-25
3.87755e-13 0 3.53645e-25
3.89502e-13 0 3.53645e-25
3.91256e-13 0 3.53645e-25
3.93018e-13 0 3.53645e-25
3.94788e-13 0 3.53645e-25
3.96566e-13 0 3.53645e-25
3.98352e-13 0 3.53645e-25
4.00146e-13 0 3.53645e-25
4.01948e-13 0 3.53645e-25
4.03758e-13 0 3.53645e-25
4.05577e-13 0 3.53645e-25
4.07403e-13 0 3.53645e-25
4.09238e-13 0 3.53645e-25
4.11081e-13 0 3.53645e-25
4.12933e-13 0 3.53645e-25
4.14792e-13 0 3.53645e-25
4.16661e-13 0 3.53645e-25
4.18537e-13 0 3.53645e-25
4.20422e-13 0 3.53645e-25
4.22315e-13 0 3.53645e-25
4.24217e-13 0 3.53645e-25
4.26128e-13 0 3.53645e-25
4.28047e-13 0 3.53645e-25
4.29975e-13 0 3.53645e-25
4.31911e-13 0 3.53645e-25
4.33857e-13 0 3.53645e-25
4.35811e-13 0 3.53645e-25
4.37773e-13 0 3.53645e-25
4.39745e-13 0 3.53645e-25
4.41725e-13 0 3.53645e-25
4.43715e-13 0 3.53645e-25
4.45713e-13 0 3.53645e-25
4.47721e-13 0 3.53645e-25
4.49737e-13 0 3.53645e-25
4.51762e-13 0 3.53645e-25
4.53797e-13 0 3.53645e-25
4.55841e-13 0 3.53645e-25
4.57894e-13 0 3.53645e-25
4.59956e-13 0 3.53645e-25
4.62028e-13 0 3.53645e-25
4.64108e-13 0 3.53645e-25
4.66199e-13 0 3.53645e-25
4.68298e-13 0 3.53645e-25
4.70407e-13 0 3.53645e-25
4.72526e-13 0 3.53645e-25
4.74654e-13 0 3.53645e-25
4.76792e-13 0 3.53645e-25
4.78939e-13 0 3.53645e-25
4.81096e-13 0 3.53645e-25
4.83263e-13 0 3.53645e-25
4.85439e-13 0 3.53645e-25
4.87626e-13 0 3.53645e-25
4.89822e-13 0 3.53645e-25
4.92028e-13 0 3.53645e-25
4.94244e-13 0 3.53645e-25
4.9647e-13 0 3.53645e-25
4.98705e-13 0 3.53645e-25
5.00952e-13 0 3.53645e-25
5.03208e-13 0 3.53645e-25
5.05474e-13 0 3.53645e-25
5.0775e-13 0 3.53645e-25
5.10037e-13 0 3.53645e-25
5.12334e-13 0 3.53645e-25
5.14642e-13 0 3.53645e-25
5.16959e-13 0 3.53645e-25
5.19288e-13 0 3.53645e-25
5.21626e-13 0 3.53645e-25
5.23976e-13 0 3.53645e-25
5.26336e-13 0 3.53645e-25
5.28706e-13 0 3.53645e-25
5.31087e-13 0 3.53645e-25
5.33479e-13 0 3.53645e-25
5.35882e-13 0 3.53645e-25
5.38295e-13 0 3.53645e-25
5.40719e-13 0 3.53645e-25
5.43155e-13 0 3.53645e-25
5.45601e-13 0 3.53645e-25
5.48058e-13 0 3.53645e-25
5.50526e-13 0 3.53645e-25
5.53006e-13 0 3.53645e-25
5.55496e-13 0 3.53645e-25
5.57998e-13 0 3.53645e-25
5.60511e-13 0 3.53645e-25
5.63036e-13 0 3.53645e-25
5.65571e-13 0 3.53645e-25
5.68119e-13 0 3.53645e-25
5.70677e-13 0 3.53645e-25
5.73247e-13 0 3.53645e-25
5.75829e-13 0 3.53645e-25
5.78422e-13 0 3.53645e-25
5.81027e-13 0 3.53645e-25
5.83644e-13 0 3.53645e-25
5.86273e-13 0 3.53645e-25
5.88913e-13 0 3.53645e-25
5.91566e-13 0 3.53645e-25
5.9423e-13 0 3.53645e-25
5.96906e-13 0 3.53645e-25
5.99594e-13 0 3.53645e-25
6.02295e-13 0 3.53645e-25
6.05007e-13 0 3.53645e-25
6.07732e-13 0 3.53645e-25
6.10469e-13 0 3.53645e-25
6.13218e-13 0 3.53645e-25
6.1598e-13 0 3.53645e-25
6.18754e-13 0 3.53645e-25
6.21541e-13 0 3.53645e-25
6.2434e-13 0 3.53645e-25
6.27152e-13 0 3.53645e-25
6.29977e-13 0 3.53645e-25
6.32814e-13 0 3.53645e-25
6.35664e-13 0 3.53645e-25
6.38527e-13 0 3.53645e-25
6.41403e-13 0 3.53645e-25
6.44291e-13 0 3.53645e-25
6.47193e-13 0 3.53645e-25
6.50108e-13 0 3.53645e-25
6.53036e-13 0 3.53645e-25
6.55977e-13 0 3.53645e-25
6.58931e-13 0 3.53645e-25
6.61899e-13 0 3.53645e-25
6.6488e-13 0 3.53645e-25
6.67874e-13 0 3.53645e-25
6.70882e-13 0 3.53645e-25
6.73903e-13 0 3.53645e-25
6.76938e-13 0 3.53645e-25
6.79987e-13 0 3.53645e-25
6.8305e-13 0 3.53645e-25
6.86126e-13 0 3.53645e-25
6.89216e-13 0 3.53645e-25
6.9232e-13 0 3.53645e-25
6.95438e-13 0 3.53645e-25
6.9857e-13 0 3.53645e-25
7.01716e-13 0 3.53645e-25
7.04877e-13 0 3.53645e-25
7.08051e-13 0 3.53645e-25
7.1124e-13 0 3.53645e-25
7.14443e-13 0 3.53645e-25
7.17661e-13 0 3.53645e-25
7.20893e-13 0 3.53645e-25
7.2414e-13 0 3.53645e-25
7.27401e-13 0 3.53645e-25
7.30677e-13 0 3.53645e-25
7.33968e-13 0 3.53645e-25
7.37273e-13 0 3.53645e-25
7.40594e-13 0 3.53645e-25
7.43929e-13 0 3.53645e-25
7.4728e-13 0 3.53645e-25
7.50645e-13 0 3.53645e-25
7.54026e-13 0 3.53645e-25
7.57422e-13 0 3.53645e-25
7.60833e-13 0 3.53645e-25
7.6426e-13 0 3.53645e-25
7.67702e-13 0 3.53645e-25
7.71159e-13 0 3.53645e-25
7.74632e-13 0 3.53645e-25
7.78121e-13 0 3.53645e-25
7.81625e-13 0 3.53645e-25
7.85146e-13 0 3.53645e-25
7.88682e-13 0 3.53645e-25
7.92234e-13 0 3.53645e-25
7.95802e-13 0 3.53645e-25
7.99386e-13 0 3.53645e-25
8.02986e-13 0 3.53645e-25
8.06602e-13 0 3.53645e-25
8.10235e-13 0 3.53645e-25
8.13884e-13 0 3.53645e-25
8.1755e-13 0 3.53645e-25
8.21232e-13 0 3.53645e-25
8.2493e-13 0 3.53645e-25
8.28645e-13 0 3.53645e-25
8.32377e-13 0 3.53645e-25
8.36126e-13 1.74851e-30 3.53645e-25
8.39892e-13 8.17168e-30 3.53643e-25
8.43674e-13 1.02317e-29 3.53635e-25
8.47474e-13 1.36289e-29 3.53625e-25
8.51291e-13 1.72647e-29 3.53611e-25
8.55125e-13 2.46617e-29 3.53594e-25
8.58976e-13 3.75281e-29 3.53569e-25
8.62845e-13 5.21274e-29 3.53532e-25
8.66731e-13 7.01437e-29 3.5348e-25
8.70634e-13 8.82871e-29 3.5341e-25
8.74555e-13 1.01928e-28 3.53321e-25
8.78494e-13 1.2457e-28 3.53219e-25
8.82451e-13 1.42601e-28 3.53095e-25
8.86425e-13 1.60422e-28 3.52952e-25
8.90417e-13 1.79846e-28 3.52792e-25
8.94427e-13 2.01772e-28 3.52612e-25
8.98455e-13 2.16368e-28 3.5241e-25
9.02502e-13 2.34603e-28 3.52194e-25
9.06566e-13 2.49943e-28 3.51959e-25
9.10649e-13 2.65575e-28 3.51709e-25
9.14751e-13 2.78646e-28 3.51444e-25
9.1887e-13 2.97593e-28 3.51165e-25
9.23009e-13 3.08807e-28 3.50868e-25
9.27166e-13 3.24242e-28 3.50559e-25
9.31341e-13 3.42001e-28 3.50234e-25
9.35536e-13 3.53357e-28 3.49892e-25
9.39749e-13 3.64771e-28 3.49539e-25
9.43982e-13 3.753e-28 3.49174e-25
9.48233e-13 3.97036e-28 3.48799e-25
9.52504e-13 4.13291e-28 3.48402e-25
9.56793e-13 4.31719e-28 3.47989e-25
9.61103e-13 4.49122e-28 3.47557e-25
9.65431e-13 4.61371e-28 3.47108e-25
9.69779e-13 4.78668e-28 3.46647e-25
9.74147e-13 4.94761e-28 3.46168e-25
9.78534e-13 5.0522e-28 3.45673e-25
9.82941e-13 5.23314e-28 3.45168e-25
9.87368e-13 5.34222e-28 3.44645e-25
9.91815e-13 5.55407e-28 3.4411e-25
9.96282e-13 5.73605e-28 3.43555e-25
1.00077e-12 5.86887e-28 3.42981e-25
1.00528e-12 5.98871e-28 3.42394e-25
1.0098e-12 6.15614e-28 3.41796e-25
1.01435e-12 6.33881e-28 3.4118e-25
1.01892e-12 6.52864e-28 3.40546e-25
1.02351e-12 6.6877e-28 3.39893e-25
1.02812e-12 6.86976e-28 3.39224e-25
1.03275e-12 7.0848e-28 3.38537e-25
1.0374e-12 7.33583e-28 3.37829e-25
1.04207e-12 7.49623e-28 3.37095e-25
1.04676e-12 7.6695e-28 3.36346e-25
1.05148e-12 7.83465e-28 3.35579e-25
1.05621e-12 7.92e-28 3.34795e-25
1.06097e-12 8.09927e-28 3.34003e-25
1.06575e-12 8.27954e-28 3.33193e-25
1.07055e-12 8.38172e-28 3.32365e-25
1.07537e-12 8.51404e-28 3.31527e-25
1.08021e-12 8.6185e-28 3.30676e-25
1.08508e-12 8.65629e-28 3.29814e-25
1.08997e-12 8.81391e-28 3.28948e-25
1.09487e-12 8.93668e-28 3.28067e-25
1.09981e-12 9.0234e-28 3.27173e-25
1.10476e-12 9.05056e-28 3.26271e-25
1.10973e-12 9.15986e-28 3.25366e-25
1.11473e-12 9.20781e-28 3.2445e-25
1.11975e-12 9.25338e-28 3.23529e-25
1.1248e-12 9.34657e-28 3.22604e-25
1.12986e-12 9.49282e-28 3.21669e-25
1.13495e-12 9.63366e-28 3.2072e-25
1.14006e-12 9.77622e-28 3.19757e-25
1.1452e-12 9.82625e-28 3.18779e-25
1.15035e-12 9.97233e-28 3.17796e-25
1.15553e-12 1.00592e-27 3.16799e-25
1.16074e-12 1.01343e-27 3.15793e-25
1.16597e-12 1.0236e-27 3.1478e-25
1.17122e-12 1.02801e-27 3.13756e-25
1.17649e-12 1.02946e-27 3.12728e-25
1.18179e-12 1.03676e-27 3.11699e-25
1.18711e-12 1.05002e-27 3.10662e-25
1.19246e-12 1.05417e-27 3.09612e-25
1.19783e-12 1.06695e-27 3.08558e-25
1.20323e-12 1.07729e-27 3.07491e-25
1.20864e-12 1.09204e-27 3.06413e-25
1.21409e-12 1.10533e-27 3.05321e-25
1.21956e-12 1.11388e-27 3.04216e-25
1.22505e-12 1.12103e-27 3.03102e-25
1.23057e-12 1.12533e-27 3.01981e-25
1.23611e-12 1.1418e-27 3.00856e-25
1.24167e-12 1.16434e-27 2.99714e-25
1.24727e-12 1.18038e-27 2.9855e-25
1.25288e-12 1.19839e-27 2.97369e-25
1.25853e-12 1.21897e-27 2.96171e-25
1.26419e-12 1.23804e-27 2.94952e-25
1.26989e-12 1.26692e-27 2.93714e-25
1.27561e-12 1.28714e-27 2.92447e-25
1.28135e-12 1.30601e-27 2.9116e-25
1.28712e-12 1.33172e-27 2.89854e-25
1.29292e-12 1.36291e-27 2.88522e-25
1.29874e-12 1.38284e-27 2.87159e-25
1.30459e-12 1.40101e-27 2.85776e-25
1.31047e-12 1.42398e-27 2.84375e-25
1.31637e-12 1.44348e-27 2.82951e-25
1.3223e-12 1.46328e-27 2.81508e-25
1.32825e-12 1.48186e-27 2.80045e-25
1.33424e-12 1.49914e-27 2.78563e-25
1.34024e-12 1.5159e-27 2.77064e-25
1.34628e-12 1.53381e-27 2.75548e-25
1.35234e-12 1.5476e-27 2.74014e-25
1.35843e-12 1.56009e-27 2.72466e-25
1.36455e-12 1.57565e-27 2.70906e-25
1.3707e-12 1.582e-27 2.69331e-25
1.37687e-12 1.58782e-27 2.67749e-25
1.38307e-12 1.59732e-27 2.66161e-25
1.3893e-12 1.59845e-27 2.64563e-25
1.39556e-12 1.59841e-27 2.62965e-25
1.40184e-12 1.60259e-27 2.61367e-25
1.40816e-12 1.60849e-27 2.59764e-25
1.4145e-12 1.60856e-27 2.58156e-25
1.42087e-12 1.61049e-27 2.56547e-25
1.42727e-12 1.61552e-27 2.54936e-25
1.4337e-12 1.61339e-27 2.53321e-25
1.44015e-12 1.61664e-27 2.51708e-25
1.44664e-12 1.61898e-27 2.50091e-25
1.45315e-12 1.62143e-27 2.48472e-25
1.4597e-12 1.61966e-27 2.4685e-25
1.46627e-12 1.61865e-27 2.45231e-25
1.47288e-12 1.61918e-27 2.43612e-25
1.47951e-12 1.62301e-27 2.41993e-25
1.48617e-12 1.62831e-27 2.4037e-25
1.49287e-12 1.63274e-27 2.38742e-25
1.49959e-12 1.63649e-27 2.37109e-25
1.50634e-12 1.63775e-27 2.35472e-25
1.51313e-12 1.6429e-27 2.33835e-25
1.51994e-12 1.64347e-27 2.32192e-25
1.52679e-12 1.64418e-27 2.30548e-25
1.53366e-12 1.64504e-27 2.28904e-25
1.54057e-12 1.64379e-27 2.27259e-25
1.54751e-12 1.63978e-27 2.25615e-25
1.55448e-12 1.64352e-27 2.23976e-25
1.56148e-12 1.63785e-27 2.22332e-25
1.56851e-12 1.63733e-27 2.20694e-25
1.57558e-12 1.63155e-27 2.19057e-25
1.58267e-12 1.62954e-27 2.17425e-25
1.5898e-12 1.62483e-27 2.15796e-25
1.59696e-12 1.62405e-27 2.14171e-25
1.60415e-12 1.62039e-27 2.12547e-25
1.61138e-12 1.61625e-27 2.10927e-25
1.61864e-12 1.60941e-27 2.0931e-25
1.62592e-12 1.60322e-27 2.07701e-25
1.63325e-12 1.60213e-27 2.06098e-25
1.6406e-12 1.5961e-27 2.04496e-25
1.64799e-12 1.58865e-27 2.02899e-25
1.65541e-12 1.58075e-27 2.01311e-25
1.66287e-12 1.5727e-27 1.9973e-25
1.67036e-12 1.56725e-27 1.98157e-25
1.67788e-12 1.56004e-27 1.9659e-25
1.68544e-12 1.5525e-27 1.9503e-25
1.69303e-12 1.54883e-27 1.93478e-25
1.70065e-12 1.54159e-27 1.91929e-25
1.70831e-12 1.53357e-27 1.90387e-25
1.71601e-12 1.52839e-27 1.88854e-25
1.72374e-12 1.52052e-27 1.87325e-25
1.7315e-12 1.51341e-27 1.85805e-25
1.7393e-12 1.50767e-27 1.84291e-25
1.74713e-12 1.50027e-27 1.82784e-25
1.755e-12 1.49436e-27 1.81283e-25
1.7629e-12 1.48596e-27 1.79789e-25
1.77084e-12 1.48424e-27 1.78303e-25
1.77882e-12 1.47883e-27 1.76819e-25
1.78683e-12 1.46945e-27 1.7534e-25
1.79488e-12 1.46824e-27 1.7387e-25
1.80296e-12 1.4669e-27 1.72402e-25
1.81108e-12 1.45976e-27 1.70935e-25
1.81924e-12 1.45308e-27 1.69476e-25
1.82743e-12 1.45217e-27 1.68022e-25
1.83566e-12 1.44468e-27 1.6657e-25
1.84393e-12 1.43627e-27 1.65126e-25
1.85223e-12 1.43124e-27 1.63689e-25
1.86057e-12 1.42109e-27 1.62258e-25
1.86895e-12 1.41461e-27 1.60837e-25
1.87737e-12 1.40862e-27 1.59422e-25
1.88583e-12 1.40222e-27 1.58014e-25
1.89432e-12 1.39442e-27 1.56612e-25
1.90285e-12 1.38542e-27 1.55217e-25
1.91142e-12 1.38653e-27 1.53832e-25
1.92003e-12 1.37985e-27 1.52445e-25
1.92868e-12 1.37563e-27 1.51065e-25
1.93736e-12 1.37168e-27 1.4969e-25
1.94609e-12 1.36594e-27 1.48318e-25
1.95485e-12 1.36163e-27 1.46952e-25
1.96366e-12 1.35754e-27 1.4559e-25
1.9725e-12 1.35495e-27 1.44233e-25
1.98138e-12 1.3482e-27 1.42878e-25
1.99031e-12 1.3413e-27 1.4153e-25
1.99927e-12 1.33649e-27 1.40188e-25
2.00827e-12 1.33002e-27 1.38852e-25
2.01732e-12 1.3206e-27 1.37522e-25
2.0264e-12 1.31236e-27 1.36201e-25
2.03553e-12 1.30659e-27 1.34889e-25
2.0447e-12 1.29609e-27 1.33582e-25
2.05391e-12 1.2904e-27 1.32286e-25
2.06316e-12 1.28632e-27 1.30996e-25
2.07245e-12 1.28051e-27 1.2971e-25
2.08178e-12 1.2706e-27 1.28429e-25
2.09116e-12 1.2691e-27 1.27158e-25
2.10058e-12 1.26316e-27 1.25889e-25
2.11004e-12 1.25334e-27 1.24626e-25
2.11954e-12 1.24668e-27 1.23373e-25
2.12909e-12 1.24132e-27 1.22126e-25
2.13867e-12 1.23099e-27 1.20885e-25
2.14831e-12 1.22853e-27 1.19654e-25
2.15798e-12 1.22017e-27 1.18425e-25
2.1677e-12 1.21139e-27 1.17205e-25
2.17746e-12 1.20494e-27 1.15994e-25
2.18727e-12 1.1983e-27 1.14789e-25
2.19712e-12 1.19201e-27 1.13591e-25
2.20702e-12 1.18648e-27 1.12399e-25
2.21696e-12 1.17985e-27 1.11212e-25
2.22694e-12 1.1731e-27 1.10032e-25
2.23697e-12 1.16441e-27 1.08859e-25
2.24704e-12 1.15433e-27 1.07695e-25
2.25716e-12 1.14406e-27 1.0654e-25
2.26733e-12 1.1368e-27 1.05396e-25
2.27754e-12 1.12843e-27 1.0426e-25
2.2878e-12 1.11898e-27 1.03131e-25
2.2981e-12 1.11026e-27 1.02012e-25
2.30845e-12 1.10543e-27 1.00902e-25
2.31885e-12 1.0987e-27 9.97964e-26
2.32929e-12 1.09242e-27 9.86977e-26
2.33978e-12 1.08367e-27 9.76053e-26
2.35032e-12 1.07331e-27 9.65216e-26
2.36091e-12 1.06359e-27 9.54483e-26
2.37154e-12 1.05512e-27 9.43847e-26
2.38222e-12 1.05066e-27 9.33296e-26
2.39295e-12 1.0412e-27 9.22789e-26
2.40373e-12 1.03269e-27 9.12377e-26
2.41455e-12 1.02643e-27 9.0205e-26
2.42543e-12 1.01692e-27 8.91786e-26
2.43635e-12 1.00764e-27 8.81617e-26
2.44732e-12 1.00309e-27 8.71541e-26
2.45834e-12 9.95066e-28 8.6151e-26
2.46942e-12 9.85434e-28 8.51559e-26
2.48054e-12 9.77804e-28 8.41705e-26
2.49171e-12 9.70438e-28 8.31927e-26
2.50293e-12 9.63746e-28 8.22222e-26
2.5142e-12 9.55796e-28 8.12585e-26
2.52553e-12 9.48492e-28 8.03027e-26
2.5369e-12 9.42204e-28 7.93542e-26
2.54833e-12 9.33695e-28 7.8412e-26
2.5598e-12 9.23962e-28 7.74783e-26
2.57133e-12 9.16304e-28 7.65543e-26
2.58291e-12 9.09952e-28 7.5638e-26
2.59454e-12 9.0395e-28 7.47281e-26
2.60623e-12 8.95288e-28 7.38241e-26
2.61797e-12 8.8738e-28 7.29288e-26
2.62976e-12 8.78358e-28 7.20414e-26
2.6416e-12 8.71991e-28 7.11631e-26
2.6535e-12 8.63183e-28 7.02911e-26
2.66545e-12 8.54317e-28 6.94279e-26
2.67745e-12 8.4415e-28 6.85736e-26
2.68951e-12 8.35258e-28 6.77294e-26
2.70162e-12 8.25818e-28 6.68942e-26
2.71379e-12 8.17952e-28 6.60684e-26
2.72601e-12 8.09636e-28 6.52504e-26
2.73829e-12 8.00656e-28 6.44408e-26
2.75062e-12 7.91204e-28 6.36401e-26
2.76301e-12 7.82156e-28 6.28489e-26
2.77546e-12 7.74681e-28 6.20668e-26
2.78796e-12 7.67088e-28 6.12921e-26
2.80051e-12 7.58283e-28 6.0525e-26
2.81312e-12 7.49673e-28 5.97667e-26
2.82579e-12 7.40432e-28 5.9017e-26
2.83852e-12 7.32341e-28 5.82766e-26
2.8513e-12 7.23308e-28 5.75443e-26
2.86415e-12 7.14384e-28 5.6821e-26
2.87705e-12 7.05568e-28 5.61066e-26
2.89e-12 6.9746e-28 5.5401e-26
2.90302e-12 6.88847e-28 5.47036e-26
2.91609e-12 6.80339e-28 5.40147e-26
2.92923e-12 6.71933e-28 5.33344e-26
2.94242e-12 6.64076e-28 5.26624e-26
2.95567e-12 6.55866e-28 5.19984e-26
2.96898e-12 6.47755e-28 5.13425e-26
2.98235e-12 6.39742e-28 5.06947e-26
2.99578e-12 6.31827e-28 5.0055e-26
3.00928e-12 6.24007e-28 4.94232e-26
3.02283e-12 6.16281e-28 4.87992e-26
3.03644e-12 6.08649e-28 4.81829e-26
3.05012e-12 6.01567e-28 4.75742e-26
3.06386e-12 5.94113e-28 4.69727e-26
3.07765e-12 5.86749e-28 4.63785e-26
3.09152e-12 5.79474e-28 4.57918e-26
3.10544e-12 5.72288e-28 4.52123e-26
3.11942e-12 5.65189e-28 4.464e-26
3.13347e-12 5.58176e-28 4.40748e-26
3.14759e-12 5.51248e-28 4.35167e-26
3.16176e-12 5.44404e-28 4.29654e-26
3.176e-12 5.37643e-28 4.2421e-26
3.19031e-12 5.30964e-28 4.18834e-26
3.20467e-12 5.24366e-28 4.13524e-26
3.21911e-12 5.17849e-28 4.0828e-26
3.2336e-12 5.11411e-28 4.03102e-26
3.24817e-12 5.0505e-28 3.97988e-26
3.2628e-12 4.98768e-28 3.92937e-26
3.27749e-12 4.92562e-28 3.8795e-26
3.29225e-12 4.86431e-28 3.83024e-26
3.30708e-12 4.80375e-28 3.7816e-26
3.32197e-12 4.74392e-28 3.73356e-26
3.33693e-12 4.68483e-28 3.68612e-26
3.35196e-12 4.62645e-28 3.63927e-26
3.36706e-12 4.56879e-28 3.59301e-26
3.38222e-12 4.51183e-28 3.54732e-26
3.39746e-12 4.45556e-28 3.5022e-26
3.41276e-12 4.39998e-28 3.45765e-26
3.42813e-12 4.34508e-28 3.41365e-26
3.44357e-12 4.29085e-28 3.3702e-26
3.45908e-12 4.23728e-28 3.32729e-26
3.47465e-12 4.18437e-28 3.28491e-26
3.4903e-12 4.1321e-28 3.24307e-26
3.50602e-12 4.08047e-28 3.20175e-26
3.52181e-12 4.02947e-28 3.16095e-26
3.53767e-12 3.97909e-28 3.12065e-26
3.55361e-12 3.92933e-28 3.08086e-26
3.56961e-12 3.88018e-28 3.04157e-26
3.58569e-12 3.83163e-28 3.00276e-26
3.60184e-12 3.78368e-28 2.96445e-26
3.61806e-12 3.73631e-28 2.92661e-26
3.63435e-12 3.68953e-28 2.88925e-26
3.65072e-12 3.64331e-28 2.85235e-26
3.66716e-12 3.59766e-28 2.81592e-26
3.68368e-12 3.55258e-28 2.77994e-26
3.70027e-12 3.50804e-28 2.74442e-26
3.71693e-12 3.46405e-28 2.70934e-26
3.73367e-12 3.4206e-28 2.6747e-26
3.75049e-12 3.37769e-28 2.64049e-26
3.76738e-12 3.3353e-28 2.60671e-26
3.78435e-12 3.29343e-28 2.57336e-26
3.80139e-12 3.25208e-28 2.54043e-26
3.81851e-12 3.21124e-28 2.50791e-26
3.83571e-12 3.17089e-28 2.47579e-26
3.85298e-12 3.13105e-28 2.44408e-26
3.87034e-12 3.09169e-28 2.41277e-26
3.88777e-12 3.05282e-28 2.38186e-26
3.90528e-12 3.01442e-28 2.35133e-26
3.92286e-12 2.9765e-28 2.32118e-26
3.94053e-12 2.93905e-28 2.29142e-26
3.95828e-12 2.90205e-28 2.26203e-26
3.97611e-12 2.86552e-28 2.23301e-26
3.99401e-12 2.82943e-28 2.20435e-26
4.012e-12 2.79379e-28 2.17606e-26
4.03007e-12 2.75858e-28 2.14812e-26
4.04822e-12 2.72382e-28 2.12054e-26
4.06645e-12 2.68948e-28 2.0933e-26
4.08477e-12 2.65556e-28 2.0664e-26
4.10316e-12 2.62207e-28 2.03985e-26
4.12164e-12 2.58898e-28 2.01363e-26
4.1402e-12 2.55631e-28 1.98774e-26
4.15885e-12 2.52404e-28 1.96217e-26
4.17758e-12 2.49217e-28 1.93693e-26
4.1964e-12 2.46069e-28 1.91201e-26
4.2153e-12 2.4296e-28 1.8874e-26
4.23428e-12 2.3989e-28 1.86311e-26
4.25335e-12 2.36858e-28 1.83912e-26
4.27251e-12 2.33863e-28 1.81543e-26
4.29175e-12 2.30905e-28 1.79205e-26
4.31108e-12 2.27984e-28 1.76896e-26
4.33049e-12 2.25099e-28 1.74616e-26
4.35e-12 2.2225e-28 1.72365e-26
4.36959e-12 2.19437e-28 1.70142e-26
4.38927e-12 2.16658e-28 1.67948e-26
4.40903e-12 2.13913e-28 1.65781e-26
4.42889e-12 2.11203e-28 1.63642e-26
4.44884e-12 2.08526e-28 1.6153e-26
4.46887e-12 2.05883e-28 1.59445e-26
4.489e-12 2.03272e-28 1.57386e-26
4.50922e-12 2.00694e-28 1.55353e-26
4.52953e-12 1.98148e-28 1.53346e-26
4.54993e-12 1.95633e-28 1.51365e-26
4.57042e-12 1.9315e-28 1.49409e-26
4.591e-12 1.90698e-28 1.47477e-26
4.61168e-12 1.88276e-28 1.4557e-26
4.63245e-12 1.85884e-28 1.43687e-26
4.65331e-12 1.83522e-28 1.41829e-26
4.67427e-12 1.81189e-28 1.39993e-26
4.69532e-12 1.78886e-28 1.38181e-26
4.71647e-12 1.76611e-28 1.36393e-26
4.73771e-12 1.74365e-28 1.34626e-26
4.75904e-12 1.72146e-28 1.32883e-26
4.78048e-12 1.69955e-28 1.31161e-26
4.80201e-12 1.67792e-28 1.29462e-26
4.82363e-12 1.65656e-28 1.27784e-26
4.84536e-12 1.63546e-28 1.26127e-26
4.86718e-12 1.61462e-28 1.24492e-26
4.8891e-12 1.59405e-28 1.22877e-26
4.91112e-12 1.57373e-28 1.21283e-26
4.93324e-12 1.55367e-28 1.19709e-26
4.95546e-12 1.53385e-28 1.18156e-26
4.97777e-12 1.51429e-28 1.16622e-26
5.00019e-12 1.49497e-28 1.15108e-26
5.02271e-12 1.47589e-28 1.13613e-26
5.04533e-12 1.45705e-28 1.12137e-26
5.06806e-12 1.43844e-28 1.1068e-26
5.09088e-12 1.42007e-28 1.09241e-26
5.11381e-12 1.40193e-28 1.07821e-26
5.13684e-12 1.38402e-28 1.06419e-26
5.15997e-12 1.36633e-28 1.05035e-26
5.18321e-12 1.34886e-28 1.03669e-26
5.20656e-12 1.33161e-28 1.0232e-26
5.23001e-12 1.31458e-28 1.00989e-26
5.25356e-12 1.29776e-28 9.96739e-27
5.27722e-12 1.28115e-28 9.83762e-27
5.30099e-12 1.26475e-28 9.7095e-27
5.32486e-12 1.24856e-28 9.58303e-27
5.34884e-12 1.23257e-28 9.45817e-27
5.37293e-12 1.21678e-28 9.33492e-27
5.39713e-12 1.20118e-28 9.21324e-27
5.42144e-12 1.18579e-28 9.09312e-27
5.44586e-12 1.17059e-28 8.97454e-27
5.47038e-12 1.15558e-28 8.85748e-27
5.49502e-12 1.14076e-28 8.74193e-27
5.51977e-12 1.12612e-28 8.62785e-27
5.54463e-12 1.11167e-28 8.51524e-27
5.5696e-12 1.0974e-28 8.40407e-27
5.59468e-12 1.08331e-28 8.29433e-27
5.61988e-12 1.0694e-28 8.186e-27
5.64519e-12 1.05566e-28 8.07906e-27
5.67061e-12 1.0421e-28 7.97349e-27
5.69615e-12 1.0287e-28 7.86928e-27
5.72181e-12 1.01548e-28 7.76641e-27
5.74757e-12 1.00242e-28 7.66487e-27
5.77346e-12 9.89531e-29 7.56462e-27
5.79946e-12 9.76801e-29 7.46567e-27
5.82558e-12 9.64232e-29 7.36799e-27
5.85182e-12 9.51822e-29 7.27157e-27
5.87817e-12 9.39568e-29 7.17638e-27
5.90465e-12 9.2747e-29 7.08243e-27
5.93124e-12 9.15524e-29 6.98968e-27
5.95795e-12 9.03729e-29 6.89813e-27
5.98478e-12 8.92083e-29 6.80776e-27
6.01174e-12 8.80585e-29 6.71855e-27
6.03881e-12 8.69232e-29 6.63049e-27
6.06601e-12 8.58022e-29 6.54357e-27
6.09333e-12 8.46955e-29 6.45776e-27
6.12077e-12 8.36028e-29 6.37307e-27
6.14834e-12 8.25239e-29 6.28947e-27
6.17603e-12 8.14586e-29 6.20694e-27
6.20384e-12 8.04069e-29 6.12548e-27
6.23178e-12 7.93685e-29 6.04508e-27
6.25985e-12 7.83433e-29 5.96571e-27
6.28804e-12 7.7331e-29 5.88736e-27
6.31636e-12 7.63316e-29 5.81003e-27
6.34481e-12 7.53449e-29 5.7337e-27
6.37339e-12 7.43707e-29 5.65836e-27
6.40209e-12 7.34089e-29 5.58399e-27
6.43092e-12 7.24593e-29 5.51058e-27
6.45989e-12 7.15217e-29 5.43812e-27
6.48898e-12 7.05961e-29 5.3666e-27
6.5182e-12 6.96822e-29 5.296e-27
6.54756e-12 6.87799e-29 5.22632e-27
6.57705e-12 6.78892e-29 5.15754e-27
6.60667e-12 6.70097e-29 5.08965e-27
6.63642e-12 6.61414e-29 5.02264e-27
6.66631e-12 6.52842e-29 4.9565e-27
6.69633e-12 6.44379e-29 4.89121e-27
6.72649e-12 6.36024e-29 4.82678e-27
6.75679e-12 6.27775e-29 4.76317e-27
6.78722e-12 6.19631e-29 4.7004e-27
6.81779e-12 6.11591e-29 4.63843e-27
6.84849e-12 6.03653e-29 4.57727e-27
6.87933e-12 5.95817e-29 4.51691e-27
6.91032e-12 5.8808e-29 4.45733e-27
6.94144e-12 5.80442e-29 4.39852e-27
6.9727e-12 5.72902e-29 4.34047e-27
7.0041e-12 5.65458e-29 4.28318e-27
7.03565e-12 5.58109e-29 4.22664e-27
7.06734e-12 5.50853e-29 4.17083e-27
7.09916e-12 5.43691e-29 4.11574e-27
7.13114e-12 5.3662e-29 4.06137e-27
7.16325e-12 5.29639e-29 4.00771e-27
7.19551e-12 5.22747e-29 3.95475e-27
7.22792e-12 5.15944e-29 3.90247e-27
7.26047e-12 5.09227e-29 3.85088e-27
7.29317e-12 5.02597e-29 3.79996e-27
7.32602e-12 4.96051e-29 3.7497e-27
7.35901e-12 4.89589e-29 3.70009e-27
7.39216e-12 4.8321e-29 3.65113e-27
7.42545e-12 4.76913e-29 3.60281e-27
7.45889e-12 4.70696e-29 3.55512e-27
7.49248e-12 4.64559e-29 3.50805e-27
7.52623e-12 4.585e-29 3.46159e-27
7.56012e-12 4.52519e-29 3.41574e-27
7.59417e-12 4.46615e-29 3.37049e-27
7.62837e-12 4.40787e-29 3.32583e-27
7.66273e-12 4.35033e-29 3.28175e-27
7.69724e-12 4.29353e-29 3.23825e-27
7.73191e-12 4.23746e-29 3.19531e-27
7.76673e-12 4.18211e-29 3.15294e-27
7.80171e-12 4.12747e-29 3.11112e-27
7.83684e-12 4.07353e-29 3.06984e-27
7.87214e-12 4.02029e-29 3.02911e-27
7.90759e-12 3.96773e-29 2.9889e-27
7.94321e-12 3.91584e-29 2.94923e-27
7.97898e-12 3.86463e-29 2.91007e-27
8.01492e-12 3.81407e-29 2.87142e-27
8.05101e-12 3.76416e-29 2.83328e-27
8.08727e-12 3.71489e-29 2.79564e-27
8.12369e-12 3.66626e-29 2.75849e-27
8.16028e-12 3.61825e-29 2.72183e-27
8.19703e-12 3.57087e-29 2.68565e-27
8.23395e-12 3.52409e-29 2.64994e-27
8.27103e-12 3.47791e-29 2.6147e-27
8.30828e-12 3.43233e-29 2.57992e-27
8.3457e-12 3.38734e-29 2.54559e-27
8.38329e-12 3.34293e-29 2.51172e-27
8.42104e-12 3.29909e-29 2.47829e-27
8.45897e-12 3.25582e-29 2.4453e-27
8.49707e-12 3.2131e-29 2.41274e-27
8.53534e-12 3.17094e-29 2.38061e-27
8.57378e-12 3.12932e-29 2.3489e-27
8.61239e-12 3.08823e-29 2.31761e-27
8.65118e-12 3.04768e-29 2.28673e-27
8.69014e-12 3.00765e-29 2.25625e-27
8.72928e-12 2.96814e-29 2.22617e-27
8.76859e-12 2.92914e-29 2.19649e-27
8.80808e-12 2.89064e-29 2.1672e-27
8.84775e-12 2.85265e-29 2.13829e-27
8.8876e-12 2.81514e-29 2.10977e-27
8.92763e-12 2.77812e-29 2.08162e-27
8.96783e-12 2.74157e-29 2.05384e-27
9.00822e-12 2.70551e-29 2.02642e-27
9.04879e-12 2.6699e-29 1.99936e-27
9.08955e-12 2.63476e-29 1.97267e-27
9.13048e-12 2.60007e-29 1.94632e-27
9.1716e-12 2.56584e-29 1.92032e-27
9.21291e-12 2.53204e-29 1.89466e-27
9.2544e-12 2.49869e-29 1.86934e-27
9.29608e-12 2.46577e-29 1.84435e-27
9.33795e-12 2.43327e-29 1.81969e-27
9.38e-12 2.4012e-29 1.79536e-27
9.42225e-12 2.36954e-29 1.77135e-27
9.46468e-12 2.33829e-29 1.74765e-27
9.50731e-12 2.30745e-29 1.72427e-27
9.55013e-12 2.27701e-29 1.7012e-27
9.59314e-12 2.24696e-29 1.67843e-27
9.63634e-12 2.21731e-29 1.65596e-27
9.67974e-12 2.18804e-29 1.63378e-27
9.72334e-12 2.15915e-29 1.6119e-27
9.76713e-12 2.13064e-29 1.59031e-27
9.81112e-12 2.10249e-29 1.56901e-27
9.8553e-12 2.07472e-29 1.54798e-27
9.89969e-12 2.0473e-29 1.52723e-27
9.94427e-12 2.02024e-29 1.50676e-27
9.98906e-12 1.99353e-29 1.48656e-27
1.0034e-11 1.96717e-29 1.46662e-27
1.00792e-11 1.94116e-29 1.44695e-27
1.01246e-11 1.91548e-29 1.42754e-27
1.01702e-11 1.89014e-29 1.40838e-27
1.0216e-11 1.86513e-29 1.38948e-27
1.0262e-11 1.84044e-29 1.37083e-27
1.03083e-11 1.81608e-29 1.35243e-27
1.03547e-11 1.79203e-29 1.33427e-27
1.04013e-11 1.7683e-29 1.31635e-27
1.04482e-11 1.74487e-29 1.29866e-27
1.04952e-11 1.72176e-29 1.28121e-27
1.05425e-11 1.69894e-29 1.264e-27
1.059e-11 1.67642e-29 1.24701e-27
1.06377e-11 1.6542e-29 1.23024e-27
1.06856e-11 1.63226e-29 1.2137e-27
1.07337e-11 1.61062e-29 1.19738e-27
1.0782e-11 1.58925e-29 1.18127e-27
1.08306e-11 1.56817e-29 1.16538e-27
1.08794e-11 1.54736e-29 1.1497e-27
1.09284e-11 1.52682e-29 1.13422e-27
1.09776e-11 1.50655e-29 1.11896e-27
1.1027e-11 1.48655e-29 1.10389e-27
1.10767e-11 1.46681e-29 1.08903e-27
1.11266e-11 1.44732e-29 1.07436e-27
1.11767e-11 1.42809e-29 1.05988e-27
1.1227e-11 1.40912e-29 1.0456e-27
1.12776e-11 1.39039e-29 1.03151e-27
1.13284e-11 1.37191e-29 1.01761e-27
1.13794e-11 1.35367e-29 1.00389e-27
1.14307e-11 1.33566e-29 9.90352e-28
1.14821e-11 1.3179e-29 9.76996e-28
1.15338e-11 1.30037e-29 9.63817e-28
1.15858e-11 1.28306e-29 9.50813e-28
1.1638e-11 1.26599e-29 9.37983e-28
1.16904e-11 1.24914e-29 9.25323e-28
1.1743e-11 1.23251e-29 9.12831e-28
1.17959e-11 1.21609e-29 9.00506e-28
1.1849e-11 1.1999e-29 8.88345e-28
1.19024e-11 1.18391e-29 8.76346e-28
1.1956e-11 1.16814e-29 8.64507e-28
1.20099e-11 1.15257e-29 8.52826e-28
1.2064e-11 1.13721e-29 8.413e-28
1.21183e-11 1.12205e-29 8.29928e-28
1.21729e-11 1.10709e-29 8.18707e-28
1.22277e-11 1.09233e-29 8.07636e-28
1.22828e-11 1.07776e-29 7.96713e-28
1.23381e-11 1.06338e-29 7.85936e-28
1.23936e-11 1.04919e-29 7.75302e-28
1.24495e-11 1.03519e-29 7.6481e-28
1.25055e-11 1.02137e-29 7.54458e-28
1.25618e-11 1.00773e-29 7.44244e-28
1.26184e-11 9.94278e-30 7.34167e-28
1.26753e-11 9.80999e-30 7.24224e-28
1.27323e-11 9.67894e-30 7.14414e-28
1.27897e-11 9.54963e-30 7.04735e-28
1.28473e-11 9.42202e-30 6.95186e-28
1.29051e-11 9.29609e-30 6.85764e-28
1.29633e-11 9.17183e-30 6.76468e-28
1.30216e-11 9.0492e-30 6.67296e-28
1.30803e-11 8.92819e-30 6.58247e-28
1.31392e-11 8.80878e-30 6.49318e-28
1.31984e-11 8.69094e-30 6.4051e-28
1.32578e-11 8.57466e-30 6.31819e-28
1.33175e-11 8.45992e-30 6.23244e-28
1.33775e-11 8.34669e-30 6.14784e-28
1.34378e-11 8.23496e-30 6.06437e-28
1.34983e-11 8.1247e-30 5.98202e-28
1.35591e-11 8.0159e-30 5.90078e-28
1.36201e-11 7.90854e-30 5.82062e-28
1.36815e-11 7.8026e-30 5.74153e-28
1.37431e-11 7.69805e-30 5.66351e-28
1.3805e-11 7.5949e-30 5.58653e-28
1.38672e-11 7.4931e-30 5.51058e-28
1.39296e-11 7.39266e-30 5.43565e-28
1.39923e-11 7.29354e-30 5.36172e-28
1.40554e-11 7.19573e-30 5.28878e-28
1.41187e-11 7.09922e-30 5.21683e-28
1.41823e-11 7.00399e-30 5.14583e-28
1.42461e-11 6.91002e-30 5.07579e-28
1.43103e-11 6.8173e-30 5.00669e-28
1.43747e-11 6.7258e-30 4.93852e-28
1.44395e-11 6.63552e-30 4.87126e-28
1.45045e-11 6.54643e-30 4.80491e-28
1.45698e-11 6.45852e-30 4.73944e-28
1.46354e-11 6.37178e-30 4.67486e-28
1.47014e-11 6.2862e-30 4.61114e-28
1.47676e-11 6.20174e-30 4.54828e-28
1.48341e-11 6.11841e-30 4.48626e-28
1.49009e-11 6.03618e-30 4.42508e-28
1.4968e-11 5.95505e-30 4.36472e-28
1.50354e-11 5.87499e-30 4.30516e-28
1.51031e-11 5.796e-30 4.24641e-28
1.51711e-11 5.71805e-30 4.18845e-28
1.52395e-11 5.64114e-30 4.13127e-28
1.53081e-11 5.56526e-30 4.07486e-28
1.5377e-11 5.49038e-30 4.01921e-28
1.54463e-11 5.4165e-30 3.96431e-28
1.55159e-11 5.3436e-30 3.91014e-28
1.55857e-11 5.27167e-30 3.85671e-28
1.56559e-11 5.20069e-30 3.80399e-28
1.57265e-11 5.13067e-30 3.75198e-28
1.57973e-11 5.06157e-30 3.70068e-28
1.58684e-11 4.99339e-30 3.65006e-28
1.59399e-11 4.92612e-30 3.60013e-28
1.60117e-11 4.85975e-30 3.55086e-28
1.60838e-11 4.79426e-30 3.50227e-28
1.61562e-11 4.72964e-30 3.45432e-28
1.6229e-11 4.66588e-30 3.40703e-28
1.63021e-11 4.60298e-30 3.36037e-28
1.63755e-11 4.54091e-30 3.31434e-28
1.64493e-11 4.47967e-30 3.26893e-28
1.65233e-11 4.41925e-30 3.22413e-28
1.65978e-11 4.35963e-30 3.17994e-28
1.66725e-11 4.3008e-30 3.13634e-28
1.67476e-11 4.24277e-30 3.09334e-28
1.6823e-11 4.1855e-30 3.05091e-28
1.68988e-11 4.129e-30 3.00905e-28
1.69749e-11 4.07326e-30 2.96776e-28
1.70513e-11 4.01826e-30 2.92703e-28
1.71281e-11 3.96399e-30 2.88685e-28
1.72053e-11 3.91045e-30 2.84721e-28
1.72828e-11 3.85763e-30 2.8081e-28
1.73606e-11 3.80551e-30 2.76953e-28
1.74388e-11 3.75408e-30 2.73147e-28
1.75173e-11 3.70335e-30 2.69393e-28
1.75962e-11 3.65329e-30 2.6569e-28
1.76755e-11 3.6039e-30 2.62037e-28
1.77551e-11 3.55517e-30 2.58433e-28
1.7835e-11 3.5071e-30 2.54878e-28
1.79154e-11 3.45967e-30 2.5137e-28
1.7996e-11 3.41287e-30 2.47911e-28
1.80771e-11 3.3667e-30 2.44498e-28
1.81585e-11 3.32114e-30 2.41131e-28
1.82403e-11 3.2762e-30 2.3781e-28
1.83224e-11 3.23186e-30 2.34534e-28
1.8405e-11 3.18811e-30 2.31302e-28
1.84878e-11 3.14495e-30 2.28114e-28
1.85711e-11 3.10237e-30 2.24969e-28
1.86547e-11 3.06036e-30 2.21867e-28
1.87388e-11 3.01891e-30 2.18806e-28
1.88232e-11 2.97801e-30 2.15787e-28
1.89079e-11 2.93767e-30 2.12809e-28
1.89931e-11 2.89787e-30 2.09872e-28
1.90786e-11 2.8586e-30 2.06974e-28
1.91646e-11 2.81985e-30 2.04115e-28
1.92509e-11 2.78163e-30 2.01295e-28
1.93376e-11 2.74392e-30 1.98514e-28
1.94247e-11 2.70672e-30 1.9577e-28
1.95121e-11 2.67001e-30 1.93063e-28
1.96e-11 2.6338e-30 1.90393e-28
1.96883e-11 2.59808e-30 1.87759e-28
1.9777e-11 2.56283e-30 1.85161e-28
1.9866e-11 2.52806e-30 1.82598e-28
1.99555e-11 2.49376e-30 1.8007e-28
2.00454e-11 2.45991e-30 1.77577e-28
2.01357e-11 2.42652e-30 1.75117e-28
2.02263e-11 2.39358e-30 1.7269e-28
2.03174e-11 2.36109e-30 1.70296e-28
2.04089e-11 2.32903e-30 1.67935e-28
2.05008e-11 2.2974e-30 1.65606e-28
2.05932e-11 2.2662e-30 1.63309e-28
2.06859e-11 2.23542e-30 1.61043e-28
2.07791e-11 2.20505e-30 1.58807e-28
2.08727e-11 2.17509e-30 1.56602e-28
2.09667e-11 2.14553e-30 1.54427e-28
2.10611e-11 2.11637e-30 1.52282e-28
2.1156e-11 2.08761e-30 1.50165e-28
2.12512e-11 2.05923e-30 1.48078e-28
2.13469e-11 2.03124e-30 1.46018e-28
2.14431e-11 2.00362e-30 1.43987e-28
2.15397e-11 1.97637e-30 1.41984e-28
2.16367e-11 1.94949e-30 1.40007e-28
2.17341e-11 1.92298e-30 1.38058e-28
2.1832e-11 1.89682e-30 1.36135e-28
2.19303e-11 1.87101e-30 1.34238e-28
2.20291e-11 1.84555e-30 1.32367e-28
2.21283e-11 1.82044e-30 1.30521e-28
2.2228e-11 1.79566e-30 1.28701e-28
2.23281e-11 1.77122e-30 1.26905e-28
2.24286e-11 1.74711e-30 1.25134e-28
2.25296e-11 1.72332e-30 1.23387e-28
2.26311e-11 1.69986e-30 1.21664e-28
2.2733e-11 1.67671e-30 1.19964e-28
2.28354e-11 1.65388e-30 1.18287e-28
2.29383e-11 1.63135e-30 1.16633e-28
2.30416e-11 1.60913e-30 1.15002e-28
2.31453e-11 1.5872e-30 1.13393e-28
2.32496e-11 1.56558e-30 1.11806e-28
2.33543e-11 1.54424e-30 1.1024e-28
2.34595e-11 1.5232e-30 1.08696e-28
2.35651e-11 1.50244e-30 1.07173e-28
2.36713e-11 1.48196e-30 1.0567e-28
2.37779e-11 1.46175e-30 1.04188e-28
2.3885e-11 1.44182e-30 1.02726e-28
2.39925e-11 1.42216e-30 1.01285e-28
2.41006e-11 1.40277e-30 9.98624e-29
2.42091e-11 1.38364e-30 9.84596e-29
2.43182e-11 1.36477e-30 9.7076e-29
2.44277e-11 1.34615e-30 9.57112e-29
2.45377e-11 1.32778e-30 9.4365e-29
2.46482e-11 1.30967e-30 9.30373e-29
2.47592e-11 1.2918e-30 9.17276e-29
2.48707e-11 1.27417e-30 9.04358e-29
2.49827e-11 1.25678e-30 8.91616e-29
2.50952e-11 1.23962e-30 8.79048e-29
2.52083e-11 1.2227e-30 8.66652e-29
2.53218e-11 1.20601e-30 8.54425e-29
2.54358e-11 1.18954e-30 8.42365e-29
2.55504e-11 1.1733e-30 8.3047e-29
2.56655e-11 1.15728e-30 8.18737e-29
2.57811e-11 1.14147e-30 8.07164e-29
2.58972e-11 1.12588e-30 7.95749e-29
2.60138e-11 1.1105e-30 7.84491e-29
2.6131e-11 1.09533e-30 7.73386e-29
2.62486e-11 1.08036e-30 7.62432e-29
2.63669e-11 1.0656e-30 7.51629e-29
2.64856e-11 1.05104e-30 7.40973e-29
2.66049e-11 1.03667e-30 7.30462e-29
2.67247e-11 1.02251e-30 7.20096e-29
2.68451e-11 1.00853e-30 7.0987e-29
2.6966e-11 9.94742e-31 6.99785e-29
2.70874e-11 9.81142e-31 6.89838e-29
2.72094e-11 9.67727e-31 6.80026e-29
2.7332e-11 9.54494e-31 6.70349e-29
2.74551e-11 9.41442e-31 6.60804e-29
2.75787e-11 9.28566e-31 6.5139e-29
2.77029e-11 9.15866e-31 6.42104e-29
2.78277e-11 9.03338e-31 6.32945e-29
2.7953e-11 8.90981e-31 6.23912e-29
2.80789e-11 8.78791e-31 6.15002e-29
2.82054e-11 8.66767e-31 6.06214e-29
2.83324e-11 8.54907e-31 5.97547e-29
2.846e-11 8.43208e-31 5.88998e-29
2.85882e-11 8.31669e-31 5.80565e-29
2.87169e-11 8.20286e-31 5.72249e-29
2.88462e-11 8.09058e-31 5.64046e-29
2.89762e-11 7.97984e-31 5.55955e-29
2.91067e-11 7.87059e-31 5.47976e-29
2.92377e-11 7.76284e-31 5.40105e-29
2.93694e-11 7.65655e-31 5.32342e-29
2.95017e-11 7.55171e-31 5.24686e-29
2.96346e-11 7.4483e-31 5.17134e-29
2.9768e-11 7.3463e-31 5.09686e-29
2.99021e-11 7.24568e-31 5.02339e-29
3.00368e-11 7.14644e-31 4.95094e-29
3.0172e-11 7.04855e-31 4.87947e-29
3.03079e-11 6.95199e-31 4.80899e-29
3.04444e-11 6.85675e-31 4.73947e-29
3.05815e-11 6.7628e-31 4.6709e-29
3.07193e-11 6.67014e-31 4.60327e-29
3.08576e-11 6.57874e-31 4.53657e-29
3.09966e-11 6.48859e-31 4.47078e-29
3.11362e-11 6.39967e-31 4.4059e-29
3.12764e-11 6.31195e-31 4.3419e-29
3.14173e-11 6.22544e-31 4.27878e-29
3.15588e-11 6.14011e-31 4.21652e-29
3.17009e-11 6.05594e-31 4.15512e-29
3.18437e-11 5.97292e-31 4.09456e-29
3.19871e-11 5.89103e-31 4.03484e-29
3.21312e-11 5.81026e-31 3.97592e-29
3.22759e-11 5.73059e-31 3.91782e-29
3.24212e-11 5.65201e-31 3.86052e-29
3.25672e-11 5.5745e-31 3.804e-29
3.27139e-11 5.49805e-31 3.74825e-29
3.28612e-11 5.42265e-31 3.69327e-29
3.30092e-11 5.34827e-31 3.63904e-29
3.31579e-11 5.27491e-31 3.58556e-29
3.33072e-11 5.20255e-31 3.53281e-29
3.34573e-11 5.13118e-31 3.48079e-29
3.36079e-11 5.06079e-31 3.42948e-29
3.37593e-11 4.99136e-31 3.37887e-29
3.39113e-11 4.92288e-31 3.32895e-29
3.40641e-11 4.85533e-31 3.27972e-29
3.42175e-11 4.78871e-31 3.23117e-29
3.43716e-11 4.72299e-31 3.18328e-29
3.45264e-11 4.65818e-31 3.13605e-29
3.46819e-11 4.59425e-31 3.08947e-29
3.48381e-11 4.5312e-31 3.04353e-29
3.4995e-11 4.46901e-31 2.99822e-29
3.51526e-11 4.40767e-31 2.95353e-29
3.53109e-11 4.34717e-31 2.90945e-29
3.54699e-11 4.28749e-31 2.86598e-29
3.56297e-11 4.22863e-31 2.82311e-29
3.57901e-11 4.17058e-31 2.78082e-29
3.59513e-11 4.11333e-31 2.73911e-29
3.61132e-11 4.05685e-31 2.69798e-29
3.62759e-11 4.00115e-31 2.65741e-29
3.64393e-11 3.94621e-31 2.6174e-29
3.66034e-11 3.89203e-31 2.57794e-29
3.67682e-11 3.83858e-31 2.53902e-29
3.69338e-11 3.78587e-31 2.50063e-29
3.71002e-11 3.73388e-31 2.46277e-29
3.72672e-11 3.6826e-31 2.42543e-29
3.74351e-11 3.63203e-31 2.38861e-29
3.76037e-11 3.58214e-31 2.35229e-29
3.7773e-11 3.53294e-31 2.31647e-29
3.79432e-11 3.48442e-31 2.28114e-29
3.8114e-11 3.43656e-31 2.24629e-29
3.82857e-11 3.38935e-31 2.21193e-29
3.84581e-11 3.34279e-31 2.17803e-29
3.86313e-11 3.29687e-31 2.14461e-29
3.88053e-11 3.25158e-31 2.11164e-29
3.89801e-11 3.20691e-31 2.07912e-29
3.91556e-11 3.16286e-31 2.04705e-29
3.9332e-11 3.1194e-31 2.01542e-29
3.95091e-11 3.07654e-31 1.98423e-29
3.96871e-11 3.03427e-31 1.95346e-29
3.98658e-11 2.99258e-31 1.92312e-29
4.00453e-11 2.95147e-31 1.8932e-29
4.02257e-11 2.91091e-31 1.86368e-29
4.04069e-11 2.87091e-31 1.83457e-29
4.05888e-11 2.83147e-31 1.80586e-29
4.07716e-11 2.79256e-31 1.77755e-29
4.09553e-11 2.75418e-31 1.74962e-29
4.11397e-11 2.71634e-31 1.72208e-29
4.1325e-11 2.67901e-31 1.69492e-29
4.15111e-11 2.64219e-31 1.66813e-29
4.16981e-11 2.60588e-31 1.64171e-29
4.18859e-11 2.57007e-31 1.61565e-29
4.20745e-11 2.53475e-31 1.58995e-29
4.2264e-11 2.49991e-31 1.5646e-29
4.24543e-11 2.46556e-31 1.5396e-29
4.26455e-11 2.43167e-31 1.51494e-29
4.28376e-11 2.39825e-31 1.49063e-29
4.30305e-11 2.36529e-31 1.46664e-29
4.32243e-11 2.33278e-31 1.44299e-29
4.3419e-11 2.30072e-31 1.41966e-29
4.36146e-11 2.2691e-31 1.39666e-29
4.3811e-11 2.23791e-31 1.37397e-29
4.40083e-11 2.20715e-31 1.35159e-29
4.42065e-11 2.17681e-31 1.32951e-29
4.44056e-11 2.14689e-31 1.30775e-29
4.46056e-11 2.11738e-31 1.28628e-29
4.48065e-11 2.08828e-31 1.2651e-29
4.50083e-11 2.05958e-31 1.24422e-29
4.5211e-11 2.03127e-31 1.22363e-29
4.54146e-11 2.00335e-31 1.20331e-29
4.56191e-11 1.97581e-31 1.18328e-29
4.58246e-11 1.94866e-31 1.16352e-29
4.6031e-11 1.92187e-31 1.14403e-29
4.62383e-11 1.89545e-31 1.12482e-29
4.64465e-11 1.8694e-31 1.10586e-29
4.66557e-11 1.84371e-31 1.08717e-29
4.68658e-11 1.81837e-31 1.06873e-29
4.70769e-11 1.79337e-31 1.05055e-29
4.72889e-11 1.76872e-31 1.03261e-29
4.75019e-11 1.74441e-31 1.01493e-29
4.77158e-11 1.72044e-31 9.97481e-30
4.79307e-11 1.69679e-31 9.80277e-30
4.81466e-11 1.67347e-31 9.63309e-30
4.83634e-11 1.65047e-31 9.46574e-30
4.85812e-11 1.62779e-31 9.3007e-30
4.88e-11 1.60541e-31 9.13792e-30
4.90198e-11 1.58335e-31 8.97738e-30
4.92406e-11 1.56159e-31 8.81904e-30
4.94623e-11 1.54013e-31 8.66288e-30
4.96851e-11 1.51896e-31 8.50887e-30
4.99089e-11 1.49809e-31 8.35697e-30
5.01336e-11 1.4775e-31 8.20717e-30
5.03594e-11 1.4572e-31 8.05942e-30
5.05862e-11 1.43717e-31 7.9137e-30
5.08141e-11 1.41742e-31 7.76998e-30
5.10429e-11 1.39794e-31 7.62824e-30
5.12728e-11 1.37873e-31 7.48844e-30
5.15037e-11 1.35979e-31 7.35057e-30
5.17357e-11 1.3411e-31 7.21459e-30
5.19687e-11 1.32268e-31 7.08048e-30
5.22027e-11 1.3045e-31 6.94821e-30
5.24378e-11 1.28658e-31 6.81776e-30
5.2674e-11 1.2689e-31 6.6891e-30
5.29112e-11 1.25147e-31 6.56221e-30
5.31495e-11 1.23428e-31 6.43707e-30
5.33889e-11 1.21732e-31 6.31364e-30
5.36293e-11 1.2006e-31 6.19191e-30
5.38709e-11 1.18411e-31 6.07185e-30
5.41135e-11 1.16784e-31 5.95344e-30
5.43572e-11 1.1518e-31 5.83665e-30
5.4602e-11 1.13598e-31 5.72147e-30
5.48479e-11 1.12037e-31 5.60787e-30
5.50949e-11 1.10499e-31 5.49584e-30
5.53431e-11 1.08981e-31 5.38534e-30
5.55923e-11 1.07484e-31 5.27636e-30
5.58427e-11 1.06008e-31 5.16887e-30
5.60942e-11 1.04552e-31 5.06286e-30
5.63468e-11 1.03117e-31 4.95831e-30
5.66006e-11 1.01701e-31 4.8552e-30
5.68555e-11 1.00304e-31 4.75349e-30
5.71116e-11 9.89271e-32 4.65319e-30
5.73688e-11 9.75688e-32 4.55426e-30
5.76272e-11 9.62293e-32 4.45669e-30
5.78867e-11 9.49082e-32 4.36046e-30
5.81474e-11 9.36053e-32 4.26556e-30
5.84093e-11 9.23204e-32 4.17195e-30
5.86723e-11 9.10531e-32 4.07963e-30
5.89366e-11 8.98033e-32 3.98858e-30
5.9202e-11 8.85708e-32 3.89877e-30
5.94686e-11 8.73552e-32 3.8102e-30
5.97365e-11 8.61563e-32 3.72285e-30
6.00055e-11 8.4974e-32 3.63669e-30
6.02758e-11 8.38079e-32 3.55172e-30
6.05472e-11 8.26579e-32 3.46791e-30
6.08199e-11 8.15238e-32 3.38525e-30
6.10938e-11 8.04053e-32 3.30373e-30
6.1369e-11 7.93022e-32 3.22332e-30
6.16454e-11 7.82143e-32 3.14402e-30
6.1923e-11 7.71414e-32 3.06581e-30
6.22019e-11 7.60832e-32 2.98867e-30
6.2482e-11 7.50397e-32 2.91258e-30
6.27634e-11 7.40105e-32 2.83754e-30
6.30461e-11 7.29955e-32 2.76353e-30
6.333e-11 7.19945e-32 2.69054e-30
6.36152e-11 7.10072e-32 2.61854e-30
6.39017e-11 7.00336e-32 2.54753e-30
6.41895e-11 6.90734e-32 2.4775e-30
6.44786e-11 6.81264e-32 2.40843e-30
6.4769e-11 6.71925e-32 2.3403e-30
6.50607e-11 6.62714e-32 2.27311e-30
6.53537e-11 6.5363e-32 2.20684e-30
6.56481e-11 6.44672e-32 2.14147e-30
6.59437e-11 6.35836e-32 2.07701e-30
6.62407e-11 6.27123e-32 2.01342e-30
6.65391e-11 6.1853e-32 1.95071e-30
6.68387e-11 6.10055e-32 1.88886e-30
6.71398e-11 6.01696e-32 1.82785e-30
6.74421e-11 5.93453e-32 1.76768e-30
6.77459e-11 5.85323e-32 1.70834e-30
6.8051e-11 5.77306e-32 1.64981e-30
6.83575e-11 5.69399e-32 1.59208e-30
6.86653e-11 5.61601e-32 1.53514e-30
6.89746e-11 5.5391e-32 1.47898e-30
6.92852e-11 5.46325e-32 1.42358e-30
6.95973e-11 5.38845e-32 1.36895e-30
6.99107e-11 5.31467e-32 1.31507e-30
7.02256e-11 5.24192e-32 1.26192e-30
7.05418e-11 5.17016e-32 1.2095e-30
7.08595e-11 5.0994e-32 1.1578e-30
7.11787e-11 5.0296e-32 1.10681e-30
7.14992e-11 4.96077e-32 1.05651e-30
7.18212e-11 4.89289e-32 1.0069e-30
7.21447e-11 4.82594e-32 9.57973e-31
7.24696e-11 4.75992e-32 9.09714e-31
7.2796e-11 4.6948e-32 8.62115e-31
7.31239e-11 4.63059e-32 8.15166e-31
7.34532e-11 4.56725e-32 7.68861e-31
7.3784e-11 4.50479e-32 7.23188e-31
7.41163e-11 4.44319e-32 6.7814e-31
7.44501e-11 4.38243e-32 6.33708e-31
7.47854e-11 4.32252e-32 5.89884e-31
7.51222e-11 4.26342e-32 5.46659e-31
7.54605e-11 4.20514e-32 5.04025e-31
7.58004e-11 4.14767e-32 4.61973e-31
7.61418e-11 4.09098e-32 4.20497e-31
7.64847e-11 4.03508e-32 3.79587e-31
7.68292e-11 3.97995e-32 3.39236e-31
7.71752e-11 3.92557e-32 2.99436e-31
7.75228e-11 3.87194e-32 2.60181e-31
7.78719e-11 3.81905e-32 2.21461e-31
7.82226e-11 3.76689e-32 1.83271e-31
7.85749e-11 3.71545e-32 1.45602e-31
7.89288e-11 3.66472e-32 1.08447e-31
7.92842e-11 3.61468e-32 7.18001e-32
7.96413e-11 3.56533e-32 3.56533e-32
