1e-14 0 1.37258e-22
1.0045e-14 0 1.37258e-22
1.00903e-14 0 1.37258e-22
1.01357e-14 0 1.37258e-22
1.01814e-14 0 1.37258e-22
1.02272e-14 0 1.37258e-22
1.02733e-14 0 1.37258e-22
1.03196e-14 0 1.37258e-22
1.0366e-14 0 1.37258e-22
1.04127e-14 0 1.37258e-22
1.04596e-14 0 1.37258e-22
1.05067e-14 0 1.37258e-22
1.0554e-14 0 1.37258e-22
1.06016e-14 0 1.37258e-22
1.06493e-14 1.34361e-43 1.37258e-22
1.06973e-14 6.37578e-43 1.37258e-22
1.07455e-14 8.07122e-43 1.37258e-22
1.07938e-14 1.047e-42 1.37258e-22
1.08425e-14 1.36905e-42 1.37258e-22
1.08913e-14 1.92484e-42 1.37258e-22
1.09403e-14 2.85615e-42 1.37258e-22
1.09896e-14 3.69395e-42 1.37258e-22
1.10391e-14 5.31934e-42 1.37258e-22
1.10888e-14 6.67314e-42 1.37258e-22
1.11388e-14 7.64359e-42 1.37258e-22
1.11889e-14 9.386e-42 1.37258e-22
1.12393e-14 1.08724e-41 1.37258e-22
1.12899e-14 1.23522e-41 1.37258e-22
1.13408e-14 1.39196e-41 1.37258e-22
1.13919e-14 1.58646e-41 1.37258e-22
1.14432e-14 1.70116e-41 1.37258e-22
1.14947e-14 1.86808e-41 1.37258e-22
1.15465e-14 2.00823e-41 1.37258e-22
1.15985e-14 2.18775e-41 1.37258e-22
1.16507e-14 2.34526e-41 1.37258e-22
1.17032e-14 2.54519e-41 1.37258e-22
1.17559e-14 2.70175e-41 1.37258e-22
1.18088e-14 2.86159e-41 1.37258e-22
1.1862e-14 3.11909e-41 1.37258e-22
1.19154e-14 3.36178e-41 1.37258e-22
1.19691e-14 3.60399e-41 1.37258e-22
1.2023e-14 3.87e-41 1.37258e-22
1.20772e-14 4.25663e-41 1.37258e-22
1.21316e-14 4.58205e-41 1.37258e-22
1.21862e-14 4.97217e-41 1.37258e-22
1.22411e-14 5.36125e-41 1.37258e-22
1.22962e-14 5.67215e-41 1.37258e-22
1.23516e-14 6.14042e-41 1.37258e-22
1.24072e-14 6.64292e-41 1.37258e-22
1.24631e-14 7.08553e-41 1.37258e-22
1.25192e-14 7.63547e-41 1.37258e-22
1.25756e-14 8.07675e-41 1.37258e-22
1.26322e-14 8.69199e-41 1.37258e-22
1.26891e-14 9.38674e-41 1.37258e-22
1.27463e-14 9.99018e-41 1.37258e-22
1.28037e-14 1.06226e-40 1.37258e-22
1.28613e-14 1.13221e-40 1.37258e-22
1.29193e-14 1.21493e-40 1.37258e-22
1.29775e-14 1.29537e-40 1.37258e-22
1.30359e-14 1.38642e-40 1.37258e-22
1.30946e-14 1.47755e-40 1.37258e-22
1.31536e-14 1.58574e-40 1.37258e-22
1.32128e-14 1.69452e-40 1.37258e-22
1.32723e-14 1.81282e-40 1.37258e-22
1.33321e-14 1.94003e-40 1.37258e-22
1.33922e-14 2.05097e-40 1.37258e-22
1.34525e-14 2.18333e-40 1.37258e-22
1.35131e-14 2.33333e-40 1.37258e-22
1.35739e-14 2.47139e-40 1.37258e-22
1.3635e-14 2.63092e-40 1.37258e-22
1.36965e-14 2.79843e-40 1.37258e-22
1.37581e-14 2.97442e-40 1.37258e-22
1.38201e-14 3.15987e-40 1.37258e-22
1.38823e-14 3.35447e-40 1.37258e-22
1.39449e-14 3.55844e-40 1.37258e-22
1.40077e-14 3.77489e-40 1.37258e-22
1.40708e-14 4.00419e-40 1.37258e-22
1.41341e-14 4.24985e-40 1.37258e-22
1.41978e-14 4.50456e-40 1.37258e-22
1.42617e-14 4.77218e-40 1.37258e-22
1.4326e-14 5.08542e-40 1.37258e-22
1.43905e-14 5.39878e-40 1.37258e-22
1.44553e-14 5.74529e-40 1.37258e-22
1.45204e-14 6.10174e-40 1.37258e-22
1.45858e-14 6.46564e-40 1.37258e-22
1.46515e-14 6.85573e-40 1.37258e-22
1.47175e-14 7.29311e-40 1.37258e-22
1.47837e-14 7.73145e-40 1.37258e-22
1.48503e-14 8.19456e-40 1.37258e-22
1.49172e-14 8.68946e-40 1.37258e-22
1.49844e-14 9.20009e-40 1.37258e-22
1.50519e-14 9.76226e-40 1.37258e-22
1.51197e-14 1.03415e-39 1.37258e-22
1.51878e-14 1.09614e-39 1.37258e-22
1.52562e-14 1.16242e-39 1.37258e-22
1.53249e-14 1.23251e-39 1.37258e-22
1.53939e-14 1.30736e-39 1.37258e-22
1.54632e-14 1.38614e-39 1.37258e-22
1.55329e-14 1.46682e-39 1.37258e-22
1.56028e-14 1.55401e-39 1.37258e-22
1.56731e-14 1.64675e-39 1.37258e-22
1.57437e-14 1.74865e-39 1.37258e-22
1.58146e-14 1.85134e-39 1.37258e-22
1.58858e-14 1.96265e-39 1.37258e-22
1.59573e-14 2.08057e-39 1.37258e-22
1.60292e-14 2.20417e-39 1.37258e-22
1.61014e-14 2.33549e-39 1.37258e-22
1.61739e-14 2.47525e-39 1.37258e-22
1.62468e-14 2.62108e-39 1.37258e-22
1.63199e-14 2.77739e-39 1.37258e-22
1.63934e-14 2.94094e-39 1.37258e-22
1.64673e-14 3.1171e-39 1.37258e-22
1.65414e-14 3.3017e-39 1.37258e-22
1.66159e-14 3.49427e-39 1.37258e-22
1.66908e-14 3.70062e-39 1.37258e-22
1.67659e-14 3.9183e-39 1.37258e-22
1.68414e-14 4.14876e-39 1.37258e-22
1.69173e-14 4.38907e-39 1.37258e-22
1.69935e-14 4.64508e-39 1.37258e-22
1.707e-14 4.91657e-39 1.37258e-22
1.71469e-14 5.20322e-39 1.37258e-22
1.72241e-14 5.50375e-39 1.37258e-22
1.73017e-14 5.82466e-39 1.37258e-22
1.73796e-14 6.16201e-39 1.37258e-22
1.74579e-14 6.51925e-39 1.37258e-22
1.75365e-14 6.89448e-39 1.37258e-22
1.76155e-14 7.29418e-39 1.37258e-22
1.76948e-14 7.71122e-39 1.37258e-22
1.77745e-14 8.1542e-39 1.37258e-22
1.78546e-14 8.62433e-39 1.37258e-22
1.7935e-14 9.12166e-39 1.37258e-22
1.80158e-14 9.6419e-39 1.37258e-22
1.80969e-14 1.0196e-38 1.37258e-22
1.81784e-14 1.07797e-38 1.37258e-22
1.82603e-14 1.13953e-38 1.37258e-22
1.83425e-14 1.20496e-38 1.37258e-22
1.84251e-14 1.27363e-38 1.37258e-22
1.85081e-14 1.34617e-38 1.37258e-22
1.85914e-14 1.4231e-38 1.37258e-22
1.86752e-14 1.50436e-38 1.37258e-22
1.87593e-14 1.5898e-38 1.37258e-22
1.88438e-14 1.68009e-38 1.37258e-22
1.89286e-14 1.7756e-38 1.37258e-22
1.90139e-14 1.87669e-38 1.37258e-22
1.90995e-14 1.98278e-38 1.37258e-22
1.91855e-14 2.09493e-38 1.37258e-22
1.92719e-14 2.21387e-38 1.37258e-22
1.93587e-14 2.33886e-38 1.37258e-22
1.94459e-14 2.47068e-38 1.37258e-22
1.95335e-14 2.61022e-38 1.37258e-22
1.96215e-14 2.75721e-38 1.37258e-22
1.97098e-14 2.91213e-38 1.37258e-22
1.97986e-14 3.07605e-38 1.37258e-22
1.98878e-14 3.24859e-38 1.37258e-22
1.99774e-14 3.43117e-38 1.37258e-22
2.00673e-14 3.62281e-38 1.37258e-22
2.01577e-14 3.82592e-38 1.37258e-22
2.02485e-14 4.03982e-38 1.37258e-22
2.03397e-14 4.26534e-38 1.37258e-22
2.04313e-14 4.50364e-38 1.37258e-22
2.05233e-14 4.75509e-38 1.37258e-22
2.06157e-14 5.02017e-38 1.37258e-22
2.07086e-14 5.29925e-38 1.37258e-22
2.08018e-14 5.59403e-38 1.37258e-22
2.08955e-14 5.90476e-38 1.37258e-22
2.09896e-14 6.2329e-38 1.37258e-22
2.10842e-14 6.57795e-38 1.37258e-22
2.11791e-14 6.94254e-38 1.37258e-22
2.12745e-14 7.32673e-38 1.37258e-22
2.13703e-14 7.73154e-38 1.37258e-22
2.14666e-14 8.15859e-38 1.37258e-22
2.15632e-14 8.60888e-38 1.37258e-22
2.16604e-14 9.08374e-38 1.37258e-22
2.17579e-14 9.58335e-38 1.37258e-22
2.18559e-14 1.01113e-37 1.37258e-22
2.19543e-14 1.06666e-37 1.37258e-22
2.20532e-14 1.12524e-37 1.37258e-22
2.21525e-14 1.18701e-37 1.37258e-22
2.22523e-14 1.25202e-37 1.37258e-22
2.23525e-14 1.32059e-37 1.37258e-22
2.24532e-14 1.39281e-37 1.37258e-22
2.25543e-14 1.46894e-37 1.37258e-22
2.26559e-14 1.54913e-37 1.37258e-22
2.27579e-14 1.6336e-37 1.37258e-22
2.28604e-14 1.72261e-37 1.37258e-22
2.29634e-14 1.8164e-37 1.37258e-22
2.30668e-14 1.9152e-37 1.37258e-22
2.31707e-14 2.01921e-37 1.37258e-22
2.3275e-14 2.12882e-37 1.37258e-22
2.33799e-14 2.24425e-37 1.37258e-22
2.34852e-14 2.36579e-37 1.37258e-22
2.35909e-14 2.49385e-37 1.37258e-22
2.36972e-14 2.62862e-37 1.37258e-22
2.38039e-14 2.77057e-37 1.37258e-22
2.39111e-14 2.92002e-37 1.37258e-22
2.40188e-14 3.07743e-37 1.37258e-22
2.4127e-14 3.24311e-37 1.37258e-22
2.42356e-14 3.41759e-37 1.37258e-22
2.43448e-14 3.60128e-37 1.37258e-22
2.44544e-14 3.79461e-37 1.37258e-22
2.45646e-14 3.9981e-37 1.37258e-22
2.46752e-14 4.21239e-37 1.37258e-22
2.47863e-14 4.43783e-37 1.37258e-22
2.4898e-14 4.67514e-37 1.37258e-22
2.50101e-14 4.92488e-37 1.37258e-22
2.51227e-14 5.18772e-37 1.37258e-22
2.52359e-14 5.46435e-37 1.37258e-22
2.53495e-14 5.75535e-37 1.37258e-22
2.54637e-14 6.06163e-37 1.37258e-22
2.55784e-14 6.38381e-37 1.37258e-22
2.56936e-14 6.72278e-37 1.37258e-22
2.58093e-14 7.07936e-37 1.37258e-22
2.59255e-14 7.45457e-37 1.37258e-22
2.60423e-14 7.8492e-37 1.37258e-22
2.61596e-14 8.26435e-37 1.37258e-22
2.62774e-14 8.70098e-37 1.37258e-22
2.63957e-14 9.1603e-37 1.37258e-22
2.65146e-14 9.64326e-37 1.37258e-22
2.6634e-14 1.01513e-36 1.37258e-22
2.6754e-14 1.06855e-36 1.37258e-22
2.68745e-14 1.12472e-36 1.37258e-22
2.69955e-14 1.18379e-36 1.37258e-22
2.71171e-14 1.2459e-36 1.37258e-22
2.72392e-14 1.3112e-36 1.37258e-22
2.73619e-14 1.37984e-36 1.37258e-22
2.74851e-14 1.45202e-36 1.37258e-22
2.76089e-14 1.52789e-36 1.37258e-22
2.77332e-14 1.60765e-36 1.37258e-22
2.78581e-14 1.69148e-36 1.37258e-22
2.79836e-14 1.77959e-36 1.37258e-22
2.81096e-14 1.87219e-36 1.37258e-22
2.82362e-14 1.96952e-36 1.37258e-22
2.83634e-14 2.07181e-36 1.37258e-22
2.84912e-14 2.17929e-36 1.37258e-22
2.86195e-14 2.29224e-36 1.37258e-22
2.87484e-14 2.41091e-36 1.37258e-22
2.88778e-14 2.5356e-36 1.37258e-22
2.90079e-14 2.66662e-36 1.37258e-22
2.91385e-14 2.80425e-36 1.37258e-22
2.92698e-14 2.94883e-36 1.37258e-22
2.94016e-14 3.10073e-36 1.37258e-22
2.9534e-14 3.26028e-36 1.37258e-22
2.9667e-14 3.42786e-36 1.37258e-22
2.98006e-14 3.60388e-36 1.37258e-22
2.99348e-14 3.78874e-36 1.37258e-22
3.00697e-14 3.98288e-36 1.37258e-22
3.02051e-14 4.18677e-36 1.37258e-22
3.03411e-14 4.40087e-36 1.37258e-22
3.04778e-14 4.62567e-36 1.37258e-22
3.0615e-14 4.86172e-36 1.37258e-22
3.07529e-14 5.10956e-36 1.37258e-22
3.08914e-14 5.36976e-36 1.37258e-22
3.10305e-14 5.64292e-36 1.37258e-22
3.11703e-14 5.92968e-36 1.37258e-22
3.13107e-14 6.23069e-36 1.37258e-22
3.14517e-14 6.54666e-36 1.37258e-22
3.15933e-14 6.8783e-36 1.37258e-22
3.17356e-14 7.22638e-36 1.37258e-22
3.18786e-14 7.59169e-36 1.37258e-22
3.20221e-14 7.97506e-36 1.37258e-22
3.21663e-14 8.37737e-36 1.37258e-22
3.23112e-14 8.79952e-36 1.37258e-22
3.24567e-14 9.24249e-36 1.37258e-22
3.26029e-14 9.70725e-36 1.37258e-22
3.27497e-14 1.01949e-35 1.37258e-22
3.28972e-14 1.07065e-35 1.37258e-22
3.30454e-14 1.12431e-35 1.37258e-22
3.31942e-14 1.18061e-35 1.37258e-22
3.33437e-14 1.23967e-35 1.37258e-22
3.34939e-14 1.30161e-35 1.37258e-22
3.36447e-14 1.36658e-35 1.37258e-22
3.37963e-14 1.43472e-35 1.37258e-22
3.39485e-14 1.50618e-35 1.37258e-22
3.41014e-14 1.58112e-35 1.37258e-22
3.42549e-14 1.65971e-35 1.37258e-22
3.44092e-14 1.74211e-35 1.37258e-22
3.45642e-14 1.82851e-35 1.37258e-22
3.47199e-14 1.9191e-35 1.37258e-22
3.48762e-14 2.01407e-35 1.37258e-22
3.50333e-14 2.11364e-35 1.37258e-22
3.51911e-14 2.21802e-35 1.37258e-22
3.53496e-14 2.32743e-35 1.37258e-22
3.55088e-14 2.44212e-35 1.37258e-22
3.56687e-14 2.56233e-35 1.37258e-22
3.58293e-14 2.68832e-35 1.37258e-22
3.59907e-14 2.82037e-35 1.37258e-22
3.61528e-14 2.95875e-35 1.37258e-22
3.63156e-14 3.10376e-35 1.37258e-22
3.64792e-14 3.25571e-35 1.37258e-22
3.66435e-14 3.41493e-35 1.37258e-22
3.68085e-14 3.58176e-35 1.37258e-22
3.69743e-14 3.75654e-35 1.37258e-22
3.71408e-14 3.93966e-35 1.37258e-22
3.73081e-14 4.13149e-35 1.37258e-22
3.74761e-14 4.33244e-35 1.37258e-22
3.76449e-14 4.54294e-35 1.37258e-22
3.78144e-14 4.76342e-35 1.37258e-22
3.79847e-14 4.99435e-35 1.37258e-22
3.81558e-14 5.23621e-35 1.37258e-22
3.83276e-14 5.4895e-35 1.37258e-22
3.85002e-14 5.75476e-35 1.37258e-22
3.86736e-14 6.03252e-35 1.37258e-22
3.88478e-14 6.32338e-35 1.37258e-22
3.90228e-14 6.62792e-35 1.37258e-22
3.91985e-14 6.94677e-35 1.37258e-22
3.93751e-14 7.28059e-35 1.37258e-22
3.95524e-14 7.63007e-35 1.37258e-22
3.97305e-14 7.99592e-35 1.37258e-22
3.99095e-14 8.37889e-35 1.37258e-22
4.00892e-14 8.77975e-35 1.37258e-22
4.02698e-14 9.19933e-35 1.37258e-22
4.04511e-14 9.63847e-35 1.37258e-22
4.06333e-14 1.00981e-34 1.37258e-22
4.08163e-14 1.0579e-34 1.37258e-22
4.10001e-14 1.10823e-34 1.37258e-22
4.11848e-14 1.1609e-34 1.37258e-22
4.13703e-14 1.21601e-34 1.37258e-22
4.15566e-14 1.27367e-34 1.37258e-22
4.17437e-14 1.33399e-34 1.37258e-22
4.19317e-14 1.39711e-34 1.37258e-22
4.21206e-14 1.46313e-34 1.37258e-22
4.23103e-14 1.5322e-34 1.37258e-22
4.25008e-14 1.60444e-34 1.37258e-22
4.26922e-14 1.68001e-34 1.37258e-22
4.28845e-14 1.75904e-34 1.37258e-22
4.30777e-14 1.8417e-34 1.37258e-22
4.32717e-14 1.92815e-34 1.37258e-22
4.34666e-14 2.01855e-34 1.37258e-22
4.36623e-14 2.11309e-34 1.37258e-22
4.3859e-14 2.21194e-34 1.37258e-22
4.40565e-14 2.31529e-34 1.37258e-22
4.42549e-14 2.42336e-34 1.37258e-22
4.44542e-14 2.53633e-34 1.37258e-22
4.46544e-14 2.65444e-34 1.37258e-22
4.48555e-14 2.77791e-34 1.37258e-22
4.50575e-14 2.90697e-34 1.37258e-22
4.52605e-14 3.04188e-34 1.37258e-22
4.54643e-14 3.18288e-34 1.37258e-22
4.56691e-14 3.33025e-34 1.37258e-22
4.58748e-14 3.48427e-34 1.37258e-22
4.60814e-14 3.64523e-34 1.37258e-22
4.62889e-14 3.81342e-34 1.37258e-22
4.64974e-14 3.98918e-34 1.37258e-22
4.67068e-14 4.17282e-34 1.37258e-22
4.69171e-14 4.3647e-34 1.37258e-22
4.71284e-14 4.56517e-34 1.37258e-22
4.73407e-14 4.7746e-34 1.37258e-22
4.75539e-14 4.99339e-34 1.37258e-22
4.77681e-14 5.22194e-34 1.37258e-22
4.79832e-14 5.46067e-34 1.37258e-22
4.81993e-14 5.71002e-34 1.37258e-22
4.84164e-14 5.97046e-34 1.37258e-22
4.86344e-14 6.24246e-34 1.37258e-22
4.88535e-14 6.52652e-34 1.37258e-22
4.90735e-14 6.82316e-34 1.37258e-22
4.92945e-14 7.13291e-34 1.37258e-22
4.95165e-14 7.45636e-34 1.37258e-22
4.97395e-14 7.79407e-34 1.37258e-22
4.99635e-14 8.14666e-34 1.37258e-22
5.01886e-14 8.51478e-34 1.37258e-22
5.04146e-14 8.89907e-34 1.37258e-22
5.06416e-14 9.30024e-34 1.37258e-22
5.08697e-14 9.71899e-34 1.37258e-22
5.10988e-14 1.01561e-33 1.37258e-22
5.13289e-14 1.06123e-33 1.37258e-22
5.15601e-14 1.10884e-33 1.37258e-22
5.17923e-14 1.15854e-33 1.37258e-22
5.20256e-14 1.21039e-33 1.37258e-22
5.22599e-14 1.26451e-33 1.37258e-22
5.24953e-14 1.32097e-33 1.37258e-22
5.27317e-14 1.37989e-33 1.37258e-22
5.29692e-14 1.44136e-33 1.37258e-22
5.32077e-14 1.5055e-33 1.37258e-22
5.34474e-14 1.57241e-33 1.37258e-22
5.36881e-14 1.6422e-33 1.37258e-22
5.39299e-14 1.71501e-33 1.37258e-22
5.41728e-14 1.79096e-33 1.37258e-22
5.44167e-14 1.87017e-33 1.37258e-22
5.46618e-14 1.95279e-33 1.37258e-22
5.4908e-14 2.03896e-33 1.37258e-22
5.51553e-14 2.12881e-33 1.37258e-22
5.54037e-14 2.22252e-33 1.37258e-22
5.56532e-14 2.32023e-33 1.37258e-22
5.59039e-14 2.42212e-33 1.37258e-22
5.61556e-14 2.52835e-33 1.37258e-22
5.64085e-14 2.6391e-33 1.37258e-22
5.66626e-14 2.75457e-33 1.37258e-22
5.69178e-14 2.87494e-33 1.37258e-22
5.71741e-14 3.00042e-33 1.37258e-22
5.74316e-14 3.13122e-33 1.37258e-22
5.76903e-14 3.26755e-33 1.37258e-22
5.79501e-14 3.40965e-33 1.37258e-22
5.82111e-14 3.55774e-33 1.37258e-22
5.84732e-14 3.71208e-33 1.37258e-22
5.87366e-14 3.87292e-33 1.37258e-22
5.90011e-14 4.04052e-33 1.37258e-22
5.92668e-14 4.21516e-33 1.37258e-22
5.95338e-14 4.39712e-33 1.37258e-22
5.98019e-14 4.5867e-33 1.37258e-22
6.00712e-14 4.78422e-33 1.37258e-22
6.03418e-14 4.98999e-33 1.37258e-22
6.06135e-14 5.20434e-33 1.37258e-22
6.08865e-14 5.42763e-33 1.37258e-22
6.11607e-14 5.6602e-33 1.37258e-22
6.14362e-14 5.90244e-33 1.37258e-22
6.17129e-14 6.15474e-33 1.37258e-22
6.19908e-14 6.4175e-33 1.37258e-22
6.227e-14 6.69113e-33 1.37258e-22
6.25504e-14 6.97607e-33 1.37258e-22
6.28321e-14 7.27278e-33 1.37258e-22
6.31151e-14 7.58172e-33 1.37258e-22
6.33994e-14 7.90339e-33 1.37258e-22
6.36849e-14 8.23828e-33 1.37258e-22
6.39717e-14 8.58693e-33 1.37258e-22
6.42598e-14 8.94987e-33 1.37258e-22
6.45492e-14 9.32768e-33 1.37258e-22
6.484e-14 9.72095e-33 1.37258e-22
6.5132e-14 1.01303e-32 1.37258e-22
6.54253e-14 1.05563e-32 1.37258e-22
6.572e-14 1.09997e-32 1.37258e-22
6.6016e-14 1.14611e-32 1.37258e-22
6.63133e-14 1.19413e-32 1.37258e-22
6.66119e-14 1.2441e-32 1.37258e-22
6.69119e-14 1.29609e-32 1.37258e-22
6.72133e-14 1.35018e-32 1.37258e-22
6.7516e-14 1.40647e-32 1.37258e-22
6.78201e-14 1.46502e-32 1.37258e-22
6.81255e-14 1.52593e-32 1.37258e-22
6.84323e-14 1.5893e-32 1.37258e-22
6.87405e-14 1.65521e-32 1.37258e-22
6.90501e-14 1.72377e-32 1.37258e-22
6.93611e-14 1.79507e-32 1.37258e-22
6.96735e-14 1.86924e-32 1.37258e-22
6.99873e-14 1.94636e-32 1.37258e-22
7.03025e-14 2.02657e-32 1.37258e-22
7.06191e-14 2.10997e-32 1.37258e-22
7.09371e-14 2.19669e-32 1.37258e-22
7.12566e-14 2.28687e-32 1.37258e-22
7.15775e-14 2.38062e-32 1.37258e-22
7.18999e-14 2.47809e-32 1.37258e-22
7.22237e-14 2.57942e-32 1.37258e-22
7.2549e-14 2.68475e-32 1.37258e-22
7.28757e-14 2.79425e-32 1.37258e-22
7.32039e-14 2.90806e-32 1.37258e-22
7.35336e-14 3.02636e-32 1.37258e-22
7.38648e-14 3.1493e-32 1.37258e-22
7.41975e-14 3.27708e-32 1.37258e-22
7.45316e-14 3.40987e-32 1.37258e-22
7.48673e-14 3.54785e-32 1.37258e-22
7.52045e-14 3.69124e-32 1.37258e-22
7.55432e-14 3.84022e-32 1.37258e-22
7.58834e-14 3.99501e-32 1.37258e-22
7.62252e-14 4.15583e-32 1.37258e-22
7.65685e-14 4.3229e-32 1.37258e-22
7.69133e-14 4.49647e-32 1.37258e-22
7.72597e-14 4.67676e-32 1.37258e-22
7.76076e-14 4.86403e-32 1.37258e-22
7.79572e-14 5.05855e-32 1.37258e-22
7.83083e-14 5.26058e-32 1.37258e-22
7.86609e-14 5.4704e-32 1.37258e-22
7.90152e-14 5.68829e-32 1.37258e-22
7.93711e-14 5.91457e-32 1.37258e-22
7.97285e-14 6.14954e-32 1.37258e-22
8.00876e-14 6.39351e-32 1.37258e-22
8.04483e-14 6.64683e-32 1.37258e-22
8.08106e-14 6.90983e-32 1.37258e-22
8.11746e-14 7.18287e-32 1.37258e-22
8.15402e-14 7.46632e-32 1.37258e-22
8.19074e-14 7.76057e-32 1.37258e-22
8.22763e-14 8.066e-32 1.37258e-22
8.26468e-14 8.38302e-32 1.37258e-22
8.3019e-14 8.71206e-32 1.37258e-22
8.33929e-14 9.05356e-32 1.37258e-22
8.37685e-14 9.40796e-32 1.37258e-22
8.41458e-14 9.77575e-32 1.37258e-22
8.45247e-14 1.01574e-31 1.37258e-22
8.49054e-14 1.05534e-31 1.37258e-22
8.52878e-14 1.09643e-31 1.37258e-22
8.56719e-14 1.13906e-31 1.37258e-22
8.60578e-14 1.18329e-31 1.37257e-22
8.64453e-14 1.22917e-31 1.37257e-22
8.68347e-14 1.27677e-31 1.37257e-22
8.72257e-14 1.32614e-31 1.37257e-22
8.76186e-14 1.37735e-31 1.37257e-22
8.80132e-14 1.43047e-31 1.37257e-22
8.84096e-14 1.48556e-31 1.37257e-22
8.88077e-14 1.54269e-31 1.37257e-22
8.92077e-14 1.60194e-31 1.37257e-22
8.96095e-14 1.66338e-31 1.37257e-22
9.00131e-14 1.72709e-31 1.37257e-22
9.04184e-14 1.79315e-31 1.37257e-22
9.08257e-14 1.86164e-31 1.37257e-22
9.12347e-14 1.93265e-31 1.37257e-22
9.16456e-14 2.00626e-31 1.37257e-22
9.20584e-14 2.08258e-31 1.37257e-22
9.2473e-14 2.16168e-31 1.37257e-22
9.28894e-14 2.24368e-31 1.37257e-22
9.33078e-14 2.32867e-31 1.37257e-22
9.3728e-14 2.41675e-31 1.37257e-22
9.41501e-14 2.50804e-31 1.37257e-22
9.45742e-14 2.60265e-31 1.37257e-22
9.50001e-14 2.70069e-31 1.37257e-22
9.54279e-14 2.80228e-31 1.37257e-22
9.58577e-14 2.90754e-31 1.37257e-22
9.62894e-14 3.0166e-31 1.37257e-22
9.67231e-14 3.1296e-31 1.37257e-22
9.71587e-14 3.24666e-31 1.37257e-22
9.75963e-14 3.36793e-31 1.37257e-22
9.80358e-14 3.49355e-31 1.37257e-22
9.84774e-14 3.62368e-31 1.37257e-22
9.89209e-14 3.75846e-31 1.37257e-22
9.93664e-14 3.89805e-31 1.37257e-22
9.98139e-14 4.04263e-31 1.37257e-22
1.00263e-13 4.19236e-31 1.37257e-22
1.00715e-13 4.34741e-31 1.37257e-22
1.01169e-13 4.50796e-31 1.37257e-22
1.01624e-13 4.67421e-31 1.37257e-22
1.02082e-13 4.84634e-31 1.37257e-22
1.02542e-13 5.02456e-31 1.37257e-22
1.03003e-13 5.20907e-31 1.37257e-22
1.03467e-13 5.40008e-31 1.37257e-22
1.03933e-13 5.5978e-31 1.37257e-22
1.04401e-13 5.80248e-31 1.37257e-22
1.04872e-13 6.01433e-31 1.37257e-22
1.05344e-13 6.2336e-31 1.37257e-22
1.05818e-13 6.46054e-31 1.37257e-22
1.06295e-13 6.6954e-31 1.37257e-22
1.06774e-13 6.93844e-31 1.37257e-22
1.07255e-13 7.18995e-31 1.37257e-22
1.07738e-13 7.45019e-31 1.37257e-22
1.08223e-13 7.71946e-31 1.37257e-22
1.0871e-13 7.99806e-31 1.37257e-22
1.092e-13 8.28629e-31 1.37257e-22
1.09692e-13 8.58448e-31 1.37257e-22
1.10186e-13 8.89294e-31 1.37257e-22
1.10682e-13 9.21202e-31 1.37257e-22
1.1118e-13 9.54207e-31 1.37257e-22
1.11681e-13 9.88344e-31 1.37257e-22
1.12184e-13 1.02365e-30 1.37257e-22
1.12689e-13 1.06016e-30 1.37257e-22
1.13197e-13 1.09792e-30 1.37257e-22
1.13707e-13 1.13697e-30 1.37257e-22
1.14219e-13 1.17735e-30 1.37257e-22
1.14733e-13 1.2191e-30 1.37257e-22
1.1525e-13 1.26226e-30 1.37257e-22
1.15769e-13 1.30689e-30 1.37257e-22
1.1629e-13 1.35303e-30 1.37257e-22
1.16814e-13 1.40073e-30 1.37257e-22
1.1734e-13 1.45003e-30 1.37257e-22
1.17869e-13 1.50099e-30 1.37257e-22
1.18399e-13 1.55367e-30 1.37257e-22
1.18933e-13 1.60811e-30 1.37257e-22
1.19468e-13 1.66437e-30 1.37257e-22
1.20006e-13 1.72252e-30 1.37257e-22
1.20547e-13 1.78261e-30 1.37257e-22
1.2109e-13 1.8447e-30 1.37257e-22
1.21635e-13 1.90886e-30 1.37257e-22
1.22183e-13 1.97514e-30 1.37257e-22
1.22733e-13 2.04363e-30 1.37257e-22
1.23286e-13 2.11439e-30 1.37257e-22
1.23841e-13 2.18748e-30 1.37257e-22
1.24399e-13 2.26298e-30 1.37257e-22
1.24959e-13 2.34098e-30 1.37257e-22
1.25522e-13 2.42154e-30 1.37257e-22
1.26087e-13 2.50474e-30 1.37257e-22
1.26655e-13 2.59068e-30 1.37257e-22
1.27226e-13 2.67942e-30 1.37257e-22
1.27799e-13 2.77107e-30 1.37257e-22
1.28374e-13 2.8657e-30 1.37257e-22
1.28952e-13 2.96342e-30 1.37257e-22
1.29533e-13 3.06431e-30 1.37257e-22
1.30116e-13 3.16848e-30 1.37257e-22
1.30702e-13 3.27602e-30 1.37257e-22
1.31291e-13 3.38705e-30 1.37257e-22
1.31882e-13 3.50166e-30 1.37257e-22
1.32476e-13 3.61996e-30 1.37257e-22
1.33073e-13 3.74207e-30 1.37257e-22
1.33672e-13 3.86811e-30 1.37257e-22
1.34274e-13 3.99819e-30 1.37257e-22
1.34879e-13 4.13243e-30 1.37257e-22
1.35487e-13 4.27097e-30 1.37257e-22
1.36097e-13 4.41392e-30 1.37257e-22
1.3671e-13 4.56143e-30 1.37257e-22
1.37325e-13 4.71364e-30 1.37257e-22
1.37944e-13 4.87067e-30 1.37257e-22
1.38565e-13 5.03269e-30 1.37257e-22
1.39189e-13 5.19983e-30 1.37257e-22
1.39816e-13 5.37225e-30 1.37257e-22
1.40446e-13 5.5501e-30 1.37257e-22
1.41078e-13 5.73356e-30 1.37257e-22
1.41714e-13 5.92278e-30 1.37257e-22
1.42352e-13 6.11793e-30 1.37257e-22
1.42993e-13 6.3192e-30 1.37257e-22
1.43637e-13 6.52676e-30 1.37257e-22
1.44284e-13 6.7408e-30 1.37257e-22
1.44934e-13 6.9615e-30 1.37257e-22
1.45586e-13 7.18907e-30 1.37257e-22
1.46242e-13 7.42371e-30 1.37257e-22
1.46901e-13 7.66561e-30 1.37257e-22
1.47562e-13 7.915e-30 1.37257e-22
1.48227e-13 8.17209e-30 1.37257e-22
1.48894e-13 8.4371e-30 1.37257e-22
1.49565e-13 8.71027e-30 1.37257e-22
1.50239e-13 8.99183e-30 1.37257e-22
1.50915e-13 9.28202e-30 1.37257e-22
1.51595e-13 9.5811e-30 1.37257e-22
1.52278e-13 9.88931e-30 1.37257e-22
1.52963e-13 1.02069e-29 1.37257e-22
1.53652e-13 1.05342e-29 1.37257e-22
1.54344e-13 1.08714e-29 1.37257e-22
1.5504e-13 1.12189e-29 1.37257e-22
1.55738e-13 1.15769e-29 1.37257e-22
1.56439e-13 1.19457e-29 1.37257e-22
1.57144e-13 1.23256e-29 1.37257e-22
1.57851e-13 1.2717e-29 1.37257e-22
1.58562e-13 1.31202e-29 1.37257e-22
1.59277e-13 1.35354e-29 1.37257e-22
1.59994e-13 1.39631e-29 1.37257e-22
1.60714e-13 1.44035e-29 1.37257e-22
1.61438e-13 1.48572e-29 1.37257e-22
1.62165e-13 1.53243e-29 1.37257e-22
1.62896e-13 1.58053e-29 1.37257e-22
1.63629e-13 1.63006e-29 1.37257e-22
1.64366e-13 1.68106e-29 1.37257e-22
1.65106e-13 1.73357e-29 1.37257e-22
1.6585e-13 1.78762e-29 1.37257e-22
1.66597e-13 1.84327e-29 1.37257e-22
1.67347e-13 1.90056e-29 1.37257e-22
1.68101e-13 1.95952e-29 1.37257e-22
1.68858e-13 2.02022e-29 1.37257e-22
1.69619e-13 2.08269e-29 1.37257e-22
1.70382e-13 2.14699e-29 1.37257e-22
1.7115e-13 2.21316e-29 1.37257e-22
1.71921e-13 2.28125e-29 1.37257e-22
1.72695e-13 2.35132e-29 1.37257e-22
1.73473e-13 2.42342e-29 1.37257e-22
1.74254e-13 2.4976e-29 1.37257e-22
1.75039e-13 2.57393e-29 1.37257e-22
1.75827e-13 2.65246e-29 1.37257e-22
1.76619e-13 2.73325e-29 1.37257e-22
1.77414e-13 2.81635e-29 1.37257e-22
1.78213e-13 2.90184e-29 1.37257e-22
1.79016e-13 2.98977e-29 1.37257e-22
1.79822e-13 3.08021e-29 1.37257e-22
1.80632e-13 3.17322e-29 1.37257e-22
1.81446e-13 3.26888e-29 1.37256e-22
1.82263e-13 3.36726e-29 1.37256e-22
1.83084e-13 3.46842e-29 1.37256e-22
1.83908e-13 3.57245e-29 1.37256e-22
1.84736e-13 3.67941e-29 1.37256e-22
1.85568e-13 3.78938e-29 1.37256e-22
1.86404e-13 3.90244e-29 1.37256e-22
1.87244e-13 4.01867e-29 1.37256e-22
1.88087e-13 4.13816e-29 1.37256e-22
1.88934e-13 4.26099e-29 1.37256e-22
1.89785e-13 4.38724e-29 1.37256e-22
1.9064e-13 4.51701e-29 1.37256e-22
1.91498e-13 4.65038e-29 1.37256e-22
1.92361e-13 4.78745e-29 1.37256e-22
1.93227e-13 4.92832e-29 1.37256e-22
1.94097e-13 5.07307e-29 1.37256e-22
1.94972e-13 5.22182e-29 1.37256e-22
1.9585e-13 5.37466e-29 1.37256e-22
1.96732e-13 5.53169e-29 1.37256e-22
1.97618e-13 5.69303e-29 1.37256e-22
1.98508e-13 5.85878e-29 1.37256e-22
1.99402e-13 6.02905e-29 1.37256e-22
2.003e-13 6.20396e-29 1.37255e-22
2.01202e-13 6.38363e-29 1.37255e-22
2.02108e-13 6.56817e-29 1.37255e-22
2.03018e-13 6.75771e-29 1.37255e-22
2.03933e-13 6.95237e-29 1.37255e-22
2.04851e-13 7.15228e-29 1.37255e-22
2.05774e-13 7.35757e-29 1.37255e-22
2.067e-13 7.56838e-29 1.37255e-22
2.07631e-13 7.78483e-29 1.37255e-22
2.08566e-13 8.00708e-29 1.37255e-22
2.09506e-13 8.23526e-29 1.37255e-22
2.10449e-13 8.46951e-29 1.37255e-22
2.11397e-13 8.71e-29 1.37255e-22
2.12349e-13 8.95687e-29 1.37255e-22
2.13306e-13 9.21027e-29 1.37254e-22
2.14266e-13 9.47037e-29 1.37254e-22
2.15231e-13 9.73733e-29 1.37254e-22
2.16201e-13 1.00113e-28 1.37254e-22
2.17174e-13 1.02925e-28 1.37254e-22
2.18152e-13 1.05811e-28 1.37254e-22
2.19135e-13 1.08771e-28 1.37254e-22
2.20122e-13 1.1181e-28 1.37254e-22
2.21113e-13 1.14927e-28 1.37254e-22
2.22109e-13 1.18126e-28 1.37253e-22
2.23109e-13 1.21407e-28 1.37253e-22
2.24114e-13 1.24773e-28 1.37253e-22
2.25123e-13 1.28226e-28 1.37253e-22
2.26137e-13 1.31769e-28 1.37253e-22
2.27156e-13 1.35402e-28 1.37253e-22
2.28179e-13 1.39129e-28 1.37253e-22
2.29206e-13 1.42951e-28 1.37253e-22
2.30239e-13 1.4687e-28 1.37252e-22
2.31276e-13 1.5089e-28 1.37252e-22
2.32317e-13 1.55012e-28 1.37252e-22
2.33364e-13 1.59239e-28 1.37252e-22
2.34415e-13 1.63573e-28 1.37252e-22
2.3547e-13 1.68016e-28 1.37252e-22
2.36531e-13 1.72571e-28 1.37252e-22
2.37596e-13 1.77242e-28 1.37251e-22
2.38666e-13 1.82029e-28 1.37251e-22
2.39741e-13 1.86937e-28 1.37251e-22
2.40821e-13 1.91967e-28 1.37251e-22
2.41905e-13 1.97123e-28 1.37251e-22
2.42995e-13 2.02407e-28 1.3725e-22
2.44089e-13 2.07822e-28 1.3725e-22
2.45188e-13 2.13372e-28 1.3725e-22
2.46293e-13 2.19059e-28 1.3725e-22
2.47402e-13 2.24887e-28 1.3725e-22
2.48516e-13 2.30858e-28 1.37249e-22
2.49635e-13 2.36976e-28 1.37249e-22
2.5076e-13 2.43244e-28 1.37249e-22
2.51889e-13 2.49665e-28 1.37249e-22
2.53023e-13 2.56244e-28 1.37248e-22
2.54163e-13 2.62982e-28 1.37248e-22
2.55308e-13 2.69884e-28 1.37248e-22
2.56458e-13 2.76954e-28 1.37248e-22
2.57613e-13 2.84194e-28 1.37247e-22
2.58773e-13 2.9161e-28 1.37247e-22
2.59938e-13 2.99204e-28 1.37247e-22
2.61109e-13 3.06981e-28 1.37246e-22
2.62285e-13 3.14944e-28 1.37246e-22
2.63466e-13 3.23098e-28 1.37246e-22
2.64653e-13 3.31447e-28 1.37245e-22
2.65845e-13 3.39994e-28 1.37245e-22
2.67042e-13 3.48744e-28 1.37245e-22
2.68245e-13 3.57702e-28 1.37244e-22
2.69453e-13 3.66872e-28 1.37244e-22
2.70666e-13 3.76259e-28 1.37244e-22
2.71885e-13 3.85866e-28 1.37243e-22
2.7311e-13 3.95699e-28 1.37243e-22
2.7434e-13 4.05763e-28 1.37243e-22
2.75575e-13 4.16062e-28 1.37242e-22
2.76816e-13 4.26601e-28 1.37242e-22
2.78063e-13 4.37386e-28 1.37241e-22
2.79315e-13 4.48421e-28 1.37241e-22
2.80573e-13 4.59712e-28 1.3724e-22
2.81837e-13 4.71264e-28 1.3724e-22
2.83106e-13 4.83082e-28 1.3724e-22
2.84381e-13 4.95172e-28 1.37239e-22
2.85662e-13 5.0754e-28 1.37239e-22
2.86949e-13 5.20191e-28 1.37238e-22
2.88241e-13 5.3313e-28 1.37238e-22
2.89539e-13 5.46365e-28 1.37237e-22
2.90843e-13 5.59901e-28 1.37236e-22
2.92153e-13 5.73743e-28 1.37236e-22
2.93469e-13 5.87899e-28 1.37235e-22
2.9479e-13 6.02375e-28 1.37235e-22
2.96118e-13 6.17176e-28 1.37234e-22
2.97452e-13 6.3231e-28 1.37233e-22
2.98791e-13 6.47783e-28 1.37233e-22
3.00137e-13 6.63602e-28 1.37232e-22
3.01489e-13 6.79773e-28 1.37232e-22
3.02847e-13 6.96305e-28 1.37231e-22
3.0421e-13 7.13203e-28 1.3723e-22
3.05581e-13 7.30476e-28 1.37229e-22
3.06957e-13 7.4813e-28 1.37229e-22
3.08339e-13 7.66173e-28 1.37228e-22
3.09728e-13 7.84612e-28 1.37227e-22
3.11123e-13 8.03456e-28 1.37226e-22
3.12524e-13 8.22711e-28 1.37226e-22
3.13932e-13 8.42387e-28 1.37225e-22
3.15345e-13 8.62491e-28 1.37224e-22
3.16766e-13 8.83031e-28 1.37223e-22
3.18192e-13 9.04016e-28 1.37222e-22
3.19625e-13 9.25454e-28 1.37221e-22
3.21065e-13 9.47354e-28 1.3722e-22
3.22511e-13 9.69725e-28 1.37219e-22
3.23963e-13 9.92575e-28 1.37218e-22
3.25422e-13 1.01591e-27 1.37217e-22
3.26888e-13 1.03975e-27 1.37216e-22
3.2836e-13 1.06409e-27 1.37215e-22
3.29839e-13 1.08895e-27 1.37214e-22
3.31324e-13 1.11434e-27 1.37213e-22
3.32817e-13 1.14026e-27 1.37212e-22
3.34316e-13 1.16673e-27 1.37211e-22
3.35821e-13 1.19375e-27 1.3721e-22
3.37334e-13 1.22134e-27 1.37209e-22
3.38853e-13 1.2495e-27 1.37207e-22
3.40379e-13 1.27826e-27 1.37206e-22
3.41912e-13 1.30761e-27 1.37205e-22
3.43452e-13 1.33757e-27 1.37204e-22
3.44999e-13 1.36814e-27 1.37202e-22
3.46552e-13 1.39935e-27 1.37201e-22
3.48113e-13 1.4312e-27 1.37199e-22
3.49681e-13 1.4637e-27 1.37198e-22
3.51256e-13 1.49687e-27 1.37197e-22
3.52838e-13 1.53072e-27 1.37195e-22
3.54427e-13 1.56525e-27 1.37194e-22
3.56023e-13 1.60048e-27 1.37192e-22
3.57627e-13 1.63643e-27 1.3719e-22
3.59237e-13 1.6731e-27 1.37189e-22
3.60855e-13 1.71051e-27 1.37187e-22
3.6248e-13 1.74868e-27 1.37185e-22
3.64113e-13 1.7876e-27 1.37184e-22
3.65753e-13 1.82731e-27 1.37182e-22
3.674e-13 1.8678e-27 1.3718e-22
3.69055e-13 1.9091e-27 1.37178e-22
3.70717e-13 1.95121e-27 1.37176e-22
3.72386e-13 1.99416e-27 1.37174e-22
3.74063e-13 2.03796e-27 1.37172e-22
3.75748e-13 2.08261e-27 1.3717e-22
3.7744e-13 2.12814e-27 1.37168e-22
3.7914e-13 2.17456e-27 1.37166e-22
3.80848e-13 2.22188e-27 1.37164e-22
3.82563e-13 2.27012e-27 1.37162e-22
3.84286e-13 2.31929e-27 1.37159e-22
3.86017e-13 2.36942e-27 1.37157e-22
3.87755e-13 2.42051e-27 1.37155e-22
3.89502e-13 2.47258e-27 1.37152e-22
3.91256e-13 2.52565e-27 1.3715e-22
3.93018e-13 2.57973e-27 1.37147e-22
3.94788e-13 2.63484e-27 1.37145e-22
3.96566e-13 2.691e-27 1.37142e-22
3.98352e-13 2.74823e-27 1.37139e-22
4.00146e-13 2.80653e-27 1.37137e-22
4.01948e-13 2.86593e-27 1.37134e-22
4.03758e-13 2.92644e-27 1.37131e-22
4.05577e-13 2.98809e-27 1.37128e-22
4.07403e-13 3.05089e-27 1.37125e-22
4.09238e-13 3.11486e-27 1.37122e-22
4.11081e-13 3.18001e-27 1.37119e-22
4.12933e-13 3.24637e-27 1.37116e-22
4.14792e-13 3.31395e-27 1.37112e-22
4.16661e-13 3.38278e-27 1.37109e-22
4.18537e-13 3.45286e-27 1.37106e-22
4.20422e-13 3.52423e-27 1.37102e-22
4.22315e-13 3.5969e-27 1.37099e-22
4.24217e-13 3.67089e-27 1.37095e-22
4.26128e-13 3.74622e-27 1.37092e-22
4.28047e-13 3.82291e-27 1.37088e-22
4.29975e-13 3.90098e-27 1.37084e-22
4.31911e-13 3.98046e-27 1.3708e-22
4.33857e-13 4.06135e-27 1.37076e-22
4.35811e-13 4.14369e-27 1.37072e-22
4.37773e-13 4.2275e-27 1.37068e-22
4.39745e-13 4.31279e-27 1.37064e-22
4.41725e-13 4.39959e-27 1.37059e-22
4.43715e-13 4.48791e-27 1.37055e-22
4.45713e-13 4.5778e-27 1.3705e-22
4.47721e-13 4.66925e-27 1.37046e-22
4.49737e-13 4.7623e-27 1.37041e-22
4.51762e-13 4.85697e-27 1.37036e-22
4.53797e-13 4.95329e-27 1.37032e-22
4.55841e-13 5.05127e-27 1.37027e-22
4.57894e-13 5.15094e-27 1.37022e-22
4.59956e-13 5.25233e-27 1.37016e-22
4.62028e-13 5.35545e-27 1.37011e-22
4.64108e-13 5.46033e-27 1.37006e-22
4.66199e-13 5.567e-27 1.37e-22
4.68298e-13 5.67548e-27 1.36995e-22
4.70407e-13 5.78579e-27 1.36989e-22
4.72526e-13 5.89796e-27 1.36983e-22
4.74654e-13 6.01202e-27 1.36977e-22
4.76792e-13 6.12799e-27 1.36971e-22
4.78939e-13 6.2459e-27 1.36965e-22
4.81096e-13 6.36577e-27 1.36959e-22
4.83263e-13 6.48762e-27 1.36953e-22
4.85439e-13 6.61149e-27 1.36946e-22
4.87626e-13 6.73741e-27 1.3694e-22
4.89822e-13 6.86539e-27 1.36933e-22
4.92028e-13 6.99546e-27 1.36926e-22
4.94244e-13 7.12766e-27 1.36919e-22
4.9647e-13 7.26201e-27 1.36912e-22
4.98705e-13 7.39853e-27 1.36905e-22
5.00952e-13 7.53726e-27 1.36897e-22
5.03208e-13 7.67822e-27 1.3689e-22
5.05474e-13 7.82145e-27 1.36882e-22
5.0775e-13 7.96696e-27 1.36874e-22
5.10037e-13 8.11479e-27 1.36866e-22
5.12334e-13 8.26497e-27 1.36858e-22
5.14642e-13 8.41752e-27 1.3685e-22
5.16959e-13 8.57248e-27 1.36841e-22
5.19288e-13 8.72987e-27 1.36833e-22
5.21626e-13 8.88973e-27 1.36824e-22
5.23976e-13 9.05208e-27 1.36815e-22
5.26336e-13 9.21696e-27 1.36806e-22
5.28706e-13 9.38439e-27 1.36797e-22
5.31087e-13 9.55441e-27 1.36788e-22
5.33479e-13 9.72704e-27 1.36778e-22
5.35882e-13 9.90231e-27 1.36768e-22
5.38295e-13 1.00803e-26 1.36758e-22
5.40719e-13 1.02609e-26 1.36748e-22
5.43155e-13 1.04443e-26 1.36738e-22
5.45601e-13 1.06305e-26 1.36728e-22
5.48058e-13 1.08195e-26 1.36717e-22
5.50526e-13 1.10113e-26 1.36706e-22
5.53006e-13 1.12059e-26 1.36695e-22
5.55496e-13 1.14035e-26 1.36684e-22
5.57998e-13 1.1604e-26 1.36672e-22
5.60511e-13 1.18075e-26 1.36661e-22
5.63036e-13 1.20139e-26 1.36649e-22
5.65571e-13 1.22234e-26 1.36637e-22
5.68119e-13 1.2436e-26 1.36625e-22
5.70677e-13 1.26516e-26 1.36612e-22
5.73247e-13 1.28704e-26 1.366e-22
5.75829e-13 1.30923e-26 1.36587e-22
5.78422e-13 1.33174e-26 1.36574e-22
5.81027e-13 1.35458e-26 1.3656e-22
5.83644e-13 1.37774e-26 1.36547e-22
5.86273e-13 1.40123e-26 1.36533e-22
5.88913e-13 1.42505e-26 1.36519e-22
5.91566e-13 1.44921e-26 1.36505e-22
5.9423e-13 1.47371e-26 1.3649e-22
5.96906e-13 1.49856e-26 1.36476e-22
5.99594e-13 1.52374e-26 1.36461e-22
6.02295e-13 1.54928e-26 1.36445e-22
6.05007e-13 1.57517e-26 1.3643e-22
6.07732e-13 1.60142e-26 1.36414e-22
6.10469e-13 1.62803e-26 1.36398e-22
6.13218e-13 1.65501e-26 1.36382e-22
6.1598e-13 1.68235e-26 1.36365e-22
6.18754e-13 1.71006e-26 1.36349e-22
6.21541e-13 1.73814e-26 1.36331e-22
6.2434e-13 1.76661e-26 1.36314e-22
6.27152e-13 1.79545e-26 1.36296e-22
6.29977e-13 1.82468e-26 1.36278e-22
6.32814e-13 1.8543e-26 1.3626e-22
6.35664e-13 1.88431e-26 1.36242e-22
6.38527e-13 1.91471e-26 1.36223e-22
6.41403e-13 1.94551e-26 1.36204e-22
6.44291e-13 1.97672e-26 1.36184e-22
6.47193e-13 2.00833e-26 1.36164e-22
6.50108e-13 2.04035e-26 1.36144e-22
6.53036e-13 2.07278e-26 1.36124e-22
6.55977e-13 2.10563e-26 1.36103e-22
6.58931e-13 2.1389e-26 1.36082e-22
6.61899e-13 2.17259e-26 1.36061e-22
6.6488e-13 2.20671e-26 1.36039e-22
6.67874e-13 2.24126e-26 1.36017e-22
6.70882e-13 2.27625e-26 1.35995e-22
6.73903e-13 2.31167e-26 1.35972e-22
6.76938e-13 2.34753e-26 1.35949e-22
6.79987e-13 2.38384e-26 1.35925e-22
6.8305e-13 2.42059e-26 1.35901e-22
6.86126e-13 2.4578e-26 1.35877e-22
6.89216e-13 2.49546e-26 1.35853e-22
6.9232e-13 2.53358e-26 1.35828e-22
6.95438e-13 2.57216e-26 1.35802e-22
6.9857e-13 2.6112e-26 1.35777e-22
7.01716e-13 2.65072e-26 1.3575e-22
7.04877e-13 2.6907e-26 1.35724e-22
7.08051e-13 2.73116e-26 1.35697e-22
7.1124e-13 2.7721e-26 1.3567e-22
7.14443e-13 2.81352e-26 1.35642e-22
7.17661e-13 2.85543e-26 1.35614e-22
7.20893e-13 2.89782e-26 1.35585e-22
7.2414e-13 2.94071e-26 1.35556e-22
7.27401e-13 2.98409e-26 1.35527e-22
7.30677e-13 3.02797e-26 1.35497e-22
7.33968e-13 3.07235e-26 1.35467e-22
7.37273e-13 3.11724e-26 1.35436e-22
7.40594e-13 3.16264e-26 1.35405e-22
7.43929e-13 3.20854e-26 1.35373e-22
7.4728e-13 3.25497e-26 1.35341e-22
7.50645e-13 3.30191e-26 1.35309e-22
7.54026e-13 3.34936e-26 1.35276e-22
7.57422e-13 3.39735e-26 1.35242e-22
7.60833e-13 3.44586e-26 1.35208e-22
7.6426e-13 3.4949e-26 1.35174e-22
7.67702e-13 3.54447e-26 1.35139e-22
7.71159e-13 3.59458e-26 1.35103e-22
7.74632e-13 3.64523e-26 1.35067e-22
7.78121e-13 3.69642e-26 1.35031e-22
7.81625e-13 3.74816e-26 1.34994e-22
7.85146e-13 3.80044e-26 1.34956e-22
7.88682e-13 3.85327e-26 1.34918e-22
7.92234e-13 3.90666e-26 1.3488e-22
7.95802e-13 3.9606e-26 1.34841e-22
7.99386e-13 4.0151e-26 1.34801e-22
8.02986e-13 4.07016e-26 1.34761e-22
8.06602e-13 4.12579e-26 1.3472e-22
8.10235e-13 4.18198e-26 1.34679e-22
8.13884e-13 4.23874e-26 1.34637e-22
8.1755e-13 4.29607e-26 1.34595e-22
8.21232e-13 4.35398e-26 1.34552e-22
8.2493e-13 4.41246e-26 1.34508e-22
8.28645e-13 4.47152e-26 1.34464e-22
8.32377e-13 4.53116e-26 1.3442e-22
8.36126e-13 4.59139e-26 1.34374e-22
8.39892e-13 4.6522e-26 1.34328e-22
8.43674e-13 4.7136e-26 1.34282e-22
8.47474e-13 4.77559e-26 1.34235e-22
8.51291e-13 4.83817e-26 1.34187e-22
8.55125e-13 4.90134e-26 1.34139e-22
8.58976e-13 4.96512e-26 1.3409e-22
8.62845e-13 5.02949e-26 1.3404e-22
8.66731e-13 5.09445e-26 1.3399e-22
8.70634e-13 5.16002e-26 1.33939e-22
8.74555e-13 5.2262e-26 1.33887e-22
8.78494e-13 5.29298e-26 1.33835e-22
8.82451e-13 5.36036e-26 1.33782e-22
8.86425e-13 5.42836e-26 1.33728e-22
8.90417e-13 5.49696e-26 1.33674e-22
8.94427e-13 5.56618e-26 1.33619e-22
8.98455e-13 5.636e-26 1.33563e-22
9.02502e-13 5.70645e-26 1.33507e-22
9.06566e-13 5.7775e-26 1.3345e-22
9.10649e-13 5.84918e-26 1.33392e-22
9.14751e-13 5.92147e-26 1.33334e-22
9.1887e-13 5.99438e-26 1.33274e-22
9.23009e-13 6.06791e-26 1.33215e-22
9.27166e-13 6.14206e-26 1.33154e-22
9.31341e-13 6.21683e-26 1.33092e-22
9.35536e-13 6.29223e-26 1.3303e-22
9.39749e-13 6.36824e-26 1.32967e-22
9.43982e-13 6.44489e-26 1.32904e-22
9.48233e-13 6.52215e-26 1.32839e-22
9.52504e-13 6.60004e-26 1.32774e-22
9.56793e-13 6.67856e-26 1.32708e-22
9.61103e-13 6.7577e-26 1.32641e-22
9.65431e-13 6.83747e-26 1.32574e-22
9.69779e-13 6.91786e-26 1.32505e-22
9.74147e-13 6.99888e-26 1.32436e-22
9.78534e-13 7.08053e-26 1.32366e-22
9.82941e-13 7.1628e-26 1.32295e-22
9.87368e-13 7.2457e-26 1.32224e-22
9.91815e-13 7.32923e-26 1.32151e-22
9.96282e-13 7.41338e-26 1.32078e-22
1.00077e-12 7.49815e-26 1.32004e-22
1.00528e-12 7.58355e-26 1.31929e-22
1.0098e-12 7.66958e-26 1.31853e-22
1.01435e-12 7.75623e-26 1.31776e-22
1.01892e-12 7.8435e-26 1.31699e-22
1.02351e-12 7.93139e-26 1.3162e-22
1.02812e-12 8.01991e-26 1.31541e-22
1.03275e-12 8.10904e-26 1.31461e-22
1.0374e-12 8.1988e-26 1.3138e-22
1.04207e-12 8.28917e-26 1.31298e-22
1.04676e-12 8.38016e-26 1.31215e-22
1.05148e-12 8.47176e-26 1.31131e-22
1.05621e-12 8.56398e-26 1.31046e-22
1.06097e-12 8.65681e-26 1.30961e-22
1.06575e-12 8.75026e-26 1.30874e-22
1.07055e-12 8.84431e-26 1.30787e-22
1.07537e-12 8.93897e-26 1.30698e-22
1.08021e-12 9.03423e-26 1.30609e-22
1.08508e-12 9.1301e-26 1.30518e-22
1.08997e-12 9.22657e-26 1.30427e-22
1.09487e-12 9.32364e-26 1.30335e-22
1.09981e-12 9.4213e-26 1.30242e-22
1.10476e-12 9.51956e-26 1.30147e-22
1.10973e-12 9.61841e-26 1.30052e-22
1.11473e-12 9.71785e-26 1.29956e-22
1.11975e-12 9.81788e-26 1.29859e-22
1.1248e-12 9.91849e-26 1.29761e-22
1.12986e-12 1.00197e-25 1.29661e-22
1.13495e-12 1.01215e-25 1.29561e-22
1.14006e-12 1.02238e-25 1.2946e-22
1.1452e-12 1.03267e-25 1.29358e-22
1.15035e-12 1.04302e-25 1.29254e-22
1.15553e-12 1.05343e-25 1.2915e-22
1.16074e-12 1.06389e-25 1.29045e-22
1.16597e-12 1.0744e-25 1.28938e-22
1.17122e-12 1.08498e-25 1.28831e-22
1.17649e-12 1.0956e-25 1.28723e-22
1.18179e-12 1.10629e-25 1.28613e-22
1.18711e-12 1.11702e-25 1.28502e-22
1.19246e-12 1.12781e-25 1.28391e-22
1.19783e-12 1.13866e-25 1.28278e-22
1.20323e-12 1.14955e-25 1.28164e-22
1.20864e-12 1.1605e-25 1.28049e-22
1.21409e-12 1.1715e-25 1.27933e-22
1.21956e-12 1.18256e-25 1.27816e-22
1.22505e-12 1.19366e-25 1.27698e-22
1.23057e-12 1.20481e-25 1.27578e-22
1.23611e-12 1.21602e-25 1.27458e-22
1.24167e-12 1.22727e-25 1.27336e-22
1.24727e-12 1.23858e-25 1.27213e-22
1.25288e-12 1.24993e-25 1.2709e-22
1.25853e-12 1.26133e-25 1.26965e-22
1.26419e-12 1.27277e-25 1.26838e-22
1.26989e-12 1.28427e-25 1.26711e-22
1.27561e-12 1.29581e-25 1.26583e-22
1.28135e-12 1.3074e-25 1.26453e-22
1.28712e-12 1.31903e-25 1.26322e-22
1.29292e-12 1.3307e-25 1.2619e-22
1.29874e-12 1.34242e-25 1.26057e-22
1.30459e-12 1.35419e-25 1.25923e-22
1.31047e-12 1.36599e-25 1.25788e-22
1.31637e-12 1.37784e-25 1.25651e-22
1.3223e-12 1.38973e-25 1.25513e-22
1.32825e-12 1.40166e-25 1.25374e-22
1.33424e-12 1.41363e-25 1.25234e-22
1.34024e-12 1.42564e-25 1.25093e-22
1.34628e-12 1.43769e-25 1.2495e-22
1.35234e-12 1.44978e-25 1.24807e-22
1.35843e-12 1.4619e-25 1.24662e-22
1.36455e-12 1.47406e-25 1.24515e-22
1.3707e-12 1.48626e-25 1.24368e-22
1.37687e-12 1.49849e-25 1.24219e-22
1.38307e-12 1.51075e-25 1.24069e-22
1.3893e-12 1.52305e-25 1.23918e-22
1.39556e-12 1.53538e-25 1.23766e-22
1.40184e-12 1.54775e-25 1.23613e-22
1.40816e-12 1.56014e-25 1.23458e-22
1.4145e-12 1.57257e-25 1.23302e-22
1.42087e-12 1.58502e-25 1.23145e-22
1.42727e-12 1.5975e-25 1.22986e-22
1.4337e-12 1.61001e-25 1.22826e-22
1.44015e-12 1.62255e-25 1.22665e-22
1.44664e-12 1.63512e-25 1.22503e-22
1.45315e-12 1.64771e-25 1.22339e-22
1.4597e-12 1.66032e-25 1.22175e-22
1.46627e-12 1.67296e-25 1.22009e-22
1.47288e-12 1.68562e-25 1.21841e-22
1.47951e-12 1.6983e-25 1.21673e-22
1.48617e-12 1.711e-25 1.21503e-22
1.49287e-12 1.72373e-25 1.21332e-22
1.49959e-12 1.73647e-25 1.2116e-22
1.50634e-12 1.74923e-25 1.20986e-22
1.51313e-12 1.76201e-25 1.20811e-22
1.51994e-12 1.7748e-25 1.20635e-22
1.52679e-12 1.78761e-25 1.20457e-22
1.53366e-12 1.80043e-25 1.20279e-22
1.54057e-12 1.81327e-25 1.20098e-22
1.54751e-12 1.82612e-25 1.19917e-22
1.55448e-12 1.83898e-25 1.19735e-22
1.56148e-12 1.85185e-25 1.19551e-22
1.56851e-12 1.86473e-25 1.19365e-22
1.57558e-12 1.87762e-25 1.19179e-22
1.58267e-12 1.89052e-25 1.18991e-22
1.5898e-12 1.90342e-25 1.18802e-22
1.59696e-12 1.91633e-25 1.18612e-22
1.60415e-12 1.92924e-25 1.1842e-22
1.61138e-12 1.94215e-25 1.18227e-22
1.61864e-12 1.95507e-25 1.18033e-22
1.62592e-12 1.96799e-25 1.17838e-22
1.63325e-12 1.98091e-25 1.17641e-22
1.6406e-12 1.99383e-25 1.17443e-22
1.64799e-12 2.00674e-25 1.17243e-22
1.65541e-12 2.01966e-25 1.17043e-22
1.66287e-12 2.03256e-25 1.16841e-22
1.67036e-12 2.04547e-25 1.16637e-22
1.67788e-12 2.05836e-25 1.16433e-22
1.68544e-12 2.07125e-25 1.16227e-22
1.69303e-12 2.08413e-25 1.1602e-22
1.70065e-12 2.097e-25 1.15811e-22
1.70831e-12 2.10987e-25 1.15602e-22
1.71601e-12 2.12271e-25 1.15391e-22
1.72374e-12 2.13555e-25 1.15179e-22
1.7315e-12 2.14837e-25 1.14965e-22
1.7393e-12 2.16118e-25 1.1475e-22
1.74713e-12 2.17397e-25 1.14534e-22
1.755e-12 2.18674e-25 1.14317e-22
1.7629e-12 2.19949e-25 1.14098e-22
1.77084e-12 2.21223e-25 1.13878e-22
1.77882e-12 2.22494e-25 1.13657e-22
1.78683e-12 2.23763e-25 1.13434e-22
1.79488e-12 2.2503e-25 1.1321e-22
1.80296e-12 2.26294e-25 1.12985e-22
1.81108e-12 2.27556e-25 1.12759e-22
1.81924e-12 2.28815e-25 1.12532e-22
1.82743e-12 2.30071e-25 1.12303e-22
1.83566e-12 2.31324e-25 1.12073e-22
1.84393e-12 2.32575e-25 1.11841e-22
1.85223e-12 2.33822e-25 1.11609e-22
1.86057e-12 2.35066e-25 1.11375e-22
1.86895e-12 2.36306e-25 1.1114e-22
1.87737e-12 2.37543e-25 1.10904e-22
1.88583e-12 2.38777e-25 1.10666e-22
1.89432e-12 2.40007e-25 1.10427e-22
1.90285e-12 2.41233e-25 1.10187e-22
1.91142e-12 2.42455e-25 1.09946e-22
1.92003e-12 2.43673e-25 1.09704e-22
1.92868e-12 2.44886e-25 1.0946e-22
1.93736e-12 2.46096e-25 1.09215e-22
1.94609e-12 2.47301e-25 1.08969e-22
1.95485e-12 2.48501e-25 1.08722e-22
1.96366e-12 2.49697e-25 1.08473e-22
1.9725e-12 2.50888e-25 1.08223e-22
1.98138e-12 2.52074e-25 1.07973e-22
1.99031e-12 2.53256e-25 1.07721e-22
1.99927e-12 2.54432e-25 1.07467e-22
2.00827e-12 2.55603e-25 1.07213e-22
2.01732e-12 2.56768e-25 1.06957e-22
2.0264e-12 2.57928e-25 1.067e-22
2.03553e-12 2.59083e-25 1.06443e-22
2.0447e-12 2.60232e-25 1.06183e-22
2.05391e-12 2.61375e-25 1.05923e-22
2.06316e-12 2.62512e-25 1.05662e-22
2.07245e-12 2.63643e-25 1.05399e-22
2.08178e-12 2.64768e-25 1.05136e-22
2.09116e-12 2.65886e-25 1.04871e-22
2.10058e-12 2.66999e-25 1.04605e-22
2.11004e-12 2.68105e-25 1.04338e-22
2.11954e-12 2.69204e-25 1.0407e-22
2.12909e-12 2.70296e-25 1.03801e-22
2.13867e-12 2.71382e-25 1.0353e-22
2.14831e-12 2.72461e-25 1.03259e-22
2.15798e-12 2.73533e-25 1.02987e-22
2.1677e-12 2.74598e-25 1.02713e-22
2.17746e-12 2.75655e-25 1.02438e-22
2.18727e-12 2.76705e-25 1.02163e-22
2.19712e-12 2.77748e-25 1.01886e-22
2.20702e-12 2.78783e-25 1.01608e-22
2.21696e-12 2.7981e-25 1.0133e-22
2.22694e-12 2.8083e-25 1.0105e-22
2.23697e-12 2.81842e-25 1.00769e-22
2.24704e-12 2.82846e-25 1.00487e-22
2.25716e-12 2.83841e-25 1.00204e-22
2.26733e-12 2.84829e-25 9.99204e-23
2.27754e-12 2.85808e-25 9.96356e-23
2.2878e-12 2.86779e-25 9.93497e-23
2.2981e-12 2.87741e-25 9.9063e-23
2.30845e-12 2.88695e-25 9.87752e-23
2.31885e-12 2.8964e-25 9.84865e-23
2.32929e-12 2.90577e-25 9.81969e-23
2.33978e-12 2.91504e-25 9.79063e-23
2.35032e-12 2.92423e-25 9.76148e-23
2.36091e-12 2.93332e-25 9.73224e-23
2.37154e-12 2.94233e-25 9.70291e-23
2.38222e-12 2.95124e-25 9.67348e-23
2.39295e-12 2.96006e-25 9.64397e-23
2.40373e-12 2.96878e-25 9.61437e-23
2.41455e-12 2.97741e-25 9.58468e-23
2.42543e-12 2.98594e-25 9.55491e-23
2.43635e-12 2.99437e-25 9.52505e-23
2.44732e-12 3.00271e-25 9.4951e-23
2.45834e-12 3.01095e-25 9.46508e-23
2.46942e-12 3.01909e-25 9.43497e-23
2.48054e-12 3.02713e-25 9.40478e-23
2.49171e-12 3.03507e-25 9.37451e-23
2.50293e-12 3.0429e-25 9.34415e-23
2.5142e-12 3.05064e-25 9.31373e-23
2.52553e-12 3.05826e-25 9.28322e-23
2.5369e-12 3.06579e-25 9.25264e-23
2.54833e-12 3.07321e-25 9.22198e-23
2.5598e-12 3.08053e-25 9.19125e-23
2.57133e-12 3.08773e-25 9.16044e-23
2.58291e-12 3.09483e-25 9.12956e-23
2.59454e-12 3.10183e-25 9.09862e-23
2.60623e-12 3.10871e-25 9.0676e-23
2.61797e-12 3.11549e-25 9.03651e-23
2.62976e-12 3.12215e-25 9.00536e-23
2.6416e-12 3.1287e-25 8.97413e-23
2.6535e-12 3.13515e-25 8.94285e-23
2.66545e-12 3.14148e-25 8.9115e-23
2.67745e-12 3.1477e-25 8.88008e-23
2.68951e-12 3.1538e-25 8.8486e-23
2.70162e-12 3.15979e-25 8.81707e-23
2.71379e-12 3.16567e-25 8.78547e-23
2.72601e-12 3.17143e-25 8.75381e-23
2.73829e-12 3.17708e-25 8.7221e-23
2.75062e-12 3.18261e-25 8.69033e-23
2.76301e-12 3.18802e-25 8.6585e-23
2.77546e-12 3.19332e-25 8.62662e-23
2.78796e-12 3.19849e-25 8.59469e-23
2.80051e-12 3.20355e-25 8.5627e-23
2.81312e-12 3.2085e-25 8.53067e-23
2.82579e-12 3.21332e-25 8.49858e-23
2.83852e-12 3.21802e-25 8.46645e-23
2.8513e-12 3.22261e-25 8.43427e-23
2.86415e-12 3.22707e-25 8.40204e-23
2.87705e-12 3.23141e-25 8.36977e-23
2.89e-12 3.23563e-25 8.33746e-23
2.90302e-12 3.23973e-25 8.3051e-23
2.91609e-12 3.24371e-25 8.2727e-23
2.92923e-12 3.24756e-25 8.24027e-23
2.94242e-12 3.2513e-25 8.20779e-23
2.95567e-12 3.25491e-25 8.17528e-23
2.96898e-12 3.25839e-25 8.14273e-23
2.98235e-12 3.26176e-25 8.11014e-23
2.99578e-12 3.265e-25 8.07753e-23
3.00928e-12 3.26811e-25 8.04488e-23
3.02283e-12 3.2711e-25 8.0122e-23
3.03644e-12 3.27397e-25 7.97949e-23
3.05012e-12 3.27671e-25 7.94675e-23
3.06386e-12 3.27933e-25 7.91398e-23
3.07765e-12 3.28182e-25 7.88118e-23
3.09152e-12 3.28419e-25 7.84837e-23
3.10544e-12 3.28643e-25 7.81552e-23
3.11942e-12 3.28855e-25 7.78266e-23
3.13347e-12 3.29054e-25 7.74977e-23
3.14759e-12 3.2924e-25 7.71687e-23
3.16176e-12 3.29414e-25 7.68395e-23
3.176e-12 3.29576e-25 7.651e-23
3.19031e-12 3.29724e-25 7.61805e-23
3.20467e-12 3.29861e-25 7.58507e-23
3.21911e-12 3.29984e-25 7.55209e-23
3.2336e-12 3.30095e-25 7.51909e-23
3.24817e-12 3.30193e-25 7.48608e-23
3.2628e-12 3.30279e-25 7.45306e-23
3.27749e-12 3.30352e-25 7.42003e-23
3.29225e-12 3.30413e-25 7.387e-23
3.30708e-12 3.30461e-25 7.35396e-23
3.32197e-12 3.30496e-25 7.32091e-23
3.33693e-12 3.30519e-25 7.28786e-23
3.35196e-12 3.30529e-25 7.25481e-23
3.36706e-12 3.30527e-25 7.22176e-23
3.38222e-12 3.30512e-25 7.1887e-23
3.39746e-12 3.30485e-25 7.15565e-23
3.41276e-12 3.30445e-25 7.1226e-23
3.42813e-12 3.30393e-25 7.08956e-23
3.44357e-12 3.30328e-25 7.05652e-23
3.45908e-12 3.30251e-25 7.02349e-23
3.47465e-12 3.30161e-25 6.99046e-23
3.4903e-12 3.30059e-25 6.95745e-23
3.50602e-12 3.29944e-25 6.92444e-23
3.52181e-12 3.29818e-25 6.89145e-23
3.53767e-12 3.29679e-25 6.85846e-23
3.55361e-12 3.29527e-25 6.8255e-23
3.56961e-12 3.29364e-25 6.79254e-23
3.58569e-12 3.29188e-25 6.75961e-23
3.60184e-12 3.29e-25 6.72669e-23
3.61806e-12 3.28799e-25 6.69379e-23
3.63435e-12 3.28587e-25 6.66091e-23
3.65072e-12 3.28363e-25 6.62805e-23
3.66716e-12 3.28126e-25 6.59521e-23
3.68368e-12 3.27878e-25 6.5624e-23
3.70027e-12 3.27617e-25 6.52961e-23
3.71693e-12 3.27345e-25 6.49685e-23
3.73367e-12 3.27061e-25 6.46412e-23
3.75049e-12 3.26765e-25 6.43141e-23
3.76738e-12 3.26457e-25 6.39873e-23
3.78435e-12 3.26137e-25 6.36609e-23
3.80139e-12 3.25806e-25 6.33347e-23
3.81851e-12 3.25463e-25 6.30089e-23
3.83571e-12 3.25108e-25 6.26835e-23
3.85298e-12 3.24742e-25 6.23584e-23
3.87034e-12 3.24365e-25 6.20336e-23
3.88777e-12 3.23976e-25 6.17093e-23
3.90528e-12 3.23576e-25 6.13853e-23
3.92286e-12 3.23164e-25 6.10617e-23
3.94053e-12 3.22741e-25 6.07385e-23
3.95828e-12 3.22307e-25 6.04158e-23
3.97611e-12 3.21862e-25 6.00935e-23
3.99401e-12 3.21406e-25 5.97716e-23
4.012e-12 3.20938e-25 5.94502e-23
4.03007e-12 3.2046e-25 5.91293e-23
4.04822e-12 3.19971e-25 5.88088e-23
4.06645e-12 3.19471e-25 5.84889e-23
4.08477e-12 3.18961e-25 5.81694e-23
4.10316e-12 3.1844e-25 5.78504e-23
4.12164e-12 3.17908e-25 5.7532e-23
4.1402e-12 3.17365e-25 5.72141e-23
4.15885e-12 3.16813e-25 5.68967e-23
4.17758e-12 3.16249e-25 5.65799e-23
4.1964e-12 3.15676e-25 5.62637e-23
4.2153e-12 3.15092e-25 5.5948e-23
4.23428e-12 3.14498e-25 5.56329e-23
4.25335e-12 3.13894e-25 5.53184e-23
4.27251e-12 3.1328e-25 5.50045e-23
4.29175e-12 3.12656e-25 5.46912e-23
4.31108e-12 3.12022e-25 5.43786e-23
4.33049e-12 3.11379e-25 5.40665e-23
4.35e-12 3.10726e-25 5.37552e-23
4.36959e-12 3.10063e-25 5.34444e-23
4.38927e-12 3.0939e-25 5.31344e-23
4.40903e-12 3.08709e-25 5.2825e-23
4.42889e-12 3.08018e-25 5.25163e-23
4.44884e-12 3.07317e-25 5.22083e-23
4.46887e-12 3.06608e-25 5.19009e-23
4.489e-12 3.05889e-25 5.15943e-23
4.50922e-12 3.05161e-25 5.12884e-23
4.52953e-12 3.04424e-25 5.09833e-23
4.54993e-12 3.03679e-25 5.06789e-23
4.57042e-12 3.02925e-25 5.03752e-23
4.591e-12 3.02162e-25 5.00722e-23
4.61168e-12 3.01391e-25 4.97701e-23
4.63245e-12 3.00611e-25 4.94687e-23
4.65331e-12 2.99822e-25 4.91681e-23
4.67427e-12 2.99026e-25 4.88683e-23
4.69532e-12 2.98221e-25 4.85692e-23
4.71647e-12 2.97408e-25 4.8271e-23
4.73771e-12 2.96587e-25 4.79736e-23
4.75904e-12 2.95758e-25 4.7677e-23
4.78048e-12 2.94922e-25 4.73813e-23
4.80201e-12 2.94077e-25 4.70863e-23
4.82363e-12 2.93225e-25 4.67923e-23
4.84536e-12 2.92366e-25 4.6499e-23
4.86718e-12 2.91499e-25 4.62067e-23
4.8891e-12 2.90624e-25 4.59152e-23
4.91112e-12 2.89743e-25 4.56246e-23
4.93324e-12 2.88854e-25 4.53348e-23
4.95546e-12 2.87958e-25 4.5046e-23
4.97777e-12 2.87055e-25 4.4758e-23
5.00019e-12 2.86146e-25 4.44709e-23
5.02271e-12 2.8523e-25 4.41848e-23
5.04533e-12 2.84306e-25 4.38996e-23
5.06806e-12 2.83377e-25 4.36153e-23
5.09088e-12 2.82441e-25 4.33319e-23
5.11381e-12 2.81498e-25 4.30494e-23
5.13684e-12 2.8055e-25 4.27679e-23
5.15997e-12 2.79595e-25 4.24874e-23
5.18321e-12 2.78634e-25 4.22078e-23
5.20656e-12 2.77667e-25 4.19292e-23
5.23001e-12 2.76695e-25 4.16515e-23
5.25356e-12 2.75716e-25 4.13748e-23
5.27722e-12 2.74732e-25 4.10991e-23
5.30099e-12 2.73742e-25 4.08244e-23
5.32486e-12 2.72747e-25 4.05506e-23
5.34884e-12 2.71747e-25 4.02779e-23
5.37293e-12 2.70741e-25 4.00061e-23
5.39713e-12 2.6973e-25 3.97354e-23
5.42144e-12 2.68714e-25 3.94656e-23
5.44586e-12 2.67693e-25 3.91969e-23
5.47038e-12 2.66667e-25 3.89292e-23
5.49502e-12 2.65637e-25 3.86626e-23
5.51977e-12 2.64602e-25 3.83969e-23
5.54463e-12 2.63562e-25 3.81323e-23
5.5696e-12 2.62518e-25 3.78688e-23
5.59468e-12 2.61469e-25 3.76063e-23
5.61988e-12 2.60417e-25 3.73448e-23
5.64519e-12 2.5936e-25 3.70844e-23
5.67061e-12 2.58299e-25 3.6825e-23
5.69615e-12 2.57234e-25 3.65667e-23
5.72181e-12 2.56165e-25 3.63095e-23
5.74757e-12 2.55093e-25 3.60533e-23
5.77346e-12 2.54017e-25 3.57982e-23
5.79946e-12 2.52937e-25 3.55442e-23
5.82558e-12 2.51854e-25 3.52913e-23
5.85182e-12 2.50767e-25 3.50394e-23
5.87817e-12 2.49678e-25 3.47886e-23
5.90465e-12 2.48585e-25 3.4539e-23
5.93124e-12 2.47489e-25 3.42904e-23
5.95795e-12 2.4639e-25 3.40429e-23
5.98478e-12 2.45288e-25 3.37965e-23
6.01174e-12 2.44184e-25 3.35512e-23
6.03881e-12 2.43077e-25 3.3307e-23
6.06601e-12 2.41967e-25 3.3064e-23
6.09333e-12 2.40855e-25 3.2822e-23
6.12077e-12 2.3974e-25 3.25811e-23
6.14834e-12 2.38623e-25 3.23414e-23
6.17603e-12 2.37504e-25 3.21028e-23
6.20384e-12 2.36383e-25 3.18653e-23
6.23178e-12 2.3526e-25 3.16289e-23
6.25985e-12 2.34135e-25 3.13936e-23
6.28804e-12 2.33008e-25 3.11595e-23
6.31636e-12 2.31879e-25 3.09265e-23
6.34481e-12 2.30749e-25 3.06946e-23
6.37339e-12 2.29617e-25 3.04639e-23
6.40209e-12 2.28484e-25 3.02342e-23
6.43092e-12 2.2735e-25 3.00057e-23
6.45989e-12 2.26214e-25 2.97784e-23
6.48898e-12 2.25077e-25 2.95522e-23
6.5182e-12 2.23939e-25 2.93271e-23
6.54756e-12 2.228e-25 2.91032e-23
6.57705e-12 2.2166e-25 2.88804e-23
6.60667e-12 2.20519e-25 2.86587e-23
6.63642e-12 2.19378e-25 2.84382e-23
6.66631e-12 2.18236e-25 2.82188e-23
6.69633e-12 2.17093e-25 2.80006e-23
6.72649e-12 2.1595e-25 2.77835e-23
6.75679e-12 2.14806e-25 2.75675e-23
6.78722e-12 2.13662e-25 2.73527e-23
6.81779e-12 2.12518e-25 2.71391e-23
6.84849e-12 2.11374e-25 2.69265e-23
6.87933e-12 2.1023e-25 2.67152e-23
6.91032e-12 2.09086e-25 2.65049e-23
6.94144e-12 2.07942e-25 2.62959e-23
6.9727e-12 2.06798e-25 2.60879e-23
7.0041e-12 2.05654e-25 2.58811e-23
7.03565e-12 2.04511e-25 2.56755e-23
7.06734e-12 2.03368e-25 2.5471e-23
7.09916e-12 2.02225e-25 2.52676e-23
7.13114e-12 2.01084e-25 2.50654e-23
7.16325e-12 1.99942e-25 2.48643e-23
7.19551e-12 1.98802e-25 2.46643e-23
7.22792e-12 1.97662e-25 2.44655e-23
7.26047e-12 1.96524e-25 2.42679e-23
7.29317e-12 1.95386e-25 2.40713e-23
7.32602e-12 1.94249e-25 2.3876e-23
7.35901e-12 1.93114e-25 2.36817e-23
7.39216e-12 1.91979e-25 2.34886e-23
7.42545e-12 1.90846e-25 2.32966e-23
7.45889e-12 1.89714e-25 2.31058e-23
7.49248e-12 1.88584e-25 2.29161e-23
7.52623e-12 1.87454e-25 2.27275e-23
7.56012e-12 1.86327e-25 2.254e-23
7.59417e-12 1.85201e-25 2.23537e-23
7.62837e-12 1.84077e-25 2.21685e-23
7.66273e-12 1.82954e-25 2.19844e-23
7.69724e-12 1.81833e-25 2.18015e-23
7.73191e-12 1.80714e-25 2.16196e-23
7.76673e-12 1.79597e-25 2.14389e-23
7.80171e-12 1.78482e-25 2.12593e-23
7.83684e-12 1.77369e-25 2.10808e-23
7.87214e-12 1.76258e-25 2.09035e-23
7.90759e-12 1.75149e-25 2.07272e-23
7.94321e-12 1.74043e-25 2.05521e-23
7.97898e-12 1.72938e-25 2.0378e-23
8.01492e-12 1.71836e-25 2.02051e-23
8.05101e-12 1.70737e-25 2.00332e-23
8.08727e-12 1.6964e-25 1.98625e-23
8.12369e-12 1.68545e-25 1.96929e-23
8.16028e-12 1.67453e-25 1.95243e-23
8.19703e-12 1.66363e-25 1.93569e-23
8.23395e-12 1.65277e-25 1.91905e-23
8.27103e-12 1.64193e-25 1.90252e-23
8.30828e-12 1.63111e-25 1.8861e-23
8.3457e-12 1.62033e-25 1.86979e-23
8.38329e-12 1.60957e-25 1.85359e-23
8.42104e-12 1.59884e-25 1.83749e-23
8.45897e-12 1.58815e-25 1.8215e-23
8.49707e-12 1.57748e-25 1.80562e-23
8.53534e-12 1.56684e-25 1.78985e-23
8.57378e-12 1.55624e-25 1.77418e-23
8.61239e-12 1.54566e-25 1.75862e-23
8.65118e-12 1.53512e-25 1.74316e-23
8.69014e-12 1.52461e-25 1.72781e-23
8.72928e-12 1.51413e-25 1.71256e-23
8.76859e-12 1.50369e-25 1.69742e-23
8.80808e-12 1.49328e-25 1.68239e-23
8.84775e-12 1.4829e-25 1.66745e-23
8.8876e-12 1.47256e-25 1.65262e-23
8.92763e-12 1.46225e-25 1.6379e-23
8.96783e-12 1.45198e-25 1.62328e-23
9.00822e-12 1.44175e-25 1.60876e-23
9.04879e-12 1.43155e-25 1.59434e-23
9.08955e-12 1.42138e-25 1.58002e-23
9.13048e-12 1.41126e-25 1.56581e-23
9.1716e-12 1.40117e-25 1.5517e-23
9.21291e-12 1.39112e-25 1.53768e-23
9.2544e-12 1.3811e-25 1.52377e-23
9.29608e-12 1.37113e-25 1.50996e-23
9.33795e-12 1.36119e-25 1.49625e-23
9.38e-12 1.35129e-25 1.48264e-23
9.42225e-12 1.34143e-25 1.46913e-23
9.46468e-12 1.33161e-25 1.45571e-23
9.50731e-12 1.32183e-25 1.4424e-23
9.55013e-12 1.31209e-25 1.42918e-23
9.59314e-12 1.30239e-25 1.41606e-23
9.63634e-12 1.29273e-25 1.40303e-23
9.67974e-12 1.28311e-25 1.39011e-23
9.72334e-12 1.27353e-25 1.37727e-23
9.76713e-12 1.26399e-25 1.36454e-23
9.81112e-12 1.25449e-25 1.3519e-23
9.8553e-12 1.24504e-25 1.33935e-23
9.89969e-12 1.23563e-25 1.3269e-23
9.94427e-12 1.22626e-25 1.31455e-23
9.98906e-12 1.21693e-25 1.30229e-23
1.0034e-11 1.20764e-25 1.29012e-23
1.00792e-11 1.1984e-25 1.27804e-23
1.01246e-11 1.1892e-25 1.26606e-23
1.01702e-11 1.18004e-25 1.25416e-23
1.0216e-11 1.17093e-25 1.24236e-23
1.0262e-11 1.16186e-25 1.23065e-23
1.03083e-11 1.15284e-25 1.21904e-23
1.03547e-11 1.14385e-25 1.20751e-23
1.04013e-11 1.13491e-25 1.19607e-23
1.04482e-11 1.12602e-25 1.18472e-23
1.04952e-11 1.11717e-25 1.17346e-23
1.05425e-11 1.10837e-25 1.16229e-23
1.059e-11 1.0996e-25 1.1512e-23
1.06377e-11 1.09089e-25 1.14021e-23
1.06856e-11 1.08222e-25 1.1293e-23
1.07337e-11 1.07359e-25 1.11848e-23
1.0782e-11 1.06501e-25 1.10774e-23
1.08306e-11 1.05647e-25 1.09709e-23
1.08794e-11 1.04798e-25 1.08653e-23
1.09284e-11 1.03954e-25 1.07605e-23
1.09776e-11 1.03113e-25 1.06565e-23
1.1027e-11 1.02278e-25 1.05534e-23
1.10767e-11 1.01447e-25 1.04511e-23
1.11266e-11 1.00621e-25 1.03497e-23
1.11767e-11 9.97988e-26 1.02491e-23
1.1227e-11 9.89816e-26 1.01493e-23
1.12776e-11 9.81689e-26 1.00503e-23
1.13284e-11 9.73608e-26 9.9521e-24
1.13794e-11 9.65573e-26 9.85474e-24
1.14307e-11 9.57584e-26 9.75818e-24
1.14821e-11 9.4964e-26 9.66242e-24
1.15338e-11 9.41743e-26 9.56746e-24
1.15858e-11 9.33892e-26 9.47329e-24
1.1638e-11 9.26086e-26 9.3799e-24
1.16904e-11 9.18327e-26 9.28729e-24
1.1743e-11 9.10614e-26 9.19546e-24
1.17959e-11 9.02946e-26 9.10439e-24
1.1849e-11 8.95325e-26 9.0141e-24
1.19024e-11 8.87749e-26 8.92457e-24
1.1956e-11 8.8022e-26 8.83579e-24
1.20099e-11 8.72736e-26 8.74777e-24
1.2064e-11 8.65299e-26 8.6605e-24
1.21183e-11 8.57907e-26 8.57397e-24
1.21729e-11 8.50562e-26 8.48818e-24
1.22277e-11 8.43262e-26 8.40312e-24
1.22828e-11 8.36008e-26 8.31879e-24
1.23381e-11 8.288e-26 8.23519e-24
1.23936e-11 8.21637e-26 8.15231e-24
1.24495e-11 8.1452e-26 8.07015e-24
1.25055e-11 8.07449e-26 7.9887e-24
1.25618e-11 8.00423e-26 7.90795e-24
1.26184e-11 7.93443e-26 7.82791e-24
1.26753e-11 7.86508e-26 7.74857e-24
1.27323e-11 7.79619e-26 7.66992e-24
1.27897e-11 7.72775e-26 7.59195e-24
1.28473e-11 7.65976e-26 7.51468e-24
1.29051e-11 7.59222e-26 7.43808e-24
1.29633e-11 7.52514e-26 7.36216e-24
1.30216e-11 7.4585e-26 7.2869e-24
1.30803e-11 7.39231e-26 7.21232e-24
1.31392e-11 7.32657e-26 7.1384e-24
1.31984e-11 7.26128e-26 7.06513e-24
1.32578e-11 7.19643e-26 6.99252e-24
1.33175e-11 7.13203e-26 6.92055e-24
1.33775e-11 7.06807e-26 6.84923e-24
1.34378e-11 7.00456e-26 6.77855e-24
1.34983e-11 6.94148e-26 6.70851e-24
1.35591e-11 6.87885e-26 6.63909e-24
1.36201e-11 6.81665e-26 6.5703e-24
1.36815e-11 6.7549e-26 6.50214e-24
1.37431e-11 6.69358e-26 6.43459e-24
1.3805e-11 6.63269e-26 6.36765e-24
1.38672e-11 6.57224e-26 6.30133e-24
1.39296e-11 6.51223e-26 6.2356e-24
1.39923e-11 6.45264e-26 6.17048e-24
1.40554e-11 6.39348e-26 6.10595e-24
1.41187e-11 6.33476e-26 6.04202e-24
1.41823e-11 6.27646e-26 5.97867e-24
1.42461e-11 6.21859e-26 5.91591e-24
1.43103e-11 6.16114e-26 5.85372e-24
1.43747e-11 6.10411e-26 5.79211e-24
1.44395e-11 6.04751e-26 5.73107e-24
1.45045e-11 5.99133e-26 5.67059e-24
1.45698e-11 5.93556e-26 5.61068e-24
1.46354e-11 5.88021e-26 5.55133e-24
1.47014e-11 5.82528e-26 5.49252e-24
1.47676e-11 5.77076e-26 5.43427e-24
1.48341e-11 5.71665e-26 5.37656e-24
1.49009e-11 5.66296e-26 5.3194e-24
1.4968e-11 5.60967e-26 5.26277e-24
1.50354e-11 5.55679e-26 5.20667e-24
1.51031e-11 5.50431e-26 5.1511e-24
1.51711e-11 5.45224e-26 5.09606e-24
1.52395e-11 5.40057e-26 5.04154e-24
1.53081e-11 5.34931e-26 4.98753e-24
1.5377e-11 5.29844e-26 4.93404e-24
1.54463e-11 5.24796e-26 4.88105e-24
1.55159e-11 5.19789e-26 4.82857e-24
1.55857e-11 5.1482e-26 4.77659e-24
1.56559e-11 5.09891e-26 4.72511e-24
1.57265e-11 5.05e-26 4.67412e-24
1.57973e-11 5.00149e-26 4.62362e-24
1.58684e-11 4.95336e-26 4.57361e-24
1.59399e-11 4.90561e-26 4.52408e-24
1.60117e-11 4.85825e-26 4.47502e-24
1.60838e-11 4.81127e-26 4.42644e-24
1.61562e-11 4.76466e-26 4.37832e-24
1.6229e-11 4.71843e-26 4.33068e-24
1.63021e-11 4.67258e-26 4.28349e-24
1.63755e-11 4.6271e-26 4.23677e-24
1.64493e-11 4.58199e-26 4.1905e-24
1.65233e-11 4.53725e-26 4.14468e-24
1.65978e-11 4.49288e-26 4.0993e-24
1.66725e-11 4.44887e-26 4.05437e-24
1.67476e-11 4.40522e-26 4.00989e-24
1.6823e-11 4.36194e-26 3.96583e-24
1.68988e-11 4.31901e-26 3.92221e-24
1.69749e-11 4.27645e-26 3.87902e-24
1.70513e-11 4.23423e-26 3.83626e-24
1.71281e-11 4.19237e-26 3.79392e-24
1.72053e-11 4.15087e-26 3.75199e-24
1.72828e-11 4.10971e-26 3.71049e-24
1.73606e-11 4.0689e-26 3.66939e-24
1.74388e-11 4.02843e-26 3.6287e-24
1.75173e-11 3.98831e-26 3.58841e-24
1.75962e-11 3.94853e-26 3.54853e-24
1.76755e-11 3.90908e-26 3.50905e-24
1.77551e-11 3.86998e-26 3.46996e-24
1.7835e-11 3.83121e-26 3.43126e-24
1.79154e-11 3.79277e-26 3.39294e-24
1.7996e-11 3.75467e-26 3.35502e-24
1.80771e-11 3.71689e-26 3.31747e-24
1.81585e-11 3.67944e-26 3.2803e-24
1.82403e-11 3.64232e-26 3.24351e-24
1.83224e-11 3.60552e-26 3.20708e-24
1.8405e-11 3.56904e-26 3.17103e-24
1.84878e-11 3.53288e-26 3.13534e-24
1.85711e-11 3.49704e-26 3.10001e-24
1.86547e-11 3.46151e-26 3.06504e-24
1.87388e-11 3.42629e-26 3.03042e-24
1.88232e-11 3.39139e-26 2.99616e-24
1.89079e-11 3.35679e-26 2.96225e-24
1.89931e-11 3.32251e-26 2.92868e-24
1.90786e-11 3.28852e-26 2.89545e-24
1.91646e-11 3.25484e-26 2.86257e-24
1.92509e-11 3.22146e-26 2.83002e-24
1.93376e-11 3.18838e-26 2.7978e-24
1.94247e-11 3.1556e-26 2.76592e-24
1.95121e-11 3.12311e-26 2.73437e-24
1.96e-11 3.09091e-26 2.70313e-24
1.96883e-11 3.05901e-26 2.67222e-24
1.9777e-11 3.02739e-26 2.64163e-24
1.9866e-11 2.99606e-26 2.61136e-24
1.99555e-11 2.96502e-26 2.5814e-24
2.00454e-11 2.93426e-26 2.55175e-24
2.01357e-11 2.90378e-26 2.52241e-24
2.02263e-11 2.87358e-26 2.49337e-24
2.03174e-11 2.84365e-26 2.46463e-24
2.04089e-11 2.814e-26 2.4362e-24
2.05008e-11 2.78462e-26 2.40806e-24
2.05932e-11 2.75552e-26 2.38021e-24
2.06859e-11 2.72668e-26 2.35266e-24
2.07791e-11 2.69811e-26 2.32539e-24
2.08727e-11 2.66981e-26 2.29841e-24
2.09667e-11 2.64177e-26 2.27171e-24
2.10611e-11 2.61399e-26 2.24529e-24
2.1156e-11 2.58647e-26 2.21915e-24
2.12512e-11 2.55921e-26 2.19329e-24
2.13469e-11 2.5322e-26 2.1677e-24
2.14431e-11 2.50544e-26 2.14237e-24
2.15397e-11 2.47894e-26 2.11732e-24
2.16367e-11 2.45269e-26 2.09253e-24
2.17341e-11 2.42669e-26 2.068e-24
2.1832e-11 2.40093e-26 2.04374e-24
2.19303e-11 2.37542e-26 2.01973e-24
2.20291e-11 2.35014e-26 1.99597e-24
2.21283e-11 2.32511e-26 1.97247e-24
2.2228e-11 2.30032e-26 1.94922e-24
2.23281e-11 2.27577e-26 1.92622e-24
2.24286e-11 2.25145e-26 1.90346e-24
2.25296e-11 2.22736e-26 1.88094e-24
2.26311e-11 2.2035e-26 1.85867e-24
2.2733e-11 2.17988e-26 1.83664e-24
2.28354e-11 2.15648e-26 1.81484e-24
2.29383e-11 2.1333e-26 1.79327e-24
2.30416e-11 2.11035e-26 1.77194e-24
2.31453e-11 2.08763e-26 1.75084e-24
2.32496e-11 2.06512e-26 1.72996e-24
2.33543e-11 2.04283e-26 1.70931e-24
2.34595e-11 2.02076e-26 1.68888e-24
2.35651e-11 1.99891e-26 1.66867e-24
2.36713e-11 1.97727e-26 1.64868e-24
2.37779e-11 1.95584e-26 1.62891e-24
2.3885e-11 1.93461e-26 1.60935e-24
2.39925e-11 1.9136e-26 1.59001e-24
2.41006e-11 1.8928e-26 1.57087e-24
2.42091e-11 1.8722e-26 1.55194e-24
2.43182e-11 1.8518e-26 1.53322e-24
2.44277e-11 1.8316e-26 1.5147e-24
2.45377e-11 1.81161e-26 1.49639e-24
2.46482e-11 1.79181e-26 1.47827e-24
2.47592e-11 1.77221e-26 1.46035e-24
2.48707e-11 1.7528e-26 1.44263e-24
2.49827e-11 1.73358e-26 1.4251e-24
2.50952e-11 1.71456e-26 1.40777e-24
2.52083e-11 1.69573e-26 1.39062e-24
2.53218e-11 1.67709e-26 1.37366e-24
2.54358e-11 1.65863e-26 1.35689e-24
2.55504e-11 1.64036e-26 1.34031e-24
2.56655e-11 1.62227e-26 1.3239e-24
2.57811e-11 1.60436e-26 1.30768e-24
2.58972e-11 1.58663e-26 1.29164e-24
2.60138e-11 1.56909e-26 1.27577e-24
2.6131e-11 1.55172e-26 1.26008e-24
2.62486e-11 1.53452e-26 1.24456e-24
2.63669e-11 1.5175e-26 1.22922e-24
2.64856e-11 1.50065e-26 1.21404e-24
2.66049e-11 1.48398e-26 1.19904e-24
2.67247e-11 1.46747e-26 1.1842e-24
2.68451e-11 1.45113e-26 1.16952e-24
2.6966e-11 1.43496e-26 1.15501e-24
2.70874e-11 1.41895e-26 1.14066e-24
2.72094e-11 1.40311e-26 1.12647e-24
2.7332e-11 1.38743e-26 1.11244e-24
2.74551e-11 1.37191e-26 1.09857e-24
2.75787e-11 1.35654e-26 1.08485e-24
2.77029e-11 1.34134e-26 1.07128e-24
2.78277e-11 1.3263e-26 1.05787e-24
2.7953e-11 1.3114e-26 1.0446e-24
2.80789e-11 1.29667e-26 1.03149e-24
2.82054e-11 1.28208e-26 1.01852e-24
2.83324e-11 1.26765e-26 1.0057e-24
2.846e-11 1.25336e-26 9.93026e-25
2.85882e-11 1.23923e-26 9.80493e-25
2.87169e-11 1.22524e-26 9.681e-25
2.88462e-11 1.21139e-26 9.55848e-25
2.89762e-11 1.19769e-26 9.43734e-25
2.91067e-11 1.18414e-26 9.31757e-25
2.92377e-11 1.17072e-26 9.19916e-25
2.93694e-11 1.15745e-26 9.08208e-25
2.95017e-11 1.14431e-26 8.96634e-25
2.96346e-11 1.13131e-26 8.85191e-25
2.9768e-11 1.11845e-26 8.73878e-25
2.99021e-11 1.10573e-26 8.62693e-25
3.00368e-11 1.09313e-26 8.51636e-25
3.0172e-11 1.08067e-26 8.40705e-25
3.03079e-11 1.06835e-26 8.29898e-25
3.04444e-11 1.05615e-26 8.19214e-25
3.05815e-11 1.04408e-26 8.08653e-25
3.07193e-11 1.03214e-26 7.98212e-25
3.08576e-11 1.02032e-26 7.87891e-25
3.09966e-11 1.00863e-26 7.77688e-25
3.11362e-11 9.97066e-27 7.67601e-25
3.12764e-11 9.85623e-27 7.57631e-25
3.14173e-11 9.74302e-27 7.47774e-25
3.15588e-11 9.63102e-27 7.38031e-25
3.17009e-11 9.52022e-27 7.284e-25
3.18437e-11 9.41059e-27 7.1888e-25
3.19871e-11 9.30214e-27 7.09469e-25
3.21312e-11 9.19485e-27 7.00167e-25
3.22759e-11 9.08871e-27 6.90972e-25
3.24212e-11 8.98371e-27 6.81884e-25
3.25672e-11 8.87984e-27 6.729e-25
3.27139e-11 8.77708e-27 6.6402e-25
3.28612e-11 8.67543e-27 6.55243e-25
3.30092e-11 8.57488e-27 6.46568e-25
3.31579e-11 8.47541e-27 6.37993e-25
3.33072e-11 8.37702e-27 6.29517e-25
3.34573e-11 8.27968e-27 6.2114e-25
3.36079e-11 8.18341e-27 6.12861e-25
3.37593e-11 8.08817e-27 6.04677e-25
3.39113e-11 7.99397e-27 5.96589e-25
3.40641e-11 7.90079e-27 5.88595e-25
3.42175e-11 7.80863e-27 5.80694e-25
3.43716e-11 7.71746e-27 5.72886e-25
3.45264e-11 7.62729e-27 5.65168e-25
3.46819e-11 7.53811e-27 5.57541e-25
3.48381e-11 7.44989e-27 5.50003e-25
3.4995e-11 7.36264e-27 5.42553e-25
3.51526e-11 7.27635e-27 5.3519e-25
3.53109e-11 7.191e-27 5.27914e-25
3.54699e-11 7.10658e-27 5.20723e-25
3.56297e-11 7.02309e-27 5.13616e-25
3.57901e-11 6.94052e-27 5.06593e-25
3.59513e-11 6.85886e-27 4.99653e-25
3.61132e-11 6.77809e-27 4.92794e-25
3.62759e-11 6.69822e-27 4.86016e-25
3.64393e-11 6.61922e-27 4.79318e-25
3.66034e-11 6.5411e-27 4.72698e-25
3.67682e-11 6.46384e-27 4.66157e-25
3.69338e-11 6.38743e-27 4.59693e-25
3.71002e-11 6.31187e-27 4.53306e-25
3.72672e-11 6.23715e-27 4.46994e-25
3.74351e-11 6.16325e-27 4.40757e-25
3.76037e-11 6.09018e-27 4.34594e-25
3.7773e-11 6.01792e-27 4.28504e-25
3.79432e-11 5.94646e-27 4.22486e-25
3.8114e-11 5.8758e-27 4.16539e-25
3.82857e-11 5.80592e-27 4.10663e-25
3.84581e-11 5.73683e-27 4.04857e-25
3.86313e-11 5.6685e-27 3.99121e-25
3.88053e-11 5.60094e-27 3.93452e-25
3.89801e-11 5.53414e-27 3.87851e-25
3.91556e-11 5.46808e-27 3.82317e-25
3.9332e-11 5.40276e-27 3.76849e-25
3.95091e-11 5.33818e-27 3.71446e-25
3.96871e-11 5.27432e-27 3.66108e-25
3.98658e-11 5.21118e-27 3.60834e-25
4.00453e-11 5.14875e-27 3.55623e-25
4.02257e-11 5.08702e-27 3.50474e-25
4.04069e-11 5.02599e-27 3.45387e-25
4.05888e-11 4.96565e-27 3.40361e-25
4.07716e-11 4.90598e-27 3.35395e-25
4.09553e-11 4.84699e-27 3.30489e-25
4.11397e-11 4.78867e-27 3.25642e-25
4.1325e-11 4.73101e-27 3.20854e-25
4.15111e-11 4.674e-27 3.16122e-25
4.16981e-11 4.61764e-27 3.11448e-25
4.18859e-11 4.56192e-27 3.06831e-25
4.20745e-11 4.50683e-27 3.02269e-25
4.2264e-11 4.45237e-27 2.97762e-25
4.24543e-11 4.39853e-27 2.9331e-25
4.26455e-11 4.3453e-27 2.88911e-25
4.28376e-11 4.29268e-27 2.84566e-25
4.30305e-11 4.24066e-27 2.80273e-25
4.32243e-11 4.18923e-27 2.76033e-25
4.3419e-11 4.13839e-27 2.71843e-25
4.36146e-11 4.08813e-27 2.67705e-25
4.3811e-11 4.03845e-27 2.63617e-25
4.40083e-11 3.98934e-27 2.59578e-25
4.42065e-11 3.94079e-27 2.55589e-25
4.44056e-11 3.8928e-27 2.51648e-25
4.46056e-11 3.84536e-27 2.47755e-25
4.48065e-11 3.79846e-27 2.4391e-25
4.50083e-11 3.75211e-27 2.40112e-25
4.5211e-11 3.70629e-27 2.36359e-25
4.54146e-11 3.66099e-27 2.32653e-25
4.56191e-11 3.61622e-27 2.28992e-25
4.58246e-11 3.57197e-27 2.25376e-25
4.6031e-11 3.52823e-27 2.21804e-25
4.62383e-11 3.48499e-27 2.18276e-25
4.64465e-11 3.44225e-27 2.14791e-25
4.66557e-11 3.40001e-27 2.11349e-25
4.68658e-11 3.35826e-27 2.07949e-25
4.70769e-11 3.317e-27 2.0459e-25
4.72889e-11 3.27621e-27 2.01273e-25
4.75019e-11 3.2359e-27 1.97997e-25
4.77158e-11 3.19606e-27 1.94761e-25
4.79307e-11 3.15668e-27 1.91565e-25
4.81466e-11 3.11776e-27 1.88408e-25
4.83634e-11 3.07929e-27 1.85291e-25
4.85812e-11 3.04127e-27 1.82211e-25
4.88e-11 3.0037e-27 1.7917e-25
4.90198e-11 2.96657e-27 1.76166e-25
4.92406e-11 2.92987e-27 1.732e-25
4.94623e-11 2.8936e-27 1.7027e-25
4.96851e-11 2.85775e-27 1.67376e-25
4.99089e-11 2.82233e-27 1.64519e-25
5.01336e-11 2.78732e-27 1.61696e-25
5.03594e-11 2.75272e-27 1.58909e-25
5.05862e-11 2.71853e-27 1.56156e-25
5.08141e-11 2.68474e-27 1.53438e-25
5.10429e-11 2.65135e-27 1.50753e-25
5.12728e-11 2.61836e-27 1.48102e-25
5.15037e-11 2.58575e-27 1.45483e-25
5.17357e-11 2.55353e-27 1.42898e-25
5.19687e-11 2.52169e-27 1.40344e-25
5.22027e-11 2.49022e-27 1.37822e-25
5.24378e-11 2.45913e-27 1.35332e-25
5.2674e-11 2.4284e-27 1.32873e-25
5.29112e-11 2.39804e-27 1.30445e-25
5.31495e-11 2.36804e-27 1.28047e-25
5.33889e-11 2.3384e-27 1.25678e-25
5.36293e-11 2.3091e-27 1.2334e-25
5.38709e-11 2.28016e-27 1.21031e-25
5.41135e-11 2.25156e-27 1.18751e-25
5.43572e-11 2.2233e-27 1.16499e-25
5.4602e-11 2.19538e-27 1.14276e-25
5.48479e-11 2.16779e-27 1.12081e-25
5.50949e-11 2.14053e-27 1.09913e-25
5.53431e-11 2.11359e-27 1.07772e-25
5.55923e-11 2.08698e-27 1.05659e-25
5.58427e-11 2.06068e-27 1.03572e-25
5.60942e-11 2.0347e-27 1.01511e-25
5.63468e-11 2.00903e-27 9.94763e-26
5.66006e-11 1.98367e-27 9.74673e-26
5.68555e-11 1.95862e-27 9.54836e-26
5.71116e-11 1.93386e-27 9.3525e-26
5.73688e-11 1.9094e-27 9.15911e-26
5.76272e-11 1.88524e-27 8.96817e-26
5.78867e-11 1.86136e-27 8.77965e-26
5.81474e-11 1.83778e-27 8.59351e-26
5.84093e-11 1.81447e-27 8.40974e-26
5.86723e-11 1.79145e-27 8.22829e-26
5.89366e-11 1.76871e-27 8.04914e-26
5.9202e-11 1.74624e-27 7.87227e-26
5.94686e-11 1.72404e-27 7.69765e-26
5.97365e-11 1.70211e-27 7.52525e-26
6.00055e-11 1.68045e-27 7.35503e-26
6.02758e-11 1.65905e-27 7.18699e-26
6.05472e-11 1.63791e-27 7.02108e-26
6.08199e-11 1.61702e-27 6.85729e-26
6.10938e-11 1.59639e-27 6.69559e-26
6.1369e-11 1.57601e-27 6.53595e-26
6.16454e-11 1.55588e-27 6.37835e-26
6.1923e-11 1.53599e-27 6.22276e-26
6.22019e-11 1.51634e-27 6.06916e-26
6.2482e-11 1.49694e-27 5.91753e-26
6.27634e-11 1.47776e-27 5.76784e-26
6.30461e-11 1.45883e-27 5.62006e-26
6.333e-11 1.44012e-27 5.47418e-26
6.36152e-11 1.42165e-27 5.33017e-26
6.39017e-11 1.4034e-27 5.188e-26
6.41895e-11 1.38537e-27 5.04766e-26
6.44786e-11 1.36756e-27 4.90912e-26
6.4769e-11 1.34997e-27 4.77237e-26
6.50607e-11 1.3326e-27 4.63737e-26
6.53537e-11 1.31544e-27 4.50411e-26
6.56481e-11 1.29849e-27 4.37257e-26
6.59437e-11 1.28175e-27 4.24272e-26
6.62407e-11 1.26522e-27 4.11454e-26
6.65391e-11 1.24889e-27 3.98802e-26
6.68387e-11 1.23276e-27 3.86313e-26
6.71398e-11 1.21683e-27 3.73986e-26
6.74421e-11 1.20109e-27 3.61817e-26
6.77459e-11 1.18555e-27 3.49806e-26
6.8051e-11 1.1702e-27 3.37951e-26
6.83575e-11 1.15504e-27 3.26249e-26
6.86653e-11 1.14007e-27 3.14698e-26
6.89746e-11 1.12528e-27 3.03298e-26
6.92852e-11 1.11068e-27 2.92045e-26
6.95973e-11 1.09626e-27 2.80938e-26
6.99107e-11 1.08202e-27 2.69975e-26
7.02256e-11 1.06795e-27 2.59155e-26
7.05418e-11 1.05406e-27 2.48476e-26
7.08595e-11 1.04034e-27 2.37935e-26
7.11787e-11 1.02679e-27 2.27532e-26
7.14992e-11 1.01341e-27 2.17264e-26
7.18212e-11 1.00019e-27 2.0713e-26
7.21447e-11 9.87146e-28 1.97128e-26
7.24696e-11 9.7426e-28 1.87257e-26
7.2796e-11 9.61534e-28 1.77514e-26
7.31239e-11 9.48968e-28 1.67899e-26
7.34532e-11 9.36559e-28 1.58409e-26
7.3784e-11 9.24304e-28 1.49043e-26
7.41163e-11 9.12203e-28 1.398e-26
7.44501e-11 9.00254e-28 1.30678e-26
7.47854e-11 8.88454e-28 1.21676e-26
7.51222e-11 8.76802e-28 1.12791e-26
7.54605e-11 8.65297e-28 1.04023e-26
7.58004e-11 8.53935e-28 9.53702e-27
7.61418e-11 8.42717e-28 8.68308e-27
7.64847e-11 8.3164e-28 7.84037e-27
7.68292e-11 8.20702e-28 7.00873e-27
7.71752e-11 8.09901e-28 6.18802e-27
7.75228e-11 7.99237e-28 5.37812e-27
7.78719e-11 7.88707e-28 4.57889e-27
7.82226e-11 7.7831e-28 3.79018e-27
7.85749e-11 7.68044e-28 3.01187e-27
7.89288e-11 7.57908e-28 2.24383e-27
7.92842e-11 7.479e-28 1.48592e-27
7.96413e-11 7.38018e-28 7.38018e-28
