1e-14 0 9.01845e+11
1.0045e-14 0 9.01845e+11
1.00903e-14 0 9.01845e+11
1.01357e-14 0 9.01845e+11
1.01814e-14 0 9.01845e+11
1.02272e-14 0 9.01845e+11
1.02733e-14 0 9.01845e+11
1.03196e-14 0 9.01845e+11
1.0366e-14 0 9.01845e+11
1.04127e-14 0 9.01845e+11
1.04596e-14 0 9.01845e+11
1.05067e-14 0 9.01845e+11
1.0554e-14 0 9.01845e+11
1.06016e-14 0 9.01845e+11
1.06493e-14 1.11255e-10 9.01845e+11
1.06973e-14 5.2906e-10 9.01845e+11
1.07455e-14 6.69809e-10 9.01845e+11
1.07938e-14 8.68047e-10 9.01845e+11
1.08425e-14 1.1282e-09 9.01845e+11
1.08913e-14 1.56867e-09 9.01845e+11
1.09403e-14 2.30564e-09 9.01845e+11
1.09896e-14 2.97872e-09 9.01845e+11
1.10391e-14 4.22821e-09 9.01845e+11
1.10888e-14 5.28549e-09 9.01845e+11
1.11388e-14 6.02997e-09 9.01845e+11
1.11889e-14 7.37834e-09 9.01845e+11
1.12393e-14 8.52436e-09 9.01845e+11
1.12899e-14 9.65349e-09 9.01845e+11
1.13408e-14 1.08656e-08 9.01845e+11
1.13919e-14 1.23788e-08 9.01845e+11
1.14432e-14 1.32638e-08 9.01845e+11
1.14947e-14 1.4537e-08 9.01845e+11
1.15465e-14 1.56311e-08 9.01845e+11
1.15985e-14 1.70349e-08 9.01845e+11
1.16507e-14 1.82629e-08 9.01845e+11
1.17032e-14 1.98292e-08 9.01845e+11
1.17559e-14 2.10254e-08 9.01845e+11
1.18088e-14 2.22532e-08 9.01845e+11
1.1862e-14 2.42504e-08 9.01845e+11
1.19154e-14 2.61632e-08 9.01845e+11
1.19691e-14 2.80281e-08 9.01845e+11
1.2023e-14 3.00658e-08 9.01845e+11
1.20772e-14 3.30793e-08 9.01845e+11
1.21316e-14 3.55567e-08 9.01845e+11
1.21862e-14 3.85428e-08 9.01845e+11
1.22411e-14 4.15487e-08 9.01845e+11
1.22962e-14 4.39074e-08 9.01845e+11
1.23516e-14 4.75114e-08 9.01845e+11
1.24072e-14 5.14585e-08 9.01845e+11
1.24631e-14 5.48638e-08 9.01845e+11
1.25192e-14 5.90554e-08 9.01845e+11
1.25756e-14 6.24873e-08 9.01845e+11
1.26322e-14 6.72197e-08 9.01845e+11
1.26891e-14 7.25981e-08 9.01845e+11
1.27463e-14 7.72342e-08 9.01845e+11
1.28037e-14 8.21002e-08 9.01845e+11
1.28613e-14 8.7476e-08 9.01845e+11
1.29193e-14 9.38092e-08 9.01845e+11
1.29775e-14 9.99971e-08 9.01845e+11
1.30359e-14 1.07043e-07 9.01845e+11
1.30946e-14 1.13988e-07 9.01845e+11
1.31536e-14 1.22321e-07 9.01845e+11
1.32128e-14 1.30642e-07 9.01845e+11
1.32723e-14 1.39714e-07 9.01845e+11
1.33321e-14 1.49579e-07 9.01845e+11
1.33922e-14 1.58081e-07 9.01845e+11
1.34525e-14 1.68377e-07 9.01845e+11
1.35131e-14 1.80014e-07 9.01845e+11
1.35739e-14 1.90647e-07 9.01845e+11
1.3635e-14 2.02967e-07 9.01845e+11
1.36965e-14 2.16024e-07 9.01845e+11
1.37581e-14 2.29636e-07 9.01845e+11
1.38201e-14 2.44028e-07 9.01845e+11
1.38823e-14 2.59113e-07 9.01845e+11
1.39449e-14 2.74893e-07 9.01845e+11
1.40077e-14 2.9157e-07 9.01845e+11
1.40708e-14 3.09434e-07 9.01845e+11
1.41341e-14 3.28421e-07 9.01845e+11
1.41978e-14 3.48264e-07 9.01845e+11
1.42617e-14 3.69058e-07 9.01845e+11
1.4326e-14 3.93346e-07 9.01845e+11
1.43905e-14 4.17462e-07 9.01845e+11
1.44553e-14 4.44341e-07 9.01845e+11
1.45204e-14 4.71985e-07 9.01845e+11
1.45858e-14 5.00262e-07 9.01845e+11
1.46515e-14 5.30419e-07 9.01845e+11
1.47175e-14 5.64388e-07 9.01845e+11
1.47837e-14 5.98413e-07 9.01845e+11
1.48503e-14 6.34347e-07 9.01845e+11
1.49172e-14 6.72883e-07 9.01845e+11
1.49844e-14 7.12622e-07 9.01845e+11
1.50519e-14 7.56388e-07 9.01845e+11
1.51197e-14 8.01356e-07 9.01845e+11
1.51878e-14 8.49673e-07 9.01845e+11
1.52562e-14 9.01129e-07 9.01845e+11
1.53249e-14 9.55754e-07 9.01845e+11
1.53939e-14 1.01394e-06 9.01845e+11
1.54632e-14 1.07529e-06 9.01845e+11
1.55329e-14 1.13814e-06 9.01845e+11
1.56028e-14 1.20633e-06 9.01845e+11
1.56731e-14 1.27859e-06 9.01845e+11
1.57437e-14 1.35774e-06 9.01845e+11
1.58146e-14 1.43777e-06 9.01845e+11
1.58858e-14 1.52446e-06 9.01845e+11
1.59573e-14 1.61652e-06 9.01845e+11
1.60292e-14 1.713e-06 9.01845e+11
1.61014e-14 1.81541e-06 9.01845e+11
1.61739e-14 1.92433e-06 9.01845e+11
1.62468e-14 2.03823e-06 9.01845e+11
1.63199e-14 2.16041e-06 9.01845e+11
1.63934e-14 2.28812e-06 9.01845e+11
1.64673e-14 2.42572e-06 9.01845e+11
1.65414e-14 2.57013e-06 9.01845e+11
1.66159e-14 2.72088e-06 9.01845e+11
1.66908e-14 2.88241e-06 9.01845e+11
1.67659e-14 3.05291e-06 9.01845e+11
1.68414e-14 3.23353e-06 9.01845e+11
1.69173e-14 3.42204e-06 9.01845e+11
1.69935e-14 3.62306e-06 9.01845e+11
1.707e-14 3.83625e-06 9.01845e+11
1.71469e-14 4.06141e-06 9.01845e+11
1.72241e-14 4.2978e-06 9.01845e+11
1.73017e-14 4.54983e-06 9.01845e+11
1.73796e-14 4.81546e-06 9.01845e+11
1.74579e-14 5.09652e-06 9.01845e+11
1.75365e-14 5.39209e-06 9.01845e+11
1.76155e-14 5.70677e-06 9.01845e+11
1.76948e-14 6.03601e-06 9.01845e+11
1.77745e-14 6.3856e-06 9.01845e+11
1.78546e-14 6.75625e-06 9.01845e+11
1.7935e-14 7.14842e-06 9.01845e+11
1.80158e-14 7.55977e-06 9.01845e+11
1.80969e-14 7.9974e-06 9.01845e+11
1.81784e-14 8.459e-06 9.01845e+11
1.82603e-14 8.94598e-06 9.01845e+11
1.83425e-14 9.46331e-06 9.01845e+11
1.84251e-14 1.00071e-05 9.01845e+11
1.85081e-14 1.05818e-05 9.01845e+11
1.85914e-14 1.11915e-05 9.01845e+11
1.86752e-14 1.18356e-05 9.01845e+11
1.87593e-14 1.25132e-05 9.01845e+11
1.88438e-14 1.32299e-05 9.01845e+11
1.89286e-14 1.39885e-05 9.01845e+11
1.90139e-14 1.4791e-05 9.01845e+11
1.90995e-14 1.56344e-05 9.01845e+11
1.91855e-14 1.65262e-05 9.01845e+11
1.92719e-14 1.74724e-05 9.01845e+11
1.93587e-14 1.84674e-05 9.01845e+11
1.94459e-14 1.95175e-05 9.01845e+11
1.95335e-14 2.06293e-05 9.01845e+11
1.96215e-14 2.18014e-05 9.01845e+11
1.97098e-14 2.30377e-05 9.01845e+11
1.97986e-14 2.43458e-05 9.01845e+11
1.98878e-14 2.57248e-05 9.01845e+11
1.99774e-14 2.71835e-05 9.01845e+11
2.00673e-14 2.87167e-05 9.01845e+11
2.01577e-14 3.03419e-05 9.01845e+11
2.02485e-14 3.20544e-05 9.01845e+11
2.03397e-14 3.38607e-05 9.01845e+11
2.04313e-14 3.57703e-05 9.01845e+11
2.05233e-14 3.77865e-05 9.01845e+11
2.06157e-14 3.99132e-05 9.01845e+11
2.07086e-14 4.21545e-05 9.01845e+11
2.08018e-14 4.45217e-05 9.01845e+11
2.08955e-14 4.70196e-05 9.01845e+11
2.09896e-14 4.96582e-05 9.01845e+11
2.10842e-14 5.24357e-05 9.01845e+11
2.11791e-14 5.5371e-05 9.01845e+11
2.12745e-14 5.84661e-05 9.01845e+11
2.13703e-14 6.173e-05 9.01845e+11
2.14666e-14 6.51746e-05 9.01845e+11
2.15632e-14 6.88086e-05 9.01845e+11
2.16604e-14 7.26435e-05 9.01845e+11
2.17579e-14 7.66819e-05 9.01845e+11
2.18559e-14 8.09498e-05 9.01845e+11
2.19543e-14 8.54434e-05 9.01845e+11
2.20532e-14 9.0186e-05 9.01845e+11
2.21525e-14 9.51894e-05 9.01845e+11
2.22523e-14 0.00010046 9.01845e+11
2.23525e-14 0.000106022 9.01845e+11
2.24532e-14 0.000111883 9.01845e+11
2.25543e-14 0.000118066 9.01845e+11
2.26559e-14 0.000124582 9.01845e+11
2.27579e-14 0.000131452 9.01845e+11
2.28604e-14 0.000138695 9.01845e+11
2.29634e-14 0.000146331 9.01845e+11
2.30668e-14 0.00015438 9.01845e+11
2.31707e-14 0.000162861 9.01845e+11
2.3275e-14 0.000171803 9.01845e+11
2.33799e-14 0.000181227 9.01845e+11
2.34852e-14 0.000191156 9.01845e+11
2.35909e-14 0.000201623 9.01845e+11
2.36972e-14 0.000212649 9.01845e+11
2.38039e-14 0.000224269 9.01845e+11
2.39111e-14 0.000236511 9.01845e+11
2.40188e-14 0.000249414 9.01845e+11
2.4127e-14 0.000263004 9.01845e+11
2.42356e-14 0.000277325 9.01845e+11
2.43448e-14 0.000292412 9.01845e+11
2.44544e-14 0.000308303 9.01845e+11
2.45646e-14 0.00032504 9.01845e+11
2.46752e-14 0.000342677 9.01845e+11
2.47863e-14 0.000361246 9.01845e+11
2.4898e-14 0.000380807 9.01845e+11
2.50101e-14 0.000401406 9.01845e+11
2.51227e-14 0.000423101 9.01845e+11
2.52359e-14 0.00044595 9.01845e+11
2.53495e-14 0.000470005 9.01845e+11
2.54637e-14 0.00049534 9.01845e+11
2.55784e-14 0.000522011 9.01845e+11
2.56936e-14 0.000550093 9.01845e+11
2.58093e-14 0.000579655 9.01845e+11
2.59255e-14 0.000610784 9.01845e+11
2.60423e-14 0.000643549 9.01845e+11
2.61596e-14 0.000678043 9.01845e+11
2.62774e-14 0.000714349 9.01845e+11
2.63957e-14 0.000752569 9.01845e+11
2.65146e-14 0.000792788 9.01845e+11
2.6634e-14 0.000835126 9.01845e+11
2.6754e-14 0.000879679 9.01845e+11
2.68745e-14 0.000926565 9.01845e+11
2.69955e-14 0.000975901 9.01845e+11
2.71171e-14 0.00102782 9.01845e+11
2.72392e-14 0.00108245 9.01845e+11
2.73619e-14 0.00113993 9.01845e+11
2.74851e-14 0.0012004 9.01845e+11
2.76089e-14 0.00126402 9.01845e+11
2.77332e-14 0.00133096 9.01845e+11
2.78581e-14 0.00140136 9.01845e+11
2.79836e-14 0.00147543 9.01845e+11
2.81096e-14 0.00155333 9.01845e+11
2.82362e-14 0.00163527 9.01845e+11
2.83634e-14 0.00172146 9.01845e+11
2.84912e-14 0.0018121 9.01845e+11
2.86195e-14 0.00190742 9.01845e+11
2.87484e-14 0.00200766 9.01845e+11
2.88778e-14 0.00211306 9.01845e+11
2.90079e-14 0.00222391 9.01845e+11
2.91385e-14 0.00234045 9.01845e+11
2.92698e-14 0.00246298 9.01845e+11
2.94016e-14 0.00259181 9.01845e+11
2.9534e-14 0.00272724 9.01845e+11
2.9667e-14 0.00286962 9.01845e+11
2.98006e-14 0.00301929 9.01845e+11
2.99348e-14 0.00317662 9.01845e+11
3.00697e-14 0.00334198 9.01845e+11
3.02051e-14 0.00351579 9.01845e+11
3.03411e-14 0.00369847 9.01845e+11
3.04778e-14 0.00389045 9.01845e+11
3.0615e-14 0.0040922 9.01845e+11
3.07529e-14 0.00430422 9.01845e+11
3.08914e-14 0.004527 9.01845e+11
3.10305e-14 0.00476109 9.01845e+11
3.11703e-14 0.00500706 9.01845e+11
3.13107e-14 0.00526547 9.01845e+11
3.14517e-14 0.00553697 9.01845e+11
3.15933e-14 0.00582219 9.01845e+11
3.17356e-14 0.00612182 9.01845e+11
3.18786e-14 0.00643656 9.01845e+11
3.20221e-14 0.00676717 9.01845e+11
3.21663e-14 0.00711442 9.01845e+11
3.23112e-14 0.00747914 9.01845e+11
3.24567e-14 0.00786219 9.01845e+11
3.26029e-14 0.00826446 9.01845e+11
3.27497e-14 0.00868691 9.01845e+11
3.28972e-14 0.00913053 9.01845e+11
3.30454e-14 0.00959634 9.01845e+11
3.31942e-14 0.0100854 9.01845e+11
3.33437e-14 0.010599 9.01845e+11
3.34939e-14 0.0111382 9.01845e+11
3.36447e-14 0.0117042 9.01845e+11
3.37963e-14 0.0122984 9.01845e+11
3.39485e-14 0.0129222 9.01845e+11
3.41014e-14 0.013577 9.01845e+11
3.42549e-14 0.0142643 9.01845e+11
3.44092e-14 0.0149857 9.01845e+11
3.45642e-14 0.0157428 9.01845e+11
3.47199e-14 0.0165374 9.01845e+11
3.48762e-14 0.0173713 9.01845e+11
3.50333e-14 0.0182464 9.01845e+11
3.51911e-14 0.0191647 9.01845e+11
3.53496e-14 0.0201282 9.01845e+11
3.55088e-14 0.0211392 9.01845e+11
3.56687e-14 0.0221999 9.01845e+11
3.58293e-14 0.0233128 9.01845e+11
3.59907e-14 0.0244802 9.01845e+11
3.61528e-14 0.025705 9.01845e+11
3.63156e-14 0.0269898 9.01845e+11
3.64792e-14 0.0283374 9.01845e+11
3.66435e-14 0.0297509 9.01845e+11
3.68085e-14 0.0312335 9.01845e+11
3.69743e-14 0.0327884 9.01845e+11
3.71408e-14 0.0344191 9.01845e+11
3.73081e-14 0.0361293 9.01845e+11
3.74761e-14 0.0379226 9.01845e+11
3.76449e-14 0.0398031 9.01845e+11
3.78144e-14 0.0417748 9.01845e+11
3.79847e-14 0.0438422 9.01845e+11
3.81558e-14 0.0460097 9.01845e+11
3.83276e-14 0.0482821 9.01845e+11
3.85002e-14 0.0506644 9.01845e+11
3.86736e-14 0.0531617 9.01845e+11
3.88478e-14 0.0557795 9.01845e+11
3.90228e-14 0.0585235 9.01845e+11
3.91985e-14 0.0613995 9.01845e+11
3.93751e-14 0.0644139 9.01845e+11
3.95524e-14 0.0675732 9.01845e+11
3.97305e-14 0.070884 9.01845e+11
3.99095e-14 0.0743536 9.01845e+11
4.00892e-14 0.0779894 9.01845e+11
4.02698e-14 0.0817991 9.01845e+11
4.04511e-14 0.0857909 9.01845e+11
4.06333e-14 0.0899733 9.01845e+11
4.08163e-14 0.0943551 9.01845e+11
4.10001e-14 0.0989457 9.01845e+11
4.11848e-14 0.103755 9.01845e+11
4.13703e-14 0.108793 9.01845e+11
4.15566e-14 0.11407 9.01845e+11
4.17437e-14 0.119597 9.01845e+11
4.19317e-14 0.125386 9.01845e+11
4.21206e-14 0.13145 9.01845e+11
4.23103e-14 0.1378 9.01845e+11
4.25008e-14 0.14445 9.01845e+11
4.26922e-14 0.151415 9.01845e+11
4.28845e-14 0.158707 9.01845e+11
4.30777e-14 0.166343 9.01845e+11
4.32717e-14 0.174338 9.01845e+11
4.34666e-14 0.182709 9.01845e+11
4.36623e-14 0.191473 9.01845e+11
4.3859e-14 0.200647 9.01845e+11
4.40565e-14 0.210252 9.01845e+11
4.42549e-14 0.220306 9.01845e+11
4.44542e-14 0.23083 9.01845e+11
4.46544e-14 0.241846 9.01845e+11
4.48555e-14 0.253375 9.01845e+11
4.50575e-14 0.265442 9.01845e+11
4.52605e-14 0.27807 9.01845e+11
4.54643e-14 0.291285 9.01845e+11
4.56691e-14 0.305114 9.01845e+11
4.58748e-14 0.319585 9.01845e+11
4.60814e-14 0.334727 9.01845e+11
4.62889e-14 0.350569 9.01845e+11
4.64974e-14 0.367145 9.01845e+11
4.67068e-14 0.384486 9.01845e+11
4.69171e-14 0.402627 9.01845e+11
4.71284e-14 0.421604 9.01845e+11
4.73407e-14 0.441456 9.01845e+11
4.75539e-14 0.462221 9.01845e+11
4.77681e-14 0.483939 9.01845e+11
4.79832e-14 0.506655 9.01845e+11
4.81993e-14 0.530412 9.01845e+11
4.84164e-14 0.555257 9.01845e+11
4.86344e-14 0.581239 9.01845e+11
4.88535e-14 0.608408 9.01845e+11
4.90735e-14 0.636818 9.01845e+11
4.92945e-14 0.666523 9.01845e+11
4.95165e-14 0.697581 9.01845e+11
4.97395e-14 0.730053 9.01845e+11
4.99635e-14 0.764 9.01845e+11
5.01886e-14 0.799488 9.01845e+11
5.04146e-14 0.836587 9.01845e+11
5.06416e-14 0.875365 9.01845e+11
5.08697e-14 0.915899 9.01845e+11
5.10988e-14 0.958265 9.01845e+11
5.13289e-14 1.00254 9.01845e+11
5.15601e-14 1.04882 9.01845e+11
5.17923e-14 1.09718 9.01845e+11
5.20256e-14 1.14772 9.01845e+11
5.22599e-14 1.20053 9.01845e+11
5.24953e-14 1.25571 9.01845e+11
5.27317e-14 1.31337 9.01845e+11
5.29692e-14 1.37361 9.01845e+11
5.32077e-14 1.43654 9.01845e+11
5.34474e-14 1.50229 9.01845e+11
5.36881e-14 1.57098 9.01845e+11
5.39299e-14 1.64273 9.01845e+11
5.41728e-14 1.71767 9.01845e+11
5.44167e-14 1.79596 9.01845e+11
5.46618e-14 1.87772 9.01845e+11
5.4908e-14 1.96311 9.01845e+11
5.51553e-14 2.0523 9.01845e+11
5.54037e-14 2.14543 9.01845e+11
5.56532e-14 2.24269 9.01845e+11
5.59039e-14 2.34424 9.01845e+11
5.61556e-14 2.45028 9.01845e+11
5.64085e-14 2.561 9.01845e+11
5.66626e-14 2.6766 9.01845e+11
5.69178e-14 2.79729 9.01845e+11
5.71741e-14 2.92328 9.01845e+11
5.74316e-14 3.0548 9.01845e+11
5.76903e-14 3.1921 9.01845e+11
5.79501e-14 3.33541 9.01845e+11
5.82111e-14 3.48499 9.01845e+11
5.84732e-14 3.64111 9.01845e+11
5.87366e-14 3.80405 9.01845e+11
5.90011e-14 3.9741 9.01845e+11
5.92668e-14 4.15155 9.01845e+11
5.95338e-14 4.33673 9.01845e+11
5.98019e-14 4.52996 9.01845e+11
6.00712e-14 4.73157 9.01845e+11
6.03418e-14 4.94194 9.01845e+11
6.06135e-14 5.16141 9.01845e+11
6.08865e-14 5.39038 9.01845e+11
6.11607e-14 5.62925 9.01845e+11
6.14362e-14 5.87843 9.01845e+11
6.17129e-14 6.13836 9.01845e+11
6.19908e-14 6.40949 9.01845e+11
6.227e-14 6.69228 9.01845e+11
6.25504e-14 6.98722 9.01845e+11
6.28321e-14 7.29482 9.01845e+11
6.31151e-14 7.61561 9.01845e+11
6.33994e-14 7.95015 9.01845e+11
6.36849e-14 8.29899 9.01845e+11
6.39717e-14 8.66274 9.01845e+11
6.42598e-14 9.04202 9.01845e+11
6.45492e-14 9.43746 9.01845e+11
6.484e-14 9.84974 9.01845e+11
6.5132e-14 10.2796 9.01845e+11
6.54253e-14 10.7276 9.01845e+11
6.572e-14 11.1947 9.01845e+11
6.6016e-14 11.6816 9.01845e+11
6.63133e-14 12.1891 9.01845e+11
6.66119e-14 12.7181 9.01845e+11
6.69119e-14 13.2694 9.01845e+11
6.72133e-14 13.8439 9.01845e+11
6.7516e-14 14.4427 9.01845e+11
6.78201e-14 15.0667 9.01845e+11
6.81255e-14 15.7169 9.01845e+11
6.84323e-14 16.3944 9.01845e+11
6.87405e-14 17.1003 9.01845e+11
6.90501e-14 17.8358 9.01845e+11
6.93611e-14 18.6021 9.01845e+11
6.96735e-14 19.4004 9.01845e+11
6.99873e-14 20.232 9.01845e+11
7.03025e-14 21.0983 9.01845e+11
7.06191e-14 22.0007 9.01845e+11
7.09371e-14 22.9406 9.01845e+11
7.12566e-14 23.9195 9.01845e+11
7.15775e-14 24.9391 9.01845e+11
7.18999e-14 26.001 9.01845e+11
7.22237e-14 27.1068 9.01845e+11
7.2549e-14 28.2583 9.01845e+11
7.28757e-14 29.4574 9.01845e+11
7.32039e-14 30.706 9.01845e+11
7.35336e-14 32.006 9.01845e+11
7.38648e-14 33.3595 9.01845e+11
7.41975e-14 34.7687 9.01845e+11
7.45316e-14 36.2357 9.01845e+11
7.48673e-14 37.7629 9.01845e+11
7.52045e-14 39.3526 9.01845e+11
7.55432e-14 41.0073 9.01845e+11
7.58834e-14 42.7297 9.01845e+11
7.62252e-14 44.5224 9.01845e+11
7.65685e-14 46.3881 9.01845e+11
7.69133e-14 48.3298 9.01845e+11
7.72597e-14 50.3505 9.01845e+11
7.76076e-14 52.4532 9.01845e+11
7.79572e-14 54.6412 9.01845e+11
7.83083e-14 56.9179 9.01845e+11
7.86609e-14 59.2867 9.01845e+11
7.90152e-14 61.7513 9.01845e+11
7.93711e-14 64.3154 9.01845e+11
7.97285e-14 66.9828 9.01845e+11
8.00876e-14 69.7577 9.01845e+11
8.04483e-14 72.6442 9.01845e+11
8.08106e-14 75.6467 9.01845e+11
8.11746e-14 78.7696 9.01845e+11
8.15402e-14 82.0177 9.01845e+11
8.19074e-14 85.3958 9.01845e+11
8.22763e-14 88.909 9.01845e+11
8.26468e-14 92.5624 9.01845e+11
8.3019e-14 96.3615 9.01845e+11
8.33929e-14 100.312 9.01845e+11
8.37685e-14 104.42 9.01845e+11
8.41458e-14 108.691 9.01845e+11
8.45247e-14 113.131 9.01845e+11
8.49054e-14 117.747 9.01845e+11
8.52878e-14 122.546 9.01845e+11
8.56719e-14 127.535 9.01845e+11
8.60578e-14 132.721 9.01845e+11
8.64453e-14 138.112 9.01845e+11
8.68347e-14 143.714 9.01845e+11
8.72257e-14 149.538 9.01845e+11
8.76186e-14 155.59 9.01845e+11
8.80132e-14 161.879 9.01845e+11
8.84096e-14 168.415 9.01845e+11
8.88077e-14 175.207 9.01845e+11
8.92077e-14 182.265 9.01845e+11
8.96095e-14 189.598 9.01845e+11
9.00131e-14 197.217 9.01845e+11
9.04184e-14 205.133 9.01845e+11
9.08257e-14 213.357 9.01845e+11
9.12347e-14 221.9 9.01845e+11
9.16456e-14 230.775 9.01845e+11
9.20584e-14 239.995 9.01845e+11
9.2473e-14 249.57 9.01845e+11
9.28894e-14 259.517 9.01845e+11
9.33078e-14 269.847 9.01845e+11
9.3728e-14 280.575 9.01845e+11
9.41501e-14 291.717 9.01845e+11
9.45742e-14 303.287 9.01845e+11
9.50001e-14 315.302 9.01845e+11
9.54279e-14 327.778 9.01845e+11
9.58577e-14 340.732 9.01845e+11
9.62894e-14 354.182 9.01845e+11
9.67231e-14 368.146 9.01845e+11
9.71587e-14 382.643 9.01845e+11
9.75963e-14 397.692 9.01845e+11
9.80358e-14 413.315 9.01845e+11
9.84774e-14 429.532 9.01845e+11
9.89209e-14 446.365 9.01845e+11
9.93664e-14 463.836 9.01845e+11
9.98139e-14 481.969 9.01845e+11
1.00263e-13 500.788 9.01845e+11
1.00715e-13 520.319 9.01845e+11
1.01169e-13 540.586 9.01845e+11
1.01624e-13 561.617 9.01845e+11
1.02082e-13 583.44 9.01845e+11
1.02542e-13 606.083 9.01845e+11
1.03003e-13 629.576 9.01845e+11
1.03467e-13 653.951 9.01845e+11
1.03933e-13 679.238 9.01845e+11
1.04401e-13 705.47 9.01845e+11
1.04872e-13 732.683 9.01845e+11
1.05344e-13 760.91 9.01845e+11
1.05818e-13 790.189 9.01845e+11
1.06295e-13 820.558 9.01845e+11
1.06774e-13 852.054 9.01845e+11
1.07255e-13 884.72 9.01845e+11
1.07738e-13 918.596 9.01845e+11
1.08223e-13 953.725 9.01845e+11
1.0871e-13 990.154 9.01845e+11
1.092e-13 1027.93 9.01845e+11
1.09692e-13 1067.09 9.01845e+11
1.10186e-13 1107.7 9.01845e+11
1.10682e-13 1149.8 9.01845e+11
1.1118e-13 1193.45 9.01845e+11
1.11681e-13 1238.69 9.01845e+11
1.12184e-13 1285.6 9.01845e+11
1.12689e-13 1334.22 9.01845e+11
1.13197e-13 1384.61 9.01845e+11
1.13707e-13 1436.85 9.01845e+11
1.14219e-13 1490.98 9.01845e+11
1.14733e-13 1547.09 9.01845e+11
1.1525e-13 1605.24 9.01845e+11
1.15769e-13 1665.49 9.01845e+11
1.1629e-13 1727.93 9.01845e+11
1.16814e-13 1792.63 9.01845e+11
1.1734e-13 1859.66 9.01845e+11
1.17869e-13 1929.12 9.01845e+11
1.18399e-13 2001.08 9.01845e+11
1.18933e-13 2075.63 9.01845e+11
1.19468e-13 2152.86 9.01845e+11
1.20006e-13 2232.86 9.01845e+11
1.20547e-13 2315.73 9.01845e+11
1.2109e-13 2401.56 9.01845e+11
1.21635e-13 2490.47 9.01845e+11
1.22183e-13 2582.55 9.01845e+11
1.22733e-13 2677.91 9.01845e+11
1.23286e-13 2776.67 9.01845e+11
1.23841e-13 2878.94 9.01845e+11
1.24399e-13 2984.84 9.01845e+11
1.24959e-13 3094.5 9.01845e+11
1.25522e-13 3208.05 9.01845e+11
1.26087e-13 3325.61 9.01845e+11
1.26655e-13 3447.31 9.01845e+11
1.27226e-13 3573.32 9.01845e+11
1.27799e-13 3703.76 9.01845e+11
1.28374e-13 3838.79 9.01845e+11
1.28952e-13 3978.57 9.01845e+11
1.29533e-13 4123.24 9.01845e+11
1.30116e-13 4272.99 9.01845e+11
1.30702e-13 4427.98 9.01845e+11
1.31291e-13 4588.37 9.01845e+11
1.31882e-13 4754.37 9.01845e+11
1.32476e-13 4926.15 9.01845e+11
1.33073e-13 5103.9 9.01845e+11
1.33672e-13 5287.83 9.01845e+11
1.34274e-13 5478.15 9.01845e+11
1.34879e-13 5675.05 9.01845e+11
1.35487e-13 5878.77 9.01845e+11
1.36097e-13 6089.53 9.01845e+11
1.3671e-13 6307.56 9.01845e+11
1.37325e-13 6533.1 9.01845e+11
1.37944e-13 6766.41 9.01845e+11
1.38565e-13 7007.72 9.01845e+11
1.39189e-13 7257.32 9.01845e+11
1.39816e-13 7515.47 9.01845e+11
1.40446e-13 7782.46 9.01845e+11
1.41078e-13 8058.56 9.01845e+11
1.41714e-13 8344.09 9.01845e+11
1.42352e-13 8639.35 9.01845e+11
1.42993e-13 8944.64 9.01845e+11
1.43637e-13 9260.32 9.01845e+11
1.44284e-13 9586.7 9.01845e+11
1.44934e-13 9924.14 9.01845e+11
1.45586e-13 10273 9.01845e+11
1.46242e-13 10633.6 9.01845e+11
1.46901e-13 11006.5 9.01845e+11
1.47562e-13 11391.8 9.01845e+11
1.48227e-13 11790.2 9.01845e+11
1.48894e-13 12201.9 9.01845e+11
1.49565e-13 12627.4 9.01845e+11
1.50239e-13 13067.2 9.01845e+11
1.50915e-13 13521.7 9.01845e+11
1.51595e-13 13991.4 9.01845e+11
1.52278e-13 14476.7 9.01845e+11
1.52963e-13 14978.2 9.01845e+11
1.53652e-13 15496.4 9.01845e+11
1.54344e-13 16031.8 9.01844e+11
1.5504e-13 16584.9 9.01844e+11
1.55738e-13 17156.4 9.01844e+11
1.56439e-13 17746.7 9.01844e+11
1.57144e-13 18356.6 9.01844e+11
1.57851e-13 18986.6 9.01844e+11
1.58562e-13 19637.3 9.01844e+11
1.59277e-13 20309.4 9.01844e+11
1.59994e-13 21003.5 9.01844e+11
1.60714e-13 21720.4 9.01844e+11
1.61438e-13 22460.8 9.01844e+11
1.62165e-13 23225.4 9.01844e+11
1.62896e-13 24014.9 9.01844e+11
1.63629e-13 24830.2 9.01844e+11
1.64366e-13 25672 9.01844e+11
1.65106e-13 26541.2 9.01844e+11
1.6585e-13 27438.5 9.01844e+11
1.66597e-13 28365 9.01844e+11
1.67347e-13 29321.3 9.01844e+11
1.68101e-13 30308.6 9.01844e+11
1.68858e-13 31327.8 9.01844e+11
1.69619e-13 32379.8 9.01844e+11
1.70382e-13 33465.6 9.01844e+11
1.7115e-13 34586.3 9.01844e+11
1.71921e-13 35742.8 9.01844e+11
1.72695e-13 36936.5 9.01844e+11
1.73473e-13 38168.3 9.01844e+11
1.74254e-13 39439.4 9.01844e+11
1.75039e-13 40751.1 9.01844e+11
1.75827e-13 42104.5 9.01844e+11
1.76619e-13 43500.9 9.01844e+11
1.77414e-13 44941.6 9.01844e+11
1.78213e-13 46428 9.01844e+11
1.79016e-13 47961.4 9.01844e+11
1.79822e-13 49543.2 9.01843e+11
1.80632e-13 51175 9.01843e+11
1.81446e-13 52858.1 9.01843e+11
1.82263e-13 54594.2 9.01843e+11
1.83084e-13 56384.7 9.01843e+11
1.83908e-13 58231.5 9.01843e+11
1.84736e-13 60136 9.01843e+11
1.85568e-13 62100.1 9.01843e+11
1.86404e-13 64125.4 9.01843e+11
1.87244e-13 66214 9.01843e+11
1.88087e-13 68367.4 9.01843e+11
1.88934e-13 70587.8 9.01843e+11
1.89785e-13 72877.1 9.01843e+11
1.9064e-13 75237.2 9.01843e+11
1.91498e-13 77670.4 9.01843e+11
1.92361e-13 80178.7 9.01843e+11
1.93227e-13 82764.4 9.01842e+11
1.94097e-13 85429.6 9.01842e+11
1.94972e-13 88176.7 9.01842e+11
1.9585e-13 91008.3 9.01842e+11
1.96732e-13 93926.4 9.01842e+11
1.97618e-13 96934 9.01842e+11
1.98508e-13 100033 9.01842e+11
1.99402e-13 103227 9.01842e+11
2.003e-13 106518 9.01842e+11
2.01202e-13 109910 9.01842e+11
2.02108e-13 113404 9.01842e+11
2.03018e-13 117004 9.01841e+11
2.03933e-13 120713 9.01841e+11
2.04851e-13 124535 9.01841e+11
2.05774e-13 128471 9.01841e+11
2.067e-13 132526 9.01841e+11
2.07631e-13 136703 9.01841e+11
2.08566e-13 141006 9.01841e+11
2.09506e-13 145437 9.0184e+11
2.10449e-13 150001 9.0184e+11
2.11397e-13 154701 9.0184e+11
2.12349e-13 159542 9.0184e+11
2.13306e-13 164527 9.0184e+11
2.14266e-13 169661 9.0184e+11
2.15231e-13 174946 9.0184e+11
2.16201e-13 180388 9.01839e+11
2.17174e-13 185992 9.01839e+11
2.18152e-13 191761 9.01839e+11
2.19135e-13 197701 9.01839e+11
2.20122e-13 203815 9.01839e+11
2.21113e-13 210109 9.01838e+11
2.22109e-13 216589 9.01838e+11
2.23109e-13 223258 9.01838e+11
2.24114e-13 230122 9.01838e+11
2.25123e-13 237187 9.01838e+11
2.26137e-13 244458 9.01837e+11
2.27156e-13 251941 9.01837e+11
2.28179e-13 259641 9.01837e+11
2.29206e-13 267565 9.01837e+11
2.30239e-13 275719 9.01836e+11
2.31276e-13 284109 9.01836e+11
2.32317e-13 292741 9.01836e+11
2.33364e-13 301623 9.01835e+11
2.34415e-13 310760 9.01835e+11
2.3547e-13 320160 9.01835e+11
2.36531e-13 329830 9.01834e+11
2.37596e-13 339777 9.01834e+11
2.38666e-13 350008 9.01834e+11
2.39741e-13 360532 9.01833e+11
2.40821e-13 371357 9.01833e+11
2.41905e-13 382489 9.01833e+11
2.42995e-13 393937 9.01832e+11
2.44089e-13 405711 9.01832e+11
2.45188e-13 417818 9.01832e+11
2.46293e-13 430268 9.01831e+11
2.47402e-13 443069 9.01831e+11
2.48516e-13 456231 9.0183e+11
2.49635e-13 469764 9.0183e+11
2.5076e-13 483677 9.01829e+11
2.51889e-13 497980 9.01829e+11
2.53023e-13 512684 9.01828e+11
2.54163e-13 527798 9.01828e+11
2.55308e-13 543335 9.01827e+11
2.56458e-13 559305 9.01827e+11
2.57613e-13 575719 9.01826e+11
2.58773e-13 592588 9.01826e+11
2.59938e-13 609925 9.01825e+11
2.61109e-13 627743 9.01824e+11
2.62285e-13 646053 9.01824e+11
2.63466e-13 664867 9.01823e+11
2.64653e-13 684199 9.01823e+11
2.65845e-13 704063 9.01822e+11
2.67042e-13 724473 9.01821e+11
2.68245e-13 745440 9.0182e+11
2.69453e-13 766982 9.0182e+11
2.70666e-13 789112 9.01819e+11
2.71885e-13 811845 9.01818e+11
2.7311e-13 835196 9.01817e+11
2.7434e-13 859182 9.01816e+11
2.75575e-13 883819 9.01816e+11
2.76816e-13 909121 9.01815e+11
2.78063e-13 935108 9.01814e+11
2.79315e-13 961796 9.01813e+11
2.80573e-13 989202 9.01812e+11
2.81837e-13 1.01735e+06 9.01811e+11
2.83106e-13 1.04624e+06 9.0181e+11
2.84381e-13 1.07592e+06 9.01809e+11
2.85662e-13 1.10638e+06 9.01808e+11
2.86949e-13 1.13766e+06 9.01807e+11
2.88241e-13 1.16977e+06 9.01806e+11
2.89539e-13 1.20274e+06 9.01804e+11
2.90843e-13 1.23658e+06 9.01803e+11
2.92153e-13 1.27132e+06 9.01802e+11
2.93469e-13 1.30698e+06 9.01801e+11
2.9479e-13 1.34358e+06 9.01799e+11
2.96118e-13 1.38114e+06 9.01798e+11
2.97452e-13 1.4197e+06 9.01797e+11
2.98791e-13 1.45927e+06 9.01795e+11
3.00137e-13 1.49987e+06 9.01794e+11
3.01489e-13 1.54154e+06 9.01792e+11
3.02847e-13 1.5843e+06 9.01791e+11
3.0421e-13 1.62817e+06 9.01789e+11
3.05581e-13 1.67318e+06 9.01787e+11
3.06957e-13 1.71937e+06 9.01786e+11
3.08339e-13 1.76675e+06 9.01784e+11
3.09728e-13 1.81536e+06 9.01782e+11
3.11123e-13 1.86523e+06 9.0178e+11
3.12524e-13 1.91638e+06 9.01779e+11
3.13932e-13 1.96885e+06 9.01777e+11
3.15345e-13 2.02268e+06 9.01775e+11
3.16766e-13 2.07788e+06 9.01773e+11
3.18192e-13 2.1345e+06 9.01771e+11
3.19625e-13 2.19256e+06 9.01769e+11
3.21065e-13 2.25211e+06 9.01766e+11
3.22511e-13 2.31317e+06 9.01764e+11
3.23963e-13 2.37579e+06 9.01762e+11
3.25422e-13 2.44e+06 9.01759e+11
3.26888e-13 2.50583e+06 9.01757e+11
3.2836e-13 2.57333e+06 9.01754e+11
3.29839e-13 2.64253e+06 9.01752e+11
3.31324e-13 2.71348e+06 9.01749e+11
3.32817e-13 2.78621e+06 9.01747e+11
3.34316e-13 2.86077e+06 9.01744e+11
3.35821e-13 2.9372e+06 9.01741e+11
3.37334e-13 3.01554e+06 9.01738e+11
3.38853e-13 3.09584e+06 9.01735e+11
3.40379e-13 3.17813e+06 9.01732e+11
3.41912e-13 3.26247e+06 9.01729e+11
3.43452e-13 3.34892e+06 9.01725e+11
3.44999e-13 3.43749e+06 9.01722e+11
3.46552e-13 3.52826e+06 9.01719e+11
3.48113e-13 3.62127e+06 9.01715e+11
3.49681e-13 3.71658e+06 9.01711e+11
3.51256e-13 3.81422e+06 9.01708e+11
3.52838e-13 3.91427e+06 9.01704e+11
3.54427e-13 4.01677e+06 9.017e+11
3.56023e-13 4.12178e+06 9.01696e+11
3.57627e-13 4.22934e+06 9.01692e+11
3.59237e-13 4.33952e+06 9.01688e+11
3.60855e-13 4.45239e+06 9.01683e+11
3.6248e-13 4.568e+06 9.01679e+11
3.64113e-13 4.68641e+06 9.01674e+11
3.65753e-13 4.80767e+06 9.0167e+11
3.674e-13 4.93187e+06 9.01665e+11
3.69055e-13 5.05906e+06 9.0166e+11
3.70717e-13 5.1893e+06 9.01655e+11
3.72386e-13 5.32268e+06 9.0165e+11
3.74063e-13 5.45924e+06 9.01644e+11
3.75748e-13 5.59906e+06 9.01639e+11
3.7744e-13 5.74222e+06 9.01633e+11
3.7914e-13 5.88879e+06 9.01627e+11
3.80848e-13 6.03884e+06 9.01622e+11
3.82563e-13 6.19246e+06 9.01616e+11
3.84286e-13 6.34971e+06 9.01609e+11
3.86017e-13 6.51067e+06 9.01603e+11
3.87755e-13 6.67542e+06 9.01596e+11
3.89502e-13 6.84405e+06 9.0159e+11
3.91256e-13 7.01664e+06 9.01583e+11
3.93018e-13 7.19327e+06 9.01576e+11
3.94788e-13 7.37403e+06 9.01569e+11
3.96566e-13 7.55902e+06 9.01561e+11
3.98352e-13 7.74831e+06 9.01554e+11
4.00146e-13 7.942e+06 9.01546e+11
4.01948e-13 8.14019e+06 9.01538e+11
4.03758e-13 8.34297e+06 9.0153e+11
4.05577e-13 8.55043e+06 9.01522e+11
4.07403e-13 8.76268e+06 9.01513e+11
4.09238e-13 8.97981e+06 9.01504e+11
4.11081e-13 9.20193e+06 9.01495e+11
4.12933e-13 9.42915e+06 9.01486e+11
4.14792e-13 9.66155e+06 9.01477e+11
4.16661e-13 9.89927e+06 9.01467e+11
4.18537e-13 1.01424e+07 9.01457e+11
4.20422e-13 1.03911e+07 9.01447e+11
4.22315e-13 1.06454e+07 9.01437e+11
4.24217e-13 1.09054e+07 9.01426e+11
4.26128e-13 1.11714e+07 9.01415e+11
4.28047e-13 1.14433e+07 9.01404e+11
4.29975e-13 1.17213e+07 9.01392e+11
4.31911e-13 1.20056e+07 9.01381e+11
4.33857e-13 1.22963e+07 9.01369e+11
4.35811e-13 1.25935e+07 9.01356e+11
4.37773e-13 1.28973e+07 9.01344e+11
4.39745e-13 1.32079e+07 9.01331e+11
4.41725e-13 1.35253e+07 9.01318e+11
4.43715e-13 1.38498e+07 9.01304e+11
4.45713e-13 1.41815e+07 9.0129e+11
4.47721e-13 1.45205e+07 9.01276e+11
4.49737e-13 1.4867e+07 9.01262e+11
4.51762e-13 1.52211e+07 9.01247e+11
4.53797e-13 1.5583e+07 9.01232e+11
4.55841e-13 1.59529e+07 9.01216e+11
4.57894e-13 1.63307e+07 9.012e+11
4.59956e-13 1.67168e+07 9.01184e+11
4.62028e-13 1.71114e+07 9.01167e+11
4.64108e-13 1.75145e+07 9.0115e+11
4.66199e-13 1.79263e+07 9.01132e+11
4.68298e-13 1.83471e+07 9.01114e+11
4.70407e-13 1.87768e+07 9.01096e+11
4.72526e-13 1.92159e+07 9.01077e+11
4.74654e-13 1.96644e+07 9.01058e+11
4.76792e-13 2.01225e+07 9.01038e+11
4.78939e-13 2.05904e+07 9.01018e+11
4.81096e-13 2.10683e+07 9.00998e+11
4.83263e-13 2.15563e+07 9.00977e+11
4.85439e-13 2.20548e+07 9.00955e+11
4.87626e-13 2.25638e+07 9.00933e+11
4.89822e-13 2.30836e+07 9.0091e+11
4.92028e-13 2.36143e+07 9.00887e+11
4.94244e-13 2.41562e+07 9.00864e+11
4.9647e-13 2.47096e+07 9.0084e+11
4.98705e-13 2.52744e+07 9.00815e+11
5.00952e-13 2.58511e+07 9.0079e+11
5.03208e-13 2.64399e+07 9.00764e+11
5.05474e-13 2.7041e+07 9.00737e+11
5.0775e-13 2.76545e+07 9.0071e+11
5.10037e-13 2.82807e+07 9.00683e+11
5.12334e-13 2.892e+07 9.00654e+11
5.14642e-13 2.95723e+07 9.00625e+11
5.16959e-13 3.02381e+07 9.00596e+11
5.19288e-13 3.09177e+07 9.00566e+11
5.21626e-13 3.1611e+07 9.00535e+11
5.23976e-13 3.23186e+07 9.00503e+11
5.26336e-13 3.30408e+07 9.00471e+11
5.28706e-13 3.37774e+07 9.00438e+11
5.31087e-13 3.45292e+07 9.00404e+11
5.33479e-13 3.52962e+07 9.00369e+11
5.35882e-13 3.60785e+07 9.00334e+11
5.38295e-13 3.68768e+07 9.00298e+11
5.40719e-13 3.76912e+07 9.00261e+11
5.43155e-13 3.85218e+07 9.00224e+11
5.45601e-13 3.93692e+07 9.00185e+11
5.48058e-13 4.02333e+07 9.00146e+11
5.50526e-13 4.11148e+07 9.00105e+11
5.53006e-13 4.20138e+07 9.00064e+11
5.55496e-13 4.29306e+07 9.00022e+11
5.57998e-13 4.38657e+07 8.99979e+11
5.60511e-13 4.4819e+07 8.99935e+11
5.63036e-13 4.57913e+07 8.99891e+11
5.65571e-13 4.67826e+07 8.99845e+11
5.68119e-13 4.77934e+07 8.99798e+11
5.70677e-13 4.8824e+07 8.9975e+11
5.73247e-13 4.98746e+07 8.99701e+11
5.75829e-13 5.09458e+07 8.99652e+11
5.78422e-13 5.20376e+07 8.99601e+11
5.81027e-13 5.31509e+07 8.99549e+11
5.83644e-13 5.42853e+07 8.99495e+11
5.86273e-13 5.5442e+07 8.99441e+11
5.88913e-13 5.66205e+07 8.99386e+11
5.91566e-13 5.7822e+07 8.99329e+11
5.9423e-13 5.90461e+07 8.99271e+11
5.96906e-13 6.0294e+07 8.99212e+11
5.99594e-13 6.15652e+07 8.99152e+11
6.02295e-13 6.28611e+07 8.9909e+11
6.05007e-13 6.41809e+07 8.99028e+11
6.07732e-13 6.55262e+07 8.98963e+11
6.10469e-13 6.68965e+07 8.98898e+11
6.13218e-13 6.82929e+07 8.98831e+11
6.1598e-13 6.97152e+07 8.98763e+11
6.18754e-13 7.11643e+07 8.98693e+11
6.21541e-13 7.26403e+07 8.98622e+11
6.2434e-13 7.41438e+07 8.98549e+11
6.27152e-13 7.56755e+07 8.98475e+11
6.29977e-13 7.72351e+07 8.98399e+11
6.32814e-13 7.88241e+07 8.98322e+11
6.35664e-13 8.04418e+07 8.98243e+11
6.38527e-13 8.20895e+07 8.98163e+11
6.41403e-13 8.37674e+07 8.98081e+11
6.44291e-13 8.54758e+07 8.97997e+11
6.47193e-13 8.72159e+07 8.97911e+11
6.50108e-13 8.89869e+07 8.97824e+11
6.53036e-13 9.07905e+07 8.97735e+11
6.55977e-13 9.26267e+07 8.97644e+11
6.58931e-13 9.44958e+07 8.97552e+11
6.61899e-13 9.63989e+07 8.97457e+11
6.6488e-13 9.83358e+07 8.97361e+11
6.67874e-13 1.00307e+08 8.97263e+11
6.70882e-13 1.02315e+08 8.97162e+11
6.73903e-13 1.04357e+08 8.9706e+11
6.76938e-13 1.06436e+08 8.96956e+11
6.79987e-13 1.08552e+08 8.96849e+11
6.8305e-13 1.10705e+08 8.96741e+11
6.86126e-13 1.12896e+08 8.9663e+11
6.89216e-13 1.15126e+08 8.96517e+11
6.9232e-13 1.17394e+08 8.96402e+11
6.95438e-13 1.19702e+08 8.96284e+11
6.9857e-13 1.22051e+08 8.96165e+11
7.01716e-13 1.2444e+08 8.96043e+11
7.04877e-13 1.2687e+08 8.95918e+11
7.08051e-13 1.29343e+08 8.95791e+11
7.1124e-13 1.31859e+08 8.95662e+11
7.14443e-13 1.34417e+08 8.9553e+11
7.17661e-13 1.37019e+08 8.95396e+11
7.20893e-13 1.39666e+08 8.95259e+11
7.2414e-13 1.42358e+08 8.95119e+11
7.27401e-13 1.45095e+08 8.94977e+11
7.30677e-13 1.47879e+08 8.94832e+11
7.33968e-13 1.5071e+08 8.94684e+11
7.37273e-13 1.53588e+08 8.94533e+11
7.40594e-13 1.56515e+08 8.94379e+11
7.43929e-13 1.59491e+08 8.94223e+11
7.4728e-13 1.62517e+08 8.94063e+11
7.50645e-13 1.65593e+08 8.93901e+11
7.54026e-13 1.68719e+08 8.93735e+11
7.57422e-13 1.71898e+08 8.93567e+11
7.60833e-13 1.75129e+08 8.93395e+11
7.6426e-13 1.78414e+08 8.9322e+11
7.67702e-13 1.81751e+08 8.93041e+11
7.71159e-13 1.85144e+08 8.92859e+11
7.74632e-13 1.88591e+08 8.92674e+11
7.78121e-13 1.92096e+08 8.92486e+11
7.81625e-13 1.95657e+08 8.92294e+11
7.85146e-13 1.99275e+08 8.92098e+11
7.88682e-13 2.02951e+08 8.91899e+11
7.92234e-13 2.06686e+08 8.91696e+11
7.95802e-13 2.10481e+08 8.91489e+11
7.99386e-13 2.14337e+08 8.91279e+11
8.02986e-13 2.18255e+08 8.91064e+11
8.06602e-13 2.22235e+08 8.90846e+11
8.10235e-13 2.26276e+08 8.90624e+11
8.13884e-13 2.30382e+08 8.90397e+11
8.1755e-13 2.34551e+08 8.90167e+11
8.21232e-13 2.38787e+08 8.89933e+11
8.2493e-13 2.43089e+08 8.89694e+11
8.28645e-13 2.47457e+08 8.89451e+11
8.32377e-13 2.51894e+08 8.89203e+11
8.36126e-13 2.56399e+08 8.88951e+11
8.39892e-13 2.60973e+08 8.88695e+11
8.43674e-13 2.65617e+08 8.88434e+11
8.47474e-13 2.70332e+08 8.88168e+11
8.51291e-13 2.75119e+08 8.87898e+11
8.55125e-13 2.79978e+08 8.87623e+11
8.58976e-13 2.84912e+08 8.87343e+11
8.62845e-13 2.8992e+08 8.87058e+11
8.66731e-13 2.95004e+08 8.86768e+11
8.70634e-13 3.00163e+08 8.86473e+11
8.74555e-13 3.054e+08 8.86173e+11
8.78494e-13 3.10715e+08 8.85868e+11
8.82451e-13 3.16109e+08 8.85557e+11
8.86425e-13 3.21583e+08 8.85241e+11
8.90417e-13 3.27137e+08 8.84919e+11
8.94427e-13 3.32772e+08 8.84592e+11
8.98455e-13 3.38489e+08 8.84259e+11
9.02502e-13 3.4429e+08 8.83921e+11
9.06566e-13 3.50176e+08 8.83576e+11
9.10649e-13 3.56146e+08 8.83226e+11
9.14751e-13 3.62203e+08 8.8287e+11
9.1887e-13 3.68347e+08 8.82508e+11
9.23009e-13 3.74578e+08 8.8214e+11
9.27166e-13 3.80899e+08 8.81765e+11
9.31341e-13 3.87309e+08 8.81384e+11
9.35536e-13 3.93811e+08 8.80997e+11
9.39749e-13 4.00404e+08 8.80603e+11
9.43982e-13 4.07089e+08 8.80203e+11
9.48233e-13 4.13869e+08 8.79795e+11
9.52504e-13 4.20743e+08 8.79382e+11
9.56793e-13 4.27712e+08 8.78961e+11
9.61103e-13 4.34779e+08 8.78533e+11
9.65431e-13 4.41942e+08 8.78098e+11
9.69779e-13 4.49203e+08 8.77656e+11
9.74147e-13 4.56563e+08 8.77207e+11
9.78534e-13 4.64024e+08 8.76751e+11
9.82941e-13 4.71585e+08 8.76287e+11
9.87368e-13 4.79249e+08 8.75815e+11
9.91815e-13 4.87017e+08 8.75336e+11
9.96282e-13 4.94888e+08 8.74849e+11
1.00077e-12 5.02865e+08 8.74354e+11
1.00528e-12 5.10948e+08 8.73851e+11
1.0098e-12 5.19138e+08 8.7334e+11
1.01435e-12 5.27436e+08 8.72821e+11
1.01892e-12 5.35844e+08 8.72293e+11
1.02351e-12 5.44362e+08 8.71758e+11
1.02812e-12 5.52992e+08 8.71213e+11
1.03275e-12 5.61729e+08 8.7066e+11
1.0374e-12 5.7058e+08 8.70099e+11
1.04207e-12 5.79545e+08 8.69528e+11
1.04676e-12 5.88625e+08 8.68948e+11
1.05148e-12 5.97821e+08 8.6836e+11
1.05621e-12 6.07135e+08 8.67762e+11
1.06097e-12 6.16567e+08 8.67155e+11
1.06575e-12 6.26119e+08 8.66538e+11
1.07055e-12 6.35787e+08 8.65912e+11
1.07537e-12 6.45573e+08 8.65276e+11
1.08021e-12 6.55482e+08 8.64631e+11
1.08508e-12 6.65514e+08 8.63975e+11
1.08997e-12 6.75671e+08 8.6331e+11
1.09487e-12 6.85953e+08 8.62634e+11
1.09981e-12 6.96361e+08 8.61948e+11
1.10476e-12 7.06888e+08 8.61252e+11
1.10973e-12 7.17543e+08 8.60545e+11
1.11473e-12 7.28327e+08 8.59827e+11
1.11975e-12 7.39242e+08 8.59099e+11
1.1248e-12 7.50289e+08 8.5836e+11
1.12986e-12 7.61464e+08 8.5761e+11
1.13495e-12 7.72765e+08 8.56848e+11
1.14006e-12 7.842e+08 8.56075e+11
1.1452e-12 7.9577e+08 8.55291e+11
1.15035e-12 8.07477e+08 8.54495e+11
1.15553e-12 8.19318e+08 8.53688e+11
1.16074e-12 8.31287e+08 8.52869e+11
1.16597e-12 8.43394e+08 8.52037e+11
1.17122e-12 8.55642e+08 8.51194e+11
1.17649e-12 8.68032e+08 8.50338e+11
1.18179e-12 8.80554e+08 8.4947e+11
1.18711e-12 8.93212e+08 8.4859e+11
1.19246e-12 9.06014e+08 8.47696e+11
1.19783e-12 9.18962e+08 8.4679e+11
1.20323e-12 9.32049e+08 8.45871e+11
1.20864e-12 9.4527e+08 8.44939e+11
1.21409e-12 9.58639e+08 8.43994e+11
1.21956e-12 9.72158e+08 8.43035e+11
1.22505e-12 9.85818e+08 8.42063e+11
1.23057e-12 9.99614e+08 8.41078e+11
1.23611e-12 1.01356e+09 8.40078e+11
1.24167e-12 1.02766e+09 8.39064e+11
1.24727e-12 1.0419e+09 8.38037e+11
1.25288e-12 1.05629e+09 8.36995e+11
1.25853e-12 1.07083e+09 8.35938e+11
1.26419e-12 1.08552e+09 8.34868e+11
1.26989e-12 1.10034e+09 8.33782e+11
1.27561e-12 1.11533e+09 8.32682e+11
1.28135e-12 1.13047e+09 8.31566e+11
1.28712e-12 1.14575e+09 8.30436e+11
1.29292e-12 1.16118e+09 8.2929e+11
1.29874e-12 1.17677e+09 8.28129e+11
1.30459e-12 1.19251e+09 8.26952e+11
1.31047e-12 1.20839e+09 8.2576e+11
1.31637e-12 1.22443e+09 8.24551e+11
1.3223e-12 1.24063e+09 8.23327e+11
1.32825e-12 1.25697e+09 8.22086e+11
1.33424e-12 1.27347e+09 8.20829e+11
1.34024e-12 1.29013e+09 8.19556e+11
1.34628e-12 1.30693e+09 8.18266e+11
1.35234e-12 1.32389e+09 8.16959e+11
1.35843e-12 1.34101e+09 8.15635e+11
1.36455e-12 1.35827e+09 8.14294e+11
1.3707e-12 1.3757e+09 8.12936e+11
1.37687e-12 1.39327e+09 8.1156e+11
1.38307e-12 1.41099e+09 8.10167e+11
1.3893e-12 1.42889e+09 8.08756e+11
1.39556e-12 1.44692e+09 8.07327e+11
1.40184e-12 1.4651e+09 8.0588e+11
1.40816e-12 1.48347e+09 8.04415e+11
1.4145e-12 1.50194e+09 8.02931e+11
1.42087e-12 1.5206e+09 8.01429e+11
1.42727e-12 1.53941e+09 7.99909e+11
1.4337e-12 1.55835e+09 7.98369e+11
1.44015e-12 1.57748e+09 7.96811e+11
1.44664e-12 1.59672e+09 7.95234e+11
1.45315e-12 1.61614e+09 7.93637e+11
1.4597e-12 1.63571e+09 7.92021e+11
1.46627e-12 1.65541e+09 7.90385e+11
1.47288e-12 1.6753e+09 7.8873e+11
1.47951e-12 1.69528e+09 7.87054e+11
1.48617e-12 1.71545e+09 7.85359e+11
1.49287e-12 1.73576e+09 7.83644e+11
1.49959e-12 1.7562e+09 7.81908e+11
1.50634e-12 1.77682e+09 7.80152e+11
1.51313e-12 1.79755e+09 7.78375e+11
1.51994e-12 1.81847e+09 7.76577e+11
1.52679e-12 1.83947e+09 7.74759e+11
1.53366e-12 1.86067e+09 7.72919e+11
1.54057e-12 1.88197e+09 7.71059e+11
1.54751e-12 1.90343e+09 7.69177e+11
1.55448e-12 1.92503e+09 7.67273e+11
1.56148e-12 1.94676e+09 7.65348e+11
1.56851e-12 1.96865e+09 7.63401e+11
1.57558e-12 1.99063e+09 7.61433e+11
1.58267e-12 2.0128e+09 7.59442e+11
1.5898e-12 2.03504e+09 7.57429e+11
1.59696e-12 2.05748e+09 7.55394e+11
1.60415e-12 2.07997e+09 7.53337e+11
1.61138e-12 2.10266e+09 7.51257e+11
1.61864e-12 2.12541e+09 7.49154e+11
1.62592e-12 2.14835e+09 7.47029e+11
1.63325e-12 2.17134e+09 7.4488e+11
1.6406e-12 2.19452e+09 7.42709e+11
1.64799e-12 2.21775e+09 7.40515e+11
1.65541e-12 2.24116e+09 7.38297e+11
1.66287e-12 2.26461e+09 7.36056e+11
1.67036e-12 2.28825e+09 7.33791e+11
1.67788e-12 2.31192e+09 7.31503e+11
1.68544e-12 2.33578e+09 7.29191e+11
1.69303e-12 2.35965e+09 7.26855e+11
1.70065e-12 2.38373e+09 7.24495e+11
1.70831e-12 2.40778e+09 7.22112e+11
1.71601e-12 2.43204e+09 7.19704e+11
1.72374e-12 2.45629e+09 7.17272e+11
1.7315e-12 2.48072e+09 7.14816e+11
1.7393e-12 2.50516e+09 7.12335e+11
1.74713e-12 2.52973e+09 7.0983e+11
1.755e-12 2.55436e+09 7.073e+11
1.7629e-12 2.57907e+09 7.04746e+11
1.77084e-12 2.60387e+09 7.02167e+11
1.77882e-12 2.62869e+09 6.99563e+11
1.78683e-12 2.65367e+09 6.96934e+11
1.79488e-12 2.67858e+09 6.9428e+11
1.80296e-12 2.70367e+09 6.91602e+11
1.81108e-12 2.72871e+09 6.88898e+11
1.81924e-12 2.75386e+09 6.86169e+11
1.82743e-12 2.77905e+09 6.83415e+11
1.83566e-12 2.80424e+09 6.80636e+11
1.84393e-12 2.82956e+09 6.77832e+11
1.85223e-12 2.85478e+09 6.75003e+11
1.86057e-12 2.88014e+09 6.72148e+11
1.86895e-12 2.90544e+09 6.69268e+11
1.87737e-12 2.93078e+09 6.66362e+11
1.88583e-12 2.9562e+09 6.63431e+11
1.89432e-12 2.9815e+09 6.60475e+11
1.90285e-12 3.00692e+09 6.57494e+11
1.91142e-12 3.03225e+09 6.54487e+11
1.92003e-12 3.05759e+09 6.51455e+11
1.92868e-12 3.083e+09 6.48397e+11
1.93736e-12 3.10823e+09 6.45314e+11
1.94609e-12 3.13356e+09 6.42206e+11
1.95485e-12 3.1588e+09 6.39072e+11
1.96366e-12 3.18397e+09 6.35913e+11
1.9725e-12 3.20923e+09 6.32729e+11
1.98138e-12 3.23426e+09 6.2952e+11
1.99031e-12 3.2593e+09 6.26286e+11
1.99927e-12 3.28437e+09 6.23027e+11
2.00827e-12 3.30918e+09 6.19742e+11
2.01732e-12 3.33403e+09 6.16433e+11
2.0264e-12 3.3588e+09 6.13099e+11
2.03553e-12 3.38336e+09 6.0974e+11
2.0447e-12 3.40795e+09 6.06357e+11
2.05391e-12 3.43237e+09 6.02949e+11
2.06316e-12 3.45661e+09 5.99517e+11
2.07245e-12 3.48084e+09 5.9606e+11
2.08178e-12 3.50486e+09 5.92579e+11
2.09116e-12 3.52869e+09 5.89074e+11
2.10058e-12 3.55248e+09 5.85546e+11
2.11004e-12 3.57605e+09 5.81993e+11
2.11954e-12 3.59937e+09 5.78417e+11
2.12909e-12 3.62264e+09 5.74818e+11
2.13867e-12 3.64568e+09 5.71195e+11
2.14831e-12 3.6684e+09 5.67549e+11
2.15798e-12 3.69105e+09 5.63881e+11
2.1677e-12 3.71352e+09 5.6019e+11
2.17746e-12 3.73554e+09 5.56476e+11
2.18727e-12 3.75745e+09 5.52741e+11
2.19712e-12 3.77924e+09 5.48983e+11
2.20702e-12 3.8005e+09 5.45204e+11
2.21696e-12 3.82157e+09 5.41404e+11
2.22694e-12 3.84248e+09 5.37582e+11
2.23697e-12 3.863e+09 5.3374e+11
2.24704e-12 3.88311e+09 5.29877e+11
2.25716e-12 3.90302e+09 5.25994e+11
2.26733e-12 3.92274e+09 5.22091e+11
2.27754e-12 3.94177e+09 5.18168e+11
2.2878e-12 3.96056e+09 5.14226e+11
2.2981e-12 3.97911e+09 5.10265e+11
2.30845e-12 3.99725e+09 5.06286e+11
2.31885e-12 4.01478e+09 5.02289e+11
2.32929e-12 4.03202e+09 4.98274e+11
2.33978e-12 4.04897e+09 4.94242e+11
2.35032e-12 4.06535e+09 4.90193e+11
2.36091e-12 4.08114e+09 4.86128e+11
2.37154e-12 4.09659e+09 4.82047e+11
2.38222e-12 4.11168e+09 4.7795e+11
2.39295e-12 4.12612e+09 4.73839e+11
2.40373e-12 4.13992e+09 4.69712e+11
2.41455e-12 4.1533e+09 4.65573e+11
2.42543e-12 4.16626e+09 4.61419e+11
2.43635e-12 4.17859e+09 4.57253e+11
2.44732e-12 4.1901e+09 4.53074e+11
2.45834e-12 4.20114e+09 4.48884e+11
2.46942e-12 4.21168e+09 4.44683e+11
2.48054e-12 4.22171e+09 4.40471e+11
2.49171e-12 4.23065e+09 4.3625e+11
2.50293e-12 4.23902e+09 4.32019e+11
2.5142e-12 4.24683e+09 4.2778e+11
2.52553e-12 4.25404e+09 4.23533e+11
2.5369e-12 4.26045e+09 4.19279e+11
2.54833e-12 4.26584e+09 4.15019e+11
2.5598e-12 4.27057e+09 4.10753e+11
2.57133e-12 4.27464e+09 4.06482e+11
2.58291e-12 4.27801e+09 4.02208e+11
2.59454e-12 4.28042e+09 3.9793e+11
2.60623e-12 4.28173e+09 3.93649e+11
2.61797e-12 4.28229e+09 3.89368e+11
2.62976e-12 4.28206e+09 3.85085e+11
2.6416e-12 4.28104e+09 3.80803e+11
2.6535e-12 4.27911e+09 3.76522e+11
2.66545e-12 4.2758e+09 3.72243e+11
2.67745e-12 4.27161e+09 3.67967e+11
2.68951e-12 4.26653e+09 3.63696e+11
2.70162e-12 4.26054e+09 3.59429e+11
2.71379e-12 4.25362e+09 3.55169e+11
2.72601e-12 4.24549e+09 3.50915e+11
2.73829e-12 4.23601e+09 3.46669e+11
2.75062e-12 4.22552e+09 3.42433e+11
2.76301e-12 4.21402e+09 3.38208e+11
2.77546e-12 4.20149e+09 3.33994e+11
2.78796e-12 4.18791e+09 3.29792e+11
2.80051e-12 4.17321e+09 3.25605e+11
2.81312e-12 4.15686e+09 3.21431e+11
2.82579e-12 4.13942e+09 3.17274e+11
2.83852e-12 4.12088e+09 3.13135e+11
2.8513e-12 4.10125e+09 3.09014e+11
2.86415e-12 4.0805e+09 3.04913e+11
2.87705e-12 4.05866e+09 3.00832e+11
2.89e-12 4.0357e+09 2.96774e+11
2.90302e-12 4.01106e+09 2.92738e+11
2.91609e-12 3.98535e+09 2.88727e+11
2.92923e-12 3.95859e+09 2.84742e+11
2.94242e-12 3.9308e+09 2.80783e+11
2.95567e-12 3.902e+09 2.76852e+11
2.96898e-12 3.87223e+09 2.7295e+11
2.98235e-12 3.84152e+09 2.69078e+11
2.99578e-12 3.80991e+09 2.65236e+11
3.00928e-12 3.777e+09 2.61427e+11
3.02283e-12 3.7432e+09 2.5765e+11
3.03644e-12 3.70865e+09 2.53906e+11
3.05012e-12 3.67339e+09 2.50198e+11
3.06386e-12 3.63748e+09 2.46524e+11
3.07765e-12 3.60096e+09 2.42887e+11
3.09152e-12 3.5639e+09 2.39286e+11
3.10544e-12 3.52633e+09 2.35722e+11
3.11942e-12 3.48831e+09 2.32196e+11
3.13347e-12 3.44989e+09 2.28707e+11
3.14759e-12 3.41082e+09 2.25257e+11
3.16176e-12 3.37136e+09 2.21847e+11
3.176e-12 3.33167e+09 2.18475e+11
3.19031e-12 3.29178e+09 2.15144e+11
3.20467e-12 3.25174e+09 2.11852e+11
3.21911e-12 3.21158e+09 2.086e+11
3.2336e-12 3.17135e+09 2.05388e+11
3.24817e-12 3.13108e+09 2.02217e+11
3.2628e-12 3.09081e+09 1.99086e+11
3.27749e-12 3.05057e+09 1.95995e+11
3.29225e-12 3.01039e+09 1.92945e+11
3.30708e-12 2.9703e+09 1.89934e+11
3.32197e-12 2.93033e+09 1.86964e+11
3.33693e-12 2.8905e+09 1.84034e+11
3.35196e-12 2.85077e+09 1.81143e+11
3.36706e-12 2.81111e+09 1.78292e+11
3.38222e-12 2.77167e+09 1.75481e+11
3.39746e-12 2.73248e+09 1.7271e+11
3.41276e-12 2.69356e+09 1.69977e+11
3.42813e-12 2.65491e+09 1.67284e+11
3.44357e-12 2.61656e+09 1.64629e+11
3.45908e-12 2.57852e+09 1.62012e+11
3.47465e-12 2.5408e+09 1.59434e+11
3.4903e-12 2.50342e+09 1.56893e+11
3.50602e-12 2.46637e+09 1.54389e+11
3.52181e-12 2.42968e+09 1.51923e+11
3.53767e-12 2.39336e+09 1.49493e+11
3.55361e-12 2.3574e+09 1.471e+11
3.56961e-12 2.32182e+09 1.44743e+11
3.58569e-12 2.28662e+09 1.42421e+11
3.60184e-12 2.2518e+09 1.40134e+11
3.61806e-12 2.21739e+09 1.37882e+11
3.63435e-12 2.18336e+09 1.35665e+11
3.65072e-12 2.14974e+09 1.33482e+11
3.66716e-12 2.11652e+09 1.31332e+11
3.68368e-12 2.08371e+09 1.29215e+11
3.70027e-12 2.0513e+09 1.27132e+11
3.71693e-12 2.0193e+09 1.2508e+11
3.73367e-12 1.98772e+09 1.23061e+11
3.75049e-12 1.95654e+09 1.21073e+11
3.76738e-12 1.92577e+09 1.19117e+11
3.78435e-12 1.89541e+09 1.17191e+11
3.80139e-12 1.86545e+09 1.15296e+11
3.81851e-12 1.83591e+09 1.1343e+11
3.83571e-12 1.80678e+09 1.11594e+11
3.85298e-12 1.77805e+09 1.09787e+11
3.87034e-12 1.74972e+09 1.08009e+11
3.88777e-12 1.72179e+09 1.0626e+11
3.90528e-12 1.69427e+09 1.04538e+11
3.92286e-12 1.66714e+09 1.02844e+11
3.94053e-12 1.64041e+09 1.01176e+11
3.95828e-12 1.61407e+09 9.9536e+10
3.97611e-12 1.58812e+09 9.79219e+10
3.99401e-12 1.56256e+09 9.63338e+10
4.012e-12 1.53738e+09 9.47713e+10
4.03007e-12 1.51259e+09 9.32339e+10
4.04822e-12 1.48817e+09 9.17213e+10
4.06645e-12 1.46412e+09 9.02331e+10
4.08477e-12 1.44045e+09 8.8769e+10
4.10316e-12 1.41715e+09 8.73285e+10
4.12164e-12 1.39414e+09 8.59114e+10
4.1402e-12 1.37144e+09 8.45173e+10
4.15885e-12 1.3491e+09 8.31458e+10
4.17758e-12 1.32711e+09 8.17967e+10
4.1964e-12 1.30547e+09 8.04696e+10
4.2153e-12 1.28417e+09 7.91641e+10
4.23428e-12 1.26321e+09 7.788e+10
4.25335e-12 1.24259e+09 7.66167e+10
4.27251e-12 1.22231e+09 7.53742e+10
4.29175e-12 1.20235e+09 7.41518e+10
4.31108e-12 1.18272e+09 7.29495e+10
4.33049e-12 1.16341e+09 7.17668e+10
4.35e-12 1.14442e+09 7.06034e+10
4.36959e-12 1.12575e+09 6.94589e+10
4.38927e-12 1.10739e+09 6.83332e+10
4.40903e-12 1.08926e+09 6.72258e+10
4.42889e-12 1.07135e+09 6.61365e+10
4.44884e-12 1.05375e+09 6.50652e+10
4.46887e-12 1.03644e+09 6.40114e+10
4.489e-12 1.01942e+09 6.2975e+10
4.50922e-12 1.0027e+09 6.19556e+10
4.52953e-12 9.86257e+08 6.09529e+10
4.54993e-12 9.70099e+08 5.99666e+10
4.57042e-12 9.54221e+08 5.89965e+10
4.591e-12 9.38618e+08 5.80423e+10
4.61168e-12 9.23286e+08 5.71037e+10
4.63245e-12 9.08092e+08 5.61804e+10
4.65331e-12 8.93125e+08 5.52723e+10
4.67427e-12 8.78419e+08 5.43792e+10
4.69532e-12 8.63973e+08 5.35008e+10
4.71647e-12 8.49782e+08 5.26368e+10
4.73771e-12 8.35843e+08 5.1787e+10
4.75904e-12 8.22153e+08 5.09512e+10
4.78048e-12 8.08709e+08 5.0129e+10
4.80201e-12 7.95508e+08 4.93203e+10
4.82363e-12 7.82384e+08 4.85248e+10
4.84536e-12 7.69482e+08 4.77424e+10
4.86718e-12 7.56814e+08 4.69729e+10
4.8891e-12 7.44377e+08 4.62161e+10
4.91112e-12 7.32168e+08 4.54717e+10
4.93324e-12 7.20185e+08 4.47396e+10
4.95546e-12 7.08423e+08 4.40194e+10
4.97777e-12 6.96848e+08 4.3311e+10
5.00019e-12 6.85342e+08 4.26141e+10
5.02271e-12 6.7405e+08 4.19288e+10
5.04533e-12 6.6297e+08 4.12547e+10
5.06806e-12 6.52099e+08 4.05918e+10
5.09088e-12 6.41434e+08 3.99397e+10
5.11381e-12 6.30972e+08 3.92982e+10
5.13684e-12 6.20673e+08 3.86673e+10
5.15997e-12 6.10429e+08 3.80466e+10
5.18321e-12 6.00382e+08 3.74361e+10
5.20656e-12 5.90528e+08 3.68358e+10
5.23001e-12 5.80867e+08 3.62452e+10
5.25356e-12 5.71394e+08 3.56644e+10
5.27722e-12 5.62108e+08 3.5093e+10
5.30099e-12 5.52858e+08 3.45309e+10
5.32486e-12 5.43758e+08 3.3978e+10
5.34884e-12 5.34838e+08 3.34343e+10
5.37293e-12 5.26095e+08 3.28994e+10
5.39713e-12 5.17529e+08 3.23733e+10
5.42144e-12 5.09136e+08 3.18558e+10
5.44586e-12 5.00759e+08 3.13467e+10
5.47038e-12 4.92528e+08 3.08459e+10
5.49502e-12 4.84464e+08 3.03534e+10
5.51977e-12 4.76566e+08 2.98689e+10
5.54463e-12 4.68831e+08 2.93923e+10
5.5696e-12 4.6121e+08 2.89235e+10
5.59468e-12 4.53619e+08 2.84623e+10
5.61988e-12 4.46186e+08 2.80087e+10
5.64519e-12 4.38909e+08 2.75625e+10
5.67061e-12 4.31786e+08 2.71236e+10
5.69615e-12 4.24815e+08 2.66918e+10
5.72181e-12 4.17827e+08 2.6267e+10
5.74757e-12 4.10981e+08 2.58492e+10
5.77346e-12 4.04283e+08 2.54382e+10
5.79946e-12 3.9773e+08 2.50339e+10
5.82558e-12 3.9132e+08 2.46362e+10
5.85182e-12 3.84896e+08 2.42448e+10
5.87817e-12 3.78598e+08 2.38599e+10
5.90465e-12 3.72438e+08 2.34814e+10
5.93124e-12 3.66416e+08 2.31089e+10
5.95795e-12 3.60516e+08 2.27425e+10
5.98478e-12 3.54596e+08 2.2382e+10
6.01174e-12 3.48809e+08 2.20274e+10
6.03881e-12 3.43152e+08 2.16786e+10
6.06601e-12 3.37626e+08 2.13354e+10
6.09333e-12 3.32156e+08 2.09978e+10
6.12077e-12 3.2672e+08 2.06656e+10
6.14834e-12 3.21409e+08 2.03389e+10
6.17603e-12 3.16223e+08 2.00175e+10
6.20384e-12 3.11159e+08 1.97013e+10
6.23178e-12 3.06063e+08 1.93901e+10
6.25985e-12 3.0108e+08 1.90841e+10
6.28804e-12 2.96215e+08 1.8783e+10
6.31636e-12 2.91468e+08 1.84868e+10
6.34481e-12 2.86738e+08 1.81953e+10
6.37339e-12 2.82065e+08 1.79086e+10
6.40209e-12 2.77505e+08 1.76265e+10
6.43092e-12 2.73058e+08 1.7349e+10
6.45989e-12 2.68656e+08 1.70759e+10
6.48898e-12 2.64276e+08 1.68073e+10
6.5182e-12 2.60005e+08 1.6543e+10
6.54756e-12 2.55842e+08 1.6283e+10
6.57705e-12 2.51732e+08 1.60272e+10
6.60667e-12 2.4763e+08 1.57754e+10
6.63642e-12 2.43633e+08 1.55278e+10
6.66631e-12 2.39739e+08 1.52842e+10
6.69633e-12 2.35891e+08 1.50444e+10
6.72649e-12 2.32053e+08 1.48085e+10
6.75679e-12 2.28316e+08 1.45765e+10
6.78722e-12 2.24678e+08 1.43482e+10
6.81779e-12 2.21063e+08 1.41235e+10
6.84849e-12 2.17476e+08 1.39024e+10
6.87933e-12 2.13985e+08 1.36849e+10
6.91032e-12 2.1059e+08 1.3471e+10
6.94144e-12 2.07184e+08 1.32604e+10
6.9727e-12 2.03835e+08 1.30532e+10
7.0041e-12 2.00579e+08 1.28494e+10
7.03565e-12 1.97406e+08 1.26488e+10
7.06734e-12 1.94194e+08 1.24514e+10
7.09916e-12 1.91072e+08 1.22572e+10
7.13114e-12 1.88039e+08 1.20661e+10
7.16325e-12 1.85032e+08 1.18781e+10
7.19551e-12 1.8204e+08 1.1693e+10
7.22792e-12 1.79133e+08 1.1511e+10
7.26047e-12 1.76311e+08 1.13319e+10
7.29317e-12 1.73454e+08 1.11555e+10
7.32602e-12 1.70669e+08 1.09821e+10
7.35901e-12 1.67967e+08 1.08114e+10
7.39216e-12 1.6529e+08 1.06435e+10
7.42545e-12 1.62623e+08 1.04782e+10
7.45889e-12 1.60037e+08 1.03155e+10
7.49248e-12 1.57524e+08 1.01555e+10
7.52623e-12 1.54971e+08 9.99798e+09
7.56012e-12 1.52496e+08 9.84301e+09
7.59417e-12 1.50098e+08 9.69052e+09
7.62837e-12 1.4769e+08 9.54042e+09
7.66273e-12 1.45323e+08 9.39273e+09
7.69724e-12 1.4303e+08 9.24741e+09
7.73191e-12 1.40762e+08 9.10437e+09
7.76673e-12 1.38499e+08 8.96361e+09
7.80171e-12 1.36308e+08 8.82511e+09
7.83684e-12 1.34167e+08 8.68881e+09
7.87214e-12 1.32004e+08 8.55464e+09
7.90759e-12 1.29912e+08 8.42264e+09
7.94321e-12 1.27888e+08 8.29272e+09
7.97898e-12 1.25822e+08 8.16483e+09
8.01492e-12 1.23825e+08 8.03901e+09
8.05101e-12 1.21896e+08 7.91519e+09
8.08727e-12 1.19937e+08 7.79329e+09
8.12369e-12 1.18031e+08 7.67335e+09
8.16028e-12 1.16192e+08 7.55532e+09
8.19703e-12 1.14333e+08 7.43913e+09
8.23395e-12 1.12516e+08 7.3248e+09
8.27103e-12 1.10764e+08 7.21228e+09
8.30828e-12 1.08997e+08 7.10152e+09
8.3457e-12 1.07266e+08 6.99252e+09
8.38329e-12 1.05598e+08 6.88525e+09
8.42104e-12 1.03915e+08 6.77966e+09
8.45897e-12 1.02267e+08 6.67574e+09
8.49707e-12 1.0068e+08 6.57347e+09
8.53534e-12 9.90745e+07 6.47279e+09
8.57378e-12 9.75072e+07 6.37372e+09
8.61239e-12 9.59995e+07 6.27621e+09
8.65118e-12 9.44648e+07 6.18021e+09
8.69014e-12 9.29753e+07 6.08575e+09
8.72928e-12 9.15438e+07 5.99277e+09
8.76859e-12 9.00747e+07 5.90123e+09
8.80808e-12 8.86604e+07 5.81115e+09
8.84775e-12 8.72906e+07 5.72249e+09
8.8876e-12 8.58938e+07 5.6352e+09
8.92763e-12 8.45524e+07 5.54931e+09
8.96783e-12 8.32374e+07 5.46476e+09
9.00822e-12 8.19126e+07 5.38152e+09
9.04879e-12 8.06417e+07 5.29961e+09
9.08955e-12 7.93772e+07 5.21897e+09
9.13048e-12 7.8122e+07 5.13959e+09
9.1716e-12 7.69194e+07 5.06147e+09
9.21291e-12 7.57012e+07 4.98455e+09
9.2544e-12 7.45135e+07 4.90885e+09
9.29608e-12 7.33739e+07 4.83433e+09
9.33795e-12 7.22013e+07 4.76096e+09
9.38e-12 7.10788e+07 4.68876e+09
9.42225e-12 6.99778e+07 4.61768e+09
9.46468e-12 6.88697e+07 4.5477e+09
9.50731e-12 6.78105e+07 4.47883e+09
9.55013e-12 6.67448e+07 4.41102e+09
9.59314e-12 6.56991e+07 4.34428e+09
9.63634e-12 6.46997e+07 4.27858e+09
9.67974e-12 6.36678e+07 4.21388e+09
9.72334e-12 6.26826e+07 4.15021e+09
9.76713e-12 6.17124e+07 4.08753e+09
9.81112e-12 6.07402e+07 4.02581e+09
9.8553e-12 5.98137e+07 3.96507e+09
9.89969e-12 5.887e+07 3.90526e+09
9.94427e-12 5.79557e+07 3.84639e+09
9.98906e-12 5.70685e+07 3.78843e+09
1.0034e-11 5.61666e+07 3.73137e+09
1.00792e-11 5.53085e+07 3.6752e+09
1.01246e-11 5.44428e+07 3.61989e+09
1.01702e-11 5.35964e+07 3.56545e+09
1.0216e-11 5.27813e+07 3.51185e+09
1.0262e-11 5.19466e+07 3.45907e+09
1.03083e-11 5.11539e+07 3.40712e+09
1.03547e-11 5.03562e+07 3.35597e+09
1.04013e-11 4.95746e+07 3.30561e+09
1.04482e-11 4.88223e+07 3.25604e+09
1.04952e-11 4.8052e+07 3.20722e+09
1.05425e-11 4.73218e+07 3.15916e+09
1.059e-11 4.65833e+07 3.11184e+09
1.06377e-11 4.58637e+07 3.06526e+09
1.06856e-11 4.5166e+07 3.0194e+09
1.07337e-11 4.44572e+07 2.97423e+09
1.0782e-11 4.37869e+07 2.92977e+09
1.08306e-11 4.30998e+07 2.88599e+09
1.08794e-11 4.24395e+07 2.84289e+09
1.09284e-11 4.17894e+07 2.80045e+09
1.09776e-11 4.11393e+07 2.75866e+09
1.1027e-11 4.05238e+07 2.71752e+09
1.10767e-11 3.98839e+07 2.67699e+09
1.11266e-11 3.92804e+07 2.63711e+09
1.11767e-11 3.86715e+07 2.59783e+09
1.1227e-11 3.80776e+07 2.55916e+09
1.12776e-11 3.75002e+07 2.52108e+09
1.13284e-11 3.6916e+07 2.48358e+09
1.13794e-11 3.63667e+07 2.44666e+09
1.14307e-11 3.57936e+07 2.4103e+09
1.14821e-11 3.52534e+07 2.3745e+09
1.15338e-11 3.4709e+07 2.33925e+09
1.15858e-11 3.41779e+07 2.30454e+09
1.1638e-11 3.36603e+07 2.27036e+09
1.16904e-11 3.31385e+07 2.2367e+09
1.1743e-11 3.26462e+07 2.20357e+09
1.17959e-11 3.21337e+07 2.17092e+09
1.1849e-11 3.16534e+07 2.13879e+09
1.19024e-11 3.1162e+07 2.10713e+09
1.1956e-11 3.06904e+07 2.07597e+09
1.20099e-11 3.02221e+07 2.04528e+09
1.2064e-11 2.97593e+07 2.01506e+09
1.21183e-11 2.93128e+07 1.9853e+09
1.21729e-11 2.88587e+07 1.95599e+09
1.22277e-11 2.84327e+07 1.92713e+09
1.22828e-11 2.79874e+07 1.89869e+09
1.23381e-11 2.75721e+07 1.87071e+09
1.23936e-11 2.71443e+07 1.84313e+09
1.24495e-11 2.67373e+07 1.81599e+09
1.25055e-11 2.63283e+07 1.78925e+09
1.25618e-11 2.59294e+07 1.76292e+09
1.26184e-11 2.55383e+07 1.73699e+09
1.26753e-11 2.51477e+07 1.71146e+09
1.27323e-11 2.47733e+07 1.68631e+09
1.27897e-11 2.43909e+07 1.66154e+09
1.28473e-11 2.40324e+07 1.63714e+09
1.29051e-11 2.36583e+07 1.61311e+09
1.29633e-11 2.33116e+07 1.58945e+09
1.30216e-11 2.29489e+07 1.56614e+09
1.30803e-11 2.26099e+07 1.54319e+09
1.31392e-11 2.22618e+07 1.52058e+09
1.31984e-11 2.19305e+07 1.49832e+09
1.32578e-11 2.15962e+07 1.47639e+09
1.33175e-11 2.12726e+07 1.4548e+09
1.33775e-11 2.09513e+07 1.43352e+09
1.34378e-11 2.06354e+07 1.41257e+09
1.34983e-11 2.03265e+07 1.39194e+09
1.35591e-11 2.00182e+07 1.37161e+09
1.36201e-11 1.97211e+07 1.35159e+09
1.36815e-11 1.94203e+07 1.33187e+09
1.37431e-11 1.91342e+07 1.31245e+09
1.3805e-11 1.88411e+07 1.29332e+09
1.38672e-11 1.85654e+07 1.27447e+09
1.39296e-11 1.82798e+07 1.25591e+09
1.39923e-11 1.8014e+07 1.23763e+09
1.40554e-11 1.77358e+07 1.21962e+09
1.41187e-11 1.74794e+07 1.20188e+09
1.41823e-11 1.72087e+07 1.1844e+09
1.42461e-11 1.6961e+07 1.16719e+09
1.43103e-11 1.66977e+07 1.15023e+09
1.43747e-11 1.64572e+07 1.13353e+09
1.44395e-11 1.62024e+07 1.11708e+09
1.45045e-11 1.59688e+07 1.10087e+09
1.45698e-11 1.57223e+07 1.0849e+09
1.46354e-11 1.54956e+07 1.06918e+09
1.47014e-11 1.52569e+07 1.05369e+09
1.47676e-11 1.50371e+07 1.03843e+09
1.48341e-11 1.48057e+07 1.02339e+09
1.49009e-11 1.45926e+07 1.00859e+09
1.4968e-11 1.43683e+07 9.93994e+08
1.50354e-11 1.41619e+07 9.79626e+08
1.51031e-11 1.39442e+07 9.65464e+08
1.51711e-11 1.37445e+07 9.51519e+08
1.52395e-11 1.3533e+07 9.37775e+08
1.53081e-11 1.334e+07 9.24242e+08
1.5377e-11 1.31344e+07 9.10902e+08
1.54463e-11 1.29476e+07 8.97768e+08
1.55159e-11 1.27479e+07 8.8482e+08
1.55857e-11 1.25662e+07 8.72072e+08
1.56559e-11 1.23732e+07 8.59506e+08
1.57265e-11 1.21963e+07 8.47133e+08
1.57973e-11 1.20099e+07 8.34936e+08
1.58684e-11 1.18375e+07 8.22926e+08
1.59399e-11 1.16577e+07 8.11089e+08
1.60117e-11 1.14896e+07 7.99431e+08
1.60838e-11 1.13163e+07 7.87942e+08
1.61562e-11 1.11523e+07 7.76625e+08
1.6229e-11 1.09854e+07 7.65473e+08
1.63021e-11 1.08252e+07 7.54488e+08
1.63755e-11 1.06647e+07 7.43662e+08
1.64493e-11 1.0508e+07 7.32998e+08
1.65233e-11 1.03538e+07 7.2249e+08
1.65978e-11 1.02005e+07 7.12136e+08
1.66725e-11 1.00525e+07 7.01935e+08
1.67476e-11 9.90243e+06 6.91883e+08
1.6823e-11 9.76056e+06 6.8198e+08
1.68988e-11 9.61349e+06 6.7222e+08
1.69749e-11 9.47769e+06 6.62606e+08
1.70513e-11 9.33346e+06 6.53129e+08
1.71281e-11 9.20242e+06 6.43795e+08
1.72053e-11 9.06208e+06 6.34593e+08
1.72828e-11 8.93343e+06 6.25531e+08
1.73606e-11 8.79913e+06 6.16597e+08
1.74388e-11 8.67271e+06 6.07798e+08
1.75173e-11 8.54438e+06 5.99126e+08
1.75962e-11 8.42005e+06 5.90581e+08
1.76755e-11 8.29763e+06 5.82161e+08
1.77551e-11 8.17525e+06 5.73863e+08
1.7835e-11 8.05865e+06 5.65688e+08
1.79154e-11 7.93809e+06 5.5763e+08
1.7996e-11 7.82726e+06 5.49691e+08
1.80771e-11 7.70839e+06 5.41864e+08
1.81585e-11 7.60039e+06 5.34156e+08
1.82403e-11 7.48595e+06 5.26555e+08
1.83224e-11 7.37934e+06 5.19069e+08
1.8405e-11 7.27061e+06 5.1169e+08
1.84878e-11 7.16527e+06 5.0442e+08
1.85711e-11 7.06217e+06 4.97254e+08
1.86547e-11 6.95801e+06 4.90192e+08
1.87388e-11 6.86047e+06 4.83234e+08
1.88232e-11 6.75738e+06 4.76374e+08
1.89079e-11 6.66374e+06 4.69616e+08
1.89931e-11 6.56324e+06 4.62952e+08
1.90786e-11 6.47044e+06 4.56389e+08
1.91646e-11 6.37541e+06 4.49919e+08
1.92509e-11 6.28338e+06 4.43543e+08
1.93376e-11 6.19377e+06 4.3726e+08
1.94247e-11 6.10241e+06 4.31066e+08
1.95121e-11 6.01815e+06 4.24964e+08
1.96e-11 5.92738e+06 4.18946e+08
1.96883e-11 5.84492e+06 4.13018e+08
1.9777e-11 5.75817e+06 4.07173e+08
1.9866e-11 5.67613e+06 4.01415e+08
1.99555e-11 5.59464e+06 3.95739e+08
2.00454e-11 5.51295e+06 3.90144e+08
2.01357e-11 5.43666e+06 3.84632e+08
2.02263e-11 5.35526e+06 3.79195e+08
2.03174e-11 5.2813e+06 3.7384e+08
2.04089e-11 5.20292e+06 3.68558e+08
2.05008e-11 5.12912e+06 3.63355e+08
2.05932e-11 5.05583e+06 3.58226e+08
2.06859e-11 4.98212e+06 3.5317e+08
2.07791e-11 4.91387e+06 3.48188e+08
2.08727e-11 4.84019e+06 3.43274e+08
2.09667e-11 4.77324e+06 3.38434e+08
2.10611e-11 4.70322e+06 3.33661e+08
2.1156e-11 4.6362e+06 3.28958e+08
2.12512e-11 4.5711e+06 3.24322e+08
2.13469e-11 4.50396e+06 3.1975e+08
2.14431e-11 4.44297e+06 3.15247e+08
2.15397e-11 4.37642e+06 3.10804e+08
2.16367e-11 4.31522e+06 3.06427e+08
2.17341e-11 4.25349e+06 3.02112e+08
2.1832e-11 4.19203e+06 2.97858e+08
2.19303e-11 4.13508e+06 2.93666e+08
2.20291e-11 4.07331e+06 2.89531e+08
2.21283e-11 4.01719e+06 2.85458e+08
2.2228e-11 3.95896e+06 2.81441e+08
2.23281e-11 3.90247e+06 2.77482e+08
2.24286e-11 3.84891e+06 2.73579e+08
2.25296e-11 3.792e+06 2.6973e+08
2.26311e-11 3.7403e+06 2.65938e+08
2.2733e-11 3.6857e+06 2.62198e+08
2.28354e-11 3.63353e+06 2.58512e+08
2.29383e-11 3.58348e+06 2.54879e+08
2.30416e-11 3.5308e+06 2.51295e+08
2.31453e-11 3.48295e+06 2.47765e+08
2.32496e-11 3.43205e+06 2.44282e+08
2.33543e-11 3.38365e+06 2.4085e+08
2.34595e-11 3.3372e+06 2.37466e+08
2.35651e-11 3.2882e+06 2.34129e+08
2.36713e-11 3.2437e+06 2.30841e+08
2.37779e-11 3.19655e+06 2.27597e+08
2.3885e-11 3.15143e+06 2.244e+08
2.39925e-11 3.10863e+06 2.21249e+08
2.41006e-11 3.06285e+06 2.1814e+08
2.42091e-11 3.02126e+06 2.15077e+08
2.43182e-11 2.97788e+06 2.12056e+08
2.44277e-11 2.93562e+06 2.09078e+08
2.45377e-11 2.89649e+06 2.06143e+08
2.46482e-11 2.8535e+06 2.03246e+08
2.47592e-11 2.81444e+06 2.00393e+08
2.48707e-11 2.77486e+06 1.97578e+08
2.49827e-11 2.73507e+06 1.94803e+08
2.50952e-11 2.69894e+06 1.92068e+08
2.52083e-11 2.65907e+06 1.89369e+08
2.53218e-11 2.6222e+06 1.8671e+08
2.54358e-11 2.5864e+06 1.84088e+08
2.55504e-11 2.54875e+06 1.81502e+08
2.56655e-11 2.51455e+06 1.78953e+08
2.57811e-11 2.47854e+06 1.76438e+08
2.58972e-11 2.44355e+06 1.7396e+08
2.60138e-11 2.41154e+06 1.71516e+08
2.6131e-11 2.37572e+06 1.69105e+08
2.62486e-11 2.34318e+06 1.66729e+08
2.63669e-11 2.31101e+06 1.64386e+08
2.64856e-11 2.27764e+06 1.62075e+08
2.66049e-11 2.24733e+06 1.59797e+08
2.67247e-11 2.21514e+06 1.5755e+08
2.68451e-11 2.18401e+06 1.55335e+08
2.6966e-11 2.15565e+06 1.53151e+08
2.70874e-11 2.12365e+06 1.50995e+08
2.72094e-11 2.09458e+06 1.48871e+08
2.7332e-11 2.06622e+06 1.46777e+08
2.74551e-11 2.03629e+06 1.44711e+08
2.75787e-11 2.0091e+06 1.42674e+08
2.77029e-11 1.98086e+06 1.40665e+08
2.78277e-11 1.95282e+06 1.38684e+08
2.7953e-11 1.92736e+06 1.36732e+08
2.80789e-11 1.89933e+06 1.34804e+08
2.82054e-11 1.87302e+06 1.32905e+08
2.83324e-11 1.84861e+06 1.31032e+08
2.846e-11 1.82141e+06 1.29183e+08
2.85882e-11 1.7967e+06 1.27362e+08
2.87169e-11 1.7725e+06 1.25565e+08
2.88462e-11 1.74691e+06 1.23793e+08
2.89762e-11 1.72367e+06 1.22046e+08
2.91067e-11 1.69976e+06 1.20322e+08
2.92377e-11 1.67565e+06 1.18622e+08
2.93694e-11 1.65376e+06 1.16947e+08
2.95017e-11 1.63021e+06 1.15293e+08
2.96346e-11 1.60746e+06 1.13663e+08
2.9768e-11 1.5868e+06 1.12055e+08
2.99021e-11 1.56368e+06 1.10468e+08
3.00368e-11 1.54217e+06 1.08905e+08
3.0172e-11 1.52241e+06 1.07363e+08
3.03079e-11 1.50001e+06 1.0584e+08
3.04444e-11 1.47966e+06 1.0434e+08
3.05815e-11 1.4603e+06 1.02861e+08
3.07193e-11 1.43907e+06 1.014e+08
3.08576e-11 1.41978e+06 9.99612e+07
3.09966e-11 1.40088e+06 9.85414e+07
3.11362e-11 1.38071e+06 9.71405e+07
3.12764e-11 1.3624e+06 9.57598e+07
3.14173e-11 1.344e+06 9.43974e+07
3.15588e-11 1.32482e+06 9.30534e+07
3.17009e-11 1.3074e+06 9.17286e+07
3.18437e-11 1.28955e+06 9.04212e+07
3.19871e-11 1.27128e+06 8.91316e+07
3.21312e-11 1.25469e+06 8.78604e+07
3.22759e-11 1.23741e+06 8.66057e+07
3.24212e-11 1.21997e+06 8.53683e+07
3.25672e-11 1.20415e+06 8.41483e+07
3.27139e-11 1.18747e+06 8.29442e+07
3.28612e-11 1.17081e+06 8.17567e+07
3.30092e-11 1.15569e+06 8.05859e+07
3.31579e-11 1.13964e+06 7.94302e+07
3.33072e-11 1.12369e+06 7.82905e+07
3.34573e-11 1.10921e+06 7.71669e+07
3.36079e-11 1.09382e+06 7.60576e+07
3.37593e-11 1.07853e+06 7.49638e+07
3.39113e-11 1.06464e+06 7.38853e+07
3.40641e-11 1.04993e+06 7.28206e+07
3.42175e-11 1.03524e+06 7.17707e+07
3.43716e-11 1.0219e+06 7.07355e+07
3.45264e-11 1.00788e+06 6.97136e+07
3.46819e-11 993738 6.87057e+07
3.48381e-11 980900 6.7712e+07
3.4995e-11 967595 6.67311e+07
3.51526e-11 953960 6.57635e+07
3.53109e-11 941582 6.48095e+07
3.54699e-11 929002 6.38679e+07
3.56297e-11 915833 6.29389e+07
3.57901e-11 903876 6.20231e+07
3.59513e-11 892034 6.11192e+07
3.61132e-11 879291 6.02272e+07
3.62759e-11 867720 5.93479e+07
3.64393e-11 856626 5.84802e+07
3.66034e-11 844273 5.76235e+07
3.67682e-11 833054 5.67793e+07
3.69338e-11 822718 5.59462e+07
3.71002e-11 810721 5.51235e+07
3.72672e-11 799823 5.43128e+07
3.74351e-11 789938 5.35129e+07
3.76037e-11 778580 5.2723e+07
3.7773e-11 767974 5.19444e+07
3.79432e-11 758350 5.11765e+07
3.8114e-11 747798 5.04181e+07
3.82857e-11 737456 4.96703e+07
3.84581e-11 728070 4.89329e+07
3.86313e-11 718327 4.82048e+07
3.88053e-11 708223 4.74865e+07
3.89801e-11 699049 4.67782e+07
3.91556e-11 690121 4.60792e+07
3.9332e-11 680229 4.53891e+07
3.95091e-11 671247 4.47088e+07
3.96871e-11 663102 4.40376e+07
3.98658e-11 653434 4.33745e+07
4.00453e-11 644621 4.27211e+07
4.02257e-11 636626 4.20764e+07
4.04069e-11 627796 4.14398e+07
4.05888e-11 619132 4.0812e+07
4.07716e-11 611269 4.01929e+07
4.09553e-11 603278 3.95816e+07
4.11397e-11 594743 3.89783e+07
4.1325e-11 586995 3.83836e+07
4.15111e-11 579844 3.77966e+07
4.16981e-11 571421 3.72167e+07
4.18859e-11 563769 3.66453e+07
4.20745e-11 556830 3.60816e+07
4.2264e-11 549131 3.55247e+07
4.24543e-11 541561 3.49756e+07
4.26455e-11 534690 3.4434e+07
4.28376e-11 527844 3.38993e+07
4.30305e-11 520338 3.33715e+07
4.32243e-11 513523 3.28512e+07
4.3419e-11 507344 3.23376e+07
4.36146e-11 500073 3.18303e+07
4.3811e-11 493298 3.13302e+07
4.40083e-11 487152 3.08369e+07
4.42065e-11 480737 3.03498e+07
4.44056e-11 473990 2.9869e+07
4.46056e-11 467865 2.9395e+07
4.48065e-11 462307 2.89272e+07
4.50083e-11 455573 2.84649e+07
4.5211e-11 449456 2.80093e+07
4.54146e-11 443908 2.75598e+07
4.56191e-11 438023 2.71159e+07
4.58246e-11 431902 2.66779e+07
4.6031e-11 426346 2.6246e+07
4.62383e-11 421310 2.58197e+07
4.64465e-11 415182 2.53984e+07
4.66557e-11 409606 2.49832e+07
4.68658e-11 404549 2.45736e+07
4.70769e-11 399274 2.4169e+07
4.72889e-11 393667 2.37697e+07
4.75019e-11 388578 2.33761e+07
4.77158e-11 383965 2.29875e+07
4.79307e-11 378511 2.26035e+07
4.81466e-11 373379 2.2225e+07
4.83634e-11 368724 2.18516e+07
4.85812e-11 364119 2.14829e+07
4.88e-11 358934 2.11188e+07
4.90198e-11 354226 2.07599e+07
4.92406e-11 349958 2.04056e+07
4.94623e-11 345227 2.00557e+07
4.96851e-11 340456 1.97105e+07
4.99089e-11 336127 1.937e+07
5.01336e-11 332204 1.90339e+07
5.03594e-11 327398 1.87017e+07
5.05862e-11 322999 1.83743e+07
5.08141e-11 319008 1.80513e+07
5.10429e-11 315038 1.77323e+07
5.12728e-11 310558 1.74172e+07
5.15037e-11 306491 1.71067e+07
5.17357e-11 302803 1.68002e+07
5.19687e-11 298794 1.64974e+07
5.22027e-11 294640 1.61986e+07
5.24378e-11 290869 1.59039e+07
5.2674e-11 287452 1.56131e+07
5.29112e-11 283443 1.53256e+07
5.31495e-11 279581 1.50422e+07
5.33889e-11 276076 1.47626e+07
5.36293e-11 272890 1.44865e+07
5.38709e-11 268926 1.42136e+07
5.41135e-11 265326 1.39447e+07
5.43572e-11 262060 1.36794e+07
5.4602e-11 258897 1.34173e+07
5.48479e-11 255191 1.31584e+07
5.50949e-11 251825 1.29032e+07
5.53431e-11 248773 1.26514e+07
5.55923e-11 245663 1.24026e+07
5.58427e-11 242188 1.2157e+07
5.60942e-11 239032 1.19148e+07
5.63468e-11 236172 1.16758e+07
5.66006e-11 233141 1.14396e+07
5.68555e-11 229873 1.12064e+07
5.71116e-11 226906 1.09766e+07
5.73688e-11 224217 1.07497e+07
5.76272e-11 221288 1.05254e+07
5.78867e-11 218206 1.03042e+07
5.81474e-11 215409 1.00859e+07
5.84093e-11 212873 9.87054e+06
5.86723e-11 210066 9.65766e+06
5.89366e-11 207151 9.4476e+06
5.9202e-11 204505 9.24045e+06
5.94686e-11 202107 9.03594e+06
5.97365e-11 199439 8.83384e+06
6.00055e-11 196673 8.6344e+06
6.02758e-11 194162 8.43772e+06
6.05472e-11 191887 8.24356e+06
6.08199e-11 189375 8.05167e+06
6.10938e-11 186742 7.8623e+06
6.1369e-11 184352 7.67556e+06
6.16454e-11 182187 7.49121e+06
6.1923e-11 179843 7.30902e+06
6.22019e-11 177329 7.12918e+06
6.2482e-11 175047 6.95185e+06
6.27634e-11 172979 6.7768e+06
6.30461e-11 170816 6.60382e+06
6.333e-11 168408 6.43301e+06
6.36152e-11 166222 6.2646e+06
6.39017e-11 164240 6.09838e+06
6.41895e-11 162269 5.93414e+06
6.44786e-11 159955 5.77187e+06
6.4769e-11 157854 5.61191e+06
6.50607e-11 155949 5.45406e+06
6.53537e-11 154178 5.29811e+06
6.56481e-11 151947 5.14393e+06
6.59437e-11 149921 4.99198e+06
6.62407e-11 148083 4.84206e+06
6.65391e-11 146419 4.69398e+06
6.68387e-11 144365 4.54756e+06
6.71398e-11 142404 4.4032e+06
6.74421e-11 140625 4.26079e+06
6.77459e-11 139014 4.12017e+06
6.8051e-11 137188 3.98115e+06
6.83575e-11 135284 3.84396e+06
6.86653e-11 133557 3.70868e+06
6.89746e-11 131991 3.57512e+06
6.92852e-11 130400 3.44313e+06
6.95973e-11 128545 3.31273e+06
6.99107e-11 126861 3.18419e+06
7.02256e-11 125334 3.05733e+06
7.05418e-11 123952 2.93199e+06
7.08595e-11 122171 2.80804e+06
7.11787e-11 120523 2.68587e+06
7.14992e-11 119029 2.56535e+06
7.18212e-11 117676 2.44632e+06
7.21447e-11 116146 2.32864e+06
7.24696e-11 114529 2.21249e+06
7.2796e-11 113062 2.09797e+06
7.31239e-11 111732 1.9849e+06
7.34532e-11 110459 1.87317e+06
7.3784e-11 108866 1.76271e+06
7.41163e-11 107419 1.65385e+06
7.44501e-11 106107 1.54643e+06
7.47854e-11 104920 1.44032e+06
7.51222e-11 103521 1.3354e+06
7.54605e-11 102090 1.23188e+06
7.58004e-11 100791 1.12979e+06
7.61418e-11 99614.8 1.029e+06
7.64847e-11 98483.2 929383
7.68292e-11 97062.8 830900
7.71752e-11 95772.8 733837
7.75228e-11 94602.8 638064
7.78719e-11 93543.6 543462
7.82226e-11 92327.6 449918
7.85749e-11 91041.4 357590
7.89288e-11 89874 266549
7.92842e-11 88816 176675
7.96413e-11 87858.9 87858.9
