1e-14 0 1.3414e-24
1.0045e-14 0 1.3414e-24
1.00903e-14 0 1.3414e-24
1.01357e-14 0 1.3414e-24
1.01814e-14 0 1.3414e-24
1.02272e-14 0 1.3414e-24
1.02733e-14 0 1.3414e-24
1.03196e-14 0 1.3414e-24
1.0366e-14 0 1.3414e-24
1.04127e-14 0 1.3414e-24
1.04596e-14 0 1.3414e-24
1.05067e-14 0 1.3414e-24
1.0554e-14 0 1.3414e-24
1.06016e-14 0 1.3414e-24
1.06493e-14 2.27389e-42 1.3414e-24
1.06973e-14 1.06844e-41 1.3414e-24
1.07455e-14 1.34665e-41 1.3414e-24
1.07938e-14 1.74461e-41 1.3414e-24
1.08425e-14 2.31372e-41 1.3414e-24
1.08913e-14 3.35202e-41 1.3414e-24
1.09403e-14 5.10401e-41 1.3414e-24
1.09896e-14 6.60092e-41 1.3414e-24
1.10391e-14 9.88659e-41 1.3414e-24
1.10888e-14 1.24719e-40 1.3414e-24
1.11388e-14 1.43819e-40 1.3414e-24
1.11889e-14 1.77475e-40 1.3414e-24
1.12393e-14 2.06124e-40 1.3414e-24
1.12899e-14 2.35351e-40 1.3414e-24
1.13408e-14 2.65073e-40 1.3414e-24
1.13919e-14 3.01318e-40 1.3414e-24
1.14432e-14 3.22461e-40 1.3414e-24
1.14947e-14 3.54679e-40 1.3414e-24
1.15465e-14 3.79538e-40 1.3414e-24
1.15985e-14 4.11348e-40 1.3414e-24
1.16507e-14 4.39294e-40 1.3414e-24
1.17032e-14 4.74088e-40 1.3414e-24
1.17559e-14 5.02941e-40 1.3414e-24
1.18088e-14 5.31337e-40 1.3414e-24
1.1862e-14 5.76916e-40 1.3414e-24
1.19154e-14 6.17317e-40 1.3414e-24
1.19691e-14 6.60098e-40 1.3414e-24
1.2023e-14 7.07501e-40 1.3414e-24
1.20772e-14 7.73818e-40 1.3414e-24
1.21316e-14 8.32713e-40 1.3414e-24
1.21862e-14 9.01862e-40 1.3414e-24
1.22411e-14 9.68231e-40 1.3414e-24
1.22962e-14 1.02296e-39 1.3414e-24
1.23516e-14 1.10352e-39 1.3414e-24
1.24072e-14 1.18499e-39 1.3414e-24
1.24631e-14 1.25964e-39 1.3414e-24
1.25192e-14 1.3553e-39 1.3414e-24
1.25756e-14 1.42579e-39 1.3414e-24
1.26322e-14 1.52901e-39 1.3414e-24
1.26891e-14 1.64273e-39 1.3414e-24
1.27463e-14 1.74276e-39 1.3414e-24
1.28037e-14 1.84576e-39 1.3414e-24
1.28613e-14 1.96045e-39 1.3414e-24
1.29193e-14 2.0981e-39 1.3414e-24
1.29775e-14 2.22817e-39 1.3414e-24
1.30359e-14 2.373e-39 1.3414e-24
1.30946e-14 2.52173e-39 1.3414e-24
1.31536e-14 2.69495e-39 1.3414e-24
1.32128e-14 2.87111e-39 1.3414e-24
1.32723e-14 3.0595e-39 1.3414e-24
1.33321e-14 3.25406e-39 1.3414e-24
1.33922e-14 3.42647e-39 1.3414e-24
1.34525e-14 3.62448e-39 1.3414e-24
1.35131e-14 3.85121e-39 1.3414e-24
1.35739e-14 4.06046e-39 1.3414e-24
1.3635e-14 4.30118e-39 1.3414e-24
1.36965e-14 4.54528e-39 1.3414e-24
1.37581e-14 4.8058e-39 1.3414e-24
1.38201e-14 5.07598e-39 1.3414e-24
1.38823e-14 5.36074e-39 1.3414e-24
1.39449e-14 5.65802e-39 1.3414e-24
1.40077e-14 5.97592e-39 1.3414e-24
1.40708e-14 6.30049e-39 1.3414e-24
1.41341e-14 6.65471e-39 1.3414e-24
1.41978e-14 7.01075e-39 1.3414e-24
1.42617e-14 7.38596e-39 1.3414e-24
1.4326e-14 7.82954e-39 1.3414e-24
1.43905e-14 8.27939e-39 1.3414e-24
1.44553e-14 8.76547e-39 1.3414e-24
1.45204e-14 9.2606e-39 1.3414e-24
1.45858e-14 9.7593e-39 1.3414e-24
1.46515e-14 1.03006e-38 1.3414e-24
1.47175e-14 1.08986e-38 1.3414e-24
1.47837e-14 1.14931e-38 1.3414e-24
1.48503e-14 1.212e-38 1.3414e-24
1.49172e-14 1.27788e-38 1.3414e-24
1.49844e-14 1.34544e-38 1.3414e-24
1.50519e-14 1.41964e-38 1.3414e-24
1.51197e-14 1.49631e-38 1.3414e-24
1.51878e-14 1.57696e-38 1.3414e-24
1.52562e-14 1.66399e-38 1.3414e-24
1.53249e-14 1.75458e-38 1.3414e-24
1.53939e-14 1.85154e-38 1.3414e-24
1.54632e-14 1.95264e-38 1.3414e-24
1.55329e-14 2.05524e-38 1.3414e-24
1.56028e-14 2.16435e-38 1.3414e-24
1.56731e-14 2.28134e-38 1.3414e-24
1.57437e-14 2.41079e-38 1.3414e-24
1.58146e-14 2.53884e-38 1.3414e-24
1.58858e-14 2.6777e-38 1.3414e-24
1.59573e-14 2.82267e-38 1.3414e-24
1.60292e-14 2.97399e-38 1.3414e-24
1.61014e-14 3.13473e-38 1.3414e-24
1.61739e-14 3.30536e-38 1.3414e-24
1.62468e-14 3.48077e-38 1.3414e-24
1.63199e-14 3.66775e-38 1.3414e-24
1.63934e-14 3.86322e-38 1.3414e-24
1.64673e-14 4.07268e-38 1.3414e-24
1.65414e-14 4.28983e-38 1.3414e-24
1.66159e-14 4.51466e-38 1.3414e-24
1.66908e-14 4.75458e-38 1.3414e-24
1.67659e-14 5.00587e-38 1.3414e-24
1.68414e-14 5.27043e-38 1.3414e-24
1.69173e-14 5.54403e-38 1.3414e-24
1.69935e-14 5.83296e-38 1.3414e-24
1.707e-14 6.13841e-38 1.3414e-24
1.71469e-14 6.45896e-38 1.3414e-24
1.72241e-14 6.79182e-38 1.3414e-24
1.73017e-14 7.14771e-38 1.3414e-24
1.73796e-14 7.51681e-38 1.3414e-24
1.74579e-14 7.9067e-38 1.3414e-24
1.75365e-14 8.31315e-38 1.3414e-24
1.76155e-14 8.74483e-38 1.3414e-24
1.76948e-14 9.18854e-38 1.3414e-24
1.77745e-14 9.65879e-38 1.3414e-24
1.78546e-14 1.01574e-37 1.3414e-24
1.7935e-14 1.0682e-37 1.3414e-24
1.80158e-14 1.12235e-37 1.3414e-24
1.80969e-14 1.17994e-37 1.3414e-24
1.81784e-14 1.24012e-37 1.3414e-24
1.82603e-14 1.30321e-37 1.3414e-24
1.83425e-14 1.37011e-37 1.3414e-24
1.84251e-14 1.43965e-37 1.3414e-24
1.85081e-14 1.51265e-37 1.3414e-24
1.85914e-14 1.58968e-37 1.3414e-24
1.86752e-14 1.67061e-37 1.3414e-24
1.87593e-14 1.75517e-37 1.3414e-24
1.88438e-14 1.84388e-37 1.3414e-24
1.89286e-14 1.93715e-37 1.3414e-24
1.90139e-14 2.03554e-37 1.3414e-24
1.90995e-14 2.13788e-37 1.3414e-24
1.91855e-14 2.2455e-37 1.3414e-24
1.92719e-14 2.35895e-37 1.3414e-24
1.93587e-14 2.47736e-37 1.3414e-24
1.94459e-14 2.60152e-37 1.3414e-24
1.95335e-14 2.7322e-37 1.3414e-24
1.96215e-14 2.86891e-37 1.3414e-24
1.97098e-14 3.01198e-37 1.3414e-24
1.97986e-14 3.16275e-37 1.3414e-24
1.98878e-14 3.31994e-37 1.3414e-24
1.99774e-14 3.48578e-37 1.3414e-24
2.00673e-14 3.65823e-37 1.3414e-24
2.01577e-14 3.84023e-37 1.3414e-24
2.02485e-14 4.03065e-37 1.3414e-24
2.03397e-14 4.23027e-37 1.3414e-24
2.04313e-14 4.43996e-37 1.3414e-24
2.05233e-14 4.65982e-37 1.3414e-24
2.06157e-14 4.89023e-37 1.3414e-24
2.07086e-14 5.13089e-37 1.3414e-24
2.08018e-14 5.38411e-37 1.3414e-24
2.08955e-14 5.649e-37 1.3414e-24
2.09896e-14 5.9272e-37 1.3414e-24
2.10842e-14 6.21747e-37 1.3414e-24
2.11791e-14 6.52278e-37 1.3414e-24
2.12745e-14 6.84239e-37 1.3414e-24
2.13703e-14 7.17685e-37 1.3414e-24
2.14666e-14 7.52769e-37 1.3414e-24
2.15632e-14 7.89546e-37 1.3414e-24
2.16604e-14 8.28077e-37 1.3414e-24
2.17579e-14 8.68322e-37 1.3414e-24
2.18559e-14 9.10646e-37 1.3414e-24
2.19543e-14 9.54858e-37 1.3414e-24
2.20532e-14 1.00122e-36 1.3414e-24
2.21525e-14 1.04981e-36 1.3414e-24
2.22523e-14 1.10059e-36 1.3414e-24
2.23525e-14 1.15386e-36 1.3414e-24
2.24532e-14 1.2096e-36 1.3414e-24
2.25543e-14 1.26799e-36 1.3414e-24
2.26559e-14 1.32911e-36 1.3414e-24
2.27579e-14 1.39308e-36 1.3414e-24
2.28604e-14 1.46006e-36 1.3414e-24
2.29634e-14 1.53025e-36 1.3414e-24
2.30668e-14 1.6037e-36 1.3414e-24
2.31707e-14 1.6805e-36 1.3414e-24
2.3275e-14 1.76099e-36 1.3414e-24
2.33799e-14 1.84517e-36 1.3414e-24
2.34852e-14 1.93327e-36 1.3414e-24
2.35909e-14 2.02554e-36 1.3414e-24
2.36972e-14 2.12198e-36 1.3414e-24
2.38039e-14 2.22295e-36 1.3414e-24
2.39111e-14 2.32857e-36 1.3414e-24
2.40188e-14 2.43913e-36 1.3414e-24
2.4127e-14 2.55477e-36 1.3414e-24
2.42356e-14 2.67581e-36 1.3414e-24
2.43448e-14 2.80244e-36 1.3414e-24
2.44544e-14 2.93484e-36 1.3414e-24
2.45646e-14 3.07335e-36 1.3414e-24
2.46752e-14 3.21831e-36 1.3414e-24
2.47863e-14 3.36981e-36 1.3414e-24
2.4898e-14 3.52829e-36 1.3414e-24
2.50101e-14 3.69404e-36 1.3414e-24
2.51227e-14 3.86738e-36 1.3414e-24
2.52359e-14 4.04865e-36 1.3414e-24
2.53495e-14 4.23814e-36 1.3414e-24
2.54637e-14 4.43633e-36 1.3414e-24
2.55784e-14 4.64346e-36 1.3414e-24
2.56936e-14 4.85999e-36 1.3414e-24
2.58093e-14 5.08633e-36 1.3414e-24
2.59255e-14 5.32304e-36 1.3414e-24
2.60423e-14 5.57037e-36 1.3414e-24
2.61596e-14 5.82895e-36 1.3414e-24
2.62774e-14 6.09918e-36 1.3414e-24
2.63957e-14 6.38168e-36 1.3414e-24
2.65146e-14 6.67679e-36 1.3414e-24
2.6634e-14 6.98529e-36 1.3414e-24
2.6754e-14 7.30762e-36 1.3414e-24
2.68745e-14 7.64438e-36 1.3414e-24
2.69955e-14 7.99621e-36 1.3414e-24
2.71171e-14 8.3639e-36 1.3414e-24
2.72392e-14 8.74796e-36 1.3414e-24
2.73619e-14 9.14909e-36 1.3414e-24
2.74851e-14 9.5683e-36 1.3414e-24
2.76089e-14 1.00061e-35 1.3414e-24
2.77332e-14 1.04633e-35 1.3414e-24
2.78581e-14 1.09409e-35 1.3414e-24
2.79836e-14 1.14396e-35 1.3414e-24
2.81096e-14 1.19605e-35 1.3414e-24
2.82362e-14 1.25044e-35 1.3414e-24
2.83634e-14 1.30724e-35 1.3414e-24
2.84912e-14 1.36655e-35 1.3414e-24
2.86195e-14 1.42847e-35 1.3414e-24
2.87484e-14 1.49311e-35 1.3414e-24
2.88778e-14 1.5606e-35 1.3414e-24
2.90079e-14 1.63106e-35 1.3414e-24
2.91385e-14 1.70459e-35 1.3414e-24
2.92698e-14 1.78135e-35 1.3414e-24
2.94016e-14 1.86148e-35 1.3414e-24
2.9534e-14 1.94511e-35 1.3414e-24
2.9667e-14 2.03239e-35 1.3414e-24
2.98006e-14 2.12347e-35 1.3414e-24
2.99348e-14 2.21851e-35 1.3414e-24
3.00697e-14 2.31768e-35 1.3414e-24
3.02051e-14 2.42116e-35 1.3414e-24
3.03411e-14 2.52914e-35 1.3414e-24
3.04778e-14 2.64177e-35 1.3414e-24
3.0615e-14 2.75929e-35 1.3414e-24
3.07529e-14 2.88188e-35 1.3414e-24
3.08914e-14 3.00976e-35 1.3414e-24
3.10305e-14 3.14314e-35 1.3414e-24
3.11703e-14 3.28226e-35 1.3414e-24
3.13107e-14 3.42736e-35 1.3414e-24
3.14517e-14 3.57869e-35 1.3414e-24
3.15933e-14 3.7365e-35 1.3414e-24
3.17356e-14 3.90107e-35 1.3414e-24
3.18786e-14 4.07266e-35 1.3414e-24
3.20221e-14 4.25158e-35 1.3414e-24
3.21663e-14 4.43814e-35 1.3414e-24
3.23112e-14 4.63262e-35 1.3414e-24
3.24567e-14 4.83538e-35 1.3414e-24
3.26029e-14 5.04673e-35 1.3414e-24
3.27497e-14 5.26706e-35 1.3414e-24
3.28972e-14 5.49672e-35 1.3414e-24
3.30454e-14 5.73608e-35 1.3414e-24
3.31942e-14 5.98555e-35 1.3414e-24
3.33437e-14 6.24555e-35 1.3414e-24
3.34939e-14 6.51649e-35 1.3414e-24
3.36447e-14 6.79884e-35 1.3414e-24
3.37963e-14 7.09303e-35 1.3414e-24
3.39485e-14 7.39957e-35 1.3414e-24
3.41014e-14 7.71894e-35 1.3414e-24
3.42549e-14 8.05168e-35 1.3414e-24
3.44092e-14 8.39832e-35 1.3414e-24
3.45642e-14 8.75943e-35 1.3414e-24
3.47199e-14 9.13558e-35 1.3414e-24
3.48762e-14 9.52738e-35 1.3414e-24
3.50333e-14 9.93546e-35 1.3414e-24
3.51911e-14 1.03605e-34 1.3414e-24
3.53496e-14 1.08031e-34 1.3414e-24
3.55088e-14 1.12641e-34 1.3414e-24
3.56687e-14 1.1744e-34 1.3414e-24
3.58293e-14 1.22438e-34 1.3414e-24
3.59907e-14 1.27642e-34 1.3414e-24
3.61528e-14 1.33061e-34 1.3414e-24
3.63156e-14 1.38702e-34 1.3414e-24
3.64792e-14 1.44574e-34 1.3414e-24
3.66435e-14 1.50687e-34 1.3414e-24
3.68085e-14 1.57051e-34 1.3414e-24
3.69743e-14 1.63674e-34 1.3414e-24
3.71408e-14 1.70568e-34 1.3414e-24
3.73081e-14 1.77743e-34 1.3414e-24
3.74761e-14 1.8521e-34 1.3414e-24
3.76449e-14 1.9298e-34 1.3414e-24
3.78144e-14 2.01066e-34 1.3414e-24
3.79847e-14 2.0948e-34 1.3414e-24
3.81558e-14 2.18234e-34 1.3414e-24
3.83276e-14 2.27342e-34 1.3414e-24
3.85002e-14 2.36818e-34 1.3414e-24
3.86736e-14 2.46676e-34 1.3414e-24
3.88478e-14 2.56931e-34 1.3414e-24
3.90228e-14 2.67598e-34 1.3414e-24
3.91985e-14 2.78693e-34 1.3414e-24
3.93751e-14 2.90233e-34 1.3414e-24
3.95524e-14 3.02235e-34 1.3414e-24
3.97305e-14 3.14717e-34 1.3414e-24
3.99095e-14 3.27697e-34 1.3414e-24
4.00892e-14 3.41194e-34 1.3414e-24
4.02698e-14 3.55229e-34 1.3414e-24
4.04511e-14 3.69821e-34 1.3414e-24
4.06333e-14 3.84993e-34 1.3414e-24
4.08163e-14 4.00766e-34 1.3414e-24
4.10001e-14 4.17164e-34 1.3414e-24
4.11848e-14 4.34209e-34 1.3414e-24
4.13703e-14 4.51928e-34 1.3414e-24
4.15566e-14 4.70345e-34 1.3414e-24
4.17437e-14 4.89486e-34 1.3414e-24
4.19317e-14 5.0938e-34 1.3414e-24
4.21206e-14 5.30054e-34 1.3414e-24
4.23103e-14 5.51539e-34 1.3414e-24
4.25008e-14 5.73865e-34 1.3414e-24
4.26922e-14 5.97063e-34 1.3414e-24
4.28845e-14 6.21166e-34 1.3414e-24
4.30777e-14 6.46208e-34 1.3414e-24
4.32717e-14 6.72224e-34 1.3414e-24
4.34666e-14 6.99252e-34 1.3414e-24
4.36623e-14 7.27327e-34 1.3414e-24
4.3859e-14 7.56491e-34 1.3414e-24
4.40565e-14 7.86782e-34 1.3414e-24
4.42549e-14 8.18244e-34 1.3414e-24
4.44542e-14 8.50919e-34 1.3414e-24
4.46544e-14 8.84852e-34 1.3414e-24
4.48555e-14 9.20091e-34 1.3414e-24
4.50575e-14 9.56682e-34 1.3414e-24
4.52605e-14 9.94677e-34 1.3414e-24
4.54643e-14 1.03413e-33 1.3414e-24
4.56691e-14 1.07508e-33 1.3414e-24
4.58748e-14 1.11761e-33 1.3414e-24
4.60814e-14 1.16175e-33 1.3414e-24
4.62889e-14 1.20757e-33 1.3414e-24
4.64974e-14 1.25514e-33 1.3414e-24
4.67068e-14 1.3045e-33 1.3414e-24
4.69171e-14 1.35575e-33 1.3414e-24
4.71284e-14 1.40892e-33 1.3414e-24
4.73407e-14 1.46411e-33 1.3414e-24
4.75539e-14 1.52138e-33 1.3414e-24
4.77681e-14 1.58081e-33 1.3414e-24
4.79832e-14 1.64248e-33 1.3414e-24
4.81993e-14 1.70646e-33 1.3414e-24
4.84164e-14 1.77283e-33 1.3414e-24
4.86344e-14 1.8417e-33 1.3414e-24
4.88535e-14 1.91314e-33 1.3414e-24
4.90735e-14 1.98725e-33 1.3414e-24
4.92945e-14 2.06412e-33 1.3414e-24
4.95165e-14 2.14385e-33 1.3414e-24
4.97395e-14 2.22654e-33 1.3414e-24
4.99635e-14 2.3123e-33 1.3414e-24
5.01886e-14 2.40125e-33 1.3414e-24
5.04146e-14 2.49348e-33 1.3414e-24
5.06416e-14 2.58912e-33 1.3414e-24
5.08697e-14 2.68828e-33 1.3414e-24
5.10988e-14 2.7911e-33 1.3414e-24
5.13289e-14 2.8977e-33 1.3414e-24
5.15601e-14 3.00822e-33 1.3414e-24
5.17923e-14 3.12278e-33 1.3414e-24
5.20256e-14 3.24154e-33 1.3414e-24
5.22599e-14 3.36464e-33 1.3414e-24
5.24953e-14 3.49224e-33 1.3414e-24
5.27317e-14 3.62448e-33 1.3414e-24
5.29692e-14 3.76153e-33 1.3414e-24
5.32077e-14 3.90357e-33 1.3414e-24
5.34474e-14 4.05075e-33 1.3414e-24
5.36881e-14 4.20326e-33 1.3414e-24
5.39299e-14 4.36129e-33 1.3414e-24
5.41728e-14 4.52503e-33 1.3414e-24
5.44167e-14 4.69466e-33 1.3414e-24
5.46618e-14 4.8704e-33 1.3414e-24
5.4908e-14 5.05246e-33 1.3414e-24
5.51553e-14 5.24104e-33 1.3414e-24
5.54037e-14 5.43639e-33 1.3414e-24
5.56532e-14 5.63872e-33 1.3414e-24
5.59039e-14 5.84827e-33 1.3414e-24
5.61556e-14 6.0653e-33 1.3414e-24
5.64085e-14 6.29005e-33 1.3414e-24
5.66626e-14 6.52279e-33 1.3414e-24
5.69178e-14 6.76379e-33 1.3414e-24
5.71741e-14 7.01333e-33 1.3414e-24
5.74316e-14 7.27169e-33 1.3414e-24
5.76903e-14 7.53918e-33 1.3414e-24
5.79501e-14 7.8161e-33 1.3414e-24
5.82111e-14 8.10277e-33 1.3414e-24
5.84732e-14 8.39952e-33 1.3414e-24
5.87366e-14 8.70668e-33 1.3414e-24
5.90011e-14 9.02461e-33 1.3414e-24
5.92668e-14 9.35365e-33 1.3414e-24
5.95338e-14 9.69419e-33 1.3414e-24
5.98019e-14 1.00466e-32 1.3414e-24
6.00712e-14 1.04113e-32 1.3414e-24
6.03418e-14 1.07886e-32 1.3414e-24
6.06135e-14 1.11791e-32 1.3414e-24
6.08865e-14 1.15831e-32 1.3414e-24
6.11607e-14 1.2001e-32 1.3414e-24
6.14362e-14 1.24334e-32 1.3414e-24
6.17129e-14 1.28807e-32 1.3414e-24
6.19908e-14 1.33434e-32 1.3414e-24
6.227e-14 1.3822e-32 1.3414e-24
6.25504e-14 1.4317e-32 1.3414e-24
6.28321e-14 1.4829e-32 1.3414e-24
6.31151e-14 1.53585e-32 1.3414e-24
6.33994e-14 1.5906e-32 1.3414e-24
6.36849e-14 1.64723e-32 1.3414e-24
6.39717e-14 1.70578e-32 1.3414e-24
6.42598e-14 1.76632e-32 1.3414e-24
6.45492e-14 1.82891e-32 1.3414e-24
6.484e-14 1.89362e-32 1.3414e-24
6.5132e-14 1.96052e-32 1.3414e-24
6.54253e-14 2.02968e-32 1.3414e-24
6.572e-14 2.10117e-32 1.3414e-24
6.6016e-14 2.17506e-32 1.3414e-24
6.63133e-14 2.25143e-32 1.3414e-24
6.66119e-14 2.33037e-32 1.3414e-24
6.69119e-14 2.41195e-32 1.3414e-24
6.72133e-14 2.49625e-32 1.3414e-24
6.7516e-14 2.58337e-32 1.3414e-24
6.78201e-14 2.67339e-32 1.3414e-24
6.81255e-14 2.7664e-32 1.3414e-24
6.84323e-14 2.8625e-32 1.3414e-24
6.87405e-14 2.96178e-32 1.3414e-24
6.90501e-14 3.06435e-32 1.3414e-24
6.93611e-14 3.1703e-32 1.3414e-24
6.96735e-14 3.27975e-32 1.3414e-24
6.99873e-14 3.3928e-32 1.3414e-24
7.03025e-14 3.50956e-32 1.3414e-24
7.06191e-14 3.63016e-32 1.3414e-24
7.09371e-14 3.7547e-32 1.3414e-24
7.12566e-14 3.88332e-32 1.3414e-24
7.15775e-14 4.01613e-32 1.3414e-24
7.18999e-14 4.15327e-32 1.3414e-24
7.22237e-14 4.29487e-32 1.3414e-24
7.2549e-14 4.44107e-32 1.3414e-24
7.28757e-14 4.59201e-32 1.3414e-24
7.32039e-14 4.74783e-32 1.3414e-24
7.35336e-14 4.90868e-32 1.3414e-24
7.38648e-14 5.07472e-32 1.3414e-24
7.41975e-14 5.24611e-32 1.3414e-24
7.45316e-14 5.423e-32 1.3414e-24
7.48673e-14 5.60557e-32 1.3414e-24
7.52045e-14 5.79398e-32 1.3414e-24
7.55432e-14 5.98842e-32 1.3414e-24
7.58834e-14 6.18906e-32 1.3414e-24
7.62252e-14 6.39609e-32 1.3414e-24
7.65685e-14 6.6097e-32 1.3414e-24
7.69133e-14 6.8301e-32 1.3414e-24
7.72597e-14 7.05748e-32 1.3414e-24
7.76076e-14 7.29205e-32 1.3414e-24
7.79572e-14 7.53403e-32 1.3414e-24
7.83083e-14 7.78363e-32 1.3414e-24
7.86609e-14 8.04109e-32 1.3414e-24
7.90152e-14 8.30664e-32 1.3414e-24
7.93711e-14 8.58051e-32 1.3414e-24
7.97285e-14 8.86295e-32 1.3414e-24
8.00876e-14 9.15422e-32 1.3414e-24
8.04483e-14 9.45456e-32 1.3414e-24
8.08106e-14 9.76426e-32 1.3414e-24
8.11746e-14 1.00836e-31 1.3414e-24
8.15402e-14 1.04128e-31 1.3414e-24
8.19074e-14 1.07522e-31 1.3414e-24
8.22763e-14 1.11021e-31 1.3414e-24
8.26468e-14 1.14629e-31 1.34139e-24
8.3019e-14 1.18347e-31 1.34139e-24
8.33929e-14 1.22179e-31 1.34139e-24
8.37685e-14 1.26129e-31 1.34139e-24
8.41458e-14 1.302e-31 1.34139e-24
8.45247e-14 1.34396e-31 1.34139e-24
8.49054e-14 1.38719e-31 1.34139e-24
8.52878e-14 1.43174e-31 1.34139e-24
8.56719e-14 1.47765e-31 1.34139e-24
8.60578e-14 1.52495e-31 1.34139e-24
8.64453e-14 1.57368e-31 1.34139e-24
8.68347e-14 1.62389e-31 1.34139e-24
8.72257e-14 1.67561e-31 1.34139e-24
8.76186e-14 1.72889e-31 1.34139e-24
8.80132e-14 1.78377e-31 1.34139e-24
8.84096e-14 1.8403e-31 1.34139e-24
8.88077e-14 1.89852e-31 1.34139e-24
8.92077e-14 1.95849e-31 1.34139e-24
8.96095e-14 2.02024e-31 1.34139e-24
9.00131e-14 2.08384e-31 1.34139e-24
9.04184e-14 2.14932e-31 1.34139e-24
9.08257e-14 2.21675e-31 1.34139e-24
9.12347e-14 2.28618e-31 1.34139e-24
9.16456e-14 2.35766e-31 1.34139e-24
9.20584e-14 2.43124e-31 1.34139e-24
9.2473e-14 2.507e-31 1.34139e-24
9.28894e-14 2.58498e-31 1.34139e-24
9.33078e-14 2.66526e-31 1.34139e-24
9.3728e-14 2.74788e-31 1.34139e-24
9.41501e-14 2.83292e-31 1.34139e-24
9.45742e-14 2.92044e-31 1.34139e-24
9.50001e-14 3.01051e-31 1.34139e-24
9.54279e-14 3.1032e-31 1.34139e-24
9.58577e-14 3.19858e-31 1.34139e-24
9.62894e-14 3.29672e-31 1.34139e-24
9.67231e-14 3.39769e-31 1.34139e-24
9.71587e-14 3.50158e-31 1.34139e-24
9.75963e-14 3.60846e-31 1.34139e-24
9.80358e-14 3.71841e-31 1.34139e-24
9.84774e-14 3.83152e-31 1.34139e-24
9.89209e-14 3.94786e-31 1.34139e-24
9.93664e-14 4.06752e-31 1.34139e-24
9.98139e-14 4.1906e-31 1.34139e-24
1.00263e-13 4.31718e-31 1.34138e-24
1.00715e-13 4.44735e-31 1.34138e-24
1.01169e-13 4.58122e-31 1.34138e-24
1.01624e-13 4.71887e-31 1.34138e-24
1.02082e-13 4.86041e-31 1.34138e-24
1.02542e-13 5.00593e-31 1.34138e-24
1.03003e-13 5.15555e-31 1.34138e-24
1.03467e-13 5.30937e-31 1.34138e-24
1.03933e-13 5.4675e-31 1.34138e-24
1.04401e-13 5.63005e-31 1.34138e-24
1.04872e-13 5.79713e-31 1.34138e-24
1.05344e-13 5.96887e-31 1.34138e-24
1.05818e-13 6.14537e-31 1.34138e-24
1.06295e-13 6.32678e-31 1.34138e-24
1.06774e-13 6.5132e-31 1.34138e-24
1.07255e-13 6.70477e-31 1.34138e-24
1.07738e-13 6.90163e-31 1.34138e-24
1.08223e-13 7.1039e-31 1.34138e-24
1.0871e-13 7.31172e-31 1.34137e-24
1.092e-13 7.52524e-31 1.34137e-24
1.09692e-13 7.7446e-31 1.34137e-24
1.10186e-13 7.96994e-31 1.34137e-24
1.10682e-13 8.20142e-31 1.34137e-24
1.1118e-13 8.43919e-31 1.34137e-24
1.11681e-13 8.68341e-31 1.34137e-24
1.12184e-13 8.93424e-31 1.34137e-24
1.12689e-13 9.19185e-31 1.34137e-24
1.13197e-13 9.45639e-31 1.34137e-24
1.13707e-13 9.72806e-31 1.34137e-24
1.14219e-13 1.0007e-30 1.34137e-24
1.14733e-13 1.02934e-30 1.34136e-24
1.1525e-13 1.05875e-30 1.34136e-24
1.15769e-13 1.08895e-30 1.34136e-24
1.1629e-13 1.11994e-30 1.34136e-24
1.16814e-13 1.15176e-30 1.34136e-24
1.1734e-13 1.18443e-30 1.34136e-24
1.17869e-13 1.21796e-30 1.34136e-24
1.18399e-13 1.25237e-30 1.34136e-24
1.18933e-13 1.28769e-30 1.34136e-24
1.19468e-13 1.32394e-30 1.34135e-24
1.20006e-13 1.36114e-30 1.34135e-24
1.20547e-13 1.39931e-30 1.34135e-24
1.2109e-13 1.43848e-30 1.34135e-24
1.21635e-13 1.47867e-30 1.34135e-24
1.22183e-13 1.51991e-30 1.34135e-24
1.22733e-13 1.56222e-30 1.34135e-24
1.23286e-13 1.60562e-30 1.34134e-24
1.23841e-13 1.65014e-30 1.34134e-24
1.24399e-13 1.69582e-30 1.34134e-24
1.24959e-13 1.74266e-30 1.34134e-24
1.25522e-13 1.79071e-30 1.34134e-24
1.26087e-13 1.84e-30 1.34134e-24
1.26655e-13 1.89054e-30 1.34133e-24
1.27226e-13 1.94237e-30 1.34133e-24
1.27799e-13 1.99552e-30 1.34133e-24
1.28374e-13 2.05002e-30 1.34133e-24
1.28952e-13 2.1059e-30 1.34133e-24
1.29533e-13 2.1632e-30 1.34132e-24
1.30116e-13 2.22194e-30 1.34132e-24
1.30702e-13 2.28215e-30 1.34132e-24
1.31291e-13 2.34389e-30 1.34132e-24
1.31882e-13 2.40717e-30 1.34131e-24
1.32476e-13 2.47203e-30 1.34131e-24
1.33073e-13 2.53851e-30 1.34131e-24
1.33672e-13 2.60664e-30 1.34131e-24
1.34274e-13 2.67647e-30 1.3413e-24
1.34879e-13 2.74803e-30 1.3413e-24
1.35487e-13 2.82136e-30 1.3413e-24
1.36097e-13 2.8965e-30 1.3413e-24
1.3671e-13 2.97349e-30 1.34129e-24
1.37325e-13 3.05237e-30 1.34129e-24
1.37944e-13 3.13318e-30 1.34129e-24
1.38565e-13 3.21597e-30 1.34128e-24
1.39189e-13 3.30078e-30 1.34128e-24
1.39816e-13 3.38765e-30 1.34128e-24
1.40446e-13 3.47663e-30 1.34127e-24
1.41078e-13 3.56777e-30 1.34127e-24
1.41714e-13 3.66112e-30 1.34127e-24
1.42352e-13 3.75671e-30 1.34126e-24
1.42993e-13 3.8546e-30 1.34126e-24
1.43637e-13 3.95485e-30 1.34126e-24
1.44284e-13 4.05749e-30 1.34125e-24
1.44934e-13 4.16259e-30 1.34125e-24
1.45586e-13 4.2702e-30 1.34124e-24
1.46242e-13 4.38036e-30 1.34124e-24
1.46901e-13 4.49314e-30 1.34124e-24
1.47562e-13 4.60859e-30 1.34123e-24
1.48227e-13 4.72677e-30 1.34123e-24
1.48894e-13 4.84773e-30 1.34122e-24
1.49565e-13 4.97153e-30 1.34122e-24
1.50239e-13 5.09824e-30 1.34121e-24
1.50915e-13 5.22791e-30 1.34121e-24
1.51595e-13 5.36061e-30 1.3412e-24
1.52278e-13 5.4964e-30 1.3412e-24
1.52963e-13 5.63534e-30 1.34119e-24
1.53652e-13 5.7775e-30 1.34118e-24
1.54344e-13 5.92295e-30 1.34118e-24
1.5504e-13 6.07176e-30 1.34117e-24
1.55738e-13 6.22398e-30 1.34117e-24
1.56439e-13 6.37971e-30 1.34116e-24
1.57144e-13 6.53899e-30 1.34115e-24
1.57851e-13 6.70192e-30 1.34115e-24
1.58562e-13 6.86856e-30 1.34114e-24
1.59277e-13 7.03898e-30 1.34113e-24
1.59994e-13 7.21327e-30 1.34113e-24
1.60714e-13 7.3915e-30 1.34112e-24
1.61438e-13 7.57376e-30 1.34111e-24
1.62165e-13 7.76011e-30 1.3411e-24
1.62896e-13 7.95065e-30 1.3411e-24
1.63629e-13 8.14546e-30 1.34109e-24
1.64366e-13 8.34461e-30 1.34108e-24
1.65106e-13 8.54821e-30 1.34107e-24
1.6585e-13 8.75633e-30 1.34106e-24
1.66597e-13 8.96907e-30 1.34106e-24
1.67347e-13 9.18651e-30 1.34105e-24
1.68101e-13 9.40875e-30 1.34104e-24
1.68858e-13 9.63588e-30 1.34103e-24
1.69619e-13 9.86799e-30 1.34102e-24
1.70382e-13 1.01052e-29 1.34101e-24
1.7115e-13 1.03476e-29 1.341e-24
1.71921e-13 1.05952e-29 1.34099e-24
1.72695e-13 1.08483e-29 1.34098e-24
1.73473e-13 1.11068e-29 1.34097e-24
1.74254e-13 1.13709e-29 1.34096e-24
1.75039e-13 1.16407e-29 1.34094e-24
1.75827e-13 1.19163e-29 1.34093e-24
1.76619e-13 1.21978e-29 1.34092e-24
1.77414e-13 1.24854e-29 1.34091e-24
1.78213e-13 1.2779e-29 1.3409e-24
1.79016e-13 1.3079e-29 1.34088e-24
1.79822e-13 1.33852e-29 1.34087e-24
1.80632e-13 1.3698e-29 1.34086e-24
1.81446e-13 1.40174e-29 1.34084e-24
1.82263e-13 1.43435e-29 1.34083e-24
1.83084e-13 1.46765e-29 1.34081e-24
1.83908e-13 1.50164e-29 1.3408e-24
1.84736e-13 1.53634e-29 1.34078e-24
1.85568e-13 1.57177e-29 1.34077e-24
1.86404e-13 1.60793e-29 1.34075e-24
1.87244e-13 1.64484e-29 1.34074e-24
1.88087e-13 1.68251e-29 1.34072e-24
1.88934e-13 1.72097e-29 1.3407e-24
1.89785e-13 1.76021e-29 1.34069e-24
1.9064e-13 1.80025e-29 1.34067e-24
1.91498e-13 1.84112e-29 1.34065e-24
1.92361e-13 1.88282e-29 1.34063e-24
1.93227e-13 1.92536e-29 1.34061e-24
1.94097e-13 1.96877e-29 1.3406e-24
1.94972e-13 2.01306e-29 1.34058e-24
1.9585e-13 2.05823e-29 1.34056e-24
1.96732e-13 2.10432e-29 1.34053e-24
1.97618e-13 2.15133e-29 1.34051e-24
1.98508e-13 2.19929e-29 1.34049e-24
1.99402e-13 2.24819e-29 1.34047e-24
2.003e-13 2.29808e-29 1.34045e-24
2.01202e-13 2.34895e-29 1.34042e-24
2.02108e-13 2.40082e-29 1.3404e-24
2.03018e-13 2.45372e-29 1.34038e-24
2.03933e-13 2.50766e-29 1.34035e-24
2.04851e-13 2.56266e-29 1.34033e-24
2.05774e-13 2.61873e-29 1.3403e-24
2.067e-13 2.67589e-29 1.34028e-24
2.07631e-13 2.73417e-29 1.34025e-24
2.08566e-13 2.79358e-29 1.34022e-24
2.09506e-13 2.85413e-29 1.34019e-24
2.10449e-13 2.91585e-29 1.34017e-24
2.11397e-13 2.97876e-29 1.34014e-24
2.12349e-13 3.04287e-29 1.34011e-24
2.13306e-13 3.10821e-29 1.34008e-24
2.14266e-13 3.17479e-29 1.34004e-24
2.15231e-13 3.24263e-29 1.34001e-24
2.16201e-13 3.31177e-29 1.33998e-24
2.17174e-13 3.3822e-29 1.33995e-24
2.18152e-13 3.45396e-29 1.33991e-24
2.19135e-13 3.52707e-29 1.33988e-24
2.20122e-13 3.60155e-29 1.33984e-24
2.21113e-13 3.67741e-29 1.33981e-24
2.22109e-13 3.75469e-29 1.33977e-24
2.23109e-13 3.8334e-29 1.33973e-24
2.24114e-13 3.91357e-29 1.3397e-24
2.25123e-13 3.99521e-29 1.33966e-24
2.26137e-13 4.07835e-29 1.33962e-24
2.27156e-13 4.16302e-29 1.33958e-24
2.28179e-13 4.24923e-29 1.33953e-24
2.29206e-13 4.33701e-29 1.33949e-24
2.30239e-13 4.42638e-29 1.33945e-24
2.31276e-13 4.51738e-29 1.3394e-24
2.32317e-13 4.61001e-29 1.33936e-24
2.33364e-13 4.70431e-29 1.33931e-24
2.34415e-13 4.8003e-29 1.33927e-24
2.3547e-13 4.898e-29 1.33922e-24
2.36531e-13 4.99745e-29 1.33917e-24
2.37596e-13 5.09866e-29 1.33912e-24
2.38666e-13 5.20166e-29 1.33907e-24
2.39741e-13 5.30648e-29 1.33902e-24
2.40821e-13 5.41314e-29 1.33896e-24
2.41905e-13 5.52168e-29 1.33891e-24
2.42995e-13 5.63211e-29 1.33885e-24
2.44089e-13 5.74446e-29 1.3388e-24
2.45188e-13 5.85877e-29 1.33874e-24
2.46293e-13 5.97505e-29 1.33868e-24
2.47402e-13 6.09334e-29 1.33862e-24
2.48516e-13 6.21366e-29 1.33856e-24
2.49635e-13 6.33605e-29 1.3385e-24
2.5076e-13 6.46052e-29 1.33843e-24
2.51889e-13 6.58712e-29 1.33837e-24
2.53023e-13 6.71586e-29 1.3383e-24
2.54163e-13 6.84678e-29 1.33824e-24
2.55308e-13 6.97991e-29 1.33817e-24
2.56458e-13 7.11527e-29 1.3381e-24
2.57613e-13 7.2529e-29 1.33803e-24
2.58773e-13 7.39283e-29 1.33795e-24
2.59938e-13 7.53508e-29 1.33788e-24
2.61109e-13 7.67969e-29 1.33781e-24
2.62285e-13 7.82669e-29 1.33773e-24
2.63466e-13 7.97611e-29 1.33765e-24
2.64653e-13 8.12798e-29 1.33757e-24
2.65845e-13 8.28234e-29 1.33749e-24
2.67042e-13 8.4392e-29 1.33741e-24
2.68245e-13 8.59862e-29 1.33732e-24
2.69453e-13 8.76061e-29 1.33724e-24
2.70666e-13 8.92522e-29 1.33715e-24
2.71885e-13 9.09247e-29 1.33706e-24
2.7311e-13 9.26239e-29 1.33697e-24
2.7434e-13 9.43503e-29 1.33688e-24
2.75575e-13 9.61041e-29 1.33678e-24
2.76816e-13 9.78857e-29 1.33669e-24
2.78063e-13 9.96954e-29 1.33659e-24
2.79315e-13 1.01534e-28 1.33649e-24
2.80573e-13 1.03401e-28 1.33639e-24
2.81837e-13 1.05297e-28 1.33628e-24
2.83106e-13 1.07222e-28 1.33618e-24
2.84381e-13 1.09178e-28 1.33607e-24
2.85662e-13 1.11163e-28 1.33596e-24
2.86949e-13 1.1318e-28 1.33585e-24
2.88241e-13 1.15227e-28 1.33574e-24
2.89539e-13 1.17305e-28 1.33562e-24
2.90843e-13 1.19415e-28 1.3355e-24
2.92153e-13 1.21557e-28 1.33538e-24
2.93469e-13 1.23731e-28 1.33526e-24
2.9479e-13 1.25938e-28 1.33514e-24
2.96118e-13 1.28178e-28 1.33501e-24
2.97452e-13 1.30452e-28 1.33489e-24
2.98791e-13 1.32759e-28 1.33475e-24
3.00137e-13 1.35101e-28 1.33462e-24
3.01489e-13 1.37477e-28 1.33449e-24
3.02847e-13 1.39888e-28 1.33435e-24
3.0421e-13 1.42334e-28 1.33421e-24
3.05581e-13 1.44816e-28 1.33407e-24
3.06957e-13 1.47334e-28 1.33392e-24
3.08339e-13 1.49888e-28 1.33378e-24
3.09728e-13 1.5248e-28 1.33363e-24
3.11123e-13 1.55108e-28 1.33347e-24
3.12524e-13 1.57774e-28 1.33332e-24
3.13932e-13 1.60478e-28 1.33316e-24
3.15345e-13 1.63221e-28 1.333e-24
3.16766e-13 1.66002e-28 1.33284e-24
3.18192e-13 1.68822e-28 1.33267e-24
3.19625e-13 1.71682e-28 1.3325e-24
3.21065e-13 1.74582e-28 1.33233e-24
3.22511e-13 1.77522e-28 1.33216e-24
3.23963e-13 1.80503e-28 1.33198e-24
3.25422e-13 1.83524e-28 1.3318e-24
3.26888e-13 1.86588e-28 1.33161e-24
3.2836e-13 1.89693e-28 1.33143e-24
3.29839e-13 1.9284e-28 1.33124e-24
3.31324e-13 1.9603e-28 1.33104e-24
3.32817e-13 1.99263e-28 1.33085e-24
3.34316e-13 2.0254e-28 1.33065e-24
3.35821e-13 2.0586e-28 1.33045e-24
3.37334e-13 2.09225e-28 1.33024e-24
3.38853e-13 2.12634e-28 1.33003e-24
3.40379e-13 2.16089e-28 1.32982e-24
3.41912e-13 2.19588e-28 1.3296e-24
3.43452e-13 2.23134e-28 1.32938e-24
3.44999e-13 2.26726e-28 1.32916e-24
3.46552e-13 2.30364e-28 1.32893e-24
3.48113e-13 2.3405e-28 1.3287e-24
3.49681e-13 2.37782e-28 1.32847e-24
3.51256e-13 2.41563e-28 1.32823e-24
3.52838e-13 2.45392e-28 1.32799e-24
3.54427e-13 2.49269e-28 1.32774e-24
3.56023e-13 2.53195e-28 1.32749e-24
3.57627e-13 2.57171e-28 1.32724e-24
3.59237e-13 2.61196e-28 1.32698e-24
3.60855e-13 2.65272e-28 1.32672e-24
3.6248e-13 2.69398e-28 1.32646e-24
3.64113e-13 2.73575e-28 1.32619e-24
3.65753e-13 2.77803e-28 1.32592e-24
3.674e-13 2.82083e-28 1.32564e-24
3.69055e-13 2.86415e-28 1.32536e-24
3.70717e-13 2.90799e-28 1.32507e-24
3.72386e-13 2.95236e-28 1.32478e-24
3.74063e-13 2.99727e-28 1.32448e-24
3.75748e-13 3.04271e-28 1.32418e-24
3.7744e-13 3.08869e-28 1.32388e-24
3.7914e-13 3.13521e-28 1.32357e-24
3.80848e-13 3.18228e-28 1.32326e-24
3.82563e-13 3.22989e-28 1.32294e-24
3.84286e-13 3.27807e-28 1.32262e-24
3.86017e-13 3.3268e-28 1.32229e-24
3.87755e-13 3.37609e-28 1.32195e-24
3.89502e-13 3.42595e-28 1.32162e-24
3.91256e-13 3.47637e-28 1.32127e-24
3.93018e-13 3.52737e-28 1.32093e-24
3.94788e-13 3.57894e-28 1.32057e-24
3.96566e-13 3.63109e-28 1.32022e-24
3.98352e-13 3.68383e-28 1.31985e-24
4.00146e-13 3.73714e-28 1.31948e-24
4.01948e-13 3.79105e-28 1.31911e-24
4.03758e-13 3.84555e-28 1.31873e-24
4.05577e-13 3.90065e-28 1.31835e-24
4.07403e-13 3.95634e-28 1.31796e-24
4.09238e-13 4.01264e-28 1.31756e-24
4.11081e-13 4.06954e-28 1.31716e-24
4.12933e-13 4.12705e-28 1.31675e-24
4.14792e-13 4.18517e-28 1.31634e-24
4.16661e-13 4.24391e-28 1.31592e-24
4.18537e-13 4.30326e-28 1.3155e-24
4.20422e-13 4.36323e-28 1.31507e-24
4.22315e-13 4.42383e-28 1.31463e-24
4.24217e-13 4.48505e-28 1.31419e-24
4.26128e-13 4.5469e-28 1.31374e-24
4.28047e-13 4.60938e-28 1.31329e-24
4.29975e-13 4.6725e-28 1.31282e-24
4.31911e-13 4.73626e-28 1.31236e-24
4.33857e-13 4.80065e-28 1.31188e-24
4.35811e-13 4.86569e-28 1.3114e-24
4.37773e-13 4.93137e-28 1.31092e-24
4.39745e-13 4.99769e-28 1.31042e-24
4.41725e-13 5.06467e-28 1.30992e-24
4.43715e-13 5.1323e-28 1.30942e-24
4.45713e-13 5.20058e-28 1.3089e-24
4.47721e-13 5.26952e-28 1.30838e-24
4.49737e-13 5.33912e-28 1.30786e-24
4.51762e-13 5.40938e-28 1.30732e-24
4.53797e-13 5.4803e-28 1.30678e-24
4.55841e-13 5.55188e-28 1.30623e-24
4.57894e-13 5.62413e-28 1.30568e-24
4.59956e-13 5.69705e-28 1.30512e-24
4.62028e-13 5.77064e-28 1.30455e-24
4.64108e-13 5.8449e-28 1.30397e-24
4.66199e-13 5.91983e-28 1.30339e-24
4.68298e-13 5.99544e-28 1.30279e-24
4.70407e-13 6.07172e-28 1.30219e-24
4.72526e-13 6.14868e-28 1.30159e-24
4.74654e-13 6.22632e-28 1.30097e-24
4.76792e-13 6.30464e-28 1.30035e-24
4.78939e-13 6.38364e-28 1.29972e-24
4.81096e-13 6.46333e-28 1.29908e-24
4.83263e-13 6.54369e-28 1.29843e-24
4.85439e-13 6.62474e-28 1.29778e-24
4.87626e-13 6.70647e-28 1.29712e-24
4.89822e-13 6.78889e-28 1.29645e-24
4.92028e-13 6.872e-28 1.29577e-24
4.94244e-13 6.95579e-28 1.29508e-24
4.9647e-13 7.04027e-28 1.29439e-24
4.98705e-13 7.12544e-28 1.29368e-24
5.00952e-13 7.21129e-28 1.29297e-24
5.03208e-13 7.29784e-28 1.29225e-24
5.05474e-13 7.38507e-28 1.29152e-24
5.0775e-13 7.47298e-28 1.29078e-24
5.10037e-13 7.56159e-28 1.29003e-24
5.12334e-13 7.65089e-28 1.28928e-24
5.14642e-13 7.74087e-28 1.28851e-24
5.16959e-13 7.83154e-28 1.28774e-24
5.19288e-13 7.92289e-28 1.28695e-24
5.21626e-13 8.01494e-28 1.28616e-24
5.23976e-13 8.10766e-28 1.28536e-24
5.26336e-13 8.20108e-28 1.28455e-24
5.28706e-13 8.29517e-28 1.28373e-24
5.31087e-13 8.38995e-28 1.2829e-24
5.33479e-13 8.48541e-28 1.28206e-24
5.35882e-13 8.58155e-28 1.28121e-24
5.38295e-13 8.67838e-28 1.28035e-24
5.40719e-13 8.77587e-28 1.27949e-24
5.43155e-13 8.87405e-28 1.27861e-24
5.45601e-13 8.9729e-28 1.27772e-24
5.48058e-13 9.07242e-28 1.27682e-24
5.50526e-13 9.17262e-28 1.27592e-24
5.53006e-13 9.27348e-28 1.275e-24
5.55496e-13 9.37501e-28 1.27407e-24
5.57998e-13 9.47721e-28 1.27313e-24
5.60511e-13 9.58007e-28 1.27219e-24
5.63036e-13 9.68359e-28 1.27123e-24
5.65571e-13 9.78776e-28 1.27026e-24
5.68119e-13 9.8926e-28 1.26928e-24
5.70677e-13 9.99808e-28 1.26829e-24
5.73247e-13 1.01042e-27 1.26729e-24
5.75829e-13 1.0211e-27 1.26628e-24
5.78422e-13 1.03184e-27 1.26526e-24
5.81027e-13 1.04265e-27 1.26423e-24
5.83644e-13 1.05352e-27 1.26319e-24
5.86273e-13 1.06445e-27 1.26213e-24
5.88913e-13 1.07545e-27 1.26107e-24
5.91566e-13 1.08651e-27 1.25999e-24
5.9423e-13 1.09763e-27 1.25891e-24
5.96906e-13 1.10881e-27 1.25781e-24
5.99594e-13 1.12006e-27 1.2567e-24
6.02295e-13 1.13137e-27 1.25558e-24
6.05007e-13 1.14273e-27 1.25445e-24
6.07732e-13 1.15416e-27 1.25331e-24
6.10469e-13 1.16565e-27 1.25215e-24
6.13218e-13 1.17719e-27 1.25099e-24
6.1598e-13 1.1888e-27 1.24981e-24
6.18754e-13 1.20046e-27 1.24862e-24
6.21541e-13 1.21218e-27 1.24742e-24
6.2434e-13 1.22396e-27 1.24621e-24
6.27152e-13 1.23579e-27 1.24498e-24
6.29977e-13 1.24768e-27 1.24375e-24
6.32814e-13 1.25963e-27 1.2425e-24
6.35664e-13 1.27163e-27 1.24124e-24
6.38527e-13 1.28369e-27 1.23997e-24
6.41403e-13 1.2958e-27 1.23868e-24
6.44291e-13 1.30796e-27 1.23739e-24
6.47193e-13 1.32018e-27 1.23608e-24
6.50108e-13 1.33245e-27 1.23476e-24
6.53036e-13 1.34477e-27 1.23343e-24
6.55977e-13 1.35714e-27 1.23208e-24
6.58931e-13 1.36956e-27 1.23073e-24
6.61899e-13 1.38203e-27 1.22936e-24
6.6488e-13 1.39455e-27 1.22797e-24
6.67874e-13 1.40712e-27 1.22658e-24
6.70882e-13 1.41973e-27 1.22517e-24
6.73903e-13 1.43239e-27 1.22375e-24
6.76938e-13 1.4451e-27 1.22232e-24
6.79987e-13 1.45785e-27 1.22088e-24
6.8305e-13 1.47065e-27 1.21942e-24
6.86126e-13 1.48349e-27 1.21795e-24
6.89216e-13 1.49637e-27 1.21646e-24
6.9232e-13 1.5093e-27 1.21497e-24
6.95438e-13 1.52227e-27 1.21346e-24
6.9857e-13 1.53527e-27 1.21194e-24
7.01716e-13 1.54832e-27 1.2104e-24
7.04877e-13 1.5614e-27 1.20885e-24
7.08051e-13 1.57453e-27 1.20729e-24
7.1124e-13 1.58769e-27 1.20572e-24
7.14443e-13 1.60088e-27 1.20413e-24
7.17661e-13 1.61411e-27 1.20253e-24
7.20893e-13 1.62738e-27 1.20091e-24
7.2414e-13 1.64068e-27 1.19929e-24
7.27401e-13 1.65401e-27 1.19765e-24
7.30677e-13 1.66737e-27 1.19599e-24
7.33968e-13 1.68077e-27 1.19432e-24
7.37273e-13 1.69419e-27 1.19264e-24
7.40594e-13 1.70764e-27 1.19095e-24
7.43929e-13 1.72112e-27 1.18924e-24
7.4728e-13 1.73463e-27 1.18752e-24
7.50645e-13 1.74816e-27 1.18579e-24
7.54026e-13 1.76171e-27 1.18404e-24
7.57422e-13 1.77529e-27 1.18228e-24
7.60833e-13 1.7889e-27 1.1805e-24
7.6426e-13 1.80252e-27 1.17871e-24
7.67702e-13 1.81617e-27 1.17691e-24
7.71159e-13 1.82983e-27 1.17509e-24
7.74632e-13 1.84351e-27 1.17326e-24
7.78121e-13 1.85721e-27 1.17142e-24
7.81625e-13 1.87093e-27 1.16956e-24
7.85146e-13 1.88466e-27 1.16769e-24
7.88682e-13 1.8984e-27 1.16581e-24
7.92234e-13 1.91216e-27 1.16391e-24
7.95802e-13 1.92593e-27 1.162e-24
7.99386e-13 1.93971e-27 1.16007e-24
8.02986e-13 1.9535e-27 1.15813e-24
8.06602e-13 1.9673e-27 1.15618e-24
8.10235e-13 1.9811e-27 1.15421e-24
8.13884e-13 1.99491e-27 1.15223e-24
8.1755e-13 2.00873e-27 1.15023e-24
8.21232e-13 2.02254e-27 1.14823e-24
8.2493e-13 2.03637e-27 1.1462e-24
8.28645e-13 2.05019e-27 1.14417e-24
8.32377e-13 2.06401e-27 1.14212e-24
8.36126e-13 2.07783e-27 1.14005e-24
8.39892e-13 2.09165e-27 1.13797e-24
8.43674e-13 2.10546e-27 1.13588e-24
8.47474e-13 2.11927e-27 1.13378e-24
8.51291e-13 2.13308e-27 1.13166e-24
8.55125e-13 2.14687e-27 1.12953e-24
8.58976e-13 2.16066e-27 1.12738e-24
8.62845e-13 2.17443e-27 1.12522e-24
8.66731e-13 2.1882e-27 1.12304e-24
8.70634e-13 2.20195e-27 1.12085e-24
8.74555e-13 2.21569e-27 1.11865e-24
8.78494e-13 2.22942e-27 1.11644e-24
8.82451e-13 2.24312e-27 1.11421e-24
8.86425e-13 2.25681e-27 1.11196e-24
8.90417e-13 2.27048e-27 1.10971e-24
8.94427e-13 2.28413e-27 1.10744e-24
8.98455e-13 2.29776e-27 1.10515e-24
9.02502e-13 2.31137e-27 1.10286e-24
9.06566e-13 2.32495e-27 1.10054e-24
9.10649e-13 2.3385e-27 1.09822e-24
9.14751e-13 2.35203e-27 1.09588e-24
9.1887e-13 2.36553e-27 1.09353e-24
9.23009e-13 2.379e-27 1.09116e-24
9.27166e-13 2.39244e-27 1.08878e-24
9.31341e-13 2.40585e-27 1.08639e-24
9.35536e-13 2.41922e-27 1.08399e-24
9.39749e-13 2.43256e-27 1.08157e-24
9.43982e-13 2.44586e-27 1.07913e-24
9.48233e-13 2.45913e-27 1.07669e-24
9.52504e-13 2.47235e-27 1.07423e-24
9.56793e-13 2.48554e-27 1.07176e-24
9.61103e-13 2.49868e-27 1.06927e-24
9.65431e-13 2.51178e-27 1.06677e-24
9.69779e-13 2.52484e-27 1.06426e-24
9.74147e-13 2.53785e-27 1.06174e-24
9.78534e-13 2.55081e-27 1.0592e-24
9.82941e-13 2.56373e-27 1.05665e-24
9.87368e-13 2.57659e-27 1.05408e-24
9.91815e-13 2.5894e-27 1.05151e-24
9.96282e-13 2.60217e-27 1.04892e-24
1.00077e-12 2.61487e-27 1.04632e-24
1.00528e-12 2.62753e-27 1.0437e-24
1.0098e-12 2.64012e-27 1.04107e-24
1.01435e-12 2.65266e-27 1.03843e-24
1.01892e-12 2.66514e-27 1.03578e-24
1.02351e-12 2.67756e-27 1.03312e-24
1.02812e-12 2.68991e-27 1.03044e-24
1.03275e-12 2.7022e-27 1.02775e-24
1.0374e-12 2.71443e-27 1.02505e-24
1.04207e-12 2.7266e-27 1.02233e-24
1.04676e-12 2.73869e-27 1.0196e-24
1.05148e-12 2.75072e-27 1.01687e-24
1.05621e-12 2.76268e-27 1.01411e-24
1.06097e-12 2.77456e-27 1.01135e-24
1.06575e-12 2.78638e-27 1.00858e-24
1.07055e-12 2.79812e-27 1.00579e-24
1.07537e-12 2.80978e-27 1.00299e-24
1.08021e-12 2.82137e-27 1.00018e-24
1.08508e-12 2.83288e-27 9.97362e-25
1.08997e-12 2.84431e-27 9.94529e-25
1.09487e-12 2.85567e-27 9.91685e-25
1.09981e-12 2.86694e-27 9.88829e-25
1.10476e-12 2.87813e-27 9.85962e-25
1.10973e-12 2.88923e-27 9.83084e-25
1.11473e-12 2.90025e-27 9.80195e-25
1.11975e-12 2.91119e-27 9.77295e-25
1.1248e-12 2.92203e-27 9.74383e-25
1.12986e-12 2.93279e-27 9.71461e-25
1.13495e-12 2.94346e-27 9.68529e-25
1.14006e-12 2.95403e-27 9.65585e-25
1.1452e-12 2.96452e-27 9.62631e-25
1.15035e-12 2.97491e-27 9.59667e-25
1.15553e-12 2.9852e-27 9.56692e-25
1.16074e-12 2.9954e-27 9.53707e-25
1.16597e-12 3.00551e-27 9.50711e-25
1.17122e-12 3.01551e-27 9.47706e-25
1.17649e-12 3.02542e-27 9.4469e-25
1.18179e-12 3.03522e-27 9.41665e-25
1.18711e-12 3.04493e-27 9.3863e-25
1.19246e-12 3.05453e-27 9.35585e-25
1.19783e-12 3.06402e-27 9.3253e-25
1.20323e-12 3.07342e-27 9.29466e-25
1.20864e-12 3.0827e-27 9.26393e-25
1.21409e-12 3.09188e-27 9.2331e-25
1.21956e-12 3.10096e-27 9.20218e-25
1.22505e-12 3.10992e-27 9.17117e-25
1.23057e-12 3.11877e-27 9.14007e-25
1.23611e-12 3.12752e-27 9.10888e-25
1.24167e-12 3.13615e-27 9.07761e-25
1.24727e-12 3.14466e-27 9.04625e-25
1.25288e-12 3.15307e-27 9.0148e-25
1.25853e-12 3.16136e-27 8.98327e-25
1.26419e-12 3.16953e-27 8.95166e-25
1.26989e-12 3.17758e-27 8.91996e-25
1.27561e-12 3.18552e-27 8.88819e-25
1.28135e-12 3.19334e-27 8.85633e-25
1.28712e-12 3.20104e-27 8.8244e-25
1.29292e-12 3.20862e-27 8.79239e-25
1.29874e-12 3.21608e-27 8.7603e-25
1.30459e-12 3.22342e-27 8.72814e-25
1.31047e-12 3.23063e-27 8.6959e-25
1.31637e-12 3.23772e-27 8.6636e-25
1.3223e-12 3.24469e-27 8.63122e-25
1.32825e-12 3.25153e-27 8.59877e-25
1.33424e-12 3.25824e-27 8.56626e-25
1.34024e-12 3.26483e-27 8.53368e-25
1.34628e-12 3.27129e-27 8.50103e-25
1.35234e-12 3.27762e-27 8.46832e-25
1.35843e-12 3.28382e-27 8.43554e-25
1.36455e-12 3.28989e-27 8.4027e-25
1.3707e-12 3.29584e-27 8.3698e-25
1.37687e-12 3.30165e-27 8.33684e-25
1.38307e-12 3.30733e-27 8.30383e-25
1.3893e-12 3.31287e-27 8.27075e-25
1.39556e-12 3.31829e-27 8.23763e-25
1.40184e-12 3.32357e-27 8.20444e-25
1.40816e-12 3.32872e-27 8.17121e-25
1.4145e-12 3.33373e-27 8.13792e-25
1.42087e-12 3.33861e-27 8.10458e-25
1.42727e-12 3.34335e-27 8.0712e-25
1.4337e-12 3.34795e-27 8.03776e-25
1.44015e-12 3.35242e-27 8.00428e-25
1.44664e-12 3.35675e-27 7.97076e-25
1.45315e-12 3.36095e-27 7.93719e-25
1.4597e-12 3.365e-27 7.90358e-25
1.46627e-12 3.36892e-27 7.86993e-25
1.47288e-12 3.3727e-27 7.83624e-25
1.47951e-12 3.37634e-27 7.80252e-25
1.48617e-12 3.37984e-27 7.76875e-25
1.49287e-12 3.38319e-27 7.73495e-25
1.49959e-12 3.38641e-27 7.70112e-25
1.50634e-12 3.38949e-27 7.66726e-25
1.51313e-12 3.39243e-27 7.63336e-25
1.51994e-12 3.39523e-27 7.59944e-25
1.52679e-12 3.39788e-27 7.56549e-25
1.53366e-12 3.40039e-27 7.53151e-25
1.54057e-12 3.40276e-27 7.4975e-25
1.54751e-12 3.40499e-27 7.46348e-25
1.55448e-12 3.40708e-27 7.42943e-25
1.56148e-12 3.40902e-27 7.39536e-25
1.56851e-12 3.41083e-27 7.36127e-25
1.57558e-12 3.41249e-27 7.32716e-25
1.58267e-12 3.414e-27 7.29303e-25
1.5898e-12 3.41537e-27 7.25889e-25
1.59696e-12 3.4166e-27 7.22474e-25
1.60415e-12 3.41769e-27 7.19057e-25
1.61138e-12 3.41864e-27 7.1564e-25
1.61864e-12 3.41944e-27 7.12221e-25
1.62592e-12 3.42009e-27 7.08801e-25
1.63325e-12 3.42061e-27 7.05381e-25
1.6406e-12 3.42098e-27 7.01961e-25
1.64799e-12 3.42121e-27 6.9854e-25
1.65541e-12 3.42129e-27 6.95119e-25
1.66287e-12 3.42123e-27 6.91697e-25
1.67036e-12 3.42103e-27 6.88276e-25
1.67788e-12 3.42069e-27 6.84855e-25
1.68544e-12 3.4202e-27 6.81434e-25
1.69303e-12 3.41958e-27 6.78014e-25
1.70065e-12 3.41881e-27 6.74595e-25
1.70831e-12 3.41789e-27 6.71176e-25
1.71601e-12 3.41684e-27 6.67758e-25
1.72374e-12 3.41565e-27 6.64341e-25
1.7315e-12 3.41431e-27 6.60925e-25
1.7393e-12 3.41283e-27 6.57511e-25
1.74713e-12 3.41121e-27 6.54098e-25
1.755e-12 3.40945e-27 6.50687e-25
1.7629e-12 3.40755e-27 6.47278e-25
1.77084e-12 3.40552e-27 6.4387e-25
1.77882e-12 3.40334e-27 6.40464e-25
1.78683e-12 3.40102e-27 6.37061e-25
1.79488e-12 3.39857e-27 6.3366e-25
1.80296e-12 3.39597e-27 6.30262e-25
1.81108e-12 3.39324e-27 6.26866e-25
1.81924e-12 3.39037e-27 6.23472e-25
1.82743e-12 3.38737e-27 6.20082e-25
1.83566e-12 3.38422e-27 6.16695e-25
1.84393e-12 3.38094e-27 6.1331e-25
1.85223e-12 3.37753e-27 6.09929e-25
1.86057e-12 3.37398e-27 6.06552e-25
1.86895e-12 3.3703e-27 6.03178e-25
1.87737e-12 3.36648e-27 5.99808e-25
1.88583e-12 3.36253e-27 5.96441e-25
1.89432e-12 3.35845e-27 5.93079e-25
1.90285e-12 3.35424e-27 5.8972e-25
1.91142e-12 3.34989e-27 5.86366e-25
1.92003e-12 3.34541e-27 5.83016e-25
1.92868e-12 3.34081e-27 5.79671e-25
1.93736e-12 3.33607e-27 5.7633e-25
1.94609e-12 3.33121e-27 5.72994e-25
1.95485e-12 3.32621e-27 5.69663e-25
1.96366e-12 3.32109e-27 5.66336e-25
1.9725e-12 3.31584e-27 5.63015e-25
1.98138e-12 3.31047e-27 5.59699e-25
1.99031e-12 3.30497e-27 5.56389e-25
1.99927e-12 3.29935e-27 5.53084e-25
2.00827e-12 3.2936e-27 5.49785e-25
2.01732e-12 3.28773e-27 5.46491e-25
2.0264e-12 3.28174e-27 5.43203e-25
2.03553e-12 3.27563e-27 5.39922e-25
2.0447e-12 3.2694e-27 5.36646e-25
2.05391e-12 3.26304e-27 5.33377e-25
2.06316e-12 3.25657e-27 5.30113e-25
2.07245e-12 3.24998e-27 5.26857e-25
2.08178e-12 3.24328e-27 5.23607e-25
2.09116e-12 3.23645e-27 5.20364e-25
2.10058e-12 3.22952e-27 5.17127e-25
2.11004e-12 3.22247e-27 5.13898e-25
2.11954e-12 3.2153e-27 5.10675e-25
2.12909e-12 3.20802e-27 5.0746e-25
2.13867e-12 3.20063e-27 5.04252e-25
2.14831e-12 3.19313e-27 5.01051e-25
2.15798e-12 3.18553e-27 4.97858e-25
2.1677e-12 3.17781e-27 4.94673e-25
2.17746e-12 3.16998e-27 4.91495e-25
2.18727e-12 3.16205e-27 4.88325e-25
2.19712e-12 3.15401e-27 4.85163e-25
2.20702e-12 3.14587e-27 4.82009e-25
2.21696e-12 3.13763e-27 4.78863e-25
2.22694e-12 3.12928e-27 4.75725e-25
2.23697e-12 3.12083e-27 4.72596e-25
2.24704e-12 3.11228e-27 4.69475e-25
2.25716e-12 3.10363e-27 4.66363e-25
2.26733e-12 3.09489e-27 4.63259e-25
2.27754e-12 3.08604e-27 4.60164e-25
2.2878e-12 3.0771e-27 4.57078e-25
2.2981e-12 3.06807e-27 4.54001e-25
2.30845e-12 3.05894e-27 4.50933e-25
2.31885e-12 3.04972e-27 4.47874e-25
2.32929e-12 3.0404e-27 4.44824e-25
2.33978e-12 3.031e-27 4.41784e-25
2.35032e-12 3.02151e-27 4.38753e-25
2.36091e-12 3.01192e-27 4.35732e-25
2.37154e-12 3.00225e-27 4.3272e-25
2.38222e-12 2.9925e-27 4.29717e-25
2.39295e-12 2.98266e-27 4.26725e-25
2.40373e-12 2.97274e-27 4.23742e-25
2.41455e-12 2.96273e-27 4.20769e-25
2.42543e-12 2.95265e-27 4.17807e-25
2.43635e-12 2.94248e-27 4.14854e-25
2.44732e-12 2.93223e-27 4.11912e-25
2.45834e-12 2.92191e-27 4.08979e-25
2.46942e-12 2.91151e-27 4.06057e-25
2.48054e-12 2.90103e-27 4.03146e-25
2.49171e-12 2.89048e-27 4.00245e-25
2.50293e-12 2.87986e-27 3.97354e-25
2.5142e-12 2.86916e-27 3.94475e-25
2.52553e-12 2.8584e-27 3.91605e-25
2.5369e-12 2.84756e-27 3.88747e-25
2.54833e-12 2.83666e-27 3.85899e-25
2.5598e-12 2.82569e-27 3.83063e-25
2.57133e-12 2.81466e-27 3.80237e-25
2.58291e-12 2.80356e-27 3.77422e-25
2.59454e-12 2.79239e-27 3.74619e-25
2.60623e-12 2.78117e-27 3.71826e-25
2.61797e-12 2.76988e-27 3.69045e-25
2.62976e-12 2.75853e-27 3.66275e-25
2.6416e-12 2.74713e-27 3.63517e-25
2.6535e-12 2.73567e-27 3.6077e-25
2.66545e-12 2.72415e-27 3.58034e-25
2.67745e-12 2.71258e-27 3.5531e-25
2.68951e-12 2.70095e-27 3.52597e-25
2.70162e-12 2.68927e-27 3.49896e-25
2.71379e-12 2.67754e-27 3.47207e-25
2.72601e-12 2.66576e-27 3.4453e-25
2.73829e-12 2.65393e-27 3.41864e-25
2.75062e-12 2.64206e-27 3.3921e-25
2.76301e-12 2.63014e-27 3.36568e-25
2.77546e-12 2.61817e-27 3.33938e-25
2.78796e-12 2.60616e-27 3.3132e-25
2.80051e-12 2.59411e-27 3.28713e-25
2.81312e-12 2.58201e-27 3.26119e-25
2.82579e-12 2.56988e-27 3.23537e-25
2.83852e-12 2.5577e-27 3.20967e-25
2.8513e-12 2.54549e-27 3.1841e-25
2.86415e-12 2.53324e-27 3.15864e-25
2.87705e-12 2.52096e-27 3.13331e-25
2.89e-12 2.50864e-27 3.1081e-25
2.90302e-12 2.49629e-27 3.08301e-25
2.91609e-12 2.48391e-27 3.05805e-25
2.92923e-12 2.4715e-27 3.03321e-25
2.94242e-12 2.45905e-27 3.0085e-25
2.95567e-12 2.44658e-27 2.98391e-25
2.96898e-12 2.43409e-27 2.95944e-25
2.98235e-12 2.42156e-27 2.9351e-25
2.99578e-12 2.40902e-27 2.91088e-25
3.00928e-12 2.39644e-27 2.88679e-25
3.02283e-12 2.38385e-27 2.86283e-25
3.03644e-12 2.37124e-27 2.83899e-25
3.05012e-12 2.3586e-27 2.81528e-25
3.06386e-12 2.34595e-27 2.79169e-25
3.07765e-12 2.33328e-27 2.76823e-25
3.09152e-12 2.32059e-27 2.7449e-25
3.10544e-12 2.30788e-27 2.72169e-25
3.11942e-12 2.29516e-27 2.69862e-25
3.13347e-12 2.28243e-27 2.67566e-25
3.14759e-12 2.26969e-27 2.65284e-25
3.16176e-12 2.25693e-27 2.63014e-25
3.176e-12 2.24417e-27 2.60757e-25
3.19031e-12 2.2314e-27 2.58513e-25
3.20467e-12 2.21861e-27 2.56282e-25
3.21911e-12 2.20583e-27 2.54063e-25
3.2336e-12 2.19303e-27 2.51857e-25
3.24817e-12 2.18023e-27 2.49664e-25
3.2628e-12 2.16743e-27 2.47484e-25
3.27749e-12 2.15463e-27 2.45317e-25
3.29225e-12 2.14182e-27 2.43162e-25
3.30708e-12 2.12901e-27 2.4102e-25
3.32197e-12 2.11621e-27 2.38891e-25
3.33693e-12 2.1034e-27 2.36775e-25
3.35196e-12 2.0906e-27 2.34672e-25
3.36706e-12 2.0778e-27 2.32581e-25
3.38222e-12 2.06501e-27 2.30503e-25
3.39746e-12 2.05222e-27 2.28438e-25
3.41276e-12 2.03944e-27 2.26386e-25
3.42813e-12 2.02666e-27 2.24346e-25
3.44357e-12 2.0139e-27 2.2232e-25
3.45908e-12 2.00114e-27 2.20306e-25
3.47465e-12 1.9884e-27 2.18305e-25
3.4903e-12 1.97566e-27 2.16316e-25
3.50602e-12 1.96294e-27 2.14341e-25
3.52181e-12 1.95023e-27 2.12378e-25
3.53767e-12 1.93754e-27 2.10428e-25
3.55361e-12 1.92486e-27 2.0849e-25
3.56961e-12 1.91219e-27 2.06565e-25
3.58569e-12 1.89955e-27 2.04653e-25
3.60184e-12 1.88692e-27 2.02753e-25
3.61806e-12 1.8743e-27 2.00866e-25
3.63435e-12 1.86171e-27 1.98992e-25
3.65072e-12 1.84914e-27 1.9713e-25
3.66716e-12 1.83659e-27 1.95281e-25
3.68368e-12 1.82406e-27 1.93445e-25
3.70027e-12 1.81155e-27 1.91621e-25
3.71693e-12 1.79907e-27 1.89809e-25
3.73367e-12 1.78661e-27 1.8801e-25
3.75049e-12 1.77418e-27 1.86223e-25
3.76738e-12 1.76177e-27 1.84449e-25
3.78435e-12 1.74939e-27 1.82688e-25
3.80139e-12 1.73704e-27 1.80938e-25
3.81851e-12 1.72471e-27 1.79201e-25
3.83571e-12 1.71241e-27 1.77476e-25
3.85298e-12 1.70014e-27 1.75764e-25
3.87034e-12 1.68791e-27 1.74064e-25
3.88777e-12 1.6757e-27 1.72376e-25
3.90528e-12 1.66353e-27 1.707e-25
3.92286e-12 1.65138e-27 1.69037e-25
3.94053e-12 1.63927e-27 1.67385e-25
3.95828e-12 1.6272e-27 1.65746e-25
3.97611e-12 1.61516e-27 1.64119e-25
3.99401e-12 1.60315e-27 1.62504e-25
4.012e-12 1.59118e-27 1.60901e-25
4.03007e-12 1.57925e-27 1.59309e-25
4.04822e-12 1.56735e-27 1.5773e-25
4.06645e-12 1.55549e-27 1.56163e-25
4.08477e-12 1.54367e-27 1.54607e-25
4.10316e-12 1.53188e-27 1.53064e-25
4.12164e-12 1.52014e-27 1.51532e-25
4.1402e-12 1.50844e-27 1.50012e-25
4.15885e-12 1.49677e-27 1.48503e-25
4.17758e-12 1.48515e-27 1.47006e-25
4.1964e-12 1.47357e-27 1.45521e-25
4.2153e-12 1.46203e-27 1.44048e-25
4.23428e-12 1.45053e-27 1.42586e-25
4.25335e-12 1.43908e-27 1.41135e-25
4.27251e-12 1.42767e-27 1.39696e-25
4.29175e-12 1.4163e-27 1.38268e-25
4.31108e-12 1.40498e-27 1.36852e-25
4.33049e-12 1.3937e-27 1.35447e-25
4.35e-12 1.38247e-27 1.34053e-25
4.36959e-12 1.37128e-27 1.32671e-25
4.38927e-12 1.36015e-27 1.313e-25
4.40903e-12 1.34905e-27 1.29939e-25
4.42889e-12 1.33801e-27 1.2859e-25
4.44884e-12 1.32701e-27 1.27252e-25
4.46887e-12 1.31606e-27 1.25925e-25
4.489e-12 1.30516e-27 1.24609e-25
4.50922e-12 1.2943e-27 1.23304e-25
4.52953e-12 1.2835e-27 1.2201e-25
4.54993e-12 1.27275e-27 1.20726e-25
4.57042e-12 1.26204e-27 1.19454e-25
4.591e-12 1.25139e-27 1.18192e-25
4.61168e-12 1.24078e-27 1.1694e-25
4.63245e-12 1.23023e-27 1.15699e-25
4.65331e-12 1.21973e-27 1.14469e-25
4.67427e-12 1.20928e-27 1.13249e-25
4.69532e-12 1.19888e-27 1.1204e-25
4.71647e-12 1.18853e-27 1.10841e-25
4.73771e-12 1.17824e-27 1.09653e-25
4.75904e-12 1.16799e-27 1.08475e-25
4.78048e-12 1.1578e-27 1.07307e-25
4.80201e-12 1.14767e-27 1.06149e-25
4.82363e-12 1.13758e-27 1.05001e-25
4.84536e-12 1.12755e-27 1.03863e-25
4.86718e-12 1.11758e-27 1.02736e-25
4.8891e-12 1.10766e-27 1.01618e-25
4.91112e-12 1.09779e-27 1.00511e-25
4.93324e-12 1.08797e-27 9.94129e-26
4.95546e-12 1.07822e-27 9.83249e-26
4.97777e-12 1.06851e-27 9.72467e-26
5.00019e-12 1.05886e-27 9.61782e-26
5.02271e-12 1.04927e-27 9.51193e-26
5.04533e-12 1.03973e-27 9.40701e-26
5.06806e-12 1.03025e-27 9.30303e-26
5.09088e-12 1.02082e-27 9.20001e-26
5.11381e-12 1.01144e-27 9.09793e-26
5.13684e-12 1.00213e-27 8.99678e-26
5.15997e-12 9.92867e-28 8.89657e-26
5.18321e-12 9.83662e-28 8.79728e-26
5.20656e-12 9.74513e-28 8.69892e-26
5.23001e-12 9.65421e-28 8.60147e-26
5.25356e-12 9.56384e-28 8.50492e-26
5.27722e-12 9.47404e-28 8.40929e-26
5.30099e-12 9.38481e-28 8.31454e-26
5.32486e-12 9.29613e-28 8.2207e-26
5.34884e-12 9.20803e-28 8.12774e-26
5.37293e-12 9.12049e-28 8.03566e-26
5.39713e-12 9.03351e-28 7.94445e-26
5.42144e-12 8.94711e-28 7.85412e-26
5.44586e-12 8.86126e-28 7.76464e-26
5.47038e-12 8.77599e-28 7.67603e-26
5.49502e-12 8.69128e-28 7.58827e-26
5.51977e-12 8.60714e-28 7.50136e-26
5.54463e-12 8.52357e-28 7.41529e-26
5.5696e-12 8.44057e-28 7.33005e-26
5.59468e-12 8.35813e-28 7.24565e-26
5.61988e-12 8.27626e-28 7.16206e-26
5.64519e-12 8.19495e-28 7.0793e-26
5.67061e-12 8.11421e-28 6.99735e-26
5.69615e-12 8.03404e-28 6.91621e-26
5.72181e-12 7.95443e-28 6.83587e-26
5.74757e-12 7.87539e-28 6.75633e-26
5.77346e-12 7.79691e-28 6.67757e-26
5.79946e-12 7.719e-28 6.5996e-26
5.82558e-12 7.64165e-28 6.52241e-26
5.85182e-12 7.56486e-28 6.446e-26
5.87817e-12 7.48863e-28 6.37035e-26
5.90465e-12 7.41297e-28 6.29546e-26
5.93124e-12 7.33786e-28 6.22133e-26
5.95795e-12 7.26331e-28 6.14795e-26
5.98478e-12 7.18932e-28 6.07532e-26
6.01174e-12 7.11589e-28 6.00343e-26
6.03881e-12 7.04301e-28 5.93227e-26
6.06601e-12 6.97069e-28 5.86184e-26
6.09333e-12 6.89892e-28 5.79213e-26
6.12077e-12 6.82771e-28 5.72314e-26
6.14834e-12 6.75704e-28 5.65486e-26
6.17603e-12 6.68692e-28 5.58729e-26
6.20384e-12 6.61735e-28 5.52042e-26
6.23178e-12 6.54833e-28 5.45425e-26
6.25985e-12 6.47986e-28 5.38877e-26
6.28804e-12 6.41192e-28 5.32397e-26
6.31636e-12 6.34453e-28 5.25985e-26
6.34481e-12 6.27768e-28 5.1964e-26
6.37339e-12 6.21137e-28 5.13363e-26
6.40209e-12 6.1456e-28 5.07151e-26
6.43092e-12 6.08036e-28 5.01006e-26
6.45989e-12 6.01566e-28 4.94925e-26
6.48898e-12 5.95148e-28 4.8891e-26
6.5182e-12 5.88784e-28 4.82958e-26
6.54756e-12 5.82473e-28 4.7707e-26
6.57705e-12 5.76214e-28 4.71246e-26
6.60667e-12 5.70007e-28 4.65484e-26
6.63642e-12 5.63853e-28 4.59784e-26
6.66631e-12 5.57751e-28 4.54145e-26
6.69633e-12 5.51701e-28 4.48567e-26
6.72649e-12 5.45702e-28 4.4305e-26
6.75679e-12 5.39755e-28 4.37593e-26
6.78722e-12 5.33859e-28 4.32196e-26
6.81779e-12 5.28014e-28 4.26857e-26
6.84849e-12 5.2222e-28 4.21577e-26
6.87933e-12 5.16476e-28 4.16355e-26
6.91032e-12 5.10782e-28 4.1119e-26
6.94144e-12 5.05139e-28 4.06082e-26
6.9727e-12 4.99546e-28 4.01031e-26
7.0041e-12 4.94002e-28 3.96036e-26
7.03565e-12 4.88507e-28 3.91096e-26
7.06734e-12 4.83062e-28 3.8621e-26
7.09916e-12 4.77666e-28 3.8138e-26
7.13114e-12 4.72318e-28 3.76603e-26
7.16325e-12 4.67019e-28 3.7188e-26
7.19551e-12 4.61768e-28 3.6721e-26
7.22792e-12 4.56565e-28 3.62592e-26
7.26047e-12 4.51409e-28 3.58026e-26
7.29317e-12 4.46301e-28 3.53512e-26
7.32602e-12 4.41241e-28 3.49049e-26
7.35901e-12 4.36227e-28 3.44637e-26
7.39216e-12 4.3126e-28 3.40275e-26
7.42545e-12 4.26339e-28 3.35962e-26
7.45889e-12 4.21464e-28 3.31699e-26
7.49248e-12 4.16635e-28 3.27484e-26
7.52623e-12 4.11852e-28 3.23318e-26
7.56012e-12 4.07115e-28 3.19199e-26
7.59417e-12 4.02422e-28 3.15128e-26
7.62837e-12 3.97774e-28 3.11104e-26
7.66273e-12 3.93171e-28 3.07126e-26
7.69724e-12 3.88612e-28 3.03194e-26
7.73191e-12 3.84097e-28 2.99308e-26
7.76673e-12 3.79626e-28 2.95467e-26
7.80171e-12 3.75198e-28 2.91671e-26
7.83684e-12 3.70814e-28 2.87919e-26
7.87214e-12 3.66472e-28 2.84211e-26
7.90759e-12 3.62174e-28 2.80546e-26
7.94321e-12 3.57917e-28 2.76924e-26
7.97898e-12 3.53703e-28 2.73345e-26
8.01492e-12 3.4953e-28 2.69808e-26
8.05101e-12 3.45399e-28 2.66313e-26
8.08727e-12 3.41309e-28 2.62859e-26
8.12369e-12 3.37261e-28 2.59446e-26
8.16028e-12 3.33253e-28 2.56073e-26
8.19703e-12 3.29285e-28 2.52741e-26
8.23395e-12 3.25358e-28 2.49448e-26
8.27103e-12 3.2147e-28 2.46194e-26
8.30828e-12 3.17623e-28 2.4298e-26
8.3457e-12 3.13814e-28 2.39803e-26
8.38329e-12 3.10044e-28 2.36665e-26
8.42104e-12 3.06314e-28 2.33565e-26
8.45897e-12 3.02621e-28 2.30502e-26
8.49707e-12 2.98967e-28 2.27475e-26
8.53534e-12 2.95351e-28 2.24486e-26
8.57378e-12 2.91773e-28 2.21532e-26
8.61239e-12 2.88231e-28 2.18615e-26
8.65118e-12 2.84727e-28 2.15732e-26
8.69014e-12 2.8126e-28 2.12885e-26
8.72928e-12 2.77829e-28 2.10072e-26
8.76859e-12 2.74435e-28 2.07294e-26
8.80808e-12 2.71076e-28 2.0455e-26
8.84775e-12 2.67753e-28 2.01839e-26
8.8876e-12 2.64465e-28 1.99161e-26
8.92763e-12 2.61213e-28 1.96517e-26
8.96783e-12 2.57995e-28 1.93905e-26
9.00822e-12 2.54812e-28 1.91325e-26
9.04879e-12 2.51664e-28 1.88777e-26
9.08955e-12 2.48549e-28 1.8626e-26
9.13048e-12 2.45468e-28 1.83774e-26
9.1716e-12 2.4242e-28 1.8132e-26
9.21291e-12 2.39406e-28 1.78896e-26
9.2544e-12 2.36425e-28 1.76501e-26
9.29608e-12 2.33476e-28 1.74137e-26
9.33795e-12 2.30559e-28 1.71802e-26
9.38e-12 2.27675e-28 1.69497e-26
9.42225e-12 2.24823e-28 1.6722e-26
9.46468e-12 2.22002e-28 1.64972e-26
9.50731e-12 2.19212e-28 1.62752e-26
9.55013e-12 2.16453e-28 1.6056e-26
9.59314e-12 2.13725e-28 1.58395e-26
9.63634e-12 2.11028e-28 1.56258e-26
9.67974e-12 2.08361e-28 1.54148e-26
9.72334e-12 2.05723e-28 1.52064e-26
9.76713e-12 2.03116e-28 1.50007e-26
9.81112e-12 2.00538e-28 1.47976e-26
9.8553e-12 1.97989e-28 1.4597e-26
9.89969e-12 1.95468e-28 1.4399e-26
9.94427e-12 1.92977e-28 1.42036e-26
9.98906e-12 1.90514e-28 1.40106e-26
1.0034e-11 1.88079e-28 1.38201e-26
1.00792e-11 1.85672e-28 1.3632e-26
1.01246e-11 1.83292e-28 1.34463e-26
1.01702e-11 1.8094e-28 1.3263e-26
1.0216e-11 1.78615e-28 1.30821e-26
1.0262e-11 1.76317e-28 1.29035e-26
1.03083e-11 1.74045e-28 1.27272e-26
1.03547e-11 1.718e-28 1.25531e-26
1.04013e-11 1.69581e-28 1.23813e-26
1.04482e-11 1.67388e-28 1.22117e-26
1.04952e-11 1.6522e-28 1.20444e-26
1.05425e-11 1.63078e-28 1.18791e-26
1.059e-11 1.6096e-28 1.17161e-26
1.06377e-11 1.58868e-28 1.15551e-26
1.06856e-11 1.56801e-28 1.13962e-26
1.07337e-11 1.54757e-28 1.12394e-26
1.0782e-11 1.52738e-28 1.10847e-26
1.08306e-11 1.50743e-28 1.09319e-26
1.08794e-11 1.48772e-28 1.07812e-26
1.09284e-11 1.46824e-28 1.06324e-26
1.09776e-11 1.44899e-28 1.04856e-26
1.1027e-11 1.42997e-28 1.03407e-26
1.10767e-11 1.41118e-28 1.01977e-26
1.11266e-11 1.39262e-28 1.00566e-26
1.11767e-11 1.37428e-28 9.91732e-27
1.1227e-11 1.35616e-28 9.77989e-27
1.12776e-11 1.33825e-28 9.64428e-27
1.13284e-11 1.32057e-28 9.51045e-27
1.13794e-11 1.3031e-28 9.37839e-27
1.14307e-11 1.28584e-28 9.24808e-27
1.14821e-11 1.26879e-28 9.1195e-27
1.15338e-11 1.25195e-28 8.99262e-27
1.15858e-11 1.23531e-28 8.86743e-27
1.1638e-11 1.21888e-28 8.7439e-27
1.16904e-11 1.20265e-28 8.62201e-27
1.1743e-11 1.18662e-28 8.50174e-27
1.17959e-11 1.17078e-28 8.38308e-27
1.1849e-11 1.15514e-28 8.266e-27
1.19024e-11 1.13969e-28 8.15049e-27
1.1956e-11 1.12444e-28 8.03652e-27
1.20099e-11 1.10937e-28 7.92408e-27
1.2064e-11 1.09449e-28 7.81314e-27
1.21183e-11 1.07979e-28 7.70369e-27
1.21729e-11 1.06528e-28 7.59571e-27
1.22277e-11 1.05095e-28 7.48918e-27
1.22828e-11 1.0368e-28 7.38409e-27
1.23381e-11 1.02282e-28 7.28041e-27
1.23936e-11 1.00902e-28 7.17813e-27
1.24495e-11 9.95395e-29 7.07722e-27
1.25055e-11 9.81939e-29 6.97768e-27
1.25618e-11 9.68652e-29 6.87949e-27
1.26184e-11 9.55534e-29 6.78263e-27
1.26753e-11 9.4258e-29 6.68707e-27
1.27323e-11 9.29791e-29 6.59281e-27
1.27897e-11 9.17164e-29 6.49984e-27
1.28473e-11 9.04697e-29 6.40812e-27
1.29051e-11 8.92389e-29 6.31765e-27
1.29633e-11 8.80237e-29 6.22841e-27
1.30216e-11 8.6824e-29 6.14039e-27
1.30803e-11 8.56396e-29 6.05356e-27
1.31392e-11 8.44704e-29 5.96792e-27
1.31984e-11 8.33162e-29 5.88345e-27
1.32578e-11 8.21768e-29 5.80014e-27
1.33175e-11 8.1052e-29 5.71796e-27
1.33775e-11 7.99417e-29 5.63691e-27
1.34378e-11 7.88456e-29 5.55697e-27
1.34983e-11 7.77638e-29 5.47812e-27
1.35591e-11 7.66959e-29 5.40036e-27
1.36201e-11 7.56418e-29 5.32366e-27
1.36815e-11 7.46014e-29 5.24802e-27
1.37431e-11 7.35745e-29 5.17342e-27
1.3805e-11 7.25609e-29 5.09984e-27
1.38672e-11 7.15605e-29 5.02728e-27
1.39296e-11 7.05732e-29 4.95572e-27
1.39923e-11 6.95987e-29 4.88515e-27
1.40554e-11 6.86369e-29 4.81555e-27
1.41187e-11 6.76878e-29 4.74691e-27
1.41823e-11 6.67511e-29 4.67923e-27
1.42461e-11 6.58266e-29 4.61247e-27
1.43103e-11 6.49143e-29 4.54665e-27
1.43747e-11 6.4014e-29 4.48173e-27
1.44395e-11 6.31256e-29 4.41772e-27
1.45045e-11 6.22488e-29 4.35459e-27
1.45698e-11 6.13837e-29 4.29234e-27
1.46354e-11 6.05299e-29 4.23096e-27
1.47014e-11 5.96875e-29 4.17043e-27
1.47676e-11 5.88562e-29 4.11074e-27
1.48341e-11 5.8036e-29 4.05189e-27
1.49009e-11 5.72266e-29 3.99385e-27
1.4968e-11 5.6428e-29 3.93662e-27
1.50354e-11 5.56401e-29 3.8802e-27
1.51031e-11 5.48626e-29 3.82456e-27
1.51711e-11 5.40955e-29 3.76969e-27
1.52395e-11 5.33387e-29 3.7156e-27
1.53081e-11 5.2592e-29 3.66226e-27
1.5377e-11 5.18553e-29 3.60967e-27
1.54463e-11 5.11284e-29 3.55781e-27
1.55159e-11 5.04113e-29 3.50668e-27
1.55857e-11 4.97039e-29 3.45627e-27
1.56559e-11 4.90059e-29 3.40657e-27
1.57265e-11 4.83174e-29 3.35756e-27
1.57973e-11 4.76381e-29 3.30925e-27
1.58684e-11 4.6968e-29 3.26161e-27
1.59399e-11 4.6307e-29 3.21464e-27
1.60117e-11 4.56549e-29 3.16833e-27
1.60838e-11 4.50116e-29 3.12268e-27
1.61562e-11 4.4377e-29 3.07767e-27
1.6229e-11 4.37511e-29 3.03329e-27
1.63021e-11 4.31336e-29 2.98954e-27
1.63755e-11 4.25245e-29 2.9464e-27
1.64493e-11 4.19237e-29 2.90388e-27
1.65233e-11 4.13311e-29 2.86196e-27
1.65978e-11 4.07466e-29 2.82062e-27
1.66725e-11 4.017e-29 2.77988e-27
1.67476e-11 3.96013e-29 2.73971e-27
1.6823e-11 3.90404e-29 2.70011e-27
1.68988e-11 3.84872e-29 2.66107e-27
1.69749e-11 3.79415e-29 2.62258e-27
1.70513e-11 3.74034e-29 2.58464e-27
1.71281e-11 3.68726e-29 2.54723e-27
1.72053e-11 3.63491e-29 2.51036e-27
1.72828e-11 3.58327e-29 2.47401e-27
1.73606e-11 3.53235e-29 2.43818e-27
1.74388e-11 3.48213e-29 2.40286e-27
1.75173e-11 3.43261e-29 2.36804e-27
1.75962e-11 3.38376e-29 2.33371e-27
1.76755e-11 3.33559e-29 2.29987e-27
1.77551e-11 3.28809e-29 2.26652e-27
1.7835e-11 3.24124e-29 2.23363e-27
1.79154e-11 3.19504e-29 2.20122e-27
1.7996e-11 3.14948e-29 2.16927e-27
1.80771e-11 3.10455e-29 2.13778e-27
1.81585e-11 3.06025e-29 2.10673e-27
1.82403e-11 3.01656e-29 2.07613e-27
1.83224e-11 2.97347e-29 2.04596e-27
1.8405e-11 2.93099e-29 2.01623e-27
1.84878e-11 2.8891e-29 1.98692e-27
1.85711e-11 2.84779e-29 1.95803e-27
1.86547e-11 2.80705e-29 1.92955e-27
1.87388e-11 2.76689e-29 1.90148e-27
1.88232e-11 2.72729e-29 1.87381e-27
1.89079e-11 2.68823e-29 1.84654e-27
1.89931e-11 2.64973e-29 1.81966e-27
1.90786e-11 2.61176e-29 1.79316e-27
1.91646e-11 2.57433e-29 1.76704e-27
1.92509e-11 2.53742e-29 1.7413e-27
1.93376e-11 2.50102e-29 1.71592e-27
1.94247e-11 2.46514e-29 1.69091e-27
1.95121e-11 2.42976e-29 1.66626e-27
1.96e-11 2.39488e-29 1.64196e-27
1.96883e-11 2.36049e-29 1.61802e-27
1.9777e-11 2.32658e-29 1.59441e-27
1.9866e-11 2.29315e-29 1.57114e-27
1.99555e-11 2.26019e-29 1.54821e-27
2.00454e-11 2.2277e-29 1.52561e-27
2.01357e-11 2.19566e-29 1.50333e-27
2.02263e-11 2.16407e-29 1.48138e-27
2.03174e-11 2.13293e-29 1.45974e-27
2.04089e-11 2.10224e-29 1.43841e-27
2.05008e-11 2.07197e-29 1.41739e-27
2.05932e-11 2.04213e-29 1.39667e-27
2.06859e-11 2.01272e-29 1.37624e-27
2.07791e-11 1.98372e-29 1.35612e-27
2.08727e-11 1.95514e-29 1.33628e-27
2.09667e-11 1.92695e-29 1.31673e-27
2.10611e-11 1.89917e-29 1.29746e-27
2.1156e-11 1.87178e-29 1.27847e-27
2.12512e-11 1.84479e-29 1.25975e-27
2.13469e-11 1.81817e-29 1.2413e-27
2.14431e-11 1.79193e-29 1.22312e-27
2.15397e-11 1.76607e-29 1.2052e-27
2.16367e-11 1.74058e-29 1.18754e-27
2.17341e-11 1.71544e-29 1.17013e-27
2.1832e-11 1.69067e-29 1.15298e-27
2.19303e-11 1.66625e-29 1.13607e-27
2.20291e-11 1.64218e-29 1.11941e-27
2.21283e-11 1.61845e-29 1.10299e-27
2.2228e-11 1.59506e-29 1.0868e-27
2.23281e-11 1.572e-29 1.07085e-27
2.24286e-11 1.54927e-29 1.05513e-27
2.25296e-11 1.52687e-29 1.03964e-27
2.26311e-11 1.50479e-29 1.02437e-27
2.2733e-11 1.48303e-29 1.00932e-27
2.28354e-11 1.46157e-29 9.94494e-28
2.29383e-11 1.44043e-29 9.79878e-28
2.30416e-11 1.41958e-29 9.65474e-28
2.31453e-11 1.39904e-29 9.51278e-28
2.32496e-11 1.37879e-29 9.37287e-28
2.33543e-11 1.35883e-29 9.235e-28
2.34595e-11 1.33915e-29 9.09911e-28
2.35651e-11 1.31976e-29 8.9652e-28
2.36713e-11 1.30065e-29 8.83322e-28
2.37779e-11 1.28181e-29 8.70316e-28
2.3885e-11 1.26325e-29 8.57498e-28
2.39925e-11 1.24495e-29 8.44865e-28
2.41006e-11 1.22691e-29 8.32416e-28
2.42091e-11 1.20913e-29 8.20147e-28
2.43182e-11 1.19161e-29 8.08055e-28
2.44277e-11 1.17434e-29 7.96139e-28
2.45377e-11 1.15732e-29 7.84396e-28
2.46482e-11 1.14055e-29 7.72822e-28
2.47592e-11 1.12402e-29 7.61417e-28
2.48707e-11 1.10772e-29 7.50177e-28
2.49827e-11 1.09166e-29 7.391e-28
2.50952e-11 1.07584e-29 7.28183e-28
2.52083e-11 1.06024e-29 7.17425e-28
2.53218e-11 1.04486e-29 7.06822e-28
2.54358e-11 1.02971e-29 6.96374e-28
2.55504e-11 1.01478e-29 6.86076e-28
2.56655e-11 1.00006e-29 6.75929e-28
2.57811e-11 9.85559e-30 6.65928e-28
2.58972e-11 9.71265e-30 6.56072e-28
2.60138e-11 9.57177e-30 6.4636e-28
2.6131e-11 9.43294e-30 6.36788e-28
2.62486e-11 9.29611e-30 6.27355e-28
2.63669e-11 9.16127e-30 6.18059e-28
2.64856e-11 9.02838e-30 6.08898e-28
2.66049e-11 8.89741e-30 5.99869e-28
2.67247e-11 8.76835e-30 5.90972e-28
2.68451e-11 8.64115e-30 5.82204e-28
2.6966e-11 8.5158e-30 5.73562e-28
2.70874e-11 8.39226e-30 5.65047e-28
2.72094e-11 8.27052e-30 5.56654e-28
2.7332e-11 8.15055e-30 5.48384e-28
2.74551e-11 8.03231e-30 5.40233e-28
2.75787e-11 7.91579e-30 5.32201e-28
2.77029e-11 7.80097e-30 5.24285e-28
2.78277e-11 7.68781e-30 5.16484e-28
2.7953e-11 7.57629e-30 5.08796e-28
2.80789e-11 7.4664e-30 5.0122e-28
2.82054e-11 7.3581e-30 4.93754e-28
2.83324e-11 7.25137e-30 4.86396e-28
2.846e-11 7.1462e-30 4.79144e-28
2.85882e-11 7.04256e-30 4.71998e-28
2.87169e-11 6.94042e-30 4.64955e-28
2.88462e-11 6.83977e-30 4.58015e-28
2.89762e-11 6.74058e-30 4.51175e-28
2.91067e-11 6.64284e-30 4.44435e-28
2.92377e-11 6.54652e-30 4.37792e-28
2.93694e-11 6.4516e-30 4.31245e-28
2.95017e-11 6.35806e-30 4.24794e-28
2.96346e-11 6.26589e-30 4.18436e-28
2.9768e-11 6.17506e-30 4.1217e-28
2.99021e-11 6.08554e-30 4.05995e-28
3.00368e-11 5.99734e-30 3.99909e-28
3.0172e-11 5.91042e-30 3.93912e-28
3.03079e-11 5.82476e-30 3.88001e-28
3.04444e-11 5.74036e-30 3.82177e-28
3.05815e-11 5.65718e-30 3.76436e-28
3.07193e-11 5.57521e-30 3.70779e-28
3.08576e-11 5.49444e-30 3.65204e-28
3.09966e-11 5.41485e-30 3.59709e-28
3.11362e-11 5.33642e-30 3.54295e-28
3.12764e-11 5.25913e-30 3.48958e-28
3.14173e-11 5.18297e-30 3.43699e-28
3.15588e-11 5.10792e-30 3.38516e-28
3.17009e-11 5.03397e-30 3.33408e-28
3.18437e-11 4.96109e-30 3.28374e-28
3.19871e-11 4.88928e-30 3.23413e-28
3.21312e-11 4.81851e-30 3.18524e-28
3.22759e-11 4.74878e-30 3.13705e-28
3.24212e-11 4.68006e-30 3.08957e-28
3.25672e-11 4.61235e-30 3.04276e-28
3.27139e-11 4.54563e-30 2.99664e-28
3.28612e-11 4.47988e-30 2.95118e-28
3.30092e-11 4.41508e-30 2.90639e-28
3.31579e-11 4.35124e-30 2.86224e-28
3.33072e-11 4.28833e-30 2.81872e-28
3.34573e-11 4.22633e-30 2.77584e-28
3.36079e-11 4.16524e-30 2.73358e-28
3.37593e-11 4.10504e-30 2.69192e-28
3.39113e-11 4.04572e-30 2.65087e-28
3.40641e-11 3.98727e-30 2.61042e-28
3.42175e-11 3.92967e-30 2.57054e-28
3.43716e-11 3.87291e-30 2.53125e-28
3.45264e-11 3.81698e-30 2.49252e-28
3.46819e-11 3.76187e-30 2.45435e-28
3.48381e-11 3.70756e-30 2.41673e-28
3.4995e-11 3.65405e-30 2.37965e-28
3.51526e-11 3.60131e-30 2.34311e-28
3.53109e-11 3.54935e-30 2.3071e-28
3.54699e-11 3.49815e-30 2.27161e-28
3.56297e-11 3.44769e-30 2.23662e-28
3.57901e-11 3.39797e-30 2.20215e-28
3.59513e-11 3.34897e-30 2.16817e-28
3.61132e-11 3.3007e-30 2.13468e-28
3.62759e-11 3.25312e-30 2.10167e-28
3.64393e-11 3.20624e-30 2.06914e-28
3.66034e-11 3.16005e-30 2.03708e-28
3.67682e-11 3.11453e-30 2.00548e-28
3.69338e-11 3.06967e-30 1.97433e-28
3.71002e-11 3.02547e-30 1.94364e-28
3.72672e-11 2.98192e-30 1.91338e-28
3.74351e-11 2.939e-30 1.88356e-28
3.76037e-11 2.8967e-30 1.85417e-28
3.7773e-11 2.85503e-30 1.8252e-28
3.79432e-11 2.81396e-30 1.79665e-28
3.8114e-11 2.77349e-30 1.76851e-28
3.82857e-11 2.73362e-30 1.74078e-28
3.84581e-11 2.69432e-30 1.71344e-28
3.86313e-11 2.6556e-30 1.6865e-28
3.88053e-11 2.61745e-30 1.65994e-28
3.89801e-11 2.57985e-30 1.63377e-28
3.91556e-11 2.54279e-30 1.60797e-28
3.9332e-11 2.50628e-30 1.58254e-28
3.95091e-11 2.47031e-30 1.55748e-28
3.96871e-11 2.43485e-30 1.53278e-28
3.98658e-11 2.39992e-30 1.50843e-28
4.00453e-11 2.36549e-30 1.48443e-28
4.02257e-11 2.33157e-30 1.46077e-28
4.04069e-11 2.29814e-30 1.43746e-28
4.05888e-11 2.2652e-30 1.41448e-28
4.07716e-11 2.23274e-30 1.39183e-28
4.09553e-11 2.20075e-30 1.3695e-28
4.11397e-11 2.16923e-30 1.34749e-28
4.1325e-11 2.13816e-30 1.3258e-28
4.15111e-11 2.10755e-30 1.30442e-28
4.16981e-11 2.07739e-30 1.28334e-28
4.18859e-11 2.04767e-30 1.26257e-28
4.20745e-11 2.01837e-30 1.24209e-28
4.2264e-11 1.98951e-30 1.22191e-28
4.24543e-11 1.96107e-30 1.20201e-28
4.26455e-11 1.93304e-30 1.1824e-28
4.28376e-11 1.90542e-30 1.16307e-28
4.30305e-11 1.8782e-30 1.14402e-28
4.32243e-11 1.85137e-30 1.12523e-28
4.3419e-11 1.82494e-30 1.10672e-28
4.36146e-11 1.79889e-30 1.08847e-28
4.3811e-11 1.77322e-30 1.07048e-28
4.40083e-11 1.74793e-30 1.05275e-28
4.42065e-11 1.723e-30 1.03527e-28
4.44056e-11 1.69844e-30 1.01804e-28
4.46056e-11 1.67423e-30 1.00106e-28
4.48065e-11 1.65037e-30 9.84315e-29
4.50083e-11 1.62687e-30 9.67811e-29
4.5211e-11 1.6037e-30 9.51542e-29
4.54146e-11 1.58087e-30 9.35505e-29
4.56191e-11 1.55837e-30 9.19697e-29
4.58246e-11 1.5362e-30 9.04113e-29
4.6031e-11 1.51435e-30 8.88751e-29
4.62383e-11 1.49282e-30 8.73607e-29
4.64465e-11 1.4716e-30 8.58679e-29
4.66557e-11 1.45069e-30 8.43963e-29
4.68658e-11 1.43008e-30 8.29456e-29
4.70769e-11 1.40978e-30 8.15155e-29
4.72889e-11 1.38976e-30 8.01058e-29
4.75019e-11 1.37004e-30 7.8716e-29
4.77158e-11 1.3506e-30 7.7346e-29
4.79307e-11 1.33145e-30 7.59954e-29
4.81466e-11 1.31257e-30 7.46639e-29
4.83634e-11 1.29397e-30 7.33513e-29
4.85812e-11 1.27563e-30 7.20574e-29
4.88e-11 1.25756e-30 7.07817e-29
4.90198e-11 1.23976e-30 6.95242e-29
4.92406e-11 1.22221e-30 6.82844e-29
4.94623e-11 1.20492e-30 6.70622e-29
4.96851e-11 1.18787e-30 6.58573e-29
4.99089e-11 1.17108e-30 6.46694e-29
5.01336e-11 1.15452e-30 6.34983e-29
5.03594e-11 1.13821e-30 6.23438e-29
5.05862e-11 1.12213e-30 6.12056e-29
5.08141e-11 1.10628e-30 6.00835e-29
5.10429e-11 1.09067e-30 5.89772e-29
5.12728e-11 1.07528e-30 5.78865e-29
5.15037e-11 1.06011e-30 5.68113e-29
5.17357e-11 1.04516e-30 5.57511e-29
5.19687e-11 1.03043e-30 5.4706e-29
5.22027e-11 1.01591e-30 5.36756e-29
5.24378e-11 1.0016e-30 5.26596e-29
5.2674e-11 9.87494e-31 5.1658e-29
5.29112e-11 9.73594e-31 5.06706e-29
5.31495e-11 9.59895e-31 4.9697e-29
5.33889e-11 9.46393e-31 4.87371e-29
5.36293e-11 9.33086e-31 4.77907e-29
5.38709e-11 9.19971e-31 4.68576e-29
5.41135e-11 9.07045e-31 4.59376e-29
5.43572e-11 8.94305e-31 4.50306e-29
5.4602e-11 8.81749e-31 4.41363e-29
5.48479e-11 8.69374e-31 4.32545e-29
5.50949e-11 8.57177e-31 4.23851e-29
5.53431e-11 8.45155e-31 4.1528e-29
5.55923e-11 8.33307e-31 4.06828e-29
5.58427e-11 8.21629e-31 3.98495e-29
5.60942e-11 8.1012e-31 3.90279e-29
5.63468e-11 7.98776e-31 3.82178e-29
5.66006e-11 7.87594e-31 3.7419e-29
5.68555e-11 7.76574e-31 3.66314e-29
5.71116e-11 7.65712e-31 3.58548e-29
5.73688e-11 7.55006e-31 3.50891e-29
5.76272e-11 7.44454e-31 3.43341e-29
5.78867e-11 7.34054e-31 3.35896e-29
5.81474e-11 7.23802e-31 3.28556e-29
5.84093e-11 7.13698e-31 3.21318e-29
5.86723e-11 7.03739e-31 3.14181e-29
5.89366e-11 6.93923e-31 3.07143e-29
5.9202e-11 6.84247e-31 3.00204e-29
5.94686e-11 6.7471e-31 2.93362e-29
5.97365e-11 6.6531e-31 2.86615e-29
6.00055e-11 6.56045e-31 2.79962e-29
6.02758e-11 6.46912e-31 2.73401e-29
6.05472e-11 6.3791e-31 2.66932e-29
6.08199e-11 6.29037e-31 2.60553e-29
6.10938e-11 6.2029e-31 2.54262e-29
6.1369e-11 6.11669e-31 2.4806e-29
6.16454e-11 6.03171e-31 2.41943e-29
6.1923e-11 5.94795e-31 2.35911e-29
6.22019e-11 5.86538e-31 2.29963e-29
6.2482e-11 5.784e-31 2.24098e-29
6.27634e-11 5.70377e-31 2.18314e-29
6.30461e-11 5.62469e-31 2.1261e-29
6.333e-11 5.54674e-31 2.06985e-29
6.36152e-11 5.4699e-31 2.01439e-29
6.39017e-11 5.39416e-31 1.95969e-29
6.41895e-11 5.3195e-31 1.90575e-29
6.44786e-11 5.2459e-31 1.85255e-29
6.4769e-11 5.17335e-31 1.80009e-29
6.50607e-11 5.10183e-31 1.74836e-29
6.53537e-11 5.03134e-31 1.69734e-29
6.56481e-11 4.96184e-31 1.64703e-29
6.59437e-11 4.89334e-31 1.59741e-29
6.62407e-11 4.82581e-31 1.54847e-29
6.65391e-11 4.75924e-31 1.50022e-29
6.68387e-11 4.69361e-31 1.45262e-29
6.71398e-11 4.62892e-31 1.40569e-29
6.74421e-11 4.56515e-31 1.3594e-29
6.77459e-11 4.50228e-31 1.31375e-29
6.8051e-11 4.44031e-31 1.26872e-29
6.83575e-11 4.37921e-31 1.22432e-29
6.86653e-11 4.31898e-31 1.18053e-29
6.89746e-11 4.25961e-31 1.13734e-29
6.92852e-11 4.20108e-31 1.09474e-29
6.95973e-11 4.14338e-31 1.05273e-29
6.99107e-11 4.08649e-31 1.0113e-29
7.02256e-11 4.03041e-31 9.70434e-30
7.05418e-11 3.97512e-31 9.3013e-30
7.08595e-11 3.92062e-31 8.90379e-30
7.11787e-11 3.86689e-31 8.51173e-30
7.14992e-11 3.81391e-31 8.12504e-30
7.18212e-11 3.76169e-31 7.74365e-30
7.21447e-11 3.7102e-31 7.36748e-30
7.24696e-11 3.65944e-31 6.99646e-30
7.2796e-11 3.6094e-31 6.63051e-30
7.31239e-11 3.56007e-31 6.26957e-30
7.34532e-11 3.51143e-31 5.91357e-30
7.3784e-11 3.46347e-31 5.56242e-30
7.41163e-11 3.41619e-31 5.21608e-30
7.44501e-11 3.36958e-31 4.87446e-30
7.47854e-11 3.32363e-31 4.5375e-30
7.51222e-11 3.27832e-31 4.20514e-30
7.54605e-11 3.23365e-31 3.87731e-30
7.58004e-11 3.1896e-31 3.55394e-30
7.61418e-11 3.14618e-31 3.23498e-30
7.64847e-11 3.10337e-31 2.92036e-30
7.68292e-11 3.06116e-31 2.61003e-30
7.71752e-11 3.01954e-31 2.30391e-30
7.75228e-11 2.97851e-31 2.00196e-30
7.78719e-11 2.93805e-31 1.7041e-30
7.82226e-11 2.89816e-31 1.4103e-30
7.85749e-11 2.85883e-31 1.12048e-30
7.89288e-11 2.82006e-31 8.346e-31
7.92842e-11 2.78182e-31 5.52594e-31
7.96413e-11 2.74412e-31 2.74412e-31
