1e-14 0 7.14819e-55
1.0045e-14 0 7.14819e-55
1.00903e-14 0 7.14819e-55
1.01357e-14 0 7.14819e-55
1.01814e-14 0 7.14819e-55
1.02272e-14 0 7.14819e-55
1.02733e-14 0 7.14819e-55
1.03196e-14 0 7.14819e-55
1.0366e-14 0 7.14819e-55
1.04127e-14 0 7.14819e-55
1.04596e-14 0 7.14819e-55
1.05067e-14 0 7.14819e-55
1.0554e-14 0 7.14819e-55
1.06016e-14 0 7.14819e-55
1.06493e-14 2.09563e-72 7.14819e-55
1.06973e-14 9.80916e-72 7.14819e-55
1.07455e-14 1.23114e-71 7.14819e-55
1.07938e-14 1.58792e-71 7.14819e-55
1.08425e-14 2.09449e-71 7.14819e-55
1.08913e-14 3.01513e-71 7.14819e-55
1.09403e-14 4.56366e-71 7.14819e-55
1.09896e-14 5.87598e-71 7.14819e-55
1.10391e-14 8.74228e-71 7.14819e-55
1.10888e-14 1.09757e-70 7.14819e-55
1.11388e-14 1.25955e-70 7.14819e-55
1.11889e-14 1.54694e-70 7.14819e-55
1.12393e-14 1.7884e-70 7.14819e-55
1.12899e-14 2.03243e-70 7.14819e-55
1.13408e-14 2.27908e-70 7.14819e-55
1.13919e-14 2.57969e-70 7.14819e-55
1.14432e-14 2.74883e-70 7.14819e-55
1.14947e-14 3.00995e-70 7.14819e-55
1.15465e-14 3.20755e-70 7.14819e-55
1.15985e-14 3.46208e-70 7.14819e-55
1.16507e-14 3.6819e-70 7.14819e-55
1.17032e-14 3.95728e-70 7.14819e-55
1.17559e-14 4.17995e-70 7.14819e-55
1.18088e-14 4.39718e-70 7.14819e-55
1.1862e-14 4.75447e-70 7.14819e-55
1.19154e-14 5.06714e-70 7.14819e-55
1.19691e-14 5.39536e-70 7.14819e-55
1.2023e-14 5.7581e-70 7.14819e-55
1.20772e-14 6.27221e-70 7.14819e-55
1.21316e-14 6.72033e-70 7.14819e-55
1.21862e-14 7.24739e-70 7.14819e-55
1.22411e-14 7.74861e-70 7.14819e-55
1.22962e-14 8.15168e-70 7.14819e-55
1.23516e-14 8.75705e-70 7.14819e-55
1.24072e-14 9.36675e-70 7.14819e-55
1.24631e-14 9.91553e-70 7.14819e-55
1.25192e-14 1.06233e-69 7.14819e-55
1.25756e-14 1.11308e-69 7.14819e-55
1.26322e-14 1.18874e-69 7.14819e-55
1.26891e-14 1.272e-69 7.14819e-55
1.27463e-14 1.3439e-69 7.14819e-55
1.28037e-14 1.41751e-69 7.14819e-55
1.28613e-14 1.49942e-69 7.14819e-55
1.29193e-14 1.59806e-69 7.14819e-55
1.29775e-14 1.69023e-69 7.14819e-55
1.30359e-14 1.79289e-69 7.14819e-55
1.30946e-14 1.89739e-69 7.14819e-55
1.31536e-14 2.01954e-69 7.14819e-55
1.32128e-14 2.14274e-69 7.14819e-55
1.32723e-14 2.27409e-69 7.14819e-55
1.33321e-14 2.40921e-69 7.14819e-55
1.33922e-14 2.52661e-69 7.14819e-55
1.34525e-14 2.66222e-69 7.14819e-55
1.35131e-14 2.81767e-69 7.14819e-55
1.35739e-14 2.95893e-69 7.14819e-55
1.3635e-14 3.12196e-69 7.14819e-55
1.36965e-14 3.2864e-69 7.14819e-55
1.37581e-14 3.46111e-69 7.14819e-55
1.38201e-14 3.64145e-69 7.14819e-55
1.38823e-14 3.8307e-69 7.14819e-55
1.39449e-14 4.02727e-69 7.14819e-55
1.40077e-14 4.23673e-69 7.14819e-55
1.40708e-14 4.44966e-69 7.14819e-55
1.41341e-14 4.68142e-69 7.14819e-55
1.41978e-14 4.91297e-69 7.14819e-55
1.42617e-14 5.15593e-69 7.14819e-55
1.4326e-14 5.4444e-69 7.14819e-55
1.43905e-14 5.7345e-69 7.14819e-55
1.44553e-14 6.04772e-69 7.14819e-55
1.45204e-14 6.36469e-69 7.14819e-55
1.45858e-14 6.68172e-69 7.14819e-55
1.46515e-14 7.02494e-69 7.14819e-55
1.47175e-14 7.40429e-69 7.14819e-55
1.47837e-14 7.77826e-69 7.14819e-55
1.48503e-14 8.17113e-69 7.14819e-55
1.49172e-14 8.5826e-69 7.14819e-55
1.49844e-14 9.00207e-69 7.14819e-55
1.50519e-14 9.46253e-69 7.14819e-55
1.51197e-14 9.93554e-69 7.14819e-55
1.51878e-14 1.04316e-68 7.14819e-55
1.52562e-14 1.09654e-68 7.14819e-55
1.53249e-14 1.15189e-68 7.14819e-55
1.53939e-14 1.21093e-68 7.14819e-55
1.54632e-14 1.27225e-68 7.14819e-55
1.55329e-14 1.33407e-68 7.14819e-55
1.56028e-14 1.39967e-68 7.14819e-55
1.56731e-14 1.4698e-68 7.14819e-55
1.57437e-14 1.54733e-68 7.14819e-55
1.58146e-14 1.62343e-68 7.14819e-55
1.58858e-14 1.70581e-68 7.14819e-55
1.59573e-14 1.79149e-68 7.14819e-55
1.60292e-14 1.88053e-68 7.14819e-55
1.61014e-14 1.9748e-68 7.14819e-55
1.61739e-14 2.07454e-68 7.14819e-55
1.62468e-14 2.17657e-68 7.14819e-55
1.63199e-14 2.28504e-68 7.14819e-55
1.63934e-14 2.39794e-68 7.14819e-55
1.64673e-14 2.51864e-68 7.14819e-55
1.65414e-14 2.64322e-68 7.14819e-55
1.66159e-14 2.77158e-68 7.14819e-55
1.66908e-14 2.90821e-68 7.14819e-55
1.67659e-14 3.05077e-68 7.14819e-55
1.68414e-14 3.20033e-68 7.14819e-55
1.69173e-14 3.35427e-68 7.14819e-55
1.69935e-14 3.51636e-68 7.14819e-55
1.707e-14 3.68715e-68 7.14819e-55
1.71469e-14 3.86572e-68 7.14819e-55
1.72241e-14 4.05037e-68 7.14819e-55
1.73017e-14 4.24726e-68 7.14819e-55
1.73796e-14 4.45064e-68 7.14819e-55
1.74579e-14 4.66475e-68 7.14819e-55
1.75365e-14 4.88707e-68 7.14819e-55
1.76155e-14 5.12251e-68 7.14819e-55
1.76948e-14 5.3634e-68 7.14819e-55
1.77745e-14 5.61794e-68 7.14819e-55
1.78546e-14 5.88698e-68 7.14819e-55
1.7935e-14 6.16907e-68 7.14819e-55
1.80158e-14 6.45905e-68 7.14819e-55
1.80969e-14 6.76655e-68 7.14819e-55
1.81784e-14 7.08671e-68 7.14819e-55
1.82603e-14 7.42115e-68 7.14819e-55
1.83425e-14 7.77477e-68 7.14819e-55
1.84251e-14 8.14084e-68 7.14819e-55
1.85081e-14 8.52387e-68 7.14819e-55
1.85914e-14 8.92673e-68 7.14819e-55
1.86752e-14 9.34862e-68 7.14819e-55
1.87593e-14 9.78772e-68 7.14819e-55
1.88438e-14 1.02468e-67 7.14819e-55
1.89286e-14 1.0728e-67 7.14819e-55
1.90139e-14 1.1234e-67 7.14819e-55
1.90995e-14 1.17582e-67 7.14819e-55
1.91855e-14 1.23077e-67 7.14819e-55
1.92719e-14 1.28852e-67 7.14819e-55
1.93587e-14 1.34857e-67 7.14819e-55
1.94459e-14 1.41132e-67 7.14819e-55
1.95335e-14 1.47716e-67 7.14819e-55
1.96215e-14 1.5458e-67 7.14819e-55
1.97098e-14 1.61739e-67 7.14819e-55
1.97986e-14 1.69259e-67 7.14819e-55
1.98878e-14 1.77072e-67 7.14819e-55
1.99774e-14 1.85289e-67 7.14819e-55
2.00673e-14 1.93803e-67 7.14819e-55
2.01577e-14 2.02761e-67 7.14819e-55
2.02485e-14 2.12101e-67 7.14819e-55
2.03397e-14 2.2186e-67 7.14819e-55
2.04313e-14 2.3208e-67 7.14819e-55
2.05233e-14 2.4276e-67 7.14819e-55
2.06157e-14 2.53915e-67 7.14819e-55
2.07086e-14 2.65528e-67 7.14819e-55
2.08018e-14 2.77708e-67 7.14819e-55
2.08955e-14 2.90407e-67 7.14819e-55
2.09896e-14 3.03702e-67 7.14819e-55
2.10842e-14 3.17527e-67 7.14819e-55
2.11791e-14 3.32024e-67 7.14819e-55
2.12745e-14 3.47149e-67 7.14819e-55
2.13703e-14 3.62927e-67 7.14819e-55
2.14666e-14 3.79424e-67 7.14819e-55
2.15632e-14 3.96662e-67 7.14819e-55
2.16604e-14 4.14666e-67 7.14819e-55
2.17579e-14 4.33408e-67 7.14819e-55
2.18559e-14 4.53059e-67 7.14819e-55
2.19543e-14 4.73518e-67 7.14819e-55
2.20532e-14 4.94905e-67 7.14819e-55
2.21525e-14 5.17253e-67 7.14819e-55
2.22523e-14 5.40528e-67 7.14819e-55
2.23525e-14 5.64871e-67 7.14819e-55
2.24532e-14 5.90261e-67 7.14819e-55
2.25543e-14 6.16777e-67 7.14819e-55
2.26559e-14 6.44447e-67 7.14819e-55
2.27579e-14 6.73312e-67 7.14819e-55
2.28604e-14 7.03447e-67 7.14819e-55
2.29634e-14 7.34923e-67 7.14819e-55
2.30668e-14 7.67765e-67 7.14819e-55
2.31707e-14 8.01994e-67 7.14819e-55
2.3275e-14 8.37756e-67 7.14819e-55
2.33799e-14 8.75045e-67 7.14819e-55
2.34852e-14 9.13949e-67 7.14819e-55
2.35909e-14 9.54571e-67 7.14819e-55
2.36972e-14 9.96898e-67 7.14819e-55
2.38039e-14 1.04108e-66 7.14819e-55
2.39111e-14 1.08715e-66 7.14819e-55
2.40188e-14 1.13523e-66 7.14819e-55
2.4127e-14 1.18537e-66 7.14819e-55
2.42356e-14 1.23769e-66 7.14819e-55
2.43448e-14 1.29227e-66 7.14819e-55
2.44544e-14 1.34916e-66 7.14819e-55
2.45646e-14 1.40849e-66 7.14819e-55
2.46752e-14 1.4704e-66 7.14819e-55
2.47863e-14 1.53491e-66 7.14819e-55
2.4898e-14 1.60219e-66 7.14819e-55
2.50101e-14 1.67235e-66 7.14819e-55
2.51227e-14 1.7455e-66 7.14819e-55
2.52359e-14 1.82178e-66 7.14819e-55
2.53495e-14 1.90127e-66 7.14819e-55
2.54637e-14 1.98417e-66 7.14819e-55
2.55784e-14 2.07055e-66 7.14819e-55
2.56936e-14 2.16059e-66 7.14819e-55
2.58093e-14 2.25444e-66 7.14819e-55
2.59255e-14 2.35229e-66 7.14819e-55
2.60423e-14 2.45424e-66 7.14819e-55
2.61596e-14 2.56051e-66 7.14819e-55
2.62774e-14 2.67125e-66 7.14819e-55
2.63957e-14 2.78669e-66 7.14819e-55
2.65146e-14 2.90692e-66 7.14819e-55
2.6634e-14 3.03226e-66 7.14819e-55
2.6754e-14 3.16283e-66 7.14819e-55
2.68745e-14 3.29885e-66 7.14819e-55
2.69955e-14 3.44056e-66 7.14819e-55
2.71171e-14 3.58823e-66 7.14819e-55
2.72392e-14 3.74204e-66 7.14819e-55
2.73619e-14 3.90222e-66 7.14819e-55
2.74851e-14 4.06915e-66 7.14819e-55
2.76089e-14 4.24299e-66 7.14819e-55
2.77332e-14 4.42404e-66 7.14819e-55
2.78581e-14 4.61259e-66 7.14819e-55
2.79836e-14 4.80897e-66 7.14819e-55
2.81096e-14 5.01348e-66 7.14819e-55
2.82362e-14 5.22643e-66 7.14819e-55
2.83634e-14 5.44822e-66 7.14819e-55
2.84912e-14 5.67911e-66 7.14819e-55
2.86195e-14 5.91952e-66 7.14819e-55
2.87484e-14 6.16982e-66 7.14819e-55
2.88778e-14 6.43041e-66 7.14819e-55
2.90079e-14 6.70172e-66 7.14819e-55
2.91385e-14 6.9841e-66 7.14819e-55
2.92698e-14 7.27807e-66 7.14819e-55
2.94016e-14 7.5841e-66 7.14819e-55
2.9534e-14 7.90259e-66 7.14819e-55
2.9667e-14 8.2341e-66 7.14819e-55
2.98006e-14 8.57912e-66 7.14819e-55
2.99348e-14 8.93815e-66 7.14819e-55
3.00697e-14 9.31178e-66 7.14819e-55
3.02051e-14 9.7006e-66 7.14819e-55
3.03411e-14 1.01052e-65 7.14819e-55
3.04778e-14 1.05261e-65 7.14819e-55
3.0615e-14 1.09641e-65 7.14819e-55
3.07529e-14 1.14199e-65 7.14819e-55
3.08914e-14 1.1894e-65 7.14819e-55
3.10305e-14 1.23872e-65 7.14819e-55
3.11703e-14 1.29002e-65 7.14819e-55
3.13107e-14 1.34339e-65 7.14819e-55
3.14517e-14 1.3989e-65 7.14819e-55
3.15933e-14 1.45664e-65 7.14819e-55
3.17356e-14 1.51669e-65 7.14819e-55
3.18786e-14 1.57915e-65 7.14819e-55
3.20221e-14 1.64409e-65 7.14819e-55
3.21663e-14 1.71164e-65 7.14819e-55
3.23112e-14 1.78187e-65 7.14819e-55
3.24567e-14 1.85491e-65 7.14819e-55
3.26029e-14 1.93084e-65 7.14819e-55
3.27497e-14 2.00979e-65 7.14819e-55
3.28972e-14 2.09188e-65 7.14819e-55
3.30454e-14 2.17721e-65 7.14819e-55
3.31942e-14 2.26592e-65 7.14819e-55
3.33437e-14 2.35814e-65 7.14819e-55
3.34939e-14 2.454e-65 7.14819e-55
3.36447e-14 2.55364e-65 7.14819e-55
3.37963e-14 2.6572e-65 7.14819e-55
3.39485e-14 2.76483e-65 7.14819e-55
3.41014e-14 2.87669e-65 7.14819e-55
3.42549e-14 2.99294e-65 7.14819e-55
3.44092e-14 3.11374e-65 7.14819e-55
3.45642e-14 3.23926e-65 7.14819e-55
3.47199e-14 3.3697e-65 7.14819e-55
3.48762e-14 3.50522e-65 7.14819e-55
3.50333e-14 3.64603e-65 7.14819e-55
3.51911e-14 3.79232e-65 7.14819e-55
3.53496e-14 3.94429e-65 7.14819e-55
3.55088e-14 4.10217e-65 7.14819e-55
3.56687e-14 4.26617e-65 7.14819e-55
3.58293e-14 4.43652e-65 7.14819e-55
3.59907e-14 4.61347e-65 7.14819e-55
3.61528e-14 4.79725e-65 7.14819e-55
3.63156e-14 4.98812e-65 7.14819e-55
3.64792e-14 5.18634e-65 7.14819e-55
3.66435e-14 5.3922e-65 7.14819e-55
3.68085e-14 5.60597e-65 7.14819e-55
3.69743e-14 5.82794e-65 7.14819e-55
3.71408e-14 6.05843e-65 7.14819e-55
3.73081e-14 6.29774e-65 7.14819e-55
3.74761e-14 6.5462e-65 7.14819e-55
3.76449e-14 6.80416e-65 7.14819e-55
3.78144e-14 7.07195e-65 7.14819e-55
3.79847e-14 7.34995e-65 7.14819e-55
3.81558e-14 7.63852e-65 7.14819e-55
3.83276e-14 7.93805e-65 7.14819e-55
3.85002e-14 8.24896e-65 7.14819e-55
3.86736e-14 8.57165e-65 7.14819e-55
3.88478e-14 8.90655e-65 7.14819e-55
3.90228e-14 9.25411e-65 7.14819e-55
3.91985e-14 9.61479e-65 7.14819e-55
3.93751e-14 9.98907e-65 7.14819e-55
3.95524e-14 1.03774e-64 7.14819e-55
3.97305e-14 1.07804e-64 7.14819e-55
3.99095e-14 1.11985e-64 7.14819e-55
4.00892e-14 1.16323e-64 7.14819e-55
4.02698e-14 1.20824e-64 7.14819e-55
4.04511e-14 1.25493e-64 7.14819e-55
4.06333e-14 1.30336e-64 7.14819e-55
4.08163e-14 1.3536e-64 7.14819e-55
4.10001e-14 1.40571e-64 7.14819e-55
4.11848e-14 1.45976e-64 7.14819e-55
4.13703e-14 1.51582e-64 7.14819e-55
4.15566e-14 1.57396e-64 7.14819e-55
4.17437e-14 1.63425e-64 7.14819e-55
4.19317e-14 1.69678e-64 7.14819e-55
4.21206e-14 1.76162e-64 7.14819e-55
4.23103e-14 1.82885e-64 7.14819e-55
4.25008e-14 1.89856e-64 7.14819e-55
4.26922e-14 1.97084e-64 7.14819e-55
4.28845e-14 2.04578e-64 7.14819e-55
4.30777e-14 2.12346e-64 7.14819e-55
4.32717e-14 2.204e-64 7.14819e-55
4.34666e-14 2.28749e-64 7.14819e-55
4.36623e-14 2.37403e-64 7.14819e-55
4.3859e-14 2.46373e-64 7.14819e-55
4.40565e-14 2.5567e-64 7.14819e-55
4.42549e-14 2.65306e-64 7.14819e-55
4.44542e-14 2.75293e-64 7.14819e-55
4.46544e-14 2.85642e-64 7.14819e-55
4.48555e-14 2.96367e-64 7.14819e-55
4.50575e-14 3.07481e-64 7.14819e-55
4.52605e-14 3.18996e-64 7.14819e-55
4.54643e-14 3.30928e-64 7.14819e-55
4.56691e-14 3.43291e-64 7.14819e-55
4.58748e-14 3.56099e-64 7.14819e-55
4.60814e-14 3.69368e-64 7.14819e-55
4.62889e-14 3.83113e-64 7.14819e-55
4.64974e-14 3.97352e-64 7.14819e-55
4.67068e-14 4.12102e-64 7.14819e-55
4.69171e-14 4.27379e-64 7.14819e-55
4.71284e-14 4.43203e-64 7.14819e-55
4.73407e-14 4.59591e-64 7.14819e-55
4.75539e-14 4.76564e-64 7.14819e-55
4.77681e-14 4.94141e-64 7.14819e-55
4.79832e-14 5.12343e-64 7.14819e-55
4.81993e-14 5.3119e-64 7.14819e-55
4.84164e-14 5.50706e-64 7.14819e-55
4.86344e-14 5.70913e-64 7.14819e-55
4.88535e-14 5.91835e-64 7.14819e-55
4.90735e-14 6.13495e-64 7.14819e-55
4.92945e-14 6.35919e-64 7.14819e-55
4.95165e-14 6.59132e-64 7.14819e-55
4.97395e-14 6.83161e-64 7.14819e-55
4.99635e-14 7.08034e-64 7.14819e-55
5.01886e-14 7.33779e-64 7.14819e-55
5.04146e-14 7.60426e-64 7.14819e-55
5.06416e-14 7.88004e-64 7.14819e-55
5.08697e-14 8.16545e-64 7.14819e-55
5.10988e-14 8.46081e-64 7.14819e-55
5.13289e-14 8.76646e-64 7.14819e-55
5.15601e-14 9.08273e-64 7.14819e-55
5.17923e-14 9.40998e-64 7.14819e-55
5.20256e-14 9.74858e-64 7.14819e-55
5.22599e-14 1.00989e-63 7.14819e-55
5.24953e-14 1.04613e-63 7.14819e-55
5.27317e-14 1.08363e-63 7.14819e-55
5.29692e-14 1.12242e-63 7.14819e-55
5.32077e-14 1.16254e-63 7.14819e-55
5.34474e-14 1.20404e-63 7.14819e-55
5.36881e-14 1.24697e-63 7.14819e-55
5.39299e-14 1.29137e-63 7.14819e-55
5.41728e-14 1.33728e-63 7.14819e-55
5.44167e-14 1.38477e-63 7.14819e-55
5.46618e-14 1.43388e-63 7.14819e-55
5.4908e-14 1.48466e-63 7.14819e-55
5.51553e-14 1.53718e-63 7.14819e-55
5.54037e-14 1.59147e-63 7.14819e-55
5.56532e-14 1.64761e-63 7.14819e-55
5.59039e-14 1.70565e-63 7.14819e-55
5.61556e-14 1.76566e-63 7.14819e-55
5.64085e-14 1.82769e-63 7.14819e-55
5.66626e-14 1.89182e-63 7.14819e-55
5.69178e-14 1.95811e-63 7.14819e-55
5.71741e-14 2.02663e-63 7.14819e-55
5.74316e-14 2.09745e-63 7.14819e-55
5.76903e-14 2.17064e-63 7.14819e-55
5.79501e-14 2.24629e-63 7.14819e-55
5.82111e-14 2.32447e-63 7.14819e-55
5.84732e-14 2.40526e-63 7.14819e-55
5.87366e-14 2.48875e-63 7.14819e-55
5.90011e-14 2.57502e-63 7.14819e-55
5.92668e-14 2.66415e-63 7.14819e-55
5.95338e-14 2.75625e-63 7.14819e-55
5.98019e-14 2.8514e-63 7.14819e-55
6.00712e-14 2.9497e-63 7.14819e-55
6.03418e-14 3.05125e-63 7.14819e-55
6.06135e-14 3.15615e-63 7.14819e-55
6.08865e-14 3.26451e-63 7.14819e-55
6.11607e-14 3.37644e-63 7.14819e-55
6.14362e-14 3.49205e-63 7.14819e-55
6.17129e-14 3.61145e-63 7.14819e-55
6.19908e-14 3.73477e-63 7.14819e-55
6.227e-14 3.86212e-63 7.14819e-55
6.25504e-14 3.99363e-63 7.14819e-55
6.28321e-14 4.12943e-63 7.14819e-55
6.31151e-14 4.26966e-63 7.14819e-55
6.33994e-14 4.41444e-63 7.14819e-55
6.36849e-14 4.56393e-63 7.14819e-55
6.39717e-14 4.71827e-63 7.14819e-55
6.42598e-14 4.87761e-63 7.14819e-55
6.45492e-14 5.0421e-63 7.14819e-55
6.484e-14 5.2119e-63 7.14819e-55
6.5132e-14 5.38717e-63 7.14819e-55
6.54253e-14 5.56809e-63 7.14819e-55
6.572e-14 5.75482e-63 7.14819e-55
6.6016e-14 5.94754e-63 7.14819e-55
6.63133e-14 6.14644e-63 7.14819e-55
6.66119e-14 6.3517e-63 7.14819e-55
6.69119e-14 6.56352e-63 7.14819e-55
6.72133e-14 6.78209e-63 7.14819e-55
6.7516e-14 7.00763e-63 7.14819e-55
6.78201e-14 7.24034e-63 7.14819e-55
6.81255e-14 7.48043e-63 7.14819e-55
6.84323e-14 7.72814e-63 7.14819e-55
6.87405e-14 7.9837e-63 7.14819e-55
6.90501e-14 8.24732e-63 7.14819e-55
6.93611e-14 8.51927e-63 7.14819e-55
6.96735e-14 8.79979e-63 7.14819e-55
6.99873e-14 9.08913e-63 7.14819e-55
7.03025e-14 9.38756e-63 7.14819e-55
7.06191e-14 9.69535e-63 7.14819e-55
7.09371e-14 1.00128e-62 7.14819e-55
7.12566e-14 1.03401e-62 7.14819e-55
7.15775e-14 1.06777e-62 7.14819e-55
7.18999e-14 1.10258e-62 7.14819e-55
7.22237e-14 1.13847e-62 7.14819e-55
7.2549e-14 1.17548e-62 7.14819e-55
7.28757e-14 1.21364e-62 7.14819e-55
7.32039e-14 1.25298e-62 7.14819e-55
7.35336e-14 1.29353e-62 7.14819e-55
7.38648e-14 1.33534e-62 7.14819e-55
7.41975e-14 1.37843e-62 7.14819e-55
7.45316e-14 1.42286e-62 7.14819e-55
7.48673e-14 1.46864e-62 7.14819e-55
7.52045e-14 1.51584e-62 7.14819e-55
7.55432e-14 1.56448e-62 7.14819e-55
7.58834e-14 1.6146e-62 7.14819e-55
7.62252e-14 1.66626e-62 7.14819e-55
7.65685e-14 1.71949e-62 7.14819e-55
7.69133e-14 1.77435e-62 7.14819e-55
7.72597e-14 1.83087e-62 7.14819e-55
7.76076e-14 1.8891e-62 7.14819e-55
7.79572e-14 1.9491e-62 7.14818e-55
7.83083e-14 2.01092e-62 7.14818e-55
7.86609e-14 2.0746e-62 7.14818e-55
7.90152e-14 2.1402e-62 7.14818e-55
7.93711e-14 2.20778e-62 7.14818e-55
7.97285e-14 2.27739e-62 7.14818e-55
8.00876e-14 2.34908e-62 7.14818e-55
8.04483e-14 2.42293e-62 7.14818e-55
8.08106e-14 2.49898e-62 7.14818e-55
8.11746e-14 2.5773e-62 7.14818e-55
8.15402e-14 2.65796e-62 7.14818e-55
8.19074e-14 2.74103e-62 7.14818e-55
8.22763e-14 2.82655e-62 7.14818e-55
8.26468e-14 2.91462e-62 7.14818e-55
8.3019e-14 3.0053e-62 7.14818e-55
8.33929e-14 3.09865e-62 7.14818e-55
8.37685e-14 3.19476e-62 7.14818e-55
8.41458e-14 3.29371e-62 7.14818e-55
8.45247e-14 3.39557e-62 7.14818e-55
8.49054e-14 3.50042e-62 7.14818e-55
8.52878e-14 3.60834e-62 7.14818e-55
8.56719e-14 3.71943e-62 7.14818e-55
8.60578e-14 3.83376e-62 7.14818e-55
8.64453e-14 3.95143e-62 7.14818e-55
8.68347e-14 4.07253e-62 7.14818e-55
8.72257e-14 4.19715e-62 7.14818e-55
8.76186e-14 4.32538e-62 7.14818e-55
8.80132e-14 4.45734e-62 7.14818e-55
8.84096e-14 4.59312e-62 7.14818e-55
8.88077e-14 4.73282e-62 7.14818e-55
8.92077e-14 4.87655e-62 7.14818e-55
8.96095e-14 5.02442e-62 7.14818e-55
9.00131e-14 5.17654e-62 7.14817e-55
9.04184e-14 5.33302e-62 7.14817e-55
9.08257e-14 5.49399e-62 7.14817e-55
9.12347e-14 5.65957e-62 7.14817e-55
9.16456e-14 5.82987e-62 7.14817e-55
9.20584e-14 6.00503e-62 7.14817e-55
9.2473e-14 6.18517e-62 7.14817e-55
9.28894e-14 6.37043e-62 7.14817e-55
9.33078e-14 6.56095e-62 7.14817e-55
9.3728e-14 6.75686e-62 7.14817e-55
9.41501e-14 6.95831e-62 7.14817e-55
9.45742e-14 7.16545e-62 7.14817e-55
9.50001e-14 7.37841e-62 7.14817e-55
9.54279e-14 7.59737e-62 7.14817e-55
9.58577e-14 7.82248e-62 7.14817e-55
9.62894e-14 8.05389e-62 7.14816e-55
9.67231e-14 8.29178e-62 7.14816e-55
9.71587e-14 8.53631e-62 7.14816e-55
9.75963e-14 8.78766e-62 7.14816e-55
9.80358e-14 9.04601e-62 7.14816e-55
9.84774e-14 9.31154e-62 7.14816e-55
9.89209e-14 9.58443e-62 7.14816e-55
9.93664e-14 9.86487e-62 7.14816e-55
9.98139e-14 1.01531e-61 7.14816e-55
1.00263e-13 1.04492e-61 7.14816e-55
1.00715e-13 1.07535e-61 7.14816e-55
1.01169e-13 1.10662e-61 7.14815e-55
1.01624e-13 1.13875e-61 7.14815e-55
1.02082e-13 1.17175e-61 7.14815e-55
1.02542e-13 1.20566e-61 7.14815e-55
1.03003e-13 1.24049e-61 7.14815e-55
1.03467e-13 1.27628e-61 7.14815e-55
1.03933e-13 1.31303e-61 7.14815e-55
1.04401e-13 1.35079e-61 7.14815e-55
1.04872e-13 1.38957e-61 7.14814e-55
1.05344e-13 1.4294e-61 7.14814e-55
1.05818e-13 1.4703e-61 7.14814e-55
1.06295e-13 1.51231e-61 7.14814e-55
1.06774e-13 1.55545e-61 7.14814e-55
1.07255e-13 1.59975e-61 7.14814e-55
1.07738e-13 1.64523e-61 7.14814e-55
1.08223e-13 1.69193e-61 7.14813e-55
1.0871e-13 1.73989e-61 7.14813e-55
1.092e-13 1.78912e-61 7.14813e-55
1.09692e-13 1.83966e-61 7.14813e-55
1.10186e-13 1.89154e-61 7.14813e-55
1.10682e-13 1.9448e-61 7.14813e-55
1.1118e-13 1.99948e-61 7.14812e-55
1.11681e-13 2.05559e-61 7.14812e-55
1.12184e-13 2.11319e-61 7.14812e-55
1.12689e-13 2.17231e-61 7.14812e-55
1.13197e-13 2.23298e-61 7.14811e-55
1.13707e-13 2.29524e-61 7.14811e-55
1.14219e-13 2.35913e-61 7.14811e-55
1.14733e-13 2.42469e-61 7.14811e-55
1.1525e-13 2.49197e-61 7.14811e-55
1.15769e-13 2.56099e-61 7.1481e-55
1.1629e-13 2.63181e-61 7.1481e-55
1.16814e-13 2.70447e-61 7.1481e-55
1.1734e-13 2.77902e-61 7.1481e-55
1.17869e-13 2.85549e-61 7.14809e-55
1.18399e-13 2.93393e-61 7.14809e-55
1.18933e-13 3.01439e-61 7.14809e-55
1.19468e-13 3.09693e-61 7.14808e-55
1.20006e-13 3.18158e-61 7.14808e-55
1.20547e-13 3.2684e-61 7.14808e-55
1.2109e-13 3.35744e-61 7.14807e-55
1.21635e-13 3.44875e-61 7.14807e-55
1.22183e-13 3.54239e-61 7.14807e-55
1.22733e-13 3.63841e-61 7.14806e-55
1.23286e-13 3.73687e-61 7.14806e-55
1.23841e-13 3.83782e-61 7.14806e-55
1.24399e-13 3.94132e-61 7.14805e-55
1.24959e-13 4.04743e-61 7.14805e-55
1.25522e-13 4.15622e-61 7.14804e-55
1.26087e-13 4.26774e-61 7.14804e-55
1.26655e-13 4.38206e-61 7.14804e-55
1.27226e-13 4.49924e-61 7.14803e-55
1.27799e-13 4.61935e-61 7.14803e-55
1.28374e-13 4.74245e-61 7.14802e-55
1.28952e-13 4.86862e-61 7.14802e-55
1.29533e-13 4.99793e-61 7.14801e-55
1.30116e-13 5.13044e-61 7.14801e-55
1.30702e-13 5.26624e-61 7.148e-55
1.31291e-13 5.40538e-61 7.148e-55
1.31882e-13 5.54796e-61 7.14799e-55
1.32476e-13 5.69405e-61 7.14799e-55
1.33073e-13 5.84373e-61 7.14798e-55
1.33672e-13 5.99707e-61 7.14798e-55
1.34274e-13 6.15416e-61 7.14797e-55
1.34879e-13 6.3151e-61 7.14796e-55
1.35487e-13 6.47995e-61 7.14796e-55
1.36097e-13 6.64881e-61 7.14795e-55
1.3671e-13 6.82177e-61 7.14794e-55
1.37325e-13 6.99892e-61 7.14794e-55
1.37944e-13 7.18035e-61 7.14793e-55
1.38565e-13 7.36616e-61 7.14792e-55
1.39189e-13 7.55645e-61 7.14792e-55
1.39816e-13 7.75131e-61 7.14791e-55
1.40446e-13 7.95084e-61 7.1479e-55
1.41078e-13 8.15515e-61 7.14789e-55
1.41714e-13 8.36433e-61 7.14788e-55
1.42352e-13 8.57851e-61 7.14788e-55
1.42993e-13 8.79778e-61 7.14787e-55
1.43637e-13 9.02225e-61 7.14786e-55
1.44284e-13 9.25205e-61 7.14785e-55
1.44934e-13 9.48728e-61 7.14784e-55
1.45586e-13 9.72806e-61 7.14783e-55
1.46242e-13 9.97451e-61 7.14782e-55
1.46901e-13 1.02268e-60 7.14781e-55
1.47562e-13 1.04849e-60 7.1478e-55
1.48227e-13 1.07491e-60 7.14779e-55
1.48894e-13 1.10195e-60 7.14778e-55
1.49565e-13 1.12962e-60 7.14777e-55
1.50239e-13 1.15793e-60 7.14776e-55
1.50915e-13 1.1869e-60 7.14775e-55
1.51595e-13 1.21654e-60 7.14773e-55
1.52278e-13 1.24686e-60 7.14772e-55
1.52963e-13 1.27789e-60 7.14771e-55
1.53652e-13 1.30963e-60 7.1477e-55
1.54344e-13 1.3421e-60 7.14768e-55
1.5504e-13 1.37531e-60 7.14767e-55
1.55738e-13 1.40928e-60 7.14766e-55
1.56439e-13 1.44403e-60 7.14764e-55
1.57144e-13 1.47957e-60 7.14763e-55
1.57851e-13 1.51592e-60 7.14761e-55
1.58562e-13 1.55309e-60 7.1476e-55
1.59277e-13 1.5911e-60 7.14758e-55
1.59994e-13 1.62998e-60 7.14757e-55
1.60714e-13 1.66973e-60 7.14755e-55
1.61438e-13 1.71037e-60 7.14753e-55
1.62165e-13 1.75193e-60 7.14752e-55
1.62896e-13 1.79441e-60 7.1475e-55
1.63629e-13 1.83785e-60 7.14748e-55
1.64366e-13 1.88226e-60 7.14746e-55
1.65106e-13 1.92765e-60 7.14744e-55
1.6585e-13 1.97405e-60 7.14742e-55
1.66597e-13 2.02148e-60 7.1474e-55
1.67347e-13 2.06996e-60 7.14738e-55
1.68101e-13 2.11951e-60 7.14736e-55
1.68858e-13 2.17015e-60 7.14734e-55
1.69619e-13 2.2219e-60 7.14732e-55
1.70382e-13 2.27479e-60 7.1473e-55
1.7115e-13 2.32883e-60 7.14728e-55
1.71921e-13 2.38405e-60 7.14725e-55
1.72695e-13 2.44048e-60 7.14723e-55
1.73473e-13 2.49813e-60 7.1472e-55
1.74254e-13 2.55703e-60 7.14718e-55
1.75039e-13 2.61721e-60 7.14715e-55
1.75827e-13 2.67868e-60 7.14713e-55
1.76619e-13 2.74148e-60 7.1471e-55
1.77414e-13 2.80562e-60 7.14707e-55
1.78213e-13 2.87115e-60 7.14704e-55
1.79016e-13 2.93807e-60 7.14702e-55
1.79822e-13 3.00643e-60 7.14699e-55
1.80632e-13 3.07623e-60 7.14696e-55
1.81446e-13 3.14753e-60 7.14693e-55
1.82263e-13 3.22033e-60 7.14689e-55
1.83084e-13 3.29467e-60 7.14686e-55
1.83908e-13 3.37059e-60 7.14683e-55
1.84736e-13 3.4481e-60 7.1468e-55
1.85568e-13 3.52724e-60 7.14676e-55
1.86404e-13 3.60803e-60 7.14673e-55
1.87244e-13 3.69052e-60 7.14669e-55
1.88087e-13 3.77473e-60 7.14665e-55
1.88934e-13 3.86069e-60 7.14661e-55
1.89785e-13 3.94844e-60 7.14658e-55
1.9064e-13 4.03801e-60 7.14654e-55
1.91498e-13 4.12942e-60 7.1465e-55
1.92361e-13 4.22273e-60 7.14646e-55
1.93227e-13 4.31795e-60 7.14641e-55
1.94097e-13 4.41513e-60 7.14637e-55
1.94972e-13 4.5143e-60 7.14633e-55
1.9585e-13 4.61549e-60 7.14628e-55
1.96732e-13 4.71875e-60 7.14623e-55
1.97618e-13 4.8241e-60 7.14619e-55
1.98508e-13 4.9316e-60 7.14614e-55
1.99402e-13 5.04127e-60 7.14609e-55
2.003e-13 5.15316e-60 7.14604e-55
2.01202e-13 5.26729e-60 7.14599e-55
2.02108e-13 5.38373e-60 7.14593e-55
2.03018e-13 5.5025e-60 7.14588e-55
2.03933e-13 5.62364e-60 7.14583e-55
2.04851e-13 5.7472e-60 7.14577e-55
2.05774e-13 5.87322e-60 7.14571e-55
2.067e-13 6.00174e-60 7.14565e-55
2.07631e-13 6.13281e-60 7.14559e-55
2.08566e-13 6.26647e-60 7.14553e-55
2.09506e-13 6.40276e-60 7.14547e-55
2.10449e-13 6.54174e-60 7.14541e-55
2.11397e-13 6.68344e-60 7.14534e-55
2.12349e-13 6.82791e-60 7.14527e-55
2.13306e-13 6.97521e-60 7.14521e-55
2.14266e-13 7.12537e-60 7.14514e-55
2.15231e-13 7.27845e-60 7.14506e-55
2.16201e-13 7.43449e-60 7.14499e-55
2.17174e-13 7.59355e-60 7.14492e-55
2.18152e-13 7.75568e-60 7.14484e-55
2.19135e-13 7.92093e-60 7.14476e-55
2.20122e-13 8.08935e-60 7.14468e-55
2.21113e-13 8.26099e-60 7.1446e-55
2.22109e-13 8.43591e-60 7.14452e-55
2.23109e-13 8.61415e-60 7.14444e-55
2.24114e-13 8.79579e-60 7.14435e-55
2.25123e-13 8.98086e-60 7.14426e-55
2.26137e-13 9.16944e-60 7.14417e-55
2.27156e-13 9.36156e-60 7.14408e-55
2.28179e-13 9.5573e-60 7.14399e-55
2.29206e-13 9.75671e-60 7.14389e-55
2.30239e-13 9.95985e-60 7.14379e-55
2.31276e-13 1.01668e-59 7.14369e-55
2.32317e-13 1.03776e-59 7.14359e-55
2.33364e-13 1.05923e-59 7.14349e-55
2.34415e-13 1.08109e-59 7.14338e-55
2.3547e-13 1.10336e-59 7.14327e-55
2.36531e-13 1.12604e-59 7.14316e-55
2.37596e-13 1.14914e-59 7.14305e-55
2.38666e-13 1.17266e-59 7.14294e-55
2.39741e-13 1.19661e-59 7.14282e-55
2.40821e-13 1.221e-59 7.1427e-55
2.41905e-13 1.24583e-59 7.14258e-55
2.42995e-13 1.27111e-59 7.14245e-55
2.44089e-13 1.29685e-59 7.14233e-55
2.45188e-13 1.32305e-59 7.1422e-55
2.46293e-13 1.34972e-59 7.14206e-55
2.47402e-13 1.37687e-59 7.14193e-55
2.48516e-13 1.40451e-59 7.14179e-55
2.49635e-13 1.43264e-59 7.14165e-55
2.5076e-13 1.46127e-59 7.14151e-55
2.51889e-13 1.49041e-59 7.14136e-55
2.53023e-13 1.52006e-59 7.14121e-55
2.54163e-13 1.55024e-59 7.14106e-55
2.55308e-13 1.58095e-59 7.14091e-55
2.56458e-13 1.6122e-59 7.14075e-55
2.57613e-13 1.64399e-59 7.14059e-55
2.58773e-13 1.67634e-59 7.14042e-55
2.59938e-13 1.70925e-59 7.14025e-55
2.61109e-13 1.74274e-59 7.14008e-55
2.62285e-13 1.7768e-59 7.13991e-55
2.63466e-13 1.81145e-59 7.13973e-55
2.64653e-13 1.8467e-59 7.13955e-55
2.65845e-13 1.88255e-59 7.13937e-55
2.67042e-13 1.91902e-59 7.13918e-55
2.68245e-13 1.95611e-59 7.13899e-55
2.69453e-13 1.99383e-59 7.13879e-55
2.70666e-13 2.03219e-59 7.13859e-55
2.71885e-13 2.0712e-59 7.13839e-55
2.7311e-13 2.11087e-59 7.13818e-55
2.7434e-13 2.15121e-59 7.13797e-55
2.75575e-13 2.19222e-59 7.13775e-55
2.76816e-13 2.23392e-59 7.13753e-55
2.78063e-13 2.27632e-59 7.13731e-55
2.79315e-13 2.31942e-59 7.13708e-55
2.80573e-13 2.36323e-59 7.13685e-55
2.81837e-13 2.40777e-59 7.13662e-55
2.83106e-13 2.45305e-59 7.13637e-55
2.84381e-13 2.49907e-59 7.13613e-55
2.85662e-13 2.54584e-59 7.13588e-55
2.86949e-13 2.59338e-59 7.13562e-55
2.88241e-13 2.64169e-59 7.13537e-55
2.89539e-13 2.69079e-59 7.1351e-55
2.90843e-13 2.74069e-59 7.13483e-55
2.92153e-13 2.79138e-59 7.13456e-55
2.93469e-13 2.8429e-59 7.13428e-55
2.9479e-13 2.89525e-59 7.13399e-55
2.96118e-13 2.94843e-59 7.13371e-55
2.97452e-13 3.00246e-59 7.13341e-55
2.98791e-13 3.05735e-59 7.13311e-55
3.00137e-13 3.11311e-59 7.1328e-55
3.01489e-13 3.16975e-59 7.13249e-55
3.02847e-13 3.22729e-59 7.13218e-55
3.0421e-13 3.28573e-59 7.13185e-55
3.05581e-13 3.34508e-59 7.13152e-55
3.06957e-13 3.40537e-59 7.13119e-55
3.08339e-13 3.46659e-59 7.13085e-55
3.09728e-13 3.52876e-59 7.1305e-55
3.11123e-13 3.5919e-59 7.13015e-55
3.12524e-13 3.65601e-59 7.12979e-55
3.13932e-13 3.7211e-59 7.12943e-55
3.15345e-13 3.7872e-59 7.12905e-55
3.16766e-13 3.8543e-59 7.12867e-55
3.18192e-13 3.92243e-59 7.12829e-55
3.19625e-13 3.99159e-59 7.1279e-55
3.21065e-13 4.06179e-59 7.1275e-55
3.22511e-13 4.13306e-59 7.12709e-55
3.23963e-13 4.2054e-59 7.12668e-55
3.25422e-13 4.27882e-59 7.12626e-55
3.26888e-13 4.35334e-59 7.12583e-55
3.2836e-13 4.42897e-59 7.12539e-55
3.29839e-13 4.50572e-59 7.12495e-55
3.31324e-13 4.58361e-59 7.1245e-55
3.32817e-13 4.66265e-59 7.12404e-55
3.34316e-13 4.74285e-59 7.12358e-55
3.35821e-13 4.82422e-59 7.1231e-55
3.37334e-13 4.90679e-59 7.12262e-55
3.38853e-13 4.99055e-59 7.12213e-55
3.40379e-13 5.07553e-59 7.12163e-55
3.41912e-13 5.16174e-59 7.12112e-55
3.43452e-13 5.24919e-59 7.12061e-55
3.44999e-13 5.3379e-59 7.12008e-55
3.46552e-13 5.42788e-59 7.11955e-55
3.48113e-13 5.51913e-59 7.119e-55
3.49681e-13 5.61169e-59 7.11845e-55
3.51256e-13 5.70556e-59 7.11789e-55
3.52838e-13 5.80075e-59 7.11732e-55
3.54427e-13 5.89729e-59 7.11674e-55
3.56023e-13 5.99517e-59 7.11615e-55
3.57627e-13 6.09442e-59 7.11555e-55
3.59237e-13 6.19506e-59 7.11494e-55
3.60855e-13 6.29709e-59 7.11432e-55
3.6248e-13 6.40053e-59 7.11369e-55
3.64113e-13 6.5054e-59 7.11305e-55
3.65753e-13 6.61171e-59 7.1124e-55
3.674e-13 6.71947e-59 7.11174e-55
3.69055e-13 6.82869e-59 7.11107e-55
3.70717e-13 6.93941e-59 7.11039e-55
3.72386e-13 7.05162e-59 7.10969e-55
3.74063e-13 7.16534e-59 7.10899e-55
3.75748e-13 7.28059e-59 7.10827e-55
3.7744e-13 7.39738e-59 7.10754e-55
3.7914e-13 7.51574e-59 7.1068e-55
3.80848e-13 7.63566e-59 7.10605e-55
3.82563e-13 7.75717e-59 7.10529e-55
3.84286e-13 7.88028e-59 7.10451e-55
3.86017e-13 8.00502e-59 7.10372e-55
3.87755e-13 8.13138e-59 7.10292e-55
3.89502e-13 8.25939e-59 7.10211e-55
3.91256e-13 8.38907e-59 7.10128e-55
3.93018e-13 8.52042e-59 7.10045e-55
3.94788e-13 8.65347e-59 7.09959e-55
3.96566e-13 8.78822e-59 7.09873e-55
3.98352e-13 8.92471e-59 7.09785e-55
4.00146e-13 9.06293e-59 7.09696e-55
4.01948e-13 9.2029e-59 7.09605e-55
4.03758e-13 9.34465e-59 7.09513e-55
4.05577e-13 9.48818e-59 7.0942e-55
4.07403e-13 9.63351e-59 7.09325e-55
4.09238e-13 9.78066e-59 7.09228e-55
4.11081e-13 9.92964e-59 7.09131e-55
4.12933e-13 1.00805e-58 7.09031e-55
4.14792e-13 1.02332e-58 7.0893e-55
4.16661e-13 1.03877e-58 7.08828e-55
4.18537e-13 1.05442e-58 7.08724e-55
4.20422e-13 1.07026e-58 7.08619e-55
4.22315e-13 1.08629e-58 7.08512e-55
4.24217e-13 1.10251e-58 7.08403e-55
4.26128e-13 1.11893e-58 7.08293e-55
4.28047e-13 1.13555e-58 7.08181e-55
4.29975e-13 1.15236e-58 7.08067e-55
4.31911e-13 1.16938e-58 7.07952e-55
4.33857e-13 1.1866e-58 7.07835e-55
4.35811e-13 1.20402e-58 7.07717e-55
4.37773e-13 1.22164e-58 7.07596e-55
4.39745e-13 1.23948e-58 7.07474e-55
4.41725e-13 1.25752e-58 7.0735e-55
4.43715e-13 1.27577e-58 7.07224e-55
4.45713e-13 1.29423e-58 7.07097e-55
4.47721e-13 1.3129e-58 7.06967e-55
4.49737e-13 1.33179e-58 7.06836e-55
4.51762e-13 1.35089e-58 7.06703e-55
4.53797e-13 1.37021e-58 7.06568e-55
4.55841e-13 1.38975e-58 7.06431e-55
4.57894e-13 1.4095e-58 7.06292e-55
4.59956e-13 1.42948e-58 7.06151e-55
4.62028e-13 1.44969e-58 7.06008e-55
4.64108e-13 1.47011e-58 7.05863e-55
4.66199e-13 1.49077e-58 7.05716e-55
4.68298e-13 1.51165e-58 7.05567e-55
4.70407e-13 1.53275e-58 7.05416e-55
4.72526e-13 1.55409e-58 7.05262e-55
4.74654e-13 1.57567e-58 7.05107e-55
4.76792e-13 1.59747e-58 7.04949e-55
4.78939e-13 1.61951e-58 7.0479e-55
4.81096e-13 1.64178e-58 7.04628e-55
4.83263e-13 1.6643e-58 7.04464e-55
4.85439e-13 1.68705e-58 7.04297e-55
4.87626e-13 1.71004e-58 7.04128e-55
4.89822e-13 1.73327e-58 7.03957e-55
4.92028e-13 1.75675e-58 7.03784e-55
4.94244e-13 1.78047e-58 7.03608e-55
4.9647e-13 1.80444e-58 7.0343e-55
4.98705e-13 1.82865e-58 7.0325e-55
5.00952e-13 1.85311e-58 7.03067e-55
5.03208e-13 1.87783e-58 7.02882e-55
5.05474e-13 1.90279e-58 7.02694e-55
5.0775e-13 1.928e-58 7.02504e-55
5.10037e-13 1.95347e-58 7.02311e-55
5.12334e-13 1.9792e-58 7.02116e-55
5.14642e-13 2.00518e-58 7.01918e-55
5.16959e-13 2.03141e-58 7.01717e-55
5.19288e-13 2.05791e-58 7.01514e-55
5.21626e-13 2.08466e-58 7.01308e-55
5.23976e-13 2.11168e-58 7.011e-55
5.26336e-13 2.13896e-58 7.00889e-55
5.28706e-13 2.1665e-58 7.00675e-55
5.31087e-13 2.1943e-58 7.00458e-55
5.33479e-13 2.22238e-58 7.00239e-55
5.35882e-13 2.25071e-58 7.00016e-55
5.38295e-13 2.27932e-58 6.99791e-55
5.40719e-13 2.30819e-58 6.99563e-55
5.43155e-13 2.33734e-58 6.99333e-55
5.45601e-13 2.36675e-58 6.99099e-55
5.48058e-13 2.39644e-58 6.98862e-55
5.50526e-13 2.4264e-58 6.98622e-55
5.53006e-13 2.45663e-58 6.9838e-55
5.55496e-13 2.48714e-58 6.98134e-55
5.57998e-13 2.51792e-58 6.97885e-55
5.60511e-13 2.54898e-58 6.97634e-55
5.63036e-13 2.58032e-58 6.97379e-55
5.65571e-13 2.61193e-58 6.97121e-55
5.68119e-13 2.64383e-58 6.9686e-55
5.70677e-13 2.676e-58 6.96595e-55
5.73247e-13 2.70846e-58 6.96328e-55
5.75829e-13 2.7412e-58 6.96057e-55
5.78422e-13 2.77422e-58 6.95783e-55
5.81027e-13 2.80752e-58 6.95505e-55
5.83644e-13 2.8411e-58 6.95224e-55
5.86273e-13 2.87498e-58 6.9494e-55
5.88913e-13 2.90913e-58 6.94653e-55
5.91566e-13 2.94357e-58 6.94362e-55
5.9423e-13 2.9783e-58 6.94068e-55
5.96906e-13 3.01331e-58 6.9377e-55
5.99594e-13 3.04861e-58 6.93468e-55
6.02295e-13 3.0842e-58 6.93164e-55
6.05007e-13 3.12008e-58 6.92855e-55
6.07732e-13 3.15625e-58 6.92543e-55
6.10469e-13 3.1927e-58 6.92227e-55
6.13218e-13 3.22945e-58 6.91908e-55
6.1598e-13 3.26648e-58 6.91585e-55
6.18754e-13 3.30381e-58 6.91259e-55
6.21541e-13 3.34142e-58 6.90928e-55
6.2434e-13 3.37933e-58 6.90594e-55
6.27152e-13 3.41753e-58 6.90256e-55
6.29977e-13 3.45602e-58 6.89914e-55
6.32814e-13 3.4948e-58 6.89569e-55
6.35664e-13 3.53387e-58 6.89219e-55
6.38527e-13 3.57323e-58 6.88866e-55
6.41403e-13 3.61289e-58 6.88509e-55
6.44291e-13 3.65284e-58 6.88147e-55
6.47193e-13 3.69308e-58 6.87782e-55
6.50108e-13 3.73361e-58 6.87413e-55
6.53036e-13 3.77443e-58 6.87039e-55
6.55977e-13 3.81555e-58 6.86662e-55
6.58931e-13 3.85696e-58 6.8628e-55
6.61899e-13 3.89865e-58 6.85895e-55
6.6488e-13 3.94064e-58 6.85505e-55
6.67874e-13 3.98293e-58 6.85111e-55
6.70882e-13 4.0255e-58 6.84712e-55
6.73903e-13 4.06836e-58 6.8431e-55
6.76938e-13 4.11151e-58 6.83903e-55
6.79987e-13 4.15496e-58 6.83492e-55
6.8305e-13 4.19869e-58 6.83076e-55
6.86126e-13 4.24271e-58 6.82657e-55
6.89216e-13 4.28702e-58 6.82232e-55
6.9232e-13 4.33162e-58 6.81804e-55
6.95438e-13 4.3765e-58 6.8137e-55
6.9857e-13 4.42167e-58 6.80933e-55
7.01716e-13 4.46713e-58 6.80491e-55
7.04877e-13 4.51288e-58 6.80044e-55
7.08051e-13 4.55891e-58 6.79593e-55
7.1124e-13 4.60522e-58 6.79137e-55
7.14443e-13 4.65181e-58 6.78676e-55
7.17661e-13 4.69869e-58 6.78211e-55
7.20893e-13 4.74585e-58 6.77741e-55
7.2414e-13 4.79329e-58 6.77267e-55
7.27401e-13 4.84101e-58 6.76787e-55
7.30677e-13 4.88901e-58 6.76303e-55
7.33968e-13 4.93729e-58 6.75814e-55
7.37273e-13 4.98584e-58 6.7532e-55
7.40594e-13 5.03467e-58 6.74822e-55
7.43929e-13 5.08377e-58 6.74318e-55
7.4728e-13 5.13315e-58 6.7381e-55
7.50645e-13 5.1828e-58 6.73297e-55
7.54026e-13 5.23272e-58 6.72778e-55
7.57422e-13 5.2829e-58 6.72255e-55
7.60833e-13 5.33336e-58 6.71727e-55
7.6426e-13 5.38408e-58 6.71194e-55
7.67702e-13 5.43507e-58 6.70655e-55
7.71159e-13 5.48632e-58 6.70112e-55
7.74632e-13 5.53783e-58 6.69563e-55
7.78121e-13 5.5896e-58 6.69009e-55
7.81625e-13 5.64163e-58 6.6845e-55
7.85146e-13 5.69392e-58 6.67886e-55
7.88682e-13 5.74646e-58 6.67317e-55
7.92234e-13 5.79926e-58 6.66742e-55
7.95802e-13 5.85231e-58 6.66162e-55
7.99386e-13 5.9056e-58 6.65577e-55
8.02986e-13 5.95915e-58 6.64986e-55
8.06602e-13 6.01294e-58 6.6439e-55
8.10235e-13 6.06697e-58 6.63789e-55
8.13884e-13 6.12125e-58 6.63182e-55
8.1755e-13 6.17577e-58 6.6257e-55
8.21232e-13 6.23052e-58 6.61953e-55
8.2493e-13 6.28551e-58 6.6133e-55
8.28645e-13 6.34073e-58 6.60701e-55
8.32377e-13 6.39618e-58 6.60067e-55
8.36126e-13 6.45186e-58 6.59427e-55
8.39892e-13 6.50777e-58 6.58782e-55
8.43674e-13 6.5639e-58 6.58131e-55
8.47474e-13 6.62026e-58 6.57475e-55
8.51291e-13 6.67683e-58 6.56813e-55
8.55125e-13 6.73362e-58 6.56145e-55
8.58976e-13 6.79062e-58 6.55472e-55
8.62845e-13 6.84783e-58 6.54793e-55
8.66731e-13 6.90525e-58 6.54108e-55
8.70634e-13 6.96288e-58 6.53418e-55
8.74555e-13 7.02071e-58 6.52721e-55
8.78494e-13 7.07874e-58 6.52019e-55
8.82451e-13 7.13697e-58 6.51311e-55
8.86425e-13 7.19539e-58 6.50598e-55
8.90417e-13 7.254e-58 6.49878e-55
8.94427e-13 7.31281e-58 6.49153e-55
8.98455e-13 7.37179e-58 6.48422e-55
9.02502e-13 7.43096e-58 6.47684e-55
9.06566e-13 7.49031e-58 6.46941e-55
9.10649e-13 7.54984e-58 6.46192e-55
9.14751e-13 7.60954e-58 6.45437e-55
9.1887e-13 7.6694e-58 6.44676e-55
9.23009e-13 7.72944e-58 6.43909e-55
9.27166e-13 7.78964e-58 6.43136e-55
9.31341e-13 7.84999e-58 6.42357e-55
9.35536e-13 7.91051e-58 6.41572e-55
9.39749e-13 7.97117e-58 6.40781e-55
9.43982e-13 8.03199e-58 6.39984e-55
9.48233e-13 8.09295e-58 6.39181e-55
9.52504e-13 8.15405e-58 6.38372e-55
9.56793e-13 8.21529e-58 6.37556e-55
9.61103e-13 8.27667e-58 6.36735e-55
9.65431e-13 8.33818e-58 6.35907e-55
9.69779e-13 8.39981e-58 6.35073e-55
9.74147e-13 8.46157e-58 6.34233e-55
9.78534e-13 8.52345e-58 6.33387e-55
9.82941e-13 8.58544e-58 6.32535e-55
9.87368e-13 8.64755e-58 6.31676e-55
9.91815e-13 8.70977e-58 6.30812e-55
9.96282e-13 8.77208e-58 6.29941e-55
1.00077e-12 8.8345e-58 6.29063e-55
1.00528e-12 8.89702e-58 6.2818e-55
1.0098e-12 8.95963e-58 6.2729e-55
1.01435e-12 9.02232e-58 6.26394e-55
1.01892e-12 9.0851e-58 6.25492e-55
1.02351e-12 9.14796e-58 6.24584e-55
1.02812e-12 9.21089e-58 6.23669e-55
1.03275e-12 9.2739e-58 6.22748e-55
1.0374e-12 9.33697e-58 6.2182e-55
1.04207e-12 9.4001e-58 6.20887e-55
1.04676e-12 9.46329e-58 6.19947e-55
1.05148e-12 9.52654e-58 6.19e-55
1.05621e-12 9.58983e-58 6.18048e-55
1.06097e-12 9.65317e-58 6.17089e-55
1.06575e-12 9.71655e-58 6.16123e-55
1.07055e-12 9.77996e-58 6.15152e-55
1.07537e-12 9.84341e-58 6.14174e-55
1.08021e-12 9.90688e-58 6.13189e-55
1.08508e-12 9.97037e-58 6.12199e-55
1.08997e-12 1.00339e-57 6.11202e-55
1.09487e-12 1.00974e-57 6.10198e-55
1.09981e-12 1.01609e-57 6.09188e-55
1.10476e-12 1.02245e-57 6.08172e-55
1.10973e-12 1.0288e-57 6.0715e-55
1.11473e-12 1.03515e-57 6.06121e-55
1.11975e-12 1.0415e-57 6.05086e-55
1.1248e-12 1.04785e-57 6.04044e-55
1.12986e-12 1.0542e-57 6.02997e-55
1.13495e-12 1.06055e-57 6.01942e-55
1.14006e-12 1.06689e-57 6.00882e-55
1.1452e-12 1.07323e-57 5.99815e-55
1.15035e-12 1.07956e-57 5.98742e-55
1.15553e-12 1.08589e-57 5.97662e-55
1.16074e-12 1.09222e-57 5.96576e-55
1.16597e-12 1.09854e-57 5.95484e-55
1.17122e-12 1.10485e-57 5.94385e-55
1.17649e-12 1.11116e-57 5.93281e-55
1.18179e-12 1.11746e-57 5.92169e-55
1.18711e-12 1.12375e-57 5.91052e-55
1.19246e-12 1.13003e-57 5.89928e-55
1.19783e-12 1.13631e-57 5.88798e-55
1.20323e-12 1.14257e-57 5.87662e-55
1.20864e-12 1.14883e-57 5.86519e-55
1.21409e-12 1.15507e-57 5.85371e-55
1.21956e-12 1.16131e-57 5.84215e-55
1.22505e-12 1.16753e-57 5.83054e-55
1.23057e-12 1.17375e-57 5.81887e-55
1.23611e-12 1.17995e-57 5.80713e-55
1.24167e-12 1.18613e-57 5.79533e-55
1.24727e-12 1.19231e-57 5.78347e-55
1.25288e-12 1.19847e-57 5.77154e-55
1.25853e-12 1.20462e-57 5.75956e-55
1.26419e-12 1.21075e-57 5.74751e-55
1.26989e-12 1.21686e-57 5.73541e-55
1.27561e-12 1.22296e-57 5.72324e-55
1.28135e-12 1.22905e-57 5.71101e-55
1.28712e-12 1.23511e-57 5.69872e-55
1.29292e-12 1.24116e-57 5.68637e-55
1.29874e-12 1.24719e-57 5.67395e-55
1.30459e-12 1.2532e-57 5.66148e-55
1.31047e-12 1.2592e-57 5.64895e-55
1.31637e-12 1.26517e-57 5.63636e-55
1.3223e-12 1.27112e-57 5.62371e-55
1.32825e-12 1.27706e-57 5.611e-55
1.33424e-12 1.28297e-57 5.59823e-55
1.34024e-12 1.28886e-57 5.5854e-55
1.34628e-12 1.29472e-57 5.57251e-55
1.35234e-12 1.30057e-57 5.55956e-55
1.35843e-12 1.30639e-57 5.54655e-55
1.36455e-12 1.31219e-57 5.53349e-55
1.3707e-12 1.31796e-57 5.52037e-55
1.37687e-12 1.32371e-57 5.50719e-55
1.38307e-12 1.32943e-57 5.49395e-55
1.3893e-12 1.33513e-57 5.48066e-55
1.39556e-12 1.3408e-57 5.46731e-55
1.40184e-12 1.34644e-57 5.4539e-55
1.40816e-12 1.35206e-57 5.44043e-55
1.4145e-12 1.35764e-57 5.42691e-55
1.42087e-12 1.3632e-57 5.41334e-55
1.42727e-12 1.36873e-57 5.39971e-55
1.4337e-12 1.37423e-57 5.38602e-55
1.44015e-12 1.3797e-57 5.37228e-55
1.44664e-12 1.38514e-57 5.35848e-55
1.45315e-12 1.39055e-57 5.34463e-55
1.4597e-12 1.39593e-57 5.33072e-55
1.46627e-12 1.40127e-57 5.31676e-55
1.47288e-12 1.40658e-57 5.30275e-55
1.47951e-12 1.41186e-57 5.28868e-55
1.48617e-12 1.41711e-57 5.27457e-55
1.49287e-12 1.42232e-57 5.26039e-55
1.49959e-12 1.42749e-57 5.24617e-55
1.50634e-12 1.43264e-57 5.2319e-55
1.51313e-12 1.43774e-57 5.21757e-55
1.51994e-12 1.44281e-57 5.20319e-55
1.52679e-12 1.44784e-57 5.18876e-55
1.53366e-12 1.45284e-57 5.17429e-55
1.54057e-12 1.4578e-57 5.15976e-55
1.54751e-12 1.46272e-57 5.14518e-55
1.55448e-12 1.4676e-57 5.13055e-55
1.56148e-12 1.47244e-57 5.11588e-55
1.56851e-12 1.47724e-57 5.10115e-55
1.57558e-12 1.48201e-57 5.08638e-55
1.58267e-12 1.48673e-57 5.07156e-55
1.5898e-12 1.49141e-57 5.05669e-55
1.59696e-12 1.49605e-57 5.04178e-55
1.60415e-12 1.50065e-57 5.02682e-55
1.61138e-12 1.50521e-57 5.01181e-55
1.61864e-12 1.50972e-57 4.99676e-55
1.62592e-12 1.51419e-57 4.98166e-55
1.63325e-12 1.51862e-57 4.96652e-55
1.6406e-12 1.523e-57 4.95133e-55
1.64799e-12 1.52734e-57 4.9361e-55
1.65541e-12 1.53164e-57 4.92083e-55
1.66287e-12 1.53589e-57 4.90551e-55
1.67036e-12 1.54009e-57 4.89015e-55
1.67788e-12 1.54425e-57 4.87475e-55
1.68544e-12 1.54836e-57 4.85931e-55
1.69303e-12 1.55242e-57 4.84383e-55
1.70065e-12 1.55644e-57 4.8283e-55
1.70831e-12 1.56041e-57 4.81274e-55
1.71601e-12 1.56433e-57 4.79713e-55
1.72374e-12 1.5682e-57 4.78149e-55
1.7315e-12 1.57203e-57 4.76581e-55
1.7393e-12 1.5758e-57 4.75009e-55
1.74713e-12 1.57952e-57 4.73433e-55
1.755e-12 1.5832e-57 4.71854e-55
1.7629e-12 1.58682e-57 4.7027e-55
1.77084e-12 1.5904e-57 4.68684e-55
1.77882e-12 1.59392e-57 4.67093e-55
1.78683e-12 1.59739e-57 4.65499e-55
1.79488e-12 1.60081e-57 4.63902e-55
1.80296e-12 1.60418e-57 4.62301e-55
1.81108e-12 1.6075e-57 4.60697e-55
1.81924e-12 1.61076e-57 4.59089e-55
1.82743e-12 1.61397e-57 4.57479e-55
1.83566e-12 1.61713e-57 4.55865e-55
1.84393e-12 1.62023e-57 4.54248e-55
1.85223e-12 1.62328e-57 4.52627e-55
1.86057e-12 1.62627e-57 4.51004e-55
1.86895e-12 1.62921e-57 4.49378e-55
1.87737e-12 1.6321e-57 4.47749e-55
1.88583e-12 1.63493e-57 4.46116e-55
1.89432e-12 1.6377e-57 4.44481e-55
1.90285e-12 1.64042e-57 4.42844e-55
1.91142e-12 1.64309e-57 4.41203e-55
1.92003e-12 1.64569e-57 4.3956e-55
1.92868e-12 1.64825e-57 4.37915e-55
1.93736e-12 1.65074e-57 4.36266e-55
1.94609e-12 1.65318e-57 4.34616e-55
1.95485e-12 1.65556e-57 4.32962e-55
1.96366e-12 1.65788e-57 4.31307e-55
1.9725e-12 1.66015e-57 4.29649e-55
1.98138e-12 1.66235e-57 4.27989e-55
1.99031e-12 1.6645e-57 4.26326e-55
1.99927e-12 1.66659e-57 4.24662e-55
2.00827e-12 1.66863e-57 4.22995e-55
2.01732e-12 1.6706e-57 4.21327e-55
2.0264e-12 1.67252e-57 4.19656e-55
2.03553e-12 1.67437e-57 4.17984e-55
2.0447e-12 1.67617e-57 4.16309e-55
2.05391e-12 1.67791e-57 4.14633e-55
2.06316e-12 1.67959e-57 4.12955e-55
2.07245e-12 1.6812e-57 4.11276e-55
2.08178e-12 1.68276e-57 4.09594e-55
2.09116e-12 1.68426e-57 4.07912e-55
2.10058e-12 1.6857e-57 4.06227e-55
2.11004e-12 1.68708e-57 4.04542e-55
2.11954e-12 1.6884e-57 4.02855e-55
2.12909e-12 1.68966e-57 4.01166e-55
2.13867e-12 1.69086e-57 3.99477e-55
2.14831e-12 1.69199e-57 3.97786e-55
2.15798e-12 1.69307e-57 3.96094e-55
2.1677e-12 1.69409e-57 3.94401e-55
2.17746e-12 1.69504e-57 3.92707e-55
2.18727e-12 1.69594e-57 3.91011e-55
2.19712e-12 1.69677e-57 3.89316e-55
2.20702e-12 1.69754e-57 3.87619e-55
2.21696e-12 1.69825e-57 3.85921e-55
2.22694e-12 1.6989e-57 3.84223e-55
2.23697e-12 1.69949e-57 3.82524e-55
2.24704e-12 1.70002e-57 3.80825e-55
2.25716e-12 1.70049e-57 3.79125e-55
2.26733e-12 1.70089e-57 3.77424e-55
2.27754e-12 1.70123e-57 3.75723e-55
2.2878e-12 1.70152e-57 3.74022e-55
2.2981e-12 1.70174e-57 3.7232e-55
2.30845e-12 1.7019e-57 3.70619e-55
2.31885e-12 1.702e-57 3.68917e-55
2.32929e-12 1.70203e-57 3.67215e-55
2.33978e-12 1.70201e-57 3.65513e-55
2.35032e-12 1.70192e-57 3.63811e-55
2.36091e-12 1.70178e-57 3.62109e-55
2.37154e-12 1.70157e-57 3.60407e-55
2.38222e-12 1.7013e-57 3.58706e-55
2.39295e-12 1.70097e-57 3.57004e-55
2.40373e-12 1.70058e-57 3.55303e-55
2.41455e-12 1.70013e-57 3.53603e-55
2.42543e-12 1.69962e-57 3.51903e-55
2.43635e-12 1.69905e-57 3.50203e-55
2.44732e-12 1.69842e-57 3.48504e-55
2.45834e-12 1.69772e-57 3.46805e-55
2.46942e-12 1.69697e-57 3.45108e-55
2.48054e-12 1.69616e-57 3.43411e-55
2.49171e-12 1.69528e-57 3.41715e-55
2.50293e-12 1.69435e-57 3.40019e-55
2.5142e-12 1.69335e-57 3.38325e-55
2.52553e-12 1.6923e-57 3.36632e-55
2.5369e-12 1.69119e-57 3.34939e-55
2.54833e-12 1.69001e-57 3.33248e-55
2.5598e-12 1.68878e-57 3.31558e-55
2.57133e-12 1.68749e-57 3.29869e-55
2.58291e-12 1.68614e-57 3.28182e-55
2.59454e-12 1.68473e-57 3.26496e-55
2.60623e-12 1.68326e-57 3.24811e-55
2.61797e-12 1.68174e-57 3.23128e-55
2.62976e-12 1.68015e-57 3.21446e-55
2.6416e-12 1.67851e-57 3.19766e-55
2.6535e-12 1.67681e-57 3.18087e-55
2.66545e-12 1.67505e-57 3.1641e-55
2.67745e-12 1.67324e-57 3.14735e-55
2.68951e-12 1.67137e-57 3.13062e-55
2.70162e-12 1.66944e-57 3.11391e-55
2.71379e-12 1.66745e-57 3.09721e-55
2.72601e-12 1.66541e-57 3.08054e-55
2.73829e-12 1.66331e-57 3.06389e-55
2.75062e-12 1.66116e-57 3.04725e-55
2.76301e-12 1.65895e-57 3.03064e-55
2.77546e-12 1.65668e-57 3.01405e-55
2.78796e-12 1.65436e-57 2.99748e-55
2.80051e-12 1.65199e-57 2.98094e-55
2.81312e-12 1.64955e-57 2.96442e-55
2.82579e-12 1.64707e-57 2.94793e-55
2.83852e-12 1.64453e-57 2.93145e-55
2.8513e-12 1.64194e-57 2.91501e-55
2.86415e-12 1.63929e-57 2.89859e-55
2.87705e-12 1.63659e-57 2.8822e-55
2.89e-12 1.63384e-57 2.86583e-55
2.90302e-12 1.63104e-57 2.84949e-55
2.91609e-12 1.62818e-57 2.83318e-55
2.92923e-12 1.62527e-57 2.8169e-55
2.94242e-12 1.62231e-57 2.80065e-55
2.95567e-12 1.6193e-57 2.78442e-55
2.96898e-12 1.61624e-57 2.76823e-55
2.98235e-12 1.61313e-57 2.75207e-55
2.99578e-12 1.60997e-57 2.73594e-55
3.00928e-12 1.60675e-57 2.71984e-55
3.02283e-12 1.60349e-57 2.70377e-55
3.03644e-12 1.60018e-57 2.68774e-55
3.05012e-12 1.59682e-57 2.67173e-55
3.06386e-12 1.59341e-57 2.65577e-55
3.07765e-12 1.58995e-57 2.63983e-55
3.09152e-12 1.58645e-57 2.62393e-55
3.10544e-12 1.5829e-57 2.60807e-55
3.11942e-12 1.5793e-57 2.59224e-55
3.13347e-12 1.57566e-57 2.57645e-55
3.14759e-12 1.57197e-57 2.56069e-55
3.16176e-12 1.56823e-57 2.54497e-55
3.176e-12 1.56445e-57 2.52929e-55
3.19031e-12 1.56062e-57 2.51364e-55
3.20467e-12 1.55675e-57 2.49804e-55
3.21911e-12 1.55283e-57 2.48247e-55
3.2336e-12 1.54887e-57 2.46694e-55
3.24817e-12 1.54487e-57 2.45145e-55
3.2628e-12 1.54083e-57 2.436e-55
3.27749e-12 1.53674e-57 2.42059e-55
3.29225e-12 1.53261e-57 2.40523e-55
3.30708e-12 1.52844e-57 2.3899e-55
3.32197e-12 1.52423e-57 2.37462e-55
3.33693e-12 1.51997e-57 2.35937e-55
3.35196e-12 1.51568e-57 2.34417e-55
3.36706e-12 1.51135e-57 2.32902e-55
3.38222e-12 1.50698e-57 2.3139e-55
3.39746e-12 1.50257e-57 2.29883e-55
3.41276e-12 1.49812e-57 2.28381e-55
3.42813e-12 1.49363e-57 2.26883e-55
3.44357e-12 1.4891e-57 2.25389e-55
3.45908e-12 1.48454e-57 2.239e-55
3.47465e-12 1.47994e-57 2.22416e-55
3.4903e-12 1.47531e-57 2.20936e-55
3.50602e-12 1.47064e-57 2.1946e-55
3.52181e-12 1.46593e-57 2.1799e-55
3.53767e-12 1.46119e-57 2.16524e-55
3.55361e-12 1.45641e-57 2.15063e-55
3.56961e-12 1.4516e-57 2.13606e-55
3.58569e-12 1.44676e-57 2.12155e-55
3.60184e-12 1.44189e-57 2.10708e-55
3.61806e-12 1.43698e-57 2.09266e-55
3.63435e-12 1.43204e-57 2.07829e-55
3.65072e-12 1.42707e-57 2.06397e-55
3.66716e-12 1.42206e-57 2.0497e-55
3.68368e-12 1.41703e-57 2.03548e-55
3.70027e-12 1.41197e-57 2.02131e-55
3.71693e-12 1.40688e-57 2.00719e-55
3.73367e-12 1.40175e-57 1.99312e-55
3.75049e-12 1.3966e-57 1.9791e-55
3.76738e-12 1.39142e-57 1.96513e-55
3.78435e-12 1.38622e-57 1.95122e-55
3.80139e-12 1.38099e-57 1.93736e-55
3.81851e-12 1.37573e-57 1.92355e-55
3.83571e-12 1.37044e-57 1.90979e-55
3.85298e-12 1.36513e-57 1.89609e-55
3.87034e-12 1.35979e-57 1.88244e-55
3.88777e-12 1.35443e-57 1.86884e-55
3.90528e-12 1.34904e-57 1.85529e-55
3.92286e-12 1.34363e-57 1.8418e-55
3.94053e-12 1.3382e-57 1.82837e-55
3.95828e-12 1.33274e-57 1.81498e-55
3.97611e-12 1.32727e-57 1.80166e-55
3.99401e-12 1.32177e-57 1.78838e-55
4.012e-12 1.31625e-57 1.77517e-55
4.03007e-12 1.3107e-57 1.762e-55
4.04822e-12 1.30514e-57 1.7489e-55
4.06645e-12 1.29956e-57 1.73585e-55
4.08477e-12 1.29396e-57 1.72285e-55
4.10316e-12 1.28834e-57 1.70991e-55
4.12164e-12 1.2827e-57 1.69703e-55
4.1402e-12 1.27704e-57 1.6842e-55
4.15885e-12 1.27137e-57 1.67143e-55
4.17758e-12 1.26568e-57 1.65872e-55
4.1964e-12 1.25997e-57 1.64606e-55
4.2153e-12 1.25425e-57 1.63346e-55
4.23428e-12 1.24851e-57 1.62092e-55
4.25335e-12 1.24276e-57 1.60843e-55
4.27251e-12 1.23699e-57 1.596e-55
4.29175e-12 1.23121e-57 1.58363e-55
4.31108e-12 1.22541e-57 1.57132e-55
4.33049e-12 1.2196e-57 1.55907e-55
4.35e-12 1.21378e-57 1.54687e-55
4.36959e-12 1.20795e-57 1.53473e-55
4.38927e-12 1.2021e-57 1.52266e-55
4.40903e-12 1.19624e-57 1.51063e-55
4.42889e-12 1.19038e-57 1.49867e-55
4.44884e-12 1.1845e-57 1.48677e-55
4.46887e-12 1.17861e-57 1.47492e-55
4.489e-12 1.17272e-57 1.46314e-55
4.50922e-12 1.16681e-57 1.45141e-55
4.52953e-12 1.1609e-57 1.43974e-55
4.54993e-12 1.15498e-57 1.42813e-55
4.57042e-12 1.14905e-57 1.41658e-55
4.591e-12 1.14311e-57 1.40509e-55
4.61168e-12 1.13717e-57 1.39366e-55
4.63245e-12 1.13122e-57 1.38229e-55
4.65331e-12 1.12526e-57 1.37098e-55
4.67427e-12 1.1193e-57 1.35973e-55
4.69532e-12 1.11334e-57 1.34853e-55
4.71647e-12 1.10737e-57 1.3374e-55
4.73771e-12 1.1014e-57 1.32632e-55
4.75904e-12 1.09542e-57 1.31531e-55
4.78048e-12 1.08944e-57 1.30436e-55
4.80201e-12 1.08346e-57 1.29346e-55
4.82363e-12 1.07748e-57 1.28263e-55
4.84536e-12 1.07149e-57 1.27185e-55
4.86718e-12 1.0655e-57 1.26114e-55
4.8891e-12 1.05952e-57 1.25048e-55
4.91112e-12 1.05353e-57 1.23989e-55
4.93324e-12 1.04754e-57 1.22935e-55
4.95546e-12 1.04155e-57 1.21888e-55
4.97777e-12 1.03556e-57 1.20846e-55
5.00019e-12 1.02958e-57 1.19811e-55
5.02271e-12 1.02359e-57 1.18781e-55
5.04533e-12 1.01761e-57 1.17757e-55
5.06806e-12 1.01163e-57 1.1674e-55
5.09088e-12 1.00565e-57 1.15728e-55
5.11381e-12 9.9968e-58 1.14723e-55
5.13684e-12 9.9371e-58 1.13723e-55
5.15997e-12 9.87743e-58 1.12729e-55
5.18321e-12 9.81781e-58 1.11741e-55
5.20656e-12 9.75823e-58 1.1076e-55
5.23001e-12 9.69871e-58 1.09784e-55
5.25356e-12 9.63924e-58 1.08814e-55
5.27722e-12 9.57983e-58 1.0785e-55
5.30099e-12 9.52048e-58 1.06892e-55
5.32486e-12 9.46119e-58 1.0594e-55
5.34884e-12 9.40198e-58 1.04994e-55
5.37293e-12 9.34284e-58 1.04054e-55
5.39713e-12 9.28377e-58 1.03119e-55
5.42144e-12 9.22479e-58 1.02191e-55
5.44586e-12 9.16589e-58 1.01268e-55
5.47038e-12 9.10707e-58 1.00352e-55
5.49502e-12 9.04835e-58 9.94412e-56
5.51977e-12 8.98972e-58 9.85364e-56
5.54463e-12 8.93119e-58 9.76374e-56
5.5696e-12 8.87276e-58 9.67443e-56
5.59468e-12 8.81443e-58 9.5857e-56
5.61988e-12 8.75621e-58 9.49756e-56
5.64519e-12 8.6981e-58 9.40999e-56
5.67061e-12 8.6401e-58 9.32301e-56
5.69615e-12 8.58222e-58 9.23661e-56
5.72181e-12 8.52446e-58 9.15079e-56
5.74757e-12 8.46682e-58 9.06554e-56
5.77346e-12 8.4093e-58 8.98088e-56
5.79946e-12 8.35192e-58 8.89678e-56
5.82558e-12 8.29467e-58 8.81326e-56
5.85182e-12 8.23755e-58 8.73032e-56
5.87817e-12 8.18056e-58 8.64794e-56
5.90465e-12 8.12372e-58 8.56614e-56
5.93124e-12 8.06703e-58 8.4849e-56
5.95795e-12 8.01047e-58 8.40423e-56
5.98478e-12 7.95407e-58 8.32412e-56
6.01174e-12 7.89782e-58 8.24458e-56
6.03881e-12 7.84172e-58 8.16561e-56
6.06601e-12 7.78577e-58 8.08719e-56
6.09333e-12 7.72999e-58 8.00933e-56
6.12077e-12 7.67437e-58 7.93203e-56
6.14834e-12 7.61891e-58 7.85529e-56
6.17603e-12 7.56362e-58 7.7791e-56
6.20384e-12 7.5085e-58 7.70346e-56
6.23178e-12 7.45355e-58 7.62838e-56
6.25985e-12 7.39877e-58 7.55384e-56
6.28804e-12 7.34417e-58 7.47985e-56
6.31636e-12 7.28974e-58 7.40641e-56
6.34481e-12 7.2355e-58 7.33351e-56
6.37339e-12 7.18144e-58 7.26116e-56
6.40209e-12 7.12756e-58 7.18934e-56
6.43092e-12 7.07388e-58 7.11807e-56
6.45989e-12 7.02038e-58 7.04733e-56
6.48898e-12 6.96707e-58 6.97713e-56
6.5182e-12 6.91395e-58 6.90746e-56
6.54756e-12 6.86103e-58 6.83832e-56
6.57705e-12 6.80831e-58 6.76971e-56
6.60667e-12 6.75579e-58 6.70162e-56
6.63642e-12 6.70346e-58 6.63407e-56
6.66631e-12 6.65134e-58 6.56703e-56
6.69633e-12 6.59943e-58 6.50052e-56
6.72649e-12 6.54772e-58 6.43452e-56
6.75679e-12 6.49621e-58 6.36905e-56
6.78722e-12 6.44492e-58 6.30408e-56
6.81779e-12 6.39384e-58 6.23963e-56
6.84849e-12 6.34297e-58 6.1757e-56
6.87933e-12 6.29232e-58 6.11227e-56
6.91032e-12 6.24188e-58 6.04934e-56
6.94144e-12 6.19166e-58 5.98692e-56
6.9727e-12 6.14166e-58 5.92501e-56
7.0041e-12 6.09187e-58 5.86359e-56
7.03565e-12 6.04231e-58 5.80267e-56
7.06734e-12 5.99298e-58 5.74225e-56
7.09916e-12 5.94386e-58 5.68232e-56
7.13114e-12 5.89498e-58 5.62288e-56
7.16325e-12 5.84632e-58 5.56393e-56
7.19551e-12 5.79788e-58 5.50547e-56
7.22792e-12 5.74968e-58 5.44749e-56
7.26047e-12 5.70171e-58 5.38999e-56
7.29317e-12 5.65397e-58 5.33298e-56
7.32602e-12 5.60646e-58 5.27644e-56
7.35901e-12 5.55918e-58 5.22037e-56
7.39216e-12 5.51214e-58 5.16478e-56
7.42545e-12 5.46534e-58 5.10966e-56
7.45889e-12 5.41877e-58 5.055e-56
7.49248e-12 5.37244e-58 5.00082e-56
7.52623e-12 5.32635e-58 4.94709e-56
7.56012e-12 5.28049e-58 4.89383e-56
7.59417e-12 5.23488e-58 4.84102e-56
7.62837e-12 5.18951e-58 4.78868e-56
7.66273e-12 5.14437e-58 4.73678e-56
7.69724e-12 5.09949e-58 4.68534e-56
7.73191e-12 5.05484e-58 4.63434e-56
7.76673e-12 5.01044e-58 4.58379e-56
7.80171e-12 4.96628e-58 4.53369e-56
7.83684e-12 4.92236e-58 4.48403e-56
7.87214e-12 4.8787e-58 4.4348e-56
7.90759e-12 4.83527e-58 4.38602e-56
7.94321e-12 4.7921e-58 4.33766e-56
7.97898e-12 4.74917e-58 4.28974e-56
8.01492e-12 4.70649e-58 4.24225e-56
8.05101e-12 4.66405e-58 4.19519e-56
8.08727e-12 4.62187e-58 4.14854e-56
8.12369e-12 4.57993e-58 4.10233e-56
8.16028e-12 4.53824e-58 4.05653e-56
8.19703e-12 4.4968e-58 4.01114e-56
8.23395e-12 4.45561e-58 3.96618e-56
8.27103e-12 4.41466e-58 3.92162e-56
8.30828e-12 4.37397e-58 3.87747e-56
8.3457e-12 4.33353e-58 3.83373e-56
8.38329e-12 4.29334e-58 3.7904e-56
8.42104e-12 4.25339e-58 3.74747e-56
8.45897e-12 4.2137e-58 3.70493e-56
8.49707e-12 4.17426e-58 3.66279e-56
8.53534e-12 4.13507e-58 3.62105e-56
8.57378e-12 4.09613e-58 3.5797e-56
8.61239e-12 4.05744e-58 3.53874e-56
8.65118e-12 4.019e-58 3.49817e-56
8.69014e-12 3.98081e-58 3.45798e-56
8.72928e-12 3.94287e-58 3.41817e-56
8.76859e-12 3.90518e-58 3.37874e-56
8.80808e-12 3.86774e-58 3.33969e-56
8.84775e-12 3.83055e-58 3.30101e-56
8.8876e-12 3.79361e-58 3.2627e-56
8.92763e-12 3.75692e-58 3.22477e-56
8.96783e-12 3.72048e-58 3.1872e-56
9.00822e-12 3.68428e-58 3.14999e-56
9.04879e-12 3.64834e-58 3.11315e-56
9.08955e-12 3.61265e-58 3.07667e-56
9.13048e-12 3.5772e-58 3.04054e-56
9.1716e-12 3.542e-58 3.00477e-56
9.21291e-12 3.50705e-58 2.96935e-56
9.2544e-12 3.47234e-58 2.93428e-56
9.29608e-12 3.43789e-58 2.89956e-56
9.33795e-12 3.40367e-58 2.86518e-56
9.38e-12 3.36971e-58 2.83114e-56
9.42225e-12 3.33599e-58 2.79744e-56
9.46468e-12 3.30251e-58 2.76408e-56
9.50731e-12 3.26928e-58 2.73106e-56
9.55013e-12 3.2363e-58 2.69836e-56
9.59314e-12 3.20355e-58 2.666e-56
9.63634e-12 3.17105e-58 2.63397e-56
9.67974e-12 3.13879e-58 2.60226e-56
9.72334e-12 3.10678e-58 2.57087e-56
9.76713e-12 3.075e-58 2.5398e-56
9.81112e-12 3.04347e-58 2.50905e-56
9.8553e-12 3.01217e-58 2.47862e-56
9.89969e-12 2.98112e-58 2.44849e-56
9.94427e-12 2.9503e-58 2.41868e-56
9.98906e-12 2.91972e-58 2.38918e-56
1.0034e-11 2.88938e-58 2.35998e-56
1.00792e-11 2.85927e-58 2.33109e-56
1.01246e-11 2.82941e-58 2.3025e-56
1.01702e-11 2.79977e-58 2.2742e-56
1.0216e-11 2.77037e-58 2.2462e-56
1.0262e-11 2.7412e-58 2.2185e-56
1.03083e-11 2.71227e-58 2.19109e-56
1.03547e-11 2.68357e-58 2.16397e-56
1.04013e-11 2.6551e-58 2.13713e-56
1.04482e-11 2.62686e-58 2.11058e-56
1.04952e-11 2.59885e-58 2.08431e-56
1.05425e-11 2.57106e-58 2.05832e-56
1.059e-11 2.54351e-58 2.03261e-56
1.06377e-11 2.51618e-58 2.00718e-56
1.06856e-11 2.48908e-58 1.98201e-56
1.07337e-11 2.4622e-58 1.95712e-56
1.0782e-11 2.43555e-58 1.9325e-56
1.08306e-11 2.40912e-58 1.90815e-56
1.08794e-11 2.38292e-58 1.88405e-56
1.09284e-11 2.35693e-58 1.86023e-56
1.09776e-11 2.33117e-58 1.83666e-56
1.1027e-11 2.30562e-58 1.81334e-56
1.10767e-11 2.2803e-58 1.79029e-56
1.11266e-11 2.25519e-58 1.76749e-56
1.11767e-11 2.23029e-58 1.74493e-56
1.1227e-11 2.20562e-58 1.72263e-56
1.12776e-11 2.18116e-58 1.70057e-56
1.13284e-11 2.15691e-58 1.67876e-56
1.13794e-11 2.13287e-58 1.65719e-56
1.14307e-11 2.10905e-58 1.63586e-56
1.14821e-11 2.08543e-58 1.61477e-56
1.15338e-11 2.06203e-58 1.59392e-56
1.15858e-11 2.03883e-58 1.5733e-56
1.1638e-11 2.01584e-58 1.55291e-56
1.16904e-11 1.99306e-58 1.53275e-56
1.1743e-11 1.97049e-58 1.51282e-56
1.17959e-11 1.94811e-58 1.49312e-56
1.1849e-11 1.92594e-58 1.47364e-56
1.19024e-11 1.90397e-58 1.45438e-56
1.1956e-11 1.88221e-58 1.43534e-56
1.20099e-11 1.86064e-58 1.41652e-56
1.2064e-11 1.83927e-58 1.39791e-56
1.21183e-11 1.8181e-58 1.37952e-56
1.21729e-11 1.79713e-58 1.36133e-56
1.22277e-11 1.77635e-58 1.34336e-56
1.22828e-11 1.75576e-58 1.3256e-56
1.23381e-11 1.73537e-58 1.30804e-56
1.23936e-11 1.71517e-58 1.29069e-56
1.24495e-11 1.69516e-58 1.27354e-56
1.25055e-11 1.67534e-58 1.25659e-56
1.25618e-11 1.65571e-58 1.23983e-56
1.26184e-11 1.63627e-58 1.22327e-56
1.26753e-11 1.61701e-58 1.20691e-56
1.27323e-11 1.59794e-58 1.19074e-56
1.27897e-11 1.57905e-58 1.17476e-56
1.28473e-11 1.56034e-58 1.15897e-56
1.29051e-11 1.54182e-58 1.14337e-56
1.29633e-11 1.52348e-58 1.12795e-56
1.30216e-11 1.50531e-58 1.11272e-56
1.30803e-11 1.48733e-58 1.09766e-56
1.31392e-11 1.46952e-58 1.08279e-56
1.31984e-11 1.45189e-58 1.06809e-56
1.32578e-11 1.43443e-58 1.05358e-56
1.33175e-11 1.41714e-58 1.03923e-56
1.33775e-11 1.40003e-58 1.02506e-56
1.34378e-11 1.38309e-58 1.01106e-56
1.34983e-11 1.36632e-58 9.97229e-57
1.35591e-11 1.34971e-58 9.83565e-57
1.36201e-11 1.33328e-58 9.70068e-57
1.36815e-11 1.31701e-58 9.56735e-57
1.37431e-11 1.30091e-58 9.43565e-57
1.3805e-11 1.28497e-58 9.30556e-57
1.38672e-11 1.26919e-58 9.17707e-57
1.39296e-11 1.25358e-58 9.05015e-57
1.39923e-11 1.23812e-58 8.92479e-57
1.40554e-11 1.22283e-58 8.80098e-57
1.41187e-11 1.20769e-58 8.67869e-57
1.41823e-11 1.19271e-58 8.55792e-57
1.42461e-11 1.17789e-58 8.43865e-57
1.43103e-11 1.16322e-58 8.32086e-57
1.43747e-11 1.14871e-58 8.20454e-57
1.44395e-11 1.13435e-58 8.08967e-57
1.45045e-11 1.12013e-58 7.97624e-57
1.45698e-11 1.10607e-58 7.86422e-57
1.46354e-11 1.09216e-58 7.75362e-57
1.47014e-11 1.0784e-58 7.6444e-57
1.47676e-11 1.06478e-58 7.53656e-57
1.48341e-11 1.05131e-58 7.43008e-57
1.49009e-11 1.03798e-58 7.32495e-57
1.4968e-11 1.0248e-58 7.22115e-57
1.50354e-11 1.01176e-58 7.11867e-57
1.51031e-11 9.98857e-59 7.0175e-57
1.51711e-11 9.86096e-59 6.91761e-57
1.52395e-11 9.73474e-59 6.819e-57
1.53081e-11 9.6099e-59 6.72165e-57
1.5377e-11 9.48642e-59 6.62555e-57
1.54463e-11 9.3643e-59 6.53069e-57
1.55159e-11 9.24351e-59 6.43705e-57
1.55857e-11 9.12406e-59 6.34461e-57
1.56559e-11 9.00593e-59 6.25337e-57
1.57265e-11 8.88911e-59 6.16331e-57
1.57973e-11 8.77359e-59 6.07442e-57
1.58684e-11 8.65935e-59 5.98669e-57
1.59399e-11 8.54639e-59 5.90009e-57
1.60117e-11 8.4347e-59 5.81463e-57
1.60838e-11 8.32426e-59 5.73028e-57
1.61562e-11 8.21507e-59 5.64704e-57
1.6229e-11 8.1071e-59 5.56489e-57
1.63021e-11 8.00037e-59 5.48382e-57
1.63755e-11 7.89484e-59 5.40381e-57
1.64493e-11 7.79051e-59 5.32486e-57
1.65233e-11 7.68737e-59 5.24696e-57
1.65978e-11 7.58542e-59 5.17009e-57
1.66725e-11 7.48463e-59 5.09423e-57
1.67476e-11 7.385e-59 5.01939e-57
1.6823e-11 7.28652e-59 4.94554e-57
1.68988e-11 7.18918e-59 4.87267e-57
1.69749e-11 7.09296e-59 4.80078e-57
1.70513e-11 6.99787e-59 4.72985e-57
1.71281e-11 6.90388e-59 4.65987e-57
1.72053e-11 6.81098e-59 4.59083e-57
1.72828e-11 6.71918e-59 4.52272e-57
1.73606e-11 6.62845e-59 4.45553e-57
1.74388e-11 6.53879e-59 4.38924e-57
1.75173e-11 6.45018e-59 4.32386e-57
1.75962e-11 6.36263e-59 4.25936e-57
1.76755e-11 6.27611e-59 4.19573e-57
1.77551e-11 6.19061e-59 4.13297e-57
1.7835e-11 6.10614e-59 4.07106e-57
1.79154e-11 6.02267e-59 4.01e-57
1.7996e-11 5.9402e-59 3.94977e-57
1.80771e-11 5.85872e-59 3.89037e-57
1.81585e-11 5.77822e-59 3.83178e-57
1.82403e-11 5.69869e-59 3.774e-57
1.83224e-11 5.62012e-59 3.71702e-57
1.8405e-11 5.5425e-59 3.66081e-57
1.84878e-11 5.46582e-59 3.60539e-57
1.85711e-11 5.39007e-59 3.55073e-57
1.86547e-11 5.31525e-59 3.49683e-57
1.87388e-11 5.24134e-59 3.44368e-57
1.88232e-11 5.16834e-59 3.39126e-57
1.89079e-11 5.09623e-59 3.33958e-57
1.89931e-11 5.02501e-59 3.28862e-57
1.90786e-11 4.95466e-59 3.23837e-57
1.91646e-11 4.88519e-59 3.18882e-57
1.92509e-11 4.81658e-59 3.13997e-57
1.93376e-11 4.74882e-59 3.0918e-57
1.94247e-11 4.6819e-59 3.04432e-57
1.95121e-11 4.61581e-59 2.9975e-57
1.96e-11 4.55055e-59 2.95134e-57
1.96883e-11 4.48611e-59 2.90583e-57
1.9777e-11 4.42248e-59 2.86097e-57
1.9866e-11 4.35965e-59 2.81675e-57
1.99555e-11 4.29761e-59 2.77315e-57
2.00454e-11 4.23635e-59 2.73018e-57
2.01357e-11 4.17587e-59 2.68781e-57
2.02263e-11 4.11616e-59 2.64605e-57
2.03174e-11 4.05721e-59 2.60489e-57
2.04089e-11 3.999e-59 2.56432e-57
2.05008e-11 3.94154e-59 2.52433e-57
2.05932e-11 3.88482e-59 2.48491e-57
2.06859e-11 3.82883e-59 2.44607e-57
2.07791e-11 3.77355e-59 2.40778e-57
2.08727e-11 3.71899e-59 2.37004e-57
2.09667e-11 3.66513e-59 2.33285e-57
2.10611e-11 3.61197e-59 2.2962e-57
2.1156e-11 3.55949e-59 2.26008e-57
2.12512e-11 3.5077e-59 2.22449e-57
2.13469e-11 3.45659e-59 2.18941e-57
2.14431e-11 3.40614e-59 2.15484e-57
2.15397e-11 3.35635e-59 2.12078e-57
2.16367e-11 3.30721e-59 2.08722e-57
2.17341e-11 3.25872e-59 2.05415e-57
2.1832e-11 3.21086e-59 2.02156e-57
2.19303e-11 3.16364e-59 1.98945e-57
2.20291e-11 3.11704e-59 1.95781e-57
2.21283e-11 3.07106e-59 1.92664e-57
2.2228e-11 3.02568e-59 1.89593e-57
2.23281e-11 2.98091e-59 1.86568e-57
2.24286e-11 2.93674e-59 1.83587e-57
2.25296e-11 2.89316e-59 1.8065e-57
2.26311e-11 2.85015e-59 1.77757e-57
2.2733e-11 2.80773e-59 1.74907e-57
2.28354e-11 2.76587e-59 1.72099e-57
2.29383e-11 2.72458e-59 1.69333e-57
2.30416e-11 2.68385e-59 1.66608e-57
2.31453e-11 2.64366e-59 1.63925e-57
2.32496e-11 2.60402e-59 1.61281e-57
2.33543e-11 2.56492e-59 1.58677e-57
2.34595e-11 2.52634e-59 1.56112e-57
2.35651e-11 2.4883e-59 1.53586e-57
2.36713e-11 2.45077e-59 1.51097e-57
2.37779e-11 2.41375e-59 1.48647e-57
2.3885e-11 2.37724e-59 1.46233e-57
2.39925e-11 2.34124e-59 1.43856e-57
2.41006e-11 2.30572e-59 1.41514e-57
2.42091e-11 2.2707e-59 1.39209e-57
2.43182e-11 2.23616e-59 1.36938e-57
2.44277e-11 2.2021e-59 1.34702e-57
2.45377e-11 2.16851e-59 1.325e-57
2.46482e-11 2.13538e-59 1.30331e-57
2.47592e-11 2.10272e-59 1.28196e-57
2.48707e-11 2.07051e-59 1.26093e-57
2.49827e-11 2.03875e-59 1.24023e-57
2.50952e-11 2.00744e-59 1.21984e-57
2.52083e-11 1.97656e-59 1.19976e-57
2.53218e-11 1.94612e-59 1.18e-57
2.54358e-11 1.9161e-59 1.16054e-57
2.55504e-11 1.88651e-59 1.14138e-57
2.56655e-11 1.85734e-59 1.12251e-57
2.57811e-11 1.82858e-59 1.10394e-57
2.58972e-11 1.80022e-59 1.08565e-57
2.60138e-11 1.77227e-59 1.06765e-57
2.6131e-11 1.74472e-59 1.04993e-57
2.62486e-11 1.71756e-59 1.03248e-57
2.63669e-11 1.69079e-59 1.0153e-57
2.64856e-11 1.6644e-59 9.98396e-58
2.66049e-11 1.63838e-59 9.81752e-58
2.67247e-11 1.61275e-59 9.65369e-58
2.68451e-11 1.58748e-59 9.49241e-58
2.6966e-11 1.56257e-59 9.33366e-58
2.70874e-11 1.53802e-59 9.17741e-58
2.72094e-11 1.51383e-59 9.0236e-58
2.7332e-11 1.48999e-59 8.87222e-58
2.74551e-11 1.4665e-59 8.72322e-58
2.75787e-11 1.44334e-59 8.57657e-58
2.77029e-11 1.42053e-59 8.43224e-58
2.78277e-11 1.39804e-59 8.29018e-58
2.7953e-11 1.37589e-59 8.15038e-58
2.80789e-11 1.35406e-59 8.01279e-58
2.82054e-11 1.33255e-59 7.87739e-58
2.83324e-11 1.31135e-59 7.74413e-58
2.846e-11 1.29047e-59 7.613e-58
2.85882e-11 1.26989e-59 7.48395e-58
2.87169e-11 1.24962e-59 7.35696e-58
2.88462e-11 1.22965e-59 7.232e-58
2.89762e-11 1.20998e-59 7.10903e-58
2.91067e-11 1.19059e-59 6.98803e-58
2.92377e-11 1.1715e-59 6.86898e-58
2.93694e-11 1.15269e-59 6.75183e-58
2.95017e-11 1.13416e-59 6.63656e-58
2.96346e-11 1.1159e-59 6.52314e-58
2.9768e-11 1.09792e-59 6.41155e-58
2.99021e-11 1.08021e-59 6.30176e-58
3.00368e-11 1.06277e-59 6.19374e-58
3.0172e-11 1.04559e-59 6.08746e-58
3.03079e-11 1.02867e-59 5.9829e-58
3.04444e-11 1.012e-59 5.88003e-58
3.05815e-11 9.95584e-60 5.77883e-58
3.07193e-11 9.79418e-60 5.67928e-58
3.08576e-11 9.63497e-60 5.58133e-58
3.09966e-11 9.47817e-60 5.48498e-58
3.11362e-11 9.32377e-60 5.3902e-58
3.12764e-11 9.17172e-60 5.29697e-58
3.14173e-11 9.02199e-60 5.20525e-58
3.15588e-11 8.87455e-60 5.11503e-58
3.17009e-11 8.72937e-60 5.02628e-58
3.18437e-11 8.58642e-60 4.93899e-58
3.19871e-11 8.44566e-60 4.85312e-58
3.21312e-11 8.30708e-60 4.76867e-58
3.22759e-11 8.17063e-60 4.6856e-58
3.24212e-11 8.03628e-60 4.60389e-58
3.25672e-11 7.90402e-60 4.52353e-58
3.27139e-11 7.7738e-60 4.44449e-58
3.28612e-11 7.64561e-60 4.36675e-58
3.30092e-11 7.51941e-60 4.29029e-58
3.31579e-11 7.39517e-60 4.2151e-58
3.33072e-11 7.27287e-60 4.14115e-58
3.34573e-11 7.15248e-60 4.06842e-58
3.36079e-11 7.03397e-60 3.99689e-58
3.37593e-11 6.91732e-60 3.92655e-58
3.39113e-11 6.80249e-60 3.85738e-58
3.40641e-11 6.68948e-60 3.78936e-58
3.42175e-11 6.57824e-60 3.72246e-58
3.43716e-11 6.46875e-60 3.65668e-58
3.45264e-11 6.36099e-60 3.59199e-58
3.46819e-11 6.25493e-60 3.52838e-58
3.48381e-11 6.15056e-60 3.46583e-58
3.4995e-11 6.04784e-60 3.40433e-58
3.51526e-11 5.94674e-60 3.34385e-58
3.53109e-11 5.84726e-60 3.28438e-58
3.54699e-11 5.74936e-60 3.22591e-58
3.56297e-11 5.65302e-60 3.16842e-58
3.57901e-11 5.55822e-60 3.11189e-58
3.59513e-11 5.46494e-60 3.0563e-58
3.61132e-11 5.37315e-60 3.00165e-58
3.62759e-11 5.28283e-60 2.94792e-58
3.64393e-11 5.19396e-60 2.89509e-58
3.66034e-11 5.10652e-60 2.84315e-58
3.67682e-11 5.02049e-60 2.79209e-58
3.69338e-11 4.93585e-60 2.74188e-58
3.71002e-11 4.85257e-60 2.69253e-58
3.72672e-11 4.77065e-60 2.644e-58
3.74351e-11 4.69005e-60 2.59629e-58
3.76037e-11 4.61075e-60 2.54939e-58
3.7773e-11 4.53274e-60 2.50329e-58
3.79432e-11 4.45601e-60 2.45796e-58
3.8114e-11 4.38052e-60 2.4134e-58
3.82857e-11 4.30626e-60 2.36959e-58
3.84581e-11 4.23322e-60 2.32653e-58
3.86313e-11 4.16137e-60 2.2842e-58
3.88053e-11 4.09069e-60 2.24258e-58
3.89801e-11 4.02118e-60 2.20168e-58
3.91556e-11 3.9528e-60 2.16147e-58
3.9332e-11 3.88555e-60 2.12194e-58
3.95091e-11 3.8194e-60 2.08308e-58
3.96871e-11 3.75435e-60 2.04489e-58
3.98658e-11 3.69037e-60 2.00734e-58
4.00453e-11 3.62744e-60 1.97044e-58
4.02257e-11 3.56556e-60 1.93417e-58
4.04069e-11 3.5047e-60 1.89851e-58
4.05888e-11 3.44485e-60 1.86346e-58
4.07716e-11 3.38599e-60 1.82902e-58
4.09553e-11 3.32812e-60 1.79516e-58
4.11397e-11 3.2712e-60 1.76187e-58
4.1325e-11 3.21523e-60 1.72916e-58
4.15111e-11 3.1602e-60 1.69701e-58
4.16981e-11 3.10609e-60 1.66541e-58
4.18859e-11 3.05288e-60 1.63435e-58
4.20745e-11 3.00056e-60 1.60382e-58
4.2264e-11 2.94911e-60 1.57381e-58
4.24543e-11 2.89853e-60 1.54432e-58
4.26455e-11 2.8488e-60 1.51534e-58
4.28376e-11 2.79991e-60 1.48685e-58
4.30305e-11 2.75184e-60 1.45885e-58
4.32243e-11 2.70458e-60 1.43133e-58
4.3419e-11 2.65811e-60 1.40429e-58
4.36146e-11 2.61243e-60 1.3777e-58
4.3811e-11 2.56753e-60 1.35158e-58
4.40083e-11 2.52338e-60 1.3259e-58
4.42065e-11 2.47998e-60 1.30067e-58
4.44056e-11 2.43732e-60 1.27587e-58
4.46056e-11 2.39538e-60 1.2515e-58
4.48065e-11 2.35415e-60 1.22754e-58
4.50083e-11 2.31363e-60 1.204e-58
4.5211e-11 2.27379e-60 1.18087e-58
4.54146e-11 2.23463e-60 1.15813e-58
4.56191e-11 2.19615e-60 1.13578e-58
4.58246e-11 2.15831e-60 1.11382e-58
4.6031e-11 2.12113e-60 1.09224e-58
4.62383e-11 2.08458e-60 1.07103e-58
4.64465e-11 2.04866e-60 1.05018e-58
4.66557e-11 2.01335e-60 1.02969e-58
4.68658e-11 1.97865e-60 1.00956e-58
4.70769e-11 1.94454e-60 9.89773e-59
4.72889e-11 1.91102e-60 9.70328e-59
4.75019e-11 1.87808e-60 9.51218e-59
4.77158e-11 1.8457e-60 9.32437e-59
4.79307e-11 1.81388e-60 9.1398e-59
4.81466e-11 1.78261e-60 8.95841e-59
4.83634e-11 1.75188e-60 8.78015e-59
4.85812e-11 1.72168e-60 8.60496e-59
4.88e-11 1.692e-60 8.43279e-59
4.90198e-11 1.66284e-60 8.26359e-59
4.92406e-11 1.63418e-60 8.09731e-59
4.94623e-11 1.60601e-60 7.93389e-59
4.96851e-11 1.57834e-60 7.77329e-59
4.99089e-11 1.55114e-60 7.61546e-59
5.01336e-11 1.52442e-60 7.46034e-59
5.03594e-11 1.49816e-60 7.3079e-59
5.05862e-11 1.47236e-60 7.15808e-59
5.08141e-11 1.447e-60 7.01085e-59
5.10429e-11 1.42209e-60 6.86615e-59
5.12728e-11 1.39761e-60 6.72394e-59
5.15037e-11 1.37356e-60 6.58418e-59
5.17357e-11 1.34992e-60 6.44682e-59
5.19687e-11 1.3267e-60 6.31183e-59
5.22027e-11 1.30389e-60 6.17916e-59
5.24378e-11 1.28147e-60 6.04877e-59
5.2674e-11 1.25944e-60 5.92062e-59
5.29112e-11 1.2378e-60 5.79468e-59
5.31495e-11 1.21654e-60 5.6709e-59
5.33889e-11 1.19565e-60 5.54925e-59
5.36293e-11 1.17513e-60 5.42968e-59
5.38709e-11 1.15496e-60 5.31217e-59
5.41135e-11 1.13515e-60 5.19667e-59
5.43572e-11 1.11569e-60 5.08316e-59
5.4602e-11 1.09657e-60 4.97159e-59
5.48479e-11 1.07778e-60 4.86193e-59
5.50949e-11 1.05932e-60 4.75415e-59
5.53431e-11 1.04119e-60 4.64822e-59
5.55923e-11 1.02338e-60 4.5441e-59
5.58427e-11 1.00587e-60 4.44176e-59
5.60942e-11 9.8868e-61 4.34118e-59
5.63468e-11 9.71789e-61 4.24231e-59
5.66006e-11 9.55195e-61 4.14513e-59
5.68555e-11 9.38893e-61 4.04961e-59
5.71116e-11 9.22878e-61 3.95572e-59
5.73688e-11 9.07144e-61 3.86343e-59
5.76272e-11 8.91688e-61 3.77272e-59
5.78867e-11 8.76504e-61 3.68355e-59
5.81474e-11 8.61587e-61 3.5959e-59
5.84093e-11 8.46934e-61 3.50974e-59
5.86723e-11 8.32538e-61 3.42505e-59
5.89366e-11 8.18396e-61 3.34179e-59
5.9202e-11 8.04504e-61 3.25995e-59
5.94686e-11 7.90856e-61 3.1795e-59
5.97365e-11 7.77449e-61 3.10042e-59
6.00055e-11 7.64278e-61 3.02267e-59
6.02758e-11 7.5134e-61 2.94624e-59
6.05472e-11 7.3863e-61 2.87111e-59
6.08199e-11 7.26143e-61 2.79725e-59
6.10938e-11 7.13877e-61 2.72463e-59
6.1369e-11 7.01828e-61 2.65325e-59
6.16454e-11 6.89991e-61 2.58306e-59
6.1923e-11 6.78362e-61 2.51406e-59
6.22019e-11 6.66939e-61 2.44623e-59
6.2482e-11 6.55717e-61 2.37953e-59
6.27634e-11 6.44693e-61 2.31396e-59
6.30461e-11 6.33863e-61 2.24949e-59
6.333e-11 6.23224e-61 2.18611e-59
6.36152e-11 6.12773e-61 2.12378e-59
6.39017e-11 6.02505e-61 2.06251e-59
6.41895e-11 5.92419e-61 2.00226e-59
6.44786e-11 5.8251e-61 1.94301e-59
6.4769e-11 5.72776e-61 1.88476e-59
6.50607e-11 5.63213e-61 1.82749e-59
6.53537e-11 5.53819e-61 1.77116e-59
6.56481e-11 5.44589e-61 1.71578e-59
6.59437e-11 5.35523e-61 1.66132e-59
6.62407e-11 5.26615e-61 1.60777e-59
6.65391e-11 5.17865e-61 1.55511e-59
6.68387e-11 5.09268e-61 1.50332e-59
6.71398e-11 5.00822e-61 1.4524e-59
6.74421e-11 4.92524e-61 1.40231e-59
6.77459e-11 4.84372e-61 1.35306e-59
6.8051e-11 4.76364e-61 1.30462e-59
6.83575e-11 4.68495e-61 1.25699e-59
6.86653e-11 4.60765e-61 1.21014e-59
6.89746e-11 4.5317e-61 1.16406e-59
6.92852e-11 4.45709e-61 1.11875e-59
6.95973e-11 4.38378e-61 1.07417e-59
6.99107e-11 4.31175e-61 1.03034e-59
7.02256e-11 4.24098e-61 9.87219e-60
7.05418e-11 4.17145e-61 9.4481e-60
7.08595e-11 4.10314e-61 9.03095e-60
7.11787e-11 4.03601e-61 8.62064e-60
7.14992e-11 3.97006e-61 8.21704e-60
7.18212e-11 3.90526e-61 7.82003e-60
7.21447e-11 3.84159e-61 7.4295e-60
7.24696e-11 3.77903e-61 7.04534e-60
7.2796e-11 3.71756e-61 6.66744e-60
7.31239e-11 3.65716e-61 6.29568e-60
7.34532e-11 3.59781e-61 5.92997e-60
7.3784e-11 3.53949e-61 5.57019e-60
7.41163e-11 3.48218e-61 5.21624e-60
7.44501e-11 3.42587e-61 4.86802e-60
7.47854e-11 3.37053e-61 4.52543e-60
7.51222e-11 3.31615e-61 4.18838e-60
7.54605e-11 3.26272e-61 3.85677e-60
7.58004e-11 3.21021e-61 3.53049e-60
7.61418e-11 3.1586e-61 3.20947e-60
7.64847e-11 3.10789e-61 2.89361e-60
7.68292e-11 3.05805e-61 2.58282e-60
7.71752e-11 3.00907e-61 2.27702e-60
7.75228e-11 2.96094e-61 1.97611e-60
7.78719e-11 2.91363e-61 1.68002e-60
7.82226e-11 2.86714e-61 1.38865e-60
7.85749e-11 2.82145e-61 1.10194e-60
7.89288e-11 2.77654e-61 8.19795e-61
7.92842e-11 2.7324e-61 5.42141e-61
7.96413e-11 2.68902e-61 2.68902e-61
