1e-14 9.98288e-46 4.18747e-38
1.0045e-14 1.02947e-45 4.18747e-38
1.00903e-14 1.06157e-45 4.18747e-38
1.01357e-14 1.09463e-45 4.18747e-38
1.01814e-14 1.12867e-45 4.18747e-38
1.02272e-14 1.16371e-45 4.18747e-38
1.02733e-14 1.19979e-45 4.18747e-38
1.03196e-14 1.23693e-45 4.18747e-38
1.0366e-14 1.27516e-45 4.18747e-38
1.04127e-14 1.31452e-45 4.18747e-38
1.04596e-14 1.35503e-45 4.18747e-38
1.05067e-14 1.39673e-45 4.18747e-38
1.0554e-14 1.43965e-45 4.18747e-38
1.06016e-14 1.48382e-45 4.18747e-38
1.06493e-14 1.52928e-45 4.18747e-38
1.06973e-14 1.57606e-45 4.18747e-38
1.07455e-14 1.6242e-45 4.18747e-38
1.07938e-14 1.67373e-45 4.18747e-38
1.08425e-14 1.7247e-45 4.18747e-38
1.08913e-14 1.77714e-45 4.18747e-38
1.09403e-14 1.8311e-45 4.18747e-38
1.09896e-14 1.88661e-45 4.18747e-38
1.10391e-14 1.94371e-45 4.18747e-38
1.10888e-14 2.00246e-45 4.18747e-38
1.11388e-14 2.06289e-45 4.18747e-38
1.11889e-14 2.12504e-45 4.18747e-38
1.12393e-14 2.18898e-45 4.18747e-38
1.12899e-14 2.25474e-45 4.18747e-38
1.13408e-14 2.32237e-45 4.18747e-38
1.13919e-14 2.39192e-45 4.18747e-38
1.14432e-14 2.46345e-45 4.18747e-38
1.14947e-14 2.537e-45 4.18747e-38
1.15465e-14 2.61263e-45 4.18747e-38
1.15985e-14 2.6904e-45 4.18747e-38
1.16507e-14 2.77036e-45 4.18747e-38
1.17032e-14 2.85257e-45 4.18747e-38
1.17559e-14 2.93709e-45 4.18747e-38
1.18088e-14 3.02398e-45 4.18747e-38
1.1862e-14 3.11331e-45 4.18747e-38
1.19154e-14 3.20513e-45 4.18747e-38
1.19691e-14 3.29951e-45 4.18747e-38
1.2023e-14 3.39652e-45 4.18747e-38
1.20772e-14 3.49623e-45 4.18746e-38
1.21316e-14 3.59871e-45 4.18746e-38
1.21862e-14 3.70402e-45 4.18746e-38
1.22411e-14 3.81225e-45 4.18746e-38
1.22962e-14 3.92347e-45 4.18746e-38
1.23516e-14 4.03776e-45 4.18746e-38
1.24072e-14 4.15519e-45 4.18746e-38
1.24631e-14 4.27584e-45 4.18746e-38
1.25192e-14 4.39981e-45 4.18746e-38
1.25756e-14 4.52717e-45 4.18746e-38
1.26322e-14 4.65801e-45 4.18746e-38
1.26891e-14 4.79242e-45 4.18746e-38
1.27463e-14 4.93049e-45 4.18746e-38
1.28037e-14 5.07231e-45 4.18746e-38
1.28613e-14 5.21799e-45 4.18746e-38
1.29193e-14 5.36761e-45 4.18746e-38
1.29775e-14 5.52128e-45 4.18746e-38
1.30359e-14 5.6791e-45 4.18746e-38
1.30946e-14 5.84117e-45 4.18746e-38
1.31536e-14 6.0076e-45 4.18746e-38
1.32128e-14 6.1785e-45 4.18746e-38
1.32723e-14 6.35398e-45 4.18746e-38
1.33321e-14 6.53415e-45 4.18745e-38
1.33922e-14 6.71915e-45 4.18745e-38
1.34525e-14 6.90907e-45 4.18745e-38
1.35131e-14 7.10405e-45 4.18745e-38
1.35739e-14 7.30421e-45 4.18745e-38
1.3635e-14 7.50968e-45 4.18745e-38
1.36965e-14 7.72059e-45 4.18745e-38
1.37581e-14 7.93707e-45 4.18745e-38
1.38201e-14 8.15927e-45 4.18745e-38
1.38823e-14 8.38731e-45 4.18745e-38
1.39449e-14 8.62135e-45 4.18745e-38
1.40077e-14 8.86154e-45 4.18745e-38
1.40708e-14 9.10801e-45 4.18745e-38
1.41341e-14 9.36092e-45 4.18744e-38
1.41978e-14 9.62044e-45 4.18744e-38
1.42617e-14 9.88672e-45 4.18744e-38
1.4326e-14 1.01599e-44 4.18744e-38
1.43905e-14 1.04402e-44 4.18744e-38
1.44553e-14 1.07278e-44 4.18744e-38
1.45204e-14 1.10228e-44 4.18744e-38
1.45858e-14 1.13254e-44 4.18744e-38
1.46515e-14 1.16358e-44 4.18744e-38
1.47175e-14 1.19541e-44 4.18743e-38
1.47837e-14 1.22807e-44 4.18743e-38
1.48503e-14 1.26156e-44 4.18743e-38
1.49172e-14 1.29591e-44 4.18743e-38
1.49844e-14 1.33114e-44 4.18743e-38
1.50519e-14 1.36726e-44 4.18743e-38
1.51197e-14 1.4043e-44 4.18743e-38
1.51878e-14 1.44229e-44 4.18743e-38
1.52562e-14 1.48123e-44 4.18742e-38
1.53249e-14 1.52116e-44 4.18742e-38
1.53939e-14 1.5621e-44 4.18742e-38
1.54632e-14 1.60407e-44 4.18742e-38
1.55329e-14 1.64709e-44 4.18742e-38
1.56028e-14 1.6912e-44 4.18742e-38
1.56731e-14 1.73641e-44 4.18741e-38
1.57437e-14 1.78275e-44 4.18741e-38
1.58146e-14 1.83025e-44 4.18741e-38
1.58858e-14 1.87893e-44 4.18741e-38
1.59573e-14 1.92882e-44 4.18741e-38
1.60292e-14 1.97995e-44 4.18741e-38
1.61014e-14 2.03235e-44 4.1874e-38
1.61739e-14 2.08604e-44 4.1874e-38
1.62468e-14 2.14106e-44 4.1874e-38
1.63199e-14 2.19743e-44 4.1874e-38
1.63934e-14 2.25519e-44 4.1874e-38
1.64673e-14 2.31436e-44 4.18739e-38
1.65414e-14 2.37499e-44 4.18739e-38
1.66159e-14 2.43709e-44 4.18739e-38
1.66908e-14 2.50071e-44 4.18739e-38
1.67659e-14 2.56588e-44 4.18738e-38
1.68414e-14 2.63264e-44 4.18738e-38
1.69173e-14 2.70101e-44 4.18738e-38
1.69935e-14 2.77104e-44 4.18738e-38
1.707e-14 2.84275e-44 4.18737e-38
1.71469e-14 2.9162e-44 4.18737e-38
1.72241e-14 2.99142e-44 4.18737e-38
1.73017e-14 3.06844e-44 4.18736e-38
1.73796e-14 3.14731e-44 4.18736e-38
1.74579e-14 3.22806e-44 4.18736e-38
1.75365e-14 3.31075e-44 4.18735e-38
1.76155e-14 3.3954e-44 4.18735e-38
1.76948e-14 3.48207e-44 4.18735e-38
1.77745e-14 3.57079e-44 4.18734e-38
1.78546e-14 3.66161e-44 4.18734e-38
1.7935e-14 3.75458e-44 4.18734e-38
1.80158e-14 3.84975e-44 4.18733e-38
1.80969e-14 3.94715e-44 4.18733e-38
1.81784e-14 4.04685e-44 4.18733e-38
1.82603e-14 4.14888e-44 4.18732e-38
1.83425e-14 4.2533e-44 4.18732e-38
1.84251e-14 4.36016e-44 4.18731e-38
1.85081e-14 4.46951e-44 4.18731e-38
1.85914e-14 4.5814e-44 4.1873e-38
1.86752e-14 4.69589e-44 4.1873e-38
1.87593e-14 4.81304e-44 4.18729e-38
1.88438e-14 4.93289e-44 4.18729e-38
1.89286e-14 5.05551e-44 4.18729e-38
1.90139e-14 5.18095e-44 4.18728e-38
1.90995e-14 5.30927e-44 4.18727e-38
1.91855e-14 5.44054e-44 4.18727e-38
1.92719e-14 5.57481e-44 4.18726e-38
1.93587e-14 5.71215e-44 4.18726e-38
1.94459e-14 5.85261e-44 4.18725e-38
1.95335e-14 5.99628e-44 4.18725e-38
1.96215e-14 6.1432e-44 4.18724e-38
1.97098e-14 6.29345e-44 4.18723e-38
1.97986e-14 6.4471e-44 4.18723e-38
1.98878e-14 6.60421e-44 4.18722e-38
1.99774e-14 6.76486e-44 4.18722e-38
2.00673e-14 6.92911e-44 4.18721e-38
2.01577e-14 7.09705e-44 4.1872e-38
2.02485e-14 7.26875e-44 4.18719e-38
2.03397e-14 7.44428e-44 4.18719e-38
2.04313e-14 7.62371e-44 4.18718e-38
2.05233e-14 7.80714e-44 4.18717e-38
2.06157e-14 7.99463e-44 4.18716e-38
2.07086e-14 8.18628e-44 4.18716e-38
2.08018e-14 8.38215e-44 4.18715e-38
2.08955e-14 8.58235e-44 4.18714e-38
2.09896e-14 8.78694e-44 4.18713e-38
2.10842e-14 8.99603e-44 4.18712e-38
2.11791e-14 9.20969e-44 4.18711e-38
2.12745e-14 9.42803e-44 4.1871e-38
2.13703e-14 9.65112e-44 4.1871e-38
2.14666e-14 9.87907e-44 4.18709e-38
2.15632e-14 1.0112e-43 4.18708e-38
2.16604e-14 1.03499e-43 4.18707e-38
2.17579e-14 1.0593e-43 4.18706e-38
2.18559e-14 1.08413e-43 4.18704e-38
2.19543e-14 1.1095e-43 4.18703e-38
2.20532e-14 1.13541e-43 4.18702e-38
2.21525e-14 1.16188e-43 4.18701e-38
2.22523e-14 1.18891e-43 4.187e-38
2.23525e-14 1.21652e-43 4.18699e-38
2.24532e-14 1.24472e-43 4.18698e-38
2.25543e-14 1.27352e-43 4.18696e-38
2.26559e-14 1.30292e-43 4.18695e-38
2.27579e-14 1.33295e-43 4.18694e-38
2.28604e-14 1.36361e-43 4.18692e-38
2.29634e-14 1.39492e-43 4.18691e-38
2.30668e-14 1.42689e-43 4.1869e-38
2.31707e-14 1.45952e-43 4.18688e-38
2.3275e-14 1.49284e-43 4.18687e-38
2.33799e-14 1.52685e-43 4.18685e-38
2.34852e-14 1.56158e-43 4.18684e-38
2.35909e-14 1.59702e-43 4.18682e-38
2.36972e-14 1.63319e-43 4.18681e-38
2.38039e-14 1.67012e-43 4.18679e-38
2.39111e-14 1.70781e-43 4.18677e-38
2.40188e-14 1.74627e-43 4.18676e-38
2.4127e-14 1.78552e-43 4.18674e-38
2.42356e-14 1.82558e-43 4.18672e-38
2.43448e-14 1.86645e-43 4.1867e-38
2.44544e-14 1.90816e-43 4.18668e-38
2.45646e-14 1.95072e-43 4.18666e-38
2.46752e-14 1.99414e-43 4.18664e-38
2.47863e-14 2.03845e-43 4.18662e-38
2.4898e-14 2.08364e-43 4.1866e-38
2.50101e-14 2.12975e-43 4.18658e-38
2.51227e-14 2.17679e-43 4.18656e-38
2.52359e-14 2.22477e-43 4.18654e-38
2.53495e-14 2.27371e-43 4.18652e-38
2.54637e-14 2.32363e-43 4.1865e-38
2.55784e-14 2.37454e-43 4.18647e-38
2.56936e-14 2.42646e-43 4.18645e-38
2.58093e-14 2.47942e-43 4.18642e-38
2.59255e-14 2.53342e-43 4.1864e-38
2.60423e-14 2.58849e-43 4.18637e-38
2.61596e-14 2.64464e-43 4.18635e-38
2.62774e-14 2.7019e-43 4.18632e-38
2.63957e-14 2.76028e-43 4.18629e-38
2.65146e-14 2.8198e-43 4.18627e-38
2.6634e-14 2.88048e-43 4.18624e-38
2.6754e-14 2.94234e-43 4.18621e-38
2.68745e-14 3.0054e-43 4.18618e-38
2.69955e-14 3.06969e-43 4.18615e-38
2.71171e-14 3.13522e-43 4.18612e-38
2.72392e-14 3.202e-43 4.18609e-38
2.73619e-14 3.27008e-43 4.18606e-38
2.74851e-14 3.33946e-43 4.18602e-38
2.76089e-14 3.41016e-43 4.18599e-38
2.77332e-14 3.48222e-43 4.18596e-38
2.78581e-14 3.55565e-43 4.18592e-38
2.79836e-14 3.63047e-43 4.18589e-38
2.81096e-14 3.70671e-43 4.18585e-38
2.82362e-14 3.78439e-43 4.18581e-38
2.83634e-14 3.86353e-43 4.18577e-38
2.84912e-14 3.94417e-43 4.18574e-38
2.86195e-14 4.02631e-43 4.1857e-38
2.87484e-14 4.10999e-43 4.18566e-38
2.88778e-14 4.19524e-43 4.18562e-38
2.90079e-14 4.28207e-43 4.18557e-38
2.91385e-14 4.37051e-43 4.18553e-38
2.92698e-14 4.4606e-43 4.18549e-38
2.94016e-14 4.55234e-43 4.18544e-38
2.9534e-14 4.64578e-43 4.1854e-38
2.9667e-14 4.74094e-43 4.18535e-38
2.98006e-14 4.83784e-43 4.1853e-38
2.99348e-14 4.93651e-43 4.18525e-38
3.00697e-14 5.03698e-43 4.18521e-38
3.02051e-14 5.13928e-43 4.18515e-38
3.03411e-14 5.24344e-43 4.1851e-38
3.04778e-14 5.34949e-43 4.18505e-38
3.0615e-14 5.45744e-43 4.185e-38
3.07529e-14 5.56735e-43 4.18494e-38
3.08914e-14 5.67922e-43 4.18489e-38
3.10305e-14 5.79311e-43 4.18483e-38
3.11703e-14 5.90902e-43 4.18477e-38
3.13107e-14 6.027e-43 4.18471e-38
3.14517e-14 6.14708e-43 4.18465e-38
3.15933e-14 6.26929e-43 4.18459e-38
3.17356e-14 6.39366e-43 4.18453e-38
3.18786e-14 6.52023e-43 4.18447e-38
3.20221e-14 6.64902e-43 4.1844e-38
3.21663e-14 6.78006e-43 4.18433e-38
3.23112e-14 6.91341e-43 4.18427e-38
3.24567e-14 7.04907e-43 4.1842e-38
3.26029e-14 7.1871e-43 4.18413e-38
3.27497e-14 7.32753e-43 4.18405e-38
3.28972e-14 7.47038e-43 4.18398e-38
3.30454e-14 7.6157e-43 4.18391e-38
3.31942e-14 7.76353e-43 4.18383e-38
3.33437e-14 7.91389e-43 4.18375e-38
3.34939e-14 8.06682e-43 4.18367e-38
3.36447e-14 8.22237e-43 4.18359e-38
3.37963e-14 8.38056e-43 4.18351e-38
3.39485e-14 8.54145e-43 4.18343e-38
3.41014e-14 8.70505e-43 4.18334e-38
3.42549e-14 8.87142e-43 4.18325e-38
3.44092e-14 9.0406e-43 4.18317e-38
3.45642e-14 9.21261e-43 4.18308e-38
3.47199e-14 9.3875e-43 4.18298e-38
3.48762e-14 9.56532e-43 4.18289e-38
3.50333e-14 9.74609e-43 4.18279e-38
3.51911e-14 9.92987e-43 4.1827e-38
3.53496e-14 1.01167e-42 4.1826e-38
3.55088e-14 1.03066e-42 4.1825e-38
3.56687e-14 1.04996e-42 4.18239e-38
3.58293e-14 1.06958e-42 4.18229e-38
3.59907e-14 1.08953e-42 4.18218e-38
3.61528e-14 1.10979e-42 4.18207e-38
3.63156e-14 1.13039e-42 4.18196e-38
3.64792e-14 1.15132e-42 4.18185e-38
3.66435e-14 1.17259e-42 4.18173e-38
3.68085e-14 1.19421e-42 4.18162e-38
3.69743e-14 1.21617e-42 4.1815e-38
3.71408e-14 1.23848e-42 4.18137e-38
3.73081e-14 1.26115e-42 4.18125e-38
3.74761e-14 1.28419e-42 4.18112e-38
3.76449e-14 1.30759e-42 4.181e-38
3.78144e-14 1.33136e-42 4.18086e-38
3.79847e-14 1.3555e-42 4.18073e-38
3.81558e-14 1.38003e-42 4.1806e-38
3.83276e-14 1.40494e-42 4.18046e-38
3.85002e-14 1.43025e-42 4.18032e-38
3.86736e-14 1.45594e-42 4.18017e-38
3.88478e-14 1.48204e-42 4.18003e-38
3.90228e-14 1.50855e-42 4.17988e-38
3.91985e-14 1.53546e-42 4.17973e-38
3.93751e-14 1.56279e-42 4.17958e-38
3.95524e-14 1.59054e-42 4.17942e-38
3.97305e-14 1.61872e-42 4.17926e-38
3.99095e-14 1.64733e-42 4.1791e-38
4.00892e-14 1.67637e-42 4.17893e-38
4.02698e-14 1.70586e-42 4.17877e-38
4.04511e-14 1.73579e-42 4.1786e-38
4.06333e-14 1.76618e-42 4.17842e-38
4.08163e-14 1.79702e-42 4.17825e-38
4.10001e-14 1.82833e-42 4.17807e-38
4.11848e-14 1.8601e-42 4.17788e-38
4.13703e-14 1.89235e-42 4.1777e-38
4.15566e-14 1.92508e-42 4.17751e-38
4.17437e-14 1.95829e-42 4.17732e-38
4.19317e-14 1.992e-42 4.17712e-38
4.21206e-14 2.0262e-42 4.17692e-38
4.23103e-14 2.06091e-42 4.17672e-38
4.25008e-14 2.09612e-42 4.17651e-38
4.26922e-14 2.13185e-42 4.1763e-38
4.28845e-14 2.16809e-42 4.17609e-38
4.30777e-14 2.20487e-42 4.17587e-38
4.32717e-14 2.24217e-42 4.17565e-38
4.34666e-14 2.28001e-42 4.17543e-38
4.36623e-14 2.3184e-42 4.1752e-38
4.3859e-14 2.35733e-42 4.17497e-38
4.40565e-14 2.39682e-42 4.17473e-38
4.42549e-14 2.43688e-42 4.17449e-38
4.44542e-14 2.4775e-42 4.17425e-38
4.46544e-14 2.51869e-42 4.174e-38
4.48555e-14 2.56047e-42 4.17375e-38
4.50575e-14 2.60283e-42 4.17349e-38
4.52605e-14 2.64578e-42 4.17323e-38
4.54643e-14 2.68933e-42 4.17297e-38
4.56691e-14 2.73349e-42 4.1727e-38
4.58748e-14 2.77826e-42 4.17243e-38
4.60814e-14 2.82364e-42 4.17215e-38
4.62889e-14 2.86965e-42 4.17187e-38
4.64974e-14 2.9163e-42 4.17158e-38
4.67068e-14 2.96357e-42 4.17129e-38
4.69171e-14 3.0115e-42 4.17099e-38
4.71284e-14 3.06007e-42 4.17069e-38
4.73407e-14 3.1093e-42 4.17038e-38
4.75539e-14 3.15919e-42 4.17007e-38
4.77681e-14 3.20975e-42 4.16976e-38
4.79832e-14 3.26099e-42 4.16944e-38
4.81993e-14 3.31291e-42 4.16911e-38
4.84164e-14 3.36553e-42 4.16878e-38
4.86344e-14 3.41883e-42 4.16844e-38
4.88535e-14 3.47285e-42 4.1681e-38
4.90735e-14 3.52757e-42 4.16775e-38
4.92945e-14 3.58301e-42 4.1674e-38
4.95165e-14 3.63917e-42 4.16704e-38
4.97395e-14 3.69606e-42 4.16668e-38
4.99635e-14 3.75369e-42 4.16631e-38
5.01886e-14 3.81206e-42 4.16593e-38
5.04146e-14 3.87119e-42 4.16555e-38
5.06416e-14 3.93107e-42 4.16516e-38
5.08697e-14 3.99171e-42 4.16477e-38
5.10988e-14 4.05313e-42 4.16437e-38
5.13289e-14 4.11533e-42 4.16397e-38
5.15601e-14 4.17831e-42 4.16356e-38
5.17923e-14 4.24208e-42 4.16314e-38
5.20256e-14 4.30666e-42 4.16271e-38
5.22599e-14 4.37204e-42 4.16228e-38
5.24953e-14 4.43823e-42 4.16185e-38
5.27317e-14 4.50524e-42 4.1614e-38
5.29692e-14 4.57308e-42 4.16095e-38
5.32077e-14 4.64176e-42 4.16049e-38
5.34474e-14 4.71127e-42 4.16003e-38
5.36881e-14 4.78164e-42 4.15956e-38
5.39299e-14 4.85286e-42 4.15908e-38
5.41728e-14 4.92494e-42 4.1586e-38
5.44167e-14 4.99789e-42 4.1581e-38
5.46618e-14 5.07172e-42 4.1576e-38
5.4908e-14 5.14643e-42 4.1571e-38
5.51553e-14 5.22203e-42 4.15658e-38
5.54037e-14 5.29853e-42 4.15606e-38
5.56532e-14 5.37594e-42 4.15553e-38
5.59039e-14 5.45425e-42 4.15499e-38
5.61556e-14 5.53349e-42 4.15445e-38
5.64085e-14 5.61365e-42 4.15389e-38
5.66626e-14 5.69474e-42 4.15333e-38
5.69178e-14 5.77677e-42 4.15276e-38
5.71741e-14 5.85975e-42 4.15218e-38
5.74316e-14 5.94369e-42 4.1516e-38
5.76903e-14 6.02858e-42 4.151e-38
5.79501e-14 6.11445e-42 4.1504e-38
5.82111e-14 6.20128e-42 4.14979e-38
5.84732e-14 6.2891e-42 4.14917e-38
5.87366e-14 6.37791e-42 4.14854e-38
5.90011e-14 6.46771e-42 4.1479e-38
5.92668e-14 6.55852e-42 4.14726e-38
5.95338e-14 6.65033e-42 4.1466e-38
5.98019e-14 6.74316e-42 4.14593e-38
6.00712e-14 6.83702e-42 4.14526e-38
6.03418e-14 6.9319e-42 4.14458e-38
6.06135e-14 7.02782e-42 4.14388e-38
6.08865e-14 7.12479e-42 4.14318e-38
6.11607e-14 7.2228e-42 4.14247e-38
6.14362e-14 7.32188e-42 4.14175e-38
6.17129e-14 7.42201e-42 4.14101e-38
6.19908e-14 7.52322e-42 4.14027e-38
6.227e-14 7.6255e-42 4.13952e-38
6.25504e-14 7.72886e-42 4.13876e-38
6.28321e-14 7.83332e-42 4.13798e-38
6.31151e-14 7.93887e-42 4.1372e-38
6.33994e-14 8.04553e-42 4.13641e-38
6.36849e-14 8.15329e-42 4.1356e-38
6.39717e-14 8.26217e-42 4.13479e-38
6.42598e-14 8.37218e-42 4.13396e-38
6.45492e-14 8.48331e-42 4.13312e-38
6.484e-14 8.59557e-42 4.13228e-38
6.5132e-14 8.70898e-42 4.13142e-38
6.54253e-14 8.82353e-42 4.13054e-38
6.572e-14 8.93924e-42 4.12966e-38
6.6016e-14 9.05611e-42 4.12877e-38
6.63133e-14 9.17414e-42 4.12786e-38
6.66119e-14 9.29334e-42 4.12695e-38
6.69119e-14 9.41373e-42 4.12602e-38
6.72133e-14 9.53529e-42 4.12507e-38
6.7516e-14 9.65804e-42 4.12412e-38
6.78201e-14 9.78199e-42 4.12316e-38
6.81255e-14 9.90714e-42 4.12218e-38
6.84323e-14 1.00335e-41 4.12119e-38
6.87405e-14 1.01611e-41 4.12018e-38
6.90501e-14 1.02898e-41 4.11917e-38
6.93611e-14 1.04198e-41 4.11814e-38
6.96735e-14 1.05511e-41 4.1171e-38
6.99873e-14 1.06835e-41 4.11604e-38
7.03025e-14 1.08172e-41 4.11497e-38
7.06191e-14 1.09522e-41 4.11389e-38
7.09371e-14 1.10884e-41 4.1128e-38
7.12566e-14 1.12258e-41 4.11169e-38
7.15775e-14 1.13646e-41 4.11056e-38
7.18999e-14 1.15045e-41 4.10943e-38
7.22237e-14 1.16458e-41 4.10828e-38
7.2549e-14 1.17883e-41 4.10711e-38
7.28757e-14 1.19321e-41 4.10593e-38
7.32039e-14 1.20771e-41 4.10474e-38
7.35336e-14 1.22235e-41 4.10353e-38
7.38648e-14 1.23711e-41 4.10231e-38
7.41975e-14 1.25201e-41 4.10107e-38
7.45316e-14 1.26703e-41 4.09982e-38
7.48673e-14 1.28219e-41 4.09855e-38
7.52045e-14 1.29747e-41 4.09727e-38
7.55432e-14 1.31289e-41 4.09597e-38
7.58834e-14 1.32843e-41 4.09466e-38
7.62252e-14 1.34411e-41 4.09333e-38
7.65685e-14 1.35992e-41 4.09199e-38
7.69133e-14 1.37587e-41 4.09063e-38
7.72597e-14 1.39194e-41 4.08925e-38
7.76076e-14 1.40815e-41 4.08786e-38
7.79572e-14 1.4245e-41 4.08645e-38
7.83083e-14 1.44097e-41 4.08503e-38
7.86609e-14 1.45758e-41 4.08359e-38
7.90152e-14 1.47433e-41 4.08213e-38
7.93711e-14 1.49121e-41 4.08066e-38
7.97285e-14 1.50822e-41 4.07916e-38
8.00876e-14 1.52537e-41 4.07766e-38
8.04483e-14 1.54266e-41 4.07613e-38
8.08106e-14 1.56008e-41 4.07459e-38
8.11746e-14 1.57763e-41 4.07303e-38
8.15402e-14 1.59533e-41 4.07145e-38
8.19074e-14 1.61315e-41 4.06986e-38
8.22763e-14 1.63112e-41 4.06824e-38
8.26468e-14 1.64922e-41 4.06661e-38
8.3019e-14 1.66746e-41 4.06496e-38
8.33929e-14 1.68583e-41 4.06329e-38
8.37685e-14 1.70434e-41 4.06161e-38
8.41458e-14 1.72299e-41 4.0599e-38
8.45247e-14 1.74177e-41 4.05818e-38
8.49054e-14 1.7607e-41 4.05644e-38
8.52878e-14 1.77975e-41 4.05468e-38
8.56719e-14 1.79895e-41 4.0529e-38
8.60578e-14 1.81828e-41 4.0511e-38
8.64453e-14 1.83775e-41 4.04928e-38
8.68347e-14 1.85736e-41 4.04744e-38
8.72257e-14 1.87711e-41 4.04559e-38
8.76186e-14 1.89699e-41 4.04371e-38
8.80132e-14 1.91701e-41 4.04181e-38
8.84096e-14 1.93716e-41 4.0399e-38
8.88077e-14 1.95746e-41 4.03796e-38
8.92077e-14 1.97789e-41 4.036e-38
8.96095e-14 1.99846e-41 4.03402e-38
9.00131e-14 2.01916e-41 4.03202e-38
9.04184e-14 2.04e-41 4.03001e-38
9.08257e-14 2.06098e-41 4.02797e-38
9.12347e-14 2.08209e-41 4.0259e-38
9.16456e-14 2.10334e-41 4.02382e-38
9.20584e-14 2.12472e-41 4.02172e-38
9.2473e-14 2.14625e-41 4.01959e-38
9.28894e-14 2.1679e-41 4.01745e-38
9.33078e-14 2.18969e-41 4.01528e-38
9.3728e-14 2.21162e-41 4.01309e-38
9.41501e-14 2.23368e-41 4.01088e-38
9.45742e-14 2.25588e-41 4.00865e-38
9.50001e-14 2.27821e-41 4.00639e-38
9.54279e-14 2.30067e-41 4.00411e-38
9.58577e-14 2.32327e-41 4.00181e-38
9.62894e-14 2.346e-41 3.99949e-38
9.67231e-14 2.36886e-41 3.99714e-38
9.71587e-14 2.39185e-41 3.99477e-38
9.75963e-14 2.41498e-41 3.99238e-38
9.80358e-14 2.43824e-41 3.98997e-38
9.84774e-14 2.46163e-41 3.98753e-38
9.89209e-14 2.48515e-41 3.98507e-38
9.93664e-14 2.50879e-41 3.98258e-38
9.98139e-14 2.53257e-41 3.98007e-38
1.00263e-13 2.55648e-41 3.97754e-38
1.00715e-13 2.58052e-41 3.97498e-38
1.01169e-13 2.60468e-41 3.9724e-38
1.01624e-13 2.62897e-41 3.9698e-38
1.02082e-13 2.65339e-41 3.96717e-38
1.02542e-13 2.67794e-41 3.96452e-38
1.03003e-13 2.70261e-41 3.96184e-38
1.03467e-13 2.7274e-41 3.95913e-38
1.03933e-13 2.75232e-41 3.95641e-38
1.04401e-13 2.77736e-41 3.95365e-38
1.04872e-13 2.80253e-41 3.95088e-38
1.05344e-13 2.82781e-41 3.94808e-38
1.05818e-13 2.85322e-41 3.94525e-38
1.06295e-13 2.87875e-41 3.94239e-38
1.06774e-13 2.9044e-41 3.93952e-38
1.07255e-13 2.93017e-41 3.93661e-38
1.07738e-13 2.95605e-41 3.93368e-38
1.08223e-13 2.98206e-41 3.93072e-38
1.0871e-13 3.00818e-41 3.92774e-38
1.092e-13 3.03441e-41 3.92473e-38
1.09692e-13 3.06076e-41 3.9217e-38
1.10186e-13 3.08723e-41 3.91864e-38
1.10682e-13 3.1138e-41 3.91555e-38
1.1118e-13 3.14049e-41 3.91244e-38
1.11681e-13 3.16729e-41 3.9093e-38
1.12184e-13 3.1942e-41 3.90613e-38
1.12689e-13 3.22122e-41 3.90294e-38
1.13197e-13 3.24835e-41 3.89972e-38
1.13707e-13 3.27558e-41 3.89647e-38
1.14219e-13 3.30292e-41 3.89319e-38
1.14733e-13 3.33036e-41 3.88989e-38
1.1525e-13 3.35791e-41 3.88656e-38
1.15769e-13 3.38556e-41 3.8832e-38
1.1629e-13 3.41331e-41 3.87981e-38
1.16814e-13 3.44117e-41 3.8764e-38
1.1734e-13 3.46912e-41 3.87296e-38
1.17869e-13 3.49717e-41 3.86949e-38
1.18399e-13 3.52531e-41 3.86599e-38
1.18933e-13 3.55355e-41 3.86247e-38
1.19468e-13 3.58189e-41 3.85891e-38
1.20006e-13 3.61032e-41 3.85533e-38
1.20547e-13 3.63884e-41 3.85172e-38
1.2109e-13 3.66745e-41 3.84808e-38
1.21635e-13 3.69615e-41 3.84442e-38
1.22183e-13 3.72494e-41 3.84072e-38
1.22733e-13 3.75381e-41 3.837e-38
1.23286e-13 3.78277e-41 3.83324e-38
1.23841e-13 3.81182e-41 3.82946e-38
1.24399e-13 3.84094e-41 3.82565e-38
1.24959e-13 3.87015e-41 3.82181e-38
1.25522e-13 3.89944e-41 3.81794e-38
1.26087e-13 3.9288e-41 3.81404e-38
1.26655e-13 3.95824e-41 3.81011e-38
1.27226e-13 3.98775e-41 3.80615e-38
1.27799e-13 4.01734e-41 3.80216e-38
1.28374e-13 4.047e-41 3.79814e-38
1.28952e-13 4.07673e-41 3.7941e-38
1.29533e-13 4.10653e-41 3.79002e-38
1.30116e-13 4.1364e-41 3.78591e-38
1.30702e-13 4.16633e-41 3.78178e-38
1.31291e-13 4.19633e-41 3.77761e-38
1.31882e-13 4.22639e-41 3.77341e-38
1.32476e-13 4.25651e-41 3.76919e-38
1.33073e-13 4.28669e-41 3.76493e-38
1.33672e-13 4.31693e-41 3.76065e-38
1.34274e-13 4.34722e-41 3.75633e-38
1.34879e-13 4.37757e-41 3.75198e-38
1.35487e-13 4.40797e-41 3.7476e-38
1.36097e-13 4.43842e-41 3.7432e-38
1.3671e-13 4.46891e-41 3.73876e-38
1.37325e-13 4.49946e-41 3.73429e-38
1.37944e-13 4.53005e-41 3.72979e-38
1.38565e-13 4.56068e-41 3.72526e-38
1.39189e-13 4.59136e-41 3.7207e-38
1.39816e-13 4.62208e-41 3.71611e-38
1.40446e-13 4.65283e-41 3.71148e-38
1.41078e-13 4.68362e-41 3.70683e-38
1.41714e-13 4.71445e-41 3.70215e-38
1.42352e-13 4.7453e-41 3.69743e-38
1.42993e-13 4.77619e-41 3.69269e-38
1.43637e-13 4.80711e-41 3.68791e-38
1.44284e-13 4.83805e-41 3.68311e-38
1.44934e-13 4.86902e-41 3.67827e-38
1.45586e-13 4.90001e-41 3.6734e-38
1.46242e-13 4.93102e-41 3.6685e-38
1.46901e-13 4.96205e-41 3.66357e-38
1.47562e-13 4.9931e-41 3.6586e-38
1.48227e-13 5.02416e-41 3.65361e-38
1.48894e-13 5.05523e-41 3.64859e-38
1.49565e-13 5.08632e-41 3.64353e-38
1.50239e-13 5.11742e-41 3.63845e-38
1.50915e-13 5.14852e-41 3.63333e-38
1.51595e-13 5.17963e-41 3.62818e-38
1.52278e-13 5.21074e-41 3.623e-38
1.52963e-13 5.24185e-41 3.61779e-38
1.53652e-13 5.27296e-41 3.61255e-38
1.54344e-13 5.30406e-41 3.60727e-38
1.5504e-13 5.33516e-41 3.60197e-38
1.55738e-13 5.36625e-41 3.59664e-38
1.56439e-13 5.39734e-41 3.59127e-38
1.57144e-13 5.42841e-41 3.58587e-38
1.57851e-13 5.45946e-41 3.58044e-38
1.58562e-13 5.4905e-41 3.57498e-38
1.59277e-13 5.52153e-41 3.56949e-38
1.59994e-13 5.55253e-41 3.56397e-38
1.60714e-13 5.58351e-41 3.55842e-38
1.61438e-13 5.61446e-41 3.55284e-38
1.62165e-13 5.64539e-41 3.54722e-38
1.62896e-13 5.67629e-41 3.54158e-38
1.63629e-13 5.70716e-41 3.5359e-38
1.64366e-13 5.73799e-41 3.53019e-38
1.65106e-13 5.76879e-41 3.52445e-38
1.6585e-13 5.79955e-41 3.51869e-38
1.66597e-13 5.83027e-41 3.51289e-38
1.67347e-13 5.86095e-41 3.50706e-38
1.68101e-13 5.89158e-41 3.5012e-38
1.68858e-13 5.92217e-41 3.4953e-38
1.69619e-13 5.9527e-41 3.48938e-38
1.70382e-13 5.98319e-41 3.48343e-38
1.7115e-13 6.01362e-41 3.47745e-38
1.71921e-13 6.044e-41 3.47143e-38
1.72695e-13 6.07432e-41 3.46539e-38
1.73473e-13 6.10458e-41 3.45931e-38
1.74254e-13 6.13477e-41 3.45321e-38
1.75039e-13 6.1649e-41 3.44707e-38
1.75827e-13 6.19497e-41 3.44091e-38
1.76619e-13 6.22497e-41 3.43471e-38
1.77414e-13 6.25489e-41 3.42849e-38
1.78213e-13 6.28474e-41 3.42223e-38
1.79016e-13 6.31451e-41 3.41595e-38
1.79822e-13 6.34421e-41 3.40964e-38
1.80632e-13 6.37383e-41 3.40329e-38
1.81446e-13 6.40336e-41 3.39692e-38
1.82263e-13 6.43281e-41 3.39051e-38
1.83084e-13 6.46217e-41 3.38408e-38
1.83908e-13 6.49144e-41 3.37762e-38
1.84736e-13 6.52062e-41 3.37113e-38
1.85568e-13 6.54971e-41 3.36461e-38
1.86404e-13 6.5787e-41 3.35806e-38
1.87244e-13 6.60759e-41 3.35148e-38
1.88087e-13 6.63639e-41 3.34487e-38
1.88934e-13 6.66508e-41 3.33823e-38
1.89785e-13 6.69366e-41 3.33157e-38
1.9064e-13 6.72214e-41 3.32488e-38
1.91498e-13 6.7505e-41 3.31815e-38
1.92361e-13 6.77876e-41 3.3114e-38
1.93227e-13 6.8069e-41 3.30462e-38
1.94097e-13 6.83493e-41 3.29782e-38
1.94972e-13 6.86283e-41 3.29098e-38
1.9585e-13 6.89062e-41 3.28412e-38
1.96732e-13 6.91829e-41 3.27723e-38
1.97618e-13 6.94582e-41 3.27031e-38
1.98508e-13 6.97324e-41 3.26337e-38
1.99402e-13 7.00052e-41 3.25639e-38
2.003e-13 7.02767e-41 3.24939e-38
2.01202e-13 7.05469e-41 3.24236e-38
2.02108e-13 7.08157e-41 3.23531e-38
2.03018e-13 7.10832e-41 3.22823e-38
2.03933e-13 7.13493e-41 3.22112e-38
2.04851e-13 7.16139e-41 3.21398e-38
2.05774e-13 7.18771e-41 3.20682e-38
2.067e-13 7.21388e-41 3.19964e-38
2.07631e-13 7.23991e-41 3.19242e-38
2.08566e-13 7.26578e-41 3.18518e-38
2.09506e-13 7.29151e-41 3.17792e-38
2.10449e-13 7.31707e-41 3.17062e-38
2.11397e-13 7.34249e-41 3.16331e-38
2.12349e-13 7.36774e-41 3.15596e-38
2.13306e-13 7.39283e-41 3.1486e-38
2.14266e-13 7.41776e-41 3.1412e-38
2.15231e-13 7.44253e-41 3.13379e-38
2.16201e-13 7.46713e-41 3.12634e-38
2.17174e-13 7.49156e-41 3.11888e-38
2.18152e-13 7.51582e-41 3.11138e-38
2.19135e-13 7.53991e-41 3.10387e-38
2.20122e-13 7.56382e-41 3.09633e-38
2.21113e-13 7.58756e-41 3.08877e-38
2.22109e-13 7.61112e-41 3.08118e-38
2.23109e-13 7.6345e-41 3.07357e-38
2.24114e-13 7.65769e-41 3.06593e-38
2.25123e-13 7.68071e-41 3.05827e-38
2.26137e-13 7.70354e-41 3.05059e-38
2.27156e-13 7.72618e-41 3.04289e-38
2.28179e-13 7.74863e-41 3.03516e-38
2.29206e-13 7.77089e-41 3.02742e-38
2.30239e-13 7.79296e-41 3.01964e-38
2.31276e-13 7.81483e-41 3.01185e-38
2.32317e-13 7.83651e-41 3.00404e-38
2.33364e-13 7.85799e-41 2.9962e-38
2.34415e-13 7.87927e-41 2.98834e-38
2.3547e-13 7.90035e-41 2.98046e-38
2.36531e-13 7.92122e-41 2.97256e-38
2.37596e-13 7.94189e-41 2.96464e-38
2.38666e-13 7.96236e-41 2.9567e-38
2.39741e-13 7.98262e-41 2.94874e-38
2.40821e-13 8.00266e-41 2.94075e-38
2.41905e-13 8.0225e-41 2.93275e-38
2.42995e-13 8.04212e-41 2.92473e-38
2.44089e-13 8.06153e-41 2.91669e-38
2.45188e-13 8.08072e-41 2.90863e-38
2.46293e-13 8.0997e-41 2.90055e-38
2.47402e-13 8.11846e-41 2.89245e-38
2.48516e-13 8.13699e-41 2.88433e-38
2.49635e-13 8.15531e-41 2.87619e-38
2.5076e-13 8.1734e-41 2.86803e-38
2.51889e-13 8.19127e-41 2.85986e-38
2.53023e-13 8.20891e-41 2.85167e-38
2.54163e-13 8.22633e-41 2.84346e-38
2.55308e-13 8.24352e-41 2.83523e-38
2.56458e-13 8.26047e-41 2.82699e-38
2.57613e-13 8.2772e-41 2.81873e-38
2.58773e-13 8.29369e-41 2.81045e-38
2.59938e-13 8.30995e-41 2.80216e-38
2.61109e-13 8.32598e-41 2.79385e-38
2.62285e-13 8.34177e-41 2.78552e-38
2.63466e-13 8.35732e-41 2.77718e-38
2.64653e-13 8.37263e-41 2.76882e-38
2.65845e-13 8.38771e-41 2.76045e-38
2.67042e-13 8.40254e-41 2.75206e-38
2.68245e-13 8.41713e-41 2.74366e-38
2.69453e-13 8.43148e-41 2.73524e-38
2.70666e-13 8.44558e-41 2.72681e-38
2.71885e-13 8.45945e-41 2.71837e-38
2.7311e-13 8.47306e-41 2.70991e-38
2.7434e-13 8.48643e-41 2.70144e-38
2.75575e-13 8.49955e-41 2.69295e-38
2.76816e-13 8.51242e-41 2.68445e-38
2.78063e-13 8.52504e-41 2.67594e-38
2.79315e-13 8.53741e-41 2.66741e-38
2.80573e-13 8.54953e-41 2.65887e-38
2.81837e-13 8.5614e-41 2.65032e-38
2.83106e-13 8.57302e-41 2.64176e-38
2.84381e-13 8.58438e-41 2.63319e-38
2.85662e-13 8.59549e-41 2.62461e-38
2.86949e-13 8.60634e-41 2.61601e-38
2.88241e-13 8.61693e-41 2.6074e-38
2.89539e-13 8.62727e-41 2.59879e-38
2.90843e-13 8.63736e-41 2.59016e-38
2.92153e-13 8.64718e-41 2.58152e-38
2.93469e-13 8.65675e-41 2.57288e-38
2.9479e-13 8.66606e-41 2.56422e-38
2.96118e-13 8.67511e-41 2.55555e-38
2.97452e-13 8.6839e-41 2.54688e-38
2.98791e-13 8.69242e-41 2.53819e-38
3.00137e-13 8.70069e-41 2.5295e-38
3.01489e-13 8.7087e-41 2.5208e-38
3.02847e-13 8.71644e-41 2.51209e-38
3.0421e-13 8.72392e-41 2.50338e-38
3.05581e-13 8.73114e-41 2.49465e-38
3.06957e-13 8.7381e-41 2.48592e-38
3.08339e-13 8.74479e-41 2.47718e-38
3.09728e-13 8.75122e-41 2.46844e-38
3.11123e-13 8.75739e-41 2.45969e-38
3.12524e-13 8.76329e-41 2.45093e-38
3.13932e-13 8.76893e-41 2.44217e-38
3.15345e-13 8.7743e-41 2.4334e-38
3.16766e-13 8.77941e-41 2.42462e-38
3.18192e-13 8.78425e-41 2.41584e-38
3.19625e-13 8.78883e-41 2.40706e-38
3.21065e-13 8.79315e-41 2.39827e-38
3.22511e-13 8.7972e-41 2.38948e-38
3.23963e-13 8.80098e-41 2.38068e-38
3.25422e-13 8.8045e-41 2.37188e-38
3.26888e-13 8.80775e-41 2.36307e-38
3.2836e-13 8.81074e-41 2.35427e-38
3.29839e-13 8.81347e-41 2.34546e-38
3.31324e-13 8.81593e-41 2.33664e-38
3.32817e-13 8.81812e-41 2.32783e-38
3.34316e-13 8.82005e-41 2.31901e-38
3.35821e-13 8.82172e-41 2.31019e-38
3.37334e-13 8.82312e-41 2.30137e-38
3.38853e-13 8.82426e-41 2.29254e-38
3.40379e-13 8.82514e-41 2.28372e-38
3.41912e-13 8.82575e-41 2.27489e-38
3.43452e-13 8.8261e-41 2.26607e-38
3.44999e-13 8.82618e-41 2.25724e-38
3.46552e-13 8.826e-41 2.24842e-38
3.48113e-13 8.82556e-41 2.23959e-38
3.49681e-13 8.82486e-41 2.23076e-38
3.51256e-13 8.8239e-41 2.22194e-38
3.52838e-13 8.82268e-41 2.21312e-38
3.54427e-13 8.8212e-41 2.20429e-38
3.56023e-13 8.81945e-41 2.19547e-38
3.57627e-13 8.81745e-41 2.18665e-38
3.59237e-13 8.81519e-41 2.17783e-38
3.60855e-13 8.81267e-41 2.16902e-38
3.6248e-13 8.80989e-41 2.16021e-38
3.64113e-13 8.80686e-41 2.1514e-38
3.65753e-13 8.80356e-41 2.14259e-38
3.674e-13 8.80002e-41 2.13379e-38
3.69055e-13 8.79622e-41 2.12499e-38
3.70717e-13 8.79216e-41 2.11619e-38
3.72386e-13 8.78785e-41 2.1074e-38
3.74063e-13 8.78328e-41 2.09861e-38
3.75748e-13 8.77847e-41 2.08983e-38
3.7744e-13 8.7734e-41 2.08105e-38
3.7914e-13 8.76808e-41 2.07227e-38
3.80848e-13 8.76252e-41 2.06351e-38
3.82563e-13 8.7567e-41 2.05474e-38
3.84286e-13 8.75064e-41 2.04599e-38
3.86017e-13 8.74432e-41 2.03724e-38
3.87755e-13 8.73777e-41 2.02849e-38
3.89502e-13 8.73096e-41 2.01975e-38
3.91256e-13 8.72391e-41 2.01102e-38
3.93018e-13 8.71662e-41 2.0023e-38
3.94788e-13 8.70909e-41 1.99358e-38
3.96566e-13 8.70131e-41 1.98487e-38
3.98352e-13 8.6933e-41 1.97617e-38
4.00146e-13 8.68504e-41 1.96748e-38
4.01948e-13 8.67655e-41 1.95879e-38
4.03758e-13 8.66782e-41 1.95012e-38
4.05577e-13 8.65885e-41 1.94145e-38
4.07403e-13 8.64965e-41 1.93279e-38
4.09238e-13 8.64022e-41 1.92414e-38
4.11081e-13 8.63055e-41 1.9155e-38
4.12933e-13 8.62065e-41 1.90687e-38
4.14792e-13 8.61052e-41 1.89825e-38
4.16661e-13 8.60016e-41 1.88964e-38
4.18537e-13 8.58958e-41 1.88104e-38
4.20422e-13 8.57876e-41 1.87245e-38
4.22315e-13 8.56773e-41 1.86387e-38
4.24217e-13 8.55647e-41 1.8553e-38
4.26128e-13 8.54498e-41 1.84675e-38
4.28047e-13 8.53328e-41 1.8382e-38
4.29975e-13 8.52135e-41 1.82967e-38
4.31911e-13 8.50921e-41 1.82115e-38
4.33857e-13 8.49684e-41 1.81264e-38
4.35811e-13 8.48427e-41 1.80414e-38
4.37773e-13 8.47147e-41 1.79566e-38
4.39745e-13 8.45847e-41 1.78719e-38
4.41725e-13 8.44525e-41 1.77873e-38
4.43715e-13 8.43183e-41 1.77028e-38
4.45713e-13 8.41819e-41 1.76185e-38
4.47721e-13 8.40435e-41 1.75343e-38
4.49737e-13 8.3903e-41 1.74503e-38
4.51762e-13 8.37605e-41 1.73664e-38
4.53797e-13 8.36159e-41 1.72826e-38
4.55841e-13 8.34694e-41 1.7199e-38
4.57894e-13 8.33208e-41 1.71155e-38
4.59956e-13 8.31703e-41 1.70322e-38
4.62028e-13 8.30178e-41 1.6949e-38
4.64108e-13 8.28633e-41 1.6866e-38
4.66199e-13 8.27069e-41 1.67832e-38
4.68298e-13 8.25486e-41 1.67004e-38
4.70407e-13 8.23884e-41 1.66179e-38
4.72526e-13 8.22263e-41 1.65355e-38
4.74654e-13 8.20624e-41 1.64533e-38
4.76792e-13 8.18965e-41 1.63712e-38
4.78939e-13 8.17289e-41 1.62893e-38
4.81096e-13 8.15594e-41 1.62076e-38
4.83263e-13 8.13882e-41 1.6126e-38
4.85439e-13 8.12151e-41 1.60447e-38
4.87626e-13 8.10403e-41 1.59634e-38
4.89822e-13 8.08637e-41 1.58824e-38
4.92028e-13 8.06854e-41 1.58015e-38
4.94244e-13 8.05054e-41 1.57208e-38
4.9647e-13 8.03236e-41 1.56403e-38
4.98705e-13 8.01402e-41 1.556e-38
5.00952e-13 7.99551e-41 1.54799e-38
5.03208e-13 7.97684e-41 1.53999e-38
5.05474e-13 7.958e-41 1.53202e-38
5.0775e-13 7.93901e-41 1.52406e-38
5.10037e-13 7.91985e-41 1.51612e-38
5.12334e-13 7.90054e-41 1.5082e-38
5.14642e-13 7.88107e-41 1.5003e-38
5.16959e-13 7.86144e-41 1.49242e-38
5.19288e-13 7.84167e-41 1.48456e-38
5.21626e-13 7.82174e-41 1.47671e-38
5.23976e-13 7.80166e-41 1.46889e-38
5.26336e-13 7.78144e-41 1.46109e-38
5.28706e-13 7.76107e-41 1.45331e-38
5.31087e-13 7.74056e-41 1.44555e-38
5.33479e-13 7.71991e-41 1.43781e-38
5.35882e-13 7.69911e-41 1.43009e-38
5.38295e-13 7.67818e-41 1.42239e-38
5.40719e-13 7.65712e-41 1.41471e-38
5.43155e-13 7.63592e-41 1.40705e-38
5.45601e-13 7.61458e-41 1.39942e-38
5.48058e-13 7.59312e-41 1.3918e-38
5.50526e-13 7.57153e-41 1.38421e-38
5.53006e-13 7.54981e-41 1.37664e-38
5.55496e-13 7.52796e-41 1.36909e-38
5.57998e-13 7.50599e-41 1.36156e-38
5.60511e-13 7.48391e-41 1.35405e-38
5.63036e-13 7.4617e-41 1.34657e-38
5.65571e-13 7.43937e-41 1.33911e-38
5.68119e-13 7.41693e-41 1.33167e-38
5.70677e-13 7.39438e-41 1.32425e-38
5.73247e-13 7.37171e-41 1.31686e-38
5.75829e-13 7.34893e-41 1.30949e-38
5.78422e-13 7.32605e-41 1.30214e-38
5.81027e-13 7.30305e-41 1.29481e-38
5.83644e-13 7.27996e-41 1.28751e-38
5.86273e-13 7.25676e-41 1.28023e-38
5.88913e-13 7.23346e-41 1.27297e-38
5.91566e-13 7.21006e-41 1.26574e-38
5.9423e-13 7.18656e-41 1.25853e-38
5.96906e-13 7.16297e-41 1.25134e-38
5.99594e-13 7.13928e-41 1.24418e-38
6.02295e-13 7.1155e-41 1.23704e-38
6.05007e-13 7.09163e-41 1.22992e-38
6.07732e-13 7.06768e-41 1.22283e-38
6.10469e-13 7.04364e-41 1.21576e-38
6.13218e-13 7.01951e-41 1.20872e-38
6.1598e-13 6.9953e-41 1.2017e-38
6.18754e-13 6.97101e-41 1.19471e-38
6.21541e-13 6.94664e-41 1.18773e-38
6.2434e-13 6.9222e-41 1.18079e-38
6.27152e-13 6.89768e-41 1.17387e-38
6.29977e-13 6.87308e-41 1.16697e-38
6.32814e-13 6.84842e-41 1.1601e-38
6.35664e-13 6.82368e-41 1.15325e-38
6.38527e-13 6.79888e-41 1.14642e-38
6.41403e-13 6.774e-41 1.13962e-38
6.44291e-13 6.74907e-41 1.13285e-38
6.47193e-13 6.72407e-41 1.1261e-38
6.50108e-13 6.69901e-41 1.11938e-38
6.53036e-13 6.67389e-41 1.11268e-38
6.55977e-13 6.64872e-41 1.106e-38
6.58931e-13 6.62349e-41 1.09936e-38
6.61899e-13 6.5982e-41 1.09273e-38
6.6488e-13 6.57286e-41 1.08613e-38
6.67874e-13 6.54747e-41 1.07956e-38
6.70882e-13 6.52204e-41 1.07301e-38
6.73903e-13 6.49655e-41 1.06649e-38
6.76938e-13 6.47102e-41 1.05999e-38
6.79987e-13 6.44545e-41 1.05352e-38
6.8305e-13 6.41983e-41 1.04708e-38
6.86126e-13 6.39417e-41 1.04066e-38
6.89216e-13 6.36848e-41 1.03426e-38
6.9232e-13 6.34275e-41 1.0279e-38
6.95438e-13 6.31698e-41 1.02155e-38
6.9857e-13 6.29118e-41 1.01524e-38
7.01716e-13 6.26535e-41 1.00894e-38
7.04877e-13 6.23948e-41 1.00268e-38
7.08051e-13 6.21359e-41 9.9644e-39
7.1124e-13 6.18767e-41 9.90226e-39
7.14443e-13 6.16173e-41 9.84039e-39
7.17661e-13 6.13576e-41 9.77877e-39
7.20893e-13 6.10977e-41 9.71741e-39
7.2414e-13 6.08375e-41 9.65632e-39
7.27401e-13 6.05772e-41 9.59548e-39
7.30677e-13 6.03167e-41 9.5349e-39
7.33968e-13 6.00561e-41 9.47458e-39
7.37273e-13 5.97953e-41 9.41453e-39
7.40594e-13 5.95344e-41 9.35473e-39
7.43929e-13 5.92733e-41 9.2952e-39
7.4728e-13 5.90122e-41 9.23593e-39
7.50645e-13 5.8751e-41 9.17691e-39
7.54026e-13 5.84897e-41 9.11816e-39
7.57422e-13 5.82283e-41 9.05967e-39
7.60833e-13 5.79669e-41 9.00144e-39
7.6426e-13 5.77055e-41 8.94348e-39
7.67702e-13 5.74441e-41 8.88577e-39
7.71159e-13 5.71826e-41 8.82833e-39
7.74632e-13 5.69212e-41 8.77114e-39
7.78121e-13 5.66599e-41 8.71422e-39
7.81625e-13 5.63985e-41 8.65756e-39
7.85146e-13 5.61372e-41 8.60117e-39
7.88682e-13 5.5876e-41 8.54503e-39
7.92234e-13 5.56149e-41 8.48915e-39
7.95802e-13 5.53539e-41 8.43354e-39
7.99386e-13 5.5093e-41 8.37818e-39
8.02986e-13 5.48322e-41 8.32309e-39
8.06602e-13 5.45716e-41 8.26826e-39
8.10235e-13 5.43111e-41 8.21369e-39
8.13884e-13 5.40508e-41 8.15938e-39
8.1755e-13 5.37907e-41 8.10532e-39
8.21232e-13 5.35308e-41 8.05153e-39
8.2493e-13 5.3271e-41 7.998e-39
8.28645e-13 5.30115e-41 7.94473e-39
8.32377e-13 5.27522e-41 7.89172e-39
8.36126e-13 5.24932e-41 7.83897e-39
8.39892e-13 5.22344e-41 7.78647e-39
8.43674e-13 5.19759e-41 7.73424e-39
8.47474e-13 5.17176e-41 7.68226e-39
8.51291e-13 5.14597e-41 7.63055e-39
8.55125e-13 5.1202e-41 7.57909e-39
8.58976e-13 5.09447e-41 7.52789e-39
8.62845e-13 5.06877e-41 7.47694e-39
8.66731e-13 5.0431e-41 7.42625e-39
8.70634e-13 5.01747e-41 7.37582e-39
8.74555e-13 4.99187e-41 7.32565e-39
8.78494e-13 4.96631e-41 7.27573e-39
8.82451e-13 4.94079e-41 7.22607e-39
8.86425e-13 4.91531e-41 7.17666e-39
8.90417e-13 4.88986e-41 7.1275e-39
8.94427e-13 4.86446e-41 7.07861e-39
8.98455e-13 4.8391e-41 7.02996e-39
9.02502e-13 4.81379e-41 6.98157e-39
9.06566e-13 4.78851e-41 6.93343e-39
9.10649e-13 4.76329e-41 6.88555e-39
9.14751e-13 4.73811e-41 6.83791e-39
9.1887e-13 4.71298e-41 6.79053e-39
9.23009e-13 4.68789e-41 6.7434e-39
9.27166e-13 4.66286e-41 6.69652e-39
9.31341e-13 4.63787e-41 6.6499e-39
9.35536e-13 4.61294e-41 6.60352e-39
9.39749e-13 4.58805e-41 6.55739e-39
9.43982e-13 4.56322e-41 6.51151e-39
9.48233e-13 4.53845e-41 6.46588e-39
9.52504e-13 4.51373e-41 6.42049e-39
9.56793e-13 4.48906e-41 6.37535e-39
9.61103e-13 4.46445e-41 6.33046e-39
9.65431e-13 4.4399e-41 6.28582e-39
9.69779e-13 4.41541e-41 6.24142e-39
9.74147e-13 4.39097e-41 6.19727e-39
9.78534e-13 4.36659e-41 6.15336e-39
9.82941e-13 4.34228e-41 6.10969e-39
9.87368e-13 4.31802e-41 6.06627e-39
9.91815e-13 4.29383e-41 6.02309e-39
9.96282e-13 4.2697e-41 5.98015e-39
1.00077e-12 4.24563e-41 5.93745e-39
1.00528e-12 4.22163e-41 5.89499e-39
1.0098e-12 4.19769e-41 5.85278e-39
1.01435e-12 4.17382e-41 5.8108e-39
1.01892e-12 4.15001e-41 5.76906e-39
1.02351e-12 4.12628e-41 5.72756e-39
1.02812e-12 4.1026e-41 5.6863e-39
1.03275e-12 4.079e-41 5.64527e-39
1.0374e-12 4.05546e-41 5.60448e-39
1.04207e-12 4.032e-41 5.56393e-39
1.04676e-12 4.0086e-41 5.52361e-39
1.05148e-12 3.98528e-41 5.48352e-39
1.05621e-12 3.96203e-41 5.44367e-39
1.06097e-12 3.93884e-41 5.40405e-39
1.06575e-12 3.91574e-41 5.36466e-39
1.07055e-12 3.8927e-41 5.32551e-39
1.07537e-12 3.86974e-41 5.28658e-39
1.08021e-12 3.84685e-41 5.24788e-39
1.08508e-12 3.82403e-41 5.20941e-39
1.08997e-12 3.8013e-41 5.17117e-39
1.09487e-12 3.77863e-41 5.13316e-39
1.09981e-12 3.75605e-41 5.09537e-39
1.10476e-12 3.73354e-41 5.05781e-39
1.10973e-12 3.7111e-41 5.02048e-39
1.11473e-12 3.68875e-41 4.98337e-39
1.11975e-12 3.66647e-41 4.94648e-39
1.1248e-12 3.64427e-41 4.90981e-39
1.12986e-12 3.62215e-41 4.87337e-39
1.13495e-12 3.60011e-41 4.83715e-39
1.14006e-12 3.57815e-41 4.80115e-39
1.1452e-12 3.55626e-41 4.76537e-39
1.15035e-12 3.53446e-41 4.7298e-39
1.15553e-12 3.51274e-41 4.69446e-39
1.16074e-12 3.4911e-41 4.65933e-39
1.16597e-12 3.46955e-41 4.62442e-39
1.17122e-12 3.44807e-41 4.58973e-39
1.17649e-12 3.42668e-41 4.55524e-39
1.18179e-12 3.40537e-41 4.52098e-39
1.18711e-12 3.38414e-41 4.48692e-39
1.19246e-12 3.36299e-41 4.45308e-39
1.19783e-12 3.34193e-41 4.41945e-39
1.20323e-12 3.32095e-41 4.38603e-39
1.20864e-12 3.30006e-41 4.35282e-39
1.21409e-12 3.27925e-41 4.31982e-39
1.21956e-12 3.25853e-41 4.28703e-39
1.22505e-12 3.23789e-41 4.25445e-39
1.23057e-12 3.21733e-41 4.22207e-39
1.23611e-12 3.19686e-41 4.18989e-39
1.24167e-12 3.17648e-41 4.15793e-39
1.24727e-12 3.15618e-41 4.12616e-39
1.25288e-12 3.13597e-41 4.0946e-39
1.25853e-12 3.11584e-41 4.06324e-39
1.26419e-12 3.0958e-41 4.03208e-39
1.26989e-12 3.07585e-41 4.00112e-39
1.27561e-12 3.05598e-41 3.97036e-39
1.28135e-12 3.0362e-41 3.9398e-39
1.28712e-12 3.01651e-41 3.90944e-39
1.29292e-12 2.9969e-41 3.87928e-39
1.29874e-12 2.97738e-41 3.84931e-39
1.30459e-12 2.95795e-41 3.81953e-39
1.31047e-12 2.9386e-41 3.78995e-39
1.31637e-12 2.91935e-41 3.76057e-39
1.3223e-12 2.90018e-41 3.73138e-39
1.32825e-12 2.8811e-41 3.70237e-39
1.33424e-12 2.8621e-41 3.67356e-39
1.34024e-12 2.8432e-41 3.64494e-39
1.34628e-12 2.82438e-41 3.61651e-39
1.35234e-12 2.80565e-41 3.58827e-39
1.35843e-12 2.78701e-41 3.56021e-39
1.36455e-12 2.76845e-41 3.53234e-39
1.3707e-12 2.74999e-41 3.50465e-39
1.37687e-12 2.73161e-41 3.47715e-39
1.38307e-12 2.71332e-41 3.44984e-39
1.3893e-12 2.69512e-41 3.42271e-39
1.39556e-12 2.67701e-41 3.39575e-39
1.40184e-12 2.65898e-41 3.36898e-39
1.40816e-12 2.64105e-41 3.34239e-39
1.4145e-12 2.6232e-41 3.31598e-39
1.42087e-12 2.60544e-41 3.28975e-39
1.42727e-12 2.58777e-41 3.2637e-39
1.4337e-12 2.57018e-41 3.23782e-39
1.44015e-12 2.55269e-41 3.21212e-39
1.44664e-12 2.53528e-41 3.18659e-39
1.45315e-12 2.51796e-41 3.16124e-39
1.4597e-12 2.50073e-41 3.13606e-39
1.46627e-12 2.48359e-41 3.11105e-39
1.47288e-12 2.46653e-41 3.08622e-39
1.47951e-12 2.44956e-41 3.06155e-39
1.48617e-12 2.43268e-41 3.03705e-39
1.49287e-12 2.41589e-41 3.01273e-39
1.49959e-12 2.39919e-41 2.98857e-39
1.50634e-12 2.38257e-41 2.96458e-39
1.51313e-12 2.36604e-41 2.94075e-39
1.51994e-12 2.3496e-41 2.91709e-39
1.52679e-12 2.33324e-41 2.89359e-39
1.53366e-12 2.31697e-41 2.87026e-39
1.54057e-12 2.30079e-41 2.84709e-39
1.54751e-12 2.28469e-41 2.82408e-39
1.55448e-12 2.26868e-41 2.80124e-39
1.56148e-12 2.25276e-41 2.77855e-39
1.56851e-12 2.23693e-41 2.75602e-39
1.57558e-12 2.22118e-41 2.73365e-39
1.58267e-12 2.20551e-41 2.71144e-39
1.5898e-12 2.18993e-41 2.68939e-39
1.59696e-12 2.17444e-41 2.66749e-39
1.60415e-12 2.15904e-41 2.64574e-39
1.61138e-12 2.14371e-41 2.62415e-39
1.61864e-12 2.12848e-41 2.60272e-39
1.62592e-12 2.11333e-41 2.58143e-39
1.63325e-12 2.09826e-41 2.5603e-39
1.6406e-12 2.08328e-41 2.53932e-39
1.64799e-12 2.06838e-41 2.51848e-39
1.65541e-12 2.05357e-41 2.4978e-39
1.66287e-12 2.03884e-41 2.47726e-39
1.67036e-12 2.0242e-41 2.45687e-39
1.67788e-12 2.00963e-41 2.43663e-39
1.68544e-12 1.99516e-41 2.41654e-39
1.69303e-12 1.98076e-41 2.39658e-39
1.70065e-12 1.96645e-41 2.37678e-39
1.70831e-12 1.95222e-41 2.35711e-39
1.71601e-12 1.93807e-41 2.33759e-39
1.72374e-12 1.92401e-41 2.31821e-39
1.7315e-12 1.91003e-41 2.29897e-39
1.7393e-12 1.89613e-41 2.27987e-39
1.74713e-12 1.88231e-41 2.26091e-39
1.755e-12 1.86857e-41 2.24208e-39
1.7629e-12 1.85492e-41 2.2234e-39
1.77084e-12 1.84134e-41 2.20485e-39
1.77882e-12 1.82785e-41 2.18644e-39
1.78683e-12 1.81443e-41 2.16816e-39
1.79488e-12 1.8011e-41 2.15001e-39
1.80296e-12 1.78785e-41 2.132e-39
1.81108e-12 1.77467e-41 2.11412e-39
1.81924e-12 1.76158e-41 2.09638e-39
1.82743e-12 1.74856e-41 2.07876e-39
1.83566e-12 1.73563e-41 2.06128e-39
1.84393e-12 1.72277e-41 2.04392e-39
1.85223e-12 1.70999e-41 2.02669e-39
1.86057e-12 1.69729e-41 2.00959e-39
1.86895e-12 1.68466e-41 1.99262e-39
1.87737e-12 1.67211e-41 1.97577e-39
1.88583e-12 1.65965e-41 1.95905e-39
1.89432e-12 1.64725e-41 1.94246e-39
1.90285e-12 1.63494e-41 1.92598e-39
1.91142e-12 1.6227e-41 1.90963e-39
1.92003e-12 1.61053e-41 1.89341e-39
1.92868e-12 1.59845e-41 1.8773e-39
1.93736e-12 1.58643e-41 1.86132e-39
1.94609e-12 1.5745e-41 1.84545e-39
1.95485e-12 1.56264e-41 1.82971e-39
1.96366e-12 1.55085e-41 1.81408e-39
1.9725e-12 1.53914e-41 1.79857e-39
1.98138e-12 1.5275e-41 1.78318e-39
1.99031e-12 1.51593e-41 1.76791e-39
1.99927e-12 1.50444e-41 1.75275e-39
2.00827e-12 1.49302e-41 1.7377e-39
2.01732e-12 1.48167e-41 1.72277e-39
2.0264e-12 1.4704e-41 1.70796e-39
2.03553e-12 1.4592e-41 1.69325e-39
2.0447e-12 1.44807e-41 1.67866e-39
2.05391e-12 1.43701e-41 1.66418e-39
2.06316e-12 1.42603e-41 1.64981e-39
2.07245e-12 1.41511e-41 1.63555e-39
2.08178e-12 1.40427e-41 1.6214e-39
2.09116e-12 1.39349e-41 1.60735e-39
2.10058e-12 1.38279e-41 1.59342e-39
2.11004e-12 1.37215e-41 1.57959e-39
2.11954e-12 1.36159e-41 1.56587e-39
2.12909e-12 1.35109e-41 1.55225e-39
2.13867e-12 1.34066e-41 1.53874e-39
2.14831e-12 1.3303e-41 1.52534e-39
2.15798e-12 1.32001e-41 1.51203e-39
2.1677e-12 1.30979e-41 1.49883e-39
2.17746e-12 1.29963e-41 1.48574e-39
2.18727e-12 1.28955e-41 1.47274e-39
2.19712e-12 1.27952e-41 1.45984e-39
2.20702e-12 1.26957e-41 1.44705e-39
2.21696e-12 1.25968e-41 1.43435e-39
2.22694e-12 1.24986e-41 1.42176e-39
2.23697e-12 1.2401e-41 1.40926e-39
2.24704e-12 1.23041e-41 1.39686e-39
2.25716e-12 1.22078e-41 1.38455e-39
2.26733e-12 1.21122e-41 1.37234e-39
2.27754e-12 1.20172e-41 1.36023e-39
2.2878e-12 1.19229e-41 1.34822e-39
2.2981e-12 1.18292e-41 1.33629e-39
2.30845e-12 1.17361e-41 1.32446e-39
2.31885e-12 1.16437e-41 1.31273e-39
2.32929e-12 1.15519e-41 1.30108e-39
2.33978e-12 1.14607e-41 1.28953e-39
2.35032e-12 1.13701e-41 1.27807e-39
2.36091e-12 1.12802e-41 1.2667e-39
2.37154e-12 1.11908e-41 1.25542e-39
2.38222e-12 1.11021e-41 1.24423e-39
2.39295e-12 1.1014e-41 1.23313e-39
2.40373e-12 1.09265e-41 1.22211e-39
2.41455e-12 1.08396e-41 1.21119e-39
2.42543e-12 1.07533e-41 1.20035e-39
2.43635e-12 1.06676e-41 1.18959e-39
2.44732e-12 1.05825e-41 1.17893e-39
2.45834e-12 1.04979e-41 1.16834e-39
2.46942e-12 1.0414e-41 1.15785e-39
2.48054e-12 1.03306e-41 1.14743e-39
2.49171e-12 1.02478e-41 1.1371e-39
2.50293e-12 1.01656e-41 1.12685e-39
2.5142e-12 1.0084e-41 1.11669e-39
2.52553e-12 1.00029e-41 1.1066e-39
2.5369e-12 9.92242e-42 1.0966e-39
2.54833e-12 9.84249e-42 1.08668e-39
2.5598e-12 9.76312e-42 1.07684e-39
2.57133e-12 9.6843e-42 1.06707e-39
2.58291e-12 9.60604e-42 1.05739e-39
2.59454e-12 9.52833e-42 1.04778e-39
2.60623e-12 9.45117e-42 1.03825e-39
2.61797e-12 9.37455e-42 1.0288e-39
2.62976e-12 9.29848e-42 1.01943e-39
2.6416e-12 9.22294e-42 1.01013e-39
2.6535e-12 9.14794e-42 1.00091e-39
2.66545e-12 9.07348e-42 9.9176e-40
2.67745e-12 8.99954e-42 9.82686e-40
2.68951e-12 8.92613e-42 9.73687e-40
2.70162e-12 8.85324e-42 9.6476e-40
2.71379e-12 8.78088e-42 9.55907e-40
2.72601e-12 8.70903e-42 9.47126e-40
2.73829e-12 8.63769e-42 9.38417e-40
2.75062e-12 8.56687e-42 9.2978e-40
2.76301e-12 8.49656e-42 9.21213e-40
2.77546e-12 8.42675e-42 9.12716e-40
2.78796e-12 8.35744e-42 9.04289e-40
2.80051e-12 8.28864e-42 8.95932e-40
2.81312e-12 8.22033e-42 8.87643e-40
2.82579e-12 8.15251e-42 8.79423e-40
2.83852e-12 8.08518e-42 8.7127e-40
2.8513e-12 8.01835e-42 8.63185e-40
2.86415e-12 7.95199e-42 8.55167e-40
2.87705e-12 7.88612e-42 8.47215e-40
2.89e-12 7.82073e-42 8.39329e-40
2.90302e-12 7.75582e-42 8.31508e-40
2.91609e-12 7.69137e-42 8.23752e-40
2.92923e-12 7.6274e-42 8.16061e-40
2.94242e-12 7.5639e-42 8.08434e-40
2.95567e-12 7.50086e-42 8.0087e-40
2.96898e-12 7.43828e-42 7.93369e-40
2.98235e-12 7.37616e-42 7.8593e-40
2.99578e-12 7.31449e-42 7.78554e-40
3.00928e-12 7.25328e-42 7.7124e-40
3.02283e-12 7.19252e-42 7.63987e-40
3.03644e-12 7.13221e-42 7.56794e-40
3.05012e-12 7.07234e-42 7.49662e-40
3.06386e-12 7.01292e-42 7.42589e-40
3.07765e-12 6.95393e-42 7.35577e-40
3.09152e-12 6.89539e-42 7.28623e-40
3.10544e-12 6.83727e-42 7.21727e-40
3.11942e-12 6.77959e-42 7.1489e-40
3.13347e-12 6.72233e-42 7.0811e-40
3.14759e-12 6.6655e-42 7.01388e-40
3.16176e-12 6.60909e-42 6.94723e-40
3.176e-12 6.55311e-42 6.88113e-40
3.19031e-12 6.49754e-42 6.8156e-40
3.20467e-12 6.44239e-42 6.75063e-40
3.21911e-12 6.38764e-42 6.6862e-40
3.2336e-12 6.33331e-42 6.62233e-40
3.24817e-12 6.27939e-42 6.55899e-40
3.2628e-12 6.22587e-42 6.4962e-40
3.27749e-12 6.17275e-42 6.43394e-40
3.29225e-12 6.12003e-42 6.37221e-40
3.30708e-12 6.06771e-42 6.31101e-40
3.32197e-12 6.01578e-42 6.25034e-40
3.33693e-12 5.96425e-42 6.19018e-40
3.35196e-12 5.9131e-42 6.13054e-40
3.36706e-12 5.86234e-42 6.07141e-40
3.38222e-12 5.81197e-42 6.01278e-40
3.39746e-12 5.76197e-42 5.95466e-40
3.41276e-12 5.71236e-42 5.89704e-40
3.42813e-12 5.66312e-42 5.83992e-40
3.44357e-12 5.61425e-42 5.78329e-40
3.45908e-12 5.56576e-42 5.72715e-40
3.47465e-12 5.51764e-42 5.67149e-40
3.4903e-12 5.46988e-42 5.61631e-40
3.50602e-12 5.42249e-42 5.56161e-40
3.52181e-12 5.37546e-42 5.50739e-40
3.53767e-12 5.32879e-42 5.45363e-40
3.55361e-12 5.28247e-42 5.40035e-40
3.56961e-12 5.23652e-42 5.34752e-40
3.58569e-12 5.19091e-42 5.29516e-40
3.60184e-12 5.14565e-42 5.24325e-40
3.61806e-12 5.10075e-42 5.19179e-40
3.63435e-12 5.05618e-42 5.14078e-40
3.65072e-12 5.01196e-42 5.09022e-40
3.66716e-12 4.96808e-42 5.0401e-40
3.68368e-12 4.92455e-42 4.99042e-40
3.70027e-12 4.88134e-42 4.94117e-40
3.71693e-12 4.83847e-42 4.89236e-40
3.73367e-12 4.79593e-42 4.84398e-40
3.75049e-12 4.75373e-42 4.79602e-40
3.76738e-12 4.71185e-42 4.74848e-40
3.78435e-12 4.67029e-42 4.70136e-40
3.80139e-12 4.62906e-42 4.65466e-40
3.81851e-12 4.58815e-42 4.60837e-40
3.83571e-12 4.54755e-42 4.56249e-40
3.85298e-12 4.50728e-42 4.51701e-40
3.87034e-12 4.46732e-42 4.47194e-40
3.88777e-12 4.42766e-42 4.42727e-40
3.90528e-12 4.38832e-42 4.38299e-40
3.92286e-12 4.34929e-42 4.33911e-40
3.94053e-12 4.31057e-42 4.29561e-40
3.95828e-12 4.27214e-42 4.25251e-40
3.97611e-12 4.23402e-42 4.20979e-40
3.99401e-12 4.1962e-42 4.16745e-40
4.012e-12 4.15868e-42 4.12548e-40
4.03007e-12 4.12145e-42 4.0839e-40
4.04822e-12 4.08451e-42 4.04268e-40
4.06645e-12 4.04787e-42 4.00184e-40
4.08477e-12 4.01152e-42 3.96136e-40
4.10316e-12 3.97545e-42 3.92124e-40
4.12164e-12 3.93967e-42 3.88149e-40
4.1402e-12 3.90417e-42 3.84209e-40
4.15885e-12 3.86895e-42 3.80305e-40
4.17758e-12 3.83402e-42 3.76436e-40
4.1964e-12 3.79936e-42 3.72602e-40
4.2153e-12 3.76497e-42 3.68803e-40
4.23428e-12 3.73086e-42 3.65038e-40
4.25335e-12 3.69702e-42 3.61307e-40
4.27251e-12 3.66345e-42 3.5761e-40
4.29175e-12 3.63015e-42 3.53946e-40
4.31108e-12 3.59712e-42 3.50316e-40
4.33049e-12 3.56435e-42 3.46719e-40
4.35e-12 3.53184e-42 3.43155e-40
4.36959e-12 3.4996e-42 3.39623e-40
4.38927e-12 3.46761e-42 3.36123e-40
4.40903e-12 3.43588e-42 3.32656e-40
4.42889e-12 3.4044e-42 3.2922e-40
4.44884e-12 3.37318e-42 3.25815e-40
4.46887e-12 3.34221e-42 3.22442e-40
4.489e-12 3.31148e-42 3.191e-40
4.50922e-12 3.28101e-42 3.15789e-40
4.52953e-12 3.25078e-42 3.12508e-40
4.54993e-12 3.2208e-42 3.09257e-40
4.57042e-12 3.19106e-42 3.06036e-40
4.591e-12 3.16156e-42 3.02845e-40
4.61168e-12 3.1323e-42 2.99683e-40
4.63245e-12 3.10328e-42 2.96551e-40
4.65331e-12 3.0745e-42 2.93448e-40
4.67427e-12 3.04595e-42 2.90373e-40
4.69532e-12 3.01763e-42 2.87327e-40
4.71647e-12 2.98954e-42 2.8431e-40
4.73771e-12 2.96168e-42 2.8132e-40
4.75904e-12 2.93405e-42 2.78358e-40
4.78048e-12 2.90665e-42 2.75424e-40
4.80201e-12 2.87946e-42 2.72518e-40
4.82363e-12 2.85251e-42 2.69638e-40
4.84536e-12 2.82577e-42 2.66786e-40
4.86718e-12 2.79925e-42 2.6396e-40
4.8891e-12 2.77296e-42 2.61161e-40
4.91112e-12 2.74687e-42 2.58388e-40
4.93324e-12 2.72101e-42 2.55641e-40
4.95546e-12 2.69535e-42 2.5292e-40
4.97777e-12 2.66991e-42 2.50225e-40
5.00019e-12 2.64468e-42 2.47555e-40
5.02271e-12 2.61966e-42 2.4491e-40
5.04533e-12 2.59484e-42 2.4229e-40
5.06806e-12 2.57023e-42 2.39695e-40
5.09088e-12 2.54583e-42 2.37125e-40
5.11381e-12 2.52162e-42 2.34579e-40
5.13684e-12 2.49762e-42 2.32058e-40
5.15997e-12 2.47382e-42 2.2956e-40
5.18321e-12 2.45022e-42 2.27086e-40
5.20656e-12 2.42681e-42 2.24636e-40
5.23001e-12 2.4036e-42 2.22209e-40
5.25356e-12 2.38058e-42 2.19806e-40
5.27722e-12 2.35776e-42 2.17425e-40
5.30099e-12 2.33513e-42 2.15067e-40
5.32486e-12 2.31269e-42 2.12732e-40
5.34884e-12 2.29043e-42 2.1042e-40
5.37293e-12 2.26836e-42 2.08129e-40
5.39713e-12 2.24648e-42 2.05861e-40
5.42144e-12 2.22479e-42 2.03614e-40
5.44586e-12 2.20327e-42 2.0139e-40
5.47038e-12 2.18194e-42 1.99186e-40
5.49502e-12 2.16079e-42 1.97004e-40
5.51977e-12 2.13982e-42 1.94844e-40
5.54463e-12 2.11902e-42 1.92704e-40
5.5696e-12 2.0984e-42 1.90585e-40
5.59468e-12 2.07796e-42 1.88486e-40
5.61988e-12 2.05769e-42 1.86408e-40
5.64519e-12 2.03759e-42 1.84351e-40
5.67061e-12 2.01767e-42 1.82313e-40
5.69615e-12 1.99791e-42 1.80295e-40
5.72181e-12 1.97833e-42 1.78297e-40
5.74757e-12 1.95891e-42 1.76319e-40
5.77346e-12 1.93965e-42 1.7436e-40
5.79946e-12 1.92056e-42 1.72421e-40
5.82558e-12 1.90164e-42 1.705e-40
5.85182e-12 1.88288e-42 1.68598e-40
5.87817e-12 1.86428e-42 1.66715e-40
5.90465e-12 1.84584e-42 1.64851e-40
5.93124e-12 1.82755e-42 1.63005e-40
5.95795e-12 1.80943e-42 1.61178e-40
5.98478e-12 1.79146e-42 1.59368e-40
6.01174e-12 1.77365e-42 1.57577e-40
6.03881e-12 1.75599e-42 1.55803e-40
6.06601e-12 1.73849e-42 1.54047e-40
6.09333e-12 1.72114e-42 1.52309e-40
6.12077e-12 1.70393e-42 1.50588e-40
6.14834e-12 1.68688e-42 1.48884e-40
6.17603e-12 1.66998e-42 1.47197e-40
6.20384e-12 1.65322e-42 1.45527e-40
6.23178e-12 1.63661e-42 1.43874e-40
6.25985e-12 1.62015e-42 1.42237e-40
6.28804e-12 1.60383e-42 1.40617e-40
6.31636e-12 1.58765e-42 1.39013e-40
6.34481e-12 1.57161e-42 1.37425e-40
6.37339e-12 1.55572e-42 1.35854e-40
6.40209e-12 1.53996e-42 1.34298e-40
6.43092e-12 1.52434e-42 1.32758e-40
6.45989e-12 1.50887e-42 1.31234e-40
6.48898e-12 1.49352e-42 1.29725e-40
6.5182e-12 1.47832e-42 1.28231e-40
6.54756e-12 1.46324e-42 1.26753e-40
6.57705e-12 1.44831e-42 1.2529e-40
6.60667e-12 1.4335e-42 1.23842e-40
6.63642e-12 1.41883e-42 1.22408e-40
6.66631e-12 1.40428e-42 1.20989e-40
6.69633e-12 1.38987e-42 1.19585e-40
6.72649e-12 1.37558e-42 1.18195e-40
6.75679e-12 1.36142e-42 1.16819e-40
6.78722e-12 1.34739e-42 1.15458e-40
6.81779e-12 1.33348e-42 1.14111e-40
6.84849e-12 1.3197e-42 1.12777e-40
6.87933e-12 1.30604e-42 1.11457e-40
6.91032e-12 1.29251e-42 1.10151e-40
6.94144e-12 1.27909e-42 1.08859e-40
6.9727e-12 1.2658e-42 1.0758e-40
7.0041e-12 1.25263e-42 1.06314e-40
7.03565e-12 1.23957e-42 1.05061e-40
7.06734e-12 1.22664e-42 1.03822e-40
7.09916e-12 1.21382e-42 1.02595e-40
7.13114e-12 1.20111e-42 1.01381e-40
7.16325e-12 1.18853e-42 1.0018e-40
7.19551e-12 1.17605e-42 9.89917e-41
7.22792e-12 1.16369e-42 9.78157e-41
7.26047e-12 1.15145e-42 9.6652e-41
7.29317e-12 1.13931e-42 9.55005e-41
7.32602e-12 1.12729e-42 9.43612e-41
7.35901e-12 1.11537e-42 9.32339e-41
7.39216e-12 1.10357e-42 9.21186e-41
7.42545e-12 1.09187e-42 9.1015e-41
7.45889e-12 1.08028e-42 8.99231e-41
7.49248e-12 1.06879e-42 8.88429e-41
7.52623e-12 1.05742e-42 8.77741e-41
7.56012e-12 1.04614e-42 8.67166e-41
7.59417e-12 1.03498e-42 8.56705e-41
7.62837e-12 1.02391e-42 8.46355e-41
7.66273e-12 1.01295e-42 8.36116e-41
7.69724e-12 1.00209e-42 8.25987e-41
7.73191e-12 9.91328e-43 8.15966e-41
7.76673e-12 9.80667e-43 8.06052e-41
7.80171e-12 9.70107e-43 7.96246e-41
7.83684e-12 9.59644e-43 7.86545e-41
7.87214e-12 9.4928e-43 7.76948e-41
7.90759e-12 9.39012e-43 7.67455e-41
7.94321e-12 9.2884e-43 7.58065e-41
7.97898e-12 9.18764e-43 7.48777e-41
8.01492e-12 9.08782e-43 7.39589e-41
8.05101e-12 8.98895e-43 7.30502e-41
8.08727e-12 8.891e-43 7.21513e-41
8.12369e-12 8.79398e-43 7.12622e-41
8.16028e-12 8.69787e-43 7.03828e-41
8.19703e-12 8.60267e-43 6.9513e-41
8.23395e-12 8.50838e-43 6.86527e-41
8.27103e-12 8.41497e-43 6.78019e-41
8.30828e-12 8.32246e-43 6.69604e-41
8.3457e-12 8.23083e-43 6.61281e-41
8.38329e-12 8.14006e-43 6.5305e-41
8.42104e-12 8.05017e-43 6.4491e-41
8.45897e-12 7.96113e-43 6.3686e-41
8.49707e-12 7.87295e-43 6.28899e-41
8.53534e-12 7.78561e-43 6.21026e-41
8.57378e-12 7.6991e-43 6.1324e-41
8.61239e-12 7.61343e-43 6.05541e-41
8.65118e-12 7.52859e-43 5.97928e-41
8.69014e-12 7.44456e-43 5.90399e-41
8.72928e-12 7.36134e-43 5.82955e-41
8.76859e-12 7.27893e-43 5.75593e-41
8.80808e-12 7.19731e-43 5.68315e-41
8.84775e-12 7.11649e-43 5.61117e-41
8.8876e-12 7.03645e-43 5.54001e-41
8.92763e-12 6.95719e-43 5.46964e-41
8.96783e-12 6.8787e-43 5.40007e-41
9.00822e-12 6.80098e-43 5.33128e-41
9.04879e-12 6.72402e-43 5.26327e-41
9.08955e-12 6.64781e-43 5.19603e-41
9.13048e-12 6.57235e-43 5.12956e-41
9.1716e-12 6.49763e-43 5.06383e-41
9.21291e-12 6.42364e-43 4.99886e-41
9.2544e-12 6.35038e-43 4.93462e-41
9.29608e-12 6.27784e-43 4.87112e-41
9.33795e-12 6.20602e-43 4.80834e-41
9.38e-12 6.13491e-43 4.74628e-41
9.42225e-12 6.06451e-43 4.68493e-41
9.46468e-12 5.9948e-43 4.62428e-41
9.50731e-12 5.92579e-43 4.56433e-41
9.55013e-12 5.85746e-43 4.50508e-41
9.59314e-12 5.78982e-43 4.4465e-41
9.63634e-12 5.72285e-43 4.3886e-41
9.67974e-12 5.65655e-43 4.33138e-41
9.72334e-12 5.59091e-43 4.27481e-41
9.76713e-12 5.52594e-43 4.2189e-41
9.81112e-12 5.46161e-43 4.16364e-41
9.8553e-12 5.39794e-43 4.10903e-41
9.89969e-12 5.3349e-43 4.05505e-41
9.94427e-12 5.2725e-43 4.0017e-41
9.98906e-12 5.21074e-43 3.94897e-41
1.0034e-11 5.1496e-43 3.89686e-41
1.00792e-11 5.08908e-43 3.84537e-41
1.01246e-11 5.02917e-43 3.79448e-41
1.01702e-11 4.96988e-43 3.74419e-41
1.0216e-11 4.91119e-43 3.69449e-41
1.0262e-11 4.8531e-43 3.64538e-41
1.03083e-11 4.7956e-43 3.59684e-41
1.03547e-11 4.73869e-43 3.54889e-41
1.04013e-11 4.68237e-43 3.5015e-41
1.04482e-11 4.62663e-43 3.45468e-41
1.04952e-11 4.57146e-43 3.40841e-41
1.05425e-11 4.51686e-43 3.3627e-41
1.059e-11 4.46282e-43 3.31753e-41
1.06377e-11 4.40935e-43 3.2729e-41
1.06856e-11 4.35642e-43 3.22881e-41
1.07337e-11 4.30405e-43 3.18524e-41
1.0782e-11 4.25223e-43 3.1422e-41
1.08306e-11 4.20094e-43 3.09968e-41
1.08794e-11 4.15019e-43 3.05767e-41
1.09284e-11 4.09997e-43 3.01617e-41
1.09776e-11 4.05027e-43 2.97517e-41
1.1027e-11 4.0011e-43 2.93467e-41
1.10767e-11 3.95244e-43 2.89466e-41
1.11266e-11 3.9043e-43 2.85513e-41
1.11767e-11 3.85666e-43 2.81609e-41
1.1227e-11 3.80953e-43 2.77752e-41
1.12776e-11 3.7629e-43 2.73943e-41
1.13284e-11 3.71676e-43 2.7018e-41
1.13794e-11 3.67111e-43 2.66463e-41
1.14307e-11 3.62595e-43 2.62792e-41
1.14821e-11 3.58126e-43 2.59166e-41
1.15338e-11 3.53706e-43 2.55585e-41
1.15858e-11 3.49333e-43 2.52048e-41
1.1638e-11 3.45006e-43 2.48554e-41
1.16904e-11 3.40727e-43 2.45104e-41
1.1743e-11 3.36493e-43 2.41697e-41
1.17959e-11 3.32305e-43 2.38332e-41
1.1849e-11 3.28161e-43 2.35009e-41
1.19024e-11 3.24063e-43 2.31727e-41
1.1956e-11 3.20009e-43 2.28487e-41
1.20099e-11 3.15999e-43 2.25287e-41
1.2064e-11 3.12033e-43 2.22127e-41
1.21183e-11 3.0811e-43 2.19006e-41
1.21729e-11 3.0423e-43 2.15925e-41
1.22277e-11 3.00392e-43 2.12883e-41
1.22828e-11 2.96596e-43 2.09879e-41
1.23381e-11 2.92842e-43 2.06913e-41
1.23936e-11 2.89129e-43 2.03985e-41
1.24495e-11 2.85456e-43 2.01093e-41
1.25055e-11 2.81825e-43 1.98239e-41
1.25618e-11 2.78233e-43 1.9542e-41
1.26184e-11 2.74682e-43 1.92638e-41
1.26753e-11 2.71169e-43 1.89891e-41
1.27323e-11 2.67696e-43 1.8718e-41
1.27897e-11 2.64261e-43 1.84503e-41
1.28473e-11 2.60865e-43 1.8186e-41
1.29051e-11 2.57506e-43 1.79251e-41
1.29633e-11 2.54185e-43 1.76676e-41
1.30216e-11 2.50902e-43 1.74134e-41
1.30803e-11 2.47655e-43 1.71625e-41
1.31392e-11 2.44445e-43 1.69149e-41
1.31984e-11 2.41271e-43 1.66704e-41
1.32578e-11 2.38132e-43 1.64292e-41
1.33175e-11 2.3503e-43 1.6191e-41
1.33775e-11 2.31962e-43 1.5956e-41
1.34378e-11 2.2893e-43 1.57241e-41
1.34983e-11 2.25931e-43 1.54951e-41
1.35591e-11 2.22968e-43 1.52692e-41
1.36201e-11 2.20037e-43 1.50462e-41
1.36815e-11 2.17141e-43 1.48262e-41
1.37431e-11 2.14278e-43 1.4609e-41
1.3805e-11 2.11447e-43 1.43948e-41
1.38672e-11 2.08649e-43 1.41833e-41
1.39296e-11 2.05884e-43 1.39747e-41
1.39923e-11 2.0315e-43 1.37688e-41
1.40554e-11 2.00448e-43 1.35656e-41
1.41187e-11 1.97777e-43 1.33652e-41
1.41823e-11 1.95138e-43 1.31674e-41
1.42461e-11 1.92529e-43 1.29723e-41
1.43103e-11 1.89951e-43 1.27797e-41
1.43747e-11 1.87402e-43 1.25898e-41
1.44395e-11 1.84884e-43 1.24024e-41
1.45045e-11 1.82395e-43 1.22175e-41
1.45698e-11 1.79935e-43 1.20351e-41
1.46354e-11 1.77505e-43 1.18552e-41
1.47014e-11 1.75103e-43 1.16777e-41
1.47676e-11 1.72729e-43 1.15026e-41
1.48341e-11 1.70384e-43 1.13298e-41
1.49009e-11 1.68066e-43 1.11595e-41
1.4968e-11 1.65776e-43 1.09914e-41
1.50354e-11 1.63513e-43 1.08256e-41
1.51031e-11 1.61278e-43 1.06621e-41
1.51711e-11 1.59069e-43 1.05008e-41
1.52395e-11 1.56886e-43 1.03418e-41
1.53081e-11 1.5473e-43 1.01849e-41
1.5377e-11 1.526e-43 1.00301e-41
1.54463e-11 1.50495e-43 9.87754e-42
1.55159e-11 1.48416e-43 9.72704e-42
1.55857e-11 1.46362e-43 9.57863e-42
1.56559e-11 1.44333e-43 9.43227e-42
1.57265e-11 1.42329e-43 9.28793e-42
1.57973e-11 1.40349e-43 9.1456e-42
1.58684e-11 1.38393e-43 9.00526e-42
1.59399e-11 1.36461e-43 8.86686e-42
1.60117e-11 1.34553e-43 8.7304e-42
1.60838e-11 1.32668e-43 8.59585e-42
1.61562e-11 1.30806e-43 8.46318e-42
1.6229e-11 1.28968e-43 8.33238e-42
1.63021e-11 1.27152e-43 8.20341e-42
1.63755e-11 1.25358e-43 8.07626e-42
1.64493e-11 1.23587e-43 7.9509e-42
1.65233e-11 1.21838e-43 7.82731e-42
1.65978e-11 1.2011e-43 7.70547e-42
1.66725e-11 1.18404e-43 7.58536e-42
1.67476e-11 1.1672e-43 7.46696e-42
1.6823e-11 1.15056e-43 7.35024e-42
1.68988e-11 1.13414e-43 7.23518e-42
1.69749e-11 1.11792e-43 7.12177e-42
1.70513e-11 1.1019e-43 7.00998e-42
1.71281e-11 1.08609e-43 6.89979e-42
1.72053e-11 1.07048e-43 6.79118e-42
1.72828e-11 1.05506e-43 6.68413e-42
1.73606e-11 1.03984e-43 6.57862e-42
1.74388e-11 1.02482e-43 6.47464e-42
1.75173e-11 1.00999e-43 6.37216e-42
1.75962e-11 9.95342e-44 6.27116e-42
1.76755e-11 9.80886e-44 6.17163e-42
1.77551e-11 9.66615e-44 6.07354e-42
1.7835e-11 9.52528e-44 5.97688e-42
1.79154e-11 9.38623e-44 5.88162e-42
1.7996e-11 9.24897e-44 5.78776e-42
1.80771e-11 9.11349e-44 5.69527e-42
1.81585e-11 8.97977e-44 5.60414e-42
1.82403e-11 8.84778e-44 5.51434e-42
1.83224e-11 8.71751e-44 5.42586e-42
1.8405e-11 8.58894e-44 5.33869e-42
1.84878e-11 8.46206e-44 5.2528e-42
1.85711e-11 8.33683e-44 5.16818e-42
1.86547e-11 8.21325e-44 5.08481e-42
1.87388e-11 8.0913e-44 5.00267e-42
1.88232e-11 7.97095e-44 4.92176e-42
1.89079e-11 7.85219e-44 4.84205e-42
1.89931e-11 7.73501e-44 4.76353e-42
1.90786e-11 7.61938e-44 4.68618e-42
1.91646e-11 7.50528e-44 4.60999e-42
1.92509e-11 7.39271e-44 4.53493e-42
1.93376e-11 7.28164e-44 4.46101e-42
1.94247e-11 7.17205e-44 4.38819e-42
1.95121e-11 7.06393e-44 4.31647e-42
1.96e-11 6.95727e-44 4.24583e-42
1.96883e-11 6.85203e-44 4.17626e-42
1.9777e-11 6.74822e-44 4.10774e-42
1.9866e-11 6.64582e-44 4.04026e-42
1.99555e-11 6.54479e-44 3.9738e-42
2.00454e-11 6.44514e-44 3.90835e-42
2.01357e-11 6.34685e-44 3.8439e-42
2.02263e-11 6.24989e-44 3.78043e-42
2.03174e-11 6.15426e-44 3.71793e-42
2.04089e-11 6.05993e-44 3.65639e-42
2.05008e-11 5.9669e-44 3.59579e-42
2.05932e-11 5.87515e-44 3.53612e-42
2.06859e-11 5.78466e-44 3.47737e-42
2.07791e-11 5.69542e-44 3.41952e-42
2.08727e-11 5.60741e-44 3.36257e-42
2.09667e-11 5.52062e-44 3.30649e-42
2.10611e-11 5.43504e-44 3.25129e-42
2.1156e-11 5.35064e-44 3.19694e-42
2.12512e-11 5.26742e-44 3.14343e-42
2.13469e-11 5.18537e-44 3.09076e-42
2.14431e-11 5.10446e-44 3.0389e-42
2.15397e-11 5.02469e-44 2.98786e-42
2.16367e-11 4.94604e-44 2.93761e-42
2.17341e-11 4.8685e-44 2.88815e-42
2.1832e-11 4.79205e-44 2.83947e-42
2.19303e-11 4.71668e-44 2.79154e-42
2.20291e-11 4.64238e-44 2.74438e-42
2.21283e-11 4.56914e-44 2.69795e-42
2.2228e-11 4.49693e-44 2.65226e-42
2.23281e-11 4.42576e-44 2.60729e-42
2.24286e-11 4.3556e-44 2.56304e-42
2.25296e-11 4.28645e-44 2.51948e-42
2.26311e-11 4.21829e-44 2.47662e-42
2.2733e-11 4.15111e-44 2.43443e-42
2.28354e-11 4.0849e-44 2.39292e-42
2.29383e-11 4.01965e-44 2.35207e-42
2.30416e-11 3.95533e-44 2.31188e-42
2.31453e-11 3.89195e-44 2.27232e-42
2.32496e-11 3.82949e-44 2.2334e-42
2.33543e-11 3.76794e-44 2.19511e-42
2.34595e-11 3.70729e-44 2.15743e-42
2.35651e-11 3.64752e-44 2.12036e-42
2.36713e-11 3.58863e-44 2.08388e-42
2.37779e-11 3.5306e-44 2.04799e-42
2.3885e-11 3.47343e-44 2.01269e-42
2.39925e-11 3.4171e-44 1.97795e-42
2.41006e-11 3.3616e-44 1.94378e-42
2.42091e-11 3.30692e-44 1.91017e-42
2.43182e-11 3.25305e-44 1.8771e-42
2.44277e-11 3.19998e-44 1.84457e-42
2.45377e-11 3.1477e-44 1.81257e-42
2.46482e-11 3.0962e-44 1.78109e-42
2.47592e-11 3.04547e-44 1.75013e-42
2.48707e-11 2.9955e-44 1.71967e-42
2.49827e-11 2.94628e-44 1.68972e-42
2.50952e-11 2.8978e-44 1.66026e-42
2.52083e-11 2.85005e-44 1.63128e-42
2.53218e-11 2.80302e-44 1.60278e-42
2.54358e-11 2.7567e-44 1.57475e-42
2.55504e-11 2.71108e-44 1.54718e-42
2.56655e-11 2.66616e-44 1.52007e-42
2.57811e-11 2.62192e-44 1.49341e-42
2.58972e-11 2.57835e-44 1.46719e-42
2.60138e-11 2.53545e-44 1.44141e-42
2.6131e-11 2.4932e-44 1.41605e-42
2.62486e-11 2.45161e-44 1.39112e-42
2.63669e-11 2.41065e-44 1.3666e-42
2.64856e-11 2.37032e-44 1.3425e-42
2.66049e-11 2.33062e-44 1.31879e-42
2.67247e-11 2.29153e-44 1.29549e-42
2.68451e-11 2.25304e-44 1.27257e-42
2.6966e-11 2.21515e-44 1.25004e-42
2.70874e-11 2.17785e-44 1.22789e-42
2.72094e-11 2.14113e-44 1.20611e-42
2.7332e-11 2.10498e-44 1.1847e-42
2.74551e-11 2.0694e-44 1.16365e-42
2.75787e-11 2.03438e-44 1.14296e-42
2.77029e-11 1.99991e-44 1.12261e-42
2.78277e-11 1.96597e-44 1.10261e-42
2.7953e-11 1.93258e-44 1.08295e-42
2.80789e-11 1.89971e-44 1.06363e-42
2.82054e-11 1.86736e-44 1.04463e-42
2.83324e-11 1.83552e-44 1.02596e-42
2.846e-11 1.80419e-44 1.0076e-42
2.85882e-11 1.77335e-44 9.8956e-43
2.87169e-11 1.74301e-44 9.71826e-43
2.88462e-11 1.71315e-44 9.54396e-43
2.89762e-11 1.68377e-44 9.37265e-43
2.91067e-11 1.65486e-44 9.20427e-43
2.92377e-11 1.62642e-44 9.03878e-43
2.93694e-11 1.59843e-44 8.87614e-43
2.95017e-11 1.57089e-44 8.7163e-43
2.96346e-11 1.5438e-44 8.55921e-43
2.9768e-11 1.51714e-44 8.40483e-43
2.99021e-11 1.49092e-44 8.25312e-43
3.00368e-11 1.46512e-44 8.10402e-43
3.0172e-11 1.43975e-44 7.95751e-43
3.03079e-11 1.41478e-44 7.81354e-43
3.04444e-11 1.39022e-44 7.67206e-43
3.05815e-11 1.36607e-44 7.53304e-43
3.07193e-11 1.34231e-44 7.39643e-43
3.08576e-11 1.31894e-44 7.2622e-43
3.09966e-11 1.29595e-44 7.13031e-43
3.11362e-11 1.27334e-44 7.00071e-43
3.12764e-11 1.25111e-44 6.87338e-43
3.14173e-11 1.22924e-44 6.74826e-43
3.15588e-11 1.20774e-44 6.62534e-43
3.17009e-11 1.18659e-44 6.50457e-43
3.18437e-11 1.16579e-44 6.38591e-43
3.19871e-11 1.14534e-44 6.26933e-43
3.21312e-11 1.12523e-44 6.1548e-43
3.22759e-11 1.10545e-44 6.04227e-43
3.24212e-11 1.08601e-44 5.93173e-43
3.25672e-11 1.06689e-44 5.82313e-43
3.27139e-11 1.04809e-44 5.71644e-43
3.28612e-11 1.0296e-44 5.61163e-43
3.30092e-11 1.01143e-44 5.50867e-43
3.31579e-11 9.93567e-45 5.40753e-43
3.33072e-11 9.76003e-45 5.30817e-43
3.34573e-11 9.58736e-45 5.21057e-43
3.36079e-11 9.41761e-45 5.1147e-43
3.37593e-11 9.25075e-45 5.02052e-43
3.39113e-11 9.08672e-45 4.92801e-43
3.40641e-11 8.92548e-45 4.83715e-43
3.42175e-11 8.76699e-45 4.74789e-43
3.43716e-11 8.61121e-45 4.66022e-43
3.45264e-11 8.45809e-45 4.57411e-43
3.46819e-11 8.30759e-45 4.48953e-43
3.48381e-11 8.15967e-45 4.40645e-43
3.4995e-11 8.01429e-45 4.32485e-43
3.51526e-11 7.87142e-45 4.24471e-43
3.53109e-11 7.731e-45 4.166e-43
3.54699e-11 7.59301e-45 4.08869e-43
3.56297e-11 7.4574e-45 4.01276e-43
3.57901e-11 7.32414e-45 3.93818e-43
3.59513e-11 7.19318e-45 3.86494e-43
3.61132e-11 7.0645e-45 3.79301e-43
3.62759e-11 6.93805e-45 3.72237e-43
3.64393e-11 6.81381e-45 3.65299e-43
3.66034e-11 6.69173e-45 3.58485e-43
3.67682e-11 6.57178e-45 3.51793e-43
3.69338e-11 6.45392e-45 3.45221e-43
3.71002e-11 6.33813e-45 3.38767e-43
3.72672e-11 6.22437e-45 3.32429e-43
3.74351e-11 6.1126e-45 3.26205e-43
3.76037e-11 6.00279e-45 3.20092e-43
3.7773e-11 5.89492e-45 3.14089e-43
3.79432e-11 5.78895e-45 3.08194e-43
3.8114e-11 5.68484e-45 3.02406e-43
3.82857e-11 5.58257e-45 2.96721e-43
3.84581e-11 5.48211e-45 2.91138e-43
3.86313e-11 5.38343e-45 2.85656e-43
3.88053e-11 5.2865e-45 2.80273e-43
3.89801e-11 5.19129e-45 2.74986e-43
3.91556e-11 5.09776e-45 2.69795e-43
3.9332e-11 5.0059e-45 2.64697e-43
3.95091e-11 4.91568e-45 2.59691e-43
3.96871e-11 4.82707e-45 2.54775e-43
3.98658e-11 4.74003e-45 2.49948e-43
4.00453e-11 4.65455e-45 2.45208e-43
4.02257e-11 4.5706e-45 2.40554e-43
4.04069e-11 4.48816e-45 2.35983e-43
4.05888e-11 4.40719e-45 2.31495e-43
4.07716e-11 4.32767e-45 2.27088e-43
4.09553e-11 4.24958e-45 2.2276e-43
4.11397e-11 4.17289e-45 2.18511e-43
4.1325e-11 4.09759e-45 2.14338e-43
4.15111e-11 4.02364e-45 2.1024e-43
4.16981e-11 3.95103e-45 2.06216e-43
4.18859e-11 3.87972e-45 2.02265e-43
4.20745e-11 3.8097e-45 1.98386e-43
4.2264e-11 3.74095e-45 1.94576e-43
4.24543e-11 3.67345e-45 1.90835e-43
4.26455e-11 3.60716e-45 1.87162e-43
4.28376e-11 3.54208e-45 1.83554e-43
4.30305e-11 3.47818e-45 1.80012e-43
4.32243e-11 3.41544e-45 1.76534e-43
4.3419e-11 3.35384e-45 1.73119e-43
4.36146e-11 3.29336e-45 1.69765e-43
4.3811e-11 3.23398e-45 1.66472e-43
4.40083e-11 3.17569e-45 1.63238e-43
4.42065e-11 3.11845e-45 1.60062e-43
4.44056e-11 3.06226e-45 1.56943e-43
4.46056e-11 3.0071e-45 1.53881e-43
4.48065e-11 2.95294e-45 1.50874e-43
4.50083e-11 2.89978e-45 1.47921e-43
4.5211e-11 2.84758e-45 1.45021e-43
4.54146e-11 2.79635e-45 1.42174e-43
4.56191e-11 2.74605e-45 1.39377e-43
4.58246e-11 2.69667e-45 1.36631e-43
4.6031e-11 2.6482e-45 1.33935e-43
4.62383e-11 2.60061e-45 1.31286e-43
4.64465e-11 2.5539e-45 1.28686e-43
4.66557e-11 2.50805e-45 1.26132e-43
4.68658e-11 2.46305e-45 1.23624e-43
4.70769e-11 2.41886e-45 1.21161e-43
4.72889e-11 2.3755e-45 1.18742e-43
4.75019e-11 2.33293e-45 1.16366e-43
4.77158e-11 2.29114e-45 1.14034e-43
4.79307e-11 2.25012e-45 1.11742e-43
4.81466e-11 2.20986e-45 1.09492e-43
4.83634e-11 2.17034e-45 1.07282e-43
4.85812e-11 2.13155e-45 1.05112e-43
4.88e-11 2.09348e-45 1.02981e-43
4.90198e-11 2.05611e-45 1.00887e-43
4.92406e-11 2.01942e-45 9.8831e-44
4.94623e-11 1.98342e-45 9.68115e-44
4.96851e-11 1.94808e-45 9.48281e-44
4.99089e-11 1.91339e-45 9.288e-44
5.01336e-11 1.87934e-45 9.09666e-44
5.03594e-11 1.84592e-45 8.90873e-44
5.05862e-11 1.81312e-45 8.72414e-44
5.08141e-11 1.78093e-45 8.54283e-44
5.10429e-11 1.74933e-45 8.36473e-44
5.12728e-11 1.71832e-45 8.1898e-44
5.15037e-11 1.68787e-45 8.01797e-44
5.17357e-11 1.658e-45 7.84918e-44
5.19687e-11 1.62867e-45 7.68338e-44
5.22027e-11 1.59988e-45 7.52051e-44
5.24378e-11 1.57163e-45 7.36053e-44
5.2674e-11 1.5439e-45 7.20336e-44
5.29112e-11 1.51669e-45 7.04897e-44
5.31495e-11 1.48997e-45 6.8973e-44
5.33889e-11 1.46375e-45 6.74831e-44
5.36293e-11 1.43802e-45 6.60193e-44
5.38709e-11 1.41276e-45 6.45813e-44
5.41135e-11 1.38796e-45 6.31685e-44
5.43572e-11 1.36363e-45 6.17806e-44
5.4602e-11 1.33974e-45 6.0417e-44
5.48479e-11 1.3163e-45 5.90772e-44
5.50949e-11 1.29329e-45 5.77609e-44
5.53431e-11 1.2707e-45 5.64676e-44
5.55923e-11 1.24853e-45 5.51969e-44
5.58427e-11 1.22677e-45 5.39484e-44
5.60942e-11 1.20541e-45 5.27216e-44
5.63468e-11 1.18444e-45 5.15162e-44
5.66006e-11 1.16386e-45 5.03318e-44
5.68555e-11 1.14366e-45 4.91679e-44
5.71116e-11 1.12383e-45 4.80243e-44
5.73688e-11 1.10437e-45 4.69004e-44
5.76272e-11 1.08526e-45 4.57961e-44
5.78867e-11 1.06651e-45 4.47108e-44
5.81474e-11 1.0481e-45 4.36443e-44
5.84093e-11 1.03003e-45 4.25962e-44
5.86723e-11 1.01229e-45 4.15662e-44
5.89366e-11 9.94876e-46 4.05539e-44
5.9202e-11 9.77782e-46 3.9559e-44
5.94686e-11 9.61001e-46 3.85812e-44
5.97365e-11 9.44528e-46 3.76202e-44
6.00055e-11 9.28356e-46 3.66757e-44
6.02758e-11 9.1248e-46 3.57473e-44
6.05472e-11 8.96895e-46 3.48349e-44
6.08199e-11 8.81594e-46 3.3938e-44
6.10938e-11 8.66573e-46 3.30564e-44
6.1369e-11 8.51826e-46 3.21898e-44
6.16454e-11 8.37348e-46 3.1338e-44
6.1923e-11 8.23134e-46 3.05006e-44
6.22019e-11 8.09179e-46 2.96775e-44
6.2482e-11 7.95477e-46 2.88683e-44
6.27634e-11 7.82025e-46 2.80728e-44
6.30461e-11 7.68817e-46 2.72908e-44
6.333e-11 7.55849e-46 2.6522e-44
6.36152e-11 7.43116e-46 2.57661e-44
6.39017e-11 7.30613e-46 2.5023e-44
6.41895e-11 7.18337e-46 2.42924e-44
6.44786e-11 7.06283e-46 2.35741e-44
6.4769e-11 6.94447e-46 2.28678e-44
6.50607e-11 6.82825e-46 2.21733e-44
6.53537e-11 6.71412e-46 2.14905e-44
6.56481e-11 6.60205e-46 2.08191e-44
6.59437e-11 6.492e-46 2.01589e-44
6.62407e-11 6.38392e-46 1.95097e-44
6.65391e-11 6.27779e-46 1.88713e-44
6.68387e-11 6.17356e-46 1.82435e-44
6.71398e-11 6.0712e-46 1.76262e-44
6.74421e-11 5.97068e-46 1.7019e-44
6.77459e-11 5.87195e-46 1.6422e-44
6.8051e-11 5.77499e-46 1.58348e-44
6.83575e-11 5.67976e-46 1.52573e-44
6.86653e-11 5.58622e-46 1.46893e-44
6.89746e-11 5.49435e-46 1.41307e-44
6.92852e-11 5.40412e-46 1.35813e-44
6.95973e-11 5.31549e-46 1.30408e-44
6.99107e-11 5.22844e-46 1.25093e-44
7.02256e-11 5.14292e-46 1.19864e-44
7.05418e-11 5.05893e-46 1.14722e-44
7.08595e-11 4.97641e-46 1.09663e-44
7.11787e-11 4.89536e-46 1.04686e-44
7.14992e-11 4.81573e-46 9.97909e-45
7.18212e-11 4.73751e-46 9.49751e-45
7.21447e-11 4.66067e-46 9.02376e-45
7.24696e-11 4.58518e-46 8.5577e-45
7.2796e-11 4.51101e-46 8.09918e-45
7.31239e-11 4.43814e-46 7.64808e-45
7.34532e-11 4.36655e-46 7.20426e-45
7.3784e-11 4.29621e-46 6.76761e-45
7.41163e-11 4.2271e-46 6.33799e-45
7.44501e-11 4.15919e-46 5.91528e-45
7.47854e-11 4.09247e-46 5.49936e-45
7.51222e-11 4.02691e-46 5.09011e-45
7.54605e-11 3.96249e-46 4.68742e-45
7.58004e-11 3.89918e-46 4.29117e-45
7.61418e-11 3.83698e-46 3.90125e-45
7.64847e-11 3.77585e-46 3.51755e-45
7.68292e-11 3.71577e-46 3.13997e-45
7.71752e-11 3.65673e-46 2.76839e-45
7.75228e-11 3.59871e-46 2.40272e-45
7.78719e-11 3.54169e-46 2.04285e-45
7.82226e-11 3.48565e-46 1.68868e-45
7.85749e-11 3.43057e-46 1.34011e-45
7.89288e-11 3.37643e-46 9.97058e-46
7.92842e-11 3.32322e-46 6.59414e-46
7.96413e-11 3.27092e-46 3.27092e-46
