1e-14 16460.6 1.51554e+12
1.0045e-14 17014.2 1.51554e+12
1.00903e-14 17585.7 1.51554e+12
1.01357e-14 18175.6 1.51554e+12
1.01814e-14 18784.4 1.51554e+12
1.02272e-14 19412.8 1.51554e+12
1.02733e-14 20061.2 1.51554e+12
1.03196e-14 20730.5 1.51554e+12
1.0366e-14 21421 1.51554e+12
1.04127e-14 22133.6 1.51554e+12
1.04596e-14 22868.9 1.51554e+12
1.05067e-14 23627.5 1.51553e+12
1.0554e-14 24410.2 1.51553e+12
1.06016e-14 25217.8 1.51553e+12
1.06493e-14 26050.8 1.51553e+12
1.06973e-14 26910.2 1.51553e+12
1.07455e-14 27796.7 1.51553e+12
1.07938e-14 28711.1 1.51553e+12
1.08425e-14 29654.3 1.51553e+12
1.08913e-14 30627.1 1.51553e+12
1.09403e-14 31630.4 1.51553e+12
1.09896e-14 32665 1.51553e+12
1.10391e-14 33732.1 1.51553e+12
1.10888e-14 34832.4 1.51553e+12
1.11388e-14 35967 1.51553e+12
1.11889e-14 37137 1.51553e+12
1.12393e-14 38343.2 1.51553e+12
1.12899e-14 39586.9 1.51553e+12
1.13408e-14 40869.1 1.51553e+12
1.13919e-14 42191 1.51553e+12
1.14432e-14 43553.7 1.51553e+12
1.14947e-14 44958.4 1.51553e+12
1.15465e-14 46406.3 1.51553e+12
1.15985e-14 47898.7 1.51553e+12
1.16507e-14 49436.9 1.51553e+12
1.17032e-14 51022.2 1.51553e+12
1.17559e-14 52656 1.51553e+12
1.18088e-14 54339.8 1.51553e+12
1.1862e-14 56074.8 1.51553e+12
1.19154e-14 57862.7 1.51553e+12
1.19691e-14 59705 1.51553e+12
1.2023e-14 61603.1 1.51553e+12
1.20772e-14 63558.8 1.51553e+12
1.21316e-14 65573.6 1.51553e+12
1.21862e-14 67649.3 1.51553e+12
1.22411e-14 69787.6 1.51553e+12
1.22962e-14 71990.3 1.51553e+12
1.23516e-14 74259.2 1.51553e+12
1.24072e-14 76596.3 1.51553e+12
1.24631e-14 79003.3 1.51553e+12
1.25192e-14 81482.4 1.51553e+12
1.25756e-14 84035.6 1.51553e+12
1.26322e-14 86664.9 1.51553e+12
1.26891e-14 89372.5 1.51553e+12
1.27463e-14 92160.5 1.51553e+12
1.28037e-14 95031.4 1.51553e+12
1.28613e-14 97987.3 1.51553e+12
1.29193e-14 101031 1.51553e+12
1.29775e-14 104164 1.51553e+12
1.30359e-14 107390 1.51553e+12
1.30946e-14 110710 1.51553e+12
1.31536e-14 114129 1.51553e+12
1.32128e-14 117647 1.51553e+12
1.32723e-14 121269 1.51553e+12
1.33321e-14 124997 1.51553e+12
1.33922e-14 128833 1.51553e+12
1.34525e-14 132782 1.51553e+12
1.35131e-14 136845 1.51553e+12
1.35739e-14 141027 1.51553e+12
1.3635e-14 145330 1.51553e+12
1.36965e-14 149757 1.51553e+12
1.37581e-14 154313 1.51553e+12
1.38201e-14 159000 1.51553e+12
1.38823e-14 163822 1.51553e+12
1.39449e-14 168783 1.51553e+12
1.40077e-14 173886 1.51553e+12
1.40708e-14 179136 1.51553e+12
1.41341e-14 184536 1.51553e+12
1.41978e-14 190091 1.51553e+12
1.42617e-14 195804 1.51553e+12
1.4326e-14 201680 1.51553e+12
1.43905e-14 207723 1.51553e+12
1.44553e-14 213938 1.51553e+12
1.45204e-14 220329 1.51553e+12
1.45858e-14 226901 1.51553e+12
1.46515e-14 233659 1.51553e+12
1.47175e-14 240607 1.51553e+12
1.47837e-14 247751 1.51553e+12
1.48503e-14 255095 1.51553e+12
1.49172e-14 262646 1.51553e+12
1.49844e-14 270409 1.51553e+12
1.50519e-14 278388 1.51553e+12
1.51197e-14 286590 1.51553e+12
1.51878e-14 295022 1.51553e+12
1.52562e-14 303687 1.51553e+12
1.53249e-14 312594 1.51553e+12
1.53939e-14 321747 1.51553e+12
1.54632e-14 331154 1.51552e+12
1.55329e-14 340821 1.51552e+12
1.56028e-14 350755 1.51552e+12
1.56731e-14 360962 1.51552e+12
1.57437e-14 371450 1.51552e+12
1.58146e-14 382226 1.51552e+12
1.58858e-14 393297 1.51552e+12
1.59573e-14 404671 1.51552e+12
1.60292e-14 416356 1.51552e+12
1.61014e-14 428359 1.51552e+12
1.61739e-14 440689 1.51552e+12
1.62468e-14 453354 1.51552e+12
1.63199e-14 466362 1.51552e+12
1.63934e-14 479722 1.51552e+12
1.64673e-14 493444 1.51552e+12
1.65414e-14 507535 1.51552e+12
1.66159e-14 522007 1.51552e+12
1.66908e-14 536867 1.51552e+12
1.67659e-14 552126 1.51552e+12
1.68414e-14 567793 1.51552e+12
1.69173e-14 583880 1.51552e+12
1.69935e-14 600396 1.51552e+12
1.707e-14 617352 1.51551e+12
1.71469e-14 634760 1.51551e+12
1.72241e-14 652629 1.51551e+12
1.73017e-14 670972 1.51551e+12
1.73796e-14 689800 1.51551e+12
1.74579e-14 709126 1.51551e+12
1.75365e-14 728961 1.51551e+12
1.76155e-14 749318 1.51551e+12
1.76948e-14 770209 1.51551e+12
1.77745e-14 791649 1.51551e+12
1.78546e-14 813649 1.51551e+12
1.7935e-14 836225 1.51551e+12
1.80158e-14 859389 1.51551e+12
1.80969e-14 883156 1.51551e+12
1.81784e-14 907540 1.5155e+12
1.82603e-14 932558 1.5155e+12
1.83425e-14 958222 1.5155e+12
1.84251e-14 984550 1.5155e+12
1.85081e-14 1.01156e+06 1.5155e+12
1.85914e-14 1.03926e+06 1.5155e+12
1.86752e-14 1.06767e+06 1.5155e+12
1.87593e-14 1.09682e+06 1.5155e+12
1.88438e-14 1.12671e+06 1.5155e+12
1.89286e-14 1.15736e+06 1.5155e+12
1.90139e-14 1.1888e+06 1.51549e+12
1.90995e-14 1.22103e+06 1.51549e+12
1.91855e-14 1.25409e+06 1.51549e+12
1.92719e-14 1.28798e+06 1.51549e+12
1.93587e-14 1.32273e+06 1.51549e+12
1.94459e-14 1.35837e+06 1.51549e+12
1.95335e-14 1.3949e+06 1.51549e+12
1.96215e-14 1.43234e+06 1.51549e+12
1.97098e-14 1.47074e+06 1.51548e+12
1.97986e-14 1.51009e+06 1.51548e+12
1.98878e-14 1.55043e+06 1.51548e+12
1.99774e-14 1.59178e+06 1.51548e+12
2.00673e-14 1.63415e+06 1.51548e+12
2.01577e-14 1.67759e+06 1.51548e+12
2.02485e-14 1.7221e+06 1.51547e+12
2.03397e-14 1.76772e+06 1.51547e+12
2.04313e-14 1.81447e+06 1.51547e+12
2.05233e-14 1.86237e+06 1.51547e+12
2.06157e-14 1.91145e+06 1.51547e+12
2.07086e-14 1.96174e+06 1.51547e+12
2.08018e-14 2.01327e+06 1.51546e+12
2.08955e-14 2.06606e+06 1.51546e+12
2.09896e-14 2.12014e+06 1.51546e+12
2.10842e-14 2.17555e+06 1.51546e+12
2.11791e-14 2.2323e+06 1.51545e+12
2.12745e-14 2.29044e+06 1.51545e+12
2.13703e-14 2.34998e+06 1.51545e+12
2.14666e-14 2.41097e+06 1.51545e+12
2.15632e-14 2.47344e+06 1.51545e+12
2.16604e-14 2.53741e+06 1.51544e+12
2.17579e-14 2.60293e+06 1.51544e+12
2.18559e-14 2.67002e+06 1.51544e+12
2.19543e-14 2.73872e+06 1.51544e+12
2.20532e-14 2.80907e+06 1.51543e+12
2.21525e-14 2.88109e+06 1.51543e+12
2.22523e-14 2.95484e+06 1.51543e+12
2.23525e-14 3.03034e+06 1.51542e+12
2.24532e-14 3.10764e+06 1.51542e+12
2.25543e-14 3.18677e+06 1.51542e+12
2.26559e-14 3.26778e+06 1.51541e+12
2.27579e-14 3.3507e+06 1.51541e+12
2.28604e-14 3.43557e+06 1.51541e+12
2.29634e-14 3.52244e+06 1.5154e+12
2.30668e-14 3.61135e+06 1.5154e+12
2.31707e-14 3.70235e+06 1.5154e+12
2.3275e-14 3.79547e+06 1.51539e+12
2.33799e-14 3.89077e+06 1.51539e+12
2.34852e-14 3.98828e+06 1.51539e+12
2.35909e-14 4.08807e+06 1.51538e+12
2.36972e-14 4.19017e+06 1.51538e+12
2.38039e-14 4.29463e+06 1.51537e+12
2.39111e-14 4.40151e+06 1.51537e+12
2.40188e-14 4.51085e+06 1.51537e+12
2.4127e-14 4.62271e+06 1.51536e+12
2.42356e-14 4.73713e+06 1.51536e+12
2.43448e-14 4.85418e+06 1.51535e+12
2.44544e-14 4.97391e+06 1.51535e+12
2.45646e-14 5.09637e+06 1.51534e+12
2.46752e-14 5.22162e+06 1.51534e+12
2.47863e-14 5.34971e+06 1.51533e+12
2.4898e-14 5.48071e+06 1.51533e+12
2.50101e-14 5.61468e+06 1.51532e+12
2.51227e-14 5.75167e+06 1.51531e+12
2.52359e-14 5.89175e+06 1.51531e+12
2.53495e-14 6.03499e+06 1.5153e+12
2.54637e-14 6.18143e+06 1.5153e+12
2.55784e-14 6.33116e+06 1.51529e+12
2.56936e-14 6.48424e+06 1.51528e+12
2.58093e-14 6.64073e+06 1.51528e+12
2.59255e-14 6.8007e+06 1.51527e+12
2.60423e-14 6.96423e+06 1.51526e+12
2.61596e-14 7.13138e+06 1.51526e+12
2.62774e-14 7.30223e+06 1.51525e+12
2.63957e-14 7.47685e+06 1.51524e+12
2.65146e-14 7.65531e+06 1.51524e+12
2.6634e-14 7.8377e+06 1.51523e+12
2.6754e-14 8.02409e+06 1.51522e+12
2.68745e-14 8.21456e+06 1.51521e+12
2.69955e-14 8.40919e+06 1.5152e+12
2.71171e-14 8.60805e+06 1.5152e+12
2.72392e-14 8.81124e+06 1.51519e+12
2.73619e-14 9.01884e+06 1.51518e+12
2.74851e-14 9.23094e+06 1.51517e+12
2.76089e-14 9.44761e+06 1.51516e+12
2.77332e-14 9.66896e+06 1.51515e+12
2.78581e-14 9.89507e+06 1.51514e+12
2.79836e-14 1.0126e+07 1.51513e+12
2.81096e-14 1.03619e+07 1.51512e+12
2.82362e-14 1.06029e+07 1.51511e+12
2.83634e-14 1.0849e+07 1.5151e+12
2.84912e-14 1.11003e+07 1.51509e+12
2.86195e-14 1.13569e+07 1.51508e+12
2.87484e-14 1.1619e+07 1.51507e+12
2.88778e-14 1.18866e+07 1.51505e+12
2.90079e-14 1.21599e+07 1.51504e+12
2.91385e-14 1.24389e+07 1.51503e+12
2.92698e-14 1.27238e+07 1.51502e+12
2.94016e-14 1.30146e+07 1.51501e+12
2.9534e-14 1.33115e+07 1.51499e+12
2.9667e-14 1.36147e+07 1.51498e+12
2.98006e-14 1.39241e+07 1.51497e+12
2.99348e-14 1.42399e+07 1.51495e+12
3.00697e-14 1.45623e+07 1.51494e+12
3.02051e-14 1.48913e+07 1.51492e+12
3.03411e-14 1.52271e+07 1.51491e+12
3.04778e-14 1.55698e+07 1.51489e+12
3.0615e-14 1.59196e+07 1.51488e+12
3.07529e-14 1.62765e+07 1.51486e+12
3.08914e-14 1.66407e+07 1.51485e+12
3.10305e-14 1.70124e+07 1.51483e+12
3.11703e-14 1.73915e+07 1.51481e+12
3.13107e-14 1.77784e+07 1.51479e+12
3.14517e-14 1.81731e+07 1.51478e+12
3.15933e-14 1.85758e+07 1.51476e+12
3.17356e-14 1.89866e+07 1.51474e+12
3.18786e-14 1.94056e+07 1.51472e+12
3.20221e-14 1.98331e+07 1.5147e+12
3.21663e-14 2.02691e+07 1.51468e+12
3.23112e-14 2.07138e+07 1.51466e+12
3.24567e-14 2.11673e+07 1.51464e+12
3.26029e-14 2.16299e+07 1.51462e+12
3.27497e-14 2.21016e+07 1.5146e+12
3.28972e-14 2.25826e+07 1.51458e+12
3.30454e-14 2.30732e+07 1.51455e+12
3.31942e-14 2.35733e+07 1.51453e+12
3.33437e-14 2.40833e+07 1.51451e+12
3.34939e-14 2.46033e+07 1.51448e+12
3.36447e-14 2.51334e+07 1.51446e+12
3.37963e-14 2.56739e+07 1.51443e+12
3.39485e-14 2.62249e+07 1.51441e+12
3.41014e-14 2.67865e+07 1.51438e+12
3.42549e-14 2.7359e+07 1.51435e+12
3.44092e-14 2.79426e+07 1.51433e+12
3.45642e-14 2.85374e+07 1.5143e+12
3.47199e-14 2.91436e+07 1.51427e+12
3.48762e-14 2.97615e+07 1.51424e+12
3.50333e-14 3.03911e+07 1.51421e+12
3.51911e-14 3.10327e+07 1.51418e+12
3.53496e-14 3.16866e+07 1.51415e+12
3.55088e-14 3.23528e+07 1.51412e+12
3.56687e-14 3.30316e+07 1.51409e+12
3.58293e-14 3.37233e+07 1.51405e+12
3.59907e-14 3.4428e+07 1.51402e+12
3.61528e-14 3.51459e+07 1.51398e+12
3.63156e-14 3.58772e+07 1.51395e+12
3.64792e-14 3.66222e+07 1.51391e+12
3.66435e-14 3.73811e+07 1.51388e+12
3.68085e-14 3.81541e+07 1.51384e+12
3.69743e-14 3.89415e+07 1.5138e+12
3.71408e-14 3.97434e+07 1.51376e+12
3.73081e-14 4.05601e+07 1.51372e+12
3.74761e-14 4.13918e+07 1.51368e+12
3.76449e-14 4.22387e+07 1.51364e+12
3.78144e-14 4.31012e+07 1.5136e+12
3.79847e-14 4.39795e+07 1.51356e+12
3.81558e-14 4.48737e+07 1.51351e+12
3.83276e-14 4.57842e+07 1.51347e+12
3.85002e-14 4.67111e+07 1.51342e+12
3.86736e-14 4.76548e+07 1.51337e+12
3.88478e-14 4.86155e+07 1.51333e+12
3.90228e-14 4.95935e+07 1.51328e+12
3.91985e-14 5.0589e+07 1.51323e+12
3.93751e-14 5.16024e+07 1.51318e+12
3.95524e-14 5.26338e+07 1.51313e+12
3.97305e-14 5.36835e+07 1.51307e+12
3.99095e-14 5.47518e+07 1.51302e+12
4.00892e-14 5.58391e+07 1.51296e+12
4.02698e-14 5.69455e+07 1.51291e+12
4.04511e-14 5.80714e+07 1.51285e+12
4.06333e-14 5.92171e+07 1.51279e+12
4.08163e-14 6.03828e+07 1.51273e+12
4.10001e-14 6.15689e+07 1.51267e+12
4.11848e-14 6.27756e+07 1.51261e+12
4.13703e-14 6.40032e+07 1.51255e+12
4.15566e-14 6.52521e+07 1.51249e+12
4.17437e-14 6.65226e+07 1.51242e+12
4.19317e-14 6.78149e+07 1.51235e+12
4.21206e-14 6.91294e+07 1.51229e+12
4.23103e-14 7.04665e+07 1.51222e+12
4.25008e-14 7.18263e+07 1.51215e+12
4.26922e-14 7.32094e+07 1.51207e+12
4.28845e-14 7.46159e+07 1.512e+12
4.30777e-14 7.60462e+07 1.51193e+12
4.32717e-14 7.75006e+07 1.51185e+12
4.34666e-14 7.89796e+07 1.51177e+12
4.36623e-14 8.04834e+07 1.51169e+12
4.3859e-14 8.20123e+07 1.51161e+12
4.40565e-14 8.35668e+07 1.51153e+12
4.42549e-14 8.51472e+07 1.51145e+12
4.44542e-14 8.67538e+07 1.51136e+12
4.46544e-14 8.8387e+07 1.51128e+12
4.48555e-14 9.00471e+07 1.51119e+12
4.50575e-14 9.17346e+07 1.5111e+12
4.52605e-14 9.34497e+07 1.51101e+12
4.54643e-14 9.5193e+07 1.51091e+12
4.56691e-14 9.69646e+07 1.51082e+12
4.58748e-14 9.87651e+07 1.51072e+12
4.60814e-14 1.00595e+08 1.51062e+12
4.62889e-14 1.02454e+08 1.51052e+12
4.64974e-14 1.04343e+08 1.51042e+12
4.67068e-14 1.06263e+08 1.51031e+12
4.69171e-14 1.08213e+08 1.51021e+12
4.71284e-14 1.10195e+08 1.5101e+12
4.73407e-14 1.12208e+08 1.50999e+12
4.75539e-14 1.14253e+08 1.50988e+12
4.77681e-14 1.1633e+08 1.50976e+12
4.79832e-14 1.18441e+08 1.50965e+12
4.81993e-14 1.20584e+08 1.50953e+12
4.84164e-14 1.22761e+08 1.50941e+12
4.86344e-14 1.24973e+08 1.50929e+12
4.88535e-14 1.27218e+08 1.50916e+12
4.90735e-14 1.29499e+08 1.50903e+12
4.92945e-14 1.31815e+08 1.5089e+12
4.95165e-14 1.34167e+08 1.50877e+12
4.97395e-14 1.36554e+08 1.50864e+12
4.99635e-14 1.38979e+08 1.5085e+12
5.01886e-14 1.41441e+08 1.50836e+12
5.04146e-14 1.4394e+08 1.50822e+12
5.06416e-14 1.46478e+08 1.50808e+12
5.08697e-14 1.49053e+08 1.50793e+12
5.10988e-14 1.51668e+08 1.50778e+12
5.13289e-14 1.54322e+08 1.50763e+12
5.15601e-14 1.57016e+08 1.50748e+12
5.17923e-14 1.59751e+08 1.50732e+12
5.20256e-14 1.62526e+08 1.50716e+12
5.22599e-14 1.65342e+08 1.507e+12
5.24953e-14 1.68201e+08 1.50683e+12
5.27317e-14 1.71101e+08 1.50666e+12
5.29692e-14 1.74044e+08 1.50649e+12
5.32077e-14 1.77031e+08 1.50632e+12
5.34474e-14 1.80061e+08 1.50614e+12
5.36881e-14 1.83135e+08 1.50596e+12
5.39299e-14 1.86254e+08 1.50578e+12
5.41728e-14 1.89418e+08 1.50559e+12
5.44167e-14 1.92628e+08 1.5054e+12
5.46618e-14 1.95884e+08 1.50521e+12
5.4908e-14 1.99187e+08 1.50501e+12
5.51553e-14 2.02537e+08 1.50481e+12
5.54037e-14 2.05935e+08 1.50461e+12
5.56532e-14 2.09381e+08 1.50441e+12
5.59039e-14 2.12876e+08 1.5042e+12
5.61556e-14 2.1642e+08 1.50398e+12
5.64085e-14 2.20013e+08 1.50377e+12
5.66626e-14 2.23657e+08 1.50355e+12
5.69178e-14 2.27352e+08 1.50332e+12
5.71741e-14 2.31099e+08 1.5031e+12
5.74316e-14 2.34897e+08 1.50286e+12
5.76903e-14 2.38748e+08 1.50263e+12
5.79501e-14 2.42652e+08 1.50239e+12
5.82111e-14 2.46609e+08 1.50215e+12
5.84732e-14 2.5062e+08 1.5019e+12
5.87366e-14 2.54686e+08 1.50165e+12
5.90011e-14 2.58807e+08 1.5014e+12
5.92668e-14 2.62984e+08 1.50114e+12
5.95338e-14 2.67217e+08 1.50087e+12
5.98019e-14 2.71507e+08 1.50061e+12
6.00712e-14 2.75854e+08 1.50034e+12
6.03418e-14 2.80259e+08 1.50006e+12
6.06135e-14 2.84722e+08 1.49978e+12
6.08865e-14 2.89245e+08 1.49949e+12
6.11607e-14 2.93827e+08 1.49921e+12
6.14362e-14 2.98469e+08 1.49891e+12
6.17129e-14 3.03172e+08 1.49861e+12
6.19908e-14 3.07936e+08 1.49831e+12
6.227e-14 3.12762e+08 1.498e+12
6.25504e-14 3.1765e+08 1.49769e+12
6.28321e-14 3.22601e+08 1.49737e+12
6.31151e-14 3.27616e+08 1.49705e+12
6.33994e-14 3.32694e+08 1.49672e+12
6.36849e-14 3.37838e+08 1.49639e+12
6.39717e-14 3.43046e+08 1.49605e+12
6.42598e-14 3.4832e+08 1.49571e+12
6.45492e-14 3.53661e+08 1.49536e+12
6.484e-14 3.59068e+08 1.49501e+12
6.5132e-14 3.64543e+08 1.49465e+12
6.54253e-14 3.70086e+08 1.49428e+12
6.572e-14 3.75698e+08 1.49391e+12
6.6016e-14 3.81379e+08 1.49354e+12
6.63133e-14 3.87129e+08 1.49316e+12
6.66119e-14 3.9295e+08 1.49277e+12
6.69119e-14 3.98841e+08 1.49238e+12
6.72133e-14 4.04804e+08 1.49198e+12
6.7516e-14 4.10839e+08 1.49157e+12
6.78201e-14 4.16947e+08 1.49116e+12
6.81255e-14 4.23127e+08 1.49074e+12
6.84323e-14 4.29382e+08 1.49032e+12
6.87405e-14 4.3571e+08 1.48989e+12
6.90501e-14 4.42114e+08 1.48946e+12
6.93611e-14 4.48593e+08 1.48901e+12
6.96735e-14 4.55147e+08 1.48856e+12
6.99873e-14 4.61778e+08 1.48811e+12
7.03025e-14 4.68486e+08 1.48765e+12
7.06191e-14 4.75272e+08 1.48718e+12
7.09371e-14 4.82136e+08 1.4867e+12
7.12566e-14 4.89079e+08 1.48622e+12
7.15775e-14 4.961e+08 1.48573e+12
7.18999e-14 5.03202e+08 1.48524e+12
7.22237e-14 5.10384e+08 1.48473e+12
7.2549e-14 5.17647e+08 1.48422e+12
7.28757e-14 5.24991e+08 1.48371e+12
7.32039e-14 5.32417e+08 1.48318e+12
7.35336e-14 5.39925e+08 1.48265e+12
7.38648e-14 5.47517e+08 1.48211e+12
7.41975e-14 5.55192e+08 1.48156e+12
7.45316e-14 5.62951e+08 1.48101e+12
7.48673e-14 5.70794e+08 1.48044e+12
7.52045e-14 5.78723e+08 1.47987e+12
7.55432e-14 5.86737e+08 1.47929e+12
7.58834e-14 5.94837e+08 1.47871e+12
7.62252e-14 6.03024e+08 1.47811e+12
7.65685e-14 6.11297e+08 1.47751e+12
7.69133e-14 6.19659e+08 1.4769e+12
7.72597e-14 6.28108e+08 1.47628e+12
7.76076e-14 6.36646e+08 1.47565e+12
7.79572e-14 6.45273e+08 1.47501e+12
7.83083e-14 6.53989e+08 1.47437e+12
7.86609e-14 6.62795e+08 1.47371e+12
7.90152e-14 6.71692e+08 1.47305e+12
7.93711e-14 6.80679e+08 1.47238e+12
7.97285e-14 6.89758e+08 1.4717e+12
8.00876e-14 6.98929e+08 1.47101e+12
8.04483e-14 7.08191e+08 1.47031e+12
8.08106e-14 7.17546e+08 1.4696e+12
8.11746e-14 7.26995e+08 1.46888e+12
8.15402e-14 7.36537e+08 1.46816e+12
8.19074e-14 7.46172e+08 1.46742e+12
8.22763e-14 7.55902e+08 1.46667e+12
8.26468e-14 7.65726e+08 1.46592e+12
8.3019e-14 7.75646e+08 1.46515e+12
8.33929e-14 7.8566e+08 1.46438e+12
8.37685e-14 7.95771e+08 1.46359e+12
8.41458e-14 8.05978e+08 1.4628e+12
8.45247e-14 8.16281e+08 1.46199e+12
8.49054e-14 8.26681e+08 1.46117e+12
8.52878e-14 8.37178e+08 1.46035e+12
8.56719e-14 8.47773e+08 1.45951e+12
8.60578e-14 8.58466e+08 1.45866e+12
8.64453e-14 8.69256e+08 1.4578e+12
8.68347e-14 8.80145e+08 1.45693e+12
8.72257e-14 8.91133e+08 1.45605e+12
8.76186e-14 9.0222e+08 1.45516e+12
8.80132e-14 9.13406e+08 1.45426e+12
8.84096e-14 9.24692e+08 1.45335e+12
8.88077e-14 9.36077e+08 1.45242e+12
8.92077e-14 9.47563e+08 1.45149e+12
8.96095e-14 9.59148e+08 1.45054e+12
9.00131e-14 9.70835e+08 1.44958e+12
9.04184e-14 9.82621e+08 1.44861e+12
9.08257e-14 9.94509e+08 1.44763e+12
9.12347e-14 1.0065e+09 1.44663e+12
9.16456e-14 1.01859e+09 1.44562e+12
9.20584e-14 1.03078e+09 1.44461e+12
9.2473e-14 1.04307e+09 1.44358e+12
9.28894e-14 1.05547e+09 1.44253e+12
9.33078e-14 1.06796e+09 1.44148e+12
9.3728e-14 1.08056e+09 1.44041e+12
9.41501e-14 1.09326e+09 1.43933e+12
9.45742e-14 1.10606e+09 1.43824e+12
9.50001e-14 1.11897e+09 1.43713e+12
9.54279e-14 1.13197e+09 1.43601e+12
9.58577e-14 1.14508e+09 1.43488e+12
9.62894e-14 1.15829e+09 1.43373e+12
9.67231e-14 1.1716e+09 1.43257e+12
9.71587e-14 1.18502e+09 1.4314e+12
9.75963e-14 1.19854e+09 1.43022e+12
9.80358e-14 1.21215e+09 1.42902e+12
9.84774e-14 1.22588e+09 1.42781e+12
9.89209e-14 1.2397e+09 1.42658e+12
9.93664e-14 1.25362e+09 1.42534e+12
9.98139e-14 1.26765e+09 1.42409e+12
1.00263e-13 1.28178e+09 1.42282e+12
1.00715e-13 1.29601e+09 1.42154e+12
1.01169e-13 1.31034e+09 1.42024e+12
1.01624e-13 1.32477e+09 1.41893e+12
1.02082e-13 1.33931e+09 1.41761e+12
1.02542e-13 1.35394e+09 1.41627e+12
1.03003e-13 1.36868e+09 1.41491e+12
1.03467e-13 1.38351e+09 1.41355e+12
1.03933e-13 1.39845e+09 1.41216e+12
1.04401e-13 1.41348e+09 1.41076e+12
1.04872e-13 1.42862e+09 1.40935e+12
1.05344e-13 1.44385e+09 1.40792e+12
1.05818e-13 1.45918e+09 1.40648e+12
1.06295e-13 1.47461e+09 1.40502e+12
1.06774e-13 1.49014e+09 1.40354e+12
1.07255e-13 1.50577e+09 1.40205e+12
1.07738e-13 1.52149e+09 1.40055e+12
1.08223e-13 1.53731e+09 1.39903e+12
1.0871e-13 1.55323e+09 1.39749e+12
1.092e-13 1.56924e+09 1.39594e+12
1.09692e-13 1.58535e+09 1.39437e+12
1.10186e-13 1.60155e+09 1.39278e+12
1.10682e-13 1.61784e+09 1.39118e+12
1.1118e-13 1.63423e+09 1.38956e+12
1.11681e-13 1.65072e+09 1.38793e+12
1.12184e-13 1.66729e+09 1.38628e+12
1.12689e-13 1.68396e+09 1.38461e+12
1.13197e-13 1.70072e+09 1.38293e+12
1.13707e-13 1.71756e+09 1.38123e+12
1.14219e-13 1.7345e+09 1.37951e+12
1.14733e-13 1.75153e+09 1.37777e+12
1.1525e-13 1.76864e+09 1.37602e+12
1.15769e-13 1.78584e+09 1.37425e+12
1.1629e-13 1.80313e+09 1.37247e+12
1.16814e-13 1.82051e+09 1.37066e+12
1.1734e-13 1.83796e+09 1.36884e+12
1.17869e-13 1.85551e+09 1.36701e+12
1.18399e-13 1.87313e+09 1.36515e+12
1.18933e-13 1.89084e+09 1.36328e+12
1.19468e-13 1.90863e+09 1.36139e+12
1.20006e-13 1.92649e+09 1.35948e+12
1.20547e-13 1.94444e+09 1.35755e+12
1.2109e-13 1.96246e+09 1.35561e+12
1.21635e-13 1.98057e+09 1.35364e+12
1.22183e-13 1.99874e+09 1.35166e+12
1.22733e-13 2.01699e+09 1.34966e+12
1.23286e-13 2.03532e+09 1.34765e+12
1.23841e-13 2.05372e+09 1.34561e+12
1.24399e-13 2.07218e+09 1.34356e+12
1.24959e-13 2.09072e+09 1.34149e+12
1.25522e-13 2.10932e+09 1.3394e+12
1.26087e-13 2.128e+09 1.33729e+12
1.26655e-13 2.14673e+09 1.33516e+12
1.27226e-13 2.16554e+09 1.33301e+12
1.27799e-13 2.1844e+09 1.33085e+12
1.28374e-13 2.20333e+09 1.32866e+12
1.28952e-13 2.22231e+09 1.32646e+12
1.29533e-13 2.24136e+09 1.32424e+12
1.30116e-13 2.26046e+09 1.32199e+12
1.30702e-13 2.27962e+09 1.31973e+12
1.31291e-13 2.29882e+09 1.31745e+12
1.31882e-13 2.31808e+09 1.31516e+12
1.32476e-13 2.3374e+09 1.31284e+12
1.33073e-13 2.35676e+09 1.3105e+12
1.33672e-13 2.37617e+09 1.30814e+12
1.34274e-13 2.39562e+09 1.30577e+12
1.34879e-13 2.41511e+09 1.30337e+12
1.35487e-13 2.43465e+09 1.30096e+12
1.36097e-13 2.45422e+09 1.29852e+12
1.3671e-13 2.47384e+09 1.29607e+12
1.37325e-13 2.49349e+09 1.29359e+12
1.37944e-13 2.51317e+09 1.2911e+12
1.38565e-13 2.53289e+09 1.28859e+12
1.39189e-13 2.55263e+09 1.28605e+12
1.39816e-13 2.5724e+09 1.2835e+12
1.40446e-13 2.5922e+09 1.28093e+12
1.41078e-13 2.61202e+09 1.27834e+12
1.41714e-13 2.63186e+09 1.27573e+12
1.42352e-13 2.65172e+09 1.27309e+12
1.42993e-13 2.67159e+09 1.27044e+12
1.43637e-13 2.69148e+09 1.26777e+12
1.44284e-13 2.71139e+09 1.26508e+12
1.44934e-13 2.7313e+09 1.26237e+12
1.45586e-13 2.75121e+09 1.25964e+12
1.46242e-13 2.77114e+09 1.25688e+12
1.46901e-13 2.79106e+09 1.25411e+12
1.47562e-13 2.81098e+09 1.25132e+12
1.48227e-13 2.83091e+09 1.24851e+12
1.48894e-13 2.85082e+09 1.24568e+12
1.49565e-13 2.87072e+09 1.24283e+12
1.50239e-13 2.89062e+09 1.23996e+12
1.50915e-13 2.91051e+09 1.23707e+12
1.51595e-13 2.93037e+09 1.23416e+12
1.52278e-13 2.95021e+09 1.23123e+12
1.52963e-13 2.97004e+09 1.22828e+12
1.53652e-13 2.98983e+09 1.22531e+12
1.54344e-13 3.0096e+09 1.22232e+12
1.5504e-13 3.02934e+09 1.21931e+12
1.55738e-13 3.04904e+09 1.21628e+12
1.56439e-13 3.0687e+09 1.21323e+12
1.57144e-13 3.08833e+09 1.21016e+12
1.57851e-13 3.10791e+09 1.20707e+12
1.58562e-13 3.12745e+09 1.20396e+12
1.59277e-13 3.14693e+09 1.20084e+12
1.59994e-13 3.16636e+09 1.19769e+12
1.60714e-13 3.18574e+09 1.19452e+12
1.61438e-13 3.20505e+09 1.19134e+12
1.62165e-13 3.2243e+09 1.18813e+12
1.62896e-13 3.24348e+09 1.18491e+12
1.63629e-13 3.2626e+09 1.18167e+12
1.64366e-13 3.28164e+09 1.1784e+12
1.65106e-13 3.30059e+09 1.17512e+12
1.6585e-13 3.31947e+09 1.17182e+12
1.66597e-13 3.33827e+09 1.1685e+12
1.67347e-13 3.35698e+09 1.16516e+12
1.68101e-13 3.37558e+09 1.16181e+12
1.68858e-13 3.3941e+09 1.15843e+12
1.69619e-13 3.41252e+09 1.15504e+12
1.70382e-13 3.43084e+09 1.15162e+12
1.7115e-13 3.44904e+09 1.14819e+12
1.71921e-13 3.46713e+09 1.14474e+12
1.72695e-13 3.4851e+09 1.14128e+12
1.73473e-13 3.50296e+09 1.13779e+12
1.74254e-13 3.5207e+09 1.13429e+12
1.75039e-13 3.5383e+09 1.13077e+12
1.75827e-13 3.55576e+09 1.12723e+12
1.76619e-13 3.5731e+09 1.12367e+12
1.77414e-13 3.5903e+09 1.1201e+12
1.78213e-13 3.60735e+09 1.11651e+12
1.79016e-13 3.62424e+09 1.1129e+12
1.79822e-13 3.64098e+09 1.10928e+12
1.80632e-13 3.65757e+09 1.10564e+12
1.81446e-13 3.67399e+09 1.10198e+12
1.82263e-13 3.69025e+09 1.09831e+12
1.83084e-13 3.70633e+09 1.09462e+12
1.83908e-13 3.72223e+09 1.09091e+12
1.84736e-13 3.73795e+09 1.08719e+12
1.85568e-13 3.75349e+09 1.08345e+12
1.86404e-13 3.76885e+09 1.0797e+12
1.87244e-13 3.78401e+09 1.07593e+12
1.88087e-13 3.79896e+09 1.07214e+12
1.88934e-13 3.8137e+09 1.06834e+12
1.89785e-13 3.82824e+09 1.06453e+12
1.9064e-13 3.84257e+09 1.0607e+12
1.91498e-13 3.85669e+09 1.05686e+12
1.92361e-13 3.87059e+09 1.053e+12
1.93227e-13 3.88425e+09 1.04913e+12
1.94097e-13 3.89767e+09 1.04525e+12
1.94972e-13 3.91087e+09 1.04135e+12
1.9585e-13 3.92382e+09 1.03744e+12
1.96732e-13 3.93654e+09 1.03352e+12
1.97618e-13 3.94902e+09 1.02958e+12
1.98508e-13 3.96124e+09 1.02563e+12
1.99402e-13 3.97321e+09 1.02167e+12
2.003e-13 3.98491e+09 1.0177e+12
2.01202e-13 3.99636e+09 1.01371e+12
2.02108e-13 4.00754e+09 1.00971e+12
2.03018e-13 4.01846e+09 1.00571e+12
2.03933e-13 4.02911e+09 1.00169e+12
2.04851e-13 4.0395e+09 9.9766e+11
2.05774e-13 4.04961e+09 9.9362e+11
2.067e-13 4.05946e+09 9.8957e+11
2.07631e-13 4.06901e+09 9.85511e+11
2.08566e-13 4.07829e+09 9.81442e+11
2.09506e-13 4.0873e+09 9.77364e+11
2.10449e-13 4.09602e+09 9.73276e+11
2.11397e-13 4.10447e+09 9.6918e+11
2.12349e-13 4.11264e+09 9.65076e+11
2.13306e-13 4.12054e+09 9.60963e+11
2.14266e-13 4.12815e+09 9.56843e+11
2.15231e-13 4.13548e+09 9.52715e+11
2.16201e-13 4.14254e+09 9.48579e+11
2.17174e-13 4.14932e+09 9.44437e+11
2.18152e-13 4.1558e+09 9.40287e+11
2.19135e-13 4.16201e+09 9.36131e+11
2.20122e-13 4.16794e+09 9.31969e+11
2.21113e-13 4.17359e+09 9.27801e+11
2.22109e-13 4.17896e+09 9.23628e+11
2.23109e-13 4.18406e+09 9.19449e+11
2.24114e-13 4.18889e+09 9.15265e+11
2.25123e-13 4.19344e+09 9.11076e+11
2.26137e-13 4.19771e+09 9.06883e+11
2.27156e-13 4.20171e+09 9.02685e+11
2.28179e-13 4.20544e+09 8.98483e+11
2.29206e-13 4.2089e+09 8.94278e+11
2.30239e-13 4.21209e+09 8.90069e+11
2.31276e-13 4.21501e+09 8.85857e+11
2.32317e-13 4.21767e+09 8.81642e+11
2.33364e-13 4.22006e+09 8.77424e+11
2.34415e-13 4.22218e+09 8.73204e+11
2.3547e-13 4.22403e+09 8.68982e+11
2.36531e-13 4.22562e+09 8.64758e+11
2.37596e-13 4.22696e+09 8.60532e+11
2.38666e-13 4.22803e+09 8.56305e+11
2.39741e-13 4.22885e+09 8.52077e+11
2.40821e-13 4.22941e+09 8.47848e+11
2.41905e-13 4.22972e+09 8.43619e+11
2.42995e-13 4.22977e+09 8.39389e+11
2.44089e-13 4.22958e+09 8.35159e+11
2.45188e-13 4.22913e+09 8.3093e+11
2.46293e-13 4.22844e+09 8.26701e+11
2.47402e-13 4.2275e+09 8.22472e+11
2.48516e-13 4.22632e+09 8.18245e+11
2.49635e-13 4.2249e+09 8.14018e+11
2.5076e-13 4.22324e+09 8.09793e+11
2.51889e-13 4.22134e+09 8.0557e+11
2.53023e-13 4.2192e+09 8.01349e+11
2.54163e-13 4.21683e+09 7.9713e+11
2.55308e-13 4.21422e+09 7.92913e+11
2.56458e-13 4.21139e+09 7.88699e+11
2.57613e-13 4.20832e+09 7.84487e+11
2.58773e-13 4.20503e+09 7.80279e+11
2.59938e-13 4.20152e+09 7.76074e+11
2.61109e-13 4.19778e+09 7.71872e+11
2.62285e-13 4.19382e+09 7.67675e+11
2.63466e-13 4.18964e+09 7.63481e+11
2.64653e-13 4.18525e+09 7.59291e+11
2.65845e-13 4.18064e+09 7.55106e+11
2.67042e-13 4.17582e+09 7.50925e+11
2.68245e-13 4.17079e+09 7.46749e+11
2.69453e-13 4.16555e+09 7.42579e+11
2.70666e-13 4.16011e+09 7.38413e+11
2.71885e-13 4.15446e+09 7.34253e+11
2.7311e-13 4.1486e+09 7.30099e+11
2.7434e-13 4.14255e+09 7.2595e+11
2.75575e-13 4.1363e+09 7.21807e+11
2.76816e-13 4.12985e+09 7.17671e+11
2.78063e-13 4.12321e+09 7.13541e+11
2.79315e-13 4.11638e+09 7.09418e+11
2.80573e-13 4.10935e+09 7.05302e+11
2.81837e-13 4.10214e+09 7.01192e+11
2.83106e-13 4.09475e+09 6.9709e+11
2.84381e-13 4.08717e+09 6.92995e+11
2.85662e-13 4.07941e+09 6.88908e+11
2.86949e-13 4.07147e+09 6.84829e+11
2.88241e-13 4.06336e+09 6.80757e+11
2.89539e-13 4.05507e+09 6.76694e+11
2.90843e-13 4.04662e+09 6.72639e+11
2.92153e-13 4.03799e+09 6.68592e+11
2.93469e-13 4.02919e+09 6.64554e+11
2.9479e-13 4.02023e+09 6.60525e+11
2.96118e-13 4.01111e+09 6.56505e+11
2.97452e-13 4.00183e+09 6.52494e+11
2.98791e-13 3.99238e+09 6.48492e+11
3.00137e-13 3.98277e+09 6.445e+11
3.01489e-13 3.97301e+09 6.40517e+11
3.02847e-13 3.9631e+09 6.36544e+11
3.0421e-13 3.95304e+09 6.32581e+11
3.05581e-13 3.94283e+09 6.28628e+11
3.06957e-13 3.93247e+09 6.24685e+11
3.08339e-13 3.92197e+09 6.20752e+11
3.09728e-13 3.91133e+09 6.1683e+11
3.11123e-13 3.90056e+09 6.12919e+11
3.12524e-13 3.88964e+09 6.09018e+11
3.13932e-13 3.87859e+09 6.05129e+11
3.15345e-13 3.8674e+09 6.0125e+11
3.16766e-13 3.85607e+09 5.97383e+11
3.18192e-13 3.84463e+09 5.93527e+11
3.19625e-13 3.83305e+09 5.89682e+11
3.21065e-13 3.82135e+09 5.85849e+11
3.22511e-13 3.80953e+09 5.82028e+11
3.23963e-13 3.79759e+09 5.78218e+11
3.25422e-13 3.78554e+09 5.74421e+11
3.26888e-13 3.77336e+09 5.70635e+11
3.2836e-13 3.76106e+09 5.66862e+11
3.29839e-13 3.74866e+09 5.63101e+11
3.31324e-13 3.73614e+09 5.59352e+11
3.32817e-13 3.72352e+09 5.55616e+11
3.34316e-13 3.71079e+09 5.51892e+11
3.35821e-13 3.69796e+09 5.48182e+11
3.37334e-13 3.68503e+09 5.44484e+11
3.38853e-13 3.672e+09 5.40799e+11
3.40379e-13 3.65886e+09 5.37127e+11
3.41912e-13 3.64563e+09 5.33468e+11
3.43452e-13 3.63231e+09 5.29822e+11
3.44999e-13 3.6189e+09 5.2619e+11
3.46552e-13 3.6054e+09 5.22571e+11
3.48113e-13 3.59181e+09 5.18965e+11
3.49681e-13 3.57813e+09 5.15374e+11
3.51256e-13 3.56436e+09 5.11796e+11
3.52838e-13 3.55052e+09 5.08231e+11
3.54427e-13 3.53659e+09 5.04681e+11
3.56023e-13 3.52259e+09 5.01144e+11
3.57627e-13 3.50852e+09 4.97621e+11
3.59237e-13 3.49437e+09 4.94113e+11
3.60855e-13 3.48014e+09 4.90619e+11
3.6248e-13 3.46584e+09 4.87138e+11
3.64113e-13 3.45147e+09 4.83673e+11
3.65753e-13 3.43704e+09 4.80221e+11
3.674e-13 3.42254e+09 4.76784e+11
3.69055e-13 3.40799e+09 4.73362e+11
3.70717e-13 3.39336e+09 4.69954e+11
3.72386e-13 3.37868e+09 4.6656e+11
3.74063e-13 3.36394e+09 4.63182e+11
3.75748e-13 3.34914e+09 4.59818e+11
3.7744e-13 3.33429e+09 4.56468e+11
3.7914e-13 3.31939e+09 4.53134e+11
3.80848e-13 3.30444e+09 4.49815e+11
3.82563e-13 3.28943e+09 4.4651e+11
3.84286e-13 3.27438e+09 4.43221e+11
3.86017e-13 3.25929e+09 4.39947e+11
3.87755e-13 3.24415e+09 4.36687e+11
3.89502e-13 3.22897e+09 4.33443e+11
3.91256e-13 3.21374e+09 4.30214e+11
3.93018e-13 3.19848e+09 4.27e+11
3.94788e-13 3.18318e+09 4.23802e+11
3.96566e-13 3.16785e+09 4.20619e+11
3.98352e-13 3.15248e+09 4.17451e+11
4.00146e-13 3.13708e+09 4.14298e+11
4.01948e-13 3.12165e+09 4.11161e+11
4.03758e-13 3.10619e+09 4.0804e+11
4.05577e-13 3.09071e+09 4.04933e+11
4.07403e-13 3.07519e+09 4.01843e+11
4.09238e-13 3.05965e+09 3.98768e+11
4.11081e-13 3.04409e+09 3.95708e+11
4.12933e-13 3.02851e+09 3.92664e+11
4.14792e-13 3.01291e+09 3.89635e+11
4.16661e-13 2.99729e+09 3.86622e+11
4.18537e-13 2.98165e+09 3.83625e+11
4.20422e-13 2.966e+09 3.80643e+11
4.22315e-13 2.95033e+09 3.77677e+11
4.24217e-13 2.93465e+09 3.74727e+11
4.26128e-13 2.91896e+09 3.71792e+11
4.28047e-13 2.90326e+09 3.68874e+11
4.29975e-13 2.88755e+09 3.6597e+11
4.31911e-13 2.87184e+09 3.63083e+11
4.33857e-13 2.85611e+09 3.60211e+11
4.35811e-13 2.84039e+09 3.57355e+11
4.37773e-13 2.82466e+09 3.54514e+11
4.39745e-13 2.80893e+09 3.5169e+11
4.41725e-13 2.7932e+09 3.48881e+11
4.43715e-13 2.77747e+09 3.46088e+11
4.45713e-13 2.76174e+09 3.4331e+11
4.47721e-13 2.74602e+09 3.40548e+11
4.49737e-13 2.7303e+09 3.37802e+11
4.51762e-13 2.71458e+09 3.35072e+11
4.53797e-13 2.69888e+09 3.32357e+11
4.55841e-13 2.68319e+09 3.29659e+11
4.57894e-13 2.66749e+09 3.26975e+11
4.59956e-13 2.65182e+09 3.24308e+11
4.62028e-13 2.63615e+09 3.21656e+11
4.64108e-13 2.6205e+09 3.1902e+11
4.66199e-13 2.60486e+09 3.16399e+11
4.68298e-13 2.58924e+09 3.13795e+11
4.70407e-13 2.57364e+09 3.11205e+11
4.72526e-13 2.55805e+09 3.08632e+11
4.74654e-13 2.54248e+09 3.06074e+11
4.76792e-13 2.52693e+09 3.03531e+11
4.78939e-13 2.5114e+09 3.01004e+11
4.81096e-13 2.49589e+09 2.98493e+11
4.83263e-13 2.48041e+09 2.95997e+11
4.85439e-13 2.46495e+09 2.93517e+11
4.87626e-13 2.44952e+09 2.91052e+11
4.89822e-13 2.43411e+09 2.88602e+11
4.92028e-13 2.41872e+09 2.86168e+11
4.94244e-13 2.40337e+09 2.83749e+11
4.9647e-13 2.38805e+09 2.81346e+11
4.98705e-13 2.37275e+09 2.78958e+11
5.00952e-13 2.35748e+09 2.76585e+11
5.03208e-13 2.34225e+09 2.74228e+11
5.05474e-13 2.32705e+09 2.71885e+11
5.0775e-13 2.31188e+09 2.69558e+11
5.10037e-13 2.29675e+09 2.67246e+11
5.12334e-13 2.28165e+09 2.6495e+11
5.14642e-13 2.26658e+09 2.62668e+11
5.16959e-13 2.25156e+09 2.60401e+11
5.19288e-13 2.23657e+09 2.5815e+11
5.21626e-13 2.22162e+09 2.55913e+11
5.23976e-13 2.2067e+09 2.53692e+11
5.26336e-13 2.19183e+09 2.51485e+11
5.28706e-13 2.177e+09 2.49293e+11
5.31087e-13 2.16221e+09 2.47116e+11
5.33479e-13 2.14746e+09 2.44954e+11
5.35882e-13 2.13276e+09 2.42806e+11
5.38295e-13 2.11809e+09 2.40674e+11
5.40719e-13 2.10348e+09 2.38556e+11
5.43155e-13 2.0889e+09 2.36452e+11
5.45601e-13 2.07437e+09 2.34363e+11
5.48058e-13 2.05989e+09 2.32289e+11
5.50526e-13 2.04546e+09 2.30229e+11
5.53006e-13 2.03107e+09 2.28184e+11
5.55496e-13 2.01673e+09 2.26152e+11
5.57998e-13 2.00244e+09 2.24136e+11
5.60511e-13 1.98819e+09 2.22133e+11
5.63036e-13 1.974e+09 2.20145e+11
5.65571e-13 1.95986e+09 2.18171e+11
5.68119e-13 1.94577e+09 2.16211e+11
5.70677e-13 1.93173e+09 2.14265e+11
5.73247e-13 1.91774e+09 2.12334e+11
5.75829e-13 1.9038e+09 2.10416e+11
5.78422e-13 1.88992e+09 2.08512e+11
5.81027e-13 1.87609e+09 2.06622e+11
5.83644e-13 1.86232e+09 2.04746e+11
5.86273e-13 1.8486e+09 2.02884e+11
5.88913e-13 1.83493e+09 2.01035e+11
5.91566e-13 1.82132e+09 1.992e+11
5.9423e-13 1.80776e+09 1.97379e+11
5.96906e-13 1.79426e+09 1.95571e+11
5.99594e-13 1.78082e+09 1.93777e+11
6.02295e-13 1.76744e+09 1.91996e+11
6.05007e-13 1.75411e+09 1.90229e+11
6.07732e-13 1.74083e+09 1.88475e+11
6.10469e-13 1.72762e+09 1.86734e+11
6.13218e-13 1.71447e+09 1.85006e+11
6.1598e-13 1.70137e+09 1.83292e+11
6.18754e-13 1.68834e+09 1.8159e+11
6.21541e-13 1.67536e+09 1.79902e+11
6.2434e-13 1.66244e+09 1.78227e+11
6.27152e-13 1.64958e+09 1.76564e+11
6.29977e-13 1.63679e+09 1.74915e+11
6.32814e-13 1.62405e+09 1.73278e+11
6.35664e-13 1.61137e+09 1.71654e+11
6.38527e-13 1.59876e+09 1.70042e+11
6.41403e-13 1.58621e+09 1.68444e+11
6.44291e-13 1.57371e+09 1.66857e+11
6.47193e-13 1.56128e+09 1.65284e+11
6.50108e-13 1.54892e+09 1.63722e+11
6.53036e-13 1.53661e+09 1.62174e+11
6.55977e-13 1.52437e+09 1.60637e+11
6.58931e-13 1.51219e+09 1.59113e+11
6.61899e-13 1.50007e+09 1.576e+11
6.6488e-13 1.48802e+09 1.561e+11
6.67874e-13 1.47603e+09 1.54612e+11
6.70882e-13 1.4641e+09 1.53136e+11
6.73903e-13 1.45224e+09 1.51672e+11
6.76938e-13 1.44044e+09 1.5022e+11
6.79987e-13 1.4287e+09 1.48779e+11
6.8305e-13 1.41703e+09 1.47351e+11
6.86126e-13 1.40542e+09 1.45934e+11
6.89216e-13 1.39388e+09 1.44528e+11
6.9232e-13 1.3824e+09 1.43134e+11
6.95438e-13 1.37098e+09 1.41752e+11
6.9857e-13 1.35963e+09 1.40381e+11
7.01716e-13 1.34834e+09 1.39021e+11
7.04877e-13 1.33712e+09 1.37673e+11
7.08051e-13 1.32596e+09 1.36336e+11
7.1124e-13 1.31487e+09 1.3501e+11
7.14443e-13 1.30385e+09 1.33695e+11
7.17661e-13 1.29288e+09 1.32391e+11
7.20893e-13 1.28199e+09 1.31098e+11
7.2414e-13 1.27115e+09 1.29816e+11
7.27401e-13 1.26038e+09 1.28545e+11
7.30677e-13 1.24968e+09 1.27285e+11
7.33968e-13 1.23904e+09 1.26035e+11
7.37273e-13 1.22847e+09 1.24796e+11
7.40594e-13 1.21796e+09 1.23568e+11
7.43929e-13 1.20752e+09 1.2235e+11
7.4728e-13 1.19714e+09 1.21142e+11
7.50645e-13 1.18683e+09 1.19945e+11
7.54026e-13 1.17658e+09 1.18758e+11
7.57422e-13 1.16639e+09 1.17582e+11
7.60833e-13 1.15628e+09 1.16415e+11
7.6426e-13 1.14622e+09 1.15259e+11
7.67702e-13 1.13623e+09 1.14113e+11
7.71159e-13 1.1263e+09 1.12977e+11
7.74632e-13 1.11644e+09 1.1185e+11
7.78121e-13 1.10665e+09 1.10734e+11
7.81625e-13 1.09691e+09 1.09627e+11
7.85146e-13 1.08725e+09 1.0853e+11
7.88682e-13 1.07764e+09 1.07443e+11
7.92234e-13 1.0681e+09 1.06365e+11
7.95802e-13 1.05862e+09 1.05297e+11
7.99386e-13 1.04921e+09 1.04239e+11
8.02986e-13 1.03986e+09 1.03189e+11
8.06602e-13 1.03058e+09 1.0215e+11
8.10235e-13 1.02136e+09 1.01119e+11
8.13884e-13 1.0122e+09 1.00098e+11
8.1755e-13 1.0031e+09 9.90854e+10
8.21232e-13 9.9407e+08 9.80823e+10
8.2493e-13 9.85101e+08 9.70882e+10
8.28645e-13 9.76194e+08 9.61031e+10
8.32377e-13 9.6735e+08 9.51269e+10
8.36126e-13 9.58568e+08 9.41596e+10
8.39892e-13 9.49848e+08 9.3201e+10
8.43674e-13 9.41191e+08 9.22512e+10
8.47474e-13 9.32595e+08 9.131e+10
8.51291e-13 9.24062e+08 9.03774e+10
8.55125e-13 9.15589e+08 8.94533e+10
8.58976e-13 9.07178e+08 8.85377e+10
8.62845e-13 8.98828e+08 8.76305e+10
8.66731e-13 8.90539e+08 8.67317e+10
8.70634e-13 8.82311e+08 8.58412e+10
8.74555e-13 8.74144e+08 8.49589e+10
8.78494e-13 8.66037e+08 8.40847e+10
8.82451e-13 8.5799e+08 8.32187e+10
8.86425e-13 8.50004e+08 8.23607e+10
8.90417e-13 8.42076e+08 8.15107e+10
8.94427e-13 8.34209e+08 8.06686e+10
8.98455e-13 8.264e+08 7.98344e+10
9.02502e-13 8.18652e+08 7.9008e+10
9.06566e-13 8.10961e+08 7.81894e+10
9.10649e-13 8.0333e+08 7.73784e+10
9.14751e-13 7.95757e+08 7.65751e+10
9.1887e-13 7.88242e+08 7.57793e+10
9.23009e-13 7.80785e+08 7.49911e+10
9.27166e-13 7.73386e+08 7.42103e+10
9.31341e-13 7.66045e+08 7.34369e+10
9.35536e-13 7.5876e+08 7.26708e+10
9.39749e-13 7.51533e+08 7.19121e+10
9.43982e-13 7.44363e+08 7.11606e+10
9.48233e-13 7.37249e+08 7.04162e+10
9.52504e-13 7.30191e+08 6.96789e+10
9.56793e-13 7.23189e+08 6.89488e+10
9.61103e-13 7.16243e+08 6.82256e+10
9.65431e-13 7.09353e+08 6.75093e+10
9.69779e-13 7.02517e+08 6.68e+10
9.74147e-13 6.95738e+08 6.60974e+10
9.78534e-13 6.89012e+08 6.54017e+10
9.82941e-13 6.82341e+08 6.47127e+10
9.87368e-13 6.75724e+08 6.40304e+10
9.91815e-13 6.69161e+08 6.33546e+10
9.96282e-13 6.62651e+08 6.26855e+10
1.00077e-12 6.56196e+08 6.20228e+10
1.00528e-12 6.49793e+08 6.13666e+10
1.0098e-12 6.43443e+08 6.07168e+10
1.01435e-12 6.37146e+08 6.00734e+10
1.01892e-12 6.30901e+08 5.94362e+10
1.02351e-12 6.24707e+08 5.88053e+10
1.02812e-12 6.18567e+08 5.81806e+10
1.03275e-12 6.12476e+08 5.75621e+10
1.0374e-12 6.06438e+08 5.69496e+10
1.04207e-12 6.0045e+08 5.63432e+10
1.04676e-12 5.94513e+08 5.57427e+10
1.05148e-12 5.88626e+08 5.51482e+10
1.05621e-12 5.82789e+08 5.45596e+10
1.06097e-12 5.77002e+08 5.39768e+10
1.06575e-12 5.71264e+08 5.33998e+10
1.07055e-12 5.65576e+08 5.28285e+10
1.07537e-12 5.59937e+08 5.22629e+10
1.08021e-12 5.54345e+08 5.1703e+10
1.08508e-12 5.48803e+08 5.11487e+10
1.08997e-12 5.43308e+08 5.05998e+10
1.09487e-12 5.37862e+08 5.00565e+10
1.09981e-12 5.32462e+08 4.95187e+10
1.10476e-12 5.2711e+08 4.89862e+10
1.10973e-12 5.21805e+08 4.84591e+10
1.11473e-12 5.16546e+08 4.79373e+10
1.11975e-12 5.11334e+08 4.74208e+10
1.1248e-12 5.06167e+08 4.69094e+10
1.12986e-12 5.01047e+08 4.64033e+10
1.13495e-12 4.95971e+08 4.59022e+10
1.14006e-12 4.90941e+08 4.54062e+10
1.1452e-12 4.85956e+08 4.49153e+10
1.15035e-12 4.81016e+08 4.44293e+10
1.15553e-12 4.76119e+08 4.39483e+10
1.16074e-12 4.71266e+08 4.34722e+10
1.16597e-12 4.66457e+08 4.30009e+10
1.17122e-12 4.61692e+08 4.25345e+10
1.17649e-12 4.56969e+08 4.20728e+10
1.18179e-12 4.5229e+08 4.16158e+10
1.18711e-12 4.47653e+08 4.11635e+10
1.19246e-12 4.43058e+08 4.07159e+10
1.19783e-12 4.38505e+08 4.02728e+10
1.20323e-12 4.33994e+08 3.98343e+10
1.20864e-12 4.29524e+08 3.94003e+10
1.21409e-12 4.25095e+08 3.89708e+10
1.21956e-12 4.20708e+08 3.85457e+10
1.22505e-12 4.1636e+08 3.8125e+10
1.23057e-12 4.12053e+08 3.77086e+10
1.23611e-12 4.07785e+08 3.72966e+10
1.24167e-12 4.03557e+08 3.68888e+10
1.24727e-12 3.99369e+08 3.64852e+10
1.25288e-12 3.9522e+08 3.60859e+10
1.25853e-12 3.91109e+08 3.56906e+10
1.26419e-12 3.87037e+08 3.52995e+10
1.26989e-12 3.83003e+08 3.49125e+10
1.27561e-12 3.79007e+08 3.45295e+10
1.28135e-12 3.75049e+08 3.41505e+10
1.28712e-12 3.71128e+08 3.37754e+10
1.29292e-12 3.67244e+08 3.34043e+10
1.29874e-12 3.63397e+08 3.30371e+10
1.30459e-12 3.59587e+08 3.26737e+10
1.31047e-12 3.55813e+08 3.23141e+10
1.31637e-12 3.52074e+08 3.19583e+10
1.3223e-12 3.48372e+08 3.16062e+10
1.32825e-12 3.44704e+08 3.12578e+10
1.33424e-12 3.41073e+08 3.09131e+10
1.34024e-12 3.37475e+08 3.05721e+10
1.34628e-12 3.33913e+08 3.02346e+10
1.35234e-12 3.30385e+08 2.99007e+10
1.35843e-12 3.26891e+08 2.95703e+10
1.36455e-12 3.23431e+08 2.92434e+10
1.3707e-12 3.20004e+08 2.892e+10
1.37687e-12 3.16611e+08 2.86e+10
1.38307e-12 3.1325e+08 2.82833e+10
1.3893e-12 3.09923e+08 2.79701e+10
1.39556e-12 3.06627e+08 2.76602e+10
1.40184e-12 3.03364e+08 2.73535e+10
1.40816e-12 3.00133e+08 2.70502e+10
1.4145e-12 2.96934e+08 2.675e+10
1.42087e-12 2.93766e+08 2.64531e+10
1.42727e-12 2.90629e+08 2.61593e+10
1.4337e-12 2.87523e+08 2.58687e+10
1.44015e-12 2.84448e+08 2.55812e+10
1.44664e-12 2.81403e+08 2.52967e+10
1.45315e-12 2.78389e+08 2.50153e+10
1.4597e-12 2.75404e+08 2.4737e+10
1.46627e-12 2.72449e+08 2.44615e+10
1.47288e-12 2.69523e+08 2.41891e+10
1.47951e-12 2.66627e+08 2.39196e+10
1.48617e-12 2.63759e+08 2.36529e+10
1.49287e-12 2.6092e+08 2.33892e+10
1.49959e-12 2.5811e+08 2.31283e+10
1.50634e-12 2.55328e+08 2.28702e+10
1.51313e-12 2.52573e+08 2.26148e+10
1.51994e-12 2.49847e+08 2.23623e+10
1.52679e-12 2.47147e+08 2.21124e+10
1.53366e-12 2.44476e+08 2.18653e+10
1.54057e-12 2.4183e+08 2.16208e+10
1.54751e-12 2.39212e+08 2.1379e+10
1.55448e-12 2.36621e+08 2.11397e+10
1.56148e-12 2.34055e+08 2.09031e+10
1.56851e-12 2.31516e+08 2.06691e+10
1.57558e-12 2.29002e+08 2.04376e+10
1.58267e-12 2.26514e+08 2.02086e+10
1.5898e-12 2.24051e+08 1.9982e+10
1.59696e-12 2.21614e+08 1.9758e+10
1.60415e-12 2.19202e+08 1.95364e+10
1.61138e-12 2.16814e+08 1.93172e+10
1.61864e-12 2.1445e+08 1.91004e+10
1.62592e-12 2.12111e+08 1.88859e+10
1.63325e-12 2.09796e+08 1.86738e+10
1.6406e-12 2.07505e+08 1.8464e+10
1.64799e-12 2.05237e+08 1.82565e+10
1.65541e-12 2.02993e+08 1.80513e+10
1.66287e-12 2.00772e+08 1.78483e+10
1.67036e-12 1.98574e+08 1.76475e+10
1.67788e-12 1.96398e+08 1.74489e+10
1.68544e-12 1.94245e+08 1.72525e+10
1.69303e-12 1.92115e+08 1.70583e+10
1.70065e-12 1.90007e+08 1.68662e+10
1.70831e-12 1.8792e+08 1.66762e+10
1.71601e-12 1.85855e+08 1.64882e+10
1.72374e-12 1.83812e+08 1.63024e+10
1.7315e-12 1.8179e+08 1.61186e+10
1.7393e-12 1.7979e+08 1.59368e+10
1.74713e-12 1.7781e+08 1.5757e+10
1.755e-12 1.75851e+08 1.55792e+10
1.7629e-12 1.73912e+08 1.54033e+10
1.77084e-12 1.71994e+08 1.52294e+10
1.77882e-12 1.70096e+08 1.50574e+10
1.78683e-12 1.68218e+08 1.48873e+10
1.79488e-12 1.6636e+08 1.47191e+10
1.80296e-12 1.64521e+08 1.45527e+10
1.81108e-12 1.62702e+08 1.43882e+10
1.81924e-12 1.60902e+08 1.42255e+10
1.82743e-12 1.5912e+08 1.40646e+10
1.83566e-12 1.57358e+08 1.39055e+10
1.84393e-12 1.55615e+08 1.37481e+10
1.85223e-12 1.53889e+08 1.35925e+10
1.86057e-12 1.52183e+08 1.34386e+10
1.86895e-12 1.50494e+08 1.32865e+10
1.87737e-12 1.48823e+08 1.3136e+10
1.88583e-12 1.4717e+08 1.29871e+10
1.89432e-12 1.45535e+08 1.284e+10
1.90285e-12 1.43917e+08 1.26944e+10
1.91142e-12 1.42317e+08 1.25505e+10
1.92003e-12 1.40733e+08 1.24082e+10
1.92868e-12 1.39166e+08 1.22675e+10
1.93736e-12 1.37617e+08 1.21283e+10
1.94609e-12 1.36083e+08 1.19907e+10
1.95485e-12 1.34567e+08 1.18546e+10
1.96366e-12 1.33066e+08 1.172e+10
1.9725e-12 1.31582e+08 1.1587e+10
1.98138e-12 1.30113e+08 1.14554e+10
1.99031e-12 1.28661e+08 1.13253e+10
1.99927e-12 1.27224e+08 1.11966e+10
2.00827e-12 1.25802e+08 1.10694e+10
2.01732e-12 1.24396e+08 1.09436e+10
2.0264e-12 1.23005e+08 1.08192e+10
2.03553e-12 1.21629e+08 1.06962e+10
2.0447e-12 1.20268e+08 1.05746e+10
2.05391e-12 1.18921e+08 1.04543e+10
2.06316e-12 1.17589e+08 1.03354e+10
2.07245e-12 1.16272e+08 1.02178e+10
2.08178e-12 1.14969e+08 1.01015e+10
2.09116e-12 1.1368e+08 9.98654e+09
2.10058e-12 1.12405e+08 9.87286e+09
2.11004e-12 1.11144e+08 9.76045e+09
2.11954e-12 1.09896e+08 9.64931e+09
2.12909e-12 1.08662e+08 9.53941e+09
2.13867e-12 1.07442e+08 9.43075e+09
2.14831e-12 1.06235e+08 9.32331e+09
2.15798e-12 1.05041e+08 9.21707e+09
2.1677e-12 1.0386e+08 9.11203e+09
2.17746e-12 1.02692e+08 9.00817e+09
2.18727e-12 1.01537e+08 8.90548e+09
2.19712e-12 1.00394e+08 8.80394e+09
2.20702e-12 9.9264e+07 8.70355e+09
2.21696e-12 9.81462e+07 8.60428e+09
2.22694e-12 9.70407e+07 8.50614e+09
2.23697e-12 9.59474e+07 8.4091e+09
2.24704e-12 9.48659e+07 8.31315e+09
2.25716e-12 9.37964e+07 8.21828e+09
2.26733e-12 9.27386e+07 8.12449e+09
2.27754e-12 9.16924e+07 8.03175e+09
2.2878e-12 9.06578e+07 7.94006e+09
2.2981e-12 8.96346e+07 7.8494e+09
2.30845e-12 8.86225e+07 7.75976e+09
2.31885e-12 8.76217e+07 7.67114e+09
2.32929e-12 8.66319e+07 7.58352e+09
2.33978e-12 8.56529e+07 7.49689e+09
2.35032e-12 8.46848e+07 7.41124e+09
2.36091e-12 8.37275e+07 7.32655e+09
2.37154e-12 8.27806e+07 7.24282e+09
2.38222e-12 8.18442e+07 7.16004e+09
2.39295e-12 8.09183e+07 7.0782e+09
2.40373e-12 8.00024e+07 6.99728e+09
2.41455e-12 7.90968e+07 6.91728e+09
2.42543e-12 7.82013e+07 6.83818e+09
2.43635e-12 7.73155e+07 6.75998e+09
2.44732e-12 7.64397e+07 6.68266e+09
2.45834e-12 7.55736e+07 6.60622e+09
2.46942e-12 7.4717e+07 6.53065e+09
2.48054e-12 7.387e+07 6.45593e+09
2.49171e-12 7.30325e+07 6.38206e+09
2.50293e-12 7.22042e+07 6.30903e+09
2.5142e-12 7.13851e+07 6.23683e+09
2.52553e-12 7.05752e+07 6.16544e+09
2.5369e-12 6.97742e+07 6.09487e+09
2.54833e-12 6.89822e+07 6.02509e+09
2.5598e-12 6.8199e+07 5.95611e+09
2.57133e-12 6.74246e+07 5.88791e+09
2.58291e-12 6.66587e+07 5.82049e+09
2.59454e-12 6.59015e+07 5.75383e+09
2.60623e-12 6.51526e+07 5.68793e+09
2.61797e-12 6.44121e+07 5.62277e+09
2.62976e-12 6.368e+07 5.55836e+09
2.6416e-12 6.2956e+07 5.49468e+09
2.6535e-12 6.224e+07 5.43173e+09
2.66545e-12 6.15321e+07 5.36949e+09
2.67745e-12 6.08322e+07 5.30795e+09
2.68951e-12 6.014e+07 5.24712e+09
2.70162e-12 5.94556e+07 5.18698e+09
2.71379e-12 5.87789e+07 5.12753e+09
2.72601e-12 5.81098e+07 5.06875e+09
2.73829e-12 5.74481e+07 5.01064e+09
2.75062e-12 5.67939e+07 4.95319e+09
2.76301e-12 5.6147e+07 4.8964e+09
2.77546e-12 5.55074e+07 4.84025e+09
2.78796e-12 5.4875e+07 4.78474e+09
2.80051e-12 5.42497e+07 4.72987e+09
2.81312e-12 5.36313e+07 4.67562e+09
2.82579e-12 5.302e+07 4.62198e+09
2.83852e-12 5.24156e+07 4.56896e+09
2.8513e-12 5.18178e+07 4.51655e+09
2.86415e-12 5.12269e+07 4.46473e+09
2.87705e-12 5.06426e+07 4.4135e+09
2.89e-12 5.00649e+07 4.36286e+09
2.90302e-12 4.94936e+07 4.3128e+09
2.91609e-12 4.89289e+07 4.2633e+09
2.92923e-12 4.83705e+07 4.21437e+09
2.94242e-12 4.78183e+07 4.166e+09
2.95567e-12 4.72724e+07 4.11819e+09
2.96898e-12 4.67328e+07 4.07091e+09
2.98235e-12 4.61991e+07 4.02418e+09
2.99578e-12 4.56715e+07 3.97798e+09
3.00928e-12 4.51498e+07 3.93231e+09
3.02283e-12 4.46341e+07 3.88716e+09
3.03644e-12 4.41241e+07 3.84253e+09
3.05012e-12 4.36199e+07 3.7984e+09
3.06386e-12 4.31215e+07 3.75478e+09
3.07765e-12 4.26286e+07 3.71166e+09
3.09152e-12 4.21413e+07 3.66903e+09
3.10544e-12 4.16596e+07 3.62689e+09
3.11942e-12 4.11833e+07 3.58523e+09
3.13347e-12 4.07124e+07 3.54405e+09
3.14759e-12 4.02468e+07 3.50334e+09
3.16176e-12 3.97865e+07 3.46309e+09
3.176e-12 3.93314e+07 3.4233e+09
3.19031e-12 3.88815e+07 3.38397e+09
3.20467e-12 3.84366e+07 3.34509e+09
3.21911e-12 3.79969e+07 3.30665e+09
3.2336e-12 3.7562e+07 3.26866e+09
3.24817e-12 3.71322e+07 3.23109e+09
3.2628e-12 3.67072e+07 3.19396e+09
3.27749e-12 3.6287e+07 3.15725e+09
3.29225e-12 3.58716e+07 3.12097e+09
3.30708e-12 3.54609e+07 3.0851e+09
3.32197e-12 3.50549e+07 3.04963e+09
3.33693e-12 3.46535e+07 3.01458e+09
3.35196e-12 3.42566e+07 2.97993e+09
3.36706e-12 3.38643e+07 2.94567e+09
3.38222e-12 3.34764e+07 2.91181e+09
3.39746e-12 3.30929e+07 2.87833e+09
3.41276e-12 3.27138e+07 2.84524e+09
3.42813e-12 3.2339e+07 2.81252e+09
3.44357e-12 3.19684e+07 2.78018e+09
3.45908e-12 3.16021e+07 2.74822e+09
3.47465e-12 3.12399e+07 2.71661e+09
3.4903e-12 3.08819e+07 2.68537e+09
3.50602e-12 3.05279e+07 2.65449e+09
3.52181e-12 3.0178e+07 2.62396e+09
3.53767e-12 2.9832e+07 2.59379e+09
3.55361e-12 2.949e+07 2.56395e+09
3.56961e-12 2.91519e+07 2.53446e+09
3.58569e-12 2.88176e+07 2.50531e+09
3.60184e-12 2.84872e+07 2.47649e+09
3.61806e-12 2.81605e+07 2.44801e+09
3.63435e-12 2.78375e+07 2.41985e+09
3.65072e-12 2.75182e+07 2.39201e+09
3.66716e-12 2.72026e+07 2.36449e+09
3.68368e-12 2.68905e+07 2.33729e+09
3.70027e-12 2.6582e+07 2.3104e+09
3.71693e-12 2.62771e+07 2.28382e+09
3.73367e-12 2.59756e+07 2.25754e+09
3.75049e-12 2.56775e+07 2.23156e+09
3.76738e-12 2.53829e+07 2.20588e+09
3.78435e-12 2.50916e+07 2.1805e+09
3.80139e-12 2.48037e+07 2.15541e+09
3.81851e-12 2.4519e+07 2.13061e+09
3.83571e-12 2.42375e+07 2.10609e+09
3.85298e-12 2.39594e+07 2.08185e+09
3.87034e-12 2.36843e+07 2.05789e+09
3.88777e-12 2.34124e+07 2.03421e+09
3.90528e-12 2.31436e+07 2.01079e+09
3.92286e-12 2.28779e+07 1.98765e+09
3.94053e-12 2.26153e+07 1.96477e+09
3.95828e-12 2.23556e+07 1.94216e+09
3.97611e-12 2.20989e+07 1.9198e+09
3.99401e-12 2.18451e+07 1.8977e+09
4.012e-12 2.15943e+07 1.87586e+09
4.03007e-12 2.13462e+07 1.85426e+09
4.04822e-12 2.11011e+07 1.83292e+09
4.06645e-12 2.08587e+07 1.81182e+09
4.08477e-12 2.06191e+07 1.79096e+09
4.10316e-12 2.03823e+07 1.77034e+09
4.12164e-12 2.01481e+07 1.74996e+09
4.1402e-12 1.99167e+07 1.72981e+09
4.15885e-12 1.96879e+07 1.70989e+09
4.17758e-12 1.94617e+07 1.6902e+09
4.1964e-12 1.92381e+07 1.67074e+09
4.2153e-12 1.9017e+07 1.6515e+09
4.23428e-12 1.87985e+07 1.63249e+09
4.25335e-12 1.85825e+07 1.61369e+09
4.27251e-12 1.8369e+07 1.59511e+09
4.29175e-12 1.81579e+07 1.57674e+09
4.31108e-12 1.79492e+07 1.55858e+09
4.33049e-12 1.77429e+07 1.54063e+09
4.35e-12 1.7539e+07 1.52289e+09
4.36959e-12 1.73374e+07 1.50535e+09
4.38927e-12 1.71382e+07 1.48801e+09
4.40903e-12 1.69411e+07 1.47087e+09
4.42889e-12 1.67464e+07 1.45393e+09
4.44884e-12 1.65539e+07 1.43718e+09
4.46887e-12 1.63636e+07 1.42063e+09
4.489e-12 1.61755e+07 1.40427e+09
4.50922e-12 1.59895e+07 1.38809e+09
4.52953e-12 1.58057e+07 1.3721e+09
4.54993e-12 1.5624e+07 1.3563e+09
4.57042e-12 1.54443e+07 1.34067e+09
4.591e-12 1.52667e+07 1.32523e+09
4.61168e-12 1.50912e+07 1.30996e+09
4.63245e-12 1.49177e+07 1.29487e+09
4.65331e-12 1.47461e+07 1.27995e+09
4.67427e-12 1.45766e+07 1.26521e+09
4.69532e-12 1.44089e+07 1.25063e+09
4.71647e-12 1.42432e+07 1.23622e+09
4.73771e-12 1.40794e+07 1.22198e+09
4.75904e-12 1.39175e+07 1.2079e+09
4.78048e-12 1.37574e+07 1.19398e+09
4.80201e-12 1.35992e+07 1.18022e+09
4.82363e-12 1.34428e+07 1.16662e+09
4.84536e-12 1.32882e+07 1.15318e+09
4.86718e-12 1.31353e+07 1.13989e+09
4.8891e-12 1.29842e+07 1.12676e+09
4.91112e-12 1.28349e+07 1.11377e+09
4.93324e-12 1.26872e+07 1.10094e+09
4.95546e-12 1.25413e+07 1.08825e+09
4.97777e-12 1.2397e+07 1.07571e+09
5.00019e-12 1.22544e+07 1.06331e+09
5.02271e-12 1.21134e+07 1.05106e+09
5.04533e-12 1.19741e+07 1.03894e+09
5.06806e-12 1.18363e+07 1.02697e+09
5.09088e-12 1.17001e+07 1.01513e+09
5.11381e-12 1.15655e+07 1.00343e+09
5.13684e-12 1.14324e+07 9.91869e+08
5.15997e-12 1.13009e+07 9.80437e+08
5.18321e-12 1.11708e+07 9.69136e+08
5.20656e-12 1.10423e+07 9.57965e+08
5.23001e-12 1.09153e+07 9.46923e+08
5.25356e-12 1.07897e+07 9.36007e+08
5.27722e-12 1.06655e+07 9.25218e+08
5.30099e-12 1.05428e+07 9.14552e+08
5.32486e-12 1.04214e+07 9.04009e+08
5.34884e-12 1.03015e+07 8.93588e+08
5.37293e-12 1.0183e+07 8.83286e+08
5.39713e-12 1.00658e+07 8.73103e+08
5.42144e-12 9.94993e+06 8.63038e+08
5.44586e-12 9.83543e+06 8.53088e+08
5.47038e-12 9.72223e+06 8.43252e+08
5.49502e-12 9.61032e+06 8.3353e+08
5.51977e-12 9.49971e+06 8.2392e+08
5.54463e-12 9.39038e+06 8.1442e+08
5.5696e-12 9.28231e+06 8.0503e+08
5.59468e-12 9.17546e+06 7.95747e+08
5.61988e-12 9.06984e+06 7.86572e+08
5.64519e-12 8.96545e+06 7.77502e+08
5.67061e-12 8.86226e+06 7.68537e+08
5.69615e-12 8.76025e+06 7.59674e+08
5.72181e-12 8.6594e+06 7.50914e+08
5.74757e-12 8.55972e+06 7.42255e+08
5.77346e-12 8.46119e+06 7.33695e+08
5.79946e-12 8.3638e+06 7.25234e+08
5.82558e-12 8.26752e+06 7.1687e+08
5.85182e-12 8.17233e+06 7.08602e+08
5.87817e-12 8.07825e+06 7.0043e+08
5.90465e-12 7.98526e+06 6.92352e+08
5.93124e-12 7.89334e+06 6.84367e+08
5.95795e-12 7.80246e+06 6.76473e+08
5.98478e-12 7.71263e+06 6.68671e+08
6.01174e-12 7.62383e+06 6.60958e+08
6.03881e-12 7.53607e+06 6.53334e+08
6.06601e-12 7.44931e+06 6.45798e+08
6.09333e-12 7.36354e+06 6.38349e+08
6.12077e-12 7.27875e+06 6.30985e+08
6.14834e-12 7.19495e+06 6.23707e+08
6.17603e-12 7.11211e+06 6.16512e+08
6.20384e-12 7.03024e+06 6.094e+08
6.23178e-12 6.94928e+06 6.02369e+08
6.25985e-12 6.86926e+06 5.9542e+08
6.28804e-12 6.79016e+06 5.88551e+08
6.31636e-12 6.71199e+06 5.81761e+08
6.34481e-12 6.63471e+06 5.75049e+08
6.37339e-12 6.5583e+06 5.68414e+08
6.40209e-12 6.48278e+06 5.61856e+08
6.43092e-12 6.40813e+06 5.55373e+08
6.45989e-12 6.33435e+06 5.48965e+08
6.48898e-12 6.26142e+06 5.4263e+08
6.5182e-12 6.1893e+06 5.36369e+08
6.54756e-12 6.11803e+06 5.3018e+08
6.57705e-12 6.04757e+06 5.24062e+08
6.60667e-12 5.97794e+06 5.18014e+08
6.63642e-12 5.9091e+06 5.12036e+08
6.66631e-12 5.84105e+06 5.06127e+08
6.69633e-12 5.77378e+06 5.00286e+08
6.72649e-12 5.70728e+06 4.94512e+08
6.75679e-12 5.64156e+06 4.88805e+08
6.78722e-12 5.5766e+06 4.83163e+08
6.81779e-12 5.51237e+06 4.77587e+08
6.84849e-12 5.44888e+06 4.72074e+08
6.87933e-12 5.38613e+06 4.66626e+08
6.91032e-12 5.3241e+06 4.61239e+08
6.94144e-12 5.26279e+06 4.55915e+08
6.9727e-12 5.20217e+06 4.50653e+08
7.0041e-12 5.14225e+06 4.4545e+08
7.03565e-12 5.08303e+06 4.40308e+08
7.06734e-12 5.02449e+06 4.35225e+08
7.09916e-12 4.96662e+06 4.30201e+08
7.13114e-12 4.90942e+06 4.25234e+08
7.16325e-12 4.85287e+06 4.20325e+08
7.19551e-12 4.79697e+06 4.15472e+08
7.22792e-12 4.74172e+06 4.10675e+08
7.26047e-12 4.68711e+06 4.05933e+08
7.29317e-12 4.63313e+06 4.01246e+08
7.32602e-12 4.57976e+06 3.96613e+08
7.35901e-12 4.52701e+06 3.92033e+08
7.39216e-12 4.47486e+06 3.87506e+08
7.42545e-12 4.42332e+06 3.83031e+08
7.45889e-12 4.37238e+06 3.78608e+08
7.49248e-12 4.32201e+06 3.74235e+08
7.52623e-12 4.27222e+06 3.69913e+08
7.56012e-12 4.22301e+06 3.65641e+08
7.59417e-12 4.17437e+06 3.61418e+08
7.62837e-12 4.12629e+06 3.57244e+08
7.66273e-12 4.07876e+06 3.53118e+08
7.69724e-12 4.03177e+06 3.49039e+08
7.73191e-12 3.98532e+06 3.45007e+08
7.76673e-12 3.93942e+06 3.41022e+08
7.80171e-12 3.89404e+06 3.37082e+08
7.83684e-12 3.84919e+06 3.33188e+08
7.87214e-12 3.80484e+06 3.29339e+08
7.90759e-12 3.76101e+06 3.25534e+08
7.94321e-12 3.71768e+06 3.21773e+08
7.97898e-12 3.67486e+06 3.18055e+08
8.01492e-12 3.63252e+06 3.14381e+08
8.05101e-12 3.59068e+06 3.10748e+08
8.08727e-12 3.54931e+06 3.07157e+08
8.12369e-12 3.50842e+06 3.03608e+08
8.16028e-12 3.468e+06 3.001e+08
8.19703e-12 3.42805e+06 2.96632e+08
8.23395e-12 3.38856e+06 2.93204e+08
8.27103e-12 3.34953e+06 2.89815e+08
8.30828e-12 3.31094e+06 2.86466e+08
8.3457e-12 3.27279e+06 2.83155e+08
8.38329e-12 3.23509e+06 2.79882e+08
8.42104e-12 3.19782e+06 2.76647e+08
8.45897e-12 3.16098e+06 2.73449e+08
8.49707e-12 3.12456e+06 2.70288e+08
8.53534e-12 3.08856e+06 2.67163e+08
8.57378e-12 3.05298e+06 2.64075e+08
8.61239e-12 3.0178e+06 2.61022e+08
8.65118e-12 2.98304e+06 2.58004e+08
8.69014e-12 2.94867e+06 2.55021e+08
8.72928e-12 2.9147e+06 2.52072e+08
8.76859e-12 2.88111e+06 2.49158e+08
8.80808e-12 2.84792e+06 2.46277e+08
8.84775e-12 2.81511e+06 2.43429e+08
8.8876e-12 2.78268e+06 2.40613e+08
8.92763e-12 2.75062e+06 2.37831e+08
8.96783e-12 2.71892e+06 2.3508e+08
9.00822e-12 2.68759e+06 2.32361e+08
9.04879e-12 2.65663e+06 2.29674e+08
9.08955e-12 2.62602e+06 2.27017e+08
9.13048e-12 2.59576e+06 2.24391e+08
9.1716e-12 2.56586e+06 2.21795e+08
9.21291e-12 2.53629e+06 2.19229e+08
9.2544e-12 2.50707e+06 2.16693e+08
9.29608e-12 2.47818e+06 2.14186e+08
9.33795e-12 2.44963e+06 2.11708e+08
9.38e-12 2.4214e+06 2.09258e+08
9.42225e-12 2.39351e+06 2.06837e+08
9.46468e-12 2.36593e+06 2.04443e+08
9.50731e-12 2.33866e+06 2.02077e+08
9.55013e-12 2.31171e+06 1.99739e+08
9.59314e-12 2.28508e+06 1.97427e+08
9.63634e-12 2.25875e+06 1.95142e+08
9.67974e-12 2.23273e+06 1.92883e+08
9.72334e-12 2.207e+06 1.9065e+08
9.76713e-12 2.18156e+06 1.88443e+08
9.81112e-12 2.15642e+06 1.86262e+08
9.8553e-12 2.13158e+06 1.84105e+08
9.89969e-12 2.10702e+06 1.81974e+08
9.94427e-12 2.08274e+06 1.79867e+08
9.98906e-12 2.05874e+06 1.77784e+08
1.0034e-11 2.03501e+06 1.75725e+08
1.00792e-11 2.01156e+06 1.7369e+08
1.01246e-11 1.98838e+06 1.71679e+08
1.01702e-11 1.96547e+06 1.6969e+08
1.0216e-11 1.94283e+06 1.67725e+08
1.0262e-11 1.92044e+06 1.65782e+08
1.03083e-11 1.89831e+06 1.63862e+08
1.03547e-11 1.87643e+06 1.61963e+08
1.04013e-11 1.85481e+06 1.60087e+08
1.04482e-11 1.83343e+06 1.58232e+08
1.04952e-11 1.81231e+06 1.56399e+08
1.05425e-11 1.79143e+06 1.54586e+08
1.059e-11 1.77078e+06 1.52795e+08
1.06377e-11 1.75037e+06 1.51024e+08
1.06856e-11 1.7302e+06 1.49274e+08
1.07337e-11 1.71026e+06 1.47544e+08
1.0782e-11 1.69055e+06 1.45833e+08
1.08306e-11 1.67107e+06 1.44143e+08
1.08794e-11 1.65182e+06 1.42472e+08
1.09284e-11 1.63278e+06 1.4082e+08
1.09776e-11 1.61396e+06 1.39187e+08
1.1027e-11 1.59536e+06 1.37573e+08
1.10767e-11 1.57698e+06 1.35978e+08
1.11266e-11 1.55881e+06 1.34401e+08
1.11767e-11 1.54084e+06 1.32842e+08
1.1227e-11 1.52309e+06 1.31301e+08
1.12776e-11 1.50553e+06 1.29778e+08
1.13284e-11 1.48818e+06 1.28273e+08
1.13794e-11 1.47103e+06 1.26784e+08
1.14307e-11 1.45408e+06 1.25313e+08
1.14821e-11 1.43732e+06 1.23859e+08
1.15338e-11 1.42076e+06 1.22422e+08
1.15858e-11 1.40438e+06 1.21001e+08
1.1638e-11 1.3882e+06 1.19597e+08
1.16904e-11 1.3722e+06 1.18209e+08
1.1743e-11 1.35638e+06 1.16836e+08
1.17959e-11 1.34075e+06 1.1548e+08
1.1849e-11 1.3253e+06 1.14139e+08
1.19024e-11 1.31003e+06 1.12814e+08
1.1956e-11 1.29493e+06 1.11504e+08
1.20099e-11 1.28e+06 1.10209e+08
1.2064e-11 1.26525e+06 1.08929e+08
1.21183e-11 1.25067e+06 1.07664e+08
1.21729e-11 1.23626e+06 1.06413e+08
1.22277e-11 1.22201e+06 1.05177e+08
1.22828e-11 1.20793e+06 1.03955e+08
1.23381e-11 1.194e+06 1.02747e+08
1.23936e-11 1.18024e+06 1.01553e+08
1.24495e-11 1.16664e+06 1.00373e+08
1.25055e-11 1.15319e+06 9.92061e+07
1.25618e-11 1.1399e+06 9.80529e+07
1.26184e-11 1.12677e+06 9.6913e+07
1.26753e-11 1.11378e+06 9.57862e+07
1.27323e-11 1.10094e+06 9.46724e+07
1.27897e-11 1.08825e+06 9.35715e+07
1.28473e-11 1.07571e+06 9.24832e+07
1.29051e-11 1.06331e+06 9.14075e+07
1.29633e-11 1.05106e+06 9.03442e+07
1.30216e-11 1.03894e+06 8.92931e+07
1.30803e-11 1.02697e+06 8.82542e+07
1.31392e-11 1.01513e+06 8.72272e+07
1.31984e-11 1.00343e+06 8.62121e+07
1.32578e-11 991864 8.52087e+07
1.33175e-11 980432 8.42168e+07
1.33775e-11 969133 8.32364e+07
1.34378e-11 957964 8.22672e+07
1.34983e-11 946924 8.13093e+07
1.35591e-11 936009 8.03624e+07
1.36201e-11 925219 7.94263e+07
1.36815e-11 914554 7.85011e+07
1.37431e-11 904012 7.75866e+07
1.3805e-11 893593 7.66826e+07
1.38672e-11 883294 7.5789e+07
1.39296e-11 873115 7.49057e+07
1.39923e-11 863051 7.40326e+07
1.40554e-11 853102 7.31695e+07
1.41187e-11 843268 7.23164e+07
1.41823e-11 833548 7.14731e+07
1.42461e-11 823940 7.06396e+07
1.43103e-11 814444 6.98156e+07
1.43747e-11 805057 6.90012e+07
1.44395e-11 795779 6.81961e+07
1.45045e-11 786605 6.74004e+07
1.45698e-11 777537 6.66138e+07
1.46354e-11 768574 6.58362e+07
1.47014e-11 759715 6.50677e+07
1.47676e-11 750958 6.43079e+07
1.48341e-11 742303 6.3557e+07
1.49009e-11 733748 6.28147e+07
1.4968e-11 725291 6.20809e+07
1.50354e-11 716929 6.13556e+07
1.51031e-11 708664 6.06387e+07
1.51711e-11 700495 5.993e+07
1.52395e-11 692421 5.92295e+07
1.53081e-11 684440 5.85371e+07
1.5377e-11 676551 5.78527e+07
1.54463e-11 668754 5.71761e+07
1.55159e-11 661045 5.65074e+07
1.55857e-11 653424 5.58463e+07
1.56559e-11 645891 5.51929e+07
1.57265e-11 638446 5.4547e+07
1.57973e-11 631086 5.39086e+07
1.58684e-11 623812 5.32775e+07
1.59399e-11 616622 5.26537e+07
1.60117e-11 609516 5.20371e+07
1.60838e-11 602489 5.14275e+07
1.61562e-11 595543 5.0825e+07
1.6229e-11 588677 5.02295e+07
1.63021e-11 581891 4.96408e+07
1.63755e-11 575184 4.90589e+07
1.64493e-11 568554 4.84838e+07
1.65233e-11 562001 4.79152e+07
1.65978e-11 555524 4.73532e+07
1.66725e-11 549119 4.67977e+07
1.67476e-11 542788 4.62486e+07
1.6823e-11 536530 4.57058e+07
1.68988e-11 530345 4.51692e+07
1.69749e-11 524232 4.46389e+07
1.70513e-11 518189 4.41147e+07
1.71281e-11 512216 4.35965e+07
1.72053e-11 506313 4.30843e+07
1.72828e-11 500476 4.25779e+07
1.73606e-11 494706 4.20775e+07
1.74388e-11 489002 4.15828e+07
1.75173e-11 483365 4.10938e+07
1.75962e-11 477793 4.06104e+07
1.76755e-11 472285 4.01326e+07
1.77551e-11 466841 3.96603e+07
1.7835e-11 461461 3.91935e+07
1.79154e-11 456141 3.8732e+07
1.7996e-11 450882 3.82759e+07
1.80771e-11 445684 3.7825e+07
1.81585e-11 440545 3.73793e+07
1.82403e-11 435467 3.69388e+07
1.83224e-11 430447 3.65033e+07
1.8405e-11 425485 3.60729e+07
1.84878e-11 420581 3.56474e+07
1.85711e-11 415733 3.52268e+07
1.86547e-11 410940 3.48111e+07
1.87388e-11 406202 3.44001e+07
1.88232e-11 401519 3.39939e+07
1.89079e-11 396890 3.35924e+07
1.89931e-11 392314 3.31955e+07
1.90786e-11 387792 3.28032e+07
1.91646e-11 383322 3.24154e+07
1.92509e-11 378903 3.20321e+07
1.93376e-11 374536 3.16532e+07
1.94247e-11 370217 3.12786e+07
1.95121e-11 365949 3.09084e+07
1.96e-11 361730 3.05425e+07
1.96883e-11 357559 3.01807e+07
1.9777e-11 353437 2.98232e+07
1.9866e-11 349363 2.94697e+07
1.99555e-11 345336 2.91204e+07
2.00454e-11 341355 2.8775e+07
2.01357e-11 337420 2.84337e+07
2.02263e-11 333530 2.80963e+07
2.03174e-11 329684 2.77627e+07
2.04089e-11 325883 2.74331e+07
2.05008e-11 322126 2.71072e+07
2.05932e-11 318412 2.6785e+07
2.06859e-11 314742 2.64666e+07
2.07791e-11 311114 2.61519e+07
2.08727e-11 307528 2.58408e+07
2.09667e-11 303982 2.55333e+07
2.10611e-11 300477 2.52293e+07
2.1156e-11 297013 2.49288e+07
2.12512e-11 293588 2.46318e+07
2.13469e-11 290203 2.43382e+07
2.14431e-11 286858 2.4048e+07
2.15397e-11 283551 2.37611e+07
2.16367e-11 280282 2.34776e+07
2.17341e-11 277052 2.31973e+07
2.1832e-11 273858 2.29202e+07
2.19303e-11 270700 2.26464e+07
2.20291e-11 267579 2.23757e+07
2.21283e-11 264493 2.21081e+07
2.2228e-11 261444 2.18436e+07
2.23281e-11 258430 2.15822e+07
2.24286e-11 255450 2.13237e+07
2.25296e-11 252506 2.10683e+07
2.26311e-11 249595 2.08158e+07
2.2733e-11 246718 2.05662e+07
2.28354e-11 243873 2.03195e+07
2.29383e-11 241061 2.00756e+07
2.30416e-11 238282 1.98345e+07
2.31453e-11 235534 1.95963e+07
2.32496e-11 232819 1.93607e+07
2.33543e-11 230135 1.91279e+07
2.34595e-11 227482 1.88978e+07
2.35651e-11 224859 1.86703e+07
2.36713e-11 222267 1.84454e+07
2.37779e-11 219705 1.82232e+07
2.3885e-11 217171 1.80035e+07
2.39925e-11 214667 1.77863e+07
2.41006e-11 212192 1.75716e+07
2.42091e-11 209745 1.73594e+07
2.43182e-11 207327 1.71497e+07
2.44277e-11 204937 1.69424e+07
2.45377e-11 202575 1.67374e+07
2.46482e-11 200239 1.65348e+07
2.47592e-11 197931 1.63346e+07
2.48707e-11 195649 1.61367e+07
2.49827e-11 193393 1.5941e+07
2.50952e-11 191163 1.57476e+07
2.52083e-11 188959 1.55565e+07
2.53218e-11 186780 1.53675e+07
2.54358e-11 184627 1.51807e+07
2.55504e-11 182498 1.49961e+07
2.56655e-11 180394 1.48136e+07
2.57811e-11 178315 1.46332e+07
2.58972e-11 176259 1.44549e+07
2.60138e-11 174227 1.42786e+07
2.6131e-11 172218 1.41044e+07
2.62486e-11 170232 1.39322e+07
2.63669e-11 168269 1.3762e+07
2.64856e-11 166329 1.35937e+07
2.66049e-11 164411 1.34274e+07
2.67247e-11 162516 1.32629e+07
2.68451e-11 160642 1.31004e+07
2.6966e-11 158790 1.29398e+07
2.70874e-11 156960 1.2781e+07
2.72094e-11 155151 1.2624e+07
2.7332e-11 153361 1.24689e+07
2.74551e-11 151593 1.23155e+07
2.75787e-11 149845 1.21639e+07
2.77029e-11 148117 1.20141e+07
2.78277e-11 146409 1.1866e+07
2.7953e-11 144721 1.17196e+07
2.80789e-11 143053 1.15748e+07
2.82054e-11 141404 1.14318e+07
2.83324e-11 139774 1.12904e+07
2.846e-11 138162 1.11506e+07
2.85882e-11 136569 1.10124e+07
2.87169e-11 134994 1.08759e+07
2.88462e-11 133438 1.07409e+07
2.89762e-11 131899 1.06074e+07
2.91067e-11 130378 1.04755e+07
2.92377e-11 128875 1.03452e+07
2.93694e-11 127389 1.02163e+07
2.95017e-11 125920 1.00889e+07
2.96346e-11 124469 9.96299e+06
2.9768e-11 123034 9.83852e+06
2.99021e-11 121616 9.71548e+06
3.00368e-11 120213 9.59387e+06
3.0172e-11 118827 9.47365e+06
3.03079e-11 117457 9.35483e+06
3.04444e-11 116102 9.23737e+06
3.05815e-11 114763 9.12127e+06
3.07193e-11 113440 9.0065e+06
3.08576e-11 112132 8.89306e+06
3.09966e-11 110840 8.78093e+06
3.11362e-11 109562 8.67009e+06
3.12764e-11 108299 8.56053e+06
3.14173e-11 107050 8.45223e+06
3.15588e-11 105816 8.34518e+06
3.17009e-11 104596 8.23937e+06
3.18437e-11 103389 8.13477e+06
3.19871e-11 102197 8.03138e+06
3.21312e-11 101019 7.92918e+06
3.22759e-11 99854 7.82816e+06
3.24212e-11 98702.8 7.72831e+06
3.25672e-11 97564.8 7.62961e+06
3.27139e-11 96440.1 7.53204e+06
3.28612e-11 95328.4 7.4356e+06
3.30092e-11 94229.5 7.34027e+06
3.31579e-11 93142.9 7.24605e+06
3.33072e-11 92068.7 7.1529e+06
3.34573e-11 91006.9 7.06083e+06
3.36079e-11 89957.5 6.96983e+06
3.37593e-11 88920.2 6.87987e+06
3.39113e-11 87894.9 6.79095e+06
3.40641e-11 86881.5 6.70305e+06
3.42175e-11 85879.8 6.61617e+06
3.43716e-11 84889.7 6.53029e+06
3.45264e-11 83911.1 6.4454e+06
3.46819e-11 82943.9 6.36149e+06
3.48381e-11 81987.6 6.27855e+06
3.4995e-11 81042.1 6.19656e+06
3.51526e-11 80107.4 6.11552e+06
3.53109e-11 79183.6 6.03541e+06
3.54699e-11 78270.5 5.95623e+06
3.56297e-11 77368 5.87796e+06
3.57901e-11 76475.9 5.80059e+06
3.59513e-11 75594.1 5.72411e+06
3.61132e-11 74722.6 5.64852e+06
3.62759e-11 73861.2 5.5738e+06
3.64393e-11 73009.7 5.49994e+06
3.66034e-11 72168.1 5.42693e+06
3.67682e-11 71336.1 5.35476e+06
3.69338e-11 70513.3 5.28342e+06
3.71002e-11 69700.1 5.21291e+06
3.72672e-11 68896.3 5.14321e+06
3.74351e-11 68101.8 5.07431e+06
3.76037e-11 67316.5 5.00621e+06
3.7773e-11 66540.4 4.93889e+06
3.79432e-11 65773.2 4.87235e+06
3.8114e-11 65014.8 4.80658e+06
3.82857e-11 64265.3 4.74156e+06
3.84581e-11 63524.5 4.6773e+06
3.86313e-11 62792.2 4.61377e+06
3.88053e-11 62068.3 4.55098e+06
3.89801e-11 61352.5 4.48891e+06
3.91556e-11 60644.9 4.42756e+06
3.9332e-11 59945.5 4.36692e+06
3.95091e-11 59254.2 4.30697e+06
3.96871e-11 58570.9 4.24772e+06
3.98658e-11 57895.6 4.18915e+06
4.00453e-11 57228 4.13125e+06
4.02257e-11 56568.2 4.07402e+06
4.04069e-11 55916 4.01745e+06
4.05888e-11 55271.4 3.96154e+06
4.07716e-11 54634.3 3.90627e+06
4.09553e-11 54004.5 3.85163e+06
4.11397e-11 53381.8 3.79763e+06
4.1325e-11 52766.1 3.74425e+06
4.15111e-11 52157.5 3.69148e+06
4.16981e-11 51556 3.63932e+06
4.18859e-11 50961.5 3.58777e+06
4.20745e-11 50373.9 3.53681e+06
4.2264e-11 49793 3.48643e+06
4.24543e-11 49218.9 3.43664e+06
4.26455e-11 48651.4 3.38742e+06
4.28376e-11 48090.6 3.33877e+06
4.30305e-11 47536.2 3.29068e+06
4.32243e-11 46988.2 3.24314e+06
4.3419e-11 46446.6 3.19615e+06
4.36146e-11 45910.9 3.14971e+06
4.3811e-11 45381.4 3.1038e+06
4.40083e-11 44858 3.05841e+06
4.42065e-11 44340.7 3.01356e+06
4.44056e-11 43829.4 2.96922e+06
4.46056e-11 43324 2.92539e+06
4.48065e-11 42824.4 2.88206e+06
4.50083e-11 42330.6 2.83924e+06
4.5211e-11 41842.6 2.79691e+06
4.54146e-11 41360.2 2.75506e+06
4.56191e-11 40883.4 2.7137e+06
4.58246e-11 40412.1 2.67282e+06
4.6031e-11 39946.3 2.63241e+06
4.62383e-11 39485.7 2.59246e+06
4.64465e-11 39030.2 2.55298e+06
4.66557e-11 38580.1 2.51395e+06
4.68658e-11 38135.2 2.47537e+06
4.70769e-11 37695.4 2.43723e+06
4.72889e-11 37260.7 2.39954e+06
4.75019e-11 36831 2.36228e+06
4.77158e-11 36406.4 2.32544e+06
4.79307e-11 35986.6 2.28904e+06
4.81466e-11 35571.7 2.25305e+06
4.83634e-11 35161.6 2.21748e+06
4.85812e-11 34756.3 2.18232e+06
4.88e-11 34355.6 2.14756e+06
4.90198e-11 33959.6 2.11321e+06
4.92406e-11 33568 2.07925e+06
4.94623e-11 33180.8 2.04568e+06
4.96851e-11 32798.1 2.0125e+06
4.99089e-11 32419.9 1.9797e+06
5.01336e-11 32046 1.94728e+06
5.03594e-11 31676.5 1.91523e+06
5.05862e-11 31311.2 1.88356e+06
5.08141e-11 30950.2 1.85225e+06
5.10429e-11 30593.3 1.8213e+06
5.12728e-11 30240.6 1.7907e+06
5.15037e-11 29892 1.76046e+06
5.17357e-11 29547.4 1.73057e+06
5.19687e-11 29206.8 1.70102e+06
5.22027e-11 28870.1 1.67182e+06
5.24378e-11 28537.2 1.64295e+06
5.2674e-11 28208.1 1.61441e+06
5.29112e-11 27882.7 1.5862e+06
5.31495e-11 27561.2 1.55832e+06
5.33889e-11 27243.3 1.53076e+06
5.36293e-11 26929.1 1.50351e+06
5.38709e-11 26618.6 1.47658e+06
5.41135e-11 26311.7 1.44997e+06
5.43572e-11 26008.3 1.42365e+06
5.4602e-11 25708.5 1.39765e+06
5.48479e-11 25412.1 1.37194e+06
5.50949e-11 25119.1 1.34653e+06
5.53431e-11 24829.6 1.32141e+06
5.55923e-11 24543.4 1.29658e+06
5.58427e-11 24260.5 1.27203e+06
5.60942e-11 23980.6 1.24777e+06
5.63468e-11 23704 1.22379e+06
5.66006e-11 23430.6 1.20009e+06
5.68555e-11 23160.4 1.17666e+06
5.71116e-11 22893.3 1.1535e+06
5.73688e-11 22629.3 1.1306e+06
5.76272e-11 22368.4 1.10797e+06
5.78867e-11 22110.5 1.08561e+06
5.81474e-11 21855.5 1.0635e+06
5.84093e-11 21603.6 1.04164e+06
5.86723e-11 21354.5 1.02004e+06
5.89366e-11 21108.3 998682
5.9202e-11 20865 977574
5.94686e-11 20624.5 956709
5.97365e-11 20386.8 936084
6.00055e-11 20151.6 915697
6.02758e-11 19919.2 895546
6.05472e-11 19689.4 875627
6.08199e-11 19462.4 855937
6.10938e-11 19237.9 836475
6.1369e-11 19016.1 817237
6.16454e-11 18796.8 798221
6.1923e-11 18580 779424
6.22019e-11 18365.8 760844
6.2482e-11 18154.1 742478
6.27634e-11 17944.8 724324
6.30461e-11 17737.9 706379
6.333e-11 17533.4 688641
6.36152e-11 17331.3 671108
6.39017e-11 17131.6 653777
6.41895e-11 16934.1 636645
6.44786e-11 16738.7 619711
6.4769e-11 16545.7 602972
6.50607e-11 16354.8 586427
6.53537e-11 16166.2 570072
6.56481e-11 15979.8 553906
6.59437e-11 15795.5 537926
6.62407e-11 15613.4 522130
6.65391e-11 15433.3 506517
6.68387e-11 15255.4 491084
6.71398e-11 15079.5 475828
6.74421e-11 14905.7 460749
6.77459e-11 14733.8 445843
6.8051e-11 14564 431109
6.83575e-11 14396.1 416545
6.86653e-11 14230.2 402149
6.89746e-11 14066.1 387919
6.92852e-11 13903.9 373853
6.95973e-11 13743.5 359949
6.99107e-11 13585 346206
7.02256e-11 13428.3 332621
7.05418e-11 13273.5 319192
7.08595e-11 13120.4 305919
7.11787e-11 12969.1 292798
7.14992e-11 12819.5 279829
7.18212e-11 12671.7 267010
7.21447e-11 12525.6 254338
7.24696e-11 12381.2 241812
7.2796e-11 12238.5 229431
7.31239e-11 12097.4 217193
7.34532e-11 11958 205095
7.3784e-11 11820.1 193137
7.41163e-11 11683.9 181317
7.44501e-11 11549.2 169633
7.47854e-11 11416 158084
7.51222e-11 11284.3 146668
7.54605e-11 11154.1 135384
7.58004e-11 11025.5 124230
7.61418e-11 10898.4 113204
7.64847e-11 10772.7 102306
7.68292e-11 10648.4 91533.2
7.71752e-11 10525.7 80884.8
7.75228e-11 10404.3 70359.1
7.78719e-11 10284.3 59954.8
7.82226e-11 10165.8 49670.4
7.85749e-11 10048.6 39504.7
7.89288e-11 9932.75 29456.1
7.92842e-11 9818.25 19523.3
7.96413e-11 9705.08 9705.08
