1e-14 3.36408e-30 2.74897e-23
1.0045e-14 3.46696e-30 2.74897e-23
1.00903e-14 3.57281e-30 2.74897e-23
1.01357e-14 3.68171e-30 2.74897e-23
1.01814e-14 3.79375e-30 2.74897e-23
1.02272e-14 3.90901e-30 2.74897e-23
1.02733e-14 4.02758e-30 2.74897e-23
1.03196e-14 4.14954e-30 2.74897e-23
1.0366e-14 4.27499e-30 2.74897e-23
1.04127e-14 4.40401e-30 2.74897e-23
1.04596e-14 4.53672e-30 2.74897e-23
1.05067e-14 4.67319e-30 2.74897e-23
1.0554e-14 4.81354e-30 2.74897e-23
1.06016e-14 4.95786e-30 2.74897e-23
1.06493e-14 5.10626e-30 2.74897e-23
1.06973e-14 5.25885e-30 2.74896e-23
1.07455e-14 5.41573e-30 2.74896e-23
1.07938e-14 5.57703e-30 2.74896e-23
1.08425e-14 5.74286e-30 2.74896e-23
1.08913e-14 5.91333e-30 2.74896e-23
1.09403e-14 6.08856e-30 2.74896e-23
1.09896e-14 6.26868e-30 2.74896e-23
1.10391e-14 6.45383e-30 2.74896e-23
1.10888e-14 6.64411e-30 2.74896e-23
1.11388e-14 6.83968e-30 2.74896e-23
1.11889e-14 7.04067e-30 2.74896e-23
1.12393e-14 7.24721e-30 2.74896e-23
1.12899e-14 7.45945e-30 2.74896e-23
1.13408e-14 7.67754e-30 2.74896e-23
1.13919e-14 7.90162e-30 2.74896e-23
1.14432e-14 8.13184e-30 2.74895e-23
1.14947e-14 8.36838e-30 2.74895e-23
1.15465e-14 8.61137e-30 2.74895e-23
1.15985e-14 8.861e-30 2.74895e-23
1.16507e-14 9.11742e-30 2.74895e-23
1.17032e-14 9.38081e-30 2.74895e-23
1.17559e-14 9.65134e-30 2.74895e-23
1.18088e-14 9.9292e-30 2.74895e-23
1.1862e-14 1.02146e-29 2.74895e-23
1.19154e-14 1.05076e-29 2.74895e-23
1.19691e-14 1.08086e-29 2.74895e-23
1.2023e-14 1.11176e-29 2.74894e-23
1.20772e-14 1.14349e-29 2.74894e-23
1.21316e-14 1.17607e-29 2.74894e-23
1.21862e-14 1.20952e-29 2.74894e-23
1.22411e-14 1.24387e-29 2.74894e-23
1.22962e-14 1.27912e-29 2.74894e-23
1.23516e-14 1.31531e-29 2.74894e-23
1.24072e-14 1.35246e-29 2.74894e-23
1.24631e-14 1.3906e-29 2.74893e-23
1.25192e-14 1.42974e-29 2.74893e-23
1.25756e-14 1.46991e-29 2.74893e-23
1.26322e-14 1.51113e-29 2.74893e-23
1.26891e-14 1.55344e-29 2.74893e-23
1.27463e-14 1.59686e-29 2.74893e-23
1.28037e-14 1.64141e-29 2.74893e-23
1.28613e-14 1.68712e-29 2.74892e-23
1.29193e-14 1.73402e-29 2.74892e-23
1.29775e-14 1.78214e-29 2.74892e-23
1.30359e-14 1.83151e-29 2.74892e-23
1.30946e-14 1.88215e-29 2.74892e-23
1.31536e-14 1.93411e-29 2.74892e-23
1.32128e-14 1.9874e-29 2.74891e-23
1.32723e-14 2.04206e-29 2.74891e-23
1.33321e-14 2.09812e-29 2.74891e-23
1.33922e-14 2.15562e-29 2.74891e-23
1.34525e-14 2.21459e-29 2.7489e-23
1.35131e-14 2.27507e-29 2.7489e-23
1.35739e-14 2.33708e-29 2.7489e-23
1.3635e-14 2.40067e-29 2.7489e-23
1.36965e-14 2.46587e-29 2.7489e-23
1.37581e-14 2.53272e-29 2.74889e-23
1.38201e-14 2.60126e-29 2.74889e-23
1.38823e-14 2.67152e-29 2.74889e-23
1.39449e-14 2.74355e-29 2.74889e-23
1.40077e-14 2.81739e-29 2.74888e-23
1.40708e-14 2.89308e-29 2.74888e-23
1.41341e-14 2.97066e-29 2.74888e-23
1.41978e-14 3.05017e-29 2.74887e-23
1.42617e-14 3.13166e-29 2.74887e-23
1.4326e-14 3.21518e-29 2.74887e-23
1.43905e-14 3.30076e-29 2.74886e-23
1.44553e-14 3.38846e-29 2.74886e-23
1.45204e-14 3.47832e-29 2.74886e-23
1.45858e-14 3.5704e-29 2.74885e-23
1.46515e-14 3.66474e-29 2.74885e-23
1.47175e-14 3.76139e-29 2.74885e-23
1.47837e-14 3.8604e-29 2.74884e-23
1.48503e-14 3.96184e-29 2.74884e-23
1.49172e-14 4.06574e-29 2.74884e-23
1.49844e-14 4.17217e-29 2.74883e-23
1.50519e-14 4.28118e-29 2.74883e-23
1.51197e-14 4.39283e-29 2.74882e-23
1.51878e-14 4.50718e-29 2.74882e-23
1.52562e-14 4.62429e-29 2.74881e-23
1.53249e-14 4.7442e-29 2.74881e-23
1.53939e-14 4.867e-29 2.7488e-23
1.54632e-14 4.99274e-29 2.7488e-23
1.55329e-14 5.12148e-29 2.74879e-23
1.56028e-14 5.25329e-29 2.74879e-23
1.56731e-14 5.38824e-29 2.74878e-23
1.57437e-14 5.52639e-29 2.74878e-23
1.58146e-14 5.66781e-29 2.74877e-23
1.58858e-14 5.81257e-29 2.74877e-23
1.59573e-14 5.96075e-29 2.74876e-23
1.60292e-14 6.11242e-29 2.74876e-23
1.61014e-14 6.26764e-29 2.74875e-23
1.61739e-14 6.4265e-29 2.74874e-23
1.62468e-14 6.58908e-29 2.74874e-23
1.63199e-14 6.75544e-29 2.74873e-23
1.63934e-14 6.92568e-29 2.74872e-23
1.64673e-14 7.09987e-29 2.74872e-23
1.65414e-14 7.27809e-29 2.74871e-23
1.66159e-14 7.46044e-29 2.7487e-23
1.66908e-14 7.64698e-29 2.7487e-23
1.67659e-14 7.83783e-29 2.74869e-23
1.68414e-14 8.03305e-29 2.74868e-23
1.69173e-14 8.23274e-29 2.74867e-23
1.69935e-14 8.437e-29 2.74866e-23
1.707e-14 8.64591e-29 2.74866e-23
1.71469e-14 8.85958e-29 2.74865e-23
1.72241e-14 9.0781e-29 2.74864e-23
1.73017e-14 9.30156e-29 2.74863e-23
1.73796e-14 9.53007e-29 2.74862e-23
1.74579e-14 9.76374e-29 2.74861e-23
1.75365e-14 1.00027e-28 2.7486e-23
1.76155e-14 1.02469e-28 2.74859e-23
1.76948e-14 1.04967e-28 2.74858e-23
1.77745e-14 1.0752e-28 2.74857e-23
1.78546e-14 1.1013e-28 2.74856e-23
1.7935e-14 1.12798e-28 2.74855e-23
1.80158e-14 1.15526e-28 2.74854e-23
1.80969e-14 1.18313e-28 2.74852e-23
1.81784e-14 1.21163e-28 2.74851e-23
1.82603e-14 1.24075e-28 2.7485e-23
1.83425e-14 1.27051e-28 2.74849e-23
1.84251e-14 1.30092e-28 2.74848e-23
1.85081e-14 1.33199e-28 2.74846e-23
1.85914e-14 1.36375e-28 2.74845e-23
1.86752e-14 1.39619e-28 2.74844e-23
1.87593e-14 1.42934e-28 2.74842e-23
1.88438e-14 1.46321e-28 2.74841e-23
1.89286e-14 1.49781e-28 2.74839e-23
1.90139e-14 1.53316e-28 2.74838e-23
1.90995e-14 1.56926e-28 2.74836e-23
1.91855e-14 1.60614e-28 2.74835e-23
1.92719e-14 1.64381e-28 2.74833e-23
1.93587e-14 1.68228e-28 2.74831e-23
1.94459e-14 1.72157e-28 2.7483e-23
1.95335e-14 1.7617e-28 2.74828e-23
1.96215e-14 1.80268e-28 2.74826e-23
1.97098e-14 1.84452e-28 2.74824e-23
1.97986e-14 1.88724e-28 2.74823e-23
1.98878e-14 1.93087e-28 2.74821e-23
1.99774e-14 1.97541e-28 2.74819e-23
2.00673e-14 2.02088e-28 2.74817e-23
2.01577e-14 2.0673e-28 2.74815e-23
2.02485e-14 2.11469e-28 2.74813e-23
2.03397e-14 2.16306e-28 2.74811e-23
2.04313e-14 2.21243e-28 2.74808e-23
2.05233e-14 2.26283e-28 2.74806e-23
2.06157e-14 2.31426e-28 2.74804e-23
2.07086e-14 2.36675e-28 2.74802e-23
2.08018e-14 2.42032e-28 2.74799e-23
2.08955e-14 2.47498e-28 2.74797e-23
2.09896e-14 2.53076e-28 2.74794e-23
2.10842e-14 2.58768e-28 2.74792e-23
2.11791e-14 2.64575e-28 2.74789e-23
2.12745e-14 2.705e-28 2.74787e-23
2.13703e-14 2.76544e-28 2.74784e-23
2.14666e-14 2.8271e-28 2.74781e-23
2.15632e-14 2.89e-28 2.74778e-23
2.16604e-14 2.95417e-28 2.74775e-23
2.17579e-14 3.01961e-28 2.74772e-23
2.18559e-14 3.08636e-28 2.74769e-23
2.19543e-14 3.15444e-28 2.74766e-23
2.20532e-14 3.22387e-28 2.74763e-23
2.21525e-14 3.29467e-28 2.7476e-23
2.22523e-14 3.36687e-28 2.74757e-23
2.23525e-14 3.44049e-28 2.74753e-23
2.24532e-14 3.51555e-28 2.7475e-23
2.25543e-14 3.59209e-28 2.74746e-23
2.26559e-14 3.67011e-28 2.74743e-23
2.27579e-14 3.74966e-28 2.74739e-23
2.28604e-14 3.83075e-28 2.74735e-23
2.29634e-14 3.91342e-28 2.74732e-23
2.30668e-14 3.99768e-28 2.74728e-23
2.31707e-14 4.08356e-28 2.74724e-23
2.3275e-14 4.1711e-28 2.7472e-23
2.33799e-14 4.26031e-28 2.74715e-23
2.34852e-14 4.35122e-28 2.74711e-23
2.35909e-14 4.44387e-28 2.74707e-23
2.36972e-14 4.53828e-28 2.74702e-23
2.38039e-14 4.63448e-28 2.74698e-23
2.39111e-14 4.73249e-28 2.74693e-23
2.40188e-14 4.83236e-28 2.74688e-23
2.4127e-14 4.9341e-28 2.74684e-23
2.42356e-14 5.03774e-28 2.74679e-23
2.43448e-14 5.14333e-28 2.74674e-23
2.44544e-14 5.25088e-28 2.74668e-23
2.45646e-14 5.36043e-28 2.74663e-23
2.46752e-14 5.47202e-28 2.74658e-23
2.47863e-14 5.58566e-28 2.74652e-23
2.4898e-14 5.7014e-28 2.74647e-23
2.50101e-14 5.81927e-28 2.74641e-23
2.51227e-14 5.9393e-28 2.74635e-23
2.52359e-14 6.06152e-28 2.74629e-23
2.53495e-14 6.18597e-28 2.74623e-23
2.54637e-14 6.31267e-28 2.74617e-23
2.55784e-14 6.44168e-28 2.74611e-23
2.56936e-14 6.57301e-28 2.74604e-23
2.58093e-14 6.70672e-28 2.74598e-23
2.59255e-14 6.84282e-28 2.74591e-23
2.60423e-14 6.98136e-28 2.74584e-23
2.61596e-14 7.12237e-28 2.74577e-23
2.62774e-14 7.2659e-28 2.7457e-23
2.63957e-14 7.41197e-28 2.74563e-23
2.65146e-14 7.56063e-28 2.74555e-23
2.6634e-14 7.71192e-28 2.74548e-23
2.6754e-14 7.86586e-28 2.7454e-23
2.68745e-14 8.02251e-28 2.74532e-23
2.69955e-14 8.18189e-28 2.74524e-23
2.71171e-14 8.34406e-28 2.74516e-23
2.72392e-14 8.50904e-28 2.74508e-23
2.73619e-14 8.67689e-28 2.74499e-23
2.74851e-14 8.84764e-28 2.74491e-23
2.76089e-14 9.02132e-28 2.74482e-23
2.77332e-14 9.198e-28 2.74473e-23
2.78581e-14 9.37769e-28 2.74463e-23
2.79836e-14 9.56046e-28 2.74454e-23
2.81096e-14 9.74634e-28 2.74445e-23
2.82362e-14 9.93537e-28 2.74435e-23
2.83634e-14 1.01276e-27 2.74425e-23
2.84912e-14 1.03231e-27 2.74415e-23
2.86195e-14 1.05218e-27 2.74404e-23
2.87484e-14 1.07239e-27 2.74394e-23
2.88778e-14 1.09294e-27 2.74383e-23
2.90079e-14 1.11383e-27 2.74372e-23
2.91385e-14 1.13506e-27 2.74361e-23
2.92698e-14 1.15665e-27 2.7435e-23
2.94016e-14 1.17859e-27 2.74338e-23
2.9534e-14 1.2009e-27 2.74326e-23
2.9667e-14 1.22357e-27 2.74314e-23
2.98006e-14 1.24661e-27 2.74302e-23
2.99348e-14 1.27002e-27 2.7429e-23
3.00697e-14 1.29382e-27 2.74277e-23
3.02051e-14 1.318e-27 2.74264e-23
3.03411e-14 1.34257e-27 2.74251e-23
3.04778e-14 1.36754e-27 2.74237e-23
3.0615e-14 1.3929e-27 2.74224e-23
3.07529e-14 1.41868e-27 2.7421e-23
3.08914e-14 1.44486e-27 2.74196e-23
3.10305e-14 1.47146e-27 2.74181e-23
3.11703e-14 1.49847e-27 2.74166e-23
3.13107e-14 1.52592e-27 2.74152e-23
3.14517e-14 1.55379e-27 2.74136e-23
3.15933e-14 1.58211e-27 2.74121e-23
3.17356e-14 1.61086e-27 2.74105e-23
3.18786e-14 1.64006e-27 2.74089e-23
3.20221e-14 1.66971e-27 2.74072e-23
3.21663e-14 1.69983e-27 2.74056e-23
3.23112e-14 1.7304e-27 2.74039e-23
3.24567e-14 1.76145e-27 2.74021e-23
3.26029e-14 1.79297e-27 2.74004e-23
3.27497e-14 1.82497e-27 2.73986e-23
3.28972e-14 1.85745e-27 2.73968e-23
3.30454e-14 1.89043e-27 2.73949e-23
3.31942e-14 1.92391e-27 2.7393e-23
3.33437e-14 1.95788e-27 2.73911e-23
3.34939e-14 1.99237e-27 2.73891e-23
3.36447e-14 2.02737e-27 2.73871e-23
3.37963e-14 2.06289e-27 2.73851e-23
3.39485e-14 2.09894e-27 2.7383e-23
3.41014e-14 2.13552e-27 2.73809e-23
3.42549e-14 2.17264e-27 2.73788e-23
3.44092e-14 2.21031e-27 2.73766e-23
3.45642e-14 2.24852e-27 2.73744e-23
3.47199e-14 2.28729e-27 2.73722e-23
3.48762e-14 2.32662e-27 2.73699e-23
3.50333e-14 2.36652e-27 2.73676e-23
3.51911e-14 2.407e-27 2.73652e-23
3.53496e-14 2.44805e-27 2.73628e-23
3.55088e-14 2.4897e-27 2.73603e-23
3.56687e-14 2.53193e-27 2.73579e-23
3.58293e-14 2.57476e-27 2.73553e-23
3.59907e-14 2.6182e-27 2.73527e-23
3.61528e-14 2.66226e-27 2.73501e-23
3.63156e-14 2.70692e-27 2.73475e-23
3.64792e-14 2.75222e-27 2.73448e-23
3.66435e-14 2.79814e-27 2.7342e-23
3.68085e-14 2.8447e-27 2.73392e-23
3.69743e-14 2.89191e-27 2.73364e-23
3.71408e-14 2.93976e-27 2.73335e-23
3.73081e-14 2.98827e-27 2.73305e-23
3.74761e-14 3.03744e-27 2.73275e-23
3.76449e-14 3.08728e-27 2.73245e-23
3.78144e-14 3.1378e-27 2.73214e-23
3.79847e-14 3.189e-27 2.73183e-23
3.81558e-14 3.24088e-27 2.73151e-23
3.83276e-14 3.29347e-27 2.73119e-23
3.85002e-14 3.34675e-27 2.73086e-23
3.86736e-14 3.40074e-27 2.73052e-23
3.88478e-14 3.45544e-27 2.73018e-23
3.90228e-14 3.51087e-27 2.72984e-23
3.91985e-14 3.56702e-27 2.72948e-23
3.93751e-14 3.62391e-27 2.72913e-23
3.95524e-14 3.68154e-27 2.72877e-23
3.97305e-14 3.73991e-27 2.7284e-23
3.99095e-14 3.79904e-27 2.72802e-23
4.00892e-14 3.85893e-27 2.72764e-23
4.02698e-14 3.91959e-27 2.72726e-23
4.04511e-14 3.98102e-27 2.72687e-23
4.06333e-14 4.04323e-27 2.72647e-23
4.08163e-14 4.10622e-27 2.72606e-23
4.10001e-14 4.17001e-27 2.72565e-23
4.11848e-14 4.2346e-27 2.72524e-23
4.13703e-14 4.3e-27 2.72481e-23
4.15566e-14 4.36621e-27 2.72438e-23
4.17437e-14 4.43324e-27 2.72395e-23
4.19317e-14 4.50109e-27 2.7235e-23
4.21206e-14 4.56978e-27 2.72305e-23
4.23103e-14 4.6393e-27 2.7226e-23
4.25008e-14 4.70968e-27 2.72213e-23
4.26922e-14 4.7809e-27 2.72166e-23
4.28845e-14 4.85298e-27 2.72118e-23
4.30777e-14 4.92593e-27 2.7207e-23
4.32717e-14 4.99975e-27 2.7202e-23
4.34666e-14 5.07445e-27 2.7197e-23
4.36623e-14 5.15003e-27 2.7192e-23
4.3859e-14 5.22651e-27 2.71868e-23
4.40565e-14 5.30388e-27 2.71816e-23
4.42549e-14 5.38215e-27 2.71763e-23
4.44542e-14 5.46134e-27 2.71709e-23
4.46544e-14 5.54144e-27 2.71654e-23
4.48555e-14 5.62246e-27 2.71599e-23
4.50575e-14 5.70441e-27 2.71543e-23
4.52605e-14 5.7873e-27 2.71486e-23
4.54643e-14 5.87113e-27 2.71428e-23
4.56691e-14 5.95591e-27 2.71369e-23
4.58748e-14 6.04163e-27 2.7131e-23
4.60814e-14 6.12832e-27 2.71249e-23
4.62889e-14 6.21598e-27 2.71188e-23
4.64974e-14 6.30461e-27 2.71126e-23
4.67068e-14 6.39421e-27 2.71063e-23
4.69171e-14 6.4848e-27 2.70999e-23
4.71284e-14 6.57638e-27 2.70934e-23
4.73407e-14 6.66895e-27 2.70868e-23
4.75539e-14 6.76253e-27 2.70801e-23
4.77681e-14 6.85711e-27 2.70734e-23
4.79832e-14 6.9527e-27 2.70665e-23
4.81993e-14 7.04931e-27 2.70596e-23
4.84164e-14 7.14695e-27 2.70525e-23
4.86344e-14 7.24561e-27 2.70454e-23
4.88535e-14 7.34531e-27 2.70381e-23
4.90735e-14 7.44605e-27 2.70308e-23
4.92945e-14 7.54784e-27 2.70233e-23
4.95165e-14 7.65067e-27 2.70158e-23
4.97395e-14 7.75457e-27 2.70081e-23
4.99635e-14 7.85952e-27 2.70004e-23
5.01886e-14 7.96554e-27 2.69925e-23
5.04146e-14 8.07263e-27 2.69846e-23
5.06416e-14 8.1808e-27 2.69765e-23
5.08697e-14 8.29005e-27 2.69683e-23
5.10988e-14 8.40038e-27 2.696e-23
5.13289e-14 8.51181e-27 2.69516e-23
5.15601e-14 8.62433e-27 2.69431e-23
5.17923e-14 8.73795e-27 2.69345e-23
5.20256e-14 8.85267e-27 2.69257e-23
5.22599e-14 8.9685e-27 2.69169e-23
5.24953e-14 9.08545e-27 2.69079e-23
5.27317e-14 9.20351e-27 2.68988e-23
5.29692e-14 9.3227e-27 2.68896e-23
5.32077e-14 9.44301e-27 2.68803e-23
5.34474e-14 9.56445e-27 2.68709e-23
5.36881e-14 9.68702e-27 2.68613e-23
5.39299e-14 9.81074e-27 2.68516e-23
5.41728e-14 9.93559e-27 2.68418e-23
5.44167e-14 1.00616e-26 2.68319e-23
5.46618e-14 1.01887e-26 2.68218e-23
5.4908e-14 1.0317e-26 2.68116e-23
5.51553e-14 1.04465e-26 2.68013e-23
5.54037e-14 1.05771e-26 2.67909e-23
5.56532e-14 1.07088e-26 2.67803e-23
5.59039e-14 1.08418e-26 2.67696e-23
5.61556e-14 1.09759e-26 2.67587e-23
5.64085e-14 1.11111e-26 2.67478e-23
5.66626e-14 1.12476e-26 2.67366e-23
5.69178e-14 1.13852e-26 2.67254e-23
5.71741e-14 1.1524e-26 2.6714e-23
5.74316e-14 1.1664e-26 2.67025e-23
5.76903e-14 1.18051e-26 2.66908e-23
5.79501e-14 1.19474e-26 2.6679e-23
5.82111e-14 1.2091e-26 2.66671e-23
5.84732e-14 1.22357e-26 2.6655e-23
5.87366e-14 1.23816e-26 2.66427e-23
5.90011e-14 1.25286e-26 2.66304e-23
5.92668e-14 1.26769e-26 2.66178e-23
5.95338e-14 1.28264e-26 2.66052e-23
5.98019e-14 1.2977e-26 2.65923e-23
6.00712e-14 1.31289e-26 2.65794e-23
6.03418e-14 1.3282e-26 2.65662e-23
6.06135e-14 1.34362e-26 2.65529e-23
6.08865e-14 1.35916e-26 2.65395e-23
6.11607e-14 1.37483e-26 2.65259e-23
6.14362e-14 1.39061e-26 2.65122e-23
6.17129e-14 1.40652e-26 2.64983e-23
6.19908e-14 1.42254e-26 2.64842e-23
6.227e-14 1.43868e-26 2.647e-23
6.25504e-14 1.45495e-26 2.64556e-23
6.28321e-14 1.47133e-26 2.6441e-23
6.31151e-14 1.48783e-26 2.64263e-23
6.33994e-14 1.50445e-26 2.64114e-23
6.36849e-14 1.52119e-26 2.63964e-23
6.39717e-14 1.53805e-26 2.63812e-23
6.42598e-14 1.55503e-26 2.63658e-23
6.45492e-14 1.57213e-26 2.63503e-23
6.484e-14 1.58935e-26 2.63345e-23
6.5132e-14 1.60668e-26 2.63186e-23
6.54253e-14 1.62414e-26 2.63026e-23
6.572e-14 1.64171e-26 2.62863e-23
6.6016e-14 1.6594e-26 2.62699e-23
6.63133e-14 1.67721e-26 2.62533e-23
6.66119e-14 1.69514e-26 2.62365e-23
6.69119e-14 1.71318e-26 2.62196e-23
6.72133e-14 1.73134e-26 2.62025e-23
6.7516e-14 1.74962e-26 2.61852e-23
6.78201e-14 1.76801e-26 2.61677e-23
6.81255e-14 1.78652e-26 2.615e-23
6.84323e-14 1.80514e-26 2.61321e-23
6.87405e-14 1.82389e-26 2.61141e-23
6.90501e-14 1.84274e-26 2.60958e-23
6.93611e-14 1.86171e-26 2.60774e-23
6.96735e-14 1.88079e-26 2.60588e-23
6.99873e-14 1.89999e-26 2.604e-23
7.03025e-14 1.9193e-26 2.6021e-23
7.06191e-14 1.93872e-26 2.60018e-23
7.09371e-14 1.95826e-26 2.59824e-23
7.12566e-14 1.97791e-26 2.59628e-23
7.15775e-14 1.99766e-26 2.5943e-23
7.18999e-14 2.01753e-26 2.5923e-23
7.22237e-14 2.03751e-26 2.59029e-23
7.2549e-14 2.0576e-26 2.58825e-23
7.28757e-14 2.07779e-26 2.58619e-23
7.32039e-14 2.0981e-26 2.58411e-23
7.35336e-14 2.11851e-26 2.58202e-23
7.38648e-14 2.13902e-26 2.5799e-23
7.41975e-14 2.15965e-26 2.57776e-23
7.45316e-14 2.18038e-26 2.5756e-23
7.48673e-14 2.20121e-26 2.57342e-23
7.52045e-14 2.22215e-26 2.57122e-23
7.55432e-14 2.24319e-26 2.569e-23
7.58834e-14 2.26433e-26 2.56675e-23
7.62252e-14 2.28557e-26 2.56449e-23
7.65685e-14 2.30692e-26 2.5622e-23
7.69133e-14 2.32836e-26 2.5599e-23
7.72597e-14 2.3499e-26 2.55757e-23
7.76076e-14 2.37154e-26 2.55522e-23
7.79572e-14 2.39328e-26 2.55285e-23
7.83083e-14 2.41512e-26 2.55045e-23
7.86609e-14 2.43704e-26 2.54804e-23
7.90152e-14 2.45907e-26 2.5456e-23
7.93711e-14 2.48118e-26 2.54314e-23
7.97285e-14 2.50339e-26 2.54066e-23
8.00876e-14 2.52569e-26 2.53816e-23
8.04483e-14 2.54808e-26 2.53563e-23
8.08106e-14 2.57056e-26 2.53308e-23
8.11746e-14 2.59313e-26 2.53051e-23
8.15402e-14 2.61578e-26 2.52792e-23
8.19074e-14 2.63852e-26 2.5253e-23
8.22763e-14 2.66134e-26 2.52266e-23
8.26468e-14 2.68425e-26 2.52e-23
8.3019e-14 2.70724e-26 2.51732e-23
8.33929e-14 2.73031e-26 2.51461e-23
8.37685e-14 2.75346e-26 2.51188e-23
8.41458e-14 2.77669e-26 2.50913e-23
8.45247e-14 2.79999e-26 2.50635e-23
8.49054e-14 2.82338e-26 2.50355e-23
8.52878e-14 2.84683e-26 2.50073e-23
8.56719e-14 2.87036e-26 2.49788e-23
8.60578e-14 2.89396e-26 2.49501e-23
8.64453e-14 2.91764e-26 2.49212e-23
8.68347e-14 2.94138e-26 2.4892e-23
8.72257e-14 2.96519e-26 2.48626e-23
8.76186e-14 2.98907e-26 2.48329e-23
8.80132e-14 3.01301e-26 2.4803e-23
8.84096e-14 3.03701e-26 2.47729e-23
8.88077e-14 3.06108e-26 2.47425e-23
8.92077e-14 3.08521e-26 2.47119e-23
8.96095e-14 3.1094e-26 2.46811e-23
9.00131e-14 3.13364e-26 2.465e-23
9.04184e-14 3.15795e-26 2.46186e-23
9.08257e-14 3.1823e-26 2.45871e-23
9.12347e-14 3.20671e-26 2.45552e-23
9.16456e-14 3.23117e-26 2.45232e-23
9.20584e-14 3.25568e-26 2.44909e-23
9.2473e-14 3.28024e-26 2.44583e-23
9.28894e-14 3.30485e-26 2.44255e-23
9.33078e-14 3.3295e-26 2.43925e-23
9.3728e-14 3.35419e-26 2.43592e-23
9.41501e-14 3.37893e-26 2.43256e-23
9.45742e-14 3.40371e-26 2.42918e-23
9.50001e-14 3.42852e-26 2.42578e-23
9.54279e-14 3.45337e-26 2.42235e-23
9.58577e-14 3.47825e-26 2.4189e-23
9.62894e-14 3.50317e-26 2.41542e-23
9.67231e-14 3.52812e-26 2.41192e-23
9.71587e-14 3.5531e-26 2.40839e-23
9.75963e-14 3.57811e-26 2.40483e-23
9.80358e-14 3.60314e-26 2.40126e-23
9.84774e-14 3.6282e-26 2.39765e-23
9.89209e-14 3.65327e-26 2.39403e-23
9.93664e-14 3.67837e-26 2.39037e-23
9.98139e-14 3.70349e-26 2.38669e-23
1.00263e-13 3.72862e-26 2.38299e-23
1.00715e-13 3.75377e-26 2.37926e-23
1.01169e-13 3.77893e-26 2.37551e-23
1.01624e-13 3.8041e-26 2.37173e-23
1.02082e-13 3.82928e-26 2.36792e-23
1.02542e-13 3.85447e-26 2.3641e-23
1.03003e-13 3.87966e-26 2.36024e-23
1.03467e-13 3.90486e-26 2.35636e-23
1.03933e-13 3.93005e-26 2.35246e-23
1.04401e-13 3.95525e-26 2.34853e-23
1.04872e-13 3.98044e-26 2.34457e-23
1.05344e-13 4.00562e-26 2.34059e-23
1.05818e-13 4.0308e-26 2.33658e-23
1.06295e-13 4.05597e-26 2.33255e-23
1.06774e-13 4.08113e-26 2.3285e-23
1.07255e-13 4.10628e-26 2.32442e-23
1.07738e-13 4.13141e-26 2.32031e-23
1.08223e-13 4.15652e-26 2.31618e-23
1.0871e-13 4.18161e-26 2.31202e-23
1.092e-13 4.20668e-26 2.30784e-23
1.09692e-13 4.23173e-26 2.30363e-23
1.10186e-13 4.25675e-26 2.2994e-23
1.10682e-13 4.28175e-26 2.29515e-23
1.1118e-13 4.30671e-26 2.29086e-23
1.11681e-13 4.33164e-26 2.28656e-23
1.12184e-13 4.35654e-26 2.28223e-23
1.12689e-13 4.3814e-26 2.27787e-23
1.13197e-13 4.40622e-26 2.27349e-23
1.13707e-13 4.43101e-26 2.26908e-23
1.14219e-13 4.45574e-26 2.26465e-23
1.14733e-13 4.48044e-26 2.2602e-23
1.1525e-13 4.50508e-26 2.25571e-23
1.15769e-13 4.52968e-26 2.25121e-23
1.1629e-13 4.55422e-26 2.24668e-23
1.16814e-13 4.57872e-26 2.24213e-23
1.1734e-13 4.60315e-26 2.23755e-23
1.17869e-13 4.62753e-26 2.23294e-23
1.18399e-13 4.65184e-26 2.22832e-23
1.18933e-13 4.6761e-26 2.22366e-23
1.19468e-13 4.70029e-26 2.21899e-23
1.20006e-13 4.72441e-26 2.21429e-23
1.20547e-13 4.74846e-26 2.20956e-23
1.2109e-13 4.77244e-26 2.20482e-23
1.21635e-13 4.79635e-26 2.20004e-23
1.22183e-13 4.82018e-26 2.19525e-23
1.22733e-13 4.84394e-26 2.19043e-23
1.23286e-13 4.86761e-26 2.18558e-23
1.23841e-13 4.8912e-26 2.18071e-23
1.24399e-13 4.91471e-26 2.17582e-23
1.24959e-13 4.93813e-26 2.17091e-23
1.25522e-13 4.96146e-26 2.16597e-23
1.26087e-13 4.9847e-26 2.16101e-23
1.26655e-13 5.00785e-26 2.15602e-23
1.27226e-13 5.0309e-26 2.15102e-23
1.27799e-13 5.05386e-26 2.14599e-23
1.28374e-13 5.07671e-26 2.14093e-23
1.28952e-13 5.09946e-26 2.13586e-23
1.29533e-13 5.12211e-26 2.13076e-23
1.30116e-13 5.14465e-26 2.12563e-23
1.30702e-13 5.16708e-26 2.12049e-23
1.31291e-13 5.18941e-26 2.11532e-23
1.31882e-13 5.21162e-26 2.11013e-23
1.32476e-13 5.23371e-26 2.10492e-23
1.33073e-13 5.25569e-26 2.09969e-23
1.33672e-13 5.27755e-26 2.09443e-23
1.34274e-13 5.29928e-26 2.08915e-23
1.34879e-13 5.3209e-26 2.08385e-23
1.35487e-13 5.34238e-26 2.07853e-23
1.36097e-13 5.36375e-26 2.07319e-23
1.3671e-13 5.38498e-26 2.06783e-23
1.37325e-13 5.40607e-26 2.06244e-23
1.37944e-13 5.42704e-26 2.05704e-23
1.38565e-13 5.44787e-26 2.05161e-23
1.39189e-13 5.46856e-26 2.04616e-23
1.39816e-13 5.48911e-26 2.04069e-23
1.40446e-13 5.50952e-26 2.0352e-23
1.41078e-13 5.52979e-26 2.02969e-23
1.41714e-13 5.54991e-26 2.02416e-23
1.42352e-13 5.56988e-26 2.01861e-23
1.42993e-13 5.5897e-26 2.01304e-23
1.43637e-13 5.60937e-26 2.00746e-23
1.44284e-13 5.62888e-26 2.00185e-23
1.44934e-13 5.64824e-26 1.99622e-23
1.45586e-13 5.66744e-26 1.99057e-23
1.46242e-13 5.68649e-26 1.9849e-23
1.46901e-13 5.70537e-26 1.97921e-23
1.47562e-13 5.72408e-26 1.97351e-23
1.48227e-13 5.74264e-26 1.96779e-23
1.48894e-13 5.76102e-26 1.96204e-23
1.49565e-13 5.77924e-26 1.95628e-23
1.50239e-13 5.79728e-26 1.9505e-23
1.50915e-13 5.81515e-26 1.94471e-23
1.51595e-13 5.83285e-26 1.93889e-23
1.52278e-13 5.85037e-26 1.93306e-23
1.52963e-13 5.86772e-26 1.92721e-23
1.53652e-13 5.88488e-26 1.92134e-23
1.54344e-13 5.90186e-26 1.91545e-23
1.5504e-13 5.91866e-26 1.90955e-23
1.55738e-13 5.93528e-26 1.90363e-23
1.56439e-13 5.95171e-26 1.8977e-23
1.57144e-13 5.96795e-26 1.89175e-23
1.57851e-13 5.984e-26 1.88578e-23
1.58562e-13 5.99986e-26 1.87979e-23
1.59277e-13 6.01553e-26 1.87379e-23
1.59994e-13 6.031e-26 1.86778e-23
1.60714e-13 6.04627e-26 1.86175e-23
1.61438e-13 6.06135e-26 1.8557e-23
1.62165e-13 6.07623e-26 1.84964e-23
1.62896e-13 6.09091e-26 1.84356e-23
1.63629e-13 6.10539e-26 1.83747e-23
1.64366e-13 6.11966e-26 1.83137e-23
1.65106e-13 6.13373e-26 1.82525e-23
1.6585e-13 6.1476e-26 1.81911e-23
1.66597e-13 6.16125e-26 1.81297e-23
1.67347e-13 6.1747e-26 1.80681e-23
1.68101e-13 6.18794e-26 1.80063e-23
1.68858e-13 6.20096e-26 1.79444e-23
1.69619e-13 6.21377e-26 1.78824e-23
1.70382e-13 6.22637e-26 1.78203e-23
1.7115e-13 6.23876e-26 1.7758e-23
1.71921e-13 6.25092e-26 1.76956e-23
1.72695e-13 6.26287e-26 1.76331e-23
1.73473e-13 6.2746e-26 1.75705e-23
1.74254e-13 6.28611e-26 1.75077e-23
1.75039e-13 6.2974e-26 1.74449e-23
1.75827e-13 6.30847e-26 1.73819e-23
1.76619e-13 6.31931e-26 1.73188e-23
1.77414e-13 6.32993e-26 1.72556e-23
1.78213e-13 6.34033e-26 1.71923e-23
1.79016e-13 6.3505e-26 1.71289e-23
1.79822e-13 6.36044e-26 1.70654e-23
1.80632e-13 6.37015e-26 1.70018e-23
1.81446e-13 6.37963e-26 1.69381e-23
1.82263e-13 6.38889e-26 1.68743e-23
1.83084e-13 6.39791e-26 1.68104e-23
1.83908e-13 6.4067e-26 1.67465e-23
1.84736e-13 6.41526e-26 1.66824e-23
1.85568e-13 6.42359e-26 1.66182e-23
1.86404e-13 6.43168e-26 1.6554e-23
1.87244e-13 6.43954e-26 1.64897e-23
1.88087e-13 6.44716e-26 1.64253e-23
1.88934e-13 6.45455e-26 1.63608e-23
1.89785e-13 6.4617e-26 1.62963e-23
1.9064e-13 6.46862e-26 1.62317e-23
1.91498e-13 6.47529e-26 1.6167e-23
1.92361e-13 6.48173e-26 1.61022e-23
1.93227e-13 6.48793e-26 1.60374e-23
1.94097e-13 6.49388e-26 1.59725e-23
1.94972e-13 6.4996e-26 1.59076e-23
1.9585e-13 6.50508e-26 1.58426e-23
1.96732e-13 6.51032e-26 1.57775e-23
1.97618e-13 6.51532e-26 1.57124e-23
1.98508e-13 6.52007e-26 1.56473e-23
1.99402e-13 6.52459e-26 1.55821e-23
2.003e-13 6.52886e-26 1.55168e-23
2.01202e-13 6.53289e-26 1.54515e-23
2.02108e-13 6.53668e-26 1.53862e-23
2.03018e-13 6.54022e-26 1.53208e-23
2.03933e-13 6.54352e-26 1.52554e-23
2.04851e-13 6.54658e-26 1.519e-23
2.05774e-13 6.5494e-26 1.51245e-23
2.067e-13 6.55197e-26 1.50591e-23
2.07631e-13 6.5543e-26 1.49935e-23
2.08566e-13 6.55638e-26 1.4928e-23
2.09506e-13 6.55822e-26 1.48624e-23
2.10449e-13 6.55982e-26 1.47968e-23
2.11397e-13 6.56117e-26 1.47312e-23
2.12349e-13 6.56228e-26 1.46656e-23
2.13306e-13 6.56315e-26 1.46e-23
2.14266e-13 6.56378e-26 1.45344e-23
2.15231e-13 6.56416e-26 1.44687e-23
2.16201e-13 6.56429e-26 1.44031e-23
2.17174e-13 6.56419e-26 1.43375e-23
2.18152e-13 6.56384e-26 1.42718e-23
2.19135e-13 6.56325e-26 1.42062e-23
2.20122e-13 6.56242e-26 1.41405e-23
2.21113e-13 6.56135e-26 1.40749e-23
2.22109e-13 6.56003e-26 1.40093e-23
2.23109e-13 6.55848e-26 1.39437e-23
2.24114e-13 6.55668e-26 1.38781e-23
2.25123e-13 6.55465e-26 1.38126e-23
2.26137e-13 6.55237e-26 1.3747e-23
2.27156e-13 6.54986e-26 1.36815e-23
2.28179e-13 6.5471e-26 1.3616e-23
2.29206e-13 6.54411e-26 1.35505e-23
2.30239e-13 6.54088e-26 1.34851e-23
2.31276e-13 6.53742e-26 1.34197e-23
2.32317e-13 6.53371e-26 1.33543e-23
2.33364e-13 6.52977e-26 1.3289e-23
2.34415e-13 6.5256e-26 1.32237e-23
2.3547e-13 6.52119e-26 1.31584e-23
2.36531e-13 6.51655e-26 1.30932e-23
2.37596e-13 6.51167e-26 1.3028e-23
2.38666e-13 6.50657e-26 1.29629e-23
2.39741e-13 6.50123e-26 1.28978e-23
2.40821e-13 6.49566e-26 1.28328e-23
2.41905e-13 6.48986e-26 1.27679e-23
2.42995e-13 6.48383e-26 1.2703e-23
2.44089e-13 6.47757e-26 1.26381e-23
2.45188e-13 6.47108e-26 1.25734e-23
2.46293e-13 6.46437e-26 1.25086e-23
2.47402e-13 6.45744e-26 1.2444e-23
2.48516e-13 6.45028e-26 1.23794e-23
2.49635e-13 6.44289e-26 1.23149e-23
2.5076e-13 6.43528e-26 1.22505e-23
2.51889e-13 6.42746e-26 1.21861e-23
2.53023e-13 6.41941e-26 1.21219e-23
2.54163e-13 6.41114e-26 1.20577e-23
2.55308e-13 6.40265e-26 1.19936e-23
2.56458e-13 6.39395e-26 1.19295e-23
2.57613e-13 6.38503e-26 1.18656e-23
2.58773e-13 6.3759e-26 1.18017e-23
2.59938e-13 6.36655e-26 1.1738e-23
2.61109e-13 6.35699e-26 1.16743e-23
2.62285e-13 6.34722e-26 1.16108e-23
2.63466e-13 6.33724e-26 1.15473e-23
2.64653e-13 6.32705e-26 1.14839e-23
2.65845e-13 6.31665e-26 1.14206e-23
2.67042e-13 6.30605e-26 1.13575e-23
2.68245e-13 6.29525e-26 1.12944e-23
2.69453e-13 6.28424e-26 1.12315e-23
2.70666e-13 6.27302e-26 1.11686e-23
2.71885e-13 6.26161e-26 1.11059e-23
2.7311e-13 6.25e-26 1.10433e-23
2.7434e-13 6.23819e-26 1.09808e-23
2.75575e-13 6.22618e-26 1.09184e-23
2.76816e-13 6.21398e-26 1.08561e-23
2.78063e-13 6.20159e-26 1.0794e-23
2.79315e-13 6.189e-26 1.0732e-23
2.80573e-13 6.17623e-26 1.06701e-23
2.81837e-13 6.16326e-26 1.06083e-23
2.83106e-13 6.15011e-26 1.05467e-23
2.84381e-13 6.13677e-26 1.04852e-23
2.85662e-13 6.12325e-26 1.04238e-23
2.86949e-13 6.10955e-26 1.03626e-23
2.88241e-13 6.09566e-26 1.03015e-23
2.89539e-13 6.08159e-26 1.02405e-23
2.90843e-13 6.06735e-26 1.01797e-23
2.92153e-13 6.05293e-26 1.0119e-23
2.93469e-13 6.03834e-26 1.00585e-23
2.9479e-13 6.02357e-26 9.99813e-24
2.96118e-13 6.00864e-26 9.93789e-24
2.97452e-13 5.99353e-26 9.87781e-24
2.98791e-13 5.97826e-26 9.81787e-24
3.00137e-13 5.96282e-26 9.75809e-24
3.01489e-13 5.94721e-26 9.69846e-24
3.02847e-13 5.93144e-26 9.63899e-24
3.0421e-13 5.91552e-26 9.57967e-24
3.05581e-13 5.89943e-26 9.52052e-24
3.06957e-13 5.88319e-26 9.46152e-24
3.08339e-13 5.86679e-26 9.40269e-24
3.09728e-13 5.85023e-26 9.34403e-24
3.11123e-13 5.83353e-26 9.28552e-24
3.12524e-13 5.81667e-26 9.22719e-24
3.13932e-13 5.79967e-26 9.16902e-24
3.15345e-13 5.78252e-26 9.11102e-24
3.16766e-13 5.76523e-26 9.0532e-24
3.18192e-13 5.74779e-26 8.99555e-24
3.19625e-13 5.73021e-26 8.93807e-24
3.21065e-13 5.71249e-26 8.88077e-24
3.22511e-13 5.69464e-26 8.82364e-24
3.23963e-13 5.67665e-26 8.7667e-24
3.25422e-13 5.65853e-26 8.70993e-24
3.26888e-13 5.64027e-26 8.65334e-24
3.2836e-13 5.62189e-26 8.59694e-24
3.29839e-13 5.60338e-26 8.54072e-24
3.31324e-13 5.58474e-26 8.48469e-24
3.32817e-13 5.56598e-26 8.42884e-24
3.34316e-13 5.5471e-26 8.37318e-24
3.35821e-13 5.52809e-26 8.31771e-24
3.37334e-13 5.50897e-26 8.26243e-24
3.38853e-13 5.48973e-26 8.20734e-24
3.40379e-13 5.47038e-26 8.15244e-24
3.41912e-13 5.45092e-26 8.09774e-24
3.43452e-13 5.43134e-26 8.04323e-24
3.44999e-13 5.41166e-26 7.98892e-24
3.46552e-13 5.39187e-26 7.9348e-24
3.48113e-13 5.37197e-26 7.88088e-24
3.49681e-13 5.35197e-26 7.82716e-24
3.51256e-13 5.33187e-26 7.77364e-24
3.52838e-13 5.31168e-26 7.72032e-24
3.54427e-13 5.29138e-26 7.66721e-24
3.56023e-13 5.27099e-26 7.61429e-24
3.57627e-13 5.25051e-26 7.56158e-24
3.59237e-13 5.22994e-26 7.50908e-24
3.60855e-13 5.20927e-26 7.45678e-24
3.6248e-13 5.18852e-26 7.40468e-24
3.64113e-13 5.16769e-26 7.3528e-24
3.65753e-13 5.14677e-26 7.30112e-24
3.674e-13 5.12577e-26 7.24965e-24
3.69055e-13 5.10469e-26 7.1984e-24
3.70717e-13 5.08353e-26 7.14735e-24
3.72386e-13 5.06229e-26 7.09652e-24
3.74063e-13 5.04099e-26 7.04589e-24
3.75748e-13 5.01961e-26 6.99548e-24
3.7744e-13 4.99816e-26 6.94529e-24
3.7914e-13 4.97664e-26 6.8953e-24
3.80848e-13 4.95506e-26 6.84554e-24
3.82563e-13 4.93341e-26 6.79599e-24
3.84286e-13 4.9117e-26 6.74665e-24
3.86017e-13 4.88993e-26 6.69754e-24
3.87755e-13 4.8681e-26 6.64864e-24
3.89502e-13 4.84621e-26 6.59996e-24
3.91256e-13 4.82427e-26 6.55149e-24
3.93018e-13 4.80228e-26 6.50325e-24
3.94788e-13 4.78023e-26 6.45523e-24
3.96566e-13 4.75814e-26 6.40743e-24
3.98352e-13 4.736e-26 6.35984e-24
4.00146e-13 4.71381e-26 6.31248e-24
4.01948e-13 4.69158e-26 6.26535e-24
4.03758e-13 4.66931e-26 6.21843e-24
4.05577e-13 4.647e-26 6.17174e-24
4.07403e-13 4.62465e-26 6.12527e-24
4.09238e-13 4.60226e-26 6.07902e-24
4.11081e-13 4.57984e-26 6.033e-24
4.12933e-13 4.55738e-26 5.9872e-24
4.14792e-13 4.5349e-26 5.94163e-24
4.16661e-13 4.51238e-26 5.89628e-24
4.18537e-13 4.48984e-26 5.85115e-24
4.20422e-13 4.46727e-26 5.80626e-24
4.22315e-13 4.44468e-26 5.76158e-24
4.24217e-13 4.42207e-26 5.71714e-24
4.26128e-13 4.39943e-26 5.67292e-24
4.28047e-13 4.37678e-26 5.62892e-24
4.29975e-13 4.35411e-26 5.58515e-24
4.31911e-13 4.33143e-26 5.54161e-24
4.33857e-13 4.30873e-26 5.4983e-24
4.35811e-13 4.28602e-26 5.45521e-24
4.37773e-13 4.26329e-26 5.41235e-24
4.39745e-13 4.24056e-26 5.36972e-24
4.41725e-13 4.21783e-26 5.32731e-24
4.43715e-13 4.19508e-26 5.28513e-24
4.45713e-13 4.17234e-26 5.24318e-24
4.47721e-13 4.14959e-26 5.20146e-24
4.49737e-13 4.12684e-26 5.15996e-24
4.51762e-13 4.10409e-26 5.11869e-24
4.53797e-13 4.08135e-26 5.07765e-24
4.55841e-13 4.05861e-26 5.03684e-24
4.57894e-13 4.03587e-26 4.99625e-24
4.59956e-13 4.01315e-26 4.9559e-24
4.62028e-13 3.99043e-26 4.91576e-24
4.64108e-13 3.96772e-26 4.87586e-24
4.66199e-13 3.94502e-26 4.83618e-24
4.68298e-13 3.92234e-26 4.79673e-24
4.70407e-13 3.89967e-26 4.75751e-24
4.72526e-13 3.87702e-26 4.71851e-24
4.74654e-13 3.85438e-26 4.67974e-24
4.76792e-13 3.83177e-26 4.6412e-24
4.78939e-13 3.80917e-26 4.60288e-24
4.81096e-13 3.7866e-26 4.56479e-24
4.83263e-13 3.76405e-26 4.52692e-24
4.85439e-13 3.74153e-26 4.48928e-24
4.87626e-13 3.71903e-26 4.45187e-24
4.89822e-13 3.69656e-26 4.41468e-24
4.92028e-13 3.67412e-26 4.37771e-24
4.94244e-13 3.65171e-26 4.34097e-24
4.9647e-13 3.62933e-26 4.30445e-24
4.98705e-13 3.60698e-26 4.26816e-24
5.00952e-13 3.58467e-26 4.23209e-24
5.03208e-13 3.56239e-26 4.19624e-24
5.05474e-13 3.54015e-26 4.16062e-24
5.0775e-13 3.51795e-26 4.12522e-24
5.10037e-13 3.49579e-26 4.09004e-24
5.12334e-13 3.47367e-26 4.05508e-24
5.14642e-13 3.45159e-26 4.02034e-24
5.16959e-13 3.42955e-26 3.98583e-24
5.19288e-13 3.40755e-26 3.95153e-24
5.21626e-13 3.38561e-26 3.91746e-24
5.23976e-13 3.3637e-26 3.8836e-24
5.26336e-13 3.34185e-26 3.84996e-24
5.28706e-13 3.32004e-26 3.81654e-24
5.31087e-13 3.29828e-26 3.78334e-24
5.33479e-13 3.27658e-26 3.75036e-24
5.35882e-13 3.25492e-26 3.7176e-24
5.38295e-13 3.23332e-26 3.68505e-24
5.40719e-13 3.21178e-26 3.65271e-24
5.43155e-13 3.19028e-26 3.6206e-24
5.45601e-13 3.16885e-26 3.58869e-24
5.48058e-13 3.14747e-26 3.557e-24
5.50526e-13 3.12614e-26 3.52553e-24
5.53006e-13 3.10488e-26 3.49427e-24
5.55496e-13 3.08368e-26 3.46322e-24
5.57998e-13 3.06254e-26 3.43238e-24
5.60511e-13 3.04146e-26 3.40176e-24
5.63036e-13 3.02044e-26 3.37134e-24
5.65571e-13 2.99949e-26 3.34114e-24
5.68119e-13 2.9786e-26 3.31114e-24
5.70677e-13 2.95777e-26 3.28136e-24
5.73247e-13 2.93701e-26 3.25178e-24
5.75829e-13 2.91632e-26 3.22241e-24
5.78422e-13 2.8957e-26 3.19325e-24
5.81027e-13 2.87514e-26 3.16429e-24
5.83644e-13 2.85466e-26 3.13554e-24
5.86273e-13 2.83424e-26 3.10699e-24
5.88913e-13 2.8139e-26 3.07865e-24
5.91566e-13 2.79363e-26 3.05051e-24
5.9423e-13 2.77343e-26 3.02257e-24
5.96906e-13 2.7533e-26 2.99484e-24
5.99594e-13 2.73325e-26 2.96731e-24
6.02295e-13 2.71327e-26 2.93997e-24
6.05007e-13 2.69337e-26 2.91284e-24
6.07732e-13 2.67354e-26 2.88591e-24
6.10469e-13 2.65379e-26 2.85917e-24
6.13218e-13 2.63412e-26 2.83263e-24
6.1598e-13 2.61452e-26 2.80629e-24
6.18754e-13 2.595e-26 2.78015e-24
6.21541e-13 2.57557e-26 2.7542e-24
6.2434e-13 2.55621e-26 2.72844e-24
6.27152e-13 2.53693e-26 2.70288e-24
6.29977e-13 2.51773e-26 2.67751e-24
6.32814e-13 2.49862e-26 2.65233e-24
6.35664e-13 2.47958e-26 2.62735e-24
6.38527e-13 2.46063e-26 2.60255e-24
6.41403e-13 2.44176e-26 2.57794e-24
6.44291e-13 2.42297e-26 2.55353e-24
6.47193e-13 2.40427e-26 2.5293e-24
6.50108e-13 2.38565e-26 2.50525e-24
6.53036e-13 2.36712e-26 2.4814e-24
6.55977e-13 2.34867e-26 2.45773e-24
6.58931e-13 2.33031e-26 2.43424e-24
6.61899e-13 2.31203e-26 2.41094e-24
6.6488e-13 2.29384e-26 2.38782e-24
6.67874e-13 2.27573e-26 2.36488e-24
6.70882e-13 2.25772e-26 2.34212e-24
6.73903e-13 2.23979e-26 2.31954e-24
6.76938e-13 2.22195e-26 2.29715e-24
6.79987e-13 2.20419e-26 2.27493e-24
6.8305e-13 2.18653e-26 2.25288e-24
6.86126e-13 2.16895e-26 2.23102e-24
6.89216e-13 2.15146e-26 2.20933e-24
6.9232e-13 2.13406e-26 2.18782e-24
6.95438e-13 2.11675e-26 2.16648e-24
6.9857e-13 2.09953e-26 2.14531e-24
7.01716e-13 2.0824e-26 2.12431e-24
7.04877e-13 2.06536e-26 2.10349e-24
7.08051e-13 2.04841e-26 2.08283e-24
7.1124e-13 2.03156e-26 2.06235e-24
7.14443e-13 2.01479e-26 2.04203e-24
7.17661e-13 1.99811e-26 2.02189e-24
7.20893e-13 1.98153e-26 2.00191e-24
7.2414e-13 1.96503e-26 1.98209e-24
7.27401e-13 1.94863e-26 1.96244e-24
7.30677e-13 1.93232e-26 1.94295e-24
7.33968e-13 1.9161e-26 1.92363e-24
7.37273e-13 1.89997e-26 1.90447e-24
7.40594e-13 1.88394e-26 1.88547e-24
7.43929e-13 1.86799e-26 1.86663e-24
7.4728e-13 1.85214e-26 1.84795e-24
7.50645e-13 1.83639e-26 1.82943e-24
7.54026e-13 1.82072e-26 1.81107e-24
7.57422e-13 1.80515e-26 1.79286e-24
7.60833e-13 1.78966e-26 1.77481e-24
7.6426e-13 1.77428e-26 1.75691e-24
7.67702e-13 1.75898e-26 1.73917e-24
7.71159e-13 1.74378e-26 1.72158e-24
7.74632e-13 1.72866e-26 1.70414e-24
7.78121e-13 1.71365e-26 1.68685e-24
7.81625e-13 1.69872e-26 1.66972e-24
7.85146e-13 1.68389e-26 1.65273e-24
7.88682e-13 1.66915e-26 1.63589e-24
7.92234e-13 1.6545e-26 1.6192e-24
7.95802e-13 1.63994e-26 1.60265e-24
7.99386e-13 1.62548e-26 1.58625e-24
8.02986e-13 1.6111e-26 1.57e-24
8.06602e-13 1.59683e-26 1.55389e-24
8.10235e-13 1.58264e-26 1.53792e-24
8.13884e-13 1.56854e-26 1.52209e-24
8.1755e-13 1.55454e-26 1.50641e-24
8.21232e-13 1.54063e-26 1.49086e-24
8.2493e-13 1.52681e-26 1.47546e-24
8.28645e-13 1.51308e-26 1.46019e-24
8.32377e-13 1.49944e-26 1.44506e-24
8.36126e-13 1.4859e-26 1.43006e-24
8.39892e-13 1.47244e-26 1.4152e-24
8.43674e-13 1.45908e-26 1.40048e-24
8.47474e-13 1.44581e-26 1.38589e-24
8.51291e-13 1.43263e-26 1.37143e-24
8.55125e-13 1.41954e-26 1.35711e-24
8.58976e-13 1.40654e-26 1.34291e-24
8.62845e-13 1.39363e-26 1.32884e-24
8.66731e-13 1.38081e-26 1.31491e-24
8.70634e-13 1.36808e-26 1.3011e-24
8.74555e-13 1.35544e-26 1.28742e-24
8.78494e-13 1.34288e-26 1.27387e-24
8.82451e-13 1.33042e-26 1.26044e-24
8.86425e-13 1.31805e-26 1.24713e-24
8.90417e-13 1.30576e-26 1.23395e-24
8.94427e-13 1.29357e-26 1.22089e-24
8.98455e-13 1.28146e-26 1.20796e-24
9.02502e-13 1.26944e-26 1.19514e-24
9.06566e-13 1.25751e-26 1.18245e-24
9.10649e-13 1.24566e-26 1.16987e-24
9.14751e-13 1.23391e-26 1.15742e-24
9.1887e-13 1.22224e-26 1.14508e-24
9.23009e-13 1.21065e-26 1.13286e-24
9.27166e-13 1.19916e-26 1.12075e-24
9.31341e-13 1.18774e-26 1.10876e-24
9.35536e-13 1.17642e-26 1.09688e-24
9.39749e-13 1.16518e-26 1.08512e-24
9.43982e-13 1.15402e-26 1.07346e-24
9.48233e-13 1.14296e-26 1.06192e-24
9.52504e-13 1.13197e-26 1.05049e-24
9.56793e-13 1.12107e-26 1.03918e-24
9.61103e-13 1.11025e-26 1.02796e-24
9.65431e-13 1.09952e-26 1.01686e-24
9.69779e-13 1.08887e-26 1.00587e-24
9.74147e-13 1.0783e-26 9.94978e-25
9.78534e-13 1.06782e-26 9.84195e-25
9.82941e-13 1.05742e-26 9.73517e-25
9.87368e-13 1.0471e-26 9.62943e-25
9.91815e-13 1.03686e-26 9.52472e-25
9.96282e-13 1.0267e-26 9.42103e-25
1.00077e-12 1.01663e-26 9.31836e-25
1.00528e-12 1.00663e-26 9.2167e-25
1.0098e-12 9.96719e-27 9.11603e-25
1.01435e-12 9.86884e-27 9.01636e-25
1.01892e-12 9.77129e-27 8.91767e-25
1.02351e-12 9.67453e-27 8.81996e-25
1.02812e-12 9.57856e-27 8.72321e-25
1.03275e-12 9.48337e-27 8.62743e-25
1.0374e-12 9.38896e-27 8.53259e-25
1.04207e-12 9.29533e-27 8.43871e-25
1.04676e-12 9.20248e-27 8.34575e-25
1.05148e-12 9.11039e-27 8.25373e-25
1.05621e-12 9.01907e-27 8.16262e-25
1.06097e-12 8.92851e-27 8.07243e-25
1.06575e-12 8.83871e-27 7.98315e-25
1.07055e-12 8.74966e-27 7.89476e-25
1.07537e-12 8.66136e-27 7.80726e-25
1.08021e-12 8.57381e-27 7.72065e-25
1.08508e-12 8.487e-27 7.63491e-25
1.08997e-12 8.40093e-27 7.55004e-25
1.09487e-12 8.31559e-27 7.46603e-25
1.09981e-12 8.23099e-27 7.38288e-25
1.10476e-12 8.14711e-27 7.30057e-25
1.10973e-12 8.06395e-27 7.2191e-25
1.11473e-12 7.98151e-27 7.13846e-25
1.11975e-12 7.89978e-27 7.05864e-25
1.1248e-12 7.81876e-27 6.97964e-25
1.12986e-12 7.73845e-27 6.90146e-25
1.13495e-12 7.65885e-27 6.82407e-25
1.14006e-12 7.57993e-27 6.74748e-25
1.1452e-12 7.50172e-27 6.67168e-25
1.15035e-12 7.42419e-27 6.59667e-25
1.15553e-12 7.34735e-27 6.52242e-25
1.16074e-12 7.27119e-27 6.44895e-25
1.16597e-12 7.1957e-27 6.37624e-25
1.17122e-12 7.12089e-27 6.30428e-25
1.17649e-12 7.04675e-27 6.23307e-25
1.18179e-12 6.97327e-27 6.16261e-25
1.18711e-12 6.90045e-27 6.09287e-25
1.19246e-12 6.82829e-27 6.02387e-25
1.19783e-12 6.75678e-27 5.95559e-25
1.20323e-12 6.68592e-27 5.88802e-25
1.20864e-12 6.6157e-27 5.82116e-25
1.21409e-12 6.54613e-27 5.755e-25
1.21956e-12 6.47718e-27 5.68954e-25
1.22505e-12 6.40887e-27 5.62477e-25
1.23057e-12 6.34119e-27 5.56068e-25
1.23611e-12 6.27413e-27 5.49727e-25
1.24167e-12 6.20768e-27 5.43453e-25
1.24727e-12 6.14185e-27 5.37245e-25
1.25288e-12 6.07664e-27 5.31103e-25
1.25853e-12 6.01203e-27 5.25026e-25
1.26419e-12 5.94802e-27 5.19014e-25
1.26989e-12 5.8846e-27 5.13066e-25
1.27561e-12 5.82179e-27 5.07182e-25
1.28135e-12 5.75956e-27 5.0136e-25
1.28712e-12 5.69791e-27 4.956e-25
1.29292e-12 5.63685e-27 4.89903e-25
1.29874e-12 5.57637e-27 4.84266e-25
1.30459e-12 5.51646e-27 4.78689e-25
1.31047e-12 5.45711e-27 4.73173e-25
1.31637e-12 5.39833e-27 4.67716e-25
1.3223e-12 5.34012e-27 4.62317e-25
1.32825e-12 5.28246e-27 4.56977e-25
1.33424e-12 5.22535e-27 4.51695e-25
1.34024e-12 5.16879e-27 4.4647e-25
1.34628e-12 5.11277e-27 4.41301e-25
1.35234e-12 5.05729e-27 4.36188e-25
1.35843e-12 5.00236e-27 4.31131e-25
1.36455e-12 4.94795e-27 4.26128e-25
1.3707e-12 4.89407e-27 4.2118e-25
1.37687e-12 4.84071e-27 4.16286e-25
1.38307e-12 4.78788e-27 4.11446e-25
1.3893e-12 4.73556e-27 4.06658e-25
1.39556e-12 4.68375e-27 4.01922e-25
1.40184e-12 4.63245e-27 3.97238e-25
1.40816e-12 4.58166e-27 3.92606e-25
1.4145e-12 4.53137e-27 3.88024e-25
1.42087e-12 4.48157e-27 3.83493e-25
1.42727e-12 4.43226e-27 3.79011e-25
1.4337e-12 4.38344e-27 3.74579e-25
1.44015e-12 4.33511e-27 3.70196e-25
1.44664e-12 4.28726e-27 3.65861e-25
1.45315e-12 4.23989e-27 3.61573e-25
1.4597e-12 4.19298e-27 3.57333e-25
1.46627e-12 4.14655e-27 3.5314e-25
1.47288e-12 4.10058e-27 3.48994e-25
1.47951e-12 4.05508e-27 3.44893e-25
1.48617e-12 4.01003e-27 3.40838e-25
1.49287e-12 3.96544e-27 3.36828e-25
1.49959e-12 3.92129e-27 3.32863e-25
1.50634e-12 3.87759e-27 3.28941e-25
1.51313e-12 3.83434e-27 3.25064e-25
1.51994e-12 3.79152e-27 3.2123e-25
1.52679e-12 3.74915e-27 3.17438e-25
1.53366e-12 3.7072e-27 3.13689e-25
1.54057e-12 3.66568e-27 3.09982e-25
1.54751e-12 3.62458e-27 3.06316e-25
1.55448e-12 3.58391e-27 3.02691e-25
1.56148e-12 3.54365e-27 2.99107e-25
1.56851e-12 3.50381e-27 2.95564e-25
1.57558e-12 3.46437e-27 2.9206e-25
1.58267e-12 3.42534e-27 2.88596e-25
1.5898e-12 3.38672e-27 2.8517e-25
1.59696e-12 3.3485e-27 2.81784e-25
1.60415e-12 3.31067e-27 2.78435e-25
1.61138e-12 3.27323e-27 2.75124e-25
1.61864e-12 3.23619e-27 2.71851e-25
1.62592e-12 3.19952e-27 2.68615e-25
1.63325e-12 3.16325e-27 2.65415e-25
1.6406e-12 3.12735e-27 2.62252e-25
1.64799e-12 3.09182e-27 2.59125e-25
1.65541e-12 3.05667e-27 2.56033e-25
1.66287e-12 3.02189e-27 2.52976e-25
1.67036e-12 2.98747e-27 2.49955e-25
1.67788e-12 2.95341e-27 2.46967e-25
1.68544e-12 2.91972e-27 2.44014e-25
1.69303e-12 2.88638e-27 2.41094e-25
1.70065e-12 2.85339e-27 2.38208e-25
1.70831e-12 2.82075e-27 2.35354e-25
1.71601e-12 2.78846e-27 2.32533e-25
1.72374e-12 2.75651e-27 2.29745e-25
1.7315e-12 2.7249e-27 2.26988e-25
1.7393e-12 2.69362e-27 2.24264e-25
1.74713e-12 2.66268e-27 2.2157e-25
1.755e-12 2.63207e-27 2.18907e-25
1.7629e-12 2.60179e-27 2.16275e-25
1.77084e-12 2.57183e-27 2.13673e-25
1.77882e-12 2.5422e-27 2.11102e-25
1.78683e-12 2.51288e-27 2.08559e-25
1.79488e-12 2.48387e-27 2.06046e-25
1.80296e-12 2.45518e-27 2.03563e-25
1.81108e-12 2.4268e-27 2.01107e-25
1.81924e-12 2.39873e-27 1.98681e-25
1.82743e-12 2.37095e-27 1.96282e-25
1.83566e-12 2.34348e-27 1.93911e-25
1.84393e-12 2.31631e-27 1.91567e-25
1.85223e-12 2.28943e-27 1.89251e-25
1.86057e-12 2.26284e-27 1.86962e-25
1.86895e-12 2.23655e-27 1.84699e-25
1.87737e-12 2.21053e-27 1.82462e-25
1.88583e-12 2.18481e-27 1.80252e-25
1.89432e-12 2.15936e-27 1.78067e-25
1.90285e-12 2.13419e-27 1.75908e-25
1.91142e-12 2.1093e-27 1.73773e-25
1.92003e-12 2.08468e-27 1.71664e-25
1.92868e-12 2.06033e-27 1.69579e-25
1.93736e-12 2.03625e-27 1.67519e-25
1.94609e-12 2.01243e-27 1.65483e-25
1.95485e-12 1.98887e-27 1.6347e-25
1.96366e-12 1.96558e-27 1.61482e-25
1.9725e-12 1.94254e-27 1.59516e-25
1.98138e-12 1.91976e-27 1.57573e-25
1.99031e-12 1.89722e-27 1.55654e-25
1.99927e-12 1.87494e-27 1.53756e-25
2.00827e-12 1.85291e-27 1.51882e-25
2.01732e-12 1.83112e-27 1.50029e-25
2.0264e-12 1.80957e-27 1.48197e-25
2.03553e-12 1.78826e-27 1.46388e-25
2.0447e-12 1.76719e-27 1.446e-25
2.05391e-12 1.74635e-27 1.42832e-25
2.06316e-12 1.72574e-27 1.41086e-25
2.07245e-12 1.70537e-27 1.3936e-25
2.08178e-12 1.68522e-27 1.37655e-25
2.09116e-12 1.6653e-27 1.3597e-25
2.10058e-12 1.6456e-27 1.34304e-25
2.11004e-12 1.62613e-27 1.32659e-25
2.11954e-12 1.60687e-27 1.31033e-25
2.12909e-12 1.58783e-27 1.29426e-25
2.13867e-12 1.569e-27 1.27838e-25
2.14831e-12 1.55038e-27 1.26269e-25
2.15798e-12 1.53198e-27 1.24719e-25
2.1677e-12 1.51378e-27 1.23187e-25
2.17746e-12 1.49579e-27 1.21673e-25
2.18727e-12 1.478e-27 1.20177e-25
2.19712e-12 1.46041e-27 1.18699e-25
2.20702e-12 1.44302e-27 1.17239e-25
2.21696e-12 1.42583e-27 1.15796e-25
2.22694e-12 1.40883e-27 1.1437e-25
2.23697e-12 1.39203e-27 1.12961e-25
2.24704e-12 1.37541e-27 1.11569e-25
2.25716e-12 1.35899e-27 1.10194e-25
2.26733e-12 1.34275e-27 1.08835e-25
2.27754e-12 1.3267e-27 1.07492e-25
2.2878e-12 1.31083e-27 1.06165e-25
2.2981e-12 1.29515e-27 1.04854e-25
2.30845e-12 1.27964e-27 1.03559e-25
2.31885e-12 1.26431e-27 1.0228e-25
2.32929e-12 1.24915e-27 1.01015e-25
2.33978e-12 1.23417e-27 9.97661e-26
2.35032e-12 1.21936e-27 9.85319e-26
2.36091e-12 1.20472e-27 9.73125e-26
2.37154e-12 1.19025e-27 9.61078e-26
2.38222e-12 1.17595e-27 9.49176e-26
2.39295e-12 1.16181e-27 9.37416e-26
2.40373e-12 1.14783e-27 9.25798e-26
2.41455e-12 1.13401e-27 9.1432e-26
2.42543e-12 1.12036e-27 9.0298e-26
2.43635e-12 1.10686e-27 8.91776e-26
2.44732e-12 1.09351e-27 8.80708e-26
2.45834e-12 1.08032e-27 8.69773e-26
2.46942e-12 1.06729e-27 8.58969e-26
2.48054e-12 1.0544e-27 8.48296e-26
2.49171e-12 1.04166e-27 8.37752e-26
2.50293e-12 1.02908e-27 8.27336e-26
2.5142e-12 1.01663e-27 8.17045e-26
2.52553e-12 1.00433e-27 8.06879e-26
2.5369e-12 9.92179e-28 7.96835e-26
2.54833e-12 9.80165e-28 7.86914e-26
2.5598e-12 9.68291e-28 7.77112e-26
2.57133e-12 9.56556e-28 7.67429e-26
2.58291e-12 9.44957e-28 7.57863e-26
2.59454e-12 9.33493e-28 7.48414e-26
2.60623e-12 9.22163e-28 7.39079e-26
2.61797e-12 9.10966e-28 7.29857e-26
2.62976e-12 8.99899e-28 7.20748e-26
2.6416e-12 8.88962e-28 7.11749e-26
2.6535e-12 8.78153e-28 7.02859e-26
2.66545e-12 8.67471e-28 6.94078e-26
2.67745e-12 8.56914e-28 6.85403e-26
2.68951e-12 8.4648e-28 6.76834e-26
2.70162e-12 8.36169e-28 6.68369e-26
2.71379e-12 8.2598e-28 6.60007e-26
2.72601e-12 8.15909e-28 6.51747e-26
2.73829e-12 8.05958e-28 6.43588e-26
2.75062e-12 7.96123e-28 6.35529e-26
2.76301e-12 7.86405e-28 6.27567e-26
2.77546e-12 7.76801e-28 6.19703e-26
2.78796e-12 7.6731e-28 6.11935e-26
2.80051e-12 7.57931e-28 6.04262e-26
2.81312e-12 7.48663e-28 5.96683e-26
2.82579e-12 7.39504e-28 5.89196e-26
2.83852e-12 7.30453e-28 5.81801e-26
2.8513e-12 7.2151e-28 5.74497e-26
2.86415e-12 7.12673e-28 5.67282e-26
2.87705e-12 7.0394e-28 5.60155e-26
2.89e-12 6.9531e-28 5.53116e-26
2.90302e-12 6.86783e-28 5.46162e-26
2.91609e-12 6.78357e-28 5.39295e-26
2.92923e-12 6.70031e-28 5.32511e-26
2.94242e-12 6.61804e-28 5.25811e-26
2.95567e-12 6.53675e-28 5.19193e-26
2.96898e-12 6.45643e-28 5.12656e-26
2.98235e-12 6.37706e-28 5.062e-26
2.99578e-12 6.29863e-28 4.99823e-26
3.00928e-12 6.22114e-28 4.93524e-26
3.02283e-12 6.14457e-28 4.87303e-26
3.03644e-12 6.06892e-28 4.81158e-26
3.05012e-12 5.99417e-28 4.75089e-26
3.06386e-12 5.92031e-28 4.69095e-26
3.07765e-12 5.84733e-28 4.63175e-26
3.09152e-12 5.77523e-28 4.57327e-26
3.10544e-12 5.70398e-28 4.51552e-26
3.11942e-12 5.63359e-28 4.45848e-26
3.13347e-12 5.56405e-28 4.40215e-26
3.14759e-12 5.49533e-28 4.34651e-26
3.16176e-12 5.42744e-28 4.29155e-26
3.176e-12 5.36036e-28 4.23728e-26
3.19031e-12 5.29409e-28 4.18367e-26
3.20467e-12 5.22861e-28 4.13073e-26
3.21911e-12 5.16392e-28 4.07845e-26
3.2336e-12 5.10001e-28 4.02681e-26
3.24817e-12 5.03686e-28 3.97581e-26
3.2628e-12 4.97448e-28 3.92544e-26
3.27749e-12 4.91284e-28 3.87569e-26
3.29225e-12 4.85195e-28 3.82657e-26
3.30708e-12 4.79179e-28 3.77805e-26
3.32197e-12 4.73235e-28 3.73013e-26
3.33693e-12 4.67363e-28 3.68281e-26
3.35196e-12 4.61562e-28 3.63607e-26
3.36706e-12 4.55831e-28 3.58991e-26
3.38222e-12 4.50169e-28 3.54433e-26
3.39746e-12 4.44576e-28 3.49931e-26
3.41276e-12 4.3905e-28 3.45486e-26
3.42813e-12 4.33591e-28 3.41095e-26
3.44357e-12 4.28198e-28 3.36759e-26
3.45908e-12 4.2287e-28 3.32477e-26
3.47465e-12 4.17607e-28 3.28248e-26
3.4903e-12 4.12407e-28 3.24072e-26
3.50602e-12 4.07271e-28 3.19948e-26
3.52181e-12 4.02196e-28 3.15876e-26
3.53767e-12 3.97184e-28 3.11854e-26
3.55361e-12 3.92232e-28 3.07882e-26
3.56961e-12 3.8734e-28 3.0396e-26
3.58569e-12 3.82508e-28 3.00086e-26
3.60184e-12 3.77734e-28 2.96261e-26
3.61806e-12 3.73018e-28 2.92484e-26
3.63435e-12 3.6836e-28 2.88754e-26
3.65072e-12 3.63758e-28 2.8507e-26
3.66716e-12 3.59213e-28 2.81432e-26
3.68368e-12 3.54723e-28 2.7784e-26
3.70027e-12 3.50287e-28 2.74293e-26
3.71693e-12 3.45906e-28 2.7079e-26
3.73367e-12 3.41578e-28 2.67331e-26
3.75049e-12 3.37302e-28 2.63915e-26
3.76738e-12 3.33079e-28 2.60542e-26
3.78435e-12 3.28908e-28 2.57211e-26
3.80139e-12 3.24787e-28 2.53922e-26
3.81851e-12 3.20717e-28 2.50675e-26
3.83571e-12 3.16696e-28 2.47467e-26
3.85298e-12 3.12725e-28 2.443e-26
3.87034e-12 3.08802e-28 2.41173e-26
3.88777e-12 3.04927e-28 2.38085e-26
3.90528e-12 3.011e-28 2.35036e-26
3.92286e-12 2.97319e-28 2.32025e-26
3.94053e-12 2.93585e-28 2.29052e-26
3.95828e-12 2.89897e-28 2.26116e-26
3.97611e-12 2.86254e-28 2.23217e-26
3.99401e-12 2.82655e-28 2.20354e-26
4.012e-12 2.79101e-28 2.17528e-26
4.03007e-12 2.7559e-28 2.14737e-26
4.04822e-12 2.72123e-28 2.11981e-26
4.06645e-12 2.68698e-28 2.0926e-26
4.08477e-12 2.65315e-28 2.06573e-26
4.10316e-12 2.61974e-28 2.03919e-26
4.12164e-12 2.58673e-28 2.013e-26
4.1402e-12 2.55414e-28 1.98713e-26
4.15885e-12 2.52194e-28 1.96159e-26
4.17758e-12 2.49014e-28 1.93637e-26
4.1964e-12 2.45874e-28 1.91147e-26
4.2153e-12 2.42772e-28 1.88688e-26
4.23428e-12 2.39708e-28 1.8626e-26
4.25335e-12 2.36682e-28 1.83863e-26
4.27251e-12 2.33693e-28 1.81496e-26
4.29175e-12 2.30742e-28 1.79159e-26
4.31108e-12 2.27826e-28 1.76852e-26
4.33049e-12 2.24947e-28 1.74574e-26
4.35e-12 2.22103e-28 1.72324e-26
4.36959e-12 2.19295e-28 1.70103e-26
4.38927e-12 2.16521e-28 1.6791e-26
4.40903e-12 2.13781e-28 1.65745e-26
4.42889e-12 2.11076e-28 1.63607e-26
4.44884e-12 2.08403e-28 1.61497e-26
4.46887e-12 2.05764e-28 1.59413e-26
4.489e-12 2.03158e-28 1.57355e-26
4.50922e-12 2.00584e-28 1.55323e-26
4.52953e-12 1.98041e-28 1.53317e-26
4.54993e-12 1.95531e-28 1.51337e-26
4.57042e-12 1.93051e-28 1.49382e-26
4.591e-12 1.90602e-28 1.47451e-26
4.61168e-12 1.88184e-28 1.45545e-26
4.63245e-12 1.85795e-28 1.43663e-26
4.65331e-12 1.83436e-28 1.41805e-26
4.67427e-12 1.81107e-28 1.39971e-26
4.69532e-12 1.78806e-28 1.3816e-26
4.71647e-12 1.76534e-28 1.36372e-26
4.73771e-12 1.74291e-28 1.34607e-26
4.75904e-12 1.72075e-28 1.32864e-26
4.78048e-12 1.69887e-28 1.31143e-26
4.80201e-12 1.67726e-28 1.29444e-26
4.82363e-12 1.65592e-28 1.27767e-26
4.84536e-12 1.63484e-28 1.26111e-26
4.86718e-12 1.61403e-28 1.24476e-26
4.8891e-12 1.59348e-28 1.22862e-26
4.91112e-12 1.57318e-28 1.21269e-26
4.93324e-12 1.55314e-28 1.19695e-26
4.95546e-12 1.53334e-28 1.18142e-26
4.97777e-12 1.5138e-28 1.16609e-26
5.00019e-12 1.49449e-28 1.15095e-26
5.02271e-12 1.47543e-28 1.13601e-26
5.04533e-12 1.45661e-28 1.12125e-26
5.06806e-12 1.43802e-28 1.10669e-26
5.09088e-12 1.41966e-28 1.09231e-26
5.11381e-12 1.40154e-28 1.07811e-26
5.13684e-12 1.38364e-28 1.06409e-26
5.15997e-12 1.36596e-28 1.05026e-26
5.18321e-12 1.34851e-28 1.0366e-26
5.20656e-12 1.33127e-28 1.02311e-26
5.23001e-12 1.31425e-28 1.0098e-26
5.25356e-12 1.29744e-28 9.96657e-27
5.27722e-12 1.28085e-28 9.83683e-27
5.30099e-12 1.26446e-28 9.70874e-27
5.32486e-12 1.24828e-28 9.5823e-27
5.34884e-12 1.2323e-28 9.45747e-27
5.37293e-12 1.21652e-28 9.33424e-27
5.39713e-12 1.20093e-28 9.21259e-27
5.42144e-12 1.18555e-28 9.09249e-27
5.44586e-12 1.17036e-28 8.97394e-27
5.47038e-12 1.15535e-28 8.8569e-27
5.49502e-12 1.14054e-28 8.74137e-27
5.51977e-12 1.12591e-28 8.62731e-27
5.54463e-12 1.11147e-28 8.51472e-27
5.5696e-12 1.09721e-28 8.40358e-27
5.59468e-12 1.08313e-28 8.29386e-27
5.61988e-12 1.06922e-28 8.18554e-27
5.64519e-12 1.05549e-28 8.07862e-27
5.67061e-12 1.04193e-28 7.97307e-27
5.69615e-12 1.02855e-28 7.86888e-27
5.72181e-12 1.01533e-28 7.76602e-27
5.74757e-12 1.00228e-28 7.66449e-27
5.77346e-12 9.8939e-29 7.56426e-27
5.79946e-12 9.76666e-29 7.46532e-27
5.82558e-12 9.64102e-29 7.36766e-27
5.85182e-12 9.51697e-29 7.27125e-27
5.87817e-12 9.39448e-29 7.17608e-27
5.90465e-12 9.27354e-29 7.08213e-27
5.93124e-12 9.15412e-29 6.9894e-27
5.95795e-12 9.03622e-29 6.89786e-27
5.98478e-12 8.9198e-29 6.80749e-27
6.01174e-12 8.80485e-29 6.7183e-27
6.03881e-12 8.69136e-29 6.63025e-27
6.06601e-12 8.57931e-29 6.54333e-27
6.09333e-12 8.46867e-29 6.45754e-27
6.12077e-12 8.35943e-29 6.37285e-27
6.14834e-12 8.25157e-29 6.28926e-27
6.17603e-12 8.14508e-29 6.20674e-27
6.20384e-12 8.03994e-29 6.12529e-27
6.23178e-12 7.93613e-29 6.04489e-27
6.25985e-12 7.83363e-29 5.96553e-27
6.28804e-12 7.73243e-29 5.8872e-27
6.31636e-12 7.63252e-29 5.80987e-27
6.34481e-12 7.53387e-29 5.73355e-27
6.37339e-12 7.43648e-29 5.65821e-27
6.40209e-12 7.34032e-29 5.58384e-27
6.43092e-12 7.24538e-29 5.51044e-27
6.45989e-12 7.15165e-29 5.43799e-27
6.48898e-12 7.0591e-29 5.36647e-27
6.5182e-12 6.96773e-29 5.29588e-27
6.54756e-12 6.87753e-29 5.2262e-27
6.57705e-12 6.78847e-29 5.15743e-27
6.60667e-12 6.70054e-29 5.08954e-27
6.63642e-12 6.61373e-29 5.02254e-27
6.66631e-12 6.52802e-29 4.9564e-27
6.69633e-12 6.44341e-29 4.89112e-27
6.72649e-12 6.35987e-29 4.82669e-27
6.75679e-12 6.27739e-29 4.76309e-27
6.78722e-12 6.19597e-29 4.70031e-27
6.81779e-12 6.11558e-29 4.63835e-27
6.84849e-12 6.03622e-29 4.5772e-27
6.87933e-12 5.95787e-29 4.51683e-27
6.91032e-12 5.88051e-29 4.45726e-27
6.94144e-12 5.80415e-29 4.39845e-27
6.9727e-12 5.72875e-29 4.34041e-27
7.0041e-12 5.65432e-29 4.28312e-27
7.03565e-12 5.58084e-29 4.22658e-27
7.06734e-12 5.5083e-29 4.17077e-27
7.09916e-12 5.43668e-29 4.11569e-27
7.13114e-12 5.36598e-29 4.06132e-27
7.16325e-12 5.29618e-29 4.00766e-27
7.19551e-12 5.22727e-29 3.9547e-27
7.22792e-12 5.15925e-29 3.90243e-27
7.26047e-12 5.09209e-29 3.85083e-27
7.29317e-12 5.02579e-29 3.79991e-27
7.32602e-12 4.96034e-29 3.74965e-27
7.35901e-12 4.89573e-29 3.70005e-27
7.39216e-12 4.83195e-29 3.65109e-27
7.42545e-12 4.76898e-29 3.60277e-27
7.45889e-12 4.70681e-29 3.55509e-27
7.49248e-12 4.64545e-29 3.50802e-27
7.52623e-12 4.58487e-29 3.46156e-27
7.56012e-12 4.52507e-29 3.41571e-27
7.59417e-12 4.46603e-29 3.37046e-27
7.62837e-12 4.40775e-29 3.3258e-27
7.66273e-12 4.35022e-29 3.28173e-27
7.69724e-12 4.29342e-29 3.23822e-27
7.73191e-12 4.23736e-29 3.19529e-27
7.76673e-12 4.18201e-29 3.15292e-27
7.80171e-12 4.12738e-29 3.1111e-27
7.83684e-12 4.07344e-29 3.06982e-27
7.87214e-12 4.0202e-29 3.02909e-27
7.90759e-12 3.96764e-29 2.98889e-27
7.94321e-12 3.91576e-29 2.94921e-27
7.97898e-12 3.86455e-29 2.91005e-27
8.01492e-12 3.81399e-29 2.87141e-27
8.05101e-12 3.76409e-29 2.83327e-27
8.08727e-12 3.71483e-29 2.79562e-27
8.12369e-12 3.6662e-29 2.75848e-27
8.16028e-12 3.61819e-29 2.72181e-27
8.19703e-12 3.57081e-29 2.68563e-27
8.23395e-12 3.52403e-29 2.64992e-27
8.27103e-12 3.47786e-29 2.61468e-27
8.30828e-12 3.43228e-29 2.57991e-27
8.3457e-12 3.38729e-29 2.54558e-27
8.38329e-12 3.34288e-29 2.51171e-27
8.42104e-12 3.29904e-29 2.47828e-27
8.45897e-12 3.25577e-29 2.44529e-27
8.49707e-12 3.21306e-29 2.41273e-27
8.53534e-12 3.17089e-29 2.3806e-27
8.57378e-12 3.12928e-29 2.34889e-27
8.61239e-12 3.0882e-29 2.3176e-27
8.65118e-12 3.04764e-29 2.28672e-27
8.69014e-12 3.00762e-29 2.25624e-27
8.72928e-12 2.96811e-29 2.22617e-27
8.76859e-12 2.92911e-29 2.19648e-27
8.80808e-12 2.89061e-29 2.16719e-27
8.84775e-12 2.85262e-29 2.13829e-27
8.8876e-12 2.81511e-29 2.10976e-27
8.92763e-12 2.77809e-29 2.08161e-27
8.96783e-12 2.74155e-29 2.05383e-27
9.00822e-12 2.70548e-29 2.02641e-27
9.04879e-12 2.66988e-29 1.99936e-27
9.08955e-12 2.63474e-29 1.97266e-27
9.13048e-12 2.60005e-29 1.94631e-27
9.1716e-12 2.56582e-29 1.92031e-27
9.21291e-12 2.53203e-29 1.89465e-27
9.2544e-12 2.49867e-29 1.86933e-27
9.29608e-12 2.46575e-29 1.84435e-27
9.33795e-12 2.43325e-29 1.81969e-27
9.38e-12 2.40118e-29 1.79536e-27
9.42225e-12 2.36952e-29 1.77135e-27
9.46468e-12 2.33828e-29 1.74765e-27
9.50731e-12 2.30744e-29 1.72427e-27
9.55013e-12 2.277e-29 1.70119e-27
9.59314e-12 2.24695e-29 1.67842e-27
9.63634e-12 2.2173e-29 1.65595e-27
9.67974e-12 2.18803e-29 1.63378e-27
9.72334e-12 2.15914e-29 1.6119e-27
9.76713e-12 2.13062e-29 1.59031e-27
9.81112e-12 2.10248e-29 1.569e-27
9.8553e-12 2.07471e-29 1.54798e-27
9.89969e-12 2.04729e-29 1.52723e-27
9.94427e-12 2.02023e-29 1.50676e-27
9.98906e-12 1.99352e-29 1.48656e-27
1.0034e-11 1.96717e-29 1.46662e-27
1.00792e-11 1.94115e-29 1.44695e-27
1.01246e-11 1.91547e-29 1.42754e-27
1.01702e-11 1.89013e-29 1.40838e-27
1.0216e-11 1.86512e-29 1.38948e-27
1.0262e-11 1.84043e-29 1.37083e-27
1.03083e-11 1.81607e-29 1.35243e-27
1.03547e-11 1.79202e-29 1.33426e-27
1.04013e-11 1.76829e-29 1.31634e-27
1.04482e-11 1.74487e-29 1.29866e-27
1.04952e-11 1.72175e-29 1.28121e-27
1.05425e-11 1.69893e-29 1.264e-27
1.059e-11 1.67642e-29 1.24701e-27
1.06377e-11 1.65419e-29 1.23024e-27
1.06856e-11 1.63226e-29 1.2137e-27
1.07337e-11 1.61061e-29 1.19738e-27
1.0782e-11 1.58925e-29 1.18127e-27
1.08306e-11 1.56816e-29 1.16538e-27
1.08794e-11 1.54735e-29 1.1497e-27
1.09284e-11 1.52682e-29 1.13422e-27
1.09776e-11 1.50655e-29 1.11896e-27
1.1027e-11 1.48654e-29 1.10389e-27
1.10767e-11 1.4668e-29 1.08902e-27
1.11266e-11 1.44732e-29 1.07436e-27
1.11767e-11 1.42809e-29 1.05988e-27
1.1227e-11 1.40911e-29 1.0456e-27
1.12776e-11 1.39039e-29 1.03151e-27
1.13284e-11 1.3719e-29 1.01761e-27
1.13794e-11 1.35366e-29 1.00389e-27
1.14307e-11 1.33566e-29 9.90352e-28
1.14821e-11 1.3179e-29 9.76995e-28
1.15338e-11 1.30036e-29 9.63816e-28
1.15858e-11 1.28306e-29 9.50813e-28
1.1638e-11 1.26599e-29 9.37982e-28
1.16904e-11 1.24914e-29 9.25322e-28
1.1743e-11 1.23251e-29 9.12831e-28
1.17959e-11 1.21609e-29 9.00506e-28
1.1849e-11 1.1999e-29 8.88345e-28
1.19024e-11 1.18391e-29 8.76346e-28
1.1956e-11 1.16814e-29 8.64507e-28
1.20099e-11 1.15257e-29 8.52825e-28
1.2064e-11 1.13721e-29 8.413e-28
1.21183e-11 1.12205e-29 8.29928e-28
1.21729e-11 1.10709e-29 8.18707e-28
1.22277e-11 1.09233e-29 8.07636e-28
1.22828e-11 1.07776e-29 7.96713e-28
1.23381e-11 1.06338e-29 7.85935e-28
1.23936e-11 1.04919e-29 7.75302e-28
1.24495e-11 1.03519e-29 7.6481e-28
1.25055e-11 1.02137e-29 7.54458e-28
1.25618e-11 1.00773e-29 7.44244e-28
1.26184e-11 9.94277e-30 7.34167e-28
1.26753e-11 9.80998e-30 7.24224e-28
1.27323e-11 9.67894e-30 7.14414e-28
1.27897e-11 9.54962e-30 7.04735e-28
1.28473e-11 9.42201e-30 6.95186e-28
1.29051e-11 9.29609e-30 6.85763e-28
1.29633e-11 9.17182e-30 6.76467e-28
1.30216e-11 9.0492e-30 6.67296e-28
1.30803e-11 8.92819e-30 6.58246e-28
1.31392e-11 8.80877e-30 6.49318e-28
1.31984e-11 8.69094e-30 6.40509e-28
1.32578e-11 8.57466e-30 6.31818e-28
1.33175e-11 8.45991e-30 6.23244e-28
1.33775e-11 8.34669e-30 6.14784e-28
1.34378e-11 8.23495e-30 6.06437e-28
1.34983e-11 8.1247e-30 5.98202e-28
1.35591e-11 8.0159e-30 5.90078e-28
1.36201e-11 7.90853e-30 5.82062e-28
1.36815e-11 7.80259e-30 5.74153e-28
1.37431e-11 7.69805e-30 5.66351e-28
1.3805e-11 7.59489e-30 5.58653e-28
1.38672e-11 7.4931e-30 5.51058e-28
1.39296e-11 7.39265e-30 5.43565e-28
1.39923e-11 7.29354e-30 5.36172e-28
1.40554e-11 7.19573e-30 5.28878e-28
1.41187e-11 7.09922e-30 5.21683e-28
1.41823e-11 7.00399e-30 5.14583e-28
1.42461e-11 6.91002e-30 5.07579e-28
1.43103e-11 6.81729e-30 5.00669e-28
1.43747e-11 6.7258e-30 4.93852e-28
1.44395e-11 6.63551e-30 4.87126e-28
1.45045e-11 6.54643e-30 4.80491e-28
1.45698e-11 6.45852e-30 4.73944e-28
1.46354e-11 6.37178e-30 4.67486e-28
1.47014e-11 6.28619e-30 4.61114e-28
1.47676e-11 6.20174e-30 4.54828e-28
1.48341e-11 6.11841e-30 4.48626e-28
1.49009e-11 6.03618e-30 4.42508e-28
1.4968e-11 5.95505e-30 4.36472e-28
1.50354e-11 5.87499e-30 4.30516e-28
1.51031e-11 5.796e-30 4.24641e-28
1.51711e-11 5.71805e-30 4.18845e-28
1.52395e-11 5.64114e-30 4.13127e-28
1.53081e-11 5.56526e-30 4.07486e-28
1.5377e-11 5.49038e-30 4.01921e-28
1.54463e-11 5.4165e-30 3.96431e-28
1.55159e-11 5.3436e-30 3.91014e-28
1.55857e-11 5.27167e-30 3.85671e-28
1.56559e-11 5.20069e-30 3.80399e-28
1.57265e-11 5.13066e-30 3.75198e-28
1.57973e-11 5.06157e-30 3.70068e-28
1.58684e-11 4.99339e-30 3.65006e-28
1.59399e-11 4.92612e-30 3.60013e-28
1.60117e-11 4.85975e-30 3.55086e-28
1.60838e-11 4.79426e-30 3.50227e-28
1.61562e-11 4.72964e-30 3.45432e-28
1.6229e-11 4.66588e-30 3.40703e-28
1.63021e-11 4.60298e-30 3.36037e-28
1.63755e-11 4.54091e-30 3.31434e-28
1.64493e-11 4.47967e-30 3.26893e-28
1.65233e-11 4.41924e-30 3.22413e-28
1.65978e-11 4.35963e-30 3.17994e-28
1.66725e-11 4.3008e-30 3.13634e-28
1.67476e-11 4.24277e-30 3.09334e-28
1.6823e-11 4.1855e-30 3.05091e-28
1.68988e-11 4.129e-30 3.00905e-28
1.69749e-11 4.07326e-30 2.96776e-28
1.70513e-11 4.01826e-30 2.92703e-28
1.71281e-11 3.96399e-30 2.88685e-28
1.72053e-11 3.91045e-30 2.84721e-28
1.72828e-11 3.85763e-30 2.8081e-28
1.73606e-11 3.80551e-30 2.76953e-28
1.74388e-11 3.75408e-30 2.73147e-28
1.75173e-11 3.70335e-30 2.69393e-28
1.75962e-11 3.65329e-30 2.6569e-28
1.76755e-11 3.6039e-30 2.62037e-28
1.77551e-11 3.55517e-30 2.58433e-28
1.7835e-11 3.5071e-30 2.54878e-28
1.79154e-11 3.45967e-30 2.5137e-28
1.7996e-11 3.41287e-30 2.47911e-28
1.80771e-11 3.3667e-30 2.44498e-28
1.81585e-11 3.32114e-30 2.41131e-28
1.82403e-11 3.2762e-30 2.3781e-28
1.83224e-11 3.23186e-30 2.34534e-28
1.8405e-11 3.18811e-30 2.31302e-28
1.84878e-11 3.14495e-30 2.28114e-28
1.85711e-11 3.10237e-30 2.24969e-28
1.86547e-11 3.06036e-30 2.21867e-28
1.87388e-11 3.01891e-30 2.18806e-28
1.88232e-11 2.97801e-30 2.15787e-28
1.89079e-11 2.93767e-30 2.12809e-28
1.89931e-11 2.89787e-30 2.09872e-28
1.90786e-11 2.8586e-30 2.06974e-28
1.91646e-11 2.81985e-30 2.04115e-28
1.92509e-11 2.78163e-30 2.01295e-28
1.93376e-11 2.74392e-30 1.98514e-28
1.94247e-11 2.70672e-30 1.9577e-28
1.95121e-11 2.67001e-30 1.93063e-28
1.96e-11 2.6338e-30 1.90393e-28
1.96883e-11 2.59808e-30 1.87759e-28
1.9777e-11 2.56283e-30 1.85161e-28
1.9866e-11 2.52806e-30 1.82598e-28
1.99555e-11 2.49376e-30 1.8007e-28
2.00454e-11 2.45991e-30 1.77577e-28
2.01357e-11 2.42652e-30 1.75117e-28
2.02263e-11 2.39358e-30 1.7269e-28
2.03174e-11 2.36109e-30 1.70296e-28
2.04089e-11 2.32903e-30 1.67935e-28
2.05008e-11 2.2974e-30 1.65606e-28
2.05932e-11 2.2662e-30 1.63309e-28
2.06859e-11 2.23542e-30 1.61043e-28
2.07791e-11 2.20505e-30 1.58807e-28
2.08727e-11 2.17509e-30 1.56602e-28
2.09667e-11 2.14553e-30 1.54427e-28
2.10611e-11 2.11637e-30 1.52282e-28
2.1156e-11 2.08761e-30 1.50165e-28
2.12512e-11 2.05923e-30 1.48078e-28
2.13469e-11 2.03124e-30 1.46018e-28
2.14431e-11 2.00362e-30 1.43987e-28
2.15397e-11 1.97637e-30 1.41984e-28
2.16367e-11 1.94949e-30 1.40007e-28
2.17341e-11 1.92298e-30 1.38058e-28
2.1832e-11 1.89682e-30 1.36135e-28
2.19303e-11 1.87101e-30 1.34238e-28
2.20291e-11 1.84555e-30 1.32367e-28
2.21283e-11 1.82044e-30 1.30521e-28
2.2228e-11 1.79566e-30 1.28701e-28
2.23281e-11 1.77122e-30 1.26905e-28
2.24286e-11 1.74711e-30 1.25134e-28
2.25296e-11 1.72332e-30 1.23387e-28
2.26311e-11 1.69986e-30 1.21664e-28
2.2733e-11 1.67671e-30 1.19964e-28
2.28354e-11 1.65388e-30 1.18287e-28
2.29383e-11 1.63135e-30 1.16633e-28
2.30416e-11 1.60913e-30 1.15002e-28
2.31453e-11 1.5872e-30 1.13393e-28
2.32496e-11 1.56558e-30 1.11806e-28
2.33543e-11 1.54424e-30 1.1024e-28
2.34595e-11 1.5232e-30 1.08696e-28
2.35651e-11 1.50244e-30 1.07173e-28
2.36713e-11 1.48196e-30 1.0567e-28
2.37779e-11 1.46175e-30 1.04188e-28
2.3885e-11 1.44182e-30 1.02726e-28
2.39925e-11 1.42216e-30 1.01285e-28
2.41006e-11 1.40277e-30 9.98624e-29
2.42091e-11 1.38364e-30 9.84596e-29
2.43182e-11 1.36477e-30 9.7076e-29
2.44277e-11 1.34615e-30 9.57112e-29
2.45377e-11 1.32778e-30 9.4365e-29
2.46482e-11 1.30967e-30 9.30373e-29
2.47592e-11 1.2918e-30 9.17276e-29
2.48707e-11 1.27417e-30 9.04358e-29
2.49827e-11 1.25678e-30 8.91616e-29
2.50952e-11 1.23962e-30 8.79048e-29
2.52083e-11 1.2227e-30 8.66652e-29
2.53218e-11 1.20601e-30 8.54425e-29
2.54358e-11 1.18954e-30 8.42365e-29
2.55504e-11 1.1733e-30 8.3047e-29
2.56655e-11 1.15728e-30 8.18737e-29
2.57811e-11 1.14147e-30 8.07164e-29
2.58972e-11 1.12588e-30 7.95749e-29
2.60138e-11 1.1105e-30 7.84491e-29
2.6131e-11 1.09533e-30 7.73386e-29
2.62486e-11 1.08036e-30 7.62432e-29
2.63669e-11 1.0656e-30 7.51629e-29
2.64856e-11 1.05104e-30 7.40973e-29
2.66049e-11 1.03667e-30 7.30462e-29
2.67247e-11 1.02251e-30 7.20096e-29
2.68451e-11 1.00853e-30 7.0987e-29
2.6966e-11 9.94742e-31 6.99785e-29
2.70874e-11 9.81142e-31 6.89838e-29
2.72094e-11 9.67727e-31 6.80026e-29
2.7332e-11 9.54494e-31 6.70349e-29
2.74551e-11 9.41442e-31 6.60804e-29
2.75787e-11 9.28566e-31 6.5139e-29
2.77029e-11 9.15866e-31 6.42104e-29
2.78277e-11 9.03338e-31 6.32945e-29
2.7953e-11 8.9098e-31 6.23912e-29
2.80789e-11 8.78791e-31 6.15002e-29
2.82054e-11 8.66767e-31 6.06214e-29
2.83324e-11 8.54907e-31 5.97547e-29
2.846e-11 8.43208e-31 5.88998e-29
2.85882e-11 8.31669e-31 5.80565e-29
2.87169e-11 8.20286e-31 5.72249e-29
2.88462e-11 8.09058e-31 5.64046e-29
2.89762e-11 7.97984e-31 5.55955e-29
2.91067e-11 7.87059e-31 5.47976e-29
2.92377e-11 7.76284e-31 5.40105e-29
2.93694e-11 7.65655e-31 5.32342e-29
2.95017e-11 7.55171e-31 5.24686e-29
2.96346e-11 7.4483e-31 5.17134e-29
2.9768e-11 7.3463e-31 5.09686e-29
2.99021e-11 7.24568e-31 5.02339e-29
3.00368e-11 7.14644e-31 4.95094e-29
3.0172e-11 7.04855e-31 4.87947e-29
3.03079e-11 6.95199e-31 4.80899e-29
3.04444e-11 6.85675e-31 4.73947e-29
3.05815e-11 6.7628e-31 4.6709e-29
3.07193e-11 6.67014e-31 4.60327e-29
3.08576e-11 6.57874e-31 4.53657e-29
3.09966e-11 6.48859e-31 4.47078e-29
3.11362e-11 6.39967e-31 4.4059e-29
3.12764e-11 6.31195e-31 4.3419e-29
3.14173e-11 6.22544e-31 4.27878e-29
3.15588e-11 6.14011e-31 4.21652e-29
3.17009e-11 6.05594e-31 4.15512e-29
3.18437e-11 5.97292e-31 4.09456e-29
3.19871e-11 5.89103e-31 4.03484e-29
3.21312e-11 5.81026e-31 3.97592e-29
3.22759e-11 5.73059e-31 3.91782e-29
3.24212e-11 5.65201e-31 3.86052e-29
3.25672e-11 5.5745e-31 3.804e-29
3.27139e-11 5.49805e-31 3.74825e-29
3.28612e-11 5.42265e-31 3.69327e-29
3.30092e-11 5.34827e-31 3.63904e-29
3.31579e-11 5.27491e-31 3.58556e-29
3.33072e-11 5.20255e-31 3.53281e-29
3.34573e-11 5.13118e-31 3.48079e-29
3.36079e-11 5.06079e-31 3.42948e-29
3.37593e-11 4.99136e-31 3.37887e-29
3.39113e-11 4.92288e-31 3.32895e-29
3.40641e-11 4.85533e-31 3.27972e-29
3.42175e-11 4.78871e-31 3.23117e-29
3.43716e-11 4.72299e-31 3.18328e-29
3.45264e-11 4.65818e-31 3.13605e-29
3.46819e-11 4.59425e-31 3.08947e-29
3.48381e-11 4.5312e-31 3.04353e-29
3.4995e-11 4.46901e-31 2.99822e-29
3.51526e-11 4.40767e-31 2.95353e-29
3.53109e-11 4.34717e-31 2.90945e-29
3.54699e-11 4.28749e-31 2.86598e-29
3.56297e-11 4.22863e-31 2.82311e-29
3.57901e-11 4.17058e-31 2.78082e-29
3.59513e-11 4.11333e-31 2.73911e-29
3.61132e-11 4.05685e-31 2.69798e-29
3.62759e-11 4.00115e-31 2.65741e-29
3.64393e-11 3.94621e-31 2.6174e-29
3.66034e-11 3.89203e-31 2.57794e-29
3.67682e-11 3.83858e-31 2.53902e-29
3.69338e-11 3.78587e-31 2.50063e-29
3.71002e-11 3.73388e-31 2.46277e-29
3.72672e-11 3.6826e-31 2.42543e-29
3.74351e-11 3.63203e-31 2.38861e-29
3.76037e-11 3.58214e-31 2.35229e-29
3.7773e-11 3.53294e-31 2.31647e-29
3.79432e-11 3.48442e-31 2.28114e-29
3.8114e-11 3.43656e-31 2.24629e-29
3.82857e-11 3.38935e-31 2.21193e-29
3.84581e-11 3.34279e-31 2.17803e-29
3.86313e-11 3.29687e-31 2.14461e-29
3.88053e-11 3.25158e-31 2.11164e-29
3.89801e-11 3.20691e-31 2.07912e-29
3.91556e-11 3.16286e-31 2.04705e-29
3.9332e-11 3.1194e-31 2.01542e-29
3.95091e-11 3.07654e-31 1.98423e-29
3.96871e-11 3.03427e-31 1.95346e-29
3.98658e-11 2.99258e-31 1.92312e-29
4.00453e-11 2.95147e-31 1.8932e-29
4.02257e-11 2.91091e-31 1.86368e-29
4.04069e-11 2.87091e-31 1.83457e-29
4.05888e-11 2.83147e-31 1.80586e-29
4.07716e-11 2.79256e-31 1.77755e-29
4.09553e-11 2.75418e-31 1.74962e-29
4.11397e-11 2.71634e-31 1.72208e-29
4.1325e-11 2.67901e-31 1.69492e-29
4.15111e-11 2.64219e-31 1.66813e-29
4.16981e-11 2.60588e-31 1.64171e-29
4.18859e-11 2.57007e-31 1.61565e-29
4.20745e-11 2.53475e-31 1.58995e-29
4.2264e-11 2.49991e-31 1.5646e-29
4.24543e-11 2.46556e-31 1.5396e-29
4.26455e-11 2.43167e-31 1.51494e-29
4.28376e-11 2.39825e-31 1.49063e-29
4.30305e-11 2.36529e-31 1.46664e-29
4.32243e-11 2.33278e-31 1.44299e-29
4.3419e-11 2.30072e-31 1.41966e-29
4.36146e-11 2.2691e-31 1.39666e-29
4.3811e-11 2.23791e-31 1.37397e-29
4.40083e-11 2.20715e-31 1.35159e-29
4.42065e-11 2.17681e-31 1.32951e-29
4.44056e-11 2.14689e-31 1.30775e-29
4.46056e-11 2.11738e-31 1.28628e-29
4.48065e-11 2.08828e-31 1.2651e-29
4.50083e-11 2.05958e-31 1.24422e-29
4.5211e-11 2.03127e-31 1.22363e-29
4.54146e-11 2.00335e-31 1.20331e-29
4.56191e-11 1.97581e-31 1.18328e-29
4.58246e-11 1.94866e-31 1.16352e-29
4.6031e-11 1.92187e-31 1.14403e-29
4.62383e-11 1.89545e-31 1.12482e-29
4.64465e-11 1.8694e-31 1.10586e-29
4.66557e-11 1.84371e-31 1.08717e-29
4.68658e-11 1.81837e-31 1.06873e-29
4.70769e-11 1.79337e-31 1.05055e-29
4.72889e-11 1.76872e-31 1.03261e-29
4.75019e-11 1.74441e-31 1.01493e-29
4.77158e-11 1.72044e-31 9.97481e-30
4.79307e-11 1.69679e-31 9.80277e-30
4.81466e-11 1.67347e-31 9.63309e-30
4.83634e-11 1.65047e-31 9.46574e-30
4.85812e-11 1.62779e-31 9.3007e-30
4.88e-11 1.60541e-31 9.13792e-30
4.90198e-11 1.58335e-31 8.97738e-30
4.92406e-11 1.56159e-31 8.81904e-30
4.94623e-11 1.54013e-31 8.66288e-30
4.96851e-11 1.51896e-31 8.50887e-30
4.99089e-11 1.49809e-31 8.35697e-30
5.01336e-11 1.4775e-31 8.20717e-30
5.03594e-11 1.4572e-31 8.05942e-30
5.05862e-11 1.43717e-31 7.9137e-30
5.08141e-11 1.41742e-31 7.76998e-30
5.10429e-11 1.39794e-31 7.62824e-30
5.12728e-11 1.37873e-31 7.48844e-30
5.15037e-11 1.35979e-31 7.35057e-30
5.17357e-11 1.3411e-31 7.21459e-30
5.19687e-11 1.32268e-31 7.08048e-30
5.22027e-11 1.3045e-31 6.94821e-30
5.24378e-11 1.28658e-31 6.81776e-30
5.2674e-11 1.2689e-31 6.6891e-30
5.29112e-11 1.25147e-31 6.56221e-30
5.31495e-11 1.23428e-31 6.43707e-30
5.33889e-11 1.21732e-31 6.31364e-30
5.36293e-11 1.2006e-31 6.19191e-30
5.38709e-11 1.18411e-31 6.07185e-30
5.41135e-11 1.16784e-31 5.95344e-30
5.43572e-11 1.1518e-31 5.83665e-30
5.4602e-11 1.13598e-31 5.72147e-30
5.48479e-11 1.12037e-31 5.60787e-30
5.50949e-11 1.10499e-31 5.49584e-30
5.53431e-11 1.08981e-31 5.38534e-30
5.55923e-11 1.07484e-31 5.27636e-30
5.58427e-11 1.06008e-31 5.16887e-30
5.60942e-11 1.04552e-31 5.06286e-30
5.63468e-11 1.03117e-31 4.95831e-30
5.66006e-11 1.01701e-31 4.8552e-30
5.68555e-11 1.00304e-31 4.75349e-30
5.71116e-11 9.89271e-32 4.65319e-30
5.73688e-11 9.75688e-32 4.55426e-30
5.76272e-11 9.62293e-32 4.45669e-30
5.78867e-11 9.49082e-32 4.36046e-30
5.81474e-11 9.36053e-32 4.26556e-30
5.84093e-11 9.23204e-32 4.17195e-30
5.86723e-11 9.10531e-32 4.07963e-30
5.89366e-11 8.98033e-32 3.98858e-30
5.9202e-11 8.85708e-32 3.89877e-30
5.94686e-11 8.73552e-32 3.8102e-30
5.97365e-11 8.61563e-32 3.72285e-30
6.00055e-11 8.4974e-32 3.63669e-30
6.02758e-11 8.38079e-32 3.55172e-30
6.05472e-11 8.26579e-32 3.46791e-30
6.08199e-11 8.15238e-32 3.38525e-30
6.10938e-11 8.04053e-32 3.30373e-30
6.1369e-11 7.93022e-32 3.22332e-30
6.16454e-11 7.82143e-32 3.14402e-30
6.1923e-11 7.71414e-32 3.06581e-30
6.22019e-11 7.60832e-32 2.98867e-30
6.2482e-11 7.50397e-32 2.91258e-30
6.27634e-11 7.40105e-32 2.83754e-30
6.30461e-11 7.29955e-32 2.76353e-30
6.333e-11 7.19945e-32 2.69054e-30
6.36152e-11 7.10072e-32 2.61854e-30
6.39017e-11 7.00336e-32 2.54753e-30
6.41895e-11 6.90734e-32 2.4775e-30
6.44786e-11 6.81264e-32 2.40843e-30
6.4769e-11 6.71925e-32 2.3403e-30
6.50607e-11 6.62714e-32 2.27311e-30
6.53537e-11 6.5363e-32 2.20684e-30
6.56481e-11 6.44672e-32 2.14147e-30
6.59437e-11 6.35836e-32 2.07701e-30
6.62407e-11 6.27123e-32 2.01342e-30
6.65391e-11 6.1853e-32 1.95071e-30
6.68387e-11 6.10055e-32 1.88886e-30
6.71398e-11 6.01696e-32 1.82785e-30
6.74421e-11 5.93453e-32 1.76768e-30
6.77459e-11 5.85323e-32 1.70834e-30
6.8051e-11 5.77306e-32 1.64981e-30
6.83575e-11 5.69399e-32 1.59208e-30
6.86653e-11 5.61601e-32 1.53514e-30
6.89746e-11 5.5391e-32 1.47898e-30
6.92852e-11 5.46325e-32 1.42358e-30
6.95973e-11 5.38845e-32 1.36895e-30
6.99107e-11 5.31467e-32 1.31507e-30
7.02256e-11 5.24192e-32 1.26192e-30
7.05418e-11 5.17016e-32 1.2095e-30
7.08595e-11 5.0994e-32 1.1578e-30
7.11787e-11 5.0296e-32 1.10681e-30
7.14992e-11 4.96077e-32 1.05651e-30
7.18212e-11 4.89289e-32 1.0069e-30
7.21447e-11 4.82594e-32 9.57973e-31
7.24696e-11 4.75992e-32 9.09714e-31
7.2796e-11 4.6948e-32 8.62115e-31
7.31239e-11 4.63059e-32 8.15166e-31
7.34532e-11 4.56725e-32 7.68861e-31
7.3784e-11 4.50479e-32 7.23188e-31
7.41163e-11 4.44319e-32 6.7814e-31
7.44501e-11 4.38243e-32 6.33708e-31
7.47854e-11 4.32252e-32 5.89884e-31
7.51222e-11 4.26342e-32 5.46659e-31
7.54605e-11 4.20514e-32 5.04025e-31
7.58004e-11 4.14767e-32 4.61973e-31
7.61418e-11 4.09098e-32 4.20497e-31
7.64847e-11 4.03508e-32 3.79587e-31
7.68292e-11 3.97995e-32 3.39236e-31
7.71752e-11 3.92557e-32 2.99436e-31
7.75228e-11 3.87194e-32 2.60181e-31
7.78719e-11 3.81905e-32 2.21461e-31
7.82226e-11 3.76689e-32 1.83271e-31
7.85749e-11 3.71545e-32 1.45602e-31
7.89288e-11 3.66472e-32 1.08447e-31
7.92842e-11 3.61468e-32 7.18001e-32
7.96413e-11 3.56533e-32 3.56533e-32
