1e-14 3.43163e-31 2.57265e-21
1.0045e-14 3.56659e-31 2.57265e-21
1.00903e-14 3.70668e-31 2.57265e-21
1.01357e-14 3.85209e-31 2.57265e-21
1.01814e-14 4.00302e-31 2.57265e-21
1.02272e-14 4.15967e-31 2.57265e-21
1.02733e-14 4.32225e-31 2.57265e-21
1.03196e-14 4.49097e-31 2.57265e-21
1.0366e-14 4.66606e-31 2.57265e-21
1.04127e-14 4.84775e-31 2.57265e-21
1.04596e-14 5.03627e-31 2.57265e-21
1.05067e-14 5.23189e-31 2.57265e-21
1.0554e-14 5.43485e-31 2.57265e-21
1.06016e-14 5.64541e-31 2.57265e-21
1.06493e-14 5.86387e-31 2.57265e-21
1.06973e-14 6.09049e-31 2.57265e-21
1.07455e-14 6.32557e-31 2.57265e-21
1.07938e-14 6.56942e-31 2.57265e-21
1.08425e-14 6.82235e-31 2.57265e-21
1.08913e-14 7.08469e-31 2.57265e-21
1.09403e-14 7.35677e-31 2.57265e-21
1.09896e-14 7.63894e-31 2.57265e-21
1.10391e-14 7.93157e-31 2.57265e-21
1.10888e-14 8.23502e-31 2.57265e-21
1.11388e-14 8.54968e-31 2.57265e-21
1.11889e-14 8.87595e-31 2.57265e-21
1.12393e-14 9.21424e-31 2.57265e-21
1.12899e-14 9.56498e-31 2.57265e-21
1.13408e-14 9.9286e-31 2.57265e-21
1.13919e-14 1.03056e-30 2.57265e-21
1.14432e-14 1.06963e-30 2.57265e-21
1.14947e-14 1.11014e-30 2.57265e-21
1.15465e-14 1.15213e-30 2.57265e-21
1.15985e-14 1.19565e-30 2.57265e-21
1.16507e-14 1.24076e-30 2.57265e-21
1.17032e-14 1.2875e-30 2.57265e-21
1.17559e-14 1.33595e-30 2.57265e-21
1.18088e-14 1.38616e-30 2.57265e-21
1.1862e-14 1.43818e-30 2.57265e-21
1.19154e-14 1.49209e-30 2.57265e-21
1.19691e-14 1.54794e-30 2.57265e-21
1.2023e-14 1.60582e-30 2.57265e-21
1.20772e-14 1.66577e-30 2.57265e-21
1.21316e-14 1.72789e-30 2.57265e-21
1.21862e-14 1.79224e-30 2.57265e-21
1.22411e-14 1.85889e-30 2.57265e-21
1.22962e-14 1.92794e-30 2.57265e-21
1.23516e-14 1.99946e-30 2.57265e-21
1.24072e-14 2.07353e-30 2.57265e-21
1.24631e-14 2.15025e-30 2.57265e-21
1.25192e-14 2.2297e-30 2.57265e-21
1.25756e-14 2.31198e-30 2.57265e-21
1.26322e-14 2.39719e-30 2.57265e-21
1.26891e-14 2.48541e-30 2.57265e-21
1.27463e-14 2.57677e-30 2.57265e-21
1.28037e-14 2.67136e-30 2.57265e-21
1.28613e-14 2.76929e-30 2.57265e-21
1.29193e-14 2.87068e-30 2.57265e-21
1.29775e-14 2.97564e-30 2.57265e-21
1.30359e-14 3.08429e-30 2.57265e-21
1.30946e-14 3.19677e-30 2.57265e-21
1.31536e-14 3.31319e-30 2.57265e-21
1.32128e-14 3.43369e-30 2.57265e-21
1.32723e-14 3.5584e-30 2.57265e-21
1.33321e-14 3.68748e-30 2.57265e-21
1.33922e-14 3.82106e-30 2.57265e-21
1.34525e-14 3.95929e-30 2.57265e-21
1.35131e-14 4.10233e-30 2.57265e-21
1.35739e-14 4.25034e-30 2.57265e-21
1.3635e-14 4.40348e-30 2.57265e-21
1.36965e-14 4.56193e-30 2.57265e-21
1.37581e-14 4.72587e-30 2.57265e-21
1.38201e-14 4.89546e-30 2.57265e-21
1.38823e-14 5.0709e-30 2.57265e-21
1.39449e-14 5.25239e-30 2.57265e-21
1.40077e-14 5.44012e-30 2.57265e-21
1.40708e-14 5.63429e-30 2.57265e-21
1.41341e-14 5.83513e-30 2.57265e-21
1.41978e-14 6.04284e-30 2.57265e-21
1.42617e-14 6.25765e-30 2.57265e-21
1.4326e-14 6.4798e-30 2.57265e-21
1.43905e-14 6.70952e-30 2.57265e-21
1.44553e-14 6.94706e-30 2.57265e-21
1.45204e-14 7.19267e-30 2.57265e-21
1.45858e-14 7.44662e-30 2.57265e-21
1.46515e-14 7.70918e-30 2.57265e-21
1.47175e-14 7.98062e-30 2.57265e-21
1.47837e-14 8.26124e-30 2.57265e-21
1.48503e-14 8.55132e-30 2.57265e-21
1.49172e-14 8.85118e-30 2.57265e-21
1.49844e-14 9.16112e-30 2.57265e-21
1.50519e-14 9.48148e-30 2.57265e-21
1.51197e-14 9.81258e-30 2.57265e-21
1.51878e-14 1.01548e-29 2.57265e-21
1.52562e-14 1.05084e-29 2.57265e-21
1.53249e-14 1.08739e-29 2.57265e-21
1.53939e-14 1.12515e-29 2.57265e-21
1.54632e-14 1.16417e-29 2.57265e-21
1.55329e-14 1.20449e-29 2.57265e-21
1.56028e-14 1.24614e-29 2.57265e-21
1.56731e-14 1.28918e-29 2.57265e-21
1.57437e-14 1.33364e-29 2.57265e-21
1.58146e-14 1.37957e-29 2.57265e-21
1.58858e-14 1.42701e-29 2.57265e-21
1.59573e-14 1.47602e-29 2.57265e-21
1.60292e-14 1.52664e-29 2.57265e-21
1.61014e-14 1.57892e-29 2.57265e-21
1.61739e-14 1.63291e-29 2.57265e-21
1.62468e-14 1.68868e-29 2.57265e-21
1.63199e-14 1.74626e-29 2.57265e-21
1.63934e-14 1.80573e-29 2.57265e-21
1.64673e-14 1.86713e-29 2.57265e-21
1.65414e-14 1.93054e-29 2.57265e-21
1.66159e-14 1.996e-29 2.57265e-21
1.66908e-14 2.06359e-29 2.57265e-21
1.67659e-14 2.13336e-29 2.57265e-21
1.68414e-14 2.2054e-29 2.57265e-21
1.69173e-14 2.27975e-29 2.57265e-21
1.69935e-14 2.35651e-29 2.57265e-21
1.707e-14 2.43574e-29 2.57265e-21
1.71469e-14 2.51751e-29 2.57265e-21
1.72241e-14 2.60191e-29 2.57265e-21
1.73017e-14 2.68901e-29 2.57265e-21
1.73796e-14 2.7789e-29 2.57265e-21
1.74579e-14 2.87166e-29 2.57265e-21
1.75365e-14 2.96738e-29 2.57265e-21
1.76155e-14 3.06614e-29 2.57265e-21
1.76948e-14 3.16805e-29 2.57265e-21
1.77745e-14 3.27319e-29 2.57265e-21
1.78546e-14 3.38166e-29 2.57265e-21
1.7935e-14 3.49356e-29 2.57265e-21
1.80158e-14 3.609e-29 2.57265e-21
1.80969e-14 3.72808e-29 2.57265e-21
1.81784e-14 3.85091e-29 2.57265e-21
1.82603e-14 3.97761e-29 2.57265e-21
1.83425e-14 4.10828e-29 2.57265e-21
1.84251e-14 4.24304e-29 2.57265e-21
1.85081e-14 4.38202e-29 2.57265e-21
1.85914e-14 4.52535e-29 2.57265e-21
1.86752e-14 4.67314e-29 2.57265e-21
1.87593e-14 4.82554e-29 2.57265e-21
1.88438e-14 4.98268e-29 2.57265e-21
1.89286e-14 5.14469e-29 2.57265e-21
1.90139e-14 5.31172e-29 2.57265e-21
1.90995e-14 5.48393e-29 2.57265e-21
1.91855e-14 5.66145e-29 2.57265e-21
1.92719e-14 5.84445e-29 2.57265e-21
1.93587e-14 6.03308e-29 2.57265e-21
1.94459e-14 6.22751e-29 2.57265e-21
1.95335e-14 6.42791e-29 2.57265e-21
1.96215e-14 6.63444e-29 2.57265e-21
1.97098e-14 6.8473e-29 2.57265e-21
1.97986e-14 7.06666e-29 2.57265e-21
1.98878e-14 7.29271e-29 2.57265e-21
1.99774e-14 7.52563e-29 2.57265e-21
2.00673e-14 7.76564e-29 2.57265e-21
2.01577e-14 8.01293e-29 2.57265e-21
2.02485e-14 8.26771e-29 2.57265e-21
2.03397e-14 8.53019e-29 2.57265e-21
2.04313e-14 8.8006e-29 2.57265e-21
2.05233e-14 9.07916e-29 2.57265e-21
2.06157e-14 9.3661e-29 2.57265e-21
2.07086e-14 9.66166e-29 2.57265e-21
2.08018e-14 9.96609e-29 2.57265e-21
2.08955e-14 1.02796e-28 2.57265e-21
2.09896e-14 1.06025e-28 2.57265e-21
2.10842e-14 1.09351e-28 2.57265e-21
2.11791e-14 1.12775e-28 2.57264e-21
2.12745e-14 1.16302e-28 2.57264e-21
2.13703e-14 1.19933e-28 2.57264e-21
2.14666e-14 1.23672e-28 2.57264e-21
2.15632e-14 1.27521e-28 2.57264e-21
2.16604e-14 1.31484e-28 2.57264e-21
2.17579e-14 1.35564e-28 2.57264e-21
2.18559e-14 1.39764e-28 2.57264e-21
2.19543e-14 1.44088e-28 2.57264e-21
2.20532e-14 1.48538e-28 2.57264e-21
2.21525e-14 1.53119e-28 2.57264e-21
2.22523e-14 1.57834e-28 2.57264e-21
2.23525e-14 1.62686e-28 2.57264e-21
2.24532e-14 1.6768e-28 2.57264e-21
2.25543e-14 1.72819e-28 2.57264e-21
2.26559e-14 1.78107e-28 2.57264e-21
2.27579e-14 1.83548e-28 2.57264e-21
2.28604e-14 1.89147e-28 2.57264e-21
2.29634e-14 1.94908e-28 2.57264e-21
2.30668e-14 2.00835e-28 2.57264e-21
2.31707e-14 2.06933e-28 2.57264e-21
2.3275e-14 2.13206e-28 2.57264e-21
2.33799e-14 2.19658e-28 2.57264e-21
2.34852e-14 2.26296e-28 2.57264e-21
2.35909e-14 2.33123e-28 2.57264e-21
2.36972e-14 2.40146e-28 2.57264e-21
2.38039e-14 2.47368e-28 2.57264e-21
2.39111e-14 2.54796e-28 2.57264e-21
2.40188e-14 2.62434e-28 2.57264e-21
2.4127e-14 2.70289e-28 2.57264e-21
2.42356e-14 2.78367e-28 2.57264e-21
2.43448e-14 2.86672e-28 2.57264e-21
2.44544e-14 2.95212e-28 2.57264e-21
2.45646e-14 3.03992e-28 2.57264e-21
2.46752e-14 3.13018e-28 2.57264e-21
2.47863e-14 3.22298e-28 2.57264e-21
2.4898e-14 3.31837e-28 2.57264e-21
2.50101e-14 3.41643e-28 2.57264e-21
2.51227e-14 3.51722e-28 2.57264e-21
2.52359e-14 3.62082e-28 2.57264e-21
2.53495e-14 3.7273e-28 2.57264e-21
2.54637e-14 3.83674e-28 2.57264e-21
2.55784e-14 3.9492e-28 2.57264e-21
2.56936e-14 4.06477e-28 2.57264e-21
2.58093e-14 4.18353e-28 2.57263e-21
2.59255e-14 4.30557e-28 2.57263e-21
2.60423e-14 4.43095e-28 2.57263e-21
2.61596e-14 4.55978e-28 2.57263e-21
2.62774e-14 4.69213e-28 2.57263e-21
2.63957e-14 4.82811e-28 2.57263e-21
2.65146e-14 4.96779e-28 2.57263e-21
2.6634e-14 5.11128e-28 2.57263e-21
2.6754e-14 5.25868e-28 2.57263e-21
2.68745e-14 5.41007e-28 2.57263e-21
2.69955e-14 5.56556e-28 2.57263e-21
2.71171e-14 5.72526e-28 2.57263e-21
2.72392e-14 5.88927e-28 2.57263e-21
2.73619e-14 6.0577e-28 2.57263e-21
2.74851e-14 6.23065e-28 2.57263e-21
2.76089e-14 6.40825e-28 2.57263e-21
2.77332e-14 6.59061e-28 2.57263e-21
2.78581e-14 6.77784e-28 2.57263e-21
2.79836e-14 6.97007e-28 2.57263e-21
2.81096e-14 7.16742e-28 2.57262e-21
2.82362e-14 7.37002e-28 2.57262e-21
2.83634e-14 7.57799e-28 2.57262e-21
2.84912e-14 7.79148e-28 2.57262e-21
2.86195e-14 8.01061e-28 2.57262e-21
2.87484e-14 8.23552e-28 2.57262e-21
2.88778e-14 8.46636e-28 2.57262e-21
2.90079e-14 8.70327e-28 2.57262e-21
2.91385e-14 8.94639e-28 2.57262e-21
2.92698e-14 9.19588e-28 2.57262e-21
2.94016e-14 9.45189e-28 2.57262e-21
2.9534e-14 9.71458e-28 2.57262e-21
2.9667e-14 9.98411e-28 2.57261e-21
2.98006e-14 1.02607e-27 2.57261e-21
2.99348e-14 1.05444e-27 2.57261e-21
3.00697e-14 1.08354e-27 2.57261e-21
3.02051e-14 1.1134e-27 2.57261e-21
3.03411e-14 1.14403e-27 2.57261e-21
3.04778e-14 1.17544e-27 2.57261e-21
3.0615e-14 1.20767e-27 2.57261e-21
3.07529e-14 1.24072e-27 2.57261e-21
3.08914e-14 1.27461e-27 2.5726e-21
3.10305e-14 1.30937e-27 2.5726e-21
3.11703e-14 1.34502e-27 2.5726e-21
3.13107e-14 1.38157e-27 2.5726e-21
3.14517e-14 1.41906e-27 2.5726e-21
3.15933e-14 1.45749e-27 2.5726e-21
3.17356e-14 1.49689e-27 2.5726e-21
3.18786e-14 1.53729e-27 2.57259e-21
3.20221e-14 1.57871e-27 2.57259e-21
3.21663e-14 1.62116e-27 2.57259e-21
3.23112e-14 1.66468e-27 2.57259e-21
3.24567e-14 1.7093e-27 2.57259e-21
3.26029e-14 1.75502e-27 2.57259e-21
3.27497e-14 1.80189e-27 2.57258e-21
3.28972e-14 1.84993e-27 2.57258e-21
3.30454e-14 1.89915e-27 2.57258e-21
3.31942e-14 1.9496e-27 2.57258e-21
3.33437e-14 2.0013e-27 2.57258e-21
3.34939e-14 2.05427e-27 2.57258e-21
3.36447e-14 2.10855e-27 2.57257e-21
3.37963e-14 2.16416e-27 2.57257e-21
3.39485e-14 2.22114e-27 2.57257e-21
3.41014e-14 2.27951e-27 2.57257e-21
3.42549e-14 2.33931e-27 2.57256e-21
3.44092e-14 2.40056e-27 2.57256e-21
3.45642e-14 2.46331e-27 2.57256e-21
3.47199e-14 2.52759e-27 2.57256e-21
3.48762e-14 2.59342e-27 2.57255e-21
3.50333e-14 2.66084e-27 2.57255e-21
3.51911e-14 2.72989e-27 2.57255e-21
3.53496e-14 2.8006e-27 2.57255e-21
3.55088e-14 2.87302e-27 2.57254e-21
3.56687e-14 2.94717e-27 2.57254e-21
3.58293e-14 3.0231e-27 2.57254e-21
3.59907e-14 3.10084e-27 2.57254e-21
3.61528e-14 3.18043e-27 2.57253e-21
3.63156e-14 3.26192e-27 2.57253e-21
3.64792e-14 3.34534e-27 2.57253e-21
3.66435e-14 3.43074e-27 2.57252e-21
3.68085e-14 3.51816e-27 2.57252e-21
3.69743e-14 3.60764e-27 2.57252e-21
3.71408e-14 3.69922e-27 2.57251e-21
3.73081e-14 3.79296e-27 2.57251e-21
3.74761e-14 3.88889e-27 2.5725e-21
3.76449e-14 3.98707e-27 2.5725e-21
3.78144e-14 4.08754e-27 2.5725e-21
3.79847e-14 4.19035e-27 2.57249e-21
3.81558e-14 4.29555e-27 2.57249e-21
3.83276e-14 4.40319e-27 2.57248e-21
3.85002e-14 4.51332e-27 2.57248e-21
3.86736e-14 4.62599e-27 2.57247e-21
3.88478e-14 4.74126e-27 2.57247e-21
3.90228e-14 4.85918e-27 2.57247e-21
3.91985e-14 4.9798e-27 2.57246e-21
3.93751e-14 5.10319e-27 2.57246e-21
3.95524e-14 5.22939e-27 2.57245e-21
3.97305e-14 5.35847e-27 2.57245e-21
3.99095e-14 5.49049e-27 2.57244e-21
4.00892e-14 5.6255e-27 2.57243e-21
4.02698e-14 5.76356e-27 2.57243e-21
4.04511e-14 5.90475e-27 2.57242e-21
4.06333e-14 6.04912e-27 2.57242e-21
4.08163e-14 6.19673e-27 2.57241e-21
4.10001e-14 6.34766e-27 2.5724e-21
4.11848e-14 6.50197e-27 2.5724e-21
4.13703e-14 6.65972e-27 2.57239e-21
4.15566e-14 6.82099e-27 2.57239e-21
4.17437e-14 6.98585e-27 2.57238e-21
4.19317e-14 7.15436e-27 2.57237e-21
4.21206e-14 7.32661e-27 2.57236e-21
4.23103e-14 7.50266e-27 2.57236e-21
4.25008e-14 7.68259e-27 2.57235e-21
4.26922e-14 7.86648e-27 2.57234e-21
4.28845e-14 8.05441e-27 2.57233e-21
4.30777e-14 8.24644e-27 2.57233e-21
4.32717e-14 8.44267e-27 2.57232e-21
4.34666e-14 8.64318e-27 2.57231e-21
4.36623e-14 8.84805e-27 2.5723e-21
4.3859e-14 9.05736e-27 2.57229e-21
4.40565e-14 9.2712e-27 2.57228e-21
4.42549e-14 9.48965e-27 2.57227e-21
4.44542e-14 9.71282e-27 2.57226e-21
4.46544e-14 9.94077e-27 2.57225e-21
4.48555e-14 1.01736e-26 2.57224e-21
4.50575e-14 1.04114e-26 2.57223e-21
4.52605e-14 1.06543e-26 2.57222e-21
4.54643e-14 1.09024e-26 2.57221e-21
4.56691e-14 1.11558e-26 2.5722e-21
4.58748e-14 1.14145e-26 2.57219e-21
4.60814e-14 1.16786e-26 2.57218e-21
4.62889e-14 1.19484e-26 2.57217e-21
4.64974e-14 1.22238e-26 2.57216e-21
4.67068e-14 1.2505e-26 2.57214e-21
4.69171e-14 1.27921e-26 2.57213e-21
4.71284e-14 1.30852e-26 2.57212e-21
4.73407e-14 1.33844e-26 2.57211e-21
4.75539e-14 1.36899e-26 2.57209e-21
4.77681e-14 1.40016e-26 2.57208e-21
4.79832e-14 1.43198e-26 2.57206e-21
4.81993e-14 1.46446e-26 2.57205e-21
4.84164e-14 1.49761e-26 2.57204e-21
4.86344e-14 1.53143e-26 2.57202e-21
4.88535e-14 1.56595e-26 2.572e-21
4.90735e-14 1.60118e-26 2.57199e-21
4.92945e-14 1.63712e-26 2.57197e-21
4.95165e-14 1.6738e-26 2.57196e-21
4.97395e-14 1.71122e-26 2.57194e-21
4.99635e-14 1.74939e-26 2.57192e-21
5.01886e-14 1.78834e-26 2.57191e-21
5.04146e-14 1.82807e-26 2.57189e-21
5.06416e-14 1.8686e-26 2.57187e-21
5.08697e-14 1.90995e-26 2.57185e-21
5.10988e-14 1.95212e-26 2.57183e-21
5.13289e-14 1.99512e-26 2.57181e-21
5.15601e-14 2.03899e-26 2.57179e-21
5.17923e-14 2.08373e-26 2.57177e-21
5.20256e-14 2.12935e-26 2.57175e-21
5.22599e-14 2.17587e-26 2.57173e-21
5.24953e-14 2.2233e-26 2.57171e-21
5.27317e-14 2.27167e-26 2.57169e-21
5.29692e-14 2.32099e-26 2.57166e-21
5.32077e-14 2.37127e-26 2.57164e-21
5.34474e-14 2.42253e-26 2.57162e-21
5.36881e-14 2.47479e-26 2.57159e-21
5.39299e-14 2.52806e-26 2.57157e-21
5.41728e-14 2.58236e-26 2.57154e-21
5.44167e-14 2.6377e-26 2.57152e-21
5.46618e-14 2.69412e-26 2.57149e-21
5.4908e-14 2.75161e-26 2.57146e-21
5.51553e-14 2.81021e-26 2.57144e-21
5.54037e-14 2.86992e-26 2.57141e-21
5.56532e-14 2.93077e-26 2.57138e-21
5.59039e-14 2.99278e-26 2.57135e-21
5.61556e-14 3.05596e-26 2.57132e-21
5.64085e-14 3.12033e-26 2.57129e-21
5.66626e-14 3.18592e-26 2.57126e-21
5.69178e-14 3.25274e-26 2.57123e-21
5.71741e-14 3.32081e-26 2.57119e-21
5.74316e-14 3.39015e-26 2.57116e-21
5.76903e-14 3.46079e-26 2.57113e-21
5.79501e-14 3.53274e-26 2.57109e-21
5.82111e-14 3.60602e-26 2.57106e-21
5.84732e-14 3.68066e-26 2.57102e-21
5.87366e-14 3.75667e-26 2.57098e-21
5.90011e-14 3.83408e-26 2.57095e-21
5.92668e-14 3.91292e-26 2.57091e-21
5.95338e-14 3.99319e-26 2.57087e-21
5.98019e-14 4.07493e-26 2.57083e-21
6.00712e-14 4.15815e-26 2.57079e-21
6.03418e-14 4.24288e-26 2.57075e-21
6.06135e-14 4.32915e-26 2.5707e-21
6.08865e-14 4.41697e-26 2.57066e-21
6.11607e-14 4.50637e-26 2.57062e-21
6.14362e-14 4.59738e-26 2.57057e-21
6.17129e-14 4.69001e-26 2.57052e-21
6.19908e-14 4.7843e-26 2.57048e-21
6.227e-14 4.88026e-26 2.57043e-21
6.25504e-14 4.97793e-26 2.57038e-21
6.28321e-14 5.07732e-26 2.57033e-21
6.31151e-14 5.17847e-26 2.57028e-21
6.33994e-14 5.28139e-26 2.57023e-21
6.36849e-14 5.38612e-26 2.57018e-21
6.39717e-14 5.49268e-26 2.57012e-21
6.42598e-14 5.6011e-26 2.57007e-21
6.45492e-14 5.71141e-26 2.57001e-21
6.484e-14 5.82362e-26 2.56995e-21
6.5132e-14 5.93778e-26 2.5699e-21
6.54253e-14 6.05391e-26 2.56984e-21
6.572e-14 6.17203e-26 2.56978e-21
6.6016e-14 6.29217e-26 2.56971e-21
6.63133e-14 6.41437e-26 2.56965e-21
6.66119e-14 6.53865e-26 2.56959e-21
6.69119e-14 6.66504e-26 2.56952e-21
6.72133e-14 6.79357e-26 2.56946e-21
6.7516e-14 6.92427e-26 2.56939e-21
6.78201e-14 7.05717e-26 2.56932e-21
6.81255e-14 7.1923e-26 2.56925e-21
6.84323e-14 7.32969e-26 2.56918e-21
6.87405e-14 7.46938e-26 2.5691e-21
6.90501e-14 7.61139e-26 2.56903e-21
6.93611e-14 7.75575e-26 2.56895e-21
6.96735e-14 7.9025e-26 2.56887e-21
6.99873e-14 8.05167e-26 2.56879e-21
7.03025e-14 8.2033e-26 2.56871e-21
7.06191e-14 8.3574e-26 2.56863e-21
7.09371e-14 8.51403e-26 2.56855e-21
7.12566e-14 8.6732e-26 2.56846e-21
7.15775e-14 8.83496e-26 2.56838e-21
7.18999e-14 8.99933e-26 2.56829e-21
7.22237e-14 9.16636e-26 2.5682e-21
7.2549e-14 9.33608e-26 2.56811e-21
7.28757e-14 9.50851e-26 2.56801e-21
7.32039e-14 9.6837e-26 2.56792e-21
7.35336e-14 9.86168e-26 2.56782e-21
7.38648e-14 1.00425e-25 2.56772e-21
7.41975e-14 1.02262e-25 2.56762e-21
7.45316e-14 1.04127e-25 2.56752e-21
7.48673e-14 1.06022e-25 2.56742e-21
7.52045e-14 1.07947e-25 2.56731e-21
7.55432e-14 1.09902e-25 2.5672e-21
7.58834e-14 1.11887e-25 2.56709e-21
7.62252e-14 1.13903e-25 2.56698e-21
7.65685e-14 1.15951e-25 2.56687e-21
7.69133e-14 1.1803e-25 2.56675e-21
7.72597e-14 1.20141e-25 2.56663e-21
7.76076e-14 1.22284e-25 2.56651e-21
7.79572e-14 1.2446e-25 2.56639e-21
7.83083e-14 1.26669e-25 2.56627e-21
7.86609e-14 1.28912e-25 2.56614e-21
7.90152e-14 1.31188e-25 2.56601e-21
7.93711e-14 1.33499e-25 2.56588e-21
7.97285e-14 1.35845e-25 2.56575e-21
8.00876e-14 1.38226e-25 2.56561e-21
8.04483e-14 1.40642e-25 2.56547e-21
8.08106e-14 1.43094e-25 2.56533e-21
8.11746e-14 1.45583e-25 2.56519e-21
8.15402e-14 1.48108e-25 2.56504e-21
8.19074e-14 1.50671e-25 2.56489e-21
8.22763e-14 1.53271e-25 2.56474e-21
8.26468e-14 1.55909e-25 2.56459e-21
8.3019e-14 1.58586e-25 2.56443e-21
8.33929e-14 1.61302e-25 2.56428e-21
8.37685e-14 1.64056e-25 2.56411e-21
8.41458e-14 1.66851e-25 2.56395e-21
8.45247e-14 1.69686e-25 2.56378e-21
8.49054e-14 1.72561e-25 2.56361e-21
8.52878e-14 1.75478e-25 2.56344e-21
8.56719e-14 1.78435e-25 2.56327e-21
8.60578e-14 1.81435e-25 2.56309e-21
8.64453e-14 1.84477e-25 2.56291e-21
8.68347e-14 1.87562e-25 2.56272e-21
8.72257e-14 1.9069e-25 2.56253e-21
8.76186e-14 1.93862e-25 2.56234e-21
8.80132e-14 1.97078e-25 2.56215e-21
8.84096e-14 2.00339e-25 2.56195e-21
8.88077e-14 2.03645e-25 2.56175e-21
8.92077e-14 2.06996e-25 2.56155e-21
8.96095e-14 2.10393e-25 2.56134e-21
9.00131e-14 2.13836e-25 2.56113e-21
9.04184e-14 2.17327e-25 2.56092e-21
9.08257e-14 2.20865e-25 2.5607e-21
9.12347e-14 2.2445e-25 2.56048e-21
9.16456e-14 2.28084e-25 2.56025e-21
9.20584e-14 2.31767e-25 2.56003e-21
9.2473e-14 2.35499e-25 2.55979e-21
9.28894e-14 2.3928e-25 2.55956e-21
9.33078e-14 2.43112e-25 2.55932e-21
9.3728e-14 2.46994e-25 2.55908e-21
9.41501e-14 2.50927e-25 2.55883e-21
9.45742e-14 2.54912e-25 2.55858e-21
9.50001e-14 2.58949e-25 2.55832e-21
9.54279e-14 2.63039e-25 2.55806e-21
9.58577e-14 2.67181e-25 2.5578e-21
9.62894e-14 2.71377e-25 2.55753e-21
9.67231e-14 2.75627e-25 2.55726e-21
9.71587e-14 2.79931e-25 2.55699e-21
9.75963e-14 2.8429e-25 2.55671e-21
9.80358e-14 2.88705e-25 2.55642e-21
9.84774e-14 2.93175e-25 2.55613e-21
9.89209e-14 2.97702e-25 2.55584e-21
9.93664e-14 3.02285e-25 2.55554e-21
9.98139e-14 3.06926e-25 2.55524e-21
1.00263e-13 3.11625e-25 2.55493e-21
1.00715e-13 3.16382e-25 2.55462e-21
1.01169e-13 3.21197e-25 2.55431e-21
1.01624e-13 3.26072e-25 2.55399e-21
1.02082e-13 3.31007e-25 2.55366e-21
1.02542e-13 3.36001e-25 2.55333e-21
1.03003e-13 3.41057e-25 2.55299e-21
1.03467e-13 3.46173e-25 2.55265e-21
1.03933e-13 3.51351e-25 2.5523e-21
1.04401e-13 3.56591e-25 2.55195e-21
1.04872e-13 3.61894e-25 2.5516e-21
1.05344e-13 3.6726e-25 2.55123e-21
1.05818e-13 3.72689e-25 2.55087e-21
1.06295e-13 3.78182e-25 2.5505e-21
1.06774e-13 3.8374e-25 2.55012e-21
1.07255e-13 3.89363e-25 2.54973e-21
1.07738e-13 3.95051e-25 2.54934e-21
1.08223e-13 4.00805e-25 2.54895e-21
1.0871e-13 4.06625e-25 2.54855e-21
1.092e-13 4.12513e-25 2.54814e-21
1.09692e-13 4.18467e-25 2.54773e-21
1.10186e-13 4.24489e-25 2.54731e-21
1.10682e-13 4.3058e-25 2.54689e-21
1.1118e-13 4.36739e-25 2.54646e-21
1.11681e-13 4.42967e-25 2.54602e-21
1.12184e-13 4.49265e-25 2.54558e-21
1.12689e-13 4.55633e-25 2.54513e-21
1.13197e-13 4.62071e-25 2.54467e-21
1.13707e-13 4.6858e-25 2.54421e-21
1.14219e-13 4.75161e-25 2.54374e-21
1.14733e-13 4.81814e-25 2.54326e-21
1.1525e-13 4.88539e-25 2.54278e-21
1.15769e-13 4.95336e-25 2.54229e-21
1.1629e-13 5.02207e-25 2.5418e-21
1.16814e-13 5.09151e-25 2.5413e-21
1.1734e-13 5.16169e-25 2.54079e-21
1.17869e-13 5.23262e-25 2.54027e-21
1.18399e-13 5.3043e-25 2.53975e-21
1.18933e-13 5.37673e-25 2.53922e-21
1.19468e-13 5.44991e-25 2.53868e-21
1.20006e-13 5.52386e-25 2.53814e-21
1.20547e-13 5.59858e-25 2.53758e-21
1.2109e-13 5.67406e-25 2.53702e-21
1.21635e-13 5.75032e-25 2.53646e-21
1.22183e-13 5.82735e-25 2.53588e-21
1.22733e-13 5.90517e-25 2.5353e-21
1.23286e-13 5.98377e-25 2.53471e-21
1.23841e-13 6.06316e-25 2.53411e-21
1.24399e-13 6.14334e-25 2.5335e-21
1.24959e-13 6.22432e-25 2.53289e-21
1.25522e-13 6.3061e-25 2.53227e-21
1.26087e-13 6.38868e-25 2.53164e-21
1.26655e-13 6.47207e-25 2.531e-21
1.27226e-13 6.55628e-25 2.53035e-21
1.27799e-13 6.6413e-25 2.52969e-21
1.28374e-13 6.72713e-25 2.52903e-21
1.28952e-13 6.81379e-25 2.52836e-21
1.29533e-13 6.90128e-25 2.52768e-21
1.30116e-13 6.98959e-25 2.52699e-21
1.30702e-13 7.07873e-25 2.52629e-21
1.31291e-13 7.16871e-25 2.52558e-21
1.31882e-13 7.25953e-25 2.52486e-21
1.32476e-13 7.35118e-25 2.52414e-21
1.33073e-13 7.44369e-25 2.5234e-21
1.33672e-13 7.53703e-25 2.52266e-21
1.34274e-13 7.63123e-25 2.5219e-21
1.34879e-13 7.72628e-25 2.52114e-21
1.35487e-13 7.82219e-25 2.52037e-21
1.36097e-13 7.91896e-25 2.51958e-21
1.3671e-13 8.01658e-25 2.51879e-21
1.37325e-13 8.11507e-25 2.51799e-21
1.37944e-13 8.21442e-25 2.51718e-21
1.38565e-13 8.31465e-25 2.51636e-21
1.39189e-13 8.41574e-25 2.51553e-21
1.39816e-13 8.51771e-25 2.51468e-21
1.40446e-13 8.62055e-25 2.51383e-21
1.41078e-13 8.72426e-25 2.51297e-21
1.41714e-13 8.82886e-25 2.5121e-21
1.42352e-13 8.93434e-25 2.51122e-21
1.42993e-13 9.0407e-25 2.51032e-21
1.43637e-13 9.14794e-25 2.50942e-21
1.44284e-13 9.25607e-25 2.5085e-21
1.44934e-13 9.36509e-25 2.50758e-21
1.45586e-13 9.475e-25 2.50664e-21
1.46242e-13 9.5858e-25 2.50569e-21
1.46901e-13 9.69749e-25 2.50474e-21
1.47562e-13 9.81007e-25 2.50377e-21
1.48227e-13 9.92355e-25 2.50278e-21
1.48894e-13 1.00379e-24 2.50179e-21
1.49565e-13 1.01532e-24 2.50079e-21
1.50239e-13 1.02694e-24 2.49977e-21
1.50915e-13 1.03864e-24 2.49875e-21
1.51595e-13 1.05044e-24 2.49771e-21
1.52278e-13 1.06233e-24 2.49666e-21
1.52963e-13 1.0743e-24 2.49559e-21
1.53652e-13 1.08637e-24 2.49452e-21
1.54344e-13 1.09853e-24 2.49343e-21
1.5504e-13 1.11077e-24 2.49234e-21
1.55738e-13 1.12311e-24 2.49122e-21
1.56439e-13 1.13554e-24 2.4901e-21
1.57144e-13 1.14805e-24 2.48897e-21
1.57851e-13 1.16066e-24 2.48782e-21
1.58562e-13 1.17336e-24 2.48666e-21
1.59277e-13 1.18614e-24 2.48548e-21
1.59994e-13 1.19902e-24 2.4843e-21
1.60714e-13 1.21199e-24 2.4831e-21
1.61438e-13 1.22505e-24 2.48189e-21
1.62165e-13 1.23819e-24 2.48066e-21
1.62896e-13 1.25143e-24 2.47942e-21
1.63629e-13 1.26475e-24 2.47817e-21
1.64366e-13 1.27817e-24 2.47691e-21
1.65106e-13 1.29167e-24 2.47563e-21
1.6585e-13 1.30527e-24 2.47434e-21
1.66597e-13 1.31895e-24 2.47303e-21
1.67347e-13 1.33272e-24 2.47171e-21
1.68101e-13 1.34658e-24 2.47038e-21
1.68858e-13 1.36053e-24 2.46903e-21
1.69619e-13 1.37457e-24 2.46767e-21
1.70382e-13 1.38869e-24 2.4663e-21
1.7115e-13 1.4029e-24 2.46491e-21
1.71921e-13 1.4172e-24 2.46351e-21
1.72695e-13 1.43159e-24 2.46209e-21
1.73473e-13 1.44607e-24 2.46066e-21
1.74254e-13 1.46063e-24 2.45921e-21
1.75039e-13 1.47528e-24 2.45775e-21
1.75827e-13 1.49001e-24 2.45628e-21
1.76619e-13 1.50483e-24 2.45479e-21
1.77414e-13 1.51974e-24 2.45328e-21
1.78213e-13 1.53473e-24 2.45176e-21
1.79016e-13 1.5498e-24 2.45023e-21
1.79822e-13 1.56496e-24 2.44868e-21
1.80632e-13 1.58021e-24 2.44711e-21
1.81446e-13 1.59554e-24 2.44553e-21
1.82263e-13 1.61095e-24 2.44394e-21
1.83084e-13 1.62644e-24 2.44233e-21
1.83908e-13 1.64202e-24 2.4407e-21
1.84736e-13 1.65768e-24 2.43906e-21
1.85568e-13 1.67342e-24 2.4374e-21
1.86404e-13 1.68925e-24 2.43573e-21
1.87244e-13 1.70515e-24 2.43404e-21
1.88087e-13 1.72113e-24 2.43233e-21
1.88934e-13 1.7372e-24 2.43061e-21
1.89785e-13 1.75334e-24 2.42887e-21
1.9064e-13 1.76956e-24 2.42712e-21
1.91498e-13 1.78586e-24 2.42535e-21
1.92361e-13 1.80224e-24 2.42356e-21
1.93227e-13 1.81869e-24 2.42176e-21
1.94097e-13 1.83522e-24 2.41994e-21
1.94972e-13 1.85183e-24 2.41811e-21
1.9585e-13 1.86851e-24 2.41626e-21
1.96732e-13 1.88527e-24 2.41439e-21
1.97618e-13 1.9021e-24 2.4125e-21
1.98508e-13 1.91901e-24 2.4106e-21
1.99402e-13 1.93598e-24 2.40868e-21
2.003e-13 1.95303e-24 2.40675e-21
2.01202e-13 1.97015e-24 2.40479e-21
2.02108e-13 1.98735e-24 2.40282e-21
2.03018e-13 2.00461e-24 2.40084e-21
2.03933e-13 2.02194e-24 2.39883e-21
2.04851e-13 2.03934e-24 2.39681e-21
2.05774e-13 2.0568e-24 2.39477e-21
2.067e-13 2.07434e-24 2.39271e-21
2.07631e-13 2.09194e-24 2.39064e-21
2.08566e-13 2.10961e-24 2.38855e-21
2.09506e-13 2.12734e-24 2.38644e-21
2.10449e-13 2.14513e-24 2.38431e-21
2.11397e-13 2.16299e-24 2.38216e-21
2.12349e-13 2.18091e-24 2.38e-21
2.13306e-13 2.19889e-24 2.37782e-21
2.14266e-13 2.21693e-24 2.37562e-21
2.15231e-13 2.23503e-24 2.3734e-21
2.16201e-13 2.25319e-24 2.37117e-21
2.17174e-13 2.27141e-24 2.36892e-21
2.18152e-13 2.28968e-24 2.36664e-21
2.19135e-13 2.30802e-24 2.36436e-21
2.20122e-13 2.3264e-24 2.36205e-21
2.21113e-13 2.34484e-24 2.35972e-21
2.22109e-13 2.36333e-24 2.35738e-21
2.23109e-13 2.38188e-24 2.35501e-21
2.24114e-13 2.40047e-24 2.35263e-21
2.25123e-13 2.41912e-24 2.35023e-21
2.26137e-13 2.43782e-24 2.34781e-21
2.27156e-13 2.45656e-24 2.34537e-21
2.28179e-13 2.47535e-24 2.34292e-21
2.29206e-13 2.49419e-24 2.34044e-21
2.30239e-13 2.51307e-24 2.33795e-21
2.31276e-13 2.53199e-24 2.33543e-21
2.32317e-13 2.55096e-24 2.3329e-21
2.33364e-13 2.56997e-24 2.33035e-21
2.34415e-13 2.58902e-24 2.32778e-21
2.3547e-13 2.60811e-24 2.32519e-21
2.36531e-13 2.62724e-24 2.32258e-21
2.37596e-13 2.64641e-24 2.31996e-21
2.38666e-13 2.66561e-24 2.31731e-21
2.39741e-13 2.68484e-24 2.31464e-21
2.40821e-13 2.70412e-24 2.31196e-21
2.41905e-13 2.72342e-24 2.30926e-21
2.42995e-13 2.74275e-24 2.30653e-21
2.44089e-13 2.76212e-24 2.30379e-21
2.45188e-13 2.78151e-24 2.30103e-21
2.46293e-13 2.80093e-24 2.29825e-21
2.47402e-13 2.82038e-24 2.29545e-21
2.48516e-13 2.83985e-24 2.29262e-21
2.49635e-13 2.85935e-24 2.28978e-21
2.5076e-13 2.87887e-24 2.28693e-21
2.51889e-13 2.89841e-24 2.28405e-21
2.53023e-13 2.91797e-24 2.28115e-21
2.54163e-13 2.93755e-24 2.27823e-21
2.55308e-13 2.95715e-24 2.27529e-21
2.56458e-13 2.97676e-24 2.27234e-21
2.57613e-13 2.99639e-24 2.26936e-21
2.58773e-13 3.01603e-24 2.26636e-21
2.59938e-13 3.03569e-24 2.26335e-21
2.61109e-13 3.05536e-24 2.26031e-21
2.62285e-13 3.07503e-24 2.25726e-21
2.63466e-13 3.09472e-24 2.25418e-21
2.64653e-13 3.11441e-24 2.25109e-21
2.65845e-13 3.1341e-24 2.24797e-21
2.67042e-13 3.1538e-24 2.24484e-21
2.68245e-13 3.17351e-24 2.24168e-21
2.69453e-13 3.19321e-24 2.23851e-21
2.70666e-13 3.21292e-24 2.23532e-21
2.71885e-13 3.23262e-24 2.2321e-21
2.7311e-13 3.25232e-24 2.22887e-21
2.7434e-13 3.27202e-24 2.22562e-21
2.75575e-13 3.29171e-24 2.22235e-21
2.76816e-13 3.3114e-24 2.21906e-21
2.78063e-13 3.33107e-24 2.21574e-21
2.79315e-13 3.35074e-24 2.21241e-21
2.80573e-13 3.37039e-24 2.20906e-21
2.81837e-13 3.39003e-24 2.20569e-21
2.83106e-13 3.40966e-24 2.2023e-21
2.84381e-13 3.42927e-24 2.19889e-21
2.85662e-13 3.44887e-24 2.19546e-21
2.86949e-13 3.46844e-24 2.19201e-21
2.88241e-13 3.488e-24 2.18855e-21
2.89539e-13 3.50753e-24 2.18506e-21
2.90843e-13 3.52704e-24 2.18155e-21
2.92153e-13 3.54653e-24 2.17802e-21
2.93469e-13 3.56599e-24 2.17448e-21
2.9479e-13 3.58543e-24 2.17091e-21
2.96118e-13 3.60483e-24 2.16732e-21
2.97452e-13 3.6242e-24 2.16372e-21
2.98791e-13 3.64354e-24 2.1601e-21
3.00137e-13 3.66285e-24 2.15645e-21
3.01489e-13 3.68213e-24 2.15279e-21
3.02847e-13 3.70136e-24 2.14911e-21
3.0421e-13 3.72056e-24 2.14541e-21
3.05581e-13 3.73972e-24 2.14169e-21
3.06957e-13 3.75884e-24 2.13795e-21
3.08339e-13 3.77792e-24 2.13419e-21
3.09728e-13 3.79695e-24 2.13041e-21
3.11123e-13 3.81593e-24 2.12661e-21
3.12524e-13 3.83487e-24 2.1228e-21
3.13932e-13 3.85377e-24 2.11896e-21
3.15345e-13 3.87261e-24 2.11511e-21
3.16766e-13 3.8914e-24 2.11123e-21
3.18192e-13 3.91013e-24 2.10734e-21
3.19625e-13 3.92882e-24 2.10343e-21
3.21065e-13 3.94744e-24 2.0995e-21
3.22511e-13 3.96601e-24 2.09556e-21
3.23963e-13 3.98452e-24 2.09159e-21
3.25422e-13 4.00297e-24 2.08761e-21
3.26888e-13 4.02136e-24 2.0836e-21
3.2836e-13 4.03968e-24 2.07958e-21
3.29839e-13 4.05794e-24 2.07554e-21
3.31324e-13 4.07613e-24 2.07148e-21
3.32817e-13 4.09426e-24 2.06741e-21
3.34316e-13 4.11231e-24 2.06331e-21
3.35821e-13 4.1303e-24 2.0592e-21
3.37334e-13 4.14821e-24 2.05507e-21
3.38853e-13 4.16605e-24 2.05092e-21
3.40379e-13 4.18381e-24 2.04676e-21
3.41912e-13 4.20149e-24 2.04257e-21
3.43452e-13 4.2191e-24 2.03837e-21
3.44999e-13 4.23663e-24 2.03415e-21
3.46552e-13 4.25408e-24 2.02992e-21
3.48113e-13 4.27144e-24 2.02566e-21
3.49681e-13 4.28872e-24 2.02139e-21
3.51256e-13 4.30592e-24 2.0171e-21
3.52838e-13 4.32303e-24 2.0128e-21
3.54427e-13 4.34005e-24 2.00847e-21
3.56023e-13 4.35698e-24 2.00413e-21
3.57627e-13 4.37382e-24 1.99978e-21
3.59237e-13 4.39057e-24 1.9954e-21
3.60855e-13 4.40722e-24 1.99101e-21
3.6248e-13 4.42378e-24 1.9866e-21
3.64113e-13 4.44024e-24 1.98218e-21
3.65753e-13 4.45661e-24 1.97774e-21
3.674e-13 4.47287e-24 1.97328e-21
3.69055e-13 4.48904e-24 1.96881e-21
3.70717e-13 4.5051e-24 1.96432e-21
3.72386e-13 4.52106e-24 1.95982e-21
3.74063e-13 4.53692e-24 1.9553e-21
3.75748e-13 4.55266e-24 1.95076e-21
3.7744e-13 4.56831e-24 1.94621e-21
3.7914e-13 4.58384e-24 1.94164e-21
3.80848e-13 4.59926e-24 1.93705e-21
3.82563e-13 4.61458e-24 1.93245e-21
3.84286e-13 4.62978e-24 1.92784e-21
3.86017e-13 4.64486e-24 1.92321e-21
3.87755e-13 4.65983e-24 1.91857e-21
3.89502e-13 4.67469e-24 1.91391e-21
3.91256e-13 4.68943e-24 1.90923e-21
3.93018e-13 4.70405e-24 1.90454e-21
3.94788e-13 4.71855e-24 1.89984e-21
3.96566e-13 4.73293e-24 1.89512e-21
3.98352e-13 4.74719e-24 1.89039e-21
4.00146e-13 4.76132e-24 1.88564e-21
4.01948e-13 4.77533e-24 1.88088e-21
4.03758e-13 4.78921e-24 1.8761e-21
4.05577e-13 4.80297e-24 1.87131e-21
4.07403e-13 4.8166e-24 1.86651e-21
4.09238e-13 4.8301e-24 1.86169e-21
4.11081e-13 4.84348e-24 1.85686e-21
4.12933e-13 4.85672e-24 1.85202e-21
4.14792e-13 4.86982e-24 1.84716e-21
4.16661e-13 4.8828e-24 1.84229e-21
4.18537e-13 4.89564e-24 1.83741e-21
4.20422e-13 4.90835e-24 1.83251e-21
4.22315e-13 4.92092e-24 1.82761e-21
4.24217e-13 4.93335e-24 1.82269e-21
4.26128e-13 4.94564e-24 1.81775e-21
4.28047e-13 4.9578e-24 1.81281e-21
4.29975e-13 4.96981e-24 1.80785e-21
4.31911e-13 4.98169e-24 1.80288e-21
4.33857e-13 4.99342e-24 1.7979e-21
4.35811e-13 5.00501e-24 1.7929e-21
4.37773e-13 5.01645e-24 1.7879e-21
4.39745e-13 5.02775e-24 1.78288e-21
4.41725e-13 5.03891e-24 1.77785e-21
4.43715e-13 5.04992e-24 1.77282e-21
4.45713e-13 5.06078e-24 1.76777e-21
4.47721e-13 5.07149e-24 1.7627e-21
4.49737e-13 5.08206e-24 1.75763e-21
4.51762e-13 5.09247e-24 1.75255e-21
4.53797e-13 5.10274e-24 1.74746e-21
4.55841e-13 5.11285e-24 1.74236e-21
4.57894e-13 5.12281e-24 1.73724e-21
4.59956e-13 5.13262e-24 1.73212e-21
4.62028e-13 5.14228e-24 1.72699e-21
4.64108e-13 5.15178e-24 1.72185e-21
4.66199e-13 5.16113e-24 1.71669e-21
4.68298e-13 5.17032e-24 1.71153e-21
4.70407e-13 5.17935e-24 1.70636e-21
4.72526e-13 5.18823e-24 1.70118e-21
4.74654e-13 5.19695e-24 1.69599e-21
4.76792e-13 5.20552e-24 1.6908e-21
4.78939e-13 5.21392e-24 1.68559e-21
4.81096e-13 5.22217e-24 1.68038e-21
4.83263e-13 5.23026e-24 1.67516e-21
4.85439e-13 5.23818e-24 1.66993e-21
4.87626e-13 5.24595e-24 1.66469e-21
4.89822e-13 5.25355e-24 1.65944e-21
4.92028e-13 5.261e-24 1.65419e-21
4.94244e-13 5.26828e-24 1.64893e-21
4.9647e-13 5.2754e-24 1.64366e-21
4.98705e-13 5.28236e-24 1.63838e-21
5.00952e-13 5.28915e-24 1.6331e-21
5.03208e-13 5.29578e-24 1.62781e-21
5.05474e-13 5.30224e-24 1.62252e-21
5.0775e-13 5.30855e-24 1.61721e-21
5.10037e-13 5.31468e-24 1.61191e-21
5.12334e-13 5.32065e-24 1.60659e-21
5.14642e-13 5.32646e-24 1.60127e-21
5.16959e-13 5.3321e-24 1.59594e-21
5.19288e-13 5.33758e-24 1.59061e-21
5.21626e-13 5.34289e-24 1.58527e-21
5.23976e-13 5.34803e-24 1.57993e-21
5.26336e-13 5.353e-24 1.57458e-21
5.28706e-13 5.35781e-24 1.56923e-21
5.31087e-13 5.36246e-24 1.56387e-21
5.33479e-13 5.36693e-24 1.55851e-21
5.35882e-13 5.37124e-24 1.55314e-21
5.38295e-13 5.37538e-24 1.54777e-21
5.40719e-13 5.37935e-24 1.5424e-21
5.43155e-13 5.38316e-24 1.53702e-21
5.45601e-13 5.3868e-24 1.53163e-21
5.48058e-13 5.39027e-24 1.52625e-21
5.50526e-13 5.39357e-24 1.52086e-21
5.53006e-13 5.3967e-24 1.51546e-21
5.55496e-13 5.39967e-24 1.51007e-21
5.57998e-13 5.40247e-24 1.50467e-21
5.60511e-13 5.4051e-24 1.49926e-21
5.63036e-13 5.40756e-24 1.49386e-21
5.65571e-13 5.40986e-24 1.48845e-21
5.68119e-13 5.41199e-24 1.48304e-21
5.70677e-13 5.41395e-24 1.47763e-21
5.73247e-13 5.41575e-24 1.47222e-21
5.75829e-13 5.41737e-24 1.4668e-21
5.78422e-13 5.41883e-24 1.46138e-21
5.81027e-13 5.42013e-24 1.45596e-21
5.83644e-13 5.42125e-24 1.45054e-21
5.86273e-13 5.42221e-24 1.44512e-21
5.88913e-13 5.423e-24 1.4397e-21
5.91566e-13 5.42363e-24 1.43428e-21
5.9423e-13 5.42409e-24 1.42885e-21
5.96906e-13 5.42439e-24 1.42343e-21
5.99594e-13 5.42452e-24 1.41801e-21
6.02295e-13 5.42449e-24 1.41258e-21
6.05007e-13 5.42429e-24 1.40716e-21
6.07732e-13 5.42393e-24 1.40173e-21
6.10469e-13 5.4234e-24 1.39631e-21
6.13218e-13 5.42271e-24 1.39088e-21
6.1598e-13 5.42186e-24 1.38546e-21
6.18754e-13 5.42084e-24 1.38004e-21
6.21541e-13 5.41966e-24 1.37462e-21
6.2434e-13 5.41832e-24 1.3692e-21
6.27152e-13 5.41682e-24 1.36378e-21
6.29977e-13 5.41515e-24 1.35836e-21
6.32814e-13 5.41333e-24 1.35295e-21
6.35664e-13 5.41134e-24 1.34754e-21
6.38527e-13 5.4092e-24 1.34212e-21
6.41403e-13 5.4069e-24 1.33672e-21
6.44291e-13 5.40443e-24 1.33131e-21
6.47193e-13 5.40181e-24 1.3259e-21
6.50108e-13 5.39904e-24 1.3205e-21
6.53036e-13 5.3961e-24 1.3151e-21
6.55977e-13 5.39301e-24 1.30971e-21
6.58931e-13 5.38976e-24 1.30431e-21
6.61899e-13 5.38636e-24 1.29892e-21
6.6488e-13 5.38281e-24 1.29354e-21
6.67874e-13 5.37909e-24 1.28816e-21
6.70882e-13 5.37523e-24 1.28278e-21
6.73903e-13 5.37121e-24 1.2774e-21
6.76938e-13 5.36705e-24 1.27203e-21
6.79987e-13 5.36273e-24 1.26666e-21
6.8305e-13 5.35826e-24 1.2613e-21
6.86126e-13 5.35364e-24 1.25594e-21
6.89216e-13 5.34887e-24 1.25059e-21
6.9232e-13 5.34395e-24 1.24524e-21
6.95438e-13 5.33888e-24 1.2399e-21
6.9857e-13 5.33367e-24 1.23456e-21
7.01716e-13 5.32831e-24 1.22922e-21
7.04877e-13 5.32281e-24 1.22389e-21
7.08051e-13 5.31716e-24 1.21857e-21
7.1124e-13 5.31137e-24 1.21325e-21
7.14443e-13 5.30543e-24 1.20794e-21
7.17661e-13 5.29936e-24 1.20264e-21
7.20893e-13 5.29314e-24 1.19734e-21
7.2414e-13 5.28678e-24 1.19204e-21
7.27401e-13 5.28028e-24 1.18676e-21
7.30677e-13 5.27364e-24 1.18148e-21
7.33968e-13 5.26687e-24 1.1762e-21
7.37273e-13 5.25996e-24 1.17094e-21
7.40594e-13 5.25291e-24 1.16568e-21
7.43929e-13 5.24573e-24 1.16042e-21
7.4728e-13 5.23841e-24 1.15518e-21
7.50645e-13 5.23096e-24 1.14994e-21
7.54026e-13 5.22338e-24 1.14471e-21
7.57422e-13 5.21566e-24 1.13949e-21
7.60833e-13 5.20782e-24 1.13427e-21
7.6426e-13 5.19984e-24 1.12906e-21
7.67702e-13 5.19174e-24 1.12386e-21
7.71159e-13 5.18351e-24 1.11867e-21
7.74632e-13 5.17515e-24 1.11349e-21
7.78121e-13 5.16667e-24 1.10831e-21
7.81625e-13 5.15806e-24 1.10315e-21
7.85146e-13 5.14933e-24 1.09799e-21
7.88682e-13 5.14048e-24 1.09284e-21
7.92234e-13 5.13151e-24 1.0877e-21
7.95802e-13 5.12241e-24 1.08257e-21
7.99386e-13 5.1132e-24 1.07744e-21
8.02986e-13 5.10386e-24 1.07233e-21
8.06602e-13 5.09441e-24 1.06723e-21
8.10235e-13 5.08485e-24 1.06213e-21
8.13884e-13 5.07517e-24 1.05705e-21
8.1755e-13 5.06537e-24 1.05197e-21
8.21232e-13 5.05546e-24 1.04691e-21
8.2493e-13 5.04544e-24 1.04185e-21
8.28645e-13 5.03531e-24 1.03681e-21
8.32377e-13 5.02507e-24 1.03177e-21
8.36126e-13 5.01472e-24 1.02675e-21
8.39892e-13 5.00426e-24 1.02173e-21
8.43674e-13 4.99369e-24 1.01673e-21
8.47474e-13 4.98302e-24 1.01173e-21
8.51291e-13 4.97225e-24 1.00675e-21
8.55125e-13 4.96137e-24 1.00178e-21
8.58976e-13 4.95039e-24 9.96816e-22
8.62845e-13 4.93931e-24 9.91866e-22
8.66731e-13 4.92813e-24 9.86927e-22
8.70634e-13 4.91685e-24 9.81999e-22
8.74555e-13 4.90547e-24 9.77082e-22
8.78494e-13 4.894e-24 9.72176e-22
8.82451e-13 4.88243e-24 9.67282e-22
8.86425e-13 4.87077e-24 9.624e-22
8.90417e-13 4.85901e-24 9.57529e-22
8.94427e-13 4.84716e-24 9.5267e-22
8.98455e-13 4.83522e-24 9.47823e-22
9.02502e-13 4.82319e-24 9.42988e-22
9.06566e-13 4.81107e-24 9.38164e-22
9.10649e-13 4.79887e-24 9.33353e-22
9.14751e-13 4.78658e-24 9.28554e-22
9.1887e-13 4.7742e-24 9.23768e-22
9.23009e-13 4.76174e-24 9.18994e-22
9.27166e-13 4.7492e-24 9.14232e-22
9.31341e-13 4.73658e-24 9.09483e-22
9.35536e-13 4.72387e-24 9.04746e-22
9.39749e-13 4.71109e-24 9.00022e-22
9.43982e-13 4.69823e-24 8.95311e-22
9.48233e-13 4.68529e-24 8.90613e-22
9.52504e-13 4.67227e-24 8.85928e-22
9.56793e-13 4.65918e-24 8.81255e-22
9.61103e-13 4.64602e-24 8.76596e-22
9.65431e-13 4.63278e-24 8.7195e-22
9.69779e-13 4.61948e-24 8.67317e-22
9.74147e-13 4.6061e-24 8.62698e-22
9.78534e-13 4.59266e-24 8.58092e-22
9.82941e-13 4.57914e-24 8.53499e-22
9.87368e-13 4.56556e-24 8.4892e-22
9.91815e-13 4.55192e-24 8.44355e-22
9.96282e-13 4.53821e-24 8.39803e-22
1.00077e-12 4.52443e-24 8.35264e-22
1.00528e-12 4.5106e-24 8.3074e-22
1.0098e-12 4.4967e-24 8.26229e-22
1.01435e-12 4.48275e-24 8.21733e-22
1.01892e-12 4.46874e-24 8.1725e-22
1.02351e-12 4.45466e-24 8.12781e-22
1.02812e-12 4.44054e-24 8.08327e-22
1.03275e-12 4.42635e-24 8.03886e-22
1.0374e-12 4.41212e-24 7.9946e-22
1.04207e-12 4.39783e-24 7.95048e-22
1.04676e-12 4.38348e-24 7.9065e-22
1.05148e-12 4.36909e-24 7.86266e-22
1.05621e-12 4.35465e-24 7.81897e-22
1.06097e-12 4.34016e-24 7.77542e-22
1.06575e-12 4.32562e-24 7.73202e-22
1.07055e-12 4.31104e-24 7.68877e-22
1.07537e-12 4.29641e-24 7.64566e-22
1.08021e-12 4.28173e-24 7.60269e-22
1.08508e-12 4.26702e-24 7.55987e-22
1.08997e-12 4.25226e-24 7.5172e-22
1.09487e-12 4.23746e-24 7.47468e-22
1.09981e-12 4.22262e-24 7.43231e-22
1.10476e-12 4.20774e-24 7.39008e-22
1.10973e-12 4.19283e-24 7.348e-22
1.11473e-12 4.17788e-24 7.30608e-22
1.11975e-12 4.16289e-24 7.2643e-22
1.1248e-12 4.14787e-24 7.22267e-22
1.12986e-12 4.13281e-24 7.18119e-22
1.13495e-12 4.11773e-24 7.13986e-22
1.14006e-12 4.10261e-24 7.09868e-22
1.1452e-12 4.08746e-24 7.05766e-22
1.15035e-12 4.07228e-24 7.01678e-22
1.15553e-12 4.05707e-24 6.97606e-22
1.16074e-12 4.04184e-24 6.93549e-22
1.16597e-12 4.02658e-24 6.89507e-22
1.17122e-12 4.0113e-24 6.85481e-22
1.17649e-12 3.99599e-24 6.81469e-22
1.18179e-12 3.98066e-24 6.77473e-22
1.18711e-12 3.9653e-24 6.73493e-22
1.19246e-12 3.94993e-24 6.69527e-22
1.19783e-12 3.93453e-24 6.65577e-22
1.20323e-12 3.91912e-24 6.61643e-22
1.20864e-12 3.90368e-24 6.57724e-22
1.21409e-12 3.88823e-24 6.5382e-22
1.21956e-12 3.87277e-24 6.49932e-22
1.22505e-12 3.85729e-24 6.46059e-22
1.23057e-12 3.84179e-24 6.42202e-22
1.23611e-12 3.82628e-24 6.3836e-22
1.24167e-12 3.81076e-24 6.34534e-22
1.24727e-12 3.79522e-24 6.30723e-22
1.25288e-12 3.77968e-24 6.26928e-22
1.25853e-12 3.76412e-24 6.23148e-22
1.26419e-12 3.74856e-24 6.19384e-22
1.26989e-12 3.73299e-24 6.15635e-22
1.27561e-12 3.71741e-24 6.11902e-22
1.28135e-12 3.70182e-24 6.08185e-22
1.28712e-12 3.68623e-24 6.04483e-22
1.29292e-12 3.67064e-24 6.00797e-22
1.29874e-12 3.65504e-24 5.97126e-22
1.30459e-12 3.63944e-24 5.93471e-22
1.31047e-12 3.62383e-24 5.89832e-22
1.31637e-12 3.60823e-24 5.86208e-22
1.3223e-12 3.59263e-24 5.826e-22
1.32825e-12 3.57702e-24 5.79007e-22
1.33424e-12 3.56142e-24 5.7543e-22
1.34024e-12 3.54582e-24 5.71869e-22
1.34628e-12 3.53022e-24 5.68323e-22
1.35234e-12 3.51463e-24 5.64793e-22
1.35843e-12 3.49904e-24 5.61278e-22
1.36455e-12 3.48345e-24 5.57779e-22
1.3707e-12 3.46787e-24 5.54296e-22
1.37687e-12 3.4523e-24 5.50828e-22
1.38307e-12 3.43674e-24 5.47375e-22
1.3893e-12 3.42118e-24 5.43939e-22
1.39556e-12 3.40564e-24 5.40517e-22
1.40184e-12 3.3901e-24 5.37112e-22
1.40816e-12 3.37458e-24 5.33722e-22
1.4145e-12 3.35906e-24 5.30347e-22
1.42087e-12 3.34356e-24 5.26988e-22
1.42727e-12 3.32807e-24 5.23644e-22
1.4337e-12 3.3126e-24 5.20316e-22
1.44015e-12 3.29713e-24 5.17004e-22
1.44664e-12 3.28169e-24 5.13707e-22
1.45315e-12 3.26626e-24 5.10425e-22
1.4597e-12 3.25084e-24 5.07159e-22
1.46627e-12 3.23544e-24 5.03908e-22
1.47288e-12 3.22006e-24 5.00672e-22
1.47951e-12 3.2047e-24 4.97452e-22
1.48617e-12 3.18935e-24 4.94248e-22
1.49287e-12 3.17403e-24 4.91058e-22
1.49959e-12 3.15872e-24 4.87884e-22
1.50634e-12 3.14344e-24 4.84726e-22
1.51313e-12 3.12818e-24 4.81582e-22
1.51994e-12 3.11294e-24 4.78454e-22
1.52679e-12 3.09772e-24 4.75341e-22
1.53366e-12 3.08252e-24 4.72243e-22
1.54057e-12 3.06735e-24 4.69161e-22
1.54751e-12 3.0522e-24 4.66093e-22
1.55448e-12 3.03708e-24 4.63041e-22
1.56148e-12 3.02198e-24 4.60004e-22
1.56851e-12 3.00691e-24 4.56982e-22
1.57558e-12 2.99187e-24 4.53975e-22
1.58267e-12 2.97685e-24 4.50983e-22
1.5898e-12 2.96186e-24 4.48007e-22
1.59696e-12 2.9469e-24 4.45045e-22
1.60415e-12 2.93196e-24 4.42098e-22
1.61138e-12 2.91706e-24 4.39166e-22
1.61864e-12 2.90218e-24 4.36249e-22
1.62592e-12 2.88734e-24 4.33347e-22
1.63325e-12 2.87252e-24 4.30459e-22
1.6406e-12 2.85774e-24 4.27587e-22
1.64799e-12 2.84298e-24 4.24729e-22
1.65541e-12 2.82826e-24 4.21886e-22
1.66287e-12 2.81357e-24 4.19058e-22
1.67036e-12 2.79892e-24 4.16244e-22
1.67788e-12 2.7843e-24 4.13445e-22
1.68544e-12 2.76971e-24 4.10661e-22
1.69303e-12 2.75515e-24 4.07891e-22
1.70065e-12 2.74063e-24 4.05136e-22
1.70831e-12 2.72615e-24 4.02395e-22
1.71601e-12 2.7117e-24 3.99669e-22
1.72374e-12 2.69728e-24 3.96958e-22
1.7315e-12 2.68291e-24 3.9426e-22
1.7393e-12 2.66856e-24 3.91577e-22
1.74713e-12 2.65426e-24 3.88909e-22
1.755e-12 2.63999e-24 3.86255e-22
1.7629e-12 2.62576e-24 3.83615e-22
1.77084e-12 2.61157e-24 3.80989e-22
1.77882e-12 2.59742e-24 3.78377e-22
1.78683e-12 2.5833e-24 3.7578e-22
1.79488e-12 2.56923e-24 3.73197e-22
1.80296e-12 2.55519e-24 3.70627e-22
1.81108e-12 2.54119e-24 3.68072e-22
1.81924e-12 2.52724e-24 3.65531e-22
1.82743e-12 2.51332e-24 3.63004e-22
1.83566e-12 2.49945e-24 3.6049e-22
1.84393e-12 2.48561e-24 3.57991e-22
1.85223e-12 2.47182e-24 3.55505e-22
1.86057e-12 2.45807e-24 3.53033e-22
1.86895e-12 2.44436e-24 3.50575e-22
1.87737e-12 2.43069e-24 3.48131e-22
1.88583e-12 2.41706e-24 3.457e-22
1.89432e-12 2.40348e-24 3.43283e-22
1.90285e-12 2.38994e-24 3.4088e-22
1.91142e-12 2.37644e-24 3.3849e-22
1.92003e-12 2.36299e-24 3.36113e-22
1.92868e-12 2.34958e-24 3.3375e-22
1.93736e-12 2.33621e-24 3.31401e-22
1.94609e-12 2.32289e-24 3.29065e-22
1.95485e-12 2.30961e-24 3.26742e-22
1.96366e-12 2.29638e-24 3.24432e-22
1.9725e-12 2.28319e-24 3.22136e-22
1.98138e-12 2.27005e-24 3.19853e-22
1.99031e-12 2.25695e-24 3.17583e-22
1.99927e-12 2.2439e-24 3.15326e-22
2.00827e-12 2.23089e-24 3.13082e-22
2.01732e-12 2.21793e-24 3.10851e-22
2.0264e-12 2.20501e-24 3.08633e-22
2.03553e-12 2.19214e-24 3.06428e-22
2.0447e-12 2.17932e-24 3.04236e-22
2.05391e-12 2.16654e-24 3.02056e-22
2.06316e-12 2.15381e-24 2.9989e-22
2.07245e-12 2.14113e-24 2.97736e-22
2.08178e-12 2.12849e-24 2.95595e-22
2.09116e-12 2.1159e-24 2.93466e-22
2.10058e-12 2.10336e-24 2.91351e-22
2.11004e-12 2.09086e-24 2.89247e-22
2.11954e-12 2.07842e-24 2.87156e-22
2.12909e-12 2.06601e-24 2.85078e-22
2.13867e-12 2.05366e-24 2.83012e-22
2.14831e-12 2.04136e-24 2.80958e-22
2.15798e-12 2.0291e-24 2.78917e-22
2.1677e-12 2.01689e-24 2.76888e-22
2.17746e-12 2.00473e-24 2.74871e-22
2.18727e-12 1.99262e-24 2.72866e-22
2.19712e-12 1.98055e-24 2.70874e-22
2.20702e-12 1.96854e-24 2.68893e-22
2.21696e-12 1.95657e-24 2.66924e-22
2.22694e-12 1.94465e-24 2.64968e-22
2.23697e-12 1.93278e-24 2.63023e-22
2.24704e-12 1.92096e-24 2.6109e-22
2.25716e-12 1.90918e-24 2.59169e-22
2.26733e-12 1.89746e-24 2.5726e-22
2.27754e-12 1.88578e-24 2.55363e-22
2.2878e-12 1.87416e-24 2.53477e-22
2.2981e-12 1.86258e-24 2.51603e-22
2.30845e-12 1.85105e-24 2.4974e-22
2.31885e-12 1.83957e-24 2.47889e-22
2.32929e-12 1.82814e-24 2.4605e-22
2.33978e-12 1.81676e-24 2.44222e-22
2.35032e-12 1.80543e-24 2.42405e-22
2.36091e-12 1.79414e-24 2.40599e-22
2.37154e-12 1.78291e-24 2.38805e-22
2.38222e-12 1.77173e-24 2.37022e-22
2.39295e-12 1.76059e-24 2.35251e-22
2.40373e-12 1.7495e-24 2.3349e-22
2.41455e-12 1.73847e-24 2.3174e-22
2.42543e-12 1.72748e-24 2.30002e-22
2.43635e-12 1.71654e-24 2.28275e-22
2.44732e-12 1.70565e-24 2.26558e-22
2.45834e-12 1.69481e-24 2.24852e-22
2.46942e-12 1.68402e-24 2.23158e-22
2.48054e-12 1.67328e-24 2.21474e-22
2.49171e-12 1.66259e-24 2.198e-22
2.50293e-12 1.65195e-24 2.18138e-22
2.5142e-12 1.64135e-24 2.16486e-22
2.52553e-12 1.63081e-24 2.14844e-22
2.5369e-12 1.62032e-24 2.13214e-22
2.54833e-12 1.60987e-24 2.11593e-22
2.5598e-12 1.59947e-24 2.09983e-22
2.57133e-12 1.58913e-24 2.08384e-22
2.58291e-12 1.57883e-24 2.06795e-22
2.59454e-12 1.56858e-24 2.05216e-22
2.60623e-12 1.55838e-24 2.03647e-22
2.61797e-12 1.54823e-24 2.02089e-22
2.62976e-12 1.53812e-24 2.00541e-22
2.6416e-12 1.52807e-24 1.99003e-22
2.6535e-12 1.51806e-24 1.97475e-22
2.66545e-12 1.50811e-24 1.95956e-22
2.67745e-12 1.4982e-24 1.94448e-22
2.68951e-12 1.48834e-24 1.9295e-22
2.70162e-12 1.47853e-24 1.91462e-22
2.71379e-12 1.46877e-24 1.89983e-22
2.72601e-12 1.45905e-24 1.88515e-22
2.73829e-12 1.44939e-24 1.87056e-22
2.75062e-12 1.43977e-24 1.85606e-22
2.76301e-12 1.4302e-24 1.84166e-22
2.77546e-12 1.42068e-24 1.82736e-22
2.78796e-12 1.41121e-24 1.81315e-22
2.80051e-12 1.40178e-24 1.79904e-22
2.81312e-12 1.3924e-24 1.78502e-22
2.82579e-12 1.38308e-24 1.7711e-22
2.83852e-12 1.37379e-24 1.75727e-22
2.8513e-12 1.36456e-24 1.74353e-22
2.86415e-12 1.35537e-24 1.72989e-22
2.87705e-12 1.34623e-24 1.71633e-22
2.89e-12 1.33714e-24 1.70287e-22
2.90302e-12 1.3281e-24 1.6895e-22
2.91609e-12 1.3191e-24 1.67622e-22
2.92923e-12 1.31015e-24 1.66303e-22
2.94242e-12 1.30125e-24 1.64993e-22
2.95567e-12 1.29239e-24 1.63691e-22
2.96898e-12 1.28358e-24 1.62399e-22
2.98235e-12 1.27482e-24 1.61115e-22
2.99578e-12 1.2661e-24 1.59841e-22
3.00928e-12 1.25743e-24 1.58574e-22
3.02283e-12 1.24881e-24 1.57317e-22
3.03644e-12 1.24023e-24 1.56068e-22
3.05012e-12 1.2317e-24 1.54828e-22
3.06386e-12 1.22321e-24 1.53596e-22
3.07765e-12 1.21477e-24 1.52373e-22
3.09152e-12 1.20638e-24 1.51158e-22
3.10544e-12 1.19803e-24 1.49952e-22
3.11942e-12 1.18972e-24 1.48754e-22
3.13347e-12 1.18147e-24 1.47564e-22
3.14759e-12 1.17325e-24 1.46383e-22
3.16176e-12 1.16509e-24 1.45209e-22
3.176e-12 1.15696e-24 1.44044e-22
3.19031e-12 1.14889e-24 1.42887e-22
3.20467e-12 1.14085e-24 1.41738e-22
3.21911e-12 1.13287e-24 1.40598e-22
3.2336e-12 1.12492e-24 1.39465e-22
3.24817e-12 1.11702e-24 1.3834e-22
3.2628e-12 1.10917e-24 1.37223e-22
3.27749e-12 1.10135e-24 1.36114e-22
3.29225e-12 1.09359e-24 1.35012e-22
3.30708e-12 1.08586e-24 1.33919e-22
3.32197e-12 1.07818e-24 1.32833e-22
3.33693e-12 1.07055e-24 1.31755e-22
3.35196e-12 1.06295e-24 1.30684e-22
3.36706e-12 1.05541e-24 1.29621e-22
3.38222e-12 1.0479e-24 1.28566e-22
3.39746e-12 1.04043e-24 1.27518e-22
3.41276e-12 1.03301e-24 1.26477e-22
3.42813e-12 1.02564e-24 1.25444e-22
3.44357e-12 1.0183e-24 1.24419e-22
3.45908e-12 1.01101e-24 1.234e-22
3.47465e-12 1.00376e-24 1.22389e-22
3.4903e-12 9.96547e-25 1.21386e-22
3.50602e-12 9.8938e-25 1.20389e-22
3.52181e-12 9.82255e-25 1.194e-22
3.53767e-12 9.75172e-25 1.18418e-22
3.55361e-12 9.6813e-25 1.17442e-22
3.56961e-12 9.61129e-25 1.16474e-22
3.58569e-12 9.5417e-25 1.15513e-22
3.60184e-12 9.47252e-25 1.14559e-22
3.61806e-12 9.40374e-25 1.13612e-22
3.63435e-12 9.33538e-25 1.12671e-22
3.65072e-12 9.26742e-25 1.11738e-22
3.66716e-12 9.19986e-25 1.10811e-22
3.68368e-12 9.13271e-25 1.09891e-22
3.70027e-12 9.06596e-25 1.08978e-22
3.71693e-12 8.99961e-25 1.08071e-22
3.73367e-12 8.93366e-25 1.07171e-22
3.75049e-12 8.86811e-25 1.06278e-22
3.76738e-12 8.80295e-25 1.05391e-22
3.78435e-12 8.73818e-25 1.04511e-22
3.80139e-12 8.67381e-25 1.03637e-22
3.81851e-12 8.60982e-25 1.0277e-22
3.83571e-12 8.54623e-25 1.01909e-22
3.85298e-12 8.48303e-25 1.01054e-22
3.87034e-12 8.42021e-25 1.00206e-22
3.88777e-12 8.35777e-25 9.93636e-23
3.90528e-12 8.29572e-25 9.85278e-23
3.92286e-12 8.23405e-25 9.76983e-23
3.94053e-12 8.17276e-25 9.68748e-23
3.95828e-12 8.11185e-25 9.60576e-23
3.97611e-12 8.05131e-25 9.52464e-23
3.99401e-12 7.99115e-25 9.44413e-23
4.012e-12 7.93136e-25 9.36421e-23
4.03007e-12 7.87195e-25 9.2849e-23
4.04822e-12 7.8129e-25 9.20618e-23
4.06645e-12 7.75423e-25 9.12805e-23
4.08477e-12 7.69592e-25 9.05051e-23
4.10316e-12 7.63797e-25 8.97355e-23
4.12164e-12 7.58039e-25 8.89717e-23
4.1402e-12 7.52318e-25 8.82137e-23
4.15885e-12 7.46632e-25 8.74614e-23
4.17758e-12 7.40982e-25 8.67147e-23
4.1964e-12 7.35368e-25 8.59737e-23
4.2153e-12 7.2979e-25 8.52384e-23
4.23428e-12 7.24247e-25 8.45086e-23
4.25335e-12 7.18739e-25 8.37843e-23
4.27251e-12 7.13267e-25 8.30656e-23
4.29175e-12 7.07829e-25 8.23523e-23
4.31108e-12 7.02427e-25 8.16445e-23
4.33049e-12 6.97059e-25 8.09421e-23
4.35e-12 6.91725e-25 8.0245e-23
4.36959e-12 6.86426e-25 7.95533e-23
4.38927e-12 6.81161e-25 7.88669e-23
4.40903e-12 6.7593e-25 7.81857e-23
4.42889e-12 6.70732e-25 7.75098e-23
4.44884e-12 6.65569e-25 7.6839e-23
4.46887e-12 6.60439e-25 7.61735e-23
4.489e-12 6.55342e-25 7.5513e-23
4.50922e-12 6.50279e-25 7.48577e-23
4.52953e-12 6.45249e-25 7.42074e-23
4.54993e-12 6.40251e-25 7.35622e-23
4.57042e-12 6.35287e-25 7.29219e-23
4.591e-12 6.30355e-25 7.22866e-23
4.61168e-12 6.25455e-25 7.16563e-23
4.63245e-12 6.20588e-25 7.10308e-23
4.65331e-12 6.15752e-25 7.04102e-23
4.67427e-12 6.10949e-25 6.97945e-23
4.69532e-12 6.06178e-25 6.91835e-23
4.71647e-12 6.01438e-25 6.85773e-23
4.73771e-12 5.9673e-25 6.79759e-23
4.75904e-12 5.92053e-25 6.73792e-23
4.78048e-12 5.87407e-25 6.67871e-23
4.80201e-12 5.82792e-25 6.61997e-23
4.82363e-12 5.78208e-25 6.56169e-23
4.84536e-12 5.73655e-25 6.50387e-23
4.86718e-12 5.69132e-25 6.44651e-23
4.8891e-12 5.6464e-25 6.38959e-23
4.91112e-12 5.60178e-25 6.33313e-23
4.93324e-12 5.55746e-25 6.27711e-23
4.95546e-12 5.51344e-25 6.22154e-23
4.97777e-12 5.46972e-25 6.1664e-23
5.00019e-12 5.4263e-25 6.11171e-23
5.02271e-12 5.38317e-25 6.05744e-23
5.04533e-12 5.34033e-25 6.00361e-23
5.06806e-12 5.29778e-25 5.95021e-23
5.09088e-12 5.25553e-25 5.89723e-23
5.11381e-12 5.21356e-25 5.84467e-23
5.13684e-12 5.17189e-25 5.79254e-23
5.15997e-12 5.13049e-25 5.74082e-23
5.18321e-12 5.08938e-25 5.68951e-23
5.20656e-12 5.04856e-25 5.63862e-23
5.23001e-12 5.00801e-25 5.58814e-23
5.25356e-12 4.96775e-25 5.53806e-23
5.27722e-12 4.92776e-25 5.48838e-23
5.30099e-12 4.88805e-25 5.4391e-23
5.32486e-12 4.84862e-25 5.39022e-23
5.34884e-12 4.80946e-25 5.34173e-23
5.37293e-12 4.77057e-25 5.29364e-23
5.39713e-12 4.73195e-25 5.24593e-23
5.42144e-12 4.6936e-25 5.19861e-23
5.44586e-12 4.65552e-25 5.15168e-23
5.47038e-12 4.61771e-25 5.10512e-23
5.49502e-12 4.58016e-25 5.05895e-23
5.51977e-12 4.54287e-25 5.01314e-23
5.54463e-12 4.50585e-25 4.96772e-23
5.5696e-12 4.46909e-25 4.92266e-23
5.59468e-12 4.43258e-25 4.87797e-23
5.61988e-12 4.39634e-25 4.83364e-23
5.64519e-12 4.36035e-25 4.78968e-23
5.67061e-12 4.32461e-25 4.74607e-23
5.69615e-12 4.28913e-25 4.70283e-23
5.72181e-12 4.2539e-25 4.65994e-23
5.74757e-12 4.21893e-25 4.6174e-23
5.77346e-12 4.1842e-25 4.57521e-23
5.79946e-12 4.14972e-25 4.53337e-23
5.82558e-12 4.11548e-25 4.49187e-23
5.85182e-12 4.08149e-25 4.45071e-23
5.87817e-12 4.04775e-25 4.4099e-23
5.90465e-12 4.01424e-25 4.36942e-23
5.93124e-12 3.98098e-25 4.32928e-23
5.95795e-12 3.94796e-25 4.28947e-23
5.98478e-12 3.91517e-25 4.24999e-23
6.01174e-12 3.88262e-25 4.21084e-23
6.03881e-12 3.85031e-25 4.17201e-23
6.06601e-12 3.81823e-25 4.13351e-23
6.09333e-12 3.78638e-25 4.09533e-23
6.12077e-12 3.75477e-25 4.05746e-23
6.14834e-12 3.72338e-25 4.01991e-23
6.17603e-12 3.69223e-25 3.98268e-23
6.20384e-12 3.6613e-25 3.94576e-23
6.23178e-12 3.63059e-25 3.90915e-23
6.25985e-12 3.60012e-25 3.87284e-23
6.28804e-12 3.56986e-25 3.83684e-23
6.31636e-12 3.53983e-25 3.80114e-23
6.34481e-12 3.51001e-25 3.76574e-23
6.37339e-12 3.48042e-25 3.73064e-23
6.40209e-12 3.45105e-25 3.69584e-23
6.43092e-12 3.42189e-25 3.66133e-23
6.45989e-12 3.39294e-25 3.62711e-23
6.48898e-12 3.36421e-25 3.59318e-23
6.5182e-12 3.3357e-25 3.55954e-23
6.54756e-12 3.30739e-25 3.52618e-23
6.57705e-12 3.2793e-25 3.49311e-23
6.60667e-12 3.25141e-25 3.46031e-23
6.63642e-12 3.22374e-25 3.4278e-23
6.66631e-12 3.19627e-25 3.39556e-23
6.69633e-12 3.169e-25 3.3636e-23
6.72649e-12 3.14194e-25 3.33191e-23
6.75679e-12 3.11508e-25 3.30049e-23
6.78722e-12 3.08842e-25 3.26934e-23
6.81779e-12 3.06196e-25 3.23845e-23
6.84849e-12 3.03571e-25 3.20783e-23
6.87933e-12 3.00965e-25 3.17748e-23
6.91032e-12 2.98378e-25 3.14738e-23
6.94144e-12 2.95811e-25 3.11754e-23
6.9727e-12 2.93264e-25 3.08796e-23
7.0041e-12 2.90736e-25 3.05863e-23
7.03565e-12 2.88227e-25 3.02956e-23
7.06734e-12 2.85737e-25 3.00074e-23
7.09916e-12 2.83266e-25 2.97217e-23
7.13114e-12 2.80814e-25 2.94384e-23
7.16325e-12 2.7838e-25 2.91576e-23
7.19551e-12 2.75966e-25 2.88792e-23
7.22792e-12 2.73569e-25 2.86032e-23
7.26047e-12 2.71191e-25 2.83297e-23
7.29317e-12 2.68831e-25 2.80585e-23
7.32602e-12 2.6649e-25 2.77896e-23
7.35901e-12 2.64166e-25 2.75231e-23
7.39216e-12 2.6186e-25 2.7259e-23
7.42545e-12 2.59572e-25 2.69971e-23
7.45889e-12 2.57302e-25 2.67375e-23
7.49248e-12 2.55049e-25 2.64802e-23
7.52623e-12 2.52813e-25 2.62252e-23
7.56012e-12 2.50595e-25 2.59724e-23
7.59417e-12 2.48394e-25 2.57218e-23
7.62837e-12 2.46211e-25 2.54734e-23
7.66273e-12 2.44044e-25 2.52272e-23
7.69724e-12 2.41894e-25 2.49831e-23
7.73191e-12 2.39761e-25 2.47412e-23
7.76673e-12 2.37644e-25 2.45015e-23
7.80171e-12 2.35544e-25 2.42638e-23
7.83684e-12 2.33461e-25 2.40283e-23
7.87214e-12 2.31394e-25 2.37948e-23
7.90759e-12 2.29343e-25 2.35634e-23
7.94321e-12 2.27308e-25 2.33341e-23
7.97898e-12 2.25289e-25 2.31068e-23
8.01492e-12 2.23286e-25 2.28815e-23
8.05101e-12 2.21299e-25 2.26582e-23
8.08727e-12 2.19328e-25 2.24369e-23
8.12369e-12 2.17372e-25 2.22176e-23
8.16028e-12 2.15432e-25 2.20002e-23
8.19703e-12 2.13507e-25 2.17848e-23
8.23395e-12 2.11597e-25 2.15713e-23
8.27103e-12 2.09703e-25 2.13597e-23
8.30828e-12 2.07824e-25 2.115e-23
8.3457e-12 2.05959e-25 2.09421e-23
8.38329e-12 2.0411e-25 2.07362e-23
8.42104e-12 2.02275e-25 2.05321e-23
8.45897e-12 2.00455e-25 2.03298e-23
8.49707e-12 1.9865e-25 2.01294e-23
8.53534e-12 1.96859e-25 1.99307e-23
8.57378e-12 1.95082e-25 1.97338e-23
8.61239e-12 1.9332e-25 1.95388e-23
8.65118e-12 1.91572e-25 1.93454e-23
8.69014e-12 1.89838e-25 1.91539e-23
8.72928e-12 1.88118e-25 1.8964e-23
8.76859e-12 1.86412e-25 1.87759e-23
8.80808e-12 1.84719e-25 1.85895e-23
8.84775e-12 1.83041e-25 1.84048e-23
8.8876e-12 1.81376e-25 1.82217e-23
8.92763e-12 1.79724e-25 1.80404e-23
8.96783e-12 1.78086e-25 1.78606e-23
9.00822e-12 1.76461e-25 1.76826e-23
9.04879e-12 1.7485e-25 1.75061e-23
9.08955e-12 1.73252e-25 1.73312e-23
9.13048e-12 1.71667e-25 1.7158e-23
9.1716e-12 1.70094e-25 1.69863e-23
9.21291e-12 1.68535e-25 1.68162e-23
9.2544e-12 1.66988e-25 1.66477e-23
9.29608e-12 1.65454e-25 1.64807e-23
9.33795e-12 1.63933e-25 1.63153e-23
9.38e-12 1.62424e-25 1.61513e-23
9.42225e-12 1.60928e-25 1.59889e-23
9.46468e-12 1.59444e-25 1.5828e-23
9.50731e-12 1.57972e-25 1.56685e-23
9.55013e-12 1.56513e-25 1.55106e-23
9.59314e-12 1.55065e-25 1.5354e-23
9.63634e-12 1.5363e-25 1.5199e-23
9.67974e-12 1.52207e-25 1.50453e-23
9.72334e-12 1.50795e-25 1.48931e-23
9.76713e-12 1.49395e-25 1.47423e-23
9.81112e-12 1.48007e-25 1.45929e-23
9.8553e-12 1.4663e-25 1.44449e-23
9.89969e-12 1.45265e-25 1.42983e-23
9.94427e-12 1.43911e-25 1.4153e-23
9.98906e-12 1.42569e-25 1.40091e-23
1.0034e-11 1.41237e-25 1.38666e-23
1.00792e-11 1.39917e-25 1.37253e-23
1.01246e-11 1.38608e-25 1.35854e-23
1.01702e-11 1.3731e-25 1.34468e-23
1.0216e-11 1.36023e-25 1.33095e-23
1.0262e-11 1.34747e-25 1.31735e-23
1.03083e-11 1.33482e-25 1.30387e-23
1.03547e-11 1.32227e-25 1.29052e-23
1.04013e-11 1.30983e-25 1.2773e-23
1.04482e-11 1.2975e-25 1.2642e-23
1.04952e-11 1.28527e-25 1.25123e-23
1.05425e-11 1.27314e-25 1.23838e-23
1.059e-11 1.26112e-25 1.22564e-23
1.06377e-11 1.24919e-25 1.21303e-23
1.06856e-11 1.23737e-25 1.20054e-23
1.07337e-11 1.22566e-25 1.18817e-23
1.0782e-11 1.21404e-25 1.17591e-23
1.08306e-11 1.20252e-25 1.16377e-23
1.08794e-11 1.1911e-25 1.15175e-23
1.09284e-11 1.17977e-25 1.13983e-23
1.09776e-11 1.16855e-25 1.12804e-23
1.1027e-11 1.15742e-25 1.11635e-23
1.10767e-11 1.14638e-25 1.10478e-23
1.11266e-11 1.13545e-25 1.09331e-23
1.11767e-11 1.1246e-25 1.08196e-23
1.1227e-11 1.11385e-25 1.07071e-23
1.12776e-11 1.10319e-25 1.05957e-23
1.13284e-11 1.09263e-25 1.04854e-23
1.13794e-11 1.08215e-25 1.03762e-23
1.14307e-11 1.07177e-25 1.02679e-23
1.14821e-11 1.06148e-25 1.01608e-23
1.15338e-11 1.05127e-25 1.00546e-23
1.15858e-11 1.04116e-25 9.94949e-24
1.1638e-11 1.03113e-25 9.84537e-24
1.16904e-11 1.02119e-25 9.74226e-24
1.1743e-11 1.01134e-25 9.64014e-24
1.17959e-11 1.00157e-25 9.53901e-24
1.1849e-11 9.91889e-26 9.43885e-24
1.19024e-11 9.82292e-26 9.33966e-24
1.1956e-11 9.7278e-26 9.24143e-24
1.20099e-11 9.63351e-26 9.14416e-24
1.2064e-11 9.54004e-26 9.04782e-24
1.21183e-11 9.44741e-26 8.95242e-24
1.21729e-11 9.35558e-26 8.85795e-24
1.22277e-11 9.26457e-26 8.76439e-24
1.22828e-11 9.17436e-26 8.67174e-24
1.23381e-11 9.08494e-26 8.58e-24
1.23936e-11 8.99632e-26 8.48915e-24
1.24495e-11 8.90848e-26 8.39919e-24
1.25055e-11 8.82143e-26 8.3101e-24
1.25618e-11 8.73514e-26 8.22189e-24
1.26184e-11 8.64962e-26 8.13454e-24
1.26753e-11 8.56486e-26 8.04804e-24
1.27323e-11 8.48086e-26 7.96239e-24
1.27897e-11 8.3976e-26 7.87758e-24
1.28473e-11 8.31509e-26 7.79361e-24
1.29051e-11 8.23332e-26 7.71046e-24
1.29633e-11 8.15227e-26 7.62812e-24
1.30216e-11 8.07195e-26 7.5466e-24
1.30803e-11 7.99236e-26 7.46588e-24
1.31392e-11 7.91347e-26 7.38596e-24
1.31984e-11 7.8353e-26 7.30682e-24
1.32578e-11 7.75782e-26 7.22847e-24
1.33175e-11 7.68105e-26 7.15089e-24
1.33775e-11 7.60497e-26 7.07408e-24
1.34378e-11 7.52957e-26 6.99803e-24
1.34983e-11 7.45486e-26 6.92274e-24
1.35591e-11 7.38082e-26 6.84819e-24
1.36201e-11 7.30745e-26 6.77438e-24
1.36815e-11 7.23474e-26 6.70131e-24
1.37431e-11 7.1627e-26 6.62896e-24
1.3805e-11 7.0913e-26 6.55733e-24
1.38672e-11 7.02056e-26 6.48642e-24
1.39296e-11 6.95046e-26 6.41621e-24
1.39923e-11 6.881e-26 6.34671e-24
1.40554e-11 6.81218e-26 6.2779e-24
1.41187e-11 6.74398e-26 6.20978e-24
1.41823e-11 6.6764e-26 6.14234e-24
1.42461e-11 6.60945e-26 6.07557e-24
1.43103e-11 6.54311e-26 6.00948e-24
1.43747e-11 6.47737e-26 5.94405e-24
1.44395e-11 6.41224e-26 5.87927e-24
1.45045e-11 6.3477e-26 5.81515e-24
1.45698e-11 6.28377e-26 5.75167e-24
1.46354e-11 6.22041e-26 5.68884e-24
1.47014e-11 6.15765e-26 5.62663e-24
1.47676e-11 6.09546e-26 5.56505e-24
1.48341e-11 6.03385e-26 5.5041e-24
1.49009e-11 5.9728e-26 5.44376e-24
1.4968e-11 5.91232e-26 5.38403e-24
1.50354e-11 5.8524e-26 5.32491e-24
1.51031e-11 5.79304e-26 5.26639e-24
1.51711e-11 5.73423e-26 5.20846e-24
1.52395e-11 5.67596e-26 5.15111e-24
1.53081e-11 5.61824e-26 5.09435e-24
1.5377e-11 5.56106e-26 5.03817e-24
1.54463e-11 5.5044e-26 4.98256e-24
1.55159e-11 5.44828e-26 4.92752e-24
1.55857e-11 5.39268e-26 4.87303e-24
1.56559e-11 5.3376e-26 4.81911e-24
1.57265e-11 5.28304e-26 4.76573e-24
1.57973e-11 5.22899e-26 4.7129e-24
1.58684e-11 5.17544e-26 4.66061e-24
1.59399e-11 5.1224e-26 4.60886e-24
1.60117e-11 5.06986e-26 4.55763e-24
1.60838e-11 5.01781e-26 4.50693e-24
1.61562e-11 4.96625e-26 4.45676e-24
1.6229e-11 4.91518e-26 4.40709e-24
1.63021e-11 4.86459e-26 4.35794e-24
1.63755e-11 4.81447e-26 4.3093e-24
1.64493e-11 4.76483e-26 4.26115e-24
1.65233e-11 4.71567e-26 4.2135e-24
1.65978e-11 4.66696e-26 4.16635e-24
1.66725e-11 4.61872e-26 4.11968e-24
1.67476e-11 4.57094e-26 4.07349e-24
1.6823e-11 4.52361e-26 4.02778e-24
1.68988e-11 4.47674e-26 3.98254e-24
1.69749e-11 4.43031e-26 3.93778e-24
1.70513e-11 4.38432e-26 3.89347e-24
1.71281e-11 4.33877e-26 3.84963e-24
1.72053e-11 4.29366e-26 3.80624e-24
1.72828e-11 4.24897e-26 3.76331e-24
1.73606e-11 4.20472e-26 3.72082e-24
1.74388e-11 4.16089e-26 3.67877e-24
1.75173e-11 4.11748e-26 3.63716e-24
1.75962e-11 4.07449e-26 3.59599e-24
1.76755e-11 4.03191e-26 3.55524e-24
1.77551e-11 3.98974e-26 3.51492e-24
1.7835e-11 3.94797e-26 3.47502e-24
1.79154e-11 3.90661e-26 3.43554e-24
1.7996e-11 3.86565e-26 3.39648e-24
1.80771e-11 3.82508e-26 3.35782e-24
1.81585e-11 3.78491e-26 3.31957e-24
1.82403e-11 3.74512e-26 3.28172e-24
1.83224e-11 3.70572e-26 3.24427e-24
1.8405e-11 3.66671e-26 3.20721e-24
1.84878e-11 3.62807e-26 3.17055e-24
1.85711e-11 3.58981e-26 3.13427e-24
1.86547e-11 3.55191e-26 3.09837e-24
1.87388e-11 3.51439e-26 3.06285e-24
1.88232e-11 3.47724e-26 3.0277e-24
1.89079e-11 3.44044e-26 2.99293e-24
1.89931e-11 3.40401e-26 2.95853e-24
1.90786e-11 3.36793e-26 2.92449e-24
1.91646e-11 3.33221e-26 2.89081e-24
1.92509e-11 3.29683e-26 2.85749e-24
1.93376e-11 3.2618e-26 2.82452e-24
1.94247e-11 3.22712e-26 2.7919e-24
1.95121e-11 3.19277e-26 2.75963e-24
1.96e-11 3.15877e-26 2.7277e-24
1.96883e-11 3.1251e-26 2.69611e-24
1.9777e-11 3.09176e-26 2.66486e-24
1.9866e-11 3.05875e-26 2.63394e-24
1.99555e-11 3.02606e-26 2.60336e-24
2.00454e-11 2.9937e-26 2.5731e-24
2.01357e-11 2.96166e-26 2.54316e-24
2.02263e-11 2.92993e-26 2.51354e-24
2.03174e-11 2.89852e-26 2.48424e-24
2.04089e-11 2.86742e-26 2.45526e-24
2.05008e-11 2.83663e-26 2.42658e-24
2.05932e-11 2.80615e-26 2.39822e-24
2.06859e-11 2.77597e-26 2.37016e-24
2.07791e-11 2.74609e-26 2.3424e-24
2.08727e-11 2.71651e-26 2.31494e-24
2.09667e-11 2.68722e-26 2.28777e-24
2.10611e-11 2.65823e-26 2.2609e-24
2.1156e-11 2.62952e-26 2.23432e-24
2.12512e-11 2.6011e-26 2.20802e-24
2.13469e-11 2.57297e-26 2.18201e-24
2.14431e-11 2.54512e-26 2.15628e-24
2.15397e-11 2.51755e-26 2.13083e-24
2.16367e-11 2.49025e-26 2.10565e-24
2.17341e-11 2.46323e-26 2.08075e-24
2.1832e-11 2.43648e-26 2.05612e-24
2.19303e-11 2.41e-26 2.03175e-24
2.20291e-11 2.38379e-26 2.00765e-24
2.21283e-11 2.35784e-26 1.98382e-24
2.2228e-11 2.33216e-26 1.96024e-24
2.23281e-11 2.30673e-26 1.93692e-24
2.24286e-11 2.28156e-26 1.91385e-24
2.25296e-11 2.25665e-26 1.89103e-24
2.26311e-11 2.23199e-26 1.86847e-24
2.2733e-11 2.20758e-26 1.84615e-24
2.28354e-11 2.18341e-26 1.82407e-24
2.29383e-11 2.15949e-26 1.80224e-24
2.30416e-11 2.13582e-26 1.78064e-24
2.31453e-11 2.11239e-26 1.75928e-24
2.32496e-11 2.08919e-26 1.73816e-24
2.33543e-11 2.06624e-26 1.71727e-24
2.34595e-11 2.04351e-26 1.69661e-24
2.35651e-11 2.02102e-26 1.67617e-24
2.36713e-11 1.99876e-26 1.65596e-24
2.37779e-11 1.97673e-26 1.63597e-24
2.3885e-11 1.95492e-26 1.61621e-24
2.39925e-11 1.93334e-26 1.59666e-24
2.41006e-11 1.91198e-26 1.57732e-24
2.42091e-11 1.89083e-26 1.5582e-24
2.43182e-11 1.86991e-26 1.53929e-24
2.44277e-11 1.8492e-26 1.5206e-24
2.45377e-11 1.82871e-26 1.5021e-24
2.46482e-11 1.80842e-26 1.48382e-24
2.47592e-11 1.78835e-26 1.46573e-24
2.48707e-11 1.76848e-26 1.44785e-24
2.49827e-11 1.74882e-26 1.43016e-24
2.50952e-11 1.72936e-26 1.41268e-24
2.52083e-11 1.7101e-26 1.39538e-24
2.53218e-11 1.69105e-26 1.37828e-24
2.54358e-11 1.67219e-26 1.36137e-24
2.55504e-11 1.65353e-26 1.34465e-24
2.56655e-11 1.63506e-26 1.32811e-24
2.57811e-11 1.61678e-26 1.31176e-24
2.58972e-11 1.59869e-26 1.2956e-24
2.60138e-11 1.5808e-26 1.27961e-24
2.6131e-11 1.56309e-26 1.2638e-24
2.62486e-11 1.54556e-26 1.24817e-24
2.63669e-11 1.52822e-26 1.23271e-24
2.64856e-11 1.51106e-26 1.21743e-24
2.66049e-11 1.49408e-26 1.20232e-24
2.67247e-11 1.47728e-26 1.18738e-24
2.68451e-11 1.46065e-26 1.17261e-24
2.6966e-11 1.4442e-26 1.158e-24
2.70874e-11 1.42792e-26 1.14356e-24
2.72094e-11 1.41181e-26 1.12928e-24
2.7332e-11 1.39587e-26 1.11516e-24
2.74551e-11 1.3801e-26 1.1012e-24
2.75787e-11 1.3645e-26 1.0874e-24
2.77029e-11 1.34906e-26 1.07376e-24
2.78277e-11 1.33378e-26 1.06027e-24
2.7953e-11 1.31867e-26 1.04693e-24
2.80789e-11 1.30372e-26 1.03374e-24
2.82054e-11 1.28892e-26 1.0207e-24
2.83324e-11 1.27428e-26 1.00782e-24
2.846e-11 1.2598e-26 9.95073e-25
2.85882e-11 1.24547e-26 9.82475e-25
2.87169e-11 1.23129e-26 9.7002e-25
2.88462e-11 1.21727e-26 9.57707e-25
2.89762e-11 1.20339e-26 9.45535e-25
2.91067e-11 1.18966e-26 9.33501e-25
2.92377e-11 1.17608e-26 9.21604e-25
2.93694e-11 1.16264e-26 9.09843e-25
2.95017e-11 1.14935e-26 8.98217e-25
2.96346e-11 1.1362e-26 8.86723e-25
2.9768e-11 1.12319e-26 8.75361e-25
2.99021e-11 1.11032e-26 8.64129e-25
3.00368e-11 1.09759e-26 8.53026e-25
3.0172e-11 1.08499e-26 8.4205e-25
3.03079e-11 1.07253e-26 8.31201e-25
3.04444e-11 1.0602e-26 8.20475e-25
3.05815e-11 1.04801e-26 8.09873e-25
3.07193e-11 1.03595e-26 7.99393e-25
3.08576e-11 1.02401e-26 7.89034e-25
3.09966e-11 1.01221e-26 7.78794e-25
3.11362e-11 1.00053e-26 7.68671e-25
3.12764e-11 9.88983e-27 7.58666e-25
3.14173e-11 9.77558e-27 7.48776e-25
3.15588e-11 9.66256e-27 7.39001e-25
3.17009e-11 9.55078e-27 7.29338e-25
3.18437e-11 9.4402e-27 7.19787e-25
3.19871e-11 9.33083e-27 7.10347e-25
3.21312e-11 9.22264e-27 7.01016e-25
3.22759e-11 9.11563e-27 6.91794e-25
3.24212e-11 9.00979e-27 6.82678e-25
3.25672e-11 8.90509e-27 6.73668e-25
3.27139e-11 8.80154e-27 6.64763e-25
3.28612e-11 8.69912e-27 6.55962e-25
3.30092e-11 8.59782e-27 6.47263e-25
3.31579e-11 8.49763e-27 6.38665e-25
3.33072e-11 8.39853e-27 6.30167e-25
3.34573e-11 8.30052e-27 6.21769e-25
3.36079e-11 8.20358e-27 6.13468e-25
3.37593e-11 8.1077e-27 6.05264e-25
3.39113e-11 8.01288e-27 5.97157e-25
3.40641e-11 7.9191e-27 5.89144e-25
3.42175e-11 7.82634e-27 5.81225e-25
3.43716e-11 7.73461e-27 5.73398e-25
3.45264e-11 7.64389e-27 5.65664e-25
3.46819e-11 7.55418e-27 5.5802e-25
3.48381e-11 7.46545e-27 5.50466e-25
3.4995e-11 7.37769e-27 5.43e-25
3.51526e-11 7.29091e-27 5.35623e-25
3.53109e-11 7.20509e-27 5.28332e-25
3.54699e-11 7.12022e-27 5.21127e-25
3.56297e-11 7.03629e-27 5.14006e-25
3.57901e-11 6.95329e-27 5.0697e-25
3.59513e-11 6.87121e-27 5.00017e-25
3.61132e-11 6.79004e-27 4.93146e-25
3.62759e-11 6.70978e-27 4.86356e-25
3.64393e-11 6.63041e-27 4.79646e-25
3.66034e-11 6.55192e-27 4.73015e-25
3.67682e-11 6.4743e-27 4.66463e-25
3.69338e-11 6.39755e-27 4.59989e-25
3.71002e-11 6.32166e-27 4.53592e-25
3.72672e-11 6.24662e-27 4.4727e-25
3.74351e-11 6.17241e-27 4.41023e-25
3.76037e-11 6.09903e-27 4.34851e-25
3.7773e-11 6.02648e-27 4.28752e-25
3.79432e-11 5.95474e-27 4.22725e-25
3.8114e-11 5.8838e-27 4.16771e-25
3.82857e-11 5.81366e-27 4.10887e-25
3.84581e-11 5.74431e-27 4.05073e-25
3.86313e-11 5.67573e-27 3.99329e-25
3.88053e-11 5.60793e-27 3.93653e-25
3.89801e-11 5.54089e-27 3.88045e-25
3.91556e-11 5.47461e-27 3.82504e-25
3.9332e-11 5.40908e-27 3.7703e-25
3.95091e-11 5.34428e-27 3.71621e-25
3.96871e-11 5.28022e-27 3.66276e-25
3.98658e-11 5.21688e-27 3.60996e-25
4.00453e-11 5.15426e-27 3.55779e-25
4.02257e-11 5.09234e-27 3.50625e-25
4.04069e-11 5.03113e-27 3.45533e-25
4.05888e-11 4.97061e-27 3.40502e-25
4.07716e-11 4.91078e-27 3.35531e-25
4.09553e-11 4.85163e-27 3.3062e-25
4.11397e-11 4.79315e-27 3.25769e-25
4.1325e-11 4.73534e-27 3.20975e-25
4.15111e-11 4.67818e-27 3.1624e-25
4.16981e-11 4.62168e-27 3.11562e-25
4.18859e-11 4.56582e-27 3.0694e-25
4.20745e-11 4.5106e-27 3.02374e-25
4.2264e-11 4.45601e-27 2.97864e-25
4.24543e-11 4.40204e-27 2.93408e-25
4.26455e-11 4.34869e-27 2.89006e-25
4.28376e-11 4.29595e-27 2.84657e-25
4.30305e-11 4.24382e-27 2.80361e-25
4.32243e-11 4.19228e-27 2.76117e-25
4.3419e-11 4.14134e-27 2.71925e-25
4.36146e-11 4.09098e-27 2.67784e-25
4.3811e-11 4.0412e-27 2.63693e-25
4.40083e-11 3.99199e-27 2.59651e-25
4.42065e-11 3.94335e-27 2.55659e-25
4.44056e-11 3.89527e-27 2.51716e-25
4.46056e-11 3.84774e-27 2.47821e-25
4.48065e-11 3.80076e-27 2.43973e-25
4.50083e-11 3.75433e-27 2.40172e-25
4.5211e-11 3.70843e-27 2.36418e-25
4.54146e-11 3.66306e-27 2.3271e-25
4.56191e-11 3.61822e-27 2.29047e-25
4.58246e-11 3.57389e-27 2.25428e-25
4.6031e-11 3.53008e-27 2.21854e-25
4.62383e-11 3.48678e-27 2.18324e-25
4.64465e-11 3.44398e-27 2.14838e-25
4.66557e-11 3.40168e-27 2.11394e-25
4.68658e-11 3.35987e-27 2.07992e-25
4.70769e-11 3.31855e-27 2.04632e-25
4.72889e-11 3.27771e-27 2.01313e-25
4.75019e-11 3.23734e-27 1.98036e-25
4.77158e-11 3.19745e-27 1.94798e-25
4.79307e-11 3.15802e-27 1.91601e-25
4.81466e-11 3.11905e-27 1.88443e-25
4.83634e-11 3.08054e-27 1.85324e-25
4.85812e-11 3.04247e-27 1.82243e-25
4.88e-11 3.00486e-27 1.79201e-25
4.90198e-11 2.96768e-27 1.76196e-25
4.92406e-11 2.93094e-27 1.73228e-25
4.94623e-11 2.89463e-27 1.70297e-25
4.96851e-11 2.85875e-27 1.67403e-25
4.99089e-11 2.82329e-27 1.64544e-25
5.01336e-11 2.78825e-27 1.61721e-25
5.03594e-11 2.75362e-27 1.58932e-25
5.05862e-11 2.71939e-27 1.56179e-25
5.08141e-11 2.68558e-27 1.53459e-25
5.10429e-11 2.65216e-27 1.50774e-25
5.12728e-11 2.61913e-27 1.48122e-25
5.15037e-11 2.58649e-27 1.45503e-25
5.17357e-11 2.55424e-27 1.42916e-25
5.19687e-11 2.52238e-27 1.40362e-25
5.22027e-11 2.49089e-27 1.3784e-25
5.24378e-11 2.45977e-27 1.35349e-25
5.2674e-11 2.42902e-27 1.32889e-25
5.29112e-11 2.39864e-27 1.3046e-25
5.31495e-11 2.36861e-27 1.28061e-25
5.33889e-11 2.33895e-27 1.25693e-25
5.36293e-11 2.30963e-27 1.23354e-25
5.38709e-11 2.28067e-27 1.21044e-25
5.41135e-11 2.25205e-27 1.18763e-25
5.43572e-11 2.22377e-27 1.16511e-25
5.4602e-11 2.19583e-27 1.14288e-25
5.48479e-11 2.16823e-27 1.12092e-25
5.50949e-11 2.14095e-27 1.09923e-25
5.53431e-11 2.114e-27 1.07782e-25
5.55923e-11 2.08737e-27 1.05668e-25
5.58427e-11 2.06106e-27 1.03581e-25
5.60942e-11 2.03507e-27 1.0152e-25
5.63468e-11 2.00938e-27 9.9485e-26
5.66006e-11 1.98401e-27 9.74756e-26
5.68555e-11 1.95894e-27 9.54916e-26
5.71116e-11 1.93417e-27 9.35327e-26
5.73688e-11 1.9097e-27 9.15985e-26
5.76272e-11 1.88552e-27 8.96888e-26
5.78867e-11 1.86164e-27 8.78033e-26
5.81474e-11 1.83804e-27 8.59416e-26
5.84093e-11 1.81473e-27 8.41036e-26
5.86723e-11 1.7917e-27 8.22889e-26
5.89366e-11 1.76895e-27 8.04972e-26
5.9202e-11 1.74647e-27 7.87282e-26
5.94686e-11 1.72426e-27 7.69817e-26
5.97365e-11 1.70233e-27 7.52575e-26
6.00055e-11 1.68065e-27 7.35552e-26
6.02758e-11 1.65924e-27 7.18745e-26
6.05472e-11 1.6381e-27 7.02153e-26
6.08199e-11 1.6172e-27 6.85772e-26
6.10938e-11 1.59656e-27 6.696e-26
6.1369e-11 1.57618e-27 6.53634e-26
6.16454e-11 1.55604e-27 6.37872e-26
6.1923e-11 1.53614e-27 6.22312e-26
6.22019e-11 1.51649e-27 6.0695e-26
6.2482e-11 1.49708e-27 5.91785e-26
6.27634e-11 1.4779e-27 5.76815e-26
6.30461e-11 1.45896e-27 5.62036e-26
6.333e-11 1.44025e-27 5.47446e-26
6.36152e-11 1.42177e-27 5.33044e-26
6.39017e-11 1.40351e-27 5.18826e-26
6.41895e-11 1.38548e-27 5.04791e-26
6.44786e-11 1.36767e-27 4.90936e-26
6.4769e-11 1.35008e-27 4.77259e-26
6.50607e-11 1.3327e-27 4.63758e-26
6.53537e-11 1.31554e-27 4.50431e-26
6.56481e-11 1.29859e-27 4.37276e-26
6.59437e-11 1.28184e-27 4.2429e-26
6.62407e-11 1.2653e-27 4.11472e-26
6.65391e-11 1.24897e-27 3.98819e-26
6.68387e-11 1.23284e-27 3.86329e-26
6.71398e-11 1.2169e-27 3.74001e-26
6.74421e-11 1.20116e-27 3.61832e-26
6.77459e-11 1.18562e-27 3.4982e-26
6.8051e-11 1.17027e-27 3.37964e-26
6.83575e-11 1.15511e-27 3.26261e-26
6.86653e-11 1.14013e-27 3.1471e-26
6.89746e-11 1.12534e-27 3.03309e-26
6.92852e-11 1.11074e-27 2.92055e-26
6.95973e-11 1.09631e-27 2.80948e-26
6.99107e-11 1.08207e-27 2.69985e-26
7.02256e-11 1.068e-27 2.59164e-26
7.05418e-11 1.05411e-27 2.48484e-26
7.08595e-11 1.04038e-27 2.37943e-26
7.11787e-11 1.02683e-27 2.27539e-26
7.14992e-11 1.01345e-27 2.17271e-26
7.18212e-11 1.00024e-27 2.07136e-26
7.21447e-11 9.87186e-28 1.97134e-26
7.24696e-11 9.74298e-28 1.87262e-26
7.2796e-11 9.61571e-28 1.77519e-26
7.31239e-11 9.49003e-28 1.67903e-26
7.34532e-11 9.36592e-28 1.58413e-26
7.3784e-11 9.24336e-28 1.49047e-26
7.41163e-11 9.12234e-28 1.39804e-26
7.44501e-11 9.00283e-28 1.30682e-26
7.47854e-11 8.88482e-28 1.21679e-26
7.51222e-11 8.76829e-28 1.12794e-26
7.54605e-11 8.65323e-28 1.04026e-26
7.58004e-11 8.53961e-28 9.53726e-27
7.61418e-11 8.42741e-28 8.6833e-27
7.64847e-11 8.31663e-28 7.84056e-27
7.68292e-11 8.20724e-28 7.0089e-27
7.71752e-11 8.09922e-28 6.18817e-27
7.75228e-11 7.99257e-28 5.37825e-27
7.78719e-11 7.88726e-28 4.57899e-27
7.82226e-11 7.78329e-28 3.79027e-27
7.85749e-11 7.68062e-28 3.01194e-27
7.89288e-11 7.57925e-28 2.24388e-27
7.92842e-11 7.47916e-28 1.48595e-27
7.96413e-11 7.38034e-28 7.38034e-28
