1e-14 252.045 1.28815e+13
1.0045e-14 261.97 1.28815e+13
1.00903e-14 272.272 1.28815e+13
1.01357e-14 282.967 1.28815e+13
1.01814e-14 294.069 1.28815e+13
1.02272e-14 305.592 1.28815e+13
1.02733e-14 317.552 1.28815e+13
1.03196e-14 329.965 1.28815e+13
1.0366e-14 342.848 1.28815e+13
1.04127e-14 356.217 1.28815e+13
1.04596e-14 370.091 1.28815e+13
1.05067e-14 384.487 1.28815e+13
1.0554e-14 399.425 1.28815e+13
1.06016e-14 414.925 1.28815e+13
1.06493e-14 431.006 1.28815e+13
1.06973e-14 447.69 1.28815e+13
1.07455e-14 464.999 1.28815e+13
1.07938e-14 482.955 1.28815e+13
1.08425e-14 501.581 1.28815e+13
1.08913e-14 520.903 1.28815e+13
1.09403e-14 540.943 1.28815e+13
1.09896e-14 561.729 1.28815e+13
1.10391e-14 583.288 1.28815e+13
1.10888e-14 605.646 1.28815e+13
1.11388e-14 628.832 1.28815e+13
1.11889e-14 652.876 1.28815e+13
1.12393e-14 677.809 1.28815e+13
1.12899e-14 703.662 1.28815e+13
1.13408e-14 730.468 1.28815e+13
1.13919e-14 758.261 1.28815e+13
1.14432e-14 787.075 1.28815e+13
1.14947e-14 816.947 1.28815e+13
1.15465e-14 847.915 1.28815e+13
1.15985e-14 880.016 1.28815e+13
1.16507e-14 913.291 1.28815e+13
1.17032e-14 947.781 1.28815e+13
1.17559e-14 983.529 1.28815e+13
1.18088e-14 1020.58 1.28815e+13
1.1862e-14 1058.98 1.28815e+13
1.19154e-14 1098.77 1.28815e+13
1.19691e-14 1140.01 1.28815e+13
1.2023e-14 1182.74 1.28815e+13
1.20772e-14 1227.01 1.28815e+13
1.21316e-14 1272.89 1.28815e+13
1.21862e-14 1320.42 1.28815e+13
1.22411e-14 1369.66 1.28815e+13
1.22962e-14 1420.68 1.28815e+13
1.23516e-14 1473.53 1.28815e+13
1.24072e-14 1528.28 1.28815e+13
1.24631e-14 1584.98 1.28815e+13
1.25192e-14 1643.72 1.28815e+13
1.25756e-14 1704.56 1.28815e+13
1.26322e-14 1767.57 1.28815e+13
1.26891e-14 1832.83 1.28815e+13
1.27463e-14 1900.41 1.28815e+13
1.28037e-14 1970.39 1.28815e+13
1.28613e-14 2042.86 1.28815e+13
1.29193e-14 2117.89 1.28815e+13
1.29775e-14 2195.59 1.28815e+13
1.30359e-14 2276.03 1.28815e+13
1.30946e-14 2359.31 1.28815e+13
1.31536e-14 2445.53 1.28815e+13
1.32128e-14 2534.78 1.28815e+13
1.32723e-14 2627.17 1.28815e+13
1.33321e-14 2722.81 1.28815e+13
1.33922e-14 2821.8 1.28815e+13
1.34525e-14 2924.26 1.28815e+13
1.35131e-14 3030.3 1.28815e+13
1.35739e-14 3140.05 1.28815e+13
1.3635e-14 3253.63 1.28815e+13
1.36965e-14 3371.16 1.28815e+13
1.37581e-14 3492.77 1.28815e+13
1.38201e-14 3618.62 1.28815e+13
1.38823e-14 3748.82 1.28815e+13
1.39449e-14 3883.54 1.28815e+13
1.40077e-14 4022.92 1.28815e+13
1.40708e-14 4167.11 1.28815e+13
1.41341e-14 4316.28 1.28815e+13
1.41978e-14 4470.59 1.28815e+13
1.42617e-14 4630.2 1.28815e+13
1.4326e-14 4795.29 1.28815e+13
1.43905e-14 4966.05 1.28815e+13
1.44553e-14 5142.66 1.28815e+13
1.45204e-14 5325.31 1.28815e+13
1.45858e-14 5514.2 1.28815e+13
1.46515e-14 5709.53 1.28815e+13
1.47175e-14 5911.52 1.28815e+13
1.47837e-14 6120.37 1.28815e+13
1.48503e-14 6336.33 1.28815e+13
1.49172e-14 6559.6 1.28815e+13
1.49844e-14 6790.44 1.28815e+13
1.50519e-14 7029.09 1.28815e+13
1.51197e-14 7275.79 1.28815e+13
1.51878e-14 7530.82 1.28815e+13
1.52562e-14 7794.44 1.28815e+13
1.53249e-14 8066.92 1.28815e+13
1.53939e-14 8348.55 1.28815e+13
1.54632e-14 8639.63 1.28815e+13
1.55329e-14 8940.46 1.28815e+13
1.56028e-14 9251.34 1.28815e+13
1.56731e-14 9572.61 1.28815e+13
1.57437e-14 9904.59 1.28815e+13
1.58146e-14 10247.6 1.28815e+13
1.58858e-14 10602.1 1.28815e+13
1.59573e-14 10968.3 1.28815e+13
1.60292e-14 11346.6 1.28815e+13
1.61014e-14 11737.5 1.28815e+13
1.61739e-14 12141.3 1.28815e+13
1.62468e-14 12558.4 1.28815e+13
1.63199e-14 12989.3 1.28815e+13
1.63934e-14 13434.4 1.28815e+13
1.64673e-14 13894.1 1.28815e+13
1.65414e-14 14368.8 1.28815e+13
1.66159e-14 14859.2 1.28815e+13
1.66908e-14 15365.5 1.28815e+13
1.67659e-14 15888.5 1.28815e+13
1.68414e-14 16428.5 1.28815e+13
1.69173e-14 16986 1.28815e+13
1.69935e-14 17561.8 1.28815e+13
1.707e-14 18156.2 1.28815e+13
1.71469e-14 18769.9 1.28815e+13
1.72241e-14 19403.5 1.28815e+13
1.73017e-14 20057.6 1.28815e+13
1.73796e-14 20732.8 1.28815e+13
1.74579e-14 21429.8 1.28815e+13
1.75365e-14 22149.2 1.28815e+13
1.76155e-14 22891.8 1.28815e+13
1.76948e-14 23658.2 1.28815e+13
1.77745e-14 24449.1 1.28815e+13
1.78546e-14 25265.4 1.28815e+13
1.7935e-14 26107.8 1.28815e+13
1.80158e-14 26977 1.28815e+13
1.80969e-14 27874 1.28815e+13
1.81784e-14 28799.5 1.28815e+13
1.82603e-14 29754.4 1.28815e+13
1.83425e-14 30739.6 1.28815e+13
1.84251e-14 31756 1.28815e+13
1.85081e-14 32804.6 1.28815e+13
1.85914e-14 33886.3 1.28815e+13
1.86752e-14 35002.1 1.28815e+13
1.87593e-14 36153 1.28815e+13
1.88438e-14 37340.1 1.28815e+13
1.89286e-14 38564.5 1.28815e+13
1.90139e-14 39827.3 1.28815e+13
1.90995e-14 41129.6 1.28815e+13
1.91855e-14 42472.6 1.28815e+13
1.92719e-14 43857.5 1.28815e+13
1.93587e-14 45285.5 1.28815e+13
1.94459e-14 46758 1.28815e+13
1.95335e-14 48276.2 1.28815e+13
1.96215e-14 49841.5 1.28815e+13
1.97098e-14 51455.3 1.28815e+13
1.97986e-14 53118.9 1.28815e+13
1.98878e-14 54833.9 1.28815e+13
1.99774e-14 56601.8 1.28815e+13
2.00673e-14 58424.1 1.28815e+13
2.01577e-14 60302.5 1.28815e+13
2.02485e-14 62238.4 1.28815e+13
2.03397e-14 64233.7 1.28815e+13
2.04313e-14 66289.9 1.28815e+13
2.05233e-14 68409 1.28815e+13
2.06157e-14 70592.8 1.28815e+13
2.07086e-14 72843 1.28815e+13
2.08018e-14 75161.6 1.28815e+13
2.08955e-14 77550.6 1.28815e+13
2.09896e-14 80012 1.28815e+13
2.10842e-14 82547.8 1.28815e+13
2.11791e-14 85160.3 1.28815e+13
2.12745e-14 87851.6 1.28815e+13
2.13703e-14 90624 1.28815e+13
2.14666e-14 93479.7 1.28815e+13
2.15632e-14 96421.1 1.28815e+13
2.16604e-14 99450.7 1.28815e+13
2.17579e-14 102571 1.28815e+13
2.18559e-14 105785 1.28815e+13
2.19543e-14 109094 1.28815e+13
2.20532e-14 112502 1.28815e+13
2.21525e-14 116011 1.28815e+13
2.22523e-14 119625 1.28815e+13
2.23525e-14 123346 1.28815e+13
2.24532e-14 127176 1.28815e+13
2.25543e-14 131121 1.28815e+13
2.26559e-14 135181 1.28815e+13
2.27579e-14 139361 1.28815e+13
2.28604e-14 143664 1.28815e+13
2.29634e-14 148093 1.28815e+13
2.30668e-14 152652 1.28815e+13
2.31707e-14 157345 1.28815e+13
2.3275e-14 162175 1.28815e+13
2.33799e-14 167146 1.28815e+13
2.34852e-14 172261 1.28815e+13
2.35909e-14 177525 1.28815e+13
2.36972e-14 182943 1.28815e+13
2.38039e-14 188517 1.28815e+13
2.39111e-14 194252 1.28815e+13
2.40188e-14 200154 1.28815e+13
2.4127e-14 206225 1.28815e+13
2.42356e-14 212472 1.28815e+13
2.43448e-14 218898 1.28814e+13
2.44544e-14 225508 1.28814e+13
2.45646e-14 232308 1.28814e+13
2.46752e-14 239303 1.28814e+13
2.47863e-14 246497 1.28814e+13
2.4898e-14 253897 1.28814e+13
2.50101e-14 261507 1.28814e+13
2.51227e-14 269334 1.28814e+13
2.52359e-14 277382 1.28814e+13
2.53495e-14 285659 1.28814e+13
2.54637e-14 294170 1.28814e+13
2.55784e-14 302921 1.28814e+13
2.56936e-14 311920 1.28814e+13
2.58093e-14 321171 1.28814e+13
2.59255e-14 330682 1.28814e+13
2.60423e-14 340461 1.28814e+13
2.61596e-14 350513 1.28814e+13
2.62774e-14 360846 1.28814e+13
2.63957e-14 371467 1.28814e+13
2.65146e-14 382385 1.28814e+13
2.6634e-14 393606 1.28814e+13
2.6754e-14 405140 1.28814e+13
2.68745e-14 416992 1.28814e+13
2.69955e-14 429173 1.28814e+13
2.71171e-14 441691 1.28814e+13
2.72392e-14 454554 1.28814e+13
2.73619e-14 467771 1.28814e+13
2.74851e-14 481352 1.28814e+13
2.76089e-14 495305 1.28814e+13
2.77332e-14 509641 1.28814e+13
2.78581e-14 524369 1.28814e+13
2.79836e-14 539500 1.28814e+13
2.81096e-14 555042 1.28814e+13
2.82362e-14 571008 1.28814e+13
2.83634e-14 587408 1.28814e+13
2.84912e-14 604253 1.28814e+13
2.86195e-14 621553 1.28814e+13
2.87484e-14 639322 1.28814e+13
2.88778e-14 657569 1.28814e+13
2.90079e-14 676309 1.28814e+13
2.91385e-14 695552 1.28814e+13
2.92698e-14 715312 1.28814e+13
2.94016e-14 735602 1.28814e+13
2.9534e-14 756434 1.28814e+13
2.9667e-14 777823 1.28814e+13
2.98006e-14 799782 1.28814e+13
2.99348e-14 822326 1.28814e+13
3.00697e-14 845468 1.28814e+13
3.02051e-14 869225 1.28814e+13
3.03411e-14 893610 1.28814e+13
3.04778e-14 918640 1.28814e+13
3.0615e-14 944330 1.28814e+13
3.07529e-14 970697 1.28814e+13
3.08914e-14 997757 1.28814e+13
3.10305e-14 1.02553e+06 1.28814e+13
3.11703e-14 1.05403e+06 1.28814e+13
3.13107e-14 1.08327e+06 1.28814e+13
3.14517e-14 1.11328e+06 1.28814e+13
3.15933e-14 1.14406e+06 1.28814e+13
3.17356e-14 1.17565e+06 1.28814e+13
3.18786e-14 1.20806e+06 1.28814e+13
3.20221e-14 1.24131e+06 1.28814e+13
3.21663e-14 1.27543e+06 1.28814e+13
3.23112e-14 1.31042e+06 1.28814e+13
3.24567e-14 1.34631e+06 1.28814e+13
3.26029e-14 1.38313e+06 1.28814e+13
3.27497e-14 1.42089e+06 1.28814e+13
3.28972e-14 1.45963e+06 1.28814e+13
3.30454e-14 1.49935e+06 1.28814e+13
3.31942e-14 1.54009e+06 1.28814e+13
3.33437e-14 1.58187e+06 1.28814e+13
3.34939e-14 1.62471e+06 1.28814e+13
3.36447e-14 1.66864e+06 1.28814e+13
3.37963e-14 1.71369e+06 1.28814e+13
3.39485e-14 1.75987e+06 1.28814e+13
3.41014e-14 1.80723e+06 1.28814e+13
3.42549e-14 1.85578e+06 1.28814e+13
3.44092e-14 1.90555e+06 1.28814e+13
3.45642e-14 1.95657e+06 1.28814e+13
3.47199e-14 2.00888e+06 1.28814e+13
3.48762e-14 2.06249e+06 1.28814e+13
3.50333e-14 2.11745e+06 1.28814e+13
3.51911e-14 2.17377e+06 1.28814e+13
3.53496e-14 2.2315e+06 1.28814e+13
3.55088e-14 2.29067e+06 1.28814e+13
3.56687e-14 2.3513e+06 1.28814e+13
3.58293e-14 2.41344e+06 1.28814e+13
3.59907e-14 2.47711e+06 1.28814e+13
3.61528e-14 2.54236e+06 1.28814e+13
3.63156e-14 2.60921e+06 1.28814e+13
3.64792e-14 2.6777e+06 1.28814e+13
3.66435e-14 2.74788e+06 1.28814e+13
3.68085e-14 2.81978e+06 1.28814e+13
3.69743e-14 2.89343e+06 1.28814e+13
3.71408e-14 2.96889e+06 1.28813e+13
3.73081e-14 3.04618e+06 1.28813e+13
3.74761e-14 3.12535e+06 1.28813e+13
3.76449e-14 3.20644e+06 1.28813e+13
3.78144e-14 3.2895e+06 1.28813e+13
3.79847e-14 3.37457e+06 1.28813e+13
3.81558e-14 3.46169e+06 1.28813e+13
3.83276e-14 3.55091e+06 1.28813e+13
3.85002e-14 3.64227e+06 1.28813e+13
3.86736e-14 3.73583e+06 1.28813e+13
3.88478e-14 3.83163e+06 1.28813e+13
3.90228e-14 3.92971e+06 1.28813e+13
3.91985e-14 4.03014e+06 1.28813e+13
3.93751e-14 4.13296e+06 1.28813e+13
3.95524e-14 4.23823e+06 1.28813e+13
3.97305e-14 4.34599e+06 1.28813e+13
3.99095e-14 4.45631e+06 1.28813e+13
4.00892e-14 4.56923e+06 1.28813e+13
4.02698e-14 4.68482e+06 1.28813e+13
4.04511e-14 4.80313e+06 1.28813e+13
4.06333e-14 4.92422e+06 1.28813e+13
4.08163e-14 5.04815e+06 1.28813e+13
4.10001e-14 5.17498e+06 1.28813e+13
4.11848e-14 5.30477e+06 1.28813e+13
4.13703e-14 5.43759e+06 1.28813e+13
4.15566e-14 5.5735e+06 1.28812e+13
4.17437e-14 5.71257e+06 1.28812e+13
4.19317e-14 5.85486e+06 1.28812e+13
4.21206e-14 6.00045e+06 1.28812e+13
4.23103e-14 6.1494e+06 1.28812e+13
4.25008e-14 6.30178e+06 1.28812e+13
4.26922e-14 6.45766e+06 1.28812e+13
4.28845e-14 6.61713e+06 1.28812e+13
4.30777e-14 6.78025e+06 1.28812e+13
4.32717e-14 6.9471e+06 1.28812e+13
4.34666e-14 7.11775e+06 1.28812e+13
4.36623e-14 7.2923e+06 1.28812e+13
4.3859e-14 7.47081e+06 1.28812e+13
4.40565e-14 7.65337e+06 1.28812e+13
4.42549e-14 7.84006e+06 1.28812e+13
4.44542e-14 8.03098e+06 1.28811e+13
4.46544e-14 8.2262e+06 1.28811e+13
4.48555e-14 8.42581e+06 1.28811e+13
4.50575e-14 8.62991e+06 1.28811e+13
4.52605e-14 8.83858e+06 1.28811e+13
4.54643e-14 9.05192e+06 1.28811e+13
4.56691e-14 9.27002e+06 1.28811e+13
4.58748e-14 9.49298e+06 1.28811e+13
4.60814e-14 9.72091e+06 1.28811e+13
4.62889e-14 9.95388e+06 1.28811e+13
4.64974e-14 1.0192e+07 1.28811e+13
4.67068e-14 1.04354e+07 1.2881e+13
4.69171e-14 1.06842e+07 1.2881e+13
4.71284e-14 1.09384e+07 1.2881e+13
4.73407e-14 1.11983e+07 1.2881e+13
4.75539e-14 1.14638e+07 1.2881e+13
4.77681e-14 1.17351e+07 1.2881e+13
4.79832e-14 1.20124e+07 1.2881e+13
4.81993e-14 1.22957e+07 1.2881e+13
4.84164e-14 1.25852e+07 1.2881e+13
4.86344e-14 1.28809e+07 1.28809e+13
4.88535e-14 1.31831e+07 1.28809e+13
4.90735e-14 1.34918e+07 1.28809e+13
4.92945e-14 1.38071e+07 1.28809e+13
4.95165e-14 1.41292e+07 1.28809e+13
4.97395e-14 1.44582e+07 1.28809e+13
4.99635e-14 1.47943e+07 1.28809e+13
5.01886e-14 1.51376e+07 1.28808e+13
5.04146e-14 1.54882e+07 1.28808e+13
5.06416e-14 1.58463e+07 1.28808e+13
5.08697e-14 1.6212e+07 1.28808e+13
5.10988e-14 1.65854e+07 1.28808e+13
5.13289e-14 1.69668e+07 1.28808e+13
5.15601e-14 1.73561e+07 1.28808e+13
5.17923e-14 1.77537e+07 1.28807e+13
5.20256e-14 1.81597e+07 1.28807e+13
5.22599e-14 1.85742e+07 1.28807e+13
5.24953e-14 1.89973e+07 1.28807e+13
5.27317e-14 1.94294e+07 1.28807e+13
5.29692e-14 1.98704e+07 1.28806e+13
5.32077e-14 2.03205e+07 1.28806e+13
5.34474e-14 2.07801e+07 1.28806e+13
5.36881e-14 2.12491e+07 1.28806e+13
5.39299e-14 2.17279e+07 1.28806e+13
5.41728e-14 2.22165e+07 1.28805e+13
5.44167e-14 2.27152e+07 1.28805e+13
5.46618e-14 2.32241e+07 1.28805e+13
5.4908e-14 2.37435e+07 1.28805e+13
5.51553e-14 2.42735e+07 1.28804e+13
5.54037e-14 2.48143e+07 1.28804e+13
5.56532e-14 2.53661e+07 1.28804e+13
5.59039e-14 2.59291e+07 1.28804e+13
5.61556e-14 2.65036e+07 1.28803e+13
5.64085e-14 2.70896e+07 1.28803e+13
5.66626e-14 2.76875e+07 1.28803e+13
5.69178e-14 2.82975e+07 1.28803e+13
5.71741e-14 2.89197e+07 1.28802e+13
5.74316e-14 2.95544e+07 1.28802e+13
5.76903e-14 3.02017e+07 1.28802e+13
5.79501e-14 3.0862e+07 1.28801e+13
5.82111e-14 3.15355e+07 1.28801e+13
5.84732e-14 3.22223e+07 1.28801e+13
5.87366e-14 3.29228e+07 1.28801e+13
5.90011e-14 3.36371e+07 1.288e+13
5.92668e-14 3.43656e+07 1.288e+13
5.95338e-14 3.51084e+07 1.288e+13
5.98019e-14 3.58657e+07 1.28799e+13
6.00712e-14 3.6638e+07 1.28799e+13
6.03418e-14 3.74253e+07 1.28798e+13
6.06135e-14 3.82281e+07 1.28798e+13
6.08865e-14 3.90464e+07 1.28798e+13
6.11607e-14 3.98807e+07 1.28797e+13
6.14362e-14 4.07312e+07 1.28797e+13
6.17129e-14 4.15981e+07 1.28796e+13
6.19908e-14 4.24818e+07 1.28796e+13
6.227e-14 4.33824e+07 1.28796e+13
6.25504e-14 4.43004e+07 1.28795e+13
6.28321e-14 4.5236e+07 1.28795e+13
6.31151e-14 4.61895e+07 1.28794e+13
6.33994e-14 4.71612e+07 1.28794e+13
6.36849e-14 4.81514e+07 1.28793e+13
6.39717e-14 4.91604e+07 1.28793e+13
6.42598e-14 5.01885e+07 1.28792e+13
6.45492e-14 5.12361e+07 1.28792e+13
6.484e-14 5.23034e+07 1.28791e+13
6.5132e-14 5.33909e+07 1.28791e+13
6.54253e-14 5.44987e+07 1.2879e+13
6.572e-14 5.56274e+07 1.2879e+13
6.6016e-14 5.67771e+07 1.28789e+13
6.63133e-14 5.79482e+07 1.28789e+13
6.66119e-14 5.91412e+07 1.28788e+13
6.69119e-14 6.03563e+07 1.28787e+13
6.72133e-14 6.15939e+07 1.28787e+13
6.7516e-14 6.28544e+07 1.28786e+13
6.78201e-14 6.41381e+07 1.28786e+13
6.81255e-14 6.54454e+07 1.28785e+13
6.84323e-14 6.67767e+07 1.28784e+13
6.87405e-14 6.81324e+07 1.28784e+13
6.90501e-14 6.95128e+07 1.28783e+13
6.93611e-14 7.09184e+07 1.28782e+13
6.96735e-14 7.23495e+07 1.28782e+13
6.99873e-14 7.38065e+07 1.28781e+13
7.03025e-14 7.52899e+07 1.2878e+13
7.06191e-14 7.68001e+07 1.28779e+13
7.09371e-14 7.83375e+07 1.28779e+13
7.12566e-14 7.99024e+07 1.28778e+13
7.15775e-14 8.14954e+07 1.28777e+13
7.18999e-14 8.31169e+07 1.28776e+13
7.22237e-14 8.47673e+07 1.28775e+13
7.2549e-14 8.6447e+07 1.28775e+13
7.28757e-14 8.81565e+07 1.28774e+13
7.32039e-14 8.98962e+07 1.28773e+13
7.35336e-14 9.16667e+07 1.28772e+13
7.38648e-14 9.34683e+07 1.28771e+13
7.41975e-14 9.53017e+07 1.2877e+13
7.45316e-14 9.71671e+07 1.28769e+13
7.48673e-14 9.90651e+07 1.28768e+13
7.52045e-14 1.00996e+08 1.28767e+13
7.55432e-14 1.02961e+08 1.28766e+13
7.58834e-14 1.0496e+08 1.28765e+13
7.62252e-14 1.06993e+08 1.28764e+13
7.65685e-14 1.09062e+08 1.28763e+13
7.69133e-14 1.11166e+08 1.28762e+13
7.72597e-14 1.13306e+08 1.28761e+13
7.76076e-14 1.15483e+08 1.2876e+13
7.79572e-14 1.17697e+08 1.28758e+13
7.83083e-14 1.19949e+08 1.28757e+13
7.86609e-14 1.2224e+08 1.28756e+13
7.90152e-14 1.24569e+08 1.28755e+13
7.93711e-14 1.26937e+08 1.28754e+13
7.97285e-14 1.29346e+08 1.28752e+13
8.00876e-14 1.31795e+08 1.28751e+13
8.04483e-14 1.34285e+08 1.2875e+13
8.08106e-14 1.36817e+08 1.28748e+13
8.11746e-14 1.39391e+08 1.28747e+13
8.15402e-14 1.42008e+08 1.28746e+13
8.19074e-14 1.44669e+08 1.28744e+13
8.22763e-14 1.47374e+08 1.28743e+13
8.26468e-14 1.50123e+08 1.28741e+13
8.3019e-14 1.52918e+08 1.2874e+13
8.33929e-14 1.55759e+08 1.28738e+13
8.37685e-14 1.58646e+08 1.28737e+13
8.41458e-14 1.61581e+08 1.28735e+13
8.45247e-14 1.64563e+08 1.28734e+13
8.49054e-14 1.67594e+08 1.28732e+13
8.52878e-14 1.70675e+08 1.2873e+13
8.56719e-14 1.73805e+08 1.28728e+13
8.60578e-14 1.76986e+08 1.28727e+13
8.64453e-14 1.80218e+08 1.28725e+13
8.68347e-14 1.83502e+08 1.28723e+13
8.72257e-14 1.86839e+08 1.28721e+13
8.76186e-14 1.90228e+08 1.28719e+13
8.80132e-14 1.93673e+08 1.28718e+13
8.84096e-14 1.97171e+08 1.28716e+13
8.88077e-14 2.00726e+08 1.28714e+13
8.92077e-14 2.04336e+08 1.28712e+13
8.96095e-14 2.08003e+08 1.2871e+13
9.00131e-14 2.11729e+08 1.28708e+13
9.04184e-14 2.15512e+08 1.28705e+13
9.08257e-14 2.19355e+08 1.28703e+13
9.12347e-14 2.23258e+08 1.28701e+13
9.16456e-14 2.27221e+08 1.28699e+13
9.20584e-14 2.31246e+08 1.28697e+13
9.2473e-14 2.35333e+08 1.28694e+13
9.28894e-14 2.39484e+08 1.28692e+13
9.33078e-14 2.43698e+08 1.28689e+13
9.3728e-14 2.47977e+08 1.28687e+13
9.41501e-14 2.52321e+08 1.28685e+13
9.45742e-14 2.56732e+08 1.28682e+13
9.50001e-14 2.6121e+08 1.28679e+13
9.54279e-14 2.65756e+08 1.28677e+13
9.58577e-14 2.70371e+08 1.28674e+13
9.62894e-14 2.75055e+08 1.28672e+13
9.67231e-14 2.7981e+08 1.28669e+13
9.71587e-14 2.84636e+08 1.28666e+13
9.75963e-14 2.89535e+08 1.28663e+13
9.80358e-14 2.94507e+08 1.2866e+13
9.84774e-14 2.99553e+08 1.28657e+13
9.89209e-14 3.04673e+08 1.28654e+13
9.93664e-14 3.0987e+08 1.28651e+13
9.98139e-14 3.15143e+08 1.28648e+13
1.00263e-13 3.20494e+08 1.28645e+13
1.00715e-13 3.25924e+08 1.28642e+13
1.01169e-13 3.31432e+08 1.28639e+13
1.01624e-13 3.37022e+08 1.28635e+13
1.02082e-13 3.42693e+08 1.28632e+13
1.02542e-13 3.48446e+08 1.28628e+13
1.03003e-13 3.54282e+08 1.28625e+13
1.03467e-13 3.60202e+08 1.28621e+13
1.03933e-13 3.66208e+08 1.28618e+13
1.04401e-13 3.723e+08 1.28614e+13
1.04872e-13 3.78479e+08 1.2861e+13
1.05344e-13 3.84746e+08 1.28607e+13
1.05818e-13 3.91102e+08 1.28603e+13
1.06295e-13 3.97549e+08 1.28599e+13
1.06774e-13 4.04086e+08 1.28595e+13
1.07255e-13 4.10716e+08 1.28591e+13
1.07738e-13 4.17439e+08 1.28587e+13
1.08223e-13 4.24256e+08 1.28583e+13
1.0871e-13 4.31168e+08 1.28578e+13
1.092e-13 4.38177e+08 1.28574e+13
1.09692e-13 4.45283e+08 1.2857e+13
1.10186e-13 4.52488e+08 1.28565e+13
1.10682e-13 4.59792e+08 1.28561e+13
1.1118e-13 4.67196e+08 1.28556e+13
1.11681e-13 4.74702e+08 1.28551e+13
1.12184e-13 4.82311e+08 1.28547e+13
1.12689e-13 4.90024e+08 1.28542e+13
1.13197e-13 4.97842e+08 1.28537e+13
1.13707e-13 5.05765e+08 1.28532e+13
1.14219e-13 5.13796e+08 1.28527e+13
1.14733e-13 5.21935e+08 1.28522e+13
1.1525e-13 5.30183e+08 1.28517e+13
1.15769e-13 5.38542e+08 1.28511e+13
1.1629e-13 5.47013e+08 1.28506e+13
1.16814e-13 5.55596e+08 1.285e+13
1.1734e-13 5.64293e+08 1.28495e+13
1.17869e-13 5.73106e+08 1.28489e+13
1.18399e-13 5.82035e+08 1.28483e+13
1.18933e-13 5.9108e+08 1.28478e+13
1.19468e-13 6.00245e+08 1.28472e+13
1.20006e-13 6.09529e+08 1.28466e+13
1.20547e-13 6.18935e+08 1.2846e+13
1.2109e-13 6.28462e+08 1.28453e+13
1.21635e-13 6.38113e+08 1.28447e+13
1.22183e-13 6.47888e+08 1.28441e+13
1.22733e-13 6.5779e+08 1.28434e+13
1.23286e-13 6.67818e+08 1.28428e+13
1.23841e-13 6.77974e+08 1.28421e+13
1.24399e-13 6.8826e+08 1.28414e+13
1.24959e-13 6.98676e+08 1.28407e+13
1.25522e-13 7.09224e+08 1.284e+13
1.26087e-13 7.19906e+08 1.28393e+13
1.26655e-13 7.30722e+08 1.28386e+13
1.27226e-13 7.41673e+08 1.28379e+13
1.27799e-13 7.52761e+08 1.28371e+13
1.28374e-13 7.63988e+08 1.28364e+13
1.28952e-13 7.75354e+08 1.28356e+13
1.29533e-13 7.8686e+08 1.28348e+13
1.30116e-13 7.98509e+08 1.28341e+13
1.30702e-13 8.10301e+08 1.28333e+13
1.31291e-13 8.22237e+08 1.28324e+13
1.31882e-13 8.34319e+08 1.28316e+13
1.32476e-13 8.46548e+08 1.28308e+13
1.33073e-13 8.58925e+08 1.28299e+13
1.33672e-13 8.71453e+08 1.28291e+13
1.34274e-13 8.84131e+08 1.28282e+13
1.34879e-13 8.96962e+08 1.28273e+13
1.35487e-13 9.09946e+08 1.28264e+13
1.36097e-13 9.23085e+08 1.28255e+13
1.3671e-13 9.36381e+08 1.28246e+13
1.37325e-13 9.49834e+08 1.28237e+13
1.37944e-13 9.63446e+08 1.28227e+13
1.38565e-13 9.77218e+08 1.28217e+13
1.39189e-13 9.91151e+08 1.28208e+13
1.39816e-13 1.00525e+09 1.28198e+13
1.40446e-13 1.01951e+09 1.28188e+13
1.41078e-13 1.03394e+09 1.28178e+13
1.41714e-13 1.04853e+09 1.28167e+13
1.42352e-13 1.06329e+09 1.28157e+13
1.42993e-13 1.07822e+09 1.28146e+13
1.43637e-13 1.09333e+09 1.28135e+13
1.44284e-13 1.1086e+09 1.28124e+13
1.44934e-13 1.12405e+09 1.28113e+13
1.45586e-13 1.13967e+09 1.28102e+13
1.46242e-13 1.15547e+09 1.28091e+13
1.46901e-13 1.17145e+09 1.28079e+13
1.47562e-13 1.18761e+09 1.28067e+13
1.48227e-13 1.20395e+09 1.28056e+13
1.48894e-13 1.22046e+09 1.28043e+13
1.49565e-13 1.23717e+09 1.28031e+13
1.50239e-13 1.25405e+09 1.28019e+13
1.50915e-13 1.27113e+09 1.28006e+13
1.51595e-13 1.28839e+09 1.27994e+13
1.52278e-13 1.30584e+09 1.27981e+13
1.52963e-13 1.32348e+09 1.27968e+13
1.53652e-13 1.34131e+09 1.27954e+13
1.54344e-13 1.35933e+09 1.27941e+13
1.5504e-13 1.37755e+09 1.27927e+13
1.55738e-13 1.39597e+09 1.27914e+13
1.56439e-13 1.41458e+09 1.279e+13
1.57144e-13 1.43339e+09 1.27886e+13
1.57851e-13 1.4524e+09 1.27871e+13
1.58562e-13 1.47161e+09 1.27857e+13
1.59277e-13 1.49102e+09 1.27842e+13
1.59994e-13 1.51064e+09 1.27827e+13
1.60714e-13 1.53046e+09 1.27812e+13
1.61438e-13 1.55049e+09 1.27797e+13
1.62165e-13 1.57072e+09 1.27781e+13
1.62896e-13 1.59117e+09 1.27765e+13
1.63629e-13 1.61182e+09 1.2775e+13
1.64366e-13 1.63269e+09 1.27733e+13
1.65106e-13 1.65377e+09 1.27717e+13
1.6585e-13 1.67507e+09 1.27701e+13
1.66597e-13 1.69658e+09 1.27684e+13
1.67347e-13 1.71831e+09 1.27667e+13
1.68101e-13 1.74026e+09 1.2765e+13
1.68858e-13 1.76243e+09 1.27632e+13
1.69619e-13 1.78482e+09 1.27615e+13
1.70382e-13 1.80744e+09 1.27597e+13
1.7115e-13 1.83027e+09 1.27579e+13
1.71921e-13 1.85334e+09 1.2756e+13
1.72695e-13 1.87663e+09 1.27542e+13
1.73473e-13 1.90015e+09 1.27523e+13
1.74254e-13 1.92389e+09 1.27504e+13
1.75039e-13 1.94787e+09 1.27485e+13
1.75827e-13 1.97208e+09 1.27465e+13
1.76619e-13 1.99653e+09 1.27446e+13
1.77414e-13 2.02121e+09 1.27426e+13
1.78213e-13 2.04612e+09 1.27406e+13
1.79016e-13 2.07127e+09 1.27385e+13
1.79822e-13 2.09666e+09 1.27364e+13
1.80632e-13 2.1223e+09 1.27343e+13
1.81446e-13 2.14817e+09 1.27322e+13
1.82263e-13 2.17428e+09 1.27301e+13
1.83084e-13 2.20064e+09 1.27279e+13
1.83908e-13 2.22724e+09 1.27257e+13
1.84736e-13 2.25409e+09 1.27235e+13
1.85568e-13 2.28119e+09 1.27212e+13
1.86404e-13 2.30853e+09 1.27189e+13
1.87244e-13 2.33613e+09 1.27166e+13
1.88087e-13 2.36398e+09 1.27143e+13
1.88934e-13 2.39208e+09 1.27119e+13
1.89785e-13 2.42043e+09 1.27095e+13
1.9064e-13 2.44904e+09 1.27071e+13
1.91498e-13 2.4779e+09 1.27047e+13
1.92361e-13 2.50702e+09 1.27022e+13
1.93227e-13 2.5364e+09 1.26997e+13
1.94097e-13 2.56604e+09 1.26971e+13
1.94972e-13 2.59594e+09 1.26946e+13
1.9585e-13 2.6261e+09 1.2692e+13
1.96732e-13 2.65652e+09 1.26893e+13
1.97618e-13 2.68721e+09 1.26867e+13
1.98508e-13 2.71816e+09 1.2684e+13
1.99402e-13 2.74938e+09 1.26813e+13
2.003e-13 2.78087e+09 1.26785e+13
2.01202e-13 2.81262e+09 1.26758e+13
2.02108e-13 2.84465e+09 1.26729e+13
2.03018e-13 2.87694e+09 1.26701e+13
2.03933e-13 2.90951e+09 1.26672e+13
2.04851e-13 2.94235e+09 1.26643e+13
2.05774e-13 2.97547e+09 1.26614e+13
2.067e-13 3.00885e+09 1.26584e+13
2.07631e-13 3.04252e+09 1.26554e+13
2.08566e-13 3.07646e+09 1.26523e+13
2.09506e-13 3.11068e+09 1.26493e+13
2.10449e-13 3.14518e+09 1.26462e+13
2.11397e-13 3.17996e+09 1.2643e+13
2.12349e-13 3.21501e+09 1.26398e+13
2.13306e-13 3.25036e+09 1.26366e+13
2.14266e-13 3.28598e+09 1.26334e+13
2.15231e-13 3.32189e+09 1.26301e+13
2.16201e-13 3.35808e+09 1.26268e+13
2.17174e-13 3.39455e+09 1.26234e+13
2.18152e-13 3.43132e+09 1.262e+13
2.19135e-13 3.46837e+09 1.26166e+13
2.20122e-13 3.50571e+09 1.26131e+13
2.21113e-13 3.54333e+09 1.26096e+13
2.22109e-13 3.58125e+09 1.26061e+13
2.23109e-13 3.61946e+09 1.26025e+13
2.24114e-13 3.65795e+09 1.25989e+13
2.25123e-13 3.69674e+09 1.25952e+13
2.26137e-13 3.73583e+09 1.25915e+13
2.27156e-13 3.7752e+09 1.25878e+13
2.28179e-13 3.81487e+09 1.2584e+13
2.29206e-13 3.85484e+09 1.25802e+13
2.30239e-13 3.8951e+09 1.25763e+13
2.31276e-13 3.93566e+09 1.25724e+13
2.32317e-13 3.97651e+09 1.25685e+13
2.33364e-13 4.01767e+09 1.25645e+13
2.34415e-13 4.05912e+09 1.25605e+13
2.3547e-13 4.10087e+09 1.25564e+13
2.36531e-13 4.14292e+09 1.25523e+13
2.37596e-13 4.18527e+09 1.25482e+13
2.38666e-13 4.22792e+09 1.2544e+13
2.39741e-13 4.27087e+09 1.25398e+13
2.40821e-13 4.31413e+09 1.25355e+13
2.41905e-13 4.35768e+09 1.25312e+13
2.42995e-13 4.40154e+09 1.25268e+13
2.44089e-13 4.4457e+09 1.25224e+13
2.45188e-13 4.49016e+09 1.2518e+13
2.46293e-13 4.53493e+09 1.25135e+13
2.47402e-13 4.58001e+09 1.2509e+13
2.48516e-13 4.62539e+09 1.25044e+13
2.49635e-13 4.67108e+09 1.24998e+13
2.5076e-13 4.71707e+09 1.24951e+13
2.51889e-13 4.76337e+09 1.24904e+13
2.53023e-13 4.80997e+09 1.24856e+13
2.54163e-13 4.85688e+09 1.24808e+13
2.55308e-13 4.9041e+09 1.24759e+13
2.56458e-13 4.95163e+09 1.2471e+13
2.57613e-13 4.99946e+09 1.24661e+13
2.58773e-13 5.0476e+09 1.24611e+13
2.59938e-13 5.09605e+09 1.2456e+13
2.61109e-13 5.14481e+09 1.24509e+13
2.62285e-13 5.19388e+09 1.24458e+13
2.63466e-13 5.24325e+09 1.24406e+13
2.64653e-13 5.29294e+09 1.24354e+13
2.65845e-13 5.34293e+09 1.24301e+13
2.67042e-13 5.39324e+09 1.24247e+13
2.68245e-13 5.44385e+09 1.24193e+13
2.69453e-13 5.49477e+09 1.24139e+13
2.70666e-13 5.546e+09 1.24084e+13
2.71885e-13 5.59754e+09 1.24028e+13
2.7311e-13 5.64939e+09 1.23972e+13
2.7434e-13 5.70155e+09 1.23916e+13
2.75575e-13 5.75402e+09 1.23859e+13
2.76816e-13 5.80679e+09 1.23801e+13
2.78063e-13 5.85988e+09 1.23743e+13
2.79315e-13 5.91327e+09 1.23685e+13
2.80573e-13 5.96697e+09 1.23626e+13
2.81837e-13 6.02099e+09 1.23566e+13
2.83106e-13 6.07531e+09 1.23506e+13
2.84381e-13 6.12994e+09 1.23445e+13
2.85662e-13 6.18488e+09 1.23384e+13
2.86949e-13 6.24012e+09 1.23322e+13
2.88241e-13 6.29568e+09 1.23259e+13
2.89539e-13 6.35154e+09 1.23197e+13
2.90843e-13 6.40771e+09 1.23133e+13
2.92153e-13 6.46418e+09 1.23069e+13
2.93469e-13 6.52096e+09 1.23004e+13
2.9479e-13 6.57805e+09 1.22939e+13
2.96118e-13 6.63544e+09 1.22873e+13
2.97452e-13 6.69315e+09 1.22807e+13
2.98791e-13 6.75114e+09 1.2274e+13
3.00137e-13 6.80945e+09 1.22672e+13
3.01489e-13 6.86806e+09 1.22604e+13
3.02847e-13 6.92698e+09 1.22536e+13
3.0421e-13 6.98619e+09 1.22466e+13
3.05581e-13 7.04571e+09 1.22397e+13
3.06957e-13 7.10553e+09 1.22326e+13
3.08339e-13 7.16566e+09 1.22255e+13
3.09728e-13 7.22607e+09 1.22183e+13
3.11123e-13 7.2868e+09 1.22111e+13
3.12524e-13 7.34781e+09 1.22038e+13
3.13932e-13 7.40913e+09 1.21965e+13
3.15345e-13 7.47075e+09 1.21891e+13
3.16766e-13 7.53266e+09 1.21816e+13
3.18192e-13 7.59488e+09 1.21741e+13
3.19625e-13 7.65737e+09 1.21665e+13
3.21065e-13 7.72018e+09 1.21588e+13
3.22511e-13 7.78327e+09 1.21511e+13
3.23963e-13 7.84665e+09 1.21433e+13
3.25422e-13 7.91034e+09 1.21355e+13
3.26888e-13 7.9743e+09 1.21276e+13
3.2836e-13 8.03856e+09 1.21196e+13
3.29839e-13 8.10311e+09 1.21115e+13
3.31324e-13 8.16794e+09 1.21034e+13
3.32817e-13 8.23307e+09 1.20953e+13
3.34316e-13 8.29848e+09 1.2087e+13
3.35821e-13 8.36417e+09 1.20787e+13
3.37334e-13 8.43016e+09 1.20704e+13
3.38853e-13 8.49642e+09 1.20619e+13
3.40379e-13 8.56296e+09 1.20534e+13
3.41912e-13 8.62979e+09 1.20449e+13
3.43452e-13 8.6969e+09 1.20363e+13
3.44999e-13 8.76427e+09 1.20276e+13
3.46552e-13 8.83193e+09 1.20188e+13
3.48113e-13 8.89988e+09 1.201e+13
3.49681e-13 8.96809e+09 1.20011e+13
3.51256e-13 9.03657e+09 1.19921e+13
3.52838e-13 9.10532e+09 1.19831e+13
3.54427e-13 9.17435e+09 1.1974e+13
3.56023e-13 9.24366e+09 1.19648e+13
3.57627e-13 9.31321e+09 1.19555e+13
3.59237e-13 9.38304e+09 1.19462e+13
3.60855e-13 9.45314e+09 1.19368e+13
3.6248e-13 9.52351e+09 1.19274e+13
3.64113e-13 9.59414e+09 1.19179e+13
3.65753e-13 9.66501e+09 1.19083e+13
3.674e-13 9.73615e+09 1.18986e+13
3.69055e-13 9.80756e+09 1.18889e+13
3.70717e-13 9.87922e+09 1.18791e+13
3.72386e-13 9.95114e+09 1.18692e+13
3.74063e-13 1.00233e+10 1.18592e+13
3.75748e-13 1.00957e+10 1.18492e+13
3.7744e-13 1.01684e+10 1.18391e+13
3.7914e-13 1.02413e+10 1.18289e+13
3.80848e-13 1.03145e+10 1.18187e+13
3.82563e-13 1.03879e+10 1.18084e+13
3.84286e-13 1.04615e+10 1.1798e+13
3.86017e-13 1.05354e+10 1.17875e+13
3.87755e-13 1.06096e+10 1.1777e+13
3.89502e-13 1.06839e+10 1.17664e+13
3.91256e-13 1.07585e+10 1.17557e+13
3.93018e-13 1.08334e+10 1.17449e+13
3.94788e-13 1.09084e+10 1.17341e+13
3.96566e-13 1.09837e+10 1.17232e+13
3.98352e-13 1.10593e+10 1.17122e+13
4.00146e-13 1.1135e+10 1.17012e+13
4.01948e-13 1.1211e+10 1.169e+13
4.03758e-13 1.12872e+10 1.16788e+13
4.05577e-13 1.13637e+10 1.16675e+13
4.07403e-13 1.14403e+10 1.16562e+13
4.09238e-13 1.15172e+10 1.16447e+13
4.11081e-13 1.15943e+10 1.16332e+13
4.12933e-13 1.16716e+10 1.16216e+13
4.14792e-13 1.17491e+10 1.16099e+13
4.16661e-13 1.18268e+10 1.15982e+13
4.18537e-13 1.19047e+10 1.15864e+13
4.20422e-13 1.19828e+10 1.15745e+13
4.22315e-13 1.20611e+10 1.15625e+13
4.24217e-13 1.21397e+10 1.15504e+13
4.26128e-13 1.22184e+10 1.15383e+13
4.28047e-13 1.22973e+10 1.15261e+13
4.29975e-13 1.23764e+10 1.15138e+13
4.31911e-13 1.24557e+10 1.15014e+13
4.33857e-13 1.25352e+10 1.14889e+13
4.35811e-13 1.26149e+10 1.14764e+13
4.37773e-13 1.26948e+10 1.14638e+13
4.39745e-13 1.27749e+10 1.14511e+13
4.41725e-13 1.28551e+10 1.14383e+13
4.43715e-13 1.29355e+10 1.14255e+13
4.45713e-13 1.30161e+10 1.14125e+13
4.47721e-13 1.30968e+10 1.13995e+13
4.49737e-13 1.31777e+10 1.13864e+13
4.51762e-13 1.32588e+10 1.13732e+13
4.53797e-13 1.33401e+10 1.136e+13
4.55841e-13 1.34215e+10 1.13466e+13
4.57894e-13 1.35031e+10 1.13332e+13
4.59956e-13 1.35848e+10 1.13197e+13
4.62028e-13 1.36667e+10 1.13061e+13
4.64108e-13 1.37488e+10 1.12925e+13
4.66199e-13 1.3831e+10 1.12787e+13
4.68298e-13 1.39134e+10 1.12649e+13
4.70407e-13 1.39959e+10 1.1251e+13
4.72526e-13 1.40785e+10 1.1237e+13
4.74654e-13 1.41613e+10 1.12229e+13
4.76792e-13 1.42442e+10 1.12087e+13
4.78939e-13 1.43273e+10 1.11945e+13
4.81096e-13 1.44105e+10 1.11802e+13
4.83263e-13 1.44938e+10 1.11657e+13
4.85439e-13 1.45772e+10 1.11513e+13
4.87626e-13 1.46608e+10 1.11367e+13
4.89822e-13 1.47445e+10 1.1122e+13
4.92028e-13 1.48283e+10 1.11073e+13
4.94244e-13 1.49122e+10 1.10924e+13
4.9647e-13 1.49963e+10 1.10775e+13
4.98705e-13 1.50804e+10 1.10625e+13
5.00952e-13 1.51647e+10 1.10475e+13
5.03208e-13 1.52491e+10 1.10323e+13
5.05474e-13 1.53336e+10 1.1017e+13
5.0775e-13 1.54181e+10 1.10017e+13
5.10037e-13 1.55028e+10 1.09863e+13
5.12334e-13 1.55876e+10 1.09708e+13
5.14642e-13 1.56724e+10 1.09552e+13
5.16959e-13 1.57574e+10 1.09395e+13
5.19288e-13 1.58425e+10 1.09238e+13
5.21626e-13 1.59276e+10 1.09079e+13
5.23976e-13 1.60128e+10 1.0892e+13
5.26336e-13 1.60981e+10 1.0876e+13
5.28706e-13 1.61834e+10 1.08599e+13
5.31087e-13 1.62688e+10 1.08437e+13
5.33479e-13 1.63544e+10 1.08274e+13
5.35882e-13 1.64399e+10 1.08111e+13
5.38295e-13 1.65255e+10 1.07946e+13
5.40719e-13 1.66112e+10 1.07781e+13
5.43155e-13 1.6697e+10 1.07615e+13
5.45601e-13 1.67828e+10 1.07448e+13
5.48058e-13 1.68686e+10 1.0728e+13
5.50526e-13 1.69545e+10 1.07112e+13
5.53006e-13 1.70405e+10 1.06942e+13
5.55496e-13 1.71265e+10 1.06772e+13
5.57998e-13 1.72126e+10 1.066e+13
5.60511e-13 1.72986e+10 1.06428e+13
5.63036e-13 1.73847e+10 1.06255e+13
5.65571e-13 1.74709e+10 1.06081e+13
5.68119e-13 1.7557e+10 1.05907e+13
5.70677e-13 1.76432e+10 1.05731e+13
5.73247e-13 1.77294e+10 1.05555e+13
5.75829e-13 1.78157e+10 1.05377e+13
5.78422e-13 1.79019e+10 1.05199e+13
5.81027e-13 1.79882e+10 1.0502e+13
5.83644e-13 1.80745e+10 1.0484e+13
5.86273e-13 1.81608e+10 1.0466e+13
5.88913e-13 1.8247e+10 1.04478e+13
5.91566e-13 1.83334e+10 1.04295e+13
5.9423e-13 1.84196e+10 1.04112e+13
5.96906e-13 1.8506e+10 1.03928e+13
5.99594e-13 1.85922e+10 1.03743e+13
6.02295e-13 1.86785e+10 1.03557e+13
6.05007e-13 1.87647e+10 1.0337e+13
6.07732e-13 1.8851e+10 1.03183e+13
6.10469e-13 1.89372e+10 1.02994e+13
6.13218e-13 1.90234e+10 1.02805e+13
6.1598e-13 1.91095e+10 1.02614e+13
6.18754e-13 1.91957e+10 1.02423e+13
6.21541e-13 1.92818e+10 1.02231e+13
6.2434e-13 1.93679e+10 1.02039e+13
6.27152e-13 1.94539e+10 1.01845e+13
6.29977e-13 1.95399e+10 1.0165e+13
6.32814e-13 1.96259e+10 1.01455e+13
6.35664e-13 1.97118e+10 1.01259e+13
6.38527e-13 1.97976e+10 1.01062e+13
6.41403e-13 1.98834e+10 1.00864e+13
6.44291e-13 1.99692e+10 1.00665e+13
6.47193e-13 2.00549e+10 1.00465e+13
6.50108e-13 2.01405e+10 1.00264e+13
6.53036e-13 2.0226e+10 1.00063e+13
6.55977e-13 2.03115e+10 9.98608e+12
6.58931e-13 2.03969e+10 9.96577e+12
6.61899e-13 2.04823e+10 9.94537e+12
6.6488e-13 2.05675e+10 9.92489e+12
6.67874e-13 2.06527e+10 9.90433e+12
6.70882e-13 2.07378e+10 9.88367e+12
6.73903e-13 2.08228e+10 9.86293e+12
6.76938e-13 2.09077e+10 9.84211e+12
6.79987e-13 2.09926e+10 9.8212e+12
6.8305e-13 2.10773e+10 9.80021e+12
6.86126e-13 2.11619e+10 9.77913e+12
6.89216e-13 2.12465e+10 9.75797e+12
6.9232e-13 2.13309e+10 9.73673e+12
6.95438e-13 2.14152e+10 9.71539e+12
6.9857e-13 2.14994e+10 9.69398e+12
7.01716e-13 2.15835e+10 9.67248e+12
7.04877e-13 2.16674e+10 9.6509e+12
7.08051e-13 2.17513e+10 9.62923e+12
7.1124e-13 2.1835e+10 9.60748e+12
7.14443e-13 2.19186e+10 9.58564e+12
7.17661e-13 2.2002e+10 9.56372e+12
7.20893e-13 2.20854e+10 9.54172e+12
7.2414e-13 2.21686e+10 9.51964e+12
7.27401e-13 2.22516e+10 9.49747e+12
7.30677e-13 2.23345e+10 9.47522e+12
7.33968e-13 2.24173e+10 9.45288e+12
7.37273e-13 2.24999e+10 9.43047e+12
7.40594e-13 2.25823e+10 9.40797e+12
7.43929e-13 2.26646e+10 9.38538e+12
7.4728e-13 2.27468e+10 9.36272e+12
7.50645e-13 2.28288e+10 9.33997e+12
7.54026e-13 2.29106e+10 9.31714e+12
7.57422e-13 2.29922e+10 9.29423e+12
7.60833e-13 2.30737e+10 9.27124e+12
7.6426e-13 2.31551e+10 9.24817e+12
7.67702e-13 2.32362e+10 9.22501e+12
7.71159e-13 2.33171e+10 9.20177e+12
7.74632e-13 2.33979e+10 9.17846e+12
7.78121e-13 2.34785e+10 9.15506e+12
7.81625e-13 2.35589e+10 9.13158e+12
7.85146e-13 2.36391e+10 9.10802e+12
7.88682e-13 2.37191e+10 9.08438e+12
7.92234e-13 2.37989e+10 9.06066e+12
7.95802e-13 2.38785e+10 9.03687e+12
7.99386e-13 2.39579e+10 9.01299e+12
8.02986e-13 2.40371e+10 8.98903e+12
8.06602e-13 2.41162e+10 8.96499e+12
8.10235e-13 2.41949e+10 8.94088e+12
8.13884e-13 2.42734e+10 8.91668e+12
8.1755e-13 2.43517e+10 8.89241e+12
8.21232e-13 2.44298e+10 8.86806e+12
8.2493e-13 2.45077e+10 8.84363e+12
8.28645e-13 2.45854e+10 8.81912e+12
8.32377e-13 2.46629e+10 8.79453e+12
8.36126e-13 2.47401e+10 8.76987e+12
8.39892e-13 2.4817e+10 8.74513e+12
8.43674e-13 2.48937e+10 8.72031e+12
8.47474e-13 2.49702e+10 8.69542e+12
8.51291e-13 2.50464e+10 8.67045e+12
8.55125e-13 2.51223e+10 8.6454e+12
8.58976e-13 2.5198e+10 8.62028e+12
8.62845e-13 2.52735e+10 8.59508e+12
8.66731e-13 2.53487e+10 8.56981e+12
8.70634e-13 2.54237e+10 8.54446e+12
8.74555e-13 2.54984e+10 8.51904e+12
8.78494e-13 2.55728e+10 8.49354e+12
8.82451e-13 2.5647e+10 8.46797e+12
8.86425e-13 2.57209e+10 8.44232e+12
8.90417e-13 2.57945e+10 8.4166e+12
8.94427e-13 2.58677e+10 8.3908e+12
8.98455e-13 2.59407e+10 8.36494e+12
9.02502e-13 2.60135e+10 8.33899e+12
9.06566e-13 2.60859e+10 8.31298e+12
9.10649e-13 2.6158e+10 8.28689e+12
9.14751e-13 2.62299e+10 8.26074e+12
9.1887e-13 2.63015e+10 8.23451e+12
9.23009e-13 2.63727e+10 8.20821e+12
9.27166e-13 2.64437e+10 8.18183e+12
9.31341e-13 2.65143e+10 8.15539e+12
9.35536e-13 2.65846e+10 8.12887e+12
9.39749e-13 2.66547e+10 8.10229e+12
9.43982e-13 2.67244e+10 8.07564e+12
9.48233e-13 2.67938e+10 8.04891e+12
9.52504e-13 2.68628e+10 8.02212e+12
9.56793e-13 2.69316e+10 7.99525e+12
9.61103e-13 2.7e+10 7.96832e+12
9.65431e-13 2.70681e+10 7.94132e+12
9.69779e-13 2.71358e+10 7.91426e+12
9.74147e-13 2.72031e+10 7.88712e+12
9.78534e-13 2.72702e+10 7.85992e+12
9.82941e-13 2.73369e+10 7.83265e+12
9.87368e-13 2.74032e+10 7.80531e+12
9.91815e-13 2.74692e+10 7.77791e+12
9.96282e-13 2.75348e+10 7.75044e+12
1.00077e-12 2.76001e+10 7.7229e+12
1.00528e-12 2.7665e+10 7.6953e+12
1.0098e-12 2.77296e+10 7.66764e+12
1.01435e-12 2.77938e+10 7.63991e+12
1.01892e-12 2.78577e+10 7.61211e+12
1.02351e-12 2.79212e+10 7.58426e+12
1.02812e-12 2.79843e+10 7.55633e+12
1.03275e-12 2.80469e+10 7.52835e+12
1.0374e-12 2.81092e+10 7.5003e+12
1.04207e-12 2.81711e+10 7.47219e+12
1.04676e-12 2.82326e+10 7.44402e+12
1.05148e-12 2.82937e+10 7.41579e+12
1.05621e-12 2.83545e+10 7.3875e+12
1.06097e-12 2.84149e+10 7.35914e+12
1.06575e-12 2.84749e+10 7.33073e+12
1.07055e-12 2.85344e+10 7.30225e+12
1.07537e-12 2.85935e+10 7.27372e+12
1.08021e-12 2.86521e+10 7.24512e+12
1.08508e-12 2.87104e+10 7.21647e+12
1.08997e-12 2.87683e+10 7.18776e+12
1.09487e-12 2.88258e+10 7.15899e+12
1.09981e-12 2.8883e+10 7.13017e+12
1.10476e-12 2.89394e+10 7.10128e+12
1.10973e-12 2.89955e+10 7.07235e+12
1.11473e-12 2.90512e+10 7.04335e+12
1.11975e-12 2.91065e+10 7.0143e+12
1.1248e-12 2.91614e+10 6.98519e+12
1.12986e-12 2.92159e+10 6.95603e+12
1.13495e-12 2.92697e+10 6.92682e+12
1.14006e-12 2.93231e+10 6.89755e+12
1.1452e-12 2.93761e+10 6.86822e+12
1.15035e-12 2.94288e+10 6.83885e+12
1.15553e-12 2.9481e+10 6.80942e+12
1.16074e-12 2.95324e+10 6.77994e+12
1.16597e-12 2.95835e+10 6.7504e+12
1.17122e-12 2.96342e+10 6.72082e+12
1.17649e-12 2.96845e+10 6.69119e+12
1.18179e-12 2.97342e+10 6.6615e+12
1.18711e-12 2.97833e+10 6.63177e+12
1.19246e-12 2.9832e+10 6.60198e+12
1.19783e-12 2.98803e+10 6.57215e+12
1.20323e-12 2.99281e+10 6.54227e+12
1.20864e-12 2.99752e+10 6.51234e+12
1.21409e-12 3.00219e+10 6.48237e+12
1.21956e-12 3.00682e+10 6.45235e+12
1.22505e-12 3.01139e+10 6.42228e+12
1.23057e-12 3.01589e+10 6.39216e+12
1.23611e-12 3.02035e+10 6.36201e+12
1.24167e-12 3.02478e+10 6.3318e+12
1.24727e-12 3.02913e+10 6.30155e+12
1.25288e-12 3.03342e+10 6.27126e+12
1.25853e-12 3.03768e+10 6.24093e+12
1.26419e-12 3.04189e+10 6.21055e+12
1.26989e-12 3.04601e+10 6.18013e+12
1.27561e-12 3.05009e+10 6.14967e+12
1.28135e-12 3.05414e+10 6.11917e+12
1.28712e-12 3.0581e+10 6.08863e+12
1.29292e-12 3.062e+10 6.05805e+12
1.29874e-12 3.06587e+10 6.02743e+12
1.30459e-12 3.06968e+10 5.99677e+12
1.31047e-12 3.0734e+10 5.96607e+12
1.31637e-12 3.0771e+10 5.93534e+12
1.3223e-12 3.08073e+10 5.90457e+12
1.32825e-12 3.08427e+10 5.87376e+12
1.33424e-12 3.08779e+10 5.84292e+12
1.34024e-12 3.09124e+10 5.81204e+12
1.34628e-12 3.0946e+10 5.78113e+12
1.35234e-12 3.09793e+10 5.75018e+12
1.35843e-12 3.1012e+10 5.7192e+12
1.36455e-12 3.10438e+10 5.68819e+12
1.3707e-12 3.10753e+10 5.65715e+12
1.37687e-12 3.11059e+10 5.62607e+12
1.38307e-12 3.11359e+10 5.59497e+12
1.3893e-12 3.11655e+10 5.56383e+12
1.39556e-12 3.11941e+10 5.53266e+12
1.40184e-12 3.12221e+10 5.50147e+12
1.40816e-12 3.12499e+10 5.47025e+12
1.4145e-12 3.12763e+10 5.439e+12
1.42087e-12 3.13025e+10 5.40772e+12
1.42727e-12 3.13279e+10 5.37642e+12
1.4337e-12 3.13525e+10 5.34509e+12
1.44015e-12 3.13768e+10 5.31374e+12
1.44664e-12 3.13998e+10 5.28236e+12
1.45315e-12 3.14225e+10 5.25096e+12
1.4597e-12 3.14445e+10 5.21954e+12
1.46627e-12 3.14655e+10 5.1881e+12
1.47288e-12 3.14864e+10 5.15663e+12
1.47951e-12 3.15057e+10 5.12514e+12
1.48617e-12 3.15249e+10 5.09364e+12
1.49287e-12 3.15431e+10 5.06211e+12
1.49959e-12 3.15605e+10 5.03057e+12
1.50634e-12 3.15775e+10 4.99901e+12
1.51313e-12 3.15932e+10 4.96743e+12
1.51994e-12 3.16088e+10 4.93584e+12
1.52679e-12 3.16228e+10 4.90423e+12
1.53366e-12 3.16367e+10 4.87261e+12
1.54057e-12 3.16494e+10 4.84097e+12
1.54751e-12 3.16615e+10 4.80932e+12
1.55448e-12 3.16728e+10 4.77766e+12
1.56148e-12 3.16831e+10 4.74599e+12
1.56851e-12 3.1693e+10 4.7143e+12
1.57558e-12 3.17015e+10 4.68261e+12
1.58267e-12 3.17098e+10 4.65091e+12
1.5898e-12 3.17165e+10 4.6192e+12
1.59696e-12 3.17233e+10 4.58748e+12
1.60415e-12 3.17282e+10 4.55576e+12
1.61138e-12 3.17331e+10 4.52403e+12
1.61864e-12 3.17363e+10 4.4923e+12
1.62592e-12 3.17395e+10 4.46056e+12
1.63325e-12 3.1741e+10 4.42882e+12
1.6406e-12 3.17423e+10 4.39708e+12
1.64799e-12 3.17419e+10 4.36534e+12
1.65541e-12 3.17414e+10 4.3336e+12
1.66287e-12 3.17392e+10 4.30186e+12
1.67036e-12 3.17369e+10 4.27012e+12
1.67788e-12 3.17328e+10 4.23838e+12
1.68544e-12 3.17286e+10 4.20665e+12
1.69303e-12 3.17224e+10 4.17492e+12
1.70065e-12 3.17164e+10 4.1432e+12
1.70831e-12 3.17082e+10 4.11148e+12
1.71601e-12 3.17e+10 4.07977e+12
1.72374e-12 3.169e+10 4.04807e+12
1.7315e-12 3.16796e+10 4.01638e+12
1.7393e-12 3.16677e+10 3.9847e+12
1.74713e-12 3.16551e+10 3.95303e+12
1.755e-12 3.16412e+10 3.92138e+12
1.7629e-12 3.16263e+10 3.88974e+12
1.77084e-12 3.16106e+10 3.85811e+12
1.77882e-12 3.15933e+10 3.8265e+12
1.78683e-12 3.15757e+10 3.79491e+12
1.79488e-12 3.15559e+10 3.76333e+12
1.80296e-12 3.1536e+10 3.73178e+12
1.81108e-12 3.15141e+10 3.70024e+12
1.81924e-12 3.14916e+10 3.66873e+12
1.82743e-12 3.14678e+10 3.63723e+12
1.83566e-12 3.14425e+10 3.60577e+12
1.84393e-12 3.14169e+10 3.57432e+12
1.85223e-12 3.13889e+10 3.54291e+12
1.86057e-12 3.13607e+10 3.51152e+12
1.86895e-12 3.13305e+10 3.48016e+12
1.87737e-12 3.12994e+10 3.44883e+12
1.88583e-12 3.12674e+10 3.41753e+12
1.89432e-12 3.12332e+10 3.38626e+12
1.90285e-12 3.11987e+10 3.35503e+12
1.91142e-12 3.11622e+10 3.32383e+12
1.92003e-12 3.11245e+10 3.29267e+12
1.92868e-12 3.10861e+10 3.26154e+12
1.93736e-12 3.10452e+10 3.23046e+12
1.94609e-12 3.10039e+10 3.19941e+12
1.95485e-12 3.09607e+10 3.16841e+12
1.96366e-12 3.0916e+10 3.13745e+12
1.9725e-12 3.08708e+10 3.10653e+12
1.98138e-12 3.08228e+10 3.07566e+12
1.99031e-12 3.0774e+10 3.04484e+12
1.99927e-12 3.07243e+10 3.01406e+12
2.00827e-12 3.06718e+10 2.98334e+12
2.01732e-12 3.06187e+10 2.95267e+12
2.0264e-12 3.05641e+10 2.92205e+12
2.03553e-12 3.05071e+10 2.89148e+12
2.0447e-12 3.04495e+10 2.86098e+12
2.05391e-12 3.03899e+10 2.83053e+12
2.06316e-12 3.03282e+10 2.80014e+12
2.07245e-12 3.02658e+10 2.76981e+12
2.08178e-12 3.02012e+10 2.73954e+12
2.09116e-12 3.01345e+10 2.70934e+12
2.10058e-12 3.0067e+10 2.67921e+12
2.11004e-12 2.99972e+10 2.64914e+12
2.11954e-12 2.99252e+10 2.61914e+12
2.12909e-12 2.98524e+10 2.58922e+12
2.13867e-12 2.97775e+10 2.55937e+12
2.14831e-12 2.96999e+10 2.52959e+12
2.15798e-12 2.96214e+10 2.49989e+12
2.1677e-12 2.95412e+10 2.47027e+12
2.17746e-12 2.94577e+10 2.44073e+12
2.18727e-12 2.93732e+10 2.41127e+12
2.19712e-12 2.92875e+10 2.38189e+12
2.20702e-12 2.91981e+10 2.35261e+12
2.21696e-12 2.91072e+10 2.32341e+12
2.22694e-12 2.90151e+10 2.2943e+12
2.23697e-12 2.89202e+10 2.26529e+12
2.24704e-12 2.88226e+10 2.23637e+12
2.25716e-12 2.87237e+10 2.20754e+12
2.26733e-12 2.86234e+10 2.17882e+12
2.27754e-12 2.85187e+10 2.1502e+12
2.2878e-12 2.84125e+10 2.12168e+12
2.2981e-12 2.83049e+10 2.09327e+12
2.30845e-12 2.81947e+10 2.06496e+12
2.31885e-12 2.80809e+10 2.03677e+12
2.32929e-12 2.79654e+10 2.00868e+12
2.33978e-12 2.78483e+10 1.98072e+12
2.35032e-12 2.77279e+10 1.95287e+12
2.36091e-12 2.76042e+10 1.92514e+12
2.37154e-12 2.74786e+10 1.89754e+12
2.38222e-12 2.73512e+10 1.87006e+12
2.39295e-12 2.72203e+10 1.84271e+12
2.40373e-12 2.70858e+10 1.81549e+12
2.41455e-12 2.69493e+10 1.7884e+12
2.42543e-12 2.68108e+10 1.76145e+12
2.43635e-12 2.6669e+10 1.73464e+12
2.44732e-12 2.65229e+10 1.70797e+12
2.45834e-12 2.63746e+10 1.68145e+12
2.46942e-12 2.62239e+10 1.65508e+12
2.48054e-12 2.60709e+10 1.62885e+12
2.49171e-12 2.59123e+10 1.60278e+12
2.50293e-12 2.57511e+10 1.57687e+12
2.5142e-12 2.55873e+10 1.55112e+12
2.52553e-12 2.54209e+10 1.52553e+12
2.5369e-12 2.52507e+10 1.50011e+12
2.54833e-12 2.50755e+10 1.47486e+12
2.5598e-12 2.48975e+10 1.44978e+12
2.57133e-12 2.47165e+10 1.42489e+12
2.58291e-12 2.45326e+10 1.40017e+12
2.59454e-12 2.43443e+10 1.37564e+12
2.60623e-12 2.41508e+10 1.35129e+12
2.61797e-12 2.39541e+10 1.32714e+12
2.62976e-12 2.37542e+10 1.30319e+12
2.6416e-12 2.35509e+10 1.27943e+12
2.6535e-12 2.33438e+10 1.25588e+12
2.66545e-12 2.31301e+10 1.23254e+12
2.67745e-12 2.29129e+10 1.20941e+12
2.68951e-12 2.26921e+10 1.1865e+12
2.70162e-12 2.24676e+10 1.1638e+12
2.71379e-12 2.22394e+10 1.14134e+12
2.72601e-12 2.20059e+10 1.1191e+12
2.73829e-12 2.17665e+10 1.09709e+12
2.75062e-12 2.15233e+10 1.07532e+12
2.76301e-12 2.12761e+10 1.0538e+12
2.77546e-12 2.10249e+10 1.03253e+12
2.78796e-12 2.07698e+10 1.0115e+12
2.80051e-12 2.05104e+10 9.90731e+11
2.81312e-12 2.02439e+10 9.7022e+11
2.82579e-12 1.99736e+10 9.49977e+11
2.83852e-12 1.96994e+10 9.30003e+11
2.8513e-12 1.94216e+10 9.10304e+11
2.86415e-12 1.91401e+10 8.90882e+11
2.87705e-12 1.88551e+10 8.71742e+11
2.89e-12 1.85668e+10 8.52887e+11
2.90302e-12 1.82723e+10 8.3432e+11
2.91609e-12 1.7975e+10 8.16048e+11
2.92923e-12 1.76751e+10 7.98073e+11
2.94242e-12 1.73731e+10 7.80398e+11
2.95567e-12 1.70692e+10 7.63024e+11
2.96898e-12 1.67638e+10 7.45955e+11
2.98235e-12 1.64573e+10 7.29191e+11
2.99578e-12 1.61499e+10 7.12734e+11
3.00928e-12 1.58402e+10 6.96584e+11
3.02283e-12 1.55301e+10 6.80744e+11
3.03644e-12 1.52207e+10 6.65214e+11
3.05012e-12 1.49124e+10 6.49993e+11
3.06386e-12 1.46054e+10 6.35081e+11
3.07765e-12 1.43002e+10 6.20475e+11
3.09152e-12 1.39972e+10 6.06175e+11
3.10544e-12 1.36967e+10 5.92178e+11
3.11942e-12 1.3399e+10 5.78481e+11
3.13347e-12 1.31044e+10 5.65082e+11
3.14759e-12 1.2812e+10 5.51978e+11
3.16176e-12 1.2523e+10 5.39166e+11
3.176e-12 1.2238e+10 5.26643e+11
3.19031e-12 1.19571e+10 5.14405e+11
3.20467e-12 1.16807e+10 5.02448e+11
3.21911e-12 1.14087e+10 4.90767e+11
3.2336e-12 1.11413e+10 4.79359e+11
3.24817e-12 1.08788e+10 4.68217e+11
3.2628e-12 1.0621e+10 4.57338e+11
3.27749e-12 1.03681e+10 4.46717e+11
3.29225e-12 1.01202e+10 4.36349e+11
3.30708e-12 9.87723e+09 4.26229e+11
3.32197e-12 9.63927e+09 4.16352e+11
3.33693e-12 9.40632e+09 4.06713e+11
3.35196e-12 9.17808e+09 3.97306e+11
3.36706e-12 8.95444e+09 3.88128e+11
3.38222e-12 8.73582e+09 3.79174e+11
3.39746e-12 8.52217e+09 3.70438e+11
3.41276e-12 8.31344e+09 3.61916e+11
3.42813e-12 8.1096e+09 3.53602e+11
3.44357e-12 7.91056e+09 3.45493e+11
3.45908e-12 7.71628e+09 3.37582e+11
3.47465e-12 7.52668e+09 3.29866e+11
3.4903e-12 7.34168e+09 3.22339e+11
3.50602e-12 7.16121e+09 3.14998e+11
3.52181e-12 6.98519e+09 3.07836e+11
3.53767e-12 6.81354e+09 3.00851e+11
3.55361e-12 6.64617e+09 2.94038e+11
3.56961e-12 6.483e+09 2.87391e+11
3.58569e-12 6.32394e+09 2.80908e+11
3.60184e-12 6.1689e+09 2.74585e+11
3.61806e-12 6.01781e+09 2.68416e+11
3.63435e-12 5.87057e+09 2.62398e+11
3.65072e-12 5.72709e+09 2.56527e+11
3.66716e-12 5.58729e+09 2.508e+11
3.68368e-12 5.45108e+09 2.45213e+11
3.70027e-12 5.31838e+09 2.39762e+11
3.71693e-12 5.1891e+09 2.34443e+11
3.73367e-12 5.06315e+09 2.29254e+11
3.75049e-12 4.94047e+09 2.24191e+11
3.76738e-12 4.82096e+09 2.19251e+11
3.78435e-12 4.70454e+09 2.1443e+11
3.80139e-12 4.59115e+09 2.09725e+11
3.81851e-12 4.48069e+09 2.05134e+11
3.83571e-12 4.3731e+09 2.00653e+11
3.85298e-12 4.26829e+09 1.9628e+11
3.87034e-12 4.16621e+09 1.92012e+11
3.88777e-12 4.06677e+09 1.87846e+11
3.90528e-12 3.96991e+09 1.83779e+11
3.92286e-12 3.87556e+09 1.79809e+11
3.94053e-12 3.78366e+09 1.75934e+11
3.95828e-12 3.69413e+09 1.7215e+11
3.97611e-12 3.60692e+09 1.68456e+11
3.99401e-12 3.52197e+09 1.64849e+11
4.012e-12 3.4392e+09 1.61327e+11
4.03007e-12 3.35858e+09 1.57888e+11
4.04822e-12 3.28003e+09 1.54529e+11
4.06645e-12 3.20351e+09 1.51249e+11
4.08477e-12 3.12895e+09 1.48046e+11
4.10316e-12 3.05632e+09 1.44917e+11
4.12164e-12 2.98541e+09 1.4186e+11
4.1402e-12 2.9162e+09 1.38875e+11
4.15885e-12 2.84876e+09 1.35959e+11
4.17758e-12 2.78304e+09 1.3311e+11
4.1964e-12 2.71899e+09 1.30327e+11
4.2153e-12 2.65657e+09 1.27608e+11
4.23428e-12 2.59574e+09 1.24951e+11
4.25335e-12 2.53646e+09 1.22356e+11
4.27251e-12 2.47868e+09 1.19819e+11
4.29175e-12 2.42236e+09 1.1734e+11
4.31108e-12 2.36747e+09 1.14918e+11
4.33049e-12 2.31397e+09 1.12551e+11
4.35e-12 2.26182e+09 1.10237e+11
4.36959e-12 2.21099e+09 1.07975e+11
4.38927e-12 2.16144e+09 1.05764e+11
4.40903e-12 2.11298e+09 1.03602e+11
4.42889e-12 2.06559e+09 1.01489e+11
4.44884e-12 2.0194e+09 9.94238e+10
4.46887e-12 1.97436e+09 9.74044e+10
4.489e-12 1.93044e+09 9.54301e+10
4.50922e-12 1.88763e+09 9.34996e+10
4.52953e-12 1.84588e+09 9.1612e+10
4.54993e-12 1.80518e+09 8.97661e+10
4.57042e-12 1.7655e+09 8.79609e+10
4.591e-12 1.7268e+09 8.61954e+10
4.61168e-12 1.68907e+09 8.44686e+10
4.63245e-12 1.65205e+09 8.27796e+10
4.65331e-12 1.61587e+09 8.11275e+10
4.67427e-12 1.58058e+09 7.95116e+10
4.69532e-12 1.54618e+09 7.79311e+10
4.71647e-12 1.51263e+09 7.63849e+10
4.73771e-12 1.47991e+09 7.48723e+10
4.75904e-12 1.448e+09 7.33923e+10
4.78048e-12 1.41689e+09 7.19443e+10
4.80201e-12 1.38655e+09 7.05275e+10
4.82363e-12 1.35668e+09 6.91409e+10
4.84536e-12 1.32752e+09 6.77842e+10
4.86718e-12 1.29908e+09 6.64567e+10
4.8891e-12 1.27134e+09 6.51576e+10
4.91112e-12 1.2443e+09 6.38863e+10
4.93324e-12 1.21792e+09 6.2642e+10
4.95546e-12 1.1922e+09 6.14241e+10
4.97777e-12 1.16706e+09 6.02319e+10
5.00019e-12 1.14229e+09 5.90648e+10
5.02271e-12 1.11814e+09 5.79225e+10
5.04533e-12 1.09458e+09 5.68044e+10
5.06806e-12 1.07161e+09 5.57098e+10
5.09088e-12 1.04921e+09 5.46382e+10
5.11381e-12 1.02737e+09 5.3589e+10
5.13684e-12 1.006e+09 5.25616e+10
5.15997e-12 9.84935e+08 5.15556e+10
5.18321e-12 9.64392e+08 5.05707e+10
5.20656e-12 9.4436e+08 4.96063e+10
5.23001e-12 9.24826e+08 4.86619e+10
5.25356e-12 9.05779e+08 4.77371e+10
5.27722e-12 8.87208e+08 4.68313e+10
5.30099e-12 8.68868e+08 4.59441e+10
5.32486e-12 8.50933e+08 4.50753e+10
5.34884e-12 8.33445e+08 4.42243e+10
5.37293e-12 8.16396e+08 4.33909e+10
5.39713e-12 7.99774e+08 4.25745e+10
5.42144e-12 7.8357e+08 4.17747e+10
5.44586e-12 7.67536e+08 4.09911e+10
5.47038e-12 7.51867e+08 4.02236e+10
5.49502e-12 7.36592e+08 3.94717e+10
5.51977e-12 7.21703e+08 3.87351e+10
5.54463e-12 7.0719e+08 3.80134e+10
5.5696e-12 6.92975e+08 3.73063e+10
5.59468e-12 6.78926e+08 3.66133e+10
5.61988e-12 6.65232e+08 3.59344e+10
5.64519e-12 6.51887e+08 3.52691e+10
5.67061e-12 6.38882e+08 3.46172e+10
5.69615e-12 6.2621e+08 3.39783e+10
5.72181e-12 6.13617e+08 3.33521e+10
5.74757e-12 6.01336e+08 3.27385e+10
5.77346e-12 5.8937e+08 3.21372e+10
5.79946e-12 5.77712e+08 3.15478e+10
5.82558e-12 5.66356e+08 3.09701e+10
5.85182e-12 5.55069e+08 3.04037e+10
5.87817e-12 5.44053e+08 2.98487e+10
5.90465e-12 5.33323e+08 2.93046e+10
5.93124e-12 5.22872e+08 2.87713e+10
5.95795e-12 5.12676e+08 2.82484e+10
5.98478e-12 5.02529e+08 2.77358e+10
6.01174e-12 4.92648e+08 2.72332e+10
6.03881e-12 4.83026e+08 2.67406e+10
6.06601e-12 4.73659e+08 2.62576e+10
6.09333e-12 4.6444e+08 2.57839e+10
6.12077e-12 4.55338e+08 2.53195e+10
6.14834e-12 4.46476e+08 2.48641e+10
6.17603e-12 4.37852e+08 2.44176e+10
6.20384e-12 4.29459e+08 2.39798e+10
6.23178e-12 4.21081e+08 2.35503e+10
6.25985e-12 4.12919e+08 2.31292e+10
6.28804e-12 4.04977e+08 2.27163e+10
6.31636e-12 3.97251e+08 2.23113e+10
6.34481e-12 3.89602e+08 2.19141e+10
6.37339e-12 3.82083e+08 2.15245e+10
6.40209e-12 3.74769e+08 2.11424e+10
6.43092e-12 3.67657e+08 2.07676e+10
6.45989e-12 3.60653e+08 2.04e+10
6.48898e-12 3.53726e+08 2.00393e+10
6.5182e-12 3.46991e+08 1.96856e+10
6.54756e-12 3.40444e+08 1.93386e+10
6.57705e-12 3.34011e+08 1.89982e+10
6.60667e-12 3.27631e+08 1.86642e+10
6.63642e-12 3.2143e+08 1.83365e+10
6.66631e-12 3.15405e+08 1.80151e+10
6.69633e-12 3.09478e+08 1.76997e+10
6.72649e-12 3.03603e+08 1.73902e+10
6.75679e-12 2.97896e+08 1.70866e+10
6.78722e-12 2.92354e+08 1.67887e+10
6.81779e-12 2.86875e+08 1.64964e+10
6.84849e-12 2.81468e+08 1.62095e+10
6.87933e-12 2.76217e+08 1.5928e+10
6.91032e-12 2.71121e+08 1.56518e+10
6.94144e-12 2.66041e+08 1.53807e+10
6.9727e-12 2.61066e+08 1.51146e+10
7.0041e-12 2.56239e+08 1.48536e+10
7.03565e-12 2.51546e+08 1.45973e+10
7.06734e-12 2.46831e+08 1.43458e+10
7.09916e-12 2.42257e+08 1.4099e+10
7.13114e-12 2.37821e+08 1.38567e+10
7.16325e-12 2.33446e+08 1.36189e+10
7.19551e-12 2.29111e+08 1.33854e+10
7.22792e-12 2.2491e+08 1.31563e+10
7.26047e-12 2.20838e+08 1.29314e+10
7.29317e-12 2.16745e+08 1.27106e+10
7.32602e-12 2.12764e+08 1.24938e+10
7.35901e-12 2.08909e+08 1.22811e+10
7.39216e-12 2.05104e+08 1.20722e+10
7.42545e-12 2.01333e+08 1.18671e+10
7.45889e-12 1.97682e+08 1.16657e+10
7.49248e-12 1.9414e+08 1.1468e+10
7.52623e-12 1.90568e+08 1.12739e+10
7.56012e-12 1.8711e+08 1.10833e+10
7.59417e-12 1.83764e+08 1.08962e+10
7.62837e-12 1.80424e+08 1.07125e+10
7.66273e-12 1.7715e+08 1.0532e+10
7.69724e-12 1.73984e+08 1.03549e+10
7.73191e-12 1.70862e+08 1.01809e+10
7.76673e-12 1.67762e+08 1.001e+10
7.80171e-12 1.64766e+08 9.84227e+09
7.83684e-12 1.61844e+08 9.67751e+09
7.87214e-12 1.5891e+08 9.51567e+09
7.90759e-12 1.56074e+08 9.35676e+09
7.94321e-12 1.53336e+08 9.20068e+09
7.97898e-12 1.50558e+08 9.04735e+09
8.01492e-12 1.47877e+08 8.89679e+09
8.05101e-12 1.45289e+08 8.74891e+09
8.08727e-12 1.42677e+08 8.60362e+09
8.12369e-12 1.40141e+08 8.46094e+09
8.16028e-12 1.37696e+08 8.3208e+09
8.19703e-12 1.35237e+08 8.18311e+09
8.23395e-12 1.3284e+08 8.04787e+09
8.27103e-12 1.3053e+08 7.91503e+09
8.30828e-12 1.28211e+08 7.7845e+09
8.3457e-12 1.25946e+08 7.65629e+09
8.38329e-12 1.23765e+08 7.53034e+09
8.42104e-12 1.21575e+08 7.40658e+09
8.45897e-12 1.19436e+08 7.285e+09
8.49707e-12 1.17377e+08 7.16557e+09
8.53534e-12 1.15305e+08 7.04819e+09
8.57378e-12 1.13286e+08 6.93288e+09
8.61239e-12 1.11344e+08 6.8196e+09
8.65118e-12 1.09379e+08 6.70825e+09
8.69014e-12 1.07475e+08 6.59888e+09
8.72928e-12 1.05645e+08 6.4914e+09
8.76859e-12 1.03779e+08 6.38576e+09
8.80808e-12 1.01983e+08 6.28198e+09
8.84775e-12 1.00246e+08 6.17999e+09
8.8876e-12 9.84848e+07 6.07975e+09
8.92763e-12 9.67937e+07 5.98126e+09
8.96783e-12 9.51393e+07 5.88447e+09
9.00822e-12 9.34799e+07 5.78933e+09
9.04879e-12 9.18883e+07 5.69585e+09
9.08955e-12 9.03099e+07 5.60396e+09
9.13048e-12 8.8748e+07 5.51365e+09
9.1716e-12 8.72515e+07 5.4249e+09
9.21291e-12 8.57427e+07 5.33765e+09
9.2544e-12 8.4274e+07 5.25191e+09
9.29608e-12 8.28649e+07 5.16764e+09
9.33795e-12 8.14235e+07 5.08477e+09
9.38e-12 8.00438e+07 5.00335e+09
9.42225e-12 7.8693e+07 4.9233e+09
9.46468e-12 7.73388e+07 4.84461e+09
9.50731e-12 7.60443e+07 4.76727e+09
9.55013e-12 7.47469e+07 4.69123e+09
9.59314e-12 7.34762e+07 4.61648e+09
9.63634e-12 7.22616e+07 4.543e+09
9.67974e-12 7.10146e+07 4.47074e+09
9.72334e-12 6.98239e+07 4.39973e+09
9.76713e-12 6.86537e+07 4.3299e+09
9.81112e-12 6.74851e+07 4.26125e+09
9.8553e-12 6.6371e+07 4.19377e+09
9.89969e-12 6.52413e+07 4.12739e+09
9.94427e-12 6.41478e+07 4.06215e+09
9.98906e-12 6.30876e+07 3.99801e+09
1.0034e-11 6.20145e+07 3.93492e+09
1.00792e-11 6.09929e+07 3.8729e+09
1.01246e-11 5.99663e+07 3.81191e+09
1.01702e-11 5.89637e+07 3.75194e+09
1.0216e-11 5.79987e+07 3.69298e+09
1.0262e-11 5.70151e+07 3.63498e+09
1.03083e-11 5.60803e+07 3.57797e+09
1.03547e-11 5.51428e+07 3.52189e+09
1.04013e-11 5.42255e+07 3.46674e+09
1.04482e-11 5.3343e+07 3.41252e+09
1.04952e-11 5.24432e+07 3.35917e+09
1.05425e-11 5.15898e+07 3.30673e+09
1.059e-11 5.07296e+07 3.25514e+09
1.06377e-11 4.98924e+07 3.20441e+09
1.06856e-11 4.90813e+07 3.15452e+09
1.07337e-11 4.82603e+07 3.10544e+09
1.0782e-11 4.74832e+07 3.05718e+09
1.08306e-11 4.66901e+07 3.00969e+09
1.08794e-11 4.59281e+07 2.963e+09
1.09284e-11 4.51789e+07 2.91708e+09
1.09776e-11 4.44318e+07 2.8719e+09
1.1027e-11 4.37239e+07 2.82747e+09
1.10767e-11 4.29916e+07 2.78374e+09
1.11266e-11 4.23002e+07 2.74075e+09
1.11767e-11 4.16048e+07 2.69845e+09
1.1227e-11 4.09271e+07 2.65685e+09
1.12776e-11 4.02688e+07 2.61592e+09
1.13284e-11 3.96048e+07 2.57565e+09
1.13794e-11 3.89799e+07 2.53604e+09
1.14307e-11 3.83309e+07 2.49706e+09
1.14821e-11 3.77187e+07 2.45873e+09
1.15338e-11 3.71033e+07 2.42102e+09
1.15858e-11 3.65036e+07 2.38391e+09
1.1638e-11 3.59197e+07 2.34741e+09
1.16904e-11 3.53325e+07 2.31149e+09
1.1743e-11 3.47782e+07 2.27616e+09
1.17959e-11 3.42035e+07 2.24138e+09
1.1849e-11 3.36645e+07 2.20717e+09
1.19024e-11 3.31147e+07 2.17351e+09
1.1956e-11 3.25871e+07 2.1404e+09
1.20099e-11 3.20642e+07 2.10781e+09
1.2064e-11 3.15481e+07 2.07574e+09
1.21183e-11 3.10505e+07 2.0442e+09
1.21729e-11 3.05458e+07 2.01315e+09
1.22277e-11 3.00719e+07 1.9826e+09
1.22828e-11 2.95785e+07 1.95253e+09
1.23381e-11 2.91178e+07 1.92295e+09
1.23936e-11 2.86448e+07 1.89383e+09
1.24495e-11 2.81946e+07 1.86519e+09
1.25055e-11 2.77433e+07 1.83699e+09
1.25618e-11 2.73035e+07 1.80925e+09
1.26184e-11 2.68726e+07 1.78195e+09
1.26753e-11 2.64431e+07 1.75507e+09
1.27323e-11 2.60314e+07 1.72863e+09
1.27897e-11 2.56122e+07 1.7026e+09
1.28473e-11 2.52187e+07 1.67699e+09
1.29051e-11 2.48095e+07 1.65177e+09
1.29633e-11 2.44299e+07 1.62696e+09
1.30216e-11 2.4034e+07 1.60253e+09
1.30803e-11 2.36638e+07 1.57849e+09
1.31392e-11 2.32846e+07 1.55483e+09
1.31984e-11 2.29237e+07 1.53155e+09
1.32578e-11 2.25602e+07 1.50862e+09
1.33175e-11 2.22086e+07 1.48606e+09
1.33775e-11 2.18599e+07 1.46385e+09
1.34378e-11 2.15174e+07 1.44199e+09
1.34983e-11 2.11828e+07 1.42048e+09
1.35591e-11 2.08493e+07 1.39929e+09
1.36201e-11 2.05279e+07 1.37844e+09
1.36815e-11 2.02033e+07 1.35792e+09
1.37431e-11 1.98944e+07 1.33771e+09
1.3805e-11 1.95787e+07 1.31782e+09
1.38672e-11 1.92816e+07 1.29824e+09
1.39296e-11 1.89747e+07 1.27896e+09
1.39923e-11 1.86887e+07 1.25998e+09
1.40554e-11 1.83904e+07 1.24129e+09
1.41187e-11 1.8115e+07 1.2229e+09
1.41823e-11 1.78252e+07 1.20479e+09
1.42461e-11 1.75597e+07 1.18696e+09
1.43103e-11 1.72784e+07 1.1694e+09
1.43747e-11 1.7021e+07 1.15213e+09
1.44395e-11 1.67493e+07 1.1351e+09
1.45045e-11 1.64997e+07 1.11836e+09
1.45698e-11 1.62372e+07 1.10186e+09
1.46354e-11 1.59955e+07 1.08562e+09
1.47014e-11 1.57417e+07 1.06962e+09
1.47676e-11 1.55077e+07 1.05388e+09
1.48341e-11 1.52622e+07 1.03837e+09
1.49009e-11 1.50357e+07 1.02311e+09
1.4968e-11 1.4798e+07 1.00808e+09
1.50354e-11 1.4579e+07 9.93278e+08
1.51031e-11 1.43487e+07 9.78699e+08
1.51711e-11 1.41371e+07 9.6435e+08
1.52395e-11 1.39137e+07 9.50213e+08
1.53081e-11 1.37095e+07 9.36299e+08
1.5377e-11 1.34927e+07 9.2259e+08
1.54463e-11 1.32954e+07 9.09097e+08
1.55159e-11 1.3085e+07 8.95802e+08
1.55857e-11 1.28934e+07 8.82717e+08
1.56559e-11 1.26904e+07 8.69823e+08
1.57265e-11 1.25042e+07 8.57133e+08
1.57973e-11 1.23084e+07 8.44629e+08
1.58684e-11 1.21272e+07 8.3232e+08
1.59399e-11 1.19386e+07 8.20193e+08
1.60117e-11 1.17621e+07 8.08254e+08
1.60838e-11 1.15805e+07 7.96492e+08
1.61562e-11 1.14086e+07 7.84912e+08
1.6229e-11 1.12339e+07 7.73503e+08
1.63021e-11 1.10662e+07 7.62269e+08
1.63755e-11 1.08984e+07 7.51203e+08
1.64493e-11 1.07347e+07 7.40305e+08
1.65233e-11 1.05736e+07 7.2957e+08
1.65978e-11 1.04137e+07 7.18996e+08
1.66725e-11 1.02592e+07 7.08583e+08
1.67476e-11 1.01028e+07 6.98324e+08
1.6823e-11 9.95495e+06 6.88221e+08
1.68988e-11 9.80191e+06 6.78266e+08
1.69749e-11 9.66048e+06 6.68464e+08
1.70513e-11 9.51058e+06 6.58803e+08
1.71281e-11 9.37426e+06 6.49293e+08
1.72053e-11 9.22858e+06 6.39919e+08
1.72828e-11 9.09492e+06 6.3069e+08
1.73606e-11 8.95563e+06 6.21595e+08
1.74388e-11 8.82447e+06 6.12639e+08
1.75173e-11 8.69148e+06 6.03815e+08
1.75962e-11 8.56266e+06 5.95123e+08
1.76755e-11 8.43587e+06 5.86561e+08
1.77551e-11 8.30924e+06 5.78125e+08
1.7835e-11 8.18858e+06 5.69816e+08
1.79154e-11 8.06398e+06 5.61627e+08
1.7996e-11 7.94936e+06 5.53563e+08
1.80771e-11 7.82666e+06 5.45614e+08
1.81585e-11 7.71508e+06 5.37787e+08
1.82403e-11 7.59706e+06 5.30072e+08
1.83224e-11 7.48706e+06 5.22475e+08
1.8405e-11 7.37498e+06 5.14988e+08
1.84878e-11 7.26643e+06 5.07613e+08
1.85711e-11 7.16021e+06 5.00346e+08
1.86547e-11 7.053e+06 4.93186e+08
1.87388e-11 6.95257e+06 4.86133e+08
1.88232e-11 6.84658e+06 4.79181e+08
1.89079e-11 6.75023e+06 4.72334e+08
1.89931e-11 6.64699e+06 4.65584e+08
1.90786e-11 6.55162e+06 4.58937e+08
1.91646e-11 6.45406e+06 4.52385e+08
1.92509e-11 6.35958e+06 4.45931e+08
1.93376e-11 6.26761e+06 4.39572e+08
1.94247e-11 6.17393e+06 4.33304e+08
1.95121e-11 6.08749e+06 4.2713e+08
1.96e-11 5.99451e+06 4.21043e+08
1.96883e-11 5.90998e+06 4.15048e+08
1.9777e-11 5.82118e+06 4.09138e+08
1.9866e-11 5.73718e+06 4.03317e+08
1.99555e-11 5.65378e+06 3.9758e+08
2.00454e-11 5.57023e+06 3.91926e+08
2.01357e-11 5.49217e+06 3.86356e+08
2.02263e-11 5.40899e+06 3.80864e+08
2.03174e-11 5.33338e+06 3.75455e+08
2.04089e-11 5.25334e+06 3.70121e+08
2.05008e-11 5.17796e+06 3.64868e+08
2.05932e-11 5.10314e+06 3.5969e+08
2.06859e-11 5.02792e+06 3.54587e+08
2.07791e-11 4.95826e+06 3.49559e+08
2.08727e-11 4.88314e+06 3.44601e+08
2.09667e-11 4.81486e+06 3.39717e+08
2.10611e-11 4.74351e+06 3.34903e+08
2.1156e-11 4.67521e+06 3.30159e+08
2.12512e-11 4.60889e+06 3.25484e+08
2.13469e-11 4.54053e+06 3.20875e+08
2.14431e-11 4.47841e+06 3.16334e+08
2.15397e-11 4.41071e+06 3.11856e+08
2.16367e-11 4.34844e+06 3.07445e+08
2.17341e-11 4.28564e+06 3.03097e+08
2.1832e-11 4.22316e+06 2.98811e+08
2.19303e-11 4.16523e+06 2.94588e+08
2.20291e-11 4.10248e+06 2.90423e+08
2.21283e-11 4.04545e+06 2.8632e+08
2.2228e-11 3.98631e+06 2.82275e+08
2.23281e-11 3.92894e+06 2.78289e+08
2.24286e-11 3.87455e+06 2.7436e+08
2.25296e-11 3.8168e+06 2.70485e+08
2.26311e-11 3.76432e+06 2.66668e+08
2.2733e-11 3.70893e+06 2.62904e+08
2.28354e-11 3.65602e+06 2.59195e+08
2.29383e-11 3.60526e+06 2.55539e+08
2.30416e-11 3.55187e+06 2.51934e+08
2.31453e-11 3.50335e+06 2.48382e+08
2.32496e-11 3.45178e+06 2.44879e+08
2.33543e-11 3.40275e+06 2.41427e+08
2.34595e-11 3.35569e+06 2.38024e+08
2.35651e-11 3.30609e+06 2.34668e+08
2.36713e-11 3.26102e+06 2.31362e+08
2.37779e-11 3.2133e+06 2.28101e+08
2.3885e-11 3.16764e+06 2.24888e+08
2.39925e-11 3.12431e+06 2.2172e+08
2.41006e-11 3.07802e+06 2.18596e+08
2.42091e-11 3.03594e+06 2.15518e+08
2.43182e-11 2.99209e+06 2.12482e+08
2.44277e-11 2.94936e+06 2.0949e+08
2.45377e-11 2.90979e+06 2.06541e+08
2.46482e-11 2.86636e+06 2.03631e+08
2.47592e-11 2.82689e+06 2.00764e+08
2.48707e-11 2.7869e+06 1.97938e+08
2.49827e-11 2.74671e+06 1.95151e+08
2.50952e-11 2.7102e+06 1.92404e+08
2.52083e-11 2.66996e+06 1.89694e+08
2.53218e-11 2.63273e+06 1.87024e+08
2.54358e-11 2.5966e+06 1.84391e+08
2.55504e-11 2.5586e+06 1.81794e+08
2.56655e-11 2.52408e+06 1.79236e+08
2.57811e-11 2.48776e+06 1.76712e+08
2.58972e-11 2.45247e+06 1.74224e+08
2.60138e-11 2.42017e+06 1.71772e+08
2.6131e-11 2.38406e+06 1.69351e+08
2.62486e-11 2.35124e+06 1.66967e+08
2.63669e-11 2.31881e+06 1.64616e+08
2.64856e-11 2.28518e+06 1.62297e+08
2.66049e-11 2.25463e+06 1.60012e+08
2.67247e-11 2.22219e+06 1.57757e+08
2.68451e-11 2.19082e+06 1.55535e+08
2.6966e-11 2.16224e+06 1.53344e+08
2.70874e-11 2.13002e+06 1.51182e+08
2.72094e-11 2.10074e+06 1.49052e+08
2.7332e-11 2.07218e+06 1.46951e+08
2.74551e-11 2.04204e+06 1.44879e+08
2.75787e-11 2.01466e+06 1.42837e+08
2.77029e-11 1.98624e+06 1.40823e+08
2.78277e-11 1.95802e+06 1.38836e+08
2.7953e-11 1.93239e+06 1.36878e+08
2.80789e-11 1.90418e+06 1.34946e+08
2.82054e-11 1.87772e+06 1.33042e+08
2.83324e-11 1.85315e+06 1.31164e+08
2.846e-11 1.82579e+06 1.29311e+08
2.85882e-11 1.80094e+06 1.27485e+08
2.87169e-11 1.7766e+06 1.25684e+08
2.88462e-11 1.75087e+06 1.23908e+08
2.89762e-11 1.7275e+06 1.22157e+08
2.91067e-11 1.70346e+06 1.20429e+08
2.92377e-11 1.67922e+06 1.18726e+08
2.93694e-11 1.65721e+06 1.17046e+08
2.95017e-11 1.63355e+06 1.15389e+08
2.96346e-11 1.61068e+06 1.13756e+08
2.9768e-11 1.58992e+06 1.12145e+08
2.99021e-11 1.56669e+06 1.10555e+08
3.00368e-11 1.54508e+06 1.08988e+08
3.0172e-11 1.52522e+06 1.07443e+08
3.03079e-11 1.50272e+06 1.05918e+08
3.04444e-11 1.48228e+06 1.04415e+08
3.05815e-11 1.46284e+06 1.02933e+08
3.07193e-11 1.44151e+06 1.0147e+08
3.08576e-11 1.42214e+06 1.00029e+08
3.09966e-11 1.40316e+06 9.86066e+07
3.11362e-11 1.38291e+06 9.72035e+07
3.12764e-11 1.36452e+06 9.58206e+07
3.14173e-11 1.34605e+06 9.4456e+07
3.15588e-11 1.3268e+06 9.311e+07
3.17009e-11 1.30932e+06 9.17832e+07
3.18437e-11 1.2914e+06 9.04739e+07
3.19871e-11 1.27306e+06 8.91825e+07
3.21312e-11 1.25642e+06 8.79094e+07
3.22759e-11 1.23907e+06 8.6653e+07
3.24212e-11 1.22158e+06 8.54139e+07
3.25672e-11 1.2057e+06 8.41923e+07
3.27139e-11 1.18897e+06 8.29866e+07
3.28612e-11 1.17226e+06 8.17976e+07
3.30092e-11 1.15709e+06 8.06254e+07
3.31579e-11 1.14099e+06 7.94683e+07
3.33072e-11 1.125e+06 7.83273e+07
3.34573e-11 1.11047e+06 7.72023e+07
3.36079e-11 1.09504e+06 7.60918e+07
3.37593e-11 1.0797e+06 7.49968e+07
3.39113e-11 1.06578e+06 7.39171e+07
3.40641e-11 1.05103e+06 7.28513e+07
3.42175e-11 1.03629e+06 7.18003e+07
3.43716e-11 1.02292e+06 7.0764e+07
3.45264e-11 1.00886e+06 6.97411e+07
3.46819e-11 994687 6.87322e+07
3.48381e-11 981816 6.77375e+07
3.4995e-11 968479 6.67557e+07
3.51526e-11 954813 6.57872e+07
3.53109e-11 942405 6.48324e+07
3.54699e-11 929797 6.389e+07
3.56297e-11 916599 6.29602e+07
3.57901e-11 904616 6.20436e+07
3.59513e-11 892748 6.1139e+07
3.61132e-11 879980 6.02463e+07
3.62759e-11 868384 5.93663e+07
3.64393e-11 857267 5.84979e+07
3.66034e-11 844891 5.76406e+07
3.67682e-11 833651 5.67957e+07
3.69338e-11 823294 5.59621e+07
3.71002e-11 811276 5.51388e+07
3.72672e-11 800358 5.43275e+07
3.74351e-11 790455 5.35272e+07
3.76037e-11 779078 5.27367e+07
3.7773e-11 768454 5.19576e+07
3.79432e-11 758814 5.11892e+07
3.8114e-11 748245 5.04304e+07
3.82857e-11 737887 4.96821e+07
3.84581e-11 728485 4.89442e+07
3.86313e-11 718728 4.82157e+07
3.88053e-11 708609 4.7497e+07
3.89801e-11 699422 4.67884e+07
3.91556e-11 690480 4.6089e+07
3.9332e-11 680576 4.53985e+07
3.95091e-11 671581 4.47179e+07
3.96871e-11 663424 4.40463e+07
3.98658e-11 653744 4.33829e+07
4.00453e-11 644920 4.27292e+07
4.02257e-11 636915 4.20843e+07
4.04069e-11 628074 4.14473e+07
4.05888e-11 619400 4.08193e+07
4.07716e-11 611528 4.01999e+07
4.09553e-11 603527 3.95883e+07
4.11397e-11 594984 3.89848e+07
4.1325e-11 587226 3.83898e+07
4.15111e-11 580068 3.78026e+07
4.16981e-11 571636 3.72225e+07
4.18859e-11 563977 3.66509e+07
4.20745e-11 557030 3.60869e+07
4.2264e-11 549324 3.55299e+07
4.24543e-11 541746 3.49806e+07
4.26455e-11 534869 3.44388e+07
4.28376e-11 528016 3.3904e+07
4.30305e-11 520504 3.33759e+07
4.32243e-11 513683 3.28554e+07
4.3419e-11 507498 3.23417e+07
4.36146e-11 500221 3.18342e+07
4.3811e-11 493441 3.1334e+07
4.40083e-11 487290 3.08406e+07
4.42065e-11 480870 3.03533e+07
4.44056e-11 474118 2.98724e+07
4.46056e-11 467988 2.93983e+07
4.48065e-11 462425 2.89303e+07
4.50083e-11 455687 2.84679e+07
4.5211e-11 449566 2.80122e+07
4.54146e-11 444014 2.75626e+07
4.56191e-11 438126 2.71186e+07
4.58246e-11 432001 2.66805e+07
4.6031e-11 426441 2.62485e+07
4.62383e-11 421402 2.58221e+07
4.64465e-11 415269 2.54007e+07
4.66557e-11 409691 2.49854e+07
4.68658e-11 404630 2.45757e+07
4.70769e-11 399352 2.41711e+07
4.72889e-11 393743 2.37717e+07
4.75019e-11 388651 2.3378e+07
4.77158e-11 384035 2.29893e+07
4.79307e-11 378578 2.26053e+07
4.81466e-11 373444 2.22267e+07
4.83634e-11 368786 2.18533e+07
4.85812e-11 364179 2.14845e+07
4.88e-11 358992 2.11203e+07
4.90198e-11 354282 2.07613e+07
4.92406e-11 350012 2.0407e+07
4.94623e-11 345278 2.0057e+07
4.96851e-11 340506 1.97117e+07
4.99089e-11 336175 1.93712e+07
5.01336e-11 332250 1.90351e+07
5.03594e-11 327442 1.87028e+07
5.05862e-11 323041 1.83754e+07
5.08141e-11 319049 1.80523e+07
5.10429e-11 315078 1.77333e+07
5.12728e-11 310596 1.74182e+07
5.15037e-11 306527 1.71076e+07
5.17357e-11 302838 1.68011e+07
5.19687e-11 298828 1.64982e+07
5.22027e-11 294672 1.61994e+07
5.24378e-11 290900 1.59047e+07
5.2674e-11 287482 1.56138e+07
5.29112e-11 283472 1.53263e+07
5.31495e-11 279608 1.50429e+07
5.33889e-11 276103 1.47633e+07
5.36293e-11 272916 1.44872e+07
5.38709e-11 268951 1.42143e+07
5.41135e-11 265350 1.39453e+07
5.43572e-11 262083 1.36799e+07
5.4602e-11 258919 1.34179e+07
5.48479e-11 255212 1.31589e+07
5.50949e-11 251845 1.29037e+07
5.53431e-11 248793 1.26519e+07
5.55923e-11 245682 1.24031e+07
5.58427e-11 242206 1.21574e+07
5.60942e-11 239050 1.19152e+07
5.63468e-11 236189 1.16762e+07
5.66006e-11 233157 1.144e+07
5.68555e-11 229888 1.12068e+07
5.71116e-11 226921 1.09769e+07
5.73688e-11 224232 1.075e+07
5.76272e-11 221302 1.05258e+07
5.78867e-11 218219 1.03045e+07
5.81474e-11 215421 1.00863e+07
5.84093e-11 212886 9.87083e+06
5.86723e-11 210078 9.65794e+06
5.89366e-11 207162 9.44787e+06
5.9202e-11 204516 9.2407e+06
5.94686e-11 202117 9.03619e+06
5.97365e-11 199449 8.83407e+06
6.00055e-11 196683 8.63462e+06
6.02758e-11 194172 8.43794e+06
6.05472e-11 191896 8.24377e+06
6.08199e-11 189383 8.05187e+06
6.10938e-11 186750 7.86249e+06
6.1369e-11 184360 7.67574e+06
6.16454e-11 182194 7.49138e+06
6.1923e-11 179850 7.30918e+06
6.22019e-11 177336 7.12933e+06
6.2482e-11 175054 6.952e+06
6.27634e-11 172985 6.77694e+06
6.30461e-11 170822 6.60396e+06
6.333e-11 168414 6.43314e+06
6.36152e-11 166228 6.26472e+06
6.39017e-11 164246 6.0985e+06
6.41895e-11 162274 5.93425e+06
6.44786e-11 159960 5.77198e+06
6.4769e-11 157859 5.61202e+06
6.50607e-11 155953 5.45416e+06
6.53537e-11 154183 5.2982e+06
6.56481e-11 151952 5.14402e+06
6.59437e-11 149925 4.99207e+06
6.62407e-11 148087 4.84215e+06
6.65391e-11 146423 4.69406e+06
6.68387e-11 144368 4.54763e+06
6.71398e-11 142408 4.40327e+06
6.74421e-11 140629 4.26086e+06
6.77459e-11 139017 4.12023e+06
6.8051e-11 137191 3.98121e+06
6.83575e-11 135287 3.84402e+06
6.86653e-11 133559 3.70873e+06
6.89746e-11 131994 3.57517e+06
6.92852e-11 130403 3.44318e+06
6.95973e-11 128548 3.31278e+06
6.99107e-11 126864 3.18423e+06
7.02256e-11 125337 3.05737e+06
7.05418e-11 123954 2.93203e+06
7.08595e-11 122173 2.80808e+06
7.11787e-11 120526 2.6859e+06
7.14992e-11 119031 2.56538e+06
7.18212e-11 117678 2.44635e+06
7.21447e-11 116148 2.32867e+06
7.24696e-11 114531 2.21252e+06
7.2796e-11 113063 2.09799e+06
7.31239e-11 111733 1.98493e+06
7.34532e-11 110460 1.87319e+06
7.3784e-11 108867 1.76273e+06
7.41163e-11 107421 1.65386e+06
7.44501e-11 106109 1.54644e+06
7.47854e-11 104921 1.44034e+06
7.51222e-11 103522 1.33541e+06
7.54605e-11 102091 1.23189e+06
7.58004e-11 100793 1.1298e+06
7.61418e-11 99615.9 1.02901e+06
7.64847e-11 98484.2 929392
7.68292e-11 97063.8 830908
7.71752e-11 95773.7 733844
7.75228e-11 94603.7 638070
7.78719e-11 93544.5 543466
7.82226e-11 92328.5 449922
7.85749e-11 91042.3 357593
7.89288e-11 89874.8 266551
7.92842e-11 88816.8 176676
7.96413e-11 87859.6 87859.6
