1e-14 0 1.22912e-21
1.0045e-14 0 1.22912e-21
1.00903e-14 0 1.22912e-21
1.01357e-14 0 1.22912e-21
1.01814e-14 0 1.22912e-21
1.02272e-14 0 1.22912e-21
1.02733e-14 0 1.22912e-21
1.03196e-14 0 1.22912e-21
1.0366e-14 0 1.22912e-21
1.04127e-14 0 1.22912e-21
1.04596e-14 0 1.22912e-21
1.05067e-14 0 1.22912e-21
1.0554e-14 0 1.22912e-21
1.06016e-14 0 1.22912e-21
1.06493e-14 0 1.22912e-21
1.06973e-14 0 1.22912e-21
1.07455e-14 0 1.22912e-21
1.07938e-14 0 1.22912e-21
1.08425e-14 0 1.22912e-21
1.08913e-14 0 1.22912e-21
1.09403e-14 0 1.22912e-21
1.09896e-14 0 1.22912e-21
1.10391e-14 0 1.22912e-21
1.10888e-14 0 1.22912e-21
1.11388e-14 0 1.22912e-21
1.11889e-14 0 1.22912e-21
1.12393e-14 0 1.22912e-21
1.12899e-14 0 1.22912e-21
1.13408e-14 0 1.22912e-21
1.13919e-14 0 1.22912e-21
1.14432e-14 0 1.22912e-21
1.14947e-14 0 1.22912e-21
1.15465e-14 0 1.22912e-21
1.15985e-14 0 1.22912e-21
1.16507e-14 0 1.22912e-21
1.17032e-14 0 1.22912e-21
1.17559e-14 0 1.22912e-21
1.18088e-14 0 1.22912e-21
1.1862e-14 0 1.22912e-21
1.19154e-14 0 1.22912e-21
1.19691e-14 0 1.22912e-21
1.2023e-14 0 1.22912e-21
1.20772e-14 0 1.22912e-21
1.21316e-14 0 1.22912e-21
1.21862e-14 0 1.22912e-21
1.22411e-14 0 1.22912e-21
1.22962e-14 0 1.22912e-21
1.23516e-14 0 1.22912e-21
1.24072e-14 0 1.22912e-21
1.24631e-14 0 1.22912e-21
1.25192e-14 0 1.22912e-21
1.25756e-14 0 1.22912e-21
1.26322e-14 0 1.22912e-21
1.26891e-14 0 1.22912e-21
1.27463e-14 0 1.22912e-21
1.28037e-14 0 1.22912e-21
1.28613e-14 0 1.22912e-21
1.29193e-14 0 1.22912e-21
1.29775e-14 0 1.22912e-21
1.30359e-14 0 1.22912e-21
1.30946e-14 0 1.22912e-21
1.31536e-14 0 1.22912e-21
1.32128e-14 0 1.22912e-21
1.32723e-14 0 1.22912e-21
1.33321e-14 0 1.22912e-21
1.33922e-14 0 1.22912e-21
1.34525e-14 0 1.22912e-21
1.35131e-14 0 1.22912e-21
1.35739e-14 0 1.22912e-21
1.3635e-14 0 1.22912e-21
1.36965e-14 0 1.22912e-21
1.37581e-14 0 1.22912e-21
1.38201e-14 0 1.22912e-21
1.38823e-14 0 1.22912e-21
1.39449e-14 0 1.22912e-21
1.40077e-14 0 1.22912e-21
1.40708e-14 0 1.22912e-21
1.41341e-14 0 1.22912e-21
1.41978e-14 0 1.22912e-21
1.42617e-14 0 1.22912e-21
1.4326e-14 0 1.22912e-21
1.43905e-14 0 1.22912e-21
1.44553e-14 0 1.22912e-21
1.45204e-14 0 1.22912e-21
1.45858e-14 0 1.22912e-21
1.46515e-14 0 1.22912e-21
1.47175e-14 0 1.22912e-21
1.47837e-14 0 1.22912e-21
1.48503e-14 0 1.22912e-21
1.49172e-14 0 1.22912e-21
1.49844e-14 0 1.22912e-21
1.50519e-14 0 1.22912e-21
1.51197e-14 0 1.22912e-21
1.51878e-14 0 1.22912e-21
1.52562e-14 0 1.22912e-21
1.53249e-14 0 1.22912e-21
1.53939e-14 0 1.22912e-21
1.54632e-14 0 1.22912e-21
1.55329e-14 0 1.22912e-21
1.56028e-14 0 1.22912e-21
1.56731e-14 0 1.22912e-21
1.57437e-14 0 1.22912e-21
1.58146e-14 0 1.22912e-21
1.58858e-14 0 1.22912e-21
1.59573e-14 0 1.22912e-21
1.60292e-14 0 1.22912e-21
1.61014e-14 0 1.22912e-21
1.61739e-14 0 1.22912e-21
1.62468e-14 0 1.22912e-21
1.63199e-14 0 1.22912e-21
1.63934e-14 0 1.22912e-21
1.64673e-14 0 1.22912e-21
1.65414e-14 0 1.22912e-21
1.66159e-14 0 1.22912e-21
1.66908e-14 0 1.22912e-21
1.67659e-14 0 1.22912e-21
1.68414e-14 0 1.22912e-21
1.69173e-14 0 1.22912e-21
1.69935e-14 0 1.22912e-21
1.707e-14 0 1.22912e-21
1.71469e-14 0 1.22912e-21
1.72241e-14 0 1.22912e-21
1.73017e-14 0 1.22912e-21
1.73796e-14 0 1.22912e-21
1.74579e-14 0 1.22912e-21
1.75365e-14 0 1.22912e-21
1.76155e-14 0 1.22912e-21
1.76948e-14 0 1.22912e-21
1.77745e-14 0 1.22912e-21
1.78546e-14 0 1.22912e-21
1.7935e-14 0 1.22912e-21
1.80158e-14 0 1.22912e-21
1.80969e-14 0 1.22912e-21
1.81784e-14 0 1.22912e-21
1.82603e-14 0 1.22912e-21
1.83425e-14 0 1.22912e-21
1.84251e-14 0 1.22912e-21
1.85081e-14 0 1.22912e-21
1.85914e-14 0 1.22912e-21
1.86752e-14 0 1.22912e-21
1.87593e-14 0 1.22912e-21
1.88438e-14 0 1.22912e-21
1.89286e-14 0 1.22912e-21
1.90139e-14 0 1.22912e-21
1.90995e-14 0 1.22912e-21
1.91855e-14 0 1.22912e-21
1.92719e-14 0 1.22912e-21
1.93587e-14 0 1.22912e-21
1.94459e-14 0 1.22912e-21
1.95335e-14 0 1.22912e-21
1.96215e-14 0 1.22912e-21
1.97098e-14 0 1.22912e-21
1.97986e-14 0 1.22912e-21
1.98878e-14 0 1.22912e-21
1.99774e-14 0 1.22912e-21
2.00673e-14 0 1.22912e-21
2.01577e-14 0 1.22912e-21
2.02485e-14 0 1.22912e-21
2.03397e-14 0 1.22912e-21
2.04313e-14 0 1.22912e-21
2.05233e-14 0 1.22912e-21
2.06157e-14 0 1.22912e-21
2.07086e-14 0 1.22912e-21
2.08018e-14 0 1.22912e-21
2.08955e-14 0 1.22912e-21
2.09896e-14 0 1.22912e-21
2.10842e-14 0 1.22912e-21
2.11791e-14 0 1.22912e-21
2.12745e-14 0 1.22912e-21
2.13703e-14 0 1.22912e-21
2.14666e-14 0 1.22912e-21
2.15632e-14 0 1.22912e-21
2.16604e-14 0 1.22912e-21
2.17579e-14 0 1.22912e-21
2.18559e-14 0 1.22912e-21
2.19543e-14 0 1.22912e-21
2.20532e-14 0 1.22912e-21
2.21525e-14 0 1.22912e-21
2.22523e-14 0 1.22912e-21
2.23525e-14 0 1.22912e-21
2.24532e-14 0 1.22912e-21
2.25543e-14 0 1.22912e-21
2.26559e-14 0 1.22912e-21
2.27579e-14 0 1.22912e-21
2.28604e-14 0 1.22912e-21
2.29634e-14 0 1.22912e-21
2.30668e-14 0 1.22912e-21
2.31707e-14 0 1.22912e-21
2.3275e-14 0 1.22912e-21
2.33799e-14 0 1.22912e-21
2.34852e-14 0 1.22912e-21
2.35909e-14 0 1.22912e-21
2.36972e-14 0 1.22912e-21
2.38039e-14 0 1.22912e-21
2.39111e-14 0 1.22912e-21
2.40188e-14 0 1.22912e-21
2.4127e-14 0 1.22912e-21
2.42356e-14 0 1.22912e-21
2.43448e-14 0 1.22912e-21
2.44544e-14 0 1.22912e-21
2.45646e-14 0 1.22912e-21
2.46752e-14 0 1.22912e-21
2.47863e-14 0 1.22912e-21
2.4898e-14 0 1.22912e-21
2.50101e-14 0 1.22912e-21
2.51227e-14 0 1.22912e-21
2.52359e-14 0 1.22912e-21
2.53495e-14 0 1.22912e-21
2.54637e-14 0 1.22912e-21
2.55784e-14 0 1.22912e-21
2.56936e-14 0 1.22912e-21
2.58093e-14 0 1.22912e-21
2.59255e-14 0 1.22912e-21
2.60423e-14 0 1.22912e-21
2.61596e-14 0 1.22912e-21
2.62774e-14 0 1.22912e-21
2.63957e-14 0 1.22912e-21
2.65146e-14 0 1.22912e-21
2.6634e-14 0 1.22912e-21
2.6754e-14 0 1.22912e-21
2.68745e-14 0 1.22912e-21
2.69955e-14 0 1.22912e-21
2.71171e-14 0 1.22912e-21
2.72392e-14 0 1.22912e-21
2.73619e-14 0 1.22912e-21
2.74851e-14 0 1.22912e-21
2.76089e-14 0 1.22912e-21
2.77332e-14 0 1.22912e-21
2.78581e-14 0 1.22912e-21
2.79836e-14 0 1.22912e-21
2.81096e-14 0 1.22912e-21
2.82362e-14 0 1.22912e-21
2.83634e-14 0 1.22912e-21
2.84912e-14 0 1.22912e-21
2.86195e-14 0 1.22912e-21
2.87484e-14 0 1.22912e-21
2.88778e-14 0 1.22912e-21
2.90079e-14 0 1.22912e-21
2.91385e-14 0 1.22912e-21
2.92698e-14 0 1.22912e-21
2.94016e-14 0 1.22912e-21
2.9534e-14 0 1.22912e-21
2.9667e-14 0 1.22912e-21
2.98006e-14 0 1.22912e-21
2.99348e-14 0 1.22912e-21
3.00697e-14 0 1.22912e-21
3.02051e-14 0 1.22912e-21
3.03411e-14 0 1.22912e-21
3.04778e-14 0 1.22912e-21
3.0615e-14 0 1.22912e-21
3.07529e-14 0 1.22912e-21
3.08914e-14 0 1.22912e-21
3.10305e-14 0 1.22912e-21
3.11703e-14 0 1.22912e-21
3.13107e-14 0 1.22912e-21
3.14517e-14 0 1.22912e-21
3.15933e-14 0 1.22912e-21
3.17356e-14 0 1.22912e-21
3.18786e-14 0 1.22912e-21
3.20221e-14 0 1.22912e-21
3.21663e-14 0 1.22912e-21
3.23112e-14 0 1.22912e-21
3.24567e-14 0 1.22912e-21
3.26029e-14 0 1.22912e-21
3.27497e-14 0 1.22912e-21
3.28972e-14 0 1.22912e-21
3.30454e-14 0 1.22912e-21
3.31942e-14 0 1.22912e-21
3.33437e-14 0 1.22912e-21
3.34939e-14 0 1.22912e-21
3.36447e-14 0 1.22912e-21
3.37963e-14 0 1.22912e-21
3.39485e-14 0 1.22912e-21
3.41014e-14 0 1.22912e-21
3.42549e-14 0 1.22912e-21
3.44092e-14 0 1.22912e-21
3.45642e-14 0 1.22912e-21
3.47199e-14 0 1.22912e-21
3.48762e-14 0 1.22912e-21
3.50333e-14 0 1.22912e-21
3.51911e-14 0 1.22912e-21
3.53496e-14 0 1.22912e-21
3.55088e-14 0 1.22912e-21
3.56687e-14 0 1.22912e-21
3.58293e-14 0 1.22912e-21
3.59907e-14 0 1.22912e-21
3.61528e-14 0 1.22912e-21
3.63156e-14 0 1.22912e-21
3.64792e-14 0 1.22912e-21
3.66435e-14 0 1.22912e-21
3.68085e-14 0 1.22912e-21
3.69743e-14 0 1.22912e-21
3.71408e-14 0 1.22912e-21
3.73081e-14 0 1.22912e-21
3.74761e-14 0 1.22912e-21
3.76449e-14 0 1.22912e-21
3.78144e-14 0 1.22912e-21
3.79847e-14 0 1.22912e-21
3.81558e-14 0 1.22912e-21
3.83276e-14 0 1.22912e-21
3.85002e-14 0 1.22912e-21
3.86736e-14 0 1.22912e-21
3.88478e-14 0 1.22912e-21
3.90228e-14 0 1.22912e-21
3.91985e-14 0 1.22912e-21
3.93751e-14 0 1.22912e-21
3.95524e-14 0 1.22912e-21
3.97305e-14 0 1.22912e-21
3.99095e-14 0 1.22912e-21
4.00892e-14 0 1.22912e-21
4.02698e-14 0 1.22912e-21
4.04511e-14 0 1.22912e-21
4.06333e-14 0 1.22912e-21
4.08163e-14 0 1.22912e-21
4.10001e-14 0 1.22912e-21
4.11848e-14 0 1.22912e-21
4.13703e-14 0 1.22912e-21
4.15566e-14 0 1.22912e-21
4.17437e-14 0 1.22912e-21
4.19317e-14 0 1.22912e-21
4.21206e-14 0 1.22912e-21
4.23103e-14 0 1.22912e-21
4.25008e-14 0 1.22912e-21
4.26922e-14 0 1.22912e-21
4.28845e-14 0 1.22912e-21
4.30777e-14 0 1.22912e-21
4.32717e-14 0 1.22912e-21
4.34666e-14 0 1.22912e-21
4.36623e-14 0 1.22912e-21
4.3859e-14 0 1.22912e-21
4.40565e-14 0 1.22912e-21
4.42549e-14 0 1.22912e-21
4.44542e-14 0 1.22912e-21
4.46544e-14 0 1.22912e-21
4.48555e-14 0 1.22912e-21
4.50575e-14 0 1.22912e-21
4.52605e-14 0 1.22912e-21
4.54643e-14 0 1.22912e-21
4.56691e-14 0 1.22912e-21
4.58748e-14 0 1.22912e-21
4.60814e-14 0 1.22912e-21
4.62889e-14 0 1.22912e-21
4.64974e-14 0 1.22912e-21
4.67068e-14 0 1.22912e-21
4.69171e-14 0 1.22912e-21
4.71284e-14 0 1.22912e-21
4.73407e-14 0 1.22912e-21
4.75539e-14 0 1.22912e-21
4.77681e-14 0 1.22912e-21
4.79832e-14 0 1.22912e-21
4.81993e-14 0 1.22912e-21
4.84164e-14 0 1.22912e-21
4.86344e-14 0 1.22912e-21
4.88535e-14 0 1.22912e-21
4.90735e-14 0 1.22912e-21
4.92945e-14 0 1.22912e-21
4.95165e-14 0 1.22912e-21
4.97395e-14 0 1.22912e-21
4.99635e-14 0 1.22912e-21
5.01886e-14 0 1.22912e-21
5.04146e-14 0 1.22912e-21
5.06416e-14 0 1.22912e-21
5.08697e-14 0 1.22912e-21
5.10988e-14 0 1.22912e-21
5.13289e-14 0 1.22912e-21
5.15601e-14 0 1.22912e-21
5.17923e-14 0 1.22912e-21
5.20256e-14 0 1.22912e-21
5.22599e-14 0 1.22912e-21
5.24953e-14 0 1.22912e-21
5.27317e-14 0 1.22912e-21
5.29692e-14 0 1.22912e-21
5.32077e-14 0 1.22912e-21
5.34474e-14 0 1.22912e-21
5.36881e-14 0 1.22912e-21
5.39299e-14 0 1.22912e-21
5.41728e-14 0 1.22912e-21
5.44167e-14 0 1.22912e-21
5.46618e-14 0 1.22912e-21
5.4908e-14 0 1.22912e-21
5.51553e-14 0 1.22912e-21
5.54037e-14 0 1.22912e-21
5.56532e-14 0 1.22912e-21
5.59039e-14 0 1.22912e-21
5.61556e-14 0 1.22912e-21
5.64085e-14 0 1.22912e-21
5.66626e-14 0 1.22912e-21
5.69178e-14 0 1.22912e-21
5.71741e-14 0 1.22912e-21
5.74316e-14 0 1.22912e-21
5.76903e-14 0 1.22912e-21
5.79501e-14 0 1.22912e-21
5.82111e-14 0 1.22912e-21
5.84732e-14 0 1.22912e-21
5.87366e-14 0 1.22912e-21
5.90011e-14 0 1.22912e-21
5.92668e-14 0 1.22912e-21
5.95338e-14 0 1.22912e-21
5.98019e-14 0 1.22912e-21
6.00712e-14 0 1.22912e-21
6.03418e-14 0 1.22912e-21
6.06135e-14 0 1.22912e-21
6.08865e-14 0 1.22912e-21
6.11607e-14 0 1.22912e-21
6.14362e-14 0 1.22912e-21
6.17129e-14 0 1.22912e-21
6.19908e-14 0 1.22912e-21
6.227e-14 0 1.22912e-21
6.25504e-14 0 1.22912e-21
6.28321e-14 0 1.22912e-21
6.31151e-14 0 1.22912e-21
6.33994e-14 0 1.22912e-21
6.36849e-14 0 1.22912e-21
6.39717e-14 0 1.22912e-21
6.42598e-14 0 1.22912e-21
6.45492e-14 0 1.22912e-21
6.484e-14 0 1.22912e-21
6.5132e-14 0 1.22912e-21
6.54253e-14 0 1.22912e-21
6.572e-14 0 1.22912e-21
6.6016e-14 0 1.22912e-21
6.63133e-14 0 1.22912e-21
6.66119e-14 0 1.22912e-21
6.69119e-14 0 1.22912e-21
6.72133e-14 0 1.22912e-21
6.7516e-14 0 1.22912e-21
6.78201e-14 0 1.22912e-21
6.81255e-14 0 1.22912e-21
6.84323e-14 0 1.22912e-21
6.87405e-14 0 1.22912e-21
6.90501e-14 0 1.22912e-21
6.93611e-14 0 1.22912e-21
6.96735e-14 0 1.22912e-21
6.99873e-14 0 1.22912e-21
7.03025e-14 0 1.22912e-21
7.06191e-14 0 1.22912e-21
7.09371e-14 0 1.22912e-21
7.12566e-14 0 1.22912e-21
7.15775e-14 0 1.22912e-21
7.18999e-14 0 1.22912e-21
7.22237e-14 0 1.22912e-21
7.2549e-14 0 1.22912e-21
7.28757e-14 0 1.22912e-21
7.32039e-14 0 1.22912e-21
7.35336e-14 0 1.22912e-21
7.38648e-14 0 1.22912e-21
7.41975e-14 0 1.22912e-21
7.45316e-14 0 1.22912e-21
7.48673e-14 0 1.22912e-21
7.52045e-14 0 1.22912e-21
7.55432e-14 0 1.22912e-21
7.58834e-14 0 1.22912e-21
7.62252e-14 0 1.22912e-21
7.65685e-14 0 1.22912e-21
7.69133e-14 0 1.22912e-21
7.72597e-14 0 1.22912e-21
7.76076e-14 0 1.22912e-21
7.79572e-14 0 1.22912e-21
7.83083e-14 0 1.22912e-21
7.86609e-14 0 1.22912e-21
7.90152e-14 0 1.22912e-21
7.93711e-14 0 1.22912e-21
7.97285e-14 0 1.22912e-21
8.00876e-14 0 1.22912e-21
8.04483e-14 0 1.22912e-21
8.08106e-14 0 1.22912e-21
8.11746e-14 0 1.22912e-21
8.15402e-14 0 1.22912e-21
8.19074e-14 0 1.22912e-21
8.22763e-14 0 1.22912e-21
8.26468e-14 0 1.22912e-21
8.3019e-14 0 1.22912e-21
8.33929e-14 0 1.22912e-21
8.37685e-14 6.40857e-27 1.22912e-21
8.41458e-14 1.45671e-26 1.22912e-21
8.45247e-14 1.51268e-26 1.2291e-21
8.49054e-14 2.29805e-26 1.22909e-21
8.52878e-14 2.88222e-26 1.22907e-21
8.56719e-14 4.93194e-26 1.22904e-21
8.60578e-14 6.48264e-26 1.22899e-21
8.64453e-14 9.49374e-26 1.22892e-21
8.68347e-14 1.24748e-25 1.22883e-21
8.72257e-14 1.52088e-25 1.2287e-21
8.76186e-14 1.7706e-25 1.22855e-21
8.80132e-14 2.1887e-25 1.22837e-21
8.84096e-14 2.45386e-25 1.22815e-21
8.88077e-14 2.72109e-25 1.22791e-21
8.92077e-14 3.07624e-25 1.22764e-21
8.96095e-14 3.40189e-25 1.22733e-21
9.00131e-14 3.74026e-25 1.22699e-21
9.04184e-14 4.03865e-25 1.22662e-21
9.08257e-14 4.33354e-25 1.22621e-21
9.12347e-14 4.58667e-25 1.22578e-21
9.16456e-14 4.83251e-25 1.22532e-21
9.20584e-14 5.16651e-25 1.22484e-21
9.2473e-14 5.396e-25 1.22432e-21
9.28894e-14 5.62312e-25 1.22378e-21
9.33078e-14 5.95935e-25 1.22322e-21
9.3728e-14 6.20837e-25 1.22262e-21
9.41501e-14 6.42997e-25 1.222e-21
9.45742e-14 6.75813e-25 1.22136e-21
9.50001e-14 7.10254e-25 1.22068e-21
9.54279e-14 7.36275e-25 1.21997e-21
9.58577e-14 7.74625e-25 1.21924e-21
9.62894e-14 8.05462e-25 1.21846e-21
9.67231e-14 8.34296e-25 1.21766e-21
9.71587e-14 8.60923e-25 1.21682e-21
9.75963e-14 8.99201e-25 1.21596e-21
9.80358e-14 9.28129e-25 1.21506e-21
9.84774e-14 9.56437e-25 1.21413e-21
9.89209e-14 9.89992e-25 1.21318e-21
9.93664e-14 1.02763e-24 1.21219e-21
9.98139e-14 1.06516e-24 1.21116e-21
1.00263e-13 1.09133e-24 1.21009e-21
1.00715e-13 1.12175e-24 1.209e-21
1.01169e-13 1.16879e-24 1.20788e-21
1.01624e-13 1.20105e-24 1.20671e-21
1.02082e-13 1.24201e-24 1.20551e-21
1.02542e-13 1.2835e-24 1.20427e-21
1.03003e-13 1.31936e-24 1.20298e-21
1.03467e-13 1.37707e-24 1.20167e-21
1.03933e-13 1.4162e-24 1.20029e-21
1.04401e-13 1.46395e-24 1.19887e-21
1.04872e-13 1.49687e-24 1.19741e-21
1.05344e-13 1.52982e-24 1.19591e-21
1.05818e-13 1.57193e-24 1.19438e-21
1.06295e-13 1.60591e-24 1.19281e-21
1.06774e-13 1.64407e-24 1.1912e-21
1.07255e-13 1.67476e-24 1.18956e-21
1.07738e-13 1.70793e-24 1.18788e-21
1.08223e-13 1.72512e-24 1.18618e-21
1.0871e-13 1.74572e-24 1.18445e-21
1.092e-13 1.79057e-24 1.18271e-21
1.09692e-13 1.81491e-24 1.18092e-21
1.10186e-13 1.83915e-24 1.1791e-21
1.10682e-13 1.85394e-24 1.17726e-21
1.1118e-13 1.87648e-24 1.17541e-21
1.11681e-13 1.898e-24 1.17353e-21
1.12184e-13 1.9218e-24 1.17163e-21
1.12689e-13 1.94716e-24 1.16971e-21
1.13197e-13 1.99282e-24 1.16776e-21
1.13707e-13 2.03205e-24 1.16577e-21
1.14219e-13 2.05495e-24 1.16374e-21
1.14733e-13 2.08449e-24 1.16168e-21
1.1525e-13 2.12733e-24 1.1596e-21
1.15769e-13 2.14794e-24 1.15747e-21
1.1629e-13 2.17503e-24 1.15532e-21
1.16814e-13 2.20658e-24 1.15315e-21
1.1734e-13 2.21065e-24 1.15094e-21
1.17869e-13 2.24207e-24 1.14873e-21
1.18399e-13 2.27207e-24 1.14649e-21
1.18933e-13 2.29761e-24 1.14422e-21
1.19468e-13 2.32758e-24 1.14192e-21
1.20006e-13 2.36744e-24 1.13959e-21
1.20547e-13 2.40317e-24 1.13723e-21
1.2109e-13 2.44281e-24 1.13482e-21
1.21635e-13 2.48584e-24 1.13238e-21
1.22183e-13 2.51863e-24 1.12989e-21
1.22733e-13 2.5352e-24 1.12738e-21
1.23286e-13 2.56065e-24 1.12484e-21
1.23841e-13 2.63393e-24 1.12228e-21
1.24399e-13 2.67995e-24 1.11965e-21
1.24959e-13 2.73205e-24 1.11697e-21
1.25522e-13 2.79405e-24 1.11423e-21
1.26087e-13 2.85786e-24 1.11144e-21
1.26655e-13 2.92027e-24 1.10858e-21
1.27226e-13 3.00142e-24 1.10566e-21
1.27799e-13 3.05745e-24 1.10266e-21
1.28374e-13 3.13643e-24 1.0996e-21
1.28952e-13 3.19865e-24 1.09647e-21
1.29533e-13 3.28229e-24 1.09327e-21
1.30116e-13 3.3464e-24 1.08998e-21
1.30702e-13 3.40941e-24 1.08664e-21
1.31291e-13 3.47928e-24 1.08323e-21
1.31882e-13 3.55179e-24 1.07975e-21
1.32476e-13 3.61809e-24 1.0762e-21
1.33073e-13 3.65815e-24 1.07258e-21
1.33672e-13 3.72992e-24 1.06892e-21
1.34274e-13 3.78351e-24 1.06519e-21
1.34879e-13 3.83491e-24 1.06141e-21
1.35487e-13 3.88593e-24 1.05757e-21
1.36097e-13 3.92312e-24 1.05369e-21
1.3671e-13 3.9845e-24 1.04976e-21
1.37325e-13 4.01359e-24 1.04578e-21
1.37944e-13 4.05391e-24 1.04177e-21
1.38565e-13 4.07111e-24 1.03771e-21
1.39189e-13 4.0924e-24 1.03364e-21
1.39816e-13 4.11542e-24 1.02955e-21
1.40446e-13 4.15105e-24 1.02543e-21
1.41078e-13 4.17406e-24 1.02128e-21
1.41714e-13 4.19081e-24 1.01711e-21
1.42352e-13 4.21046e-24 1.01292e-21
1.42993e-13 4.2423e-24 1.00871e-21
1.43637e-13 4.24399e-24 1.00446e-21
1.44284e-13 4.28156e-24 1.00022e-21
1.44934e-13 4.29806e-24 9.95939e-22
1.45586e-13 4.32078e-24 9.91641e-22
1.46242e-13 4.3279e-24 9.8732e-22
1.46901e-13 4.3386e-24 9.82993e-22
1.47562e-13 4.37433e-24 9.78654e-22
1.48227e-13 4.40791e-24 9.7428e-22
1.48894e-13 4.43423e-24 9.69872e-22
1.49565e-13 4.46547e-24 9.65437e-22
1.50239e-13 4.49165e-24 9.60972e-22
1.50915e-13 4.51977e-24 9.5648e-22
1.51595e-13 4.54487e-24 9.51961e-22
1.52278e-13 4.56343e-24 9.47416e-22
1.52963e-13 4.58681e-24 9.42852e-22
1.53652e-13 4.59502e-24 9.38265e-22
1.54344e-13 4.60553e-24 9.3367e-22
1.5504e-13 4.62227e-24 9.29065e-22
1.55738e-13 4.63922e-24 9.24443e-22
1.56439e-13 4.65388e-24 9.19803e-22
1.57144e-13 4.66061e-24 9.1515e-22
1.57851e-13 4.66249e-24 9.10489e-22
1.58562e-13 4.67247e-24 9.05826e-22
1.59277e-13 4.68639e-24 9.01154e-22
1.59994e-13 4.69495e-24 8.96468e-22
1.60714e-13 4.70245e-24 8.91773e-22
1.61438e-13 4.69994e-24 8.8707e-22
1.62165e-13 4.69425e-24 8.8237e-22
1.62896e-13 4.71354e-24 8.77676e-22
1.63629e-13 4.7225e-24 8.72962e-22
1.64366e-13 4.71699e-24 8.6824e-22
1.65106e-13 4.71264e-24 8.63523e-22
1.6585e-13 4.70309e-24 8.5881e-22
1.66597e-13 4.70834e-24 8.54107e-22
1.67347e-13 4.70132e-24 8.49399e-22
1.68101e-13 4.69343e-24 8.44698e-22
1.68858e-13 4.69685e-24 8.40004e-22
1.69619e-13 4.69838e-24 8.35307e-22
1.70382e-13 4.6942e-24 8.30609e-22
1.7115e-13 4.69098e-24 8.25915e-22
1.71921e-13 4.69061e-24 8.21224e-22
1.72695e-13 4.67981e-24 8.16533e-22
1.73473e-13 4.67689e-24 8.11853e-22
1.74254e-13 4.6771e-24 8.07176e-22
1.75039e-13 4.68074e-24 8.02499e-22
1.75827e-13 4.67735e-24 7.97819e-22
1.76619e-13 4.68127e-24 7.93141e-22
1.77414e-13 4.68422e-24 7.8846e-22
1.78213e-13 4.68153e-24 7.83776e-22
1.79016e-13 4.67628e-24 7.79094e-22
1.79822e-13 4.6938e-24 7.74418e-22
1.80632e-13 4.69958e-24 7.69724e-22
1.81446e-13 4.69774e-24 7.65025e-22
1.82263e-13 4.69838e-24 7.60327e-22
1.83084e-13 4.71089e-24 7.55628e-22
1.83908e-13 4.69371e-24 7.50918e-22
1.84736e-13 4.69454e-24 7.46224e-22
1.85568e-13 4.6836e-24 7.41529e-22
1.86404e-13 4.67822e-24 7.36846e-22
1.87244e-13 4.66946e-24 7.32168e-22
1.88087e-13 4.66833e-24 7.27498e-22
1.88934e-13 4.66793e-24 7.2283e-22
1.89785e-13 4.64732e-24 7.18162e-22
1.9064e-13 4.67227e-24 7.13514e-22
1.91498e-13 4.67143e-24 7.08842e-22
1.92361e-13 4.67129e-24 7.04171e-22
1.93227e-13 4.67786e-24 6.99499e-22
1.94097e-13 4.67203e-24 6.94822e-22
1.94972e-13 4.67518e-24 6.9015e-22
1.9585e-13 4.69064e-24 6.85474e-22
1.96732e-13 4.68735e-24 6.80784e-22
1.97618e-13 4.69897e-24 6.76096e-22
1.98508e-13 4.68505e-24 6.71397e-22
1.99402e-13 4.67453e-24 6.66712e-22
2.003e-13 4.68828e-24 6.62038e-22
2.01202e-13 4.67769e-24 6.5735e-22
2.02108e-13 4.66832e-24 6.52672e-22
2.03018e-13 4.65311e-24 6.48004e-22
2.03933e-13 4.64038e-24 6.4335e-22
2.04851e-13 4.62703e-24 6.3871e-22
2.05774e-13 4.62935e-24 6.34083e-22
2.067e-13 4.63914e-24 6.29454e-22
2.07631e-13 4.62833e-24 6.24815e-22
2.08566e-13 4.63335e-24 6.20186e-22
2.09506e-13 4.6341e-24 6.15553e-22
2.10449e-13 4.61696e-24 6.10919e-22
2.11397e-13 4.59992e-24 6.06302e-22
2.12349e-13 4.59579e-24 6.01702e-22
2.13306e-13 4.58394e-24 5.97106e-22
2.14266e-13 4.57455e-24 5.92522e-22
2.15231e-13 4.57073e-24 5.87948e-22
2.16201e-13 4.56212e-24 5.83377e-22
2.17174e-13 4.54687e-24 5.78815e-22
2.18152e-13 4.53973e-24 5.74268e-22
2.19135e-13 4.53438e-24 5.69728e-22
2.20122e-13 4.53707e-24 5.65194e-22
2.21113e-13 4.52808e-24 5.60657e-22
2.22109e-13 4.51105e-24 5.56129e-22
2.23109e-13 4.50112e-24 5.51618e-22
2.24114e-13 4.4829e-24 5.47116e-22
2.25123e-13 4.46409e-24 5.42634e-22
2.26137e-13 4.43911e-24 5.38169e-22
2.27156e-13 4.41819e-24 5.3373e-22
2.28179e-13 4.40875e-24 5.29312e-22
2.29206e-13 4.38223e-24 5.24903e-22
2.30239e-13 4.38123e-24 5.20521e-22
2.31276e-13 4.37325e-24 5.1614e-22
2.32317e-13 4.36443e-24 5.11767e-22
2.33364e-13 4.35229e-24 5.07402e-22
2.34415e-13 4.32001e-24 5.0305e-22
2.3547e-13 4.29495e-24 4.9873e-22
2.36531e-13 4.27475e-24 4.94435e-22
2.37596e-13 4.26061e-24 4.9016e-22
2.38666e-13 4.25045e-24 4.859e-22
2.39741e-13 4.2304e-24 4.81649e-22
2.40821e-13 4.21699e-24 4.77419e-22
2.41905e-13 4.20049e-24 4.73202e-22
2.42995e-13 4.18106e-24 4.69001e-22
2.44089e-13 4.17057e-24 4.6482e-22
2.45188e-13 4.14782e-24 4.6065e-22
2.46293e-13 4.12758e-24 4.56502e-22
2.47402e-13 4.10819e-24 4.52374e-22
2.48516e-13 4.09229e-24 4.48266e-22
2.49635e-13 4.07275e-24 4.44174e-22
2.5076e-13 4.05631e-24 4.40101e-22
2.51889e-13 4.03911e-24 4.36045e-22
2.53023e-13 4.02475e-24 4.32006e-22
2.54163e-13 4.01006e-24 4.27981e-22
2.55308e-13 3.98224e-24 4.23971e-22
2.56458e-13 3.96448e-24 4.19989e-22
2.57613e-13 3.94833e-24 4.16024e-22
2.58773e-13 3.92198e-24 4.12076e-22
2.59938e-13 3.91741e-24 4.08154e-22
2.61109e-13 3.89214e-24 4.04236e-22
2.62285e-13 3.86886e-24 4.00344e-22
2.63466e-13 3.84032e-24 3.96475e-22
2.64653e-13 3.83081e-24 3.92635e-22
2.65845e-13 3.80327e-24 3.88804e-22
2.67042e-13 3.7728e-24 3.85001e-22
2.68245e-13 3.73819e-24 3.81228e-22
2.69453e-13 3.71405e-24 3.7749e-22
2.70666e-13 3.67973e-24 3.73776e-22
2.71885e-13 3.66146e-24 3.70096e-22
2.7311e-13 3.63096e-24 3.66435e-22
2.7434e-13 3.60396e-24 3.62804e-22
2.75575e-13 3.57183e-24 3.592e-22
2.76816e-13 3.54016e-24 3.55628e-22
2.78063e-13 3.52782e-24 3.52088e-22
2.79315e-13 3.49496e-24 3.4856e-22
2.80573e-13 3.46927e-24 3.45065e-22
2.81837e-13 3.43653e-24 3.41596e-22
2.83106e-13 3.40923e-24 3.38159e-22
2.84381e-13 3.37738e-24 3.3475e-22
2.85662e-13 3.34544e-24 3.31373e-22
2.86949e-13 3.31377e-24 3.28027e-22
2.88241e-13 3.28566e-24 3.24713e-22
2.89539e-13 3.25451e-24 3.21428e-22
2.90843e-13 3.22363e-24 3.18173e-22
2.92153e-13 3.19303e-24 3.1495e-22
2.93469e-13 3.16269e-24 3.11757e-22
2.9479e-13 3.13504e-24 3.08594e-22
2.96118e-13 3.10521e-24 3.05459e-22
2.97452e-13 3.07563e-24 3.02354e-22
2.98791e-13 3.04632e-24 2.99278e-22
3.00137e-13 3.01726e-24 2.96232e-22
3.01489e-13 2.98846e-24 2.93214e-22
3.02847e-13 2.95992e-24 2.90226e-22
3.0421e-13 2.93162e-24 2.87266e-22
3.05581e-13 2.90613e-24 2.84334e-22
3.06957e-13 2.87831e-24 2.81428e-22
3.08339e-13 2.85073e-24 2.7855e-22
3.09728e-13 2.8234e-24 2.75699e-22
3.11123e-13 2.7963e-24 2.72876e-22
3.12524e-13 2.76945e-24 2.7008e-22
3.13932e-13 2.74284e-24 2.6731e-22
3.15345e-13 2.71646e-24 2.64567e-22
3.16766e-13 2.69032e-24 2.61851e-22
3.18192e-13 2.66441e-24 2.59161e-22
3.19625e-13 2.63873e-24 2.56496e-22
3.21065e-13 2.61328e-24 2.53857e-22
3.22511e-13 2.58805e-24 2.51244e-22
3.23963e-13 2.56306e-24 2.48656e-22
3.25422e-13 2.53828e-24 2.46093e-22
3.26888e-13 2.51372e-24 2.43555e-22
3.2836e-13 2.48939e-24 2.41041e-22
3.29839e-13 2.46527e-24 2.38552e-22
3.31324e-13 2.44137e-24 2.36086e-22
3.32817e-13 2.41768e-24 2.33645e-22
3.34316e-13 2.39421e-24 2.31227e-22
3.35821e-13 2.37094e-24 2.28833e-22
3.37334e-13 2.34789e-24 2.26462e-22
3.38853e-13 2.32504e-24 2.24114e-22
3.40379e-13 2.3024e-24 2.21789e-22
3.41912e-13 2.27996e-24 2.19487e-22
3.43452e-13 2.25773e-24 2.17207e-22
3.44999e-13 2.23569e-24 2.14949e-22
3.46552e-13 2.21386e-24 2.12713e-22
3.48113e-13 2.19222e-24 2.105e-22
3.49681e-13 2.17078e-24 2.08307e-22
3.51256e-13 2.14953e-24 2.06137e-22
3.52838e-13 2.12848e-24 2.03987e-22
3.54427e-13 2.10761e-24 2.01859e-22
3.56023e-13 2.08694e-24 1.99751e-22
3.57627e-13 2.06645e-24 1.97664e-22
3.59237e-13 2.04615e-24 1.95598e-22
3.60855e-13 2.02603e-24 1.93551e-22
3.6248e-13 2.0061e-24 1.91525e-22
3.64113e-13 1.98635e-24 1.89519e-22
3.65753e-13 1.96678e-24 1.87533e-22
3.674e-13 1.94739e-24 1.85566e-22
3.69055e-13 1.92818e-24 1.83619e-22
3.70717e-13 1.90914e-24 1.81691e-22
3.72386e-13 1.89028e-24 1.79781e-22
3.74063e-13 1.87158e-24 1.77891e-22
3.75748e-13 1.85307e-24 1.7602e-22
3.7744e-13 1.83472e-24 1.74167e-22
3.7914e-13 1.81654e-24 1.72332e-22
3.80848e-13 1.79852e-24 1.70515e-22
3.82563e-13 1.78067e-24 1.68717e-22
3.84286e-13 1.76299e-24 1.66936e-22
3.86017e-13 1.74547e-24 1.65173e-22
3.87755e-13 1.72811e-24 1.63428e-22
3.89502e-13 1.71091e-24 1.61699e-22
3.91256e-13 1.69388e-24 1.59989e-22
3.93018e-13 1.67699e-24 1.58295e-22
3.94788e-13 1.66027e-24 1.56618e-22
3.96566e-13 1.6437e-24 1.54957e-22
3.98352e-13 1.62728e-24 1.53314e-22
4.00146e-13 1.61102e-24 1.51686e-22
4.01948e-13 1.59491e-24 1.50075e-22
4.03758e-13 1.57894e-24 1.48481e-22
4.05577e-13 1.56313e-24 1.46902e-22
4.07403e-13 1.54746e-24 1.45338e-22
4.09238e-13 1.53194e-24 1.43791e-22
4.11081e-13 1.51656e-24 1.42259e-22
4.12933e-13 1.50133e-24 1.40742e-22
4.14792e-13 1.48624e-24 1.39241e-22
4.16661e-13 1.47129e-24 1.37755e-22
4.18537e-13 1.45648e-24 1.36284e-22
4.20422e-13 1.44181e-24 1.34827e-22
4.22315e-13 1.42728e-24 1.33385e-22
4.24217e-13 1.41288e-24 1.31958e-22
4.26128e-13 1.39862e-24 1.30545e-22
4.28047e-13 1.38449e-24 1.29147e-22
4.29975e-13 1.3705e-24 1.27762e-22
4.31911e-13 1.35663e-24 1.26392e-22
4.33857e-13 1.3429e-24 1.25035e-22
4.35811e-13 1.3293e-24 1.23692e-22
4.37773e-13 1.31582e-24 1.22363e-22
4.39745e-13 1.30248e-24 1.21047e-22
4.41725e-13 1.28926e-24 1.19744e-22
4.43715e-13 1.27616e-24 1.18455e-22
4.45713e-13 1.26319e-24 1.17179e-22
4.47721e-13 1.25034e-24 1.15916e-22
4.49737e-13 1.23761e-24 1.14665e-22
4.51762e-13 1.22501e-24 1.13428e-22
4.53797e-13 1.21252e-24 1.12203e-22
4.55841e-13 1.20015e-24 1.1099e-22
4.57894e-13 1.1879e-24 1.0979e-22
4.59956e-13 1.17577e-24 1.08602e-22
4.62028e-13 1.16375e-24 1.07427e-22
4.64108e-13 1.15184e-24 1.06263e-22
4.66199e-13 1.14005e-24 1.05111e-22
4.68298e-13 1.12838e-24 1.03971e-22
4.70407e-13 1.11681e-24 1.02843e-22
4.72526e-13 1.10536e-24 1.01726e-22
4.74654e-13 1.09401e-24 1.0062e-22
4.76792e-13 1.08277e-24 9.95263e-23
4.78939e-13 1.07165e-24 9.84436e-23
4.81096e-13 1.06062e-24 9.73719e-23
4.83263e-13 1.04971e-24 9.63113e-23
4.85439e-13 1.0389e-24 9.52616e-23
4.87626e-13 1.02819e-24 9.42227e-23
4.89822e-13 1.01758e-24 9.31945e-23
4.92028e-13 1.00708e-24 9.21769e-23
4.94244e-13 9.96682e-25 9.11698e-23
4.9647e-13 9.86381e-25 9.01731e-23
4.98705e-13 9.76181e-25 8.91868e-23
5.00952e-13 9.66078e-25 8.82106e-23
5.03208e-13 9.56074e-25 8.72445e-23
5.05474e-13 9.46166e-25 8.62884e-23
5.0775e-13 9.36354e-25 8.53423e-23
5.10037e-13 9.26638e-25 8.44059e-23
5.12334e-13 9.17016e-25 8.34793e-23
5.14642e-13 9.07487e-25 8.25623e-23
5.16959e-13 8.98051e-25 8.16548e-23
5.19288e-13 8.88706e-25 8.07567e-23
5.21626e-13 8.79453e-25 7.9868e-23
5.23976e-13 8.7029e-25 7.89886e-23
5.26336e-13 8.61216e-25 7.81183e-23
5.28706e-13 8.5223e-25 7.72571e-23
5.31087e-13 8.43333e-25 7.64048e-23
5.33479e-13 8.34522e-25 7.55615e-23
5.35882e-13 8.25797e-25 7.4727e-23
5.38295e-13 8.17158e-25 7.39012e-23
5.40719e-13 8.08604e-25 7.3084e-23
5.43155e-13 8.00133e-25 7.22754e-23
5.45601e-13 7.91746e-25 7.14753e-23
5.48058e-13 7.8344e-25 7.06835e-23
5.50526e-13 7.75217e-25 6.99001e-23
5.53006e-13 7.67074e-25 6.91249e-23
5.55496e-13 7.59012e-25 6.83578e-23
5.57998e-13 7.51028e-25 6.75988e-23
5.60511e-13 7.43124e-25 6.68478e-23
5.63036e-13 7.35297e-25 6.61046e-23
5.65571e-13 7.27548e-25 6.53693e-23
5.68119e-13 7.19876e-25 6.46418e-23
5.70677e-13 7.12279e-25 6.39219e-23
5.73247e-13 7.04757e-25 6.32096e-23
5.75829e-13 6.9731e-25 6.25049e-23
5.78422e-13 6.89936e-25 6.18076e-23
5.81027e-13 6.82636e-25 6.11176e-23
5.83644e-13 6.75408e-25 6.0435e-23
5.86273e-13 6.68252e-25 5.97596e-23
5.88913e-13 6.61167e-25 5.90913e-23
5.91566e-13 6.54153e-25 5.84302e-23
5.9423e-13 6.47208e-25 5.7776e-23
5.96906e-13 6.40333e-25 5.71288e-23
5.99594e-13 6.33526e-25 5.64885e-23
6.02295e-13 6.26787e-25 5.5855e-23
6.05007e-13 6.20116e-25 5.52282e-23
6.07732e-13 6.13511e-25 5.4608e-23
6.10469e-13 6.06972e-25 5.39945e-23
6.13218e-13 6.00498e-25 5.33876e-23
6.1598e-13 5.9409e-25 5.27871e-23
6.18754e-13 5.87745e-25 5.2193e-23
6.21541e-13 5.81464e-25 5.16052e-23
6.2434e-13 5.75247e-25 5.10238e-23
6.27152e-13 5.69091e-25 5.04485e-23
6.29977e-13 5.62998e-25 4.98794e-23
6.32814e-13 5.56966e-25 4.93164e-23
6.35664e-13 5.50995e-25 4.87595e-23
6.38527e-13 5.45083e-25 4.82085e-23
6.41403e-13 5.39232e-25 4.76634e-23
6.44291e-13 5.33439e-25 4.71242e-23
6.47193e-13 5.27705e-25 4.65907e-23
6.50108e-13 5.22029e-25 4.6063e-23
6.53036e-13 5.1641e-25 4.5541e-23
6.55977e-13 5.10849e-25 4.50246e-23
6.58931e-13 5.05343e-25 4.45137e-23
6.61899e-13 4.99893e-25 4.40084e-23
6.6488e-13 4.94499e-25 4.35085e-23
6.67874e-13 4.89159e-25 4.3014e-23
6.70882e-13 4.83874e-25 4.25248e-23
6.73903e-13 4.78642e-25 4.2041e-23
6.76938e-13 4.73464e-25 4.15623e-23
6.79987e-13 4.68338e-25 4.10888e-23
6.8305e-13 4.63265e-25 4.06205e-23
6.86126e-13 4.58243e-25 4.01572e-23
6.89216e-13 4.53272e-25 3.9699e-23
6.9232e-13 4.48353e-25 3.92457e-23
6.95438e-13 4.43483e-25 3.87974e-23
6.9857e-13 4.38664e-25 3.83539e-23
7.01716e-13 4.33893e-25 3.79152e-23
7.04877e-13 4.29172e-25 3.74813e-23
7.08051e-13 4.24499e-25 3.70522e-23
7.1124e-13 4.19873e-25 3.66277e-23
7.14443e-13 4.15296e-25 3.62078e-23
7.17661e-13 4.10765e-25 3.57925e-23
7.20893e-13 4.06281e-25 3.53817e-23
7.2414e-13 4.01843e-25 3.49755e-23
7.27401e-13 3.97451e-25 3.45736e-23
7.30677e-13 3.93104e-25 3.41762e-23
7.33968e-13 3.88801e-25 3.37831e-23
7.37273e-13 3.84543e-25 3.33943e-23
7.40594e-13 3.80329e-25 3.30097e-23
7.43929e-13 3.76159e-25 3.26294e-23
7.4728e-13 3.72032e-25 3.22532e-23
7.50645e-13 3.67947e-25 3.18812e-23
7.54026e-13 3.63905e-25 3.15132e-23
7.57422e-13 3.59905e-25 3.11493e-23
7.60833e-13 3.55946e-25 3.07894e-23
7.6426e-13 3.52028e-25 3.04335e-23
7.67702e-13 3.48151e-25 3.00815e-23
7.71159e-13 3.44314e-25 2.97333e-23
7.74632e-13 3.40517e-25 2.9389e-23
7.78121e-13 3.3676e-25 2.90485e-23
7.81625e-13 3.33041e-25 2.87117e-23
7.85146e-13 3.29362e-25 2.83787e-23
7.88682e-13 3.2572e-25 2.80493e-23
7.92234e-13 3.22117e-25 2.77236e-23
7.95802e-13 3.18552e-25 2.74015e-23
7.99386e-13 3.15023e-25 2.70829e-23
8.02986e-13 3.11532e-25 2.67679e-23
8.06602e-13 3.08077e-25 2.64564e-23
8.10235e-13 3.04658e-25 2.61483e-23
8.13884e-13 3.01276e-25 2.58436e-23
8.1755e-13 2.97928e-25 2.55424e-23
8.21232e-13 2.94616e-25 2.52444e-23
8.2493e-13 2.91339e-25 2.49498e-23
8.28645e-13 2.88096e-25 2.46585e-23
8.32377e-13 2.84887e-25 2.43704e-23
8.36126e-13 2.81712e-25 2.40855e-23
8.39892e-13 2.7857e-25 2.38038e-23
8.43674e-13 2.75461e-25 2.35252e-23
8.47474e-13 2.72386e-25 2.32498e-23
8.51291e-13 2.69342e-25 2.29774e-23
8.55125e-13 2.66331e-25 2.2708e-23
8.58976e-13 2.63352e-25 2.24417e-23
8.62845e-13 2.60404e-25 2.21783e-23
8.66731e-13 2.57487e-25 2.19179e-23
8.70634e-13 2.54602e-25 2.16605e-23
8.74555e-13 2.51746e-25 2.14058e-23
8.78494e-13 2.48922e-25 2.11541e-23
8.82451e-13 2.46127e-25 2.09052e-23
8.86425e-13 2.43362e-25 2.06591e-23
8.90417e-13 2.40626e-25 2.04157e-23
8.94427e-13 2.37919e-25 2.01751e-23
8.98455e-13 2.35241e-25 1.99371e-23
9.02502e-13 2.32592e-25 1.97019e-23
9.06566e-13 2.29971e-25 1.94693e-23
9.10649e-13 2.27378e-25 1.92393e-23
9.14751e-13 2.24812e-25 1.9012e-23
9.1887e-13 2.22274e-25 1.87872e-23
9.23009e-13 2.19763e-25 1.85649e-23
9.27166e-13 2.17279e-25 1.83451e-23
9.31341e-13 2.14821e-25 1.81278e-23
9.35536e-13 2.1239e-25 1.7913e-23
9.39749e-13 2.09985e-25 1.77006e-23
9.43982e-13 2.07606e-25 1.74906e-23
9.48233e-13 2.05252e-25 1.7283e-23
9.52504e-13 2.02924e-25 1.70778e-23
9.56793e-13 2.0062e-25 1.68749e-23
9.61103e-13 1.98341e-25 1.66742e-23
9.65431e-13 1.96087e-25 1.64759e-23
9.69779e-13 1.93857e-25 1.62798e-23
9.74147e-13 1.91651e-25 1.6086e-23
9.78534e-13 1.89469e-25 1.58943e-23
9.82941e-13 1.87311e-25 1.57048e-23
9.87368e-13 1.85176e-25 1.55175e-23
9.91815e-13 1.83063e-25 1.53323e-23
9.96282e-13 1.80974e-25 1.51493e-23
1.00077e-12 1.78907e-25 1.49683e-23
1.00528e-12 1.76863e-25 1.47894e-23
1.0098e-12 1.74841e-25 1.46125e-23
1.01435e-12 1.72841e-25 1.44377e-23
1.01892e-12 1.70862e-25 1.42649e-23
1.02351e-12 1.68905e-25 1.4094e-23
1.02812e-12 1.66969e-25 1.39251e-23
1.03275e-12 1.65054e-25 1.37581e-23
1.0374e-12 1.63161e-25 1.35931e-23
1.04207e-12 1.61287e-25 1.34299e-23
1.04676e-12 1.59434e-25 1.32686e-23
1.05148e-12 1.57602e-25 1.31092e-23
1.05621e-12 1.55789e-25 1.29516e-23
1.06097e-12 1.53996e-25 1.27958e-23
1.06575e-12 1.52223e-25 1.26418e-23
1.07055e-12 1.50469e-25 1.24896e-23
1.07537e-12 1.48734e-25 1.23391e-23
1.08021e-12 1.47018e-25 1.21904e-23
1.08508e-12 1.45321e-25 1.20434e-23
1.08997e-12 1.43643e-25 1.1898e-23
1.09487e-12 1.41983e-25 1.17544e-23
1.09981e-12 1.40341e-25 1.16124e-23
1.10476e-12 1.38718e-25 1.14721e-23
1.10973e-12 1.37112e-25 1.13333e-23
1.11473e-12 1.35524e-25 1.11962e-23
1.11975e-12 1.33953e-25 1.10607e-23
1.1248e-12 1.32399e-25 1.09268e-23
1.12986e-12 1.30863e-25 1.07944e-23
1.13495e-12 1.29344e-25 1.06635e-23
1.14006e-12 1.27841e-25 1.05342e-23
1.1452e-12 1.26355e-25 1.04063e-23
1.15035e-12 1.24886e-25 1.028e-23
1.15553e-12 1.23432e-25 1.01551e-23
1.16074e-12 1.21995e-25 1.00316e-23
1.16597e-12 1.20574e-25 9.90964e-24
1.17122e-12 1.19168e-25 9.78907e-24
1.17649e-12 1.17778e-25 9.6699e-24
1.18179e-12 1.16403e-25 9.55212e-24
1.18711e-12 1.15044e-25 9.43572e-24
1.19246e-12 1.137e-25 9.32068e-24
1.19783e-12 1.1237e-25 9.20698e-24
1.20323e-12 1.11056e-25 9.09461e-24
1.20864e-12 1.09756e-25 8.98355e-24
1.21409e-12 1.08471e-25 8.87379e-24
1.21956e-12 1.07199e-25 8.76532e-24
1.22505e-12 1.05943e-25 8.65812e-24
1.23057e-12 1.047e-25 8.55218e-24
1.23611e-12 1.03471e-25 8.44748e-24
1.24167e-12 1.02255e-25 8.34401e-24
1.24727e-12 1.01054e-25 8.24176e-24
1.25288e-12 9.98653e-26 8.1407e-24
1.25853e-12 9.86904e-26 8.04084e-24
1.26419e-12 9.75286e-26 7.94215e-24
1.26989e-12 9.63798e-26 7.84462e-24
1.27561e-12 9.52439e-26 7.74824e-24
1.28135e-12 9.41207e-26 7.65299e-24
1.28712e-12 9.30102e-26 7.55887e-24
1.29292e-12 9.19121e-26 7.46586e-24
1.29874e-12 9.08264e-26 7.37395e-24
1.30459e-12 8.97529e-26 7.28313e-24
1.31047e-12 8.86915e-26 7.19337e-24
1.31637e-12 8.76421e-26 7.10468e-24
1.3223e-12 8.66044e-26 7.01704e-24
1.32825e-12 8.55785e-26 6.93043e-24
1.33424e-12 8.45642e-26 6.84486e-24
1.34024e-12 8.35613e-26 6.76029e-24
1.34628e-12 8.25698e-26 6.67673e-24
1.35234e-12 8.15894e-26 6.59416e-24
1.35843e-12 8.06202e-26 6.51257e-24
1.36455e-12 7.9662e-26 6.43195e-24
1.3707e-12 7.87146e-26 6.35229e-24
1.37687e-12 7.77779e-26 6.27357e-24
1.38307e-12 7.68519e-26 6.1958e-24
1.3893e-12 7.59364e-26 6.11894e-24
1.39556e-12 7.50312e-26 6.04301e-24
1.40184e-12 7.41364e-26 5.96798e-24
1.40816e-12 7.32518e-26 5.89384e-24
1.4145e-12 7.23772e-26 5.82059e-24
1.42087e-12 7.15126e-26 5.74821e-24
1.42727e-12 7.06578e-26 5.6767e-24
1.4337e-12 6.98128e-26 5.60604e-24
1.44015e-12 6.89774e-26 5.53623e-24
1.44664e-12 6.81515e-26 5.46725e-24
1.45315e-12 6.73351e-26 5.3991e-24
1.4597e-12 6.65281e-26 5.33176e-24
1.46627e-12 6.57302e-26 5.26524e-24
1.47288e-12 6.49415e-26 5.19951e-24
1.47951e-12 6.41618e-26 5.13456e-24
1.48617e-12 6.33911e-26 5.0704e-24
1.49287e-12 6.26292e-26 5.00701e-24
1.49959e-12 6.1876e-26 4.94438e-24
1.50634e-12 6.11315e-26 4.88251e-24
1.51313e-12 6.03956e-26 4.82138e-24
1.51994e-12 5.96681e-26 4.76098e-24
1.52679e-12 5.8949e-26 4.70131e-24
1.53366e-12 5.82381e-26 4.64236e-24
1.54057e-12 5.75354e-26 4.58412e-24
1.54751e-12 5.68409e-26 4.52659e-24
1.55448e-12 5.61543e-26 4.46975e-24
1.56148e-12 5.54757e-26 4.41359e-24
1.56851e-12 5.48049e-26 4.35812e-24
1.57558e-12 5.41418e-26 4.30331e-24
1.58267e-12 5.34865e-26 4.24917e-24
1.5898e-12 5.28387e-26 4.19568e-24
1.59696e-12 5.21984e-26 4.14285e-24
1.60415e-12 5.15655e-26 4.09065e-24
1.61138e-12 5.09399e-26 4.03908e-24
1.61864e-12 5.03216e-26 3.98814e-24
1.62592e-12 4.97105e-26 3.93782e-24
1.63325e-12 4.91065e-26 3.88811e-24
1.6406e-12 4.85095e-26 3.839e-24
1.64799e-12 4.79194e-26 3.79049e-24
1.65541e-12 4.73362e-26 3.74258e-24
1.66287e-12 4.67598e-26 3.69524e-24
1.67036e-12 4.61901e-26 3.64848e-24
1.67788e-12 4.5627e-26 3.60229e-24
1.68544e-12 4.50705e-26 3.55666e-24
1.69303e-12 4.45205e-26 3.51159e-24
1.70065e-12 4.39769e-26 3.46707e-24
1.70831e-12 4.34396e-26 3.42309e-24
1.71601e-12 4.29087e-26 3.37965e-24
1.72374e-12 4.23839e-26 3.33675e-24
1.7315e-12 4.18653e-26 3.29436e-24
1.7393e-12 4.13528e-26 3.2525e-24
1.74713e-12 4.08463e-26 3.21114e-24
1.755e-12 4.03457e-26 3.1703e-24
1.7629e-12 3.98509e-26 3.12995e-24
1.77084e-12 3.9362e-26 3.0901e-24
1.77882e-12 3.88789e-26 3.05074e-24
1.78683e-12 3.84014e-26 3.01186e-24
1.79488e-12 3.79295e-26 2.97346e-24
1.80296e-12 3.74632e-26 2.93553e-24
1.81108e-12 3.70023e-26 2.89807e-24
1.81924e-12 3.65469e-26 2.86106e-24
1.82743e-12 3.60969e-26 2.82452e-24
1.83566e-12 3.56521e-26 2.78842e-24
1.84393e-12 3.52126e-26 2.75277e-24
1.85223e-12 3.47784e-26 2.71756e-24
1.86057e-12 3.43492e-26 2.68278e-24
1.86895e-12 3.39251e-26 2.64843e-24
1.87737e-12 3.3506e-26 2.6145e-24
1.88583e-12 3.30919e-26 2.581e-24
1.89432e-12 3.26827e-26 2.5479e-24
1.90285e-12 3.22783e-26 2.51522e-24
1.91142e-12 3.18788e-26 2.48294e-24
1.92003e-12 3.1484e-26 2.45106e-24
1.92868e-12 3.10938e-26 2.41958e-24
1.93736e-12 3.07083e-26 2.38849e-24
1.94609e-12 3.03274e-26 2.35778e-24
1.95485e-12 2.9951e-26 2.32745e-24
1.96366e-12 2.95791e-26 2.2975e-24
1.9725e-12 2.92116e-26 2.26792e-24
1.98138e-12 2.88485e-26 2.23871e-24
1.99031e-12 2.84897e-26 2.20986e-24
1.99927e-12 2.81352e-26 2.18137e-24
2.00827e-12 2.77849e-26 2.15324e-24
2.01732e-12 2.74389e-26 2.12545e-24
2.0264e-12 2.70969e-26 2.09801e-24
2.03553e-12 2.6759e-26 2.07092e-24
2.0447e-12 2.64252e-26 2.04416e-24
2.05391e-12 2.60954e-26 2.01773e-24
2.06316e-12 2.57695e-26 1.99164e-24
2.07245e-12 2.54475e-26 1.96587e-24
2.08178e-12 2.51294e-26 1.94042e-24
2.09116e-12 2.48151e-26 1.91529e-24
2.10058e-12 2.45046e-26 1.89047e-24
2.11004e-12 2.41978e-26 1.86597e-24
2.11954e-12 2.38947e-26 1.84177e-24
2.12909e-12 2.35953e-26 1.81788e-24
2.13867e-12 2.32994e-26 1.79428e-24
2.14831e-12 2.30071e-26 1.77098e-24
2.15798e-12 2.27183e-26 1.74798e-24
2.1677e-12 2.2433e-26 1.72526e-24
2.17746e-12 2.21512e-26 1.70282e-24
2.18727e-12 2.18727e-26 1.68067e-24
2.19712e-12 2.15976e-26 1.6588e-24
2.20702e-12 2.13259e-26 1.6372e-24
2.21696e-12 2.10574e-26 1.61588e-24
2.22694e-12 2.07921e-26 1.59482e-24
2.23697e-12 2.05301e-26 1.57403e-24
2.24704e-12 2.02713e-26 1.5535e-24
2.25716e-12 2.00155e-26 1.53323e-24
2.26733e-12 1.97629e-26 1.51321e-24
2.27754e-12 1.95134e-26 1.49345e-24
2.2878e-12 1.92668e-26 1.47393e-24
2.2981e-12 1.90233e-26 1.45467e-24
2.30845e-12 1.87827e-26 1.43564e-24
2.31885e-12 1.85451e-26 1.41686e-24
2.32929e-12 1.83103e-26 1.39832e-24
2.33978e-12 1.80784e-26 1.38001e-24
2.35032e-12 1.78493e-26 1.36193e-24
2.36091e-12 1.7623e-26 1.34408e-24
2.37154e-12 1.73995e-26 1.32645e-24
2.38222e-12 1.71787e-26 1.30906e-24
2.39295e-12 1.69606e-26 1.29188e-24
2.40373e-12 1.67451e-26 1.27492e-24
2.41455e-12 1.65323e-26 1.25817e-24
2.42543e-12 1.63221e-26 1.24164e-24
2.43635e-12 1.61144e-26 1.22532e-24
2.44732e-12 1.59093e-26 1.2092e-24
2.45834e-12 1.57068e-26 1.19329e-24
2.46942e-12 1.55066e-26 1.17759e-24
2.48054e-12 1.5309e-26 1.16208e-24
2.49171e-12 1.51138e-26 1.14677e-24
2.50293e-12 1.49209e-26 1.13166e-24
2.5142e-12 1.47304e-26 1.11674e-24
2.52553e-12 1.45423e-26 1.10201e-24
2.5369e-12 1.43565e-26 1.08746e-24
2.54833e-12 1.4173e-26 1.07311e-24
2.5598e-12 1.39917e-26 1.05893e-24
2.57133e-12 1.38127e-26 1.04494e-24
2.58291e-12 1.36358e-26 1.03113e-24
2.59454e-12 1.34612e-26 1.01749e-24
2.60623e-12 1.32887e-26 1.00403e-24
2.61797e-12 1.31183e-26 9.90744e-25
2.62976e-12 1.295e-26 9.77625e-25
2.6416e-12 1.27838e-26 9.64675e-25
2.6535e-12 1.26197e-26 9.51891e-25
2.66545e-12 1.24576e-26 9.39272e-25
2.67745e-12 1.22975e-26 9.26814e-25
2.68951e-12 1.21394e-26 9.14517e-25
2.70162e-12 1.19832e-26 9.02377e-25
2.71379e-12 1.1829e-26 8.90394e-25
2.72601e-12 1.16767e-26 8.78565e-25
2.73829e-12 1.15262e-26 8.66888e-25
2.75062e-12 1.13777e-26 8.55362e-25
2.76301e-12 1.1231e-26 8.43985e-25
2.77546e-12 1.10861e-26 8.32754e-25
2.78796e-12 1.0943e-26 8.21668e-25
2.80051e-12 1.08017e-26 8.10725e-25
2.81312e-12 1.06621e-26 7.99923e-25
2.82579e-12 1.05243e-26 7.89261e-25
2.83852e-12 1.03882e-26 7.78736e-25
2.8513e-12 1.02538e-26 7.68348e-25
2.86415e-12 1.01211e-26 7.58094e-25
2.87705e-12 9.99006e-27 7.47973e-25
2.89e-12 9.86064e-27 7.37983e-25
2.90302e-12 9.73283e-27 7.28122e-25
2.91609e-12 9.60661e-27 7.1839e-25
2.92923e-12 9.48198e-27 7.08783e-25
2.94242e-12 9.35891e-27 6.99301e-25
2.95567e-12 9.23737e-27 6.89942e-25
2.96898e-12 9.11736e-27 6.80705e-25
2.98235e-12 8.99886e-27 6.71587e-25
2.99578e-12 8.88184e-27 6.62589e-25
3.00928e-12 8.76629e-27 6.53707e-25
3.02283e-12 8.65218e-27 6.4494e-25
3.03644e-12 8.53952e-27 6.36288e-25
3.05012e-12 8.42826e-27 6.27749e-25
3.06386e-12 8.31841e-27 6.1932e-25
3.07765e-12 8.20994e-27 6.11002e-25
3.09152e-12 8.10283e-27 6.02792e-25
3.10544e-12 7.99708e-27 5.94689e-25
3.11942e-12 7.89265e-27 5.86692e-25
3.13347e-12 7.78954e-27 5.788e-25
3.14759e-12 7.68774e-27 5.7101e-25
3.16176e-12 7.58721e-27 5.63322e-25
3.176e-12 7.48796e-27 5.55735e-25
3.19031e-12 7.38996e-27 5.48247e-25
3.20467e-12 7.2932e-27 5.40857e-25
3.21911e-12 7.19766e-27 5.33564e-25
3.2336e-12 7.10333e-27 5.26366e-25
3.24817e-12 7.0102e-27 5.19263e-25
3.2628e-12 6.91824e-27 5.12253e-25
3.27749e-12 6.82745e-27 5.05334e-25
3.29225e-12 6.73781e-27 4.98507e-25
3.30708e-12 6.64931e-27 4.91769e-25
3.32197e-12 6.56193e-27 4.8512e-25
3.33693e-12 6.47566e-27 4.78558e-25
3.35196e-12 6.39049e-27 4.72082e-25
3.36706e-12 6.3064e-27 4.65692e-25
3.38222e-12 6.22338e-27 4.59385e-25
3.39746e-12 6.14142e-27 4.53162e-25
3.41276e-12 6.0605e-27 4.47021e-25
3.42813e-12 5.98061e-27 4.4096e-25
3.44357e-12 5.90173e-27 4.3498e-25
3.45908e-12 5.82387e-27 4.29078e-25
3.47465e-12 5.747e-27 4.23254e-25
3.4903e-12 5.6711e-27 4.17507e-25
3.50602e-12 5.59618e-27 4.11836e-25
3.52181e-12 5.52222e-27 4.0624e-25
3.53767e-12 5.4492e-27 4.00717e-25
3.55361e-12 5.37711e-27 3.95268e-25
3.56961e-12 5.30595e-27 3.89891e-25
3.58569e-12 5.23569e-27 3.84585e-25
3.60184e-12 5.16634e-27 3.79349e-25
3.61806e-12 5.09788e-27 3.74183e-25
3.63435e-12 5.03029e-27 3.69085e-25
3.65072e-12 4.96357e-27 3.64055e-25
3.66716e-12 4.89771e-27 3.59091e-25
3.68368e-12 4.83269e-27 3.54194e-25
3.70027e-12 4.76851e-27 3.49361e-25
3.71693e-12 4.70515e-27 3.44592e-25
3.73367e-12 4.64261e-27 3.39887e-25
3.75049e-12 4.58088e-27 3.35245e-25
3.76738e-12 4.51993e-27 3.30664e-25
3.78435e-12 4.45978e-27 3.26144e-25
3.80139e-12 4.40039e-27 3.21684e-25
3.81851e-12 4.34178e-27 3.17284e-25
3.83571e-12 4.28392e-27 3.12942e-25
3.85298e-12 4.2268e-27 3.08658e-25
3.87034e-12 4.17042e-27 3.04431e-25
3.88777e-12 4.11478e-27 3.00261e-25
3.90528e-12 4.05985e-27 2.96146e-25
3.92286e-12 4.00563e-27 2.92086e-25
3.94053e-12 3.95211e-27 2.88081e-25
3.95828e-12 3.89929e-27 2.84128e-25
3.97611e-12 3.84714e-27 2.80229e-25
3.99401e-12 3.79568e-27 2.76382e-25
4.012e-12 3.74488e-27 2.72586e-25
4.03007e-12 3.69474e-27 2.68841e-25
4.04822e-12 3.64525e-27 2.65147e-25
4.06645e-12 3.59641e-27 2.61501e-25
4.08477e-12 3.54819e-27 2.57905e-25
4.10316e-12 3.50061e-27 2.54357e-25
4.12164e-12 3.45364e-27 2.50856e-25
4.1402e-12 3.40729e-27 2.47403e-25
4.15885e-12 3.36153e-27 2.43995e-25
4.17758e-12 3.31638e-27 2.40634e-25
4.1964e-12 3.27181e-27 2.37317e-25
4.2153e-12 3.22782e-27 2.34046e-25
4.23428e-12 3.1844e-27 2.30818e-25
4.25335e-12 3.14155e-27 2.27633e-25
4.27251e-12 3.09926e-27 2.24492e-25
4.29175e-12 3.05753e-27 2.21393e-25
4.31108e-12 3.01634e-27 2.18335e-25
4.33049e-12 2.97568e-27 2.15319e-25
4.35e-12 2.93556e-27 2.12343e-25
4.36959e-12 2.89596e-27 2.09407e-25
4.38927e-12 2.85688e-27 2.06512e-25
4.40903e-12 2.81832e-27 2.03655e-25
4.42889e-12 2.78025e-27 2.00836e-25
4.44884e-12 2.74269e-27 1.98056e-25
4.46887e-12 2.70562e-27 1.95313e-25
4.489e-12 2.66903e-27 1.92608e-25
4.50922e-12 2.63293e-27 1.89939e-25
4.52953e-12 2.5973e-27 1.87306e-25
4.54993e-12 2.56214e-27 1.84708e-25
4.57042e-12 2.52744e-27 1.82146e-25
4.591e-12 2.49319e-27 1.79619e-25
4.61168e-12 2.4594e-27 1.77126e-25
4.63245e-12 2.42605e-27 1.74666e-25
4.65331e-12 2.39314e-27 1.7224e-25
4.67427e-12 2.36067e-27 1.69847e-25
4.69532e-12 2.32862e-27 1.67486e-25
4.71647e-12 2.29699e-27 1.65158e-25
4.73771e-12 2.26579e-27 1.62861e-25
4.75904e-12 2.23499e-27 1.60595e-25
4.78048e-12 2.2046e-27 1.5836e-25
4.80201e-12 2.17461e-27 1.56155e-25
4.82363e-12 2.14502e-27 1.53981e-25
4.84536e-12 2.11582e-27 1.51836e-25
4.86718e-12 2.087e-27 1.4972e-25
4.8891e-12 2.05857e-27 1.47633e-25
4.91112e-12 2.03052e-27 1.45574e-25
4.93324e-12 2.00283e-27 1.43544e-25
4.95546e-12 1.97551e-27 1.41541e-25
4.97777e-12 1.94856e-27 1.39566e-25
5.00019e-12 1.92196e-27 1.37617e-25
5.02271e-12 1.89571e-27 1.35695e-25
5.04533e-12 1.86982e-27 1.33799e-25
5.06806e-12 1.84426e-27 1.3193e-25
5.09088e-12 1.81905e-27 1.30085e-25
5.11381e-12 1.79417e-27 1.28266e-25
5.13684e-12 1.76963e-27 1.26472e-25
5.15997e-12 1.74541e-27 1.24702e-25
5.18321e-12 1.72151e-27 1.22957e-25
5.20656e-12 1.69793e-27 1.21235e-25
5.23001e-12 1.67466e-27 1.19538e-25
5.25356e-12 1.65171e-27 1.17863e-25
5.27722e-12 1.62906e-27 1.16211e-25
5.30099e-12 1.60671e-27 1.14582e-25
5.32486e-12 1.58466e-27 1.12975e-25
5.34884e-12 1.56291e-27 1.11391e-25
5.37293e-12 1.54144e-27 1.09828e-25
5.39713e-12 1.52027e-27 1.08286e-25
5.42144e-12 1.49937e-27 1.06766e-25
5.44586e-12 1.47876e-27 1.05267e-25
5.47038e-12 1.45842e-27 1.03788e-25
5.49502e-12 1.43836e-27 1.0233e-25
5.51977e-12 1.41856e-27 1.00891e-25
5.54463e-12 1.39903e-27 9.94727e-26
5.5696e-12 1.37976e-27 9.80736e-26
5.59468e-12 1.36075e-27 9.66939e-26
5.61988e-12 1.34199e-27 9.53331e-26
5.64519e-12 1.32349e-27 9.39911e-26
5.67061e-12 1.30523e-27 9.26677e-26
5.69615e-12 1.28722e-27 9.13624e-26
5.72181e-12 1.26945e-27 9.00752e-26
5.74757e-12 1.25192e-27 8.88058e-26
5.77346e-12 1.23463e-27 8.75538e-26
5.79946e-12 1.21757e-27 8.63192e-26
5.82558e-12 1.20074e-27 8.51016e-26
5.85182e-12 1.18413e-27 8.39009e-26
5.87817e-12 1.16775e-27 8.27168e-26
5.90465e-12 1.15159e-27 8.1549e-26
5.93124e-12 1.13565e-27 8.03974e-26
5.95795e-12 1.11992e-27 7.92618e-26
5.98478e-12 1.10441e-27 7.81419e-26
6.01174e-12 1.0891e-27 7.70375e-26
6.03881e-12 1.074e-27 7.59484e-26
6.06601e-12 1.05911e-27 7.48744e-26
6.09333e-12 1.04442e-27 7.38152e-26
6.12077e-12 1.02992e-27 7.27708e-26
6.14834e-12 1.01563e-27 7.17409e-26
6.17603e-12 1.00152e-27 7.07253e-26
6.20384e-12 9.87609e-28 6.97238e-26
6.23178e-12 9.73884e-28 6.87361e-26
6.25985e-12 9.60346e-28 6.77623e-26
6.28804e-12 9.46991e-28 6.68019e-26
6.31636e-12 9.33818e-28 6.58549e-26
6.34481e-12 9.20823e-28 6.49211e-26
6.37339e-12 9.08004e-28 6.40003e-26
6.40209e-12 8.9536e-28 6.30923e-26
6.43092e-12 8.82888e-28 6.21969e-26
6.45989e-12 8.70585e-28 6.1314e-26
6.48898e-12 8.5845e-28 6.04434e-26
6.5182e-12 8.46479e-28 5.9585e-26
6.54756e-12 8.34672e-28 5.87385e-26
6.57705e-12 8.23025e-28 5.79038e-26
6.60667e-12 8.11538e-28 5.70808e-26
6.63642e-12 8.00206e-28 5.62693e-26
6.66631e-12 7.89029e-28 5.54691e-26
6.69633e-12 7.78005e-28 5.468e-26
6.72649e-12 7.67131e-28 5.3902e-26
6.75679e-12 7.56406e-28 5.31349e-26
6.78722e-12 7.45827e-28 5.23785e-26
6.81779e-12 7.35392e-28 5.16327e-26
6.84849e-12 7.25101e-28 5.08973e-26
6.87933e-12 7.1495e-28 5.01722e-26
6.91032e-12 7.04937e-28 4.94572e-26
6.94144e-12 6.95062e-28 4.87523e-26
6.9727e-12 6.85322e-28 4.80572e-26
7.0041e-12 6.75715e-28 4.73719e-26
7.03565e-12 6.6624e-28 4.66962e-26
7.06734e-12 6.56895e-28 4.603e-26
7.09916e-12 6.47678e-28 4.53731e-26
7.13114e-12 6.38588e-28 4.47254e-26
7.16325e-12 6.29622e-28 4.40868e-26
7.19551e-12 6.20779e-28 4.34572e-26
7.22792e-12 6.12058e-28 4.28364e-26
7.26047e-12 6.03457e-28 4.22243e-26
7.29317e-12 5.94973e-28 4.16209e-26
7.32602e-12 5.86607e-28 4.10259e-26
7.35901e-12 5.78355e-28 4.04393e-26
7.39216e-12 5.70217e-28 3.98609e-26
7.42545e-12 5.62191e-28 3.92907e-26
7.45889e-12 5.54276e-28 3.87285e-26
7.49248e-12 5.4647e-28 3.81743e-26
7.52623e-12 5.38771e-28 3.76278e-26
7.56012e-12 5.31178e-28 3.7089e-26
7.59417e-12 5.2369e-28 3.65578e-26
7.62837e-12 5.16306e-28 3.60341e-26
7.66273e-12 5.09023e-28 3.55178e-26
7.69724e-12 5.01841e-28 3.50088e-26
7.73191e-12 4.94758e-28 3.4507e-26
7.76673e-12 4.87773e-28 3.40122e-26
7.80171e-12 4.80884e-28 3.35244e-26
7.83684e-12 4.74091e-28 3.30436e-26
7.87214e-12 4.67392e-28 3.25695e-26
7.90759e-12 4.60785e-28 3.21021e-26
7.94321e-12 4.5427e-28 3.16413e-26
7.97898e-12 4.47845e-28 3.1187e-26
8.01492e-12 4.41509e-28 3.07392e-26
8.05101e-12 4.35261e-28 3.02977e-26
8.08727e-12 4.291e-28 2.98624e-26
8.12369e-12 4.23024e-28 2.94333e-26
8.16028e-12 4.17032e-28 2.90103e-26
8.19703e-12 4.11124e-28 2.85933e-26
8.23395e-12 4.05297e-28 2.81821e-26
8.27103e-12 3.99552e-28 2.77768e-26
8.30828e-12 3.93886e-28 2.73773e-26
8.3457e-12 3.88299e-28 2.69834e-26
8.38329e-12 3.8279e-28 2.65951e-26
8.42104e-12 3.77357e-28 2.62123e-26
8.45897e-12 3.72e-28 2.5835e-26
8.49707e-12 3.66718e-28 2.5463e-26
8.53534e-12 3.61509e-28 2.50962e-26
8.57378e-12 3.56373e-28 2.47347e-26
8.61239e-12 3.51308e-28 2.43784e-26
8.65118e-12 3.46314e-28 2.4027e-26
8.69014e-12 3.41389e-28 2.36807e-26
8.72928e-12 3.36534e-28 2.33393e-26
8.76859e-12 3.31746e-28 2.30028e-26
8.80808e-12 3.27024e-28 2.26711e-26
8.84775e-12 3.22369e-28 2.2344e-26
8.8876e-12 3.17779e-28 2.20217e-26
8.92763e-12 3.13253e-28 2.17039e-26
8.96783e-12 3.0879e-28 2.13906e-26
9.00822e-12 3.0439e-28 2.10818e-26
9.04879e-12 3.00051e-28 2.07775e-26
9.08955e-12 2.95773e-28 2.04774e-26
9.13048e-12 2.91555e-28 2.01816e-26
9.1716e-12 2.87395e-28 1.98901e-26
9.21291e-12 2.83295e-28 1.96027e-26
9.2544e-12 2.79251e-28 1.93194e-26
9.29608e-12 2.75264e-28 1.90401e-26
9.33795e-12 2.71334e-28 1.87649e-26
9.38e-12 2.67458e-28 1.84935e-26
9.42225e-12 2.63637e-28 1.82261e-26
9.46468e-12 2.59869e-28 1.79624e-26
9.50731e-12 2.56154e-28 1.77026e-26
9.55013e-12 2.52492e-28 1.74464e-26
9.59314e-12 2.48881e-28 1.71939e-26
9.63634e-12 2.4532e-28 1.6945e-26
9.67974e-12 2.4181e-28 1.66997e-26
9.72334e-12 2.38349e-28 1.64579e-26
9.76713e-12 2.34937e-28 1.62196e-26
9.81112e-12 2.31573e-28 1.59846e-26
9.8553e-12 2.28256e-28 1.57531e-26
9.89969e-12 2.24986e-28 1.55248e-26
9.94427e-12 2.21762e-28 1.52998e-26
9.98906e-12 2.18583e-28 1.50781e-26
1.0034e-11 2.15449e-28 1.48595e-26
1.00792e-11 2.1236e-28 1.4644e-26
1.01246e-11 2.09314e-28 1.44317e-26
1.01702e-11 2.06311e-28 1.42223e-26
1.0216e-11 2.0335e-28 1.4016e-26
1.0262e-11 2.00431e-28 1.38127e-26
1.03083e-11 1.97554e-28 1.36123e-26
1.03547e-11 1.94717e-28 1.34147e-26
1.04013e-11 1.9192e-28 1.322e-26
1.04482e-11 1.89163e-28 1.30281e-26
1.04952e-11 1.86445e-28 1.28389e-26
1.05425e-11 1.83765e-28 1.26525e-26
1.059e-11 1.81123e-28 1.24687e-26
1.06377e-11 1.78518e-28 1.22876e-26
1.06856e-11 1.75951e-28 1.21091e-26
1.07337e-11 1.73419e-28 1.19331e-26
1.0782e-11 1.70924e-28 1.17597e-26
1.08306e-11 1.68464e-28 1.15888e-26
1.08794e-11 1.66039e-28 1.14203e-26
1.09284e-11 1.63648e-28 1.12543e-26
1.09776e-11 1.61291e-28 1.10906e-26
1.1027e-11 1.58968e-28 1.09293e-26
1.10767e-11 1.56678e-28 1.07703e-26
1.11266e-11 1.5442e-28 1.06137e-26
1.11767e-11 1.52194e-28 1.04593e-26
1.1227e-11 1.5e-28 1.03071e-26
1.12776e-11 1.47837e-28 1.01571e-26
1.13284e-11 1.45704e-28 1.00092e-26
1.13794e-11 1.43603e-28 9.86352e-27
1.14307e-11 1.4153e-28 9.71991e-27
1.14821e-11 1.39488e-28 9.57838e-27
1.15338e-11 1.37474e-28 9.4389e-27
1.15858e-11 1.3549e-28 9.30142e-27
1.1638e-11 1.33533e-28 9.16593e-27
1.16904e-11 1.31605e-28 9.0324e-27
1.1743e-11 1.29703e-28 8.90079e-27
1.17959e-11 1.27829e-28 8.77109e-27
1.1849e-11 1.25982e-28 8.64326e-27
1.19024e-11 1.24161e-28 8.51728e-27
1.1956e-11 1.22366e-28 8.39312e-27
1.20099e-11 1.20596e-28 8.27075e-27
1.2064e-11 1.18852e-28 8.15016e-27
1.21183e-11 1.17133e-28 8.0313e-27
1.21729e-11 1.15438e-28 7.91417e-27
1.22277e-11 1.13768e-28 7.79873e-27
1.22828e-11 1.12121e-28 7.68496e-27
1.23381e-11 1.10498e-28 7.57284e-27
1.23936e-11 1.08898e-28 7.46234e-27
1.24495e-11 1.07321e-28 7.35345e-27
1.25055e-11 1.05767e-28 7.24612e-27
1.25618e-11 1.04235e-28 7.14036e-27
1.26184e-11 1.02725e-28 7.03612e-27
1.26753e-11 1.01236e-28 6.9334e-27
1.27323e-11 9.97686e-29 6.83216e-27
1.27897e-11 9.83223e-29 6.73239e-27
1.28473e-11 9.68968e-29 6.63407e-27
1.29051e-11 9.54917e-29 6.53717e-27
1.29633e-11 9.41067e-29 6.44168e-27
1.30216e-11 9.27416e-29 6.34758e-27
1.30803e-11 9.1396e-29 6.25483e-27
1.31392e-11 9.00698e-29 6.16344e-27
1.31984e-11 8.87626e-29 6.07337e-27
1.32578e-11 8.74742e-29 5.98461e-27
1.33175e-11 8.62042e-29 5.89713e-27
1.33775e-11 8.49525e-29 5.81093e-27
1.34378e-11 8.37188e-29 5.72598e-27
1.34983e-11 8.25028e-29 5.64226e-27
1.35591e-11 8.13043e-29 5.55975e-27
1.36201e-11 8.01231e-29 5.47845e-27
1.36815e-11 7.89588e-29 5.39833e-27
1.37431e-11 7.78112e-29 5.31937e-27
1.3805e-11 7.66802e-29 5.24156e-27
1.38672e-11 7.55655e-29 5.16488e-27
1.39296e-11 7.44668e-29 5.08931e-27
1.39923e-11 7.33839e-29 5.01484e-27
1.40554e-11 7.23166e-29 4.94146e-27
1.41187e-11 7.12647e-29 4.86914e-27
1.41823e-11 7.02279e-29 4.79788e-27
1.42461e-11 6.92061e-29 4.72765e-27
1.43103e-11 6.8199e-29 4.65844e-27
1.43747e-11 6.72065e-29 4.59025e-27
1.44395e-11 6.62282e-29 4.52304e-27
1.45045e-11 6.52641e-29 4.45681e-27
1.45698e-11 6.43139e-29 4.39155e-27
1.46354e-11 6.33774e-29 4.32723e-27
1.47014e-11 6.24544e-29 4.26386e-27
1.47676e-11 6.15447e-29 4.2014e-27
1.48341e-11 6.06482e-29 4.13986e-27
1.49009e-11 5.97646e-29 4.07921e-27
1.4968e-11 5.88938e-29 4.01944e-27
1.50354e-11 5.80356e-29 3.96055e-27
1.51031e-11 5.71898e-29 3.90251e-27
1.51711e-11 5.63562e-29 3.84532e-27
1.52395e-11 5.55347e-29 3.78897e-27
1.53081e-11 5.47251e-29 3.73343e-27
1.5377e-11 5.39271e-29 3.67871e-27
1.54463e-11 5.31407e-29 3.62478e-27
1.55159e-11 5.23657e-29 3.57164e-27
1.55857e-11 5.1602e-29 3.51927e-27
1.56559e-11 5.08492e-29 3.46767e-27
1.57265e-11 5.01074e-29 3.41682e-27
1.57973e-11 4.93764e-29 3.36672e-27
1.58684e-11 4.86559e-29 3.31734e-27
1.59399e-11 4.79458e-29 3.26868e-27
1.60117e-11 4.72461e-29 3.22074e-27
1.60838e-11 4.65565e-29 3.17349e-27
1.61562e-11 4.58769e-29 3.12694e-27
1.6229e-11 4.52072e-29 3.08106e-27
1.63021e-11 4.45471e-29 3.03585e-27
1.63755e-11 4.38967e-29 2.9913e-27
1.64493e-11 4.32557e-29 2.94741e-27
1.65233e-11 4.2624e-29 2.90415e-27
1.65978e-11 4.20015e-29 2.86153e-27
1.66725e-11 4.1388e-29 2.81953e-27
1.67476e-11 4.07834e-29 2.77814e-27
1.6823e-11 4.01876e-29 2.73735e-27
1.68988e-11 3.96004e-29 2.69717e-27
1.69749e-11 3.90218e-29 2.65757e-27
1.70513e-11 3.84516e-29 2.61854e-27
1.71281e-11 3.78897e-29 2.58009e-27
1.72053e-11 3.7336e-29 2.5422e-27
1.72828e-11 3.67903e-29 2.50487e-27
1.73606e-11 3.62526e-29 2.46808e-27
1.74388e-11 3.57226e-29 2.43182e-27
1.75173e-11 3.52004e-29 2.3961e-27
1.75962e-11 3.46858e-29 2.3609e-27
1.76755e-11 3.41787e-29 2.32622e-27
1.77551e-11 3.3679e-29 2.29204e-27
1.7835e-11 3.31865e-29 2.25836e-27
1.79154e-11 3.27012e-29 2.22517e-27
1.7996e-11 3.2223e-29 2.19247e-27
1.80771e-11 3.17517e-29 2.16025e-27
1.81585e-11 3.12874e-29 2.1285e-27
1.82403e-11 3.08297e-29 2.09721e-27
1.83224e-11 3.03788e-29 2.06638e-27
1.8405e-11 2.99344e-29 2.036e-27
1.84878e-11 2.94965e-29 2.00607e-27
1.85711e-11 2.9065e-29 1.97657e-27
1.86547e-11 2.86398e-29 1.9475e-27
1.87388e-11 2.82208e-29 1.91886e-27
1.88232e-11 2.78079e-29 1.89064e-27
1.89079e-11 2.7401e-29 1.86284e-27
1.89931e-11 2.70001e-29 1.83543e-27
1.90786e-11 2.6605e-29 1.80843e-27
1.91646e-11 2.62157e-29 1.78183e-27
1.92509e-11 2.58321e-29 1.75561e-27
1.93376e-11 2.5454e-29 1.72978e-27
1.94247e-11 2.50815e-29 1.70433e-27
1.95121e-11 2.47145e-29 1.67925e-27
1.96e-11 2.43528e-29 1.65453e-27
1.96883e-11 2.39963e-29 1.63018e-27
1.9777e-11 2.36451e-29 1.60618e-27
1.9866e-11 2.32991e-29 1.58254e-27
1.99555e-11 2.2958e-29 1.55924e-27
2.00454e-11 2.2622e-29 1.53628e-27
2.01357e-11 2.22909e-29 1.51366e-27
2.02263e-11 2.19646e-29 1.49137e-27
2.03174e-11 2.16431e-29 1.4694e-27
2.04089e-11 2.13263e-29 1.44776e-27
2.05008e-11 2.10141e-29 1.42643e-27
2.05932e-11 2.07065e-29 1.40542e-27
2.06859e-11 2.04034e-29 1.38471e-27
2.07791e-11 2.01048e-29 1.36431e-27
2.08727e-11 1.98105e-29 1.3442e-27
2.09667e-11 1.95205e-29 1.32439e-27
2.10611e-11 1.92347e-29 1.30487e-27
2.1156e-11 1.89532e-29 1.28564e-27
2.12512e-11 1.86758e-29 1.26669e-27
2.13469e-11 1.84024e-29 1.24801e-27
2.14431e-11 1.8133e-29 1.22961e-27
2.15397e-11 1.78676e-29 1.21147e-27
2.16367e-11 1.76061e-29 1.19361e-27
2.17341e-11 1.73484e-29 1.176e-27
2.1832e-11 1.70944e-29 1.15865e-27
2.19303e-11 1.68442e-29 1.14156e-27
2.20291e-11 1.65977e-29 1.12471e-27
2.21283e-11 1.63548e-29 1.10812e-27
2.2228e-11 1.61154e-29 1.09176e-27
2.23281e-11 1.58796e-29 1.07565e-27
2.24286e-11 1.56472e-29 1.05977e-27
2.25296e-11 1.54182e-29 1.04412e-27
2.26311e-11 1.51925e-29 1.0287e-27
2.2733e-11 1.49702e-29 1.01351e-27
2.28354e-11 1.47512e-29 9.98538e-28
2.29383e-11 1.45353e-29 9.83787e-28
2.30416e-11 1.43226e-29 9.69251e-28
2.31453e-11 1.41131e-29 9.54929e-28
2.32496e-11 1.39066e-29 9.40816e-28
2.33543e-11 1.37031e-29 9.26909e-28
2.34595e-11 1.35027e-29 9.13206e-28
2.35651e-11 1.33051e-29 8.99703e-28
2.36713e-11 1.31105e-29 8.86398e-28
2.37779e-11 1.29187e-29 8.73288e-28
2.3885e-11 1.27298e-29 8.60369e-28
2.39925e-11 1.25436e-29 8.47639e-28
2.41006e-11 1.23601e-29 8.35096e-28
2.42091e-11 1.21794e-29 8.22736e-28
2.43182e-11 1.20013e-29 8.10556e-28
2.44277e-11 1.18258e-29 7.98555e-28
2.45377e-11 1.16529e-29 7.86729e-28
2.46482e-11 1.14825e-29 7.75076e-28
2.47592e-11 1.13146e-29 7.63594e-28
2.48707e-11 1.11492e-29 7.52279e-28
2.49827e-11 1.09862e-29 7.4113e-28
2.50952e-11 1.08257e-29 7.30144e-28
2.52083e-11 1.06674e-29 7.19318e-28
2.53218e-11 1.05115e-29 7.08651e-28
2.54358e-11 1.03579e-29 6.98139e-28
2.55504e-11 1.02066e-29 6.87781e-28
2.56655e-11 1.00574e-29 6.77575e-28
2.57811e-11 9.9105e-30 6.67517e-28
2.58972e-11 9.76573e-30 6.57607e-28
2.60138e-11 9.62307e-30 6.47841e-28
2.6131e-11 9.48252e-30 6.38218e-28
2.62486e-11 9.34403e-30 6.28735e-28
2.63669e-11 9.20758e-30 6.19391e-28
2.64856e-11 9.07313e-30 6.10184e-28
2.66049e-11 8.94065e-30 6.01111e-28
2.67247e-11 8.81013e-30 5.9217e-28
2.68451e-11 8.68152e-30 5.8336e-28
2.6966e-11 8.5548e-30 5.74678e-28
2.70874e-11 8.42995e-30 5.66124e-28
2.72094e-11 8.30693e-30 5.57694e-28
2.7332e-11 8.18572e-30 5.49387e-28
2.74551e-11 8.06629e-30 5.41201e-28
2.75787e-11 7.94861e-30 5.33135e-28
2.77029e-11 7.83267e-30 5.25186e-28
2.78277e-11 7.71843e-30 5.17353e-28
2.7953e-11 7.60587e-30 5.09635e-28
2.80789e-11 7.49496e-30 5.02029e-28
2.82054e-11 7.38568e-30 4.94534e-28
2.83324e-11 7.27801e-30 4.87148e-28
2.846e-11 7.17193e-30 4.7987e-28
2.85882e-11 7.0674e-30 4.72699e-28
2.87169e-11 6.96441e-30 4.65631e-28
2.88462e-11 6.86293e-30 4.58667e-28
2.89762e-11 6.76295e-30 4.51804e-28
2.91067e-11 6.66443e-30 4.45041e-28
2.92377e-11 6.56736e-30 4.38376e-28
2.93694e-11 6.47172e-30 4.31809e-28
2.95017e-11 6.37749e-30 4.25337e-28
2.96346e-11 6.28464e-30 4.1896e-28
2.9768e-11 6.19316e-30 4.12675e-28
2.99021e-11 6.10302e-30 4.06482e-28
3.00368e-11 6.0142e-30 4.00379e-28
3.0172e-11 5.92669e-30 3.94365e-28
3.03079e-11 5.84047e-30 3.88438e-28
3.04444e-11 5.75552e-30 3.82598e-28
3.05815e-11 5.67181e-30 3.76842e-28
3.07193e-11 5.58933e-30 3.7117e-28
3.08576e-11 5.50807e-30 3.65581e-28
3.09966e-11 5.428e-30 3.60073e-28
3.11362e-11 5.3491e-30 3.54645e-28
3.12764e-11 5.27137e-30 3.49296e-28
3.14173e-11 5.19478e-30 3.44024e-28
3.15588e-11 5.11931e-30 3.3883e-28
3.17009e-11 5.04496e-30 3.3371e-28
3.18437e-11 4.97169e-30 3.28665e-28
3.19871e-11 4.8995e-30 3.23694e-28
3.21312e-11 4.82838e-30 3.18794e-28
3.22759e-11 4.75829e-30 3.13966e-28
3.24212e-11 4.68924e-30 3.09208e-28
3.25672e-11 4.6212e-30 3.04518e-28
3.27139e-11 4.55416e-30 2.99897e-28
3.28612e-11 4.48811e-30 2.95343e-28
3.30092e-11 4.42302e-30 2.90855e-28
3.31579e-11 4.35889e-30 2.86432e-28
3.33072e-11 4.29571e-30 2.82073e-28
3.34573e-11 4.23345e-30 2.77777e-28
3.36079e-11 4.1721e-30 2.73544e-28
3.37593e-11 4.11166e-30 2.69372e-28
3.39113e-11 4.0521e-30 2.6526e-28
3.40641e-11 3.99342e-30 2.61208e-28
3.42175e-11 3.9356e-30 2.57214e-28
3.43716e-11 3.87863e-30 2.53279e-28
3.45264e-11 3.82249e-30 2.494e-28
3.46819e-11 3.76718e-30 2.45578e-28
3.48381e-11 3.71268e-30 2.41811e-28
3.4995e-11 3.65898e-30 2.38098e-28
3.51526e-11 3.60607e-30 2.34439e-28
3.53109e-11 3.55393e-30 2.30833e-28
3.54699e-11 3.50256e-30 2.27279e-28
3.56297e-11 3.45194e-30 2.23776e-28
3.57901e-11 3.40207e-30 2.20324e-28
3.59513e-11 3.35293e-30 2.16922e-28
3.61132e-11 3.3045e-30 2.13569e-28
3.62759e-11 3.25679e-30 2.10265e-28
3.64393e-11 3.20978e-30 2.07008e-28
3.66034e-11 3.16345e-30 2.03798e-28
3.67682e-11 3.11781e-30 2.00635e-28
3.69338e-11 3.07283e-30 1.97517e-28
3.71002e-11 3.02852e-30 1.94444e-28
3.72672e-11 2.98485e-30 1.91416e-28
3.74351e-11 2.94182e-30 1.88431e-28
3.76037e-11 2.89943e-30 1.85489e-28
3.7773e-11 2.85765e-30 1.8259e-28
3.79432e-11 2.81649e-30 1.79732e-28
3.8114e-11 2.77593e-30 1.76915e-28
3.82857e-11 2.73596e-30 1.7414e-28
3.84581e-11 2.69658e-30 1.71404e-28
3.86313e-11 2.65777e-30 1.68707e-28
3.88053e-11 2.61954e-30 1.66049e-28
3.89801e-11 2.58186e-30 1.6343e-28
3.91556e-11 2.54473e-30 1.60848e-28
3.9332e-11 2.50815e-30 1.58303e-28
3.95091e-11 2.4721e-30 1.55795e-28
3.96871e-11 2.43658e-30 1.53323e-28
3.98658e-11 2.40158e-30 1.50886e-28
4.00453e-11 2.36709e-30 1.48485e-28
4.02257e-11 2.33311e-30 1.46118e-28
4.04069e-11 2.29962e-30 1.43784e-28
4.05888e-11 2.26663e-30 1.41485e-28
4.07716e-11 2.23411e-30 1.39218e-28
4.09553e-11 2.20207e-30 1.36984e-28
4.11397e-11 2.1705e-30 1.34782e-28
4.1325e-11 2.13939e-30 1.32612e-28
4.15111e-11 2.10873e-30 1.30472e-28
4.16981e-11 2.07852e-30 1.28363e-28
4.18859e-11 2.04876e-30 1.26285e-28
4.20745e-11 2.01943e-30 1.24236e-28
4.2264e-11 1.99052e-30 1.22217e-28
4.24543e-11 1.96204e-30 1.20226e-28
4.26455e-11 1.93397e-30 1.18264e-28
4.28376e-11 1.90632e-30 1.1633e-28
4.30305e-11 1.87906e-30 1.14424e-28
4.32243e-11 1.85221e-30 1.12545e-28
4.3419e-11 1.82574e-30 1.10693e-28
4.36146e-11 1.79966e-30 1.08867e-28
4.3811e-11 1.77397e-30 1.07067e-28
4.40083e-11 1.74864e-30 1.05293e-28
4.42065e-11 1.72369e-30 1.03545e-28
4.44056e-11 1.6991e-30 1.01821e-28
4.46056e-11 1.67486e-30 1.00122e-28
4.48065e-11 1.65099e-30 9.84469e-29
4.50083e-11 1.62745e-30 9.67959e-29
4.5211e-11 1.60426e-30 9.51685e-29
4.54146e-11 1.58141e-30 9.35642e-29
4.56191e-11 1.55889e-30 9.19828e-29
4.58246e-11 1.5367e-30 9.04239e-29
4.6031e-11 1.51483e-30 8.88872e-29
4.62383e-11 1.49328e-30 8.73724e-29
4.64465e-11 1.47205e-30 8.58791e-29
4.66557e-11 1.45112e-30 8.44071e-29
4.68658e-11 1.4305e-30 8.29559e-29
4.70769e-11 1.41017e-30 8.15254e-29
4.72889e-11 1.39014e-30 8.01153e-29
4.75019e-11 1.3704e-30 7.87251e-29
4.77158e-11 1.35095e-30 7.73547e-29
4.79307e-11 1.33178e-30 7.60038e-29
4.81466e-11 1.31289e-30 7.4672e-29
4.83634e-11 1.29428e-30 7.33591e-29
4.85812e-11 1.27593e-30 7.20648e-29
4.88e-11 1.25785e-30 7.07889e-29
4.90198e-11 1.24004e-30 6.9531e-29
4.92406e-11 1.22248e-30 6.8291e-29
4.94623e-11 1.20517e-30 6.70685e-29
4.96851e-11 1.18812e-30 6.58633e-29
4.99089e-11 1.17131e-30 6.46752e-29
5.01336e-11 1.15475e-30 6.35039e-29
5.03594e-11 1.13843e-30 6.23492e-29
5.05862e-11 1.12234e-30 6.12107e-29
5.08141e-11 1.10649e-30 6.00884e-29
5.10429e-11 1.09086e-30 5.89819e-29
5.12728e-11 1.07546e-30 5.78911e-29
5.15037e-11 1.06029e-30 5.68156e-29
5.17357e-11 1.04533e-30 5.57553e-29
5.19687e-11 1.03059e-30 5.471e-29
5.22027e-11 1.01607e-30 5.36794e-29
5.24378e-11 1.00175e-30 5.26633e-29
5.2674e-11 9.8764e-31 5.16616e-29
5.29112e-11 9.73734e-31 5.06739e-29
5.31495e-11 9.60029e-31 4.97002e-29
5.33889e-11 9.46522e-31 4.87402e-29
5.36293e-11 9.33209e-31 4.77936e-29
5.38709e-11 9.20089e-31 4.68604e-29
5.41135e-11 9.07159e-31 4.59403e-29
5.43572e-11 8.94415e-31 4.50332e-29
5.4602e-11 8.81854e-31 4.41388e-29
5.48479e-11 8.69475e-31 4.32569e-29
5.50949e-11 8.57274e-31 4.23874e-29
5.53431e-11 8.45248e-31 4.15302e-29
5.55923e-11 8.33396e-31 4.06849e-29
5.58427e-11 8.21715e-31 3.98515e-29
5.60942e-11 8.10202e-31 3.90298e-29
5.63468e-11 7.98854e-31 3.82196e-29
5.66006e-11 7.8767e-31 3.74208e-29
5.68555e-11 7.76647e-31 3.66331e-29
5.71116e-11 7.65782e-31 3.58564e-29
5.73688e-11 7.55073e-31 3.50907e-29
5.76272e-11 7.44518e-31 3.43356e-29
5.78867e-11 7.34115e-31 3.35911e-29
5.81474e-11 7.23861e-31 3.28569e-29
5.84093e-11 7.13755e-31 3.21331e-29
5.86723e-11 7.03793e-31 3.14193e-29
5.89366e-11 6.93975e-31 3.07155e-29
5.9202e-11 6.84297e-31 3.00216e-29
5.94686e-11 6.74758e-31 2.93373e-29
5.97365e-11 6.65356e-31 2.86625e-29
6.00055e-11 6.56089e-31 2.79971e-29
6.02758e-11 6.46954e-31 2.73411e-29
6.05472e-11 6.3795e-31 2.66941e-29
6.08199e-11 6.29076e-31 2.60562e-29
6.10938e-11 6.20328e-31 2.54271e-29
6.1369e-11 6.11705e-31 2.48068e-29
6.16454e-11 6.03206e-31 2.4195e-29
6.1923e-11 5.94828e-31 2.35918e-29
6.22019e-11 5.8657e-31 2.2997e-29
6.2482e-11 5.7843e-31 2.24104e-29
6.27634e-11 5.70406e-31 2.1832e-29
6.30461e-11 5.62497e-31 2.12616e-29
6.333e-11 5.54701e-31 2.06991e-29
6.36152e-11 5.47016e-31 2.01444e-29
6.39017e-11 5.39441e-31 1.95974e-29
6.41895e-11 5.31973e-31 1.9058e-29
6.44786e-11 5.24613e-31 1.8526e-29
6.4769e-11 5.17357e-31 1.80014e-29
6.50607e-11 5.10204e-31 1.7484e-29
6.53537e-11 5.03154e-31 1.69738e-29
6.56481e-11 4.96203e-31 1.64707e-29
6.59437e-11 4.89352e-31 1.59744e-29
6.62407e-11 4.82598e-31 1.54851e-29
6.65391e-11 4.7594e-31 1.50025e-29
6.68387e-11 4.69377e-31 1.45266e-29
6.71398e-11 4.62907e-31 1.40572e-29
6.74421e-11 4.5653e-31 1.35943e-29
6.77459e-11 4.50242e-31 1.31377e-29
6.8051e-11 4.44044e-31 1.26875e-29
6.83575e-11 4.37934e-31 1.22435e-29
6.86653e-11 4.31911e-31 1.18055e-29
6.89746e-11 4.25973e-31 1.13736e-29
6.92852e-11 4.20119e-31 1.09476e-29
6.95973e-11 4.14348e-31 1.05275e-29
6.99107e-11 4.08659e-31 1.01132e-29
7.02256e-11 4.03051e-31 9.70451e-30
7.05418e-11 3.97522e-31 9.30146e-30
7.08595e-11 3.92071e-31 8.90394e-30
7.11787e-11 3.86698e-31 8.51187e-30
7.14992e-11 3.814e-31 8.12517e-30
7.18212e-11 3.76177e-31 7.74377e-30
7.21447e-11 3.71028e-31 7.36759e-30
7.24696e-11 3.65952e-31 6.99657e-30
7.2796e-11 3.60947e-31 6.63061e-30
7.31239e-11 3.56013e-31 6.26967e-30
7.34532e-11 3.51149e-31 5.91365e-30
7.3784e-11 3.46353e-31 5.5625e-30
7.41163e-11 3.41625e-31 5.21615e-30
7.44501e-11 3.36964e-31 4.87453e-30
7.47854e-11 3.32368e-31 4.53756e-30
7.51222e-11 3.27837e-31 4.20519e-30
7.54605e-11 3.2337e-31 3.87736e-30
7.58004e-11 3.18965e-31 3.55399e-30
7.61418e-11 3.14623e-31 3.23502e-30
7.64847e-11 3.10341e-31 2.9204e-30
7.68292e-11 3.0612e-31 2.61006e-30
7.71752e-11 3.01958e-31 2.30394e-30
7.75228e-11 2.97855e-31 2.00198e-30
7.78719e-11 2.93809e-31 1.70412e-30
7.82226e-11 2.8982e-31 1.41032e-30
7.85749e-11 2.85887e-31 1.1205e-30
7.89288e-11 2.82009e-31 8.34609e-31
7.92842e-11 2.78185e-31 5.526e-31
7.96413e-11 2.74415e-31 2.74415e-31
