1e-14 9.36798e-30 3.3072e-22
1.0045e-14 9.68408e-30 3.3072e-22
1.00903e-14 1.00103e-29 3.3072e-22
1.01357e-14 1.03471e-29 3.3072e-22
1.01814e-14 1.06946e-29 3.3072e-22
1.02272e-14 1.10532e-29 3.3072e-22
1.02733e-14 1.14232e-29 3.3072e-22
1.03196e-14 1.18051e-29 3.3072e-22
1.0366e-14 1.21991e-29 3.3072e-22
1.04127e-14 1.26056e-29 3.3072e-22
1.04596e-14 1.3025e-29 3.3072e-22
1.05067e-14 1.34576e-29 3.3072e-22
1.0554e-14 1.39039e-29 3.3072e-22
1.06016e-14 1.43643e-29 3.3072e-22
1.06493e-14 1.48392e-29 3.3072e-22
1.06973e-14 1.5329e-29 3.3072e-22
1.07455e-14 1.58341e-29 3.3072e-22
1.07938e-14 1.63551e-29 3.3072e-22
1.08425e-14 1.68923e-29 3.3072e-22
1.08913e-14 1.74463e-29 3.3072e-22
1.09403e-14 1.80176e-29 3.3072e-22
1.09896e-14 1.86066e-29 3.3072e-22
1.10391e-14 1.92139e-29 3.3072e-22
1.10888e-14 1.98401e-29 3.3072e-22
1.11388e-14 2.04855e-29 3.3072e-22
1.11889e-14 2.1151e-29 3.3072e-22
1.12393e-14 2.18369e-29 3.3072e-22
1.12899e-14 2.25439e-29 3.3072e-22
1.13408e-14 2.32726e-29 3.3072e-22
1.13919e-14 2.40237e-29 3.3072e-22
1.14432e-14 2.47977e-29 3.3072e-22
1.14947e-14 2.55954e-29 3.3072e-22
1.15465e-14 2.64174e-29 3.3072e-22
1.15985e-14 2.72644e-29 3.30719e-22
1.16507e-14 2.81371e-29 3.30719e-22
1.17032e-14 2.90363e-29 3.30719e-22
1.17559e-14 2.99627e-29 3.30719e-22
1.18088e-14 3.09172e-29 3.30719e-22
1.1862e-14 3.19004e-29 3.30719e-22
1.19154e-14 3.29132e-29 3.30719e-22
1.19691e-14 3.39564e-29 3.30719e-22
1.2023e-14 3.50309e-29 3.30719e-22
1.20772e-14 3.61376e-29 3.30719e-22
1.21316e-14 3.72774e-29 3.30719e-22
1.21862e-14 3.84511e-29 3.30719e-22
1.22411e-14 3.96598e-29 3.30719e-22
1.22962e-14 4.09045e-29 3.30719e-22
1.23516e-14 4.21861e-29 3.30719e-22
1.24072e-14 4.35056e-29 3.30719e-22
1.24631e-14 4.48641e-29 3.30719e-22
1.25192e-14 4.62627e-29 3.30719e-22
1.25756e-14 4.77025e-29 3.30719e-22
1.26322e-14 4.91846e-29 3.30719e-22
1.26891e-14 5.07102e-29 3.30719e-22
1.27463e-14 5.22804e-29 3.30719e-22
1.28037e-14 5.38966e-29 3.30719e-22
1.28613e-14 5.55599e-29 3.30719e-22
1.29193e-14 5.72717e-29 3.30719e-22
1.29775e-14 5.90332e-29 3.30718e-22
1.30359e-14 6.08458e-29 3.30718e-22
1.30946e-14 6.27109e-29 3.30718e-22
1.31536e-14 6.46299e-29 3.30718e-22
1.32128e-14 6.66042e-29 3.30718e-22
1.32723e-14 6.86354e-29 3.30718e-22
1.33321e-14 7.0725e-29 3.30718e-22
1.33922e-14 7.28745e-29 3.30718e-22
1.34525e-14 7.50856e-29 3.30718e-22
1.35131e-14 7.73598e-29 3.30718e-22
1.35739e-14 7.96989e-29 3.30718e-22
1.3635e-14 8.21046e-29 3.30718e-22
1.36965e-14 8.45786e-29 3.30718e-22
1.37581e-14 8.71228e-29 3.30718e-22
1.38201e-14 8.9739e-29 3.30717e-22
1.38823e-14 9.24291e-29 3.30717e-22
1.39449e-14 9.5195e-29 3.30717e-22
1.40077e-14 9.80387e-29 3.30717e-22
1.40708e-14 1.00962e-28 3.30717e-22
1.41341e-14 1.03968e-28 3.30717e-22
1.41978e-14 1.07058e-28 3.30717e-22
1.42617e-14 1.10233e-28 3.30717e-22
1.4326e-14 1.13498e-28 3.30717e-22
1.43905e-14 1.16853e-28 3.30717e-22
1.44553e-14 1.20301e-28 3.30716e-22
1.45204e-14 1.23845e-28 3.30716e-22
1.45858e-14 1.27487e-28 3.30716e-22
1.46515e-14 1.31229e-28 3.30716e-22
1.47175e-14 1.35075e-28 3.30716e-22
1.47837e-14 1.39026e-28 3.30716e-22
1.48503e-14 1.43085e-28 3.30716e-22
1.49172e-14 1.47255e-28 3.30716e-22
1.49844e-14 1.5154e-28 3.30715e-22
1.50519e-14 1.55941e-28 3.30715e-22
1.51197e-14 1.60462e-28 3.30715e-22
1.51878e-14 1.65106e-28 3.30715e-22
1.52562e-14 1.69876e-28 3.30715e-22
1.53249e-14 1.74774e-28 3.30715e-22
1.53939e-14 1.79805e-28 3.30714e-22
1.54632e-14 1.84972e-28 3.30714e-22
1.55329e-14 1.90277e-28 3.30714e-22
1.56028e-14 1.95724e-28 3.30714e-22
1.56731e-14 2.01318e-28 3.30714e-22
1.57437e-14 2.07061e-28 3.30713e-22
1.58146e-14 2.12957e-28 3.30713e-22
1.58858e-14 2.1901e-28 3.30713e-22
1.59573e-14 2.25224e-28 3.30713e-22
1.60292e-14 2.31602e-28 3.30713e-22
1.61014e-14 2.38149e-28 3.30712e-22
1.61739e-14 2.44869e-28 3.30712e-22
1.62468e-14 2.51766e-28 3.30712e-22
1.63199e-14 2.58844e-28 3.30712e-22
1.63934e-14 2.66108e-28 3.30711e-22
1.64673e-14 2.73562e-28 3.30711e-22
1.65414e-14 2.81211e-28 3.30711e-22
1.66159e-14 2.89059e-28 3.30711e-22
1.66908e-14 2.97111e-28 3.3071e-22
1.67659e-14 3.05372e-28 3.3071e-22
1.68414e-14 3.13847e-28 3.3071e-22
1.69173e-14 3.22541e-28 3.30709e-22
1.69935e-14 3.3146e-28 3.30709e-22
1.707e-14 3.40608e-28 3.30709e-22
1.71469e-14 3.49991e-28 3.30708e-22
1.72241e-14 3.59614e-28 3.30708e-22
1.73017e-14 3.69484e-28 3.30708e-22
1.73796e-14 3.79605e-28 3.30707e-22
1.74579e-14 3.89985e-28 3.30707e-22
1.75365e-14 4.00628e-28 3.30706e-22
1.76155e-14 4.1154e-28 3.30706e-22
1.76948e-14 4.22729e-28 3.30706e-22
1.77745e-14 4.34201e-28 3.30705e-22
1.78546e-14 4.45962e-28 3.30705e-22
1.7935e-14 4.58018e-28 3.30704e-22
1.80158e-14 4.70376e-28 3.30704e-22
1.80969e-14 4.83045e-28 3.30703e-22
1.81784e-14 4.96029e-28 3.30703e-22
1.82603e-14 5.09337e-28 3.30702e-22
1.83425e-14 5.22976e-28 3.30702e-22
1.84251e-14 5.36953e-28 3.30701e-22
1.85081e-14 5.51277e-28 3.30701e-22
1.85914e-14 5.65954e-28 3.307e-22
1.86752e-14 5.80993e-28 3.307e-22
1.87593e-14 5.96402e-28 3.30699e-22
1.88438e-14 6.1219e-28 3.30699e-22
1.89286e-14 6.28363e-28 3.30698e-22
1.90139e-14 6.44932e-28 3.30697e-22
1.90995e-14 6.61905e-28 3.30697e-22
1.91855e-14 6.79291e-28 3.30696e-22
1.92719e-14 6.97099e-28 3.30695e-22
1.93587e-14 7.15337e-28 3.30695e-22
1.94459e-14 7.34017e-28 3.30694e-22
1.95335e-14 7.53147e-28 3.30693e-22
1.96215e-14 7.72737e-28 3.30692e-22
1.97098e-14 7.92797e-28 3.30692e-22
1.97986e-14 8.13337e-28 3.30691e-22
1.98878e-14 8.34368e-28 3.3069e-22
1.99774e-14 8.559e-28 3.30689e-22
2.00673e-14 8.77944e-28 3.30688e-22
2.01577e-14 9.00512e-28 3.30688e-22
2.02485e-14 9.23613e-28 3.30687e-22
2.03397e-14 9.4726e-28 3.30686e-22
2.04313e-14 9.71464e-28 3.30685e-22
2.05233e-14 9.96237e-28 3.30684e-22
2.06157e-14 1.02159e-27 3.30683e-22
2.07086e-14 1.04754e-27 3.30682e-22
2.08018e-14 1.07409e-27 3.30681e-22
2.08955e-14 1.10126e-27 3.3068e-22
2.09896e-14 1.12907e-27 3.30679e-22
2.10842e-14 1.15751e-27 3.30677e-22
2.11791e-14 1.18662e-27 3.30676e-22
2.12745e-14 1.2164e-27 3.30675e-22
2.13703e-14 1.24686e-27 3.30674e-22
2.14666e-14 1.27802e-27 3.30673e-22
2.15632e-14 1.3099e-27 3.30671e-22
2.16604e-14 1.3425e-27 3.3067e-22
2.17579e-14 1.37585e-27 3.30669e-22
2.18559e-14 1.40995e-27 3.30667e-22
2.19543e-14 1.44483e-27 3.30666e-22
2.20532e-14 1.4805e-27 3.30664e-22
2.21525e-14 1.51698e-27 3.30663e-22
2.22523e-14 1.55427e-27 3.30661e-22
2.23525e-14 1.59241e-27 3.3066e-22
2.24532e-14 1.6314e-27 3.30658e-22
2.25543e-14 1.67126e-27 3.30657e-22
2.26559e-14 1.71201e-27 3.30655e-22
2.27579e-14 1.75367e-27 3.30653e-22
2.28604e-14 1.79625e-27 3.30652e-22
2.29634e-14 1.83978e-27 3.3065e-22
2.30668e-14 1.88426e-27 3.30648e-22
2.31707e-14 1.92973e-27 3.30646e-22
2.3275e-14 1.9762e-27 3.30644e-22
2.33799e-14 2.02369e-27 3.30642e-22
2.34852e-14 2.07221e-27 3.3064e-22
2.35909e-14 2.1218e-27 3.30638e-22
2.36972e-14 2.17246e-27 3.30636e-22
2.38039e-14 2.22422e-27 3.30634e-22
2.39111e-14 2.27711e-27 3.30631e-22
2.40188e-14 2.33113e-27 3.30629e-22
2.4127e-14 2.38633e-27 3.30627e-22
2.42356e-14 2.4427e-27 3.30624e-22
2.43448e-14 2.50029e-27 3.30622e-22
2.44544e-14 2.55911e-27 3.3062e-22
2.45646e-14 2.61918e-27 3.30617e-22
2.46752e-14 2.68053e-27 3.30614e-22
2.47863e-14 2.74318e-27 3.30612e-22
2.4898e-14 2.80716e-27 3.30609e-22
2.50101e-14 2.87249e-27 3.30606e-22
2.51227e-14 2.93919e-27 3.30603e-22
2.52359e-14 3.0073e-27 3.306e-22
2.53495e-14 3.07683e-27 3.30597e-22
2.54637e-14 3.14782e-27 3.30594e-22
2.55784e-14 3.22028e-27 3.30591e-22
2.56936e-14 3.29425e-27 3.30588e-22
2.58093e-14 3.36976e-27 3.30585e-22
2.59255e-14 3.44683e-27 3.30581e-22
2.60423e-14 3.52548e-27 3.30578e-22
2.61596e-14 3.60575e-27 3.30574e-22
2.62774e-14 3.68767e-27 3.30571e-22
2.63957e-14 3.77127e-27 3.30567e-22
2.65146e-14 3.85657e-27 3.30563e-22
2.6634e-14 3.94361e-27 3.30559e-22
2.6754e-14 4.03241e-27 3.30555e-22
2.68745e-14 4.12302e-27 3.30551e-22
2.69955e-14 4.21545e-27 3.30547e-22
2.71171e-14 4.30974e-27 3.30543e-22
2.72392e-14 4.40592e-27 3.30539e-22
2.73619e-14 4.50403e-27 3.30534e-22
2.74851e-14 4.6041e-27 3.3053e-22
2.76089e-14 4.70617e-27 3.30525e-22
2.77332e-14 4.81026e-27 3.3052e-22
2.78581e-14 4.91641e-27 3.30516e-22
2.79836e-14 5.02466e-27 3.30511e-22
2.81096e-14 5.13504e-27 3.30506e-22
2.82362e-14 5.24758e-27 3.30501e-22
2.83634e-14 5.36234e-27 3.30495e-22
2.84912e-14 5.47933e-27 3.3049e-22
2.86195e-14 5.5986e-27 3.30484e-22
2.87484e-14 5.72019e-27 3.30479e-22
2.88778e-14 5.84414e-27 3.30473e-22
2.90079e-14 5.97048e-27 3.30467e-22
2.91385e-14 6.09925e-27 3.30461e-22
2.92698e-14 6.23049e-27 3.30455e-22
2.94016e-14 6.36425e-27 3.30449e-22
2.9534e-14 6.50057e-27 3.30443e-22
2.9667e-14 6.63948e-27 3.30436e-22
2.98006e-14 6.78102e-27 3.3043e-22
2.99348e-14 6.92525e-27 3.30423e-22
3.00697e-14 7.0722e-27 3.30416e-22
3.02051e-14 7.22191e-27 3.30409e-22
3.03411e-14 7.37444e-27 3.30402e-22
3.04778e-14 7.52982e-27 3.30394e-22
3.0615e-14 7.6881e-27 3.30387e-22
3.07529e-14 7.84932e-27 3.30379e-22
3.08914e-14 8.01353e-27 3.30371e-22
3.10305e-14 8.18079e-27 3.30363e-22
3.11703e-14 8.35112e-27 3.30355e-22
3.13107e-14 8.52459e-27 3.30347e-22
3.14517e-14 8.70124e-27 3.30338e-22
3.15933e-14 8.88112e-27 3.30329e-22
3.17356e-14 9.06427e-27 3.3032e-22
3.18786e-14 9.25075e-27 3.30311e-22
3.20221e-14 9.44062e-27 3.30302e-22
3.21663e-14 9.6339e-27 3.30293e-22
3.23112e-14 9.83067e-27 3.30283e-22
3.24567e-14 1.0031e-26 3.30273e-22
3.26029e-14 1.02349e-26 3.30263e-22
3.27497e-14 1.04424e-26 3.30253e-22
3.28972e-14 1.06536e-26 3.30243e-22
3.30454e-14 1.08686e-26 3.30232e-22
3.31942e-14 1.10873e-26 3.30221e-22
3.33437e-14 1.13099e-26 3.3021e-22
3.34939e-14 1.15365e-26 3.30199e-22
3.36447e-14 1.17669e-26 3.30187e-22
3.37963e-14 1.20015e-26 3.30175e-22
3.39485e-14 1.22401e-26 3.30163e-22
3.41014e-14 1.24828e-26 3.30151e-22
3.42549e-14 1.27297e-26 3.30139e-22
3.44092e-14 1.29809e-26 3.30126e-22
3.45642e-14 1.32364e-26 3.30113e-22
3.47199e-14 1.34963e-26 3.301e-22
3.48762e-14 1.37606e-26 3.30086e-22
3.50333e-14 1.40294e-26 3.30072e-22
3.51911e-14 1.43028e-26 3.30058e-22
3.53496e-14 1.45808e-26 3.30044e-22
3.55088e-14 1.48635e-26 3.30029e-22
3.56687e-14 1.51509e-26 3.30015e-22
3.58293e-14 1.54432e-26 3.29999e-22
3.59907e-14 1.57403e-26 3.29984e-22
3.61528e-14 1.60424e-26 3.29968e-22
3.63156e-14 1.63494e-26 3.29952e-22
3.64792e-14 1.66616e-26 3.29936e-22
3.66435e-14 1.69789e-26 3.29919e-22
3.68085e-14 1.73014e-26 3.29902e-22
3.69743e-14 1.76292e-26 3.29885e-22
3.71408e-14 1.79623e-26 3.29867e-22
3.73081e-14 1.83008e-26 3.29849e-22
3.74761e-14 1.86448e-26 3.29831e-22
3.76449e-14 1.89944e-26 3.29812e-22
3.78144e-14 1.93496e-26 3.29793e-22
3.79847e-14 1.97105e-26 3.29774e-22
3.81558e-14 2.00771e-26 3.29754e-22
3.83276e-14 2.04496e-26 3.29734e-22
3.85002e-14 2.0828e-26 3.29714e-22
3.86736e-14 2.12124e-26 3.29693e-22
3.88478e-14 2.16028e-26 3.29672e-22
3.90228e-14 2.19994e-26 3.2965e-22
3.91985e-14 2.24022e-26 3.29628e-22
3.93751e-14 2.28112e-26 3.29606e-22
3.95524e-14 2.32266e-26 3.29583e-22
3.97305e-14 2.36485e-26 3.2956e-22
3.99095e-14 2.40768e-26 3.29536e-22
4.00892e-14 2.45117e-26 3.29512e-22
4.02698e-14 2.49533e-26 3.29487e-22
4.04511e-14 2.54016e-26 3.29463e-22
4.06333e-14 2.58568e-26 3.29437e-22
4.08163e-14 2.63188e-26 3.29411e-22
4.10001e-14 2.67878e-26 3.29385e-22
4.11848e-14 2.72639e-26 3.29358e-22
4.13703e-14 2.77471e-26 3.29331e-22
4.15566e-14 2.82375e-26 3.29303e-22
4.17437e-14 2.87352e-26 3.29275e-22
4.19317e-14 2.92403e-26 3.29246e-22
4.21206e-14 2.97528e-26 3.29217e-22
4.23103e-14 3.02728e-26 3.29187e-22
4.25008e-14 3.08005e-26 3.29157e-22
4.26922e-14 3.13359e-26 3.29126e-22
4.28845e-14 3.18791e-26 3.29095e-22
4.30777e-14 3.24301e-26 3.29063e-22
4.32717e-14 3.29891e-26 3.2903e-22
4.34666e-14 3.35562e-26 3.28997e-22
4.36623e-14 3.41313e-26 3.28964e-22
4.3859e-14 3.47147e-26 3.2893e-22
4.40565e-14 3.53063e-26 3.28895e-22
4.42549e-14 3.59063e-26 3.2886e-22
4.44542e-14 3.65148e-26 3.28824e-22
4.46544e-14 3.71318e-26 3.28787e-22
4.48555e-14 3.77574e-26 3.2875e-22
4.50575e-14 3.83918e-26 3.28712e-22
4.52605e-14 3.90349e-26 3.28674e-22
4.54643e-14 3.9687e-26 3.28635e-22
4.56691e-14 4.0348e-26 3.28595e-22
4.58748e-14 4.10181e-26 3.28555e-22
4.60814e-14 4.16973e-26 3.28514e-22
4.62889e-14 4.23858e-26 3.28472e-22
4.64974e-14 4.30835e-26 3.2843e-22
4.67068e-14 4.37907e-26 3.28387e-22
4.69171e-14 4.45074e-26 3.28343e-22
4.71284e-14 4.52337e-26 3.28299e-22
4.73407e-14 4.59696e-26 3.28253e-22
4.75539e-14 4.67153e-26 3.28207e-22
4.77681e-14 4.74709e-26 3.28161e-22
4.79832e-14 4.82364e-26 3.28113e-22
4.81993e-14 4.90119e-26 3.28065e-22
4.84164e-14 4.97975e-26 3.28016e-22
4.86344e-14 5.05933e-26 3.27966e-22
4.88535e-14 5.13994e-26 3.27915e-22
4.90735e-14 5.22159e-26 3.27864e-22
4.92945e-14 5.30428e-26 3.27812e-22
4.95165e-14 5.38803e-26 3.27759e-22
4.97395e-14 5.47284e-26 3.27705e-22
4.99635e-14 5.55873e-26 3.2765e-22
5.01886e-14 5.64569e-26 3.27595e-22
5.04146e-14 5.73375e-26 3.27538e-22
5.06416e-14 5.8229e-26 3.27481e-22
5.08697e-14 5.91316e-26 3.27423e-22
5.10988e-14 6.00454e-26 3.27363e-22
5.13289e-14 6.09704e-26 3.27303e-22
5.15601e-14 6.19068e-26 3.27242e-22
5.17923e-14 6.28546e-26 3.27181e-22
5.20256e-14 6.38138e-26 3.27118e-22
5.22599e-14 6.47847e-26 3.27054e-22
5.24953e-14 6.57672e-26 3.26989e-22
5.27317e-14 6.67615e-26 3.26923e-22
5.29692e-14 6.77677e-26 3.26857e-22
5.32077e-14 6.87858e-26 3.26789e-22
5.34474e-14 6.98159e-26 3.2672e-22
5.36881e-14 7.0858e-26 3.2665e-22
5.39299e-14 7.19124e-26 3.26579e-22
5.41728e-14 7.2979e-26 3.26507e-22
5.44167e-14 7.4058e-26 3.26434e-22
5.46618e-14 7.51494e-26 3.2636e-22
5.4908e-14 7.62533e-26 3.26285e-22
5.51553e-14 7.73698e-26 3.26209e-22
5.54037e-14 7.84989e-26 3.26132e-22
5.56532e-14 7.96408e-26 3.26053e-22
5.59039e-14 8.07956e-26 3.25973e-22
5.61556e-14 8.19632e-26 3.25893e-22
5.64085e-14 8.31438e-26 3.25811e-22
5.66626e-14 8.43375e-26 3.25728e-22
5.69178e-14 8.55443e-26 3.25643e-22
5.71741e-14 8.67643e-26 3.25558e-22
5.74316e-14 8.79976e-26 3.25471e-22
5.76903e-14 8.92443e-26 3.25383e-22
5.79501e-14 9.05044e-26 3.25294e-22
5.82111e-14 9.1778e-26 3.25203e-22
5.84732e-14 9.30652e-26 3.25111e-22
5.87366e-14 9.4366e-26 3.25018e-22
5.90011e-14 9.56805e-26 3.24924e-22
5.92668e-14 9.70089e-26 3.24828e-22
5.95338e-14 9.83511e-26 3.24731e-22
5.98019e-14 9.97072e-26 3.24633e-22
6.00712e-14 1.01077e-25 3.24533e-22
6.03418e-14 1.02461e-25 3.24432e-22
6.06135e-14 1.0386e-25 3.2433e-22
6.08865e-14 1.05272e-25 3.24226e-22
6.11607e-14 1.06699e-25 3.24121e-22
6.14362e-14 1.0814e-25 3.24014e-22
6.17129e-14 1.09595e-25 3.23906e-22
6.19908e-14 1.11065e-25 3.23796e-22
6.227e-14 1.12549e-25 3.23685e-22
6.25504e-14 1.14048e-25 3.23572e-22
6.28321e-14 1.15562e-25 3.23458e-22
6.31151e-14 1.1709e-25 3.23343e-22
6.33994e-14 1.18632e-25 3.23226e-22
6.36849e-14 1.2019e-25 3.23107e-22
6.39717e-14 1.21762e-25 3.22987e-22
6.42598e-14 1.2335e-25 3.22865e-22
6.45492e-14 1.24952e-25 3.22742e-22
6.484e-14 1.26569e-25 3.22617e-22
6.5132e-14 1.28201e-25 3.2249e-22
6.54253e-14 1.29848e-25 3.22362e-22
6.572e-14 1.3151e-25 3.22232e-22
6.6016e-14 1.33187e-25 3.22101e-22
6.63133e-14 1.3488e-25 3.21968e-22
6.66119e-14 1.36587e-25 3.21833e-22
6.69119e-14 1.3831e-25 3.21696e-22
6.72133e-14 1.40048e-25 3.21558e-22
6.7516e-14 1.41802e-25 3.21418e-22
6.78201e-14 1.4357e-25 3.21276e-22
6.81255e-14 1.45354e-25 3.21132e-22
6.84323e-14 1.47154e-25 3.20987e-22
6.87405e-14 1.48969e-25 3.2084e-22
6.90501e-14 1.50799e-25 3.20691e-22
6.93611e-14 1.52645e-25 3.2054e-22
6.96735e-14 1.54506e-25 3.20387e-22
6.99873e-14 1.56383e-25 3.20233e-22
7.03025e-14 1.58275e-25 3.20077e-22
7.06191e-14 1.60183e-25 3.19918e-22
7.09371e-14 1.62106e-25 3.19758e-22
7.12566e-14 1.64045e-25 3.19596e-22
7.15775e-14 1.66e-25 3.19432e-22
7.18999e-14 1.6797e-25 3.19266e-22
7.22237e-14 1.69956e-25 3.19098e-22
7.2549e-14 1.71957e-25 3.18928e-22
7.28757e-14 1.73974e-25 3.18756e-22
7.32039e-14 1.76006e-25 3.18582e-22
7.35336e-14 1.78054e-25 3.18406e-22
7.38648e-14 1.80118e-25 3.18228e-22
7.41975e-14 1.82197e-25 3.18048e-22
7.45316e-14 1.84292e-25 3.17866e-22
7.48673e-14 1.86402e-25 3.17681e-22
7.52045e-14 1.88528e-25 3.17495e-22
7.55432e-14 1.90669e-25 3.17307e-22
7.58834e-14 1.92826e-25 3.17116e-22
7.62252e-14 1.94999e-25 3.16923e-22
7.65685e-14 1.97187e-25 3.16728e-22
7.69133e-14 1.9939e-25 3.16531e-22
7.72597e-14 2.01609e-25 3.16331e-22
7.76076e-14 2.03843e-25 3.1613e-22
7.79572e-14 2.06092e-25 3.15926e-22
7.83083e-14 2.08357e-25 3.1572e-22
7.86609e-14 2.10637e-25 3.15512e-22
7.90152e-14 2.12933e-25 3.15301e-22
7.93711e-14 2.15243e-25 3.15088e-22
7.97285e-14 2.17569e-25 3.14873e-22
8.00876e-14 2.1991e-25 3.14655e-22
8.04483e-14 2.22266e-25 3.14435e-22
8.08106e-14 2.24637e-25 3.14213e-22
8.11746e-14 2.27023e-25 3.13988e-22
8.15402e-14 2.29424e-25 3.13761e-22
8.19074e-14 2.3184e-25 3.13532e-22
8.22763e-14 2.34271e-25 3.133e-22
8.26468e-14 2.36716e-25 3.13066e-22
8.3019e-14 2.39176e-25 3.12829e-22
8.33929e-14 2.41651e-25 3.1259e-22
8.37685e-14 2.4414e-25 3.12348e-22
8.41458e-14 2.46644e-25 3.12104e-22
8.45247e-14 2.49162e-25 3.11857e-22
8.49054e-14 2.51695e-25 3.11608e-22
8.52878e-14 2.54241e-25 3.11357e-22
8.56719e-14 2.56802e-25 3.11102e-22
8.60578e-14 2.59377e-25 3.10846e-22
8.64453e-14 2.61966e-25 3.10586e-22
8.68347e-14 2.64569e-25 3.10324e-22
8.72257e-14 2.67186e-25 3.1006e-22
8.76186e-14 2.69817e-25 3.09792e-22
8.80132e-14 2.72461e-25 3.09523e-22
8.84096e-14 2.75118e-25 3.0925e-22
8.88077e-14 2.77789e-25 3.08975e-22
8.92077e-14 2.80474e-25 3.08697e-22
8.96095e-14 2.83171e-25 3.08417e-22
9.00131e-14 2.85882e-25 3.08134e-22
9.04184e-14 2.88605e-25 3.07848e-22
9.08257e-14 2.91342e-25 3.07559e-22
9.12347e-14 2.94091e-25 3.07268e-22
9.16456e-14 2.96853e-25 3.06974e-22
9.20584e-14 2.99627e-25 3.06677e-22
9.2473e-14 3.02414e-25 3.06377e-22
9.28894e-14 3.05213e-25 3.06075e-22
9.33078e-14 3.08024e-25 3.0577e-22
9.3728e-14 3.10847e-25 3.05462e-22
9.41501e-14 3.13682e-25 3.05151e-22
9.45742e-14 3.16529e-25 3.04837e-22
9.50001e-14 3.19387e-25 3.04521e-22
9.54279e-14 3.22256e-25 3.04201e-22
9.58577e-14 3.25137e-25 3.03879e-22
9.62894e-14 3.28029e-25 3.03554e-22
9.67231e-14 3.30932e-25 3.03226e-22
9.71587e-14 3.33845e-25 3.02895e-22
9.75963e-14 3.3677e-25 3.02561e-22
9.80358e-14 3.39704e-25 3.02224e-22
9.84774e-14 3.42649e-25 3.01884e-22
9.89209e-14 3.45605e-25 3.01542e-22
9.93664e-14 3.4857e-25 3.01196e-22
9.98139e-14 3.51545e-25 3.00848e-22
1.00263e-13 3.54529e-25 3.00496e-22
1.00715e-13 3.57524e-25 3.00142e-22
1.01169e-13 3.60527e-25 2.99784e-22
1.01624e-13 3.63539e-25 2.99424e-22
1.02082e-13 3.66561e-25 2.9906e-22
1.02542e-13 3.69591e-25 2.98693e-22
1.03003e-13 3.72629e-25 2.98324e-22
1.03467e-13 3.75676e-25 2.97951e-22
1.03933e-13 3.78731e-25 2.97576e-22
1.04401e-13 3.81794e-25 2.97197e-22
1.04872e-13 3.84865e-25 2.96815e-22
1.05344e-13 3.87943e-25 2.9643e-22
1.05818e-13 3.91029e-25 2.96042e-22
1.06295e-13 3.94121e-25 2.95651e-22
1.06774e-13 3.97221e-25 2.95257e-22
1.07255e-13 4.00327e-25 2.9486e-22
1.07738e-13 4.0344e-25 2.94459e-22
1.08223e-13 4.06559e-25 2.94056e-22
1.0871e-13 4.09685e-25 2.9365e-22
1.092e-13 4.12816e-25 2.9324e-22
1.09692e-13 4.15952e-25 2.92827e-22
1.10186e-13 4.19094e-25 2.92411e-22
1.10682e-13 4.22241e-25 2.91992e-22
1.1118e-13 4.25393e-25 2.9157e-22
1.11681e-13 4.2855e-25 2.91144e-22
1.12184e-13 4.31712e-25 2.90716e-22
1.12689e-13 4.34877e-25 2.90284e-22
1.13197e-13 4.38046e-25 2.89849e-22
1.13707e-13 4.4122e-25 2.89411e-22
1.14219e-13 4.44396e-25 2.8897e-22
1.14733e-13 4.47576e-25 2.88526e-22
1.1525e-13 4.50759e-25 2.88078e-22
1.15769e-13 4.53945e-25 2.87627e-22
1.1629e-13 4.57134e-25 2.87173e-22
1.16814e-13 4.60324e-25 2.86716e-22
1.1734e-13 4.63517e-25 2.86256e-22
1.17869e-13 4.66711e-25 2.85792e-22
1.18399e-13 4.69907e-25 2.85326e-22
1.18933e-13 4.73104e-25 2.84856e-22
1.19468e-13 4.76302e-25 2.84383e-22
1.20006e-13 4.79501e-25 2.83906e-22
1.20547e-13 4.827e-25 2.83427e-22
1.2109e-13 4.85899e-25 2.82944e-22
1.21635e-13 4.89099e-25 2.82458e-22
1.22183e-13 4.92298e-25 2.81969e-22
1.22733e-13 4.95496e-25 2.81477e-22
1.23286e-13 4.98694e-25 2.80981e-22
1.23841e-13 5.0189e-25 2.80483e-22
1.24399e-13 5.05085e-25 2.79981e-22
1.24959e-13 5.08278e-25 2.79476e-22
1.25522e-13 5.11469e-25 2.78967e-22
1.26087e-13 5.14658e-25 2.78456e-22
1.26655e-13 5.17845e-25 2.77941e-22
1.27226e-13 5.21028e-25 2.77423e-22
1.27799e-13 5.24209e-25 2.76902e-22
1.28374e-13 5.27386e-25 2.76378e-22
1.28952e-13 5.30559e-25 2.75851e-22
1.29533e-13 5.33728e-25 2.7532e-22
1.30116e-13 5.36894e-25 2.74786e-22
1.30702e-13 5.40054e-25 2.7425e-22
1.31291e-13 5.4321e-25 2.73709e-22
1.31882e-13 5.46361e-25 2.73166e-22
1.32476e-13 5.49506e-25 2.7262e-22
1.33073e-13 5.52646e-25 2.7207e-22
1.33672e-13 5.5578e-25 2.71518e-22
1.34274e-13 5.58907e-25 2.70962e-22
1.34879e-13 5.62028e-25 2.70403e-22
1.35487e-13 5.65142e-25 2.69841e-22
1.36097e-13 5.68249e-25 2.69276e-22
1.3671e-13 5.71348e-25 2.68708e-22
1.37325e-13 5.7444e-25 2.68136e-22
1.37944e-13 5.77524e-25 2.67562e-22
1.38565e-13 5.80599e-25 2.66984e-22
1.39189e-13 5.83666e-25 2.66404e-22
1.39816e-13 5.86724e-25 2.6582e-22
1.40446e-13 5.89772e-25 2.65233e-22
1.41078e-13 5.92812e-25 2.64644e-22
1.41714e-13 5.95841e-25 2.64051e-22
1.42352e-13 5.9886e-25 2.63455e-22
1.42993e-13 6.01869e-25 2.62856e-22
1.43637e-13 6.04868e-25 2.62254e-22
1.44284e-13 6.07855e-25 2.61649e-22
1.44934e-13 6.10831e-25 2.61041e-22
1.45586e-13 6.13796e-25 2.60431e-22
1.46242e-13 6.16748e-25 2.59817e-22
1.46901e-13 6.19689e-25 2.592e-22
1.47562e-13 6.22617e-25 2.5858e-22
1.48227e-13 6.25532e-25 2.57958e-22
1.48894e-13 6.28435e-25 2.57332e-22
1.49565e-13 6.31324e-25 2.56704e-22
1.50239e-13 6.34199e-25 2.56072e-22
1.50915e-13 6.37061e-25 2.55438e-22
1.51595e-13 6.39908e-25 2.54801e-22
1.52278e-13 6.42741e-25 2.54161e-22
1.52963e-13 6.45559e-25 2.53519e-22
1.53652e-13 6.48363e-25 2.52873e-22
1.54344e-13 6.5115e-25 2.52225e-22
1.5504e-13 6.53923e-25 2.51574e-22
1.55738e-13 6.56679e-25 2.5092e-22
1.56439e-13 6.59419e-25 2.50263e-22
1.57144e-13 6.62143e-25 2.49603e-22
1.57851e-13 6.6485e-25 2.48941e-22
1.58562e-13 6.6754e-25 2.48276e-22
1.59277e-13 6.70213e-25 2.47609e-22
1.59994e-13 6.72868e-25 2.46939e-22
1.60714e-13 6.75505e-25 2.46266e-22
1.61438e-13 6.78124e-25 2.4559e-22
1.62165e-13 6.80725e-25 2.44912e-22
1.62896e-13 6.83307e-25 2.44232e-22
1.63629e-13 6.8587e-25 2.43548e-22
1.64366e-13 6.88414e-25 2.42862e-22
1.65106e-13 6.90939e-25 2.42174e-22
1.6585e-13 6.93443e-25 2.41483e-22
1.66597e-13 6.95928e-25 2.4079e-22
1.67347e-13 6.98393e-25 2.40094e-22
1.68101e-13 7.00837e-25 2.39395e-22
1.68858e-13 7.0326e-25 2.38694e-22
1.69619e-13 7.05662e-25 2.37991e-22
1.70382e-13 7.08043e-25 2.37285e-22
1.7115e-13 7.10402e-25 2.36577e-22
1.71921e-13 7.1274e-25 2.35867e-22
1.72695e-13 7.15056e-25 2.35154e-22
1.73473e-13 7.17349e-25 2.34439e-22
1.74254e-13 7.1962e-25 2.33722e-22
1.75039e-13 7.21868e-25 2.33002e-22
1.75827e-13 7.24093e-25 2.3228e-22
1.76619e-13 7.26295e-25 2.31556e-22
1.77414e-13 7.28473e-25 2.3083e-22
1.78213e-13 7.30628e-25 2.30102e-22
1.79016e-13 7.32759e-25 2.29371e-22
1.79822e-13 7.34866e-25 2.28638e-22
1.80632e-13 7.36948e-25 2.27903e-22
1.81446e-13 7.39006e-25 2.27166e-22
1.82263e-13 7.41039e-25 2.26427e-22
1.83084e-13 7.43046e-25 2.25686e-22
1.83908e-13 7.45029e-25 2.24943e-22
1.84736e-13 7.46986e-25 2.24198e-22
1.85568e-13 7.48918e-25 2.23451e-22
1.86404e-13 7.50824e-25 2.22702e-22
1.87244e-13 7.52703e-25 2.21951e-22
1.88087e-13 7.54557e-25 2.21199e-22
1.88934e-13 7.56384e-25 2.20444e-22
1.89785e-13 7.58184e-25 2.19688e-22
1.9064e-13 7.59958e-25 2.1893e-22
1.91498e-13 7.61704e-25 2.1817e-22
1.92361e-13 7.63424e-25 2.17408e-22
1.93227e-13 7.65116e-25 2.16645e-22
1.94097e-13 7.6678e-25 2.15879e-22
1.94972e-13 7.68417e-25 2.15113e-22
1.9585e-13 7.70026e-25 2.14344e-22
1.96732e-13 7.71606e-25 2.13574e-22
1.97618e-13 7.73159e-25 2.12803e-22
1.98508e-13 7.74683e-25 2.12029e-22
1.99402e-13 7.76179e-25 2.11255e-22
2.003e-13 7.77646e-25 2.10479e-22
2.01202e-13 7.79084e-25 2.09701e-22
2.02108e-13 7.80493e-25 2.08922e-22
2.03018e-13 7.81873e-25 2.08141e-22
2.03933e-13 7.83223e-25 2.0736e-22
2.04851e-13 7.84545e-25 2.06576e-22
2.05774e-13 7.85836e-25 2.05792e-22
2.067e-13 7.87098e-25 2.05006e-22
2.07631e-13 7.88331e-25 2.04219e-22
2.08566e-13 7.89533e-25 2.0343e-22
2.09506e-13 7.90705e-25 2.02641e-22
2.10449e-13 7.91848e-25 2.0185e-22
2.11397e-13 7.92959e-25 2.01058e-22
2.12349e-13 7.94041e-25 2.00265e-22
2.13306e-13 7.95092e-25 1.99471e-22
2.14266e-13 7.96113e-25 1.98676e-22
2.15231e-13 7.97102e-25 1.9788e-22
2.16201e-13 7.98061e-25 1.97083e-22
2.17174e-13 7.9899e-25 1.96285e-22
2.18152e-13 7.99887e-25 1.95486e-22
2.19135e-13 8.00753e-25 1.94686e-22
2.20122e-13 8.01588e-25 1.93885e-22
2.21113e-13 8.02392e-25 1.93084e-22
2.22109e-13 8.03165e-25 1.92281e-22
2.23109e-13 8.03906e-25 1.91478e-22
2.24114e-13 8.04616e-25 1.90674e-22
2.25123e-13 8.05295e-25 1.8987e-22
2.26137e-13 8.05942e-25 1.89064e-22
2.27156e-13 8.06558e-25 1.88258e-22
2.28179e-13 8.07142e-25 1.87452e-22
2.29206e-13 8.07694e-25 1.86645e-22
2.30239e-13 8.08215e-25 1.85837e-22
2.31276e-13 8.08704e-25 1.85029e-22
2.32317e-13 8.09162e-25 1.8422e-22
2.33364e-13 8.09587e-25 1.83411e-22
2.34415e-13 8.09981e-25 1.82601e-22
2.3547e-13 8.10343e-25 1.81791e-22
2.36531e-13 8.10673e-25 1.80981e-22
2.37596e-13 8.10972e-25 1.8017e-22
2.38666e-13 8.11238e-25 1.79359e-22
2.39741e-13 8.11473e-25 1.78548e-22
2.40821e-13 8.11676e-25 1.77737e-22
2.41905e-13 8.11847e-25 1.76925e-22
2.42995e-13 8.11986e-25 1.76113e-22
2.44089e-13 8.12093e-25 1.75301e-22
2.45188e-13 8.12169e-25 1.74489e-22
2.46293e-13 8.12213e-25 1.73677e-22
2.47402e-13 8.12225e-25 1.72865e-22
2.48516e-13 8.12205e-25 1.72053e-22
2.49635e-13 8.12154e-25 1.7124e-22
2.5076e-13 8.1207e-25 1.70428e-22
2.51889e-13 8.11956e-25 1.69616e-22
2.53023e-13 8.11809e-25 1.68804e-22
2.54163e-13 8.11632e-25 1.67992e-22
2.55308e-13 8.11422e-25 1.67181e-22
2.56458e-13 8.11181e-25 1.66369e-22
2.57613e-13 8.10909e-25 1.65558e-22
2.58773e-13 8.10606e-25 1.64747e-22
2.59938e-13 8.10271e-25 1.63937e-22
2.61109e-13 8.09905e-25 1.63126e-22
2.62285e-13 8.09508e-25 1.62316e-22
2.63466e-13 8.0908e-25 1.61507e-22
2.64653e-13 8.08621e-25 1.60698e-22
2.65845e-13 8.08131e-25 1.59889e-22
2.67042e-13 8.0761e-25 1.59081e-22
2.68245e-13 8.07058e-25 1.58273e-22
2.69453e-13 8.06476e-25 1.57466e-22
2.70666e-13 8.05864e-25 1.5666e-22
2.71885e-13 8.0522e-25 1.55854e-22
2.7311e-13 8.04547e-25 1.55049e-22
2.7434e-13 8.03843e-25 1.54244e-22
2.75575e-13 8.0311e-25 1.5344e-22
2.76816e-13 8.02346e-25 1.52637e-22
2.78063e-13 8.01552e-25 1.51835e-22
2.79315e-13 8.00729e-25 1.51033e-22
2.80573e-13 7.99876e-25 1.50233e-22
2.81837e-13 7.98993e-25 1.49433e-22
2.83106e-13 7.98081e-25 1.48634e-22
2.84381e-13 7.9714e-25 1.47836e-22
2.85662e-13 7.9617e-25 1.47039e-22
2.86949e-13 7.95171e-25 1.46242e-22
2.88241e-13 7.94143e-25 1.45447e-22
2.89539e-13 7.93086e-25 1.44653e-22
2.90843e-13 7.92001e-25 1.4386e-22
2.92153e-13 7.90887e-25 1.43068e-22
2.93469e-13 7.89745e-25 1.42277e-22
2.9479e-13 7.88575e-25 1.41487e-22
2.96118e-13 7.87377e-25 1.40699e-22
2.97452e-13 7.86151e-25 1.39911e-22
2.98791e-13 7.84898e-25 1.39125e-22
3.00137e-13 7.83618e-25 1.3834e-22
3.01489e-13 7.8231e-25 1.37557e-22
3.02847e-13 7.80975e-25 1.36774e-22
3.0421e-13 7.79613e-25 1.35994e-22
3.05581e-13 7.78224e-25 1.35214e-22
3.06957e-13 7.76809e-25 1.34436e-22
3.08339e-13 7.75368e-25 1.33659e-22
3.09728e-13 7.739e-25 1.32884e-22
3.11123e-13 7.72407e-25 1.3211e-22
3.12524e-13 7.70887e-25 1.31337e-22
3.13932e-13 7.69342e-25 1.30566e-22
3.15345e-13 7.67772e-25 1.29797e-22
3.16766e-13 7.66176e-25 1.29029e-22
3.18192e-13 7.64556e-25 1.28263e-22
3.19625e-13 7.62911e-25 1.27498e-22
3.21065e-13 7.61241e-25 1.26736e-22
3.22511e-13 7.59546e-25 1.25974e-22
3.23963e-13 7.57828e-25 1.25215e-22
3.25422e-13 7.56086e-25 1.24457e-22
3.26888e-13 7.5432e-25 1.23701e-22
3.2836e-13 7.5253e-25 1.22947e-22
3.29839e-13 7.50717e-25 1.22194e-22
3.31324e-13 7.48881e-25 1.21443e-22
3.32817e-13 7.47022e-25 1.20694e-22
3.34316e-13 7.45141e-25 1.19947e-22
3.35821e-13 7.43237e-25 1.19202e-22
3.37334e-13 7.41311e-25 1.18459e-22
3.38853e-13 7.39363e-25 1.17718e-22
3.40379e-13 7.37393e-25 1.16978e-22
3.41912e-13 7.35402e-25 1.16241e-22
3.43452e-13 7.3339e-25 1.15506e-22
3.44999e-13 7.31356e-25 1.14772e-22
3.46552e-13 7.29302e-25 1.14041e-22
3.48113e-13 7.27227e-25 1.13311e-22
3.49681e-13 7.25132e-25 1.12584e-22
3.51256e-13 7.23017e-25 1.11859e-22
3.52838e-13 7.20882e-25 1.11136e-22
3.54427e-13 7.18728e-25 1.10415e-22
3.56023e-13 7.16554e-25 1.09697e-22
3.57627e-13 7.14361e-25 1.0898e-22
3.59237e-13 7.12149e-25 1.08266e-22
3.60855e-13 7.09919e-25 1.07553e-22
3.6248e-13 7.0767e-25 1.06844e-22
3.64113e-13 7.05404e-25 1.06136e-22
3.65753e-13 7.03119e-25 1.0543e-22
3.674e-13 7.00817e-25 1.04727e-22
3.69055e-13 6.98497e-25 1.04027e-22
3.70717e-13 6.96161e-25 1.03328e-22
3.72386e-13 6.93807e-25 1.02632e-22
3.74063e-13 6.91437e-25 1.01938e-22
3.75748e-13 6.89051e-25 1.01247e-22
3.7744e-13 6.86649e-25 1.00558e-22
3.7914e-13 6.84231e-25 9.98709e-23
3.80848e-13 6.81797e-25 9.91867e-23
3.82563e-13 6.79348e-25 9.85049e-23
3.84286e-13 6.76884e-25 9.78255e-23
3.86017e-13 6.74406e-25 9.71487e-23
3.87755e-13 6.71912e-25 9.64742e-23
3.89502e-13 6.69405e-25 9.58023e-23
3.91256e-13 6.66884e-25 9.51329e-23
3.93018e-13 6.64349e-25 9.4466e-23
3.94788e-13 6.618e-25 9.38017e-23
3.96566e-13 6.59238e-25 9.31399e-23
3.98352e-13 6.56663e-25 9.24807e-23
4.00146e-13 6.54076e-25 9.1824e-23
4.01948e-13 6.51476e-25 9.11699e-23
4.03758e-13 6.48864e-25 9.05184e-23
4.05577e-13 6.4624e-25 8.98696e-23
4.07403e-13 6.43605e-25 8.92233e-23
4.09238e-13 6.40958e-25 8.85797e-23
4.11081e-13 6.383e-25 8.79388e-23
4.12933e-13 6.35631e-25 8.73005e-23
4.14792e-13 6.32952e-25 8.66648e-23
4.16661e-13 6.30262e-25 8.60319e-23
4.18537e-13 6.27562e-25 8.54016e-23
4.20422e-13 6.24853e-25 8.47741e-23
4.22315e-13 6.22133e-25 8.41492e-23
4.24217e-13 6.19405e-25 8.35271e-23
4.26128e-13 6.16667e-25 8.29077e-23
4.28047e-13 6.13921e-25 8.2291e-23
4.29975e-13 6.11166e-25 8.16771e-23
4.31911e-13 6.08403e-25 8.10659e-23
4.33857e-13 6.05632e-25 8.04575e-23
4.35811e-13 6.02853e-25 7.98519e-23
4.37773e-13 6.00067e-25 7.9249e-23
4.39745e-13 5.97273e-25 7.8649e-23
4.41725e-13 5.94472e-25 7.80517e-23
4.43715e-13 5.91665e-25 7.74572e-23
4.45713e-13 5.88851e-25 7.68656e-23
4.47721e-13 5.86031e-25 7.62767e-23
4.49737e-13 5.83205e-25 7.56907e-23
4.51762e-13 5.80373e-25 7.51075e-23
4.53797e-13 5.77536e-25 7.45271e-23
4.55841e-13 5.74693e-25 7.39496e-23
4.57894e-13 5.71845e-25 7.33749e-23
4.59956e-13 5.68993e-25 7.2803e-23
4.62028e-13 5.66136e-25 7.2234e-23
4.64108e-13 5.63275e-25 7.16679e-23
4.66199e-13 5.60409e-25 7.11046e-23
4.68298e-13 5.5754e-25 7.05442e-23
4.70407e-13 5.54668e-25 6.99867e-23
4.72526e-13 5.51792e-25 6.9432e-23
4.74654e-13 5.48913e-25 6.88802e-23
4.76792e-13 5.46031e-25 6.83313e-23
4.78939e-13 5.43146e-25 6.77853e-23
4.81096e-13 5.40259e-25 6.72421e-23
4.83263e-13 5.3737e-25 6.67019e-23
4.85439e-13 5.34479e-25 6.61645e-23
4.87626e-13 5.31587e-25 6.563e-23
4.89822e-13 5.28692e-25 6.50984e-23
4.92028e-13 5.25797e-25 6.45697e-23
4.94244e-13 5.229e-25 6.40439e-23
4.9647e-13 5.20003e-25 6.3521e-23
4.98705e-13 5.17105e-25 6.3001e-23
5.00952e-13 5.14207e-25 6.24839e-23
5.03208e-13 5.11309e-25 6.19697e-23
5.05474e-13 5.0841e-25 6.14584e-23
5.0775e-13 5.05512e-25 6.095e-23
5.10037e-13 5.02614e-25 6.04445e-23
5.12334e-13 4.99718e-25 5.99419e-23
5.14642e-13 4.96822e-25 5.94422e-23
5.16959e-13 4.93927e-25 5.89453e-23
5.19288e-13 4.91033e-25 5.84514e-23
5.21626e-13 4.88141e-25 5.79604e-23
5.23976e-13 4.85251e-25 5.74722e-23
5.26336e-13 4.82362e-25 5.6987e-23
5.28706e-13 4.79476e-25 5.65046e-23
5.31087e-13 4.76592e-25 5.60251e-23
5.33479e-13 4.73711e-25 5.55486e-23
5.35882e-13 4.70832e-25 5.50748e-23
5.38295e-13 4.67956e-25 5.4604e-23
5.40719e-13 4.65083e-25 5.41361e-23
5.43155e-13 4.62214e-25 5.3671e-23
5.45601e-13 4.59348e-25 5.32088e-23
5.48058e-13 4.56486e-25 5.27494e-23
5.50526e-13 4.53627e-25 5.22929e-23
5.53006e-13 4.50773e-25 5.18393e-23
5.55496e-13 4.47922e-25 5.13885e-23
5.57998e-13 4.45076e-25 5.09406e-23
5.60511e-13 4.42235e-25 5.04955e-23
5.63036e-13 4.39398e-25 5.00533e-23
5.65571e-13 4.36566e-25 4.96139e-23
5.68119e-13 4.33739e-25 4.91773e-23
5.70677e-13 4.30917e-25 4.87436e-23
5.73247e-13 4.28101e-25 4.83127e-23
5.75829e-13 4.2529e-25 4.78846e-23
5.78422e-13 4.22485e-25 4.74593e-23
5.81027e-13 4.19686e-25 4.70368e-23
5.83644e-13 4.16893e-25 4.66171e-23
5.86273e-13 4.14106e-25 4.62002e-23
5.88913e-13 4.11325e-25 4.57861e-23
5.91566e-13 4.08551e-25 4.53748e-23
5.9423e-13 4.05783e-25 4.49662e-23
5.96906e-13 4.03022e-25 4.45604e-23
5.99594e-13 4.00268e-25 4.41574e-23
6.02295e-13 3.97521e-25 4.37572e-23
6.05007e-13 3.94781e-25 4.33596e-23
6.07732e-13 3.92049e-25 4.29649e-23
6.10469e-13 3.89324e-25 4.25728e-23
6.13218e-13 3.86606e-25 4.21835e-23
6.1598e-13 3.83897e-25 4.17969e-23
6.18754e-13 3.81195e-25 4.1413e-23
6.21541e-13 3.78501e-25 4.10318e-23
6.2434e-13 3.75815e-25 4.06533e-23
6.27152e-13 3.73137e-25 4.02775e-23
6.29977e-13 3.70468e-25 3.99043e-23
6.32814e-13 3.67807e-25 3.95339e-23
6.35664e-13 3.65155e-25 3.91661e-23
6.38527e-13 3.62511e-25 3.88009e-23
6.41403e-13 3.59877e-25 3.84384e-23
6.44291e-13 3.57251e-25 3.80785e-23
6.47193e-13 3.54634e-25 3.77213e-23
6.50108e-13 3.52026e-25 3.73666e-23
6.53036e-13 3.49428e-25 3.70146e-23
6.55977e-13 3.46839e-25 3.66652e-23
6.58931e-13 3.44259e-25 3.63183e-23
6.61899e-13 3.41689e-25 3.59741e-23
6.6488e-13 3.39128e-25 3.56324e-23
6.67874e-13 3.36577e-25 3.52933e-23
6.70882e-13 3.34036e-25 3.49567e-23
6.73903e-13 3.31505e-25 3.46226e-23
6.76938e-13 3.28984e-25 3.42911e-23
6.79987e-13 3.26473e-25 3.39622e-23
6.8305e-13 3.23972e-25 3.36357e-23
6.86126e-13 3.21482e-25 3.33117e-23
6.89216e-13 3.19002e-25 3.29902e-23
6.9232e-13 3.16532e-25 3.26712e-23
6.95438e-13 3.14073e-25 3.23547e-23
6.9857e-13 3.11624e-25 3.20406e-23
7.01716e-13 3.09186e-25 3.1729e-23
7.04877e-13 3.06758e-25 3.14198e-23
7.08051e-13 3.04342e-25 3.11131e-23
7.1124e-13 3.01936e-25 3.08087e-23
7.14443e-13 2.99541e-25 3.05068e-23
7.17661e-13 2.97157e-25 3.02072e-23
7.20893e-13 2.94784e-25 2.99101e-23
7.2414e-13 2.92422e-25 2.96153e-23
7.27401e-13 2.90072e-25 2.93229e-23
7.30677e-13 2.87732e-25 2.90328e-23
7.33968e-13 2.85404e-25 2.87451e-23
7.37273e-13 2.83087e-25 2.84597e-23
7.40594e-13 2.80782e-25 2.81766e-23
7.43929e-13 2.78488e-25 2.78958e-23
7.4728e-13 2.76205e-25 2.76173e-23
7.50645e-13 2.73934e-25 2.73411e-23
7.54026e-13 2.71675e-25 2.70672e-23
7.57422e-13 2.69427e-25 2.67955e-23
7.60833e-13 2.6719e-25 2.65261e-23
7.6426e-13 2.64966e-25 2.62589e-23
7.67702e-13 2.62753e-25 2.59939e-23
7.71159e-13 2.60552e-25 2.57312e-23
7.74632e-13 2.58362e-25 2.54706e-23
7.78121e-13 2.56185e-25 2.52122e-23
7.81625e-13 2.54019e-25 2.49561e-23
7.85146e-13 2.51865e-25 2.4702e-23
7.88682e-13 2.49723e-25 2.44502e-23
7.92234e-13 2.47593e-25 2.42005e-23
7.95802e-13 2.45475e-25 2.39529e-23
7.99386e-13 2.43369e-25 2.37074e-23
8.02986e-13 2.41275e-25 2.3464e-23
8.06602e-13 2.39193e-25 2.32227e-23
8.10235e-13 2.37123e-25 2.29835e-23
8.13884e-13 2.35065e-25 2.27464e-23
8.1755e-13 2.33019e-25 2.25114e-23
8.21232e-13 2.30985e-25 2.22783e-23
8.2493e-13 2.28964e-25 2.20474e-23
8.28645e-13 2.26954e-25 2.18184e-23
8.32377e-13 2.24956e-25 2.15914e-23
8.36126e-13 2.22971e-25 2.13665e-23
8.39892e-13 2.20998e-25 2.11435e-23
8.43674e-13 2.19037e-25 2.09225e-23
8.47474e-13 2.17088e-25 2.07035e-23
8.51291e-13 2.15151e-25 2.04864e-23
8.55125e-13 2.13226e-25 2.02712e-23
8.58976e-13 2.11313e-25 2.0058e-23
8.62845e-13 2.09413e-25 1.98467e-23
8.66731e-13 2.07524e-25 1.96373e-23
8.70634e-13 2.05648e-25 1.94298e-23
8.74555e-13 2.03784e-25 1.92241e-23
8.78494e-13 2.01932e-25 1.90203e-23
8.82451e-13 2.00092e-25 1.88184e-23
8.86425e-13 1.98264e-25 1.86183e-23
8.90417e-13 1.96449e-25 1.842e-23
8.94427e-13 1.94645e-25 1.82236e-23
8.98455e-13 1.92854e-25 1.80289e-23
9.02502e-13 1.91074e-25 1.78361e-23
9.06566e-13 1.89307e-25 1.7645e-23
9.10649e-13 1.87551e-25 1.74557e-23
9.14751e-13 1.85808e-25 1.72682e-23
9.1887e-13 1.84077e-25 1.70823e-23
9.23009e-13 1.82357e-25 1.68983e-23
9.27166e-13 1.8065e-25 1.67159e-23
9.31341e-13 1.78954e-25 1.65353e-23
9.35536e-13 1.7727e-25 1.63563e-23
9.39749e-13 1.75599e-25 1.6179e-23
9.43982e-13 1.73939e-25 1.60034e-23
9.48233e-13 1.72291e-25 1.58295e-23
9.52504e-13 1.70654e-25 1.56572e-23
9.56793e-13 1.6903e-25 1.54866e-23
9.61103e-13 1.67417e-25 1.53175e-23
9.65431e-13 1.65816e-25 1.51501e-23
9.69779e-13 1.64227e-25 1.49843e-23
9.74147e-13 1.62649e-25 1.48201e-23
9.78534e-13 1.61083e-25 1.46574e-23
9.82941e-13 1.59529e-25 1.44963e-23
9.87368e-13 1.57986e-25 1.43368e-23
9.91815e-13 1.56455e-25 1.41788e-23
9.96282e-13 1.54935e-25 1.40224e-23
1.00077e-12 1.53427e-25 1.38674e-23
1.00528e-12 1.5193e-25 1.3714e-23
1.0098e-12 1.50445e-25 1.35621e-23
1.01435e-12 1.48971e-25 1.34116e-23
1.01892e-12 1.47508e-25 1.32627e-23
1.02351e-12 1.46057e-25 1.31151e-23
1.02812e-12 1.44617e-25 1.29691e-23
1.03275e-12 1.43188e-25 1.28245e-23
1.0374e-12 1.4177e-25 1.26813e-23
1.04207e-12 1.40363e-25 1.25395e-23
1.04676e-12 1.38968e-25 1.23992e-23
1.05148e-12 1.37583e-25 1.22602e-23
1.05621e-12 1.3621e-25 1.21226e-23
1.06097e-12 1.34847e-25 1.19864e-23
1.06575e-12 1.33495e-25 1.18515e-23
1.07055e-12 1.32155e-25 1.17181e-23
1.07537e-12 1.30825e-25 1.15859e-23
1.08021e-12 1.29505e-25 1.14551e-23
1.08508e-12 1.28197e-25 1.13256e-23
1.08997e-12 1.26899e-25 1.11974e-23
1.09487e-12 1.25612e-25 1.10705e-23
1.09981e-12 1.24336e-25 1.09449e-23
1.10476e-12 1.2307e-25 1.08205e-23
1.10973e-12 1.21814e-25 1.06975e-23
1.11473e-12 1.20569e-25 1.05756e-23
1.11975e-12 1.19334e-25 1.04551e-23
1.1248e-12 1.1811e-25 1.03357e-23
1.12986e-12 1.16896e-25 1.02176e-23
1.13495e-12 1.15692e-25 1.01007e-23
1.14006e-12 1.14499e-25 9.98504e-24
1.1452e-12 1.13316e-25 9.87054e-24
1.15035e-12 1.12142e-25 9.75722e-24
1.15553e-12 1.10979e-25 9.64508e-24
1.16074e-12 1.09826e-25 9.5341e-24
1.16597e-12 1.08683e-25 9.42428e-24
1.17122e-12 1.07549e-25 9.31559e-24
1.17649e-12 1.06426e-25 9.20804e-24
1.18179e-12 1.05312e-25 9.10162e-24
1.18711e-12 1.04208e-25 8.99631e-24
1.19246e-12 1.03113e-25 8.8921e-24
1.19783e-12 1.02029e-25 8.78899e-24
1.20323e-12 1.00953e-25 8.68696e-24
1.20864e-12 9.98877e-26 8.586e-24
1.21409e-12 9.88315e-26 8.48612e-24
1.21956e-12 9.77847e-26 8.38728e-24
1.22505e-12 9.67472e-26 8.2895e-24
1.23057e-12 9.5719e-26 8.19275e-24
1.23611e-12 9.47001e-26 8.09703e-24
1.24167e-12 9.36904e-26 8.00233e-24
1.24727e-12 9.26898e-26 7.90864e-24
1.25288e-12 9.16982e-26 7.81595e-24
1.25853e-12 9.07157e-26 7.72425e-24
1.26419e-12 8.97422e-26 7.63354e-24
1.26989e-12 8.87775e-26 7.5438e-24
1.27561e-12 8.78217e-26 7.45502e-24
1.28135e-12 8.68748e-26 7.3672e-24
1.28712e-12 8.59365e-26 7.28032e-24
1.29292e-12 8.50069e-26 7.19439e-24
1.29874e-12 8.4086e-26 7.10938e-24
1.30459e-12 8.31736e-26 7.02529e-24
1.31047e-12 8.22698e-26 6.94212e-24
1.31637e-12 8.13744e-26 6.85985e-24
1.3223e-12 8.04874e-26 6.77848e-24
1.32825e-12 7.96087e-26 6.69799e-24
1.33424e-12 7.87384e-26 6.61838e-24
1.34024e-12 7.78763e-26 6.53964e-24
1.34628e-12 7.70223e-26 6.46176e-24
1.35234e-12 7.61765e-26 6.38474e-24
1.35843e-12 7.53387e-26 6.30857e-24
1.36455e-12 7.4509e-26 6.23323e-24
1.3707e-12 7.36872e-26 6.15872e-24
1.37687e-12 7.28733e-26 6.08503e-24
1.38307e-12 7.20672e-26 6.01216e-24
1.3893e-12 7.12689e-26 5.94009e-24
1.39556e-12 7.04784e-26 5.86882e-24
1.40184e-12 6.96955e-26 5.79834e-24
1.40816e-12 6.89202e-26 5.72865e-24
1.4145e-12 6.81525e-26 5.65973e-24
1.42087e-12 6.73924e-26 5.59158e-24
1.42727e-12 6.66396e-26 5.52418e-24
1.4337e-12 6.58943e-26 5.45754e-24
1.44015e-12 6.51562e-26 5.39165e-24
1.44664e-12 6.44255e-26 5.32649e-24
1.45315e-12 6.3702e-26 5.26207e-24
1.4597e-12 6.29857e-26 5.19837e-24
1.46627e-12 6.22765e-26 5.13538e-24
1.47288e-12 6.15743e-26 5.0731e-24
1.47951e-12 6.08792e-26 5.01153e-24
1.48617e-12 6.0191e-26 4.95065e-24
1.49287e-12 5.95098e-26 4.89046e-24
1.49959e-12 5.88353e-26 4.83095e-24
1.50634e-12 5.81677e-26 4.77211e-24
1.51313e-12 5.75068e-26 4.71395e-24
1.51994e-12 5.68526e-26 4.65644e-24
1.52679e-12 5.6205e-26 4.59959e-24
1.53366e-12 5.5564e-26 4.54338e-24
1.54057e-12 5.49295e-26 4.48782e-24
1.54751e-12 5.43015e-26 4.43289e-24
1.55448e-12 5.36799e-26 4.37859e-24
1.56148e-12 5.30647e-26 4.32491e-24
1.56851e-12 5.24558e-26 4.27184e-24
1.57558e-12 5.18532e-26 4.21939e-24
1.58267e-12 5.12568e-26 4.16753e-24
1.5898e-12 5.06665e-26 4.11628e-24
1.59696e-12 5.00824e-26 4.06561e-24
1.60415e-12 4.95043e-26 4.01553e-24
1.61138e-12 4.89322e-26 3.96602e-24
1.61864e-12 4.8366e-26 3.91709e-24
1.62592e-12 4.78058e-26 3.86872e-24
1.63325e-12 4.72514e-26 3.82092e-24
1.6406e-12 4.67028e-26 3.77367e-24
1.64799e-12 4.616e-26 3.72696e-24
1.65541e-12 4.56229e-26 3.6808e-24
1.66287e-12 4.50915e-26 3.63518e-24
1.67036e-12 4.45656e-26 3.59009e-24
1.67788e-12 4.40453e-26 3.54552e-24
1.68544e-12 4.35305e-26 3.50148e-24
1.69303e-12 4.30212e-26 3.45795e-24
1.70065e-12 4.25173e-26 3.41493e-24
1.70831e-12 4.20187e-26 3.37241e-24
1.71601e-12 4.15255e-26 3.33039e-24
1.72374e-12 4.10376e-26 3.28887e-24
1.7315e-12 4.05548e-26 3.24783e-24
1.7393e-12 4.00772e-26 3.20727e-24
1.74713e-12 3.96048e-26 3.1672e-24
1.755e-12 3.91375e-26 3.12759e-24
1.7629e-12 3.86751e-26 3.08845e-24
1.77084e-12 3.82178e-26 3.04978e-24
1.77882e-12 3.77654e-26 3.01156e-24
1.78683e-12 3.73179e-26 2.9738e-24
1.79488e-12 3.68753e-26 2.93648e-24
1.80296e-12 3.64375e-26 2.8996e-24
1.81108e-12 3.60044e-26 2.86316e-24
1.81924e-12 3.55761e-26 2.82716e-24
1.82743e-12 3.51524e-26 2.79158e-24
1.83566e-12 3.47334e-26 2.75643e-24
1.84393e-12 3.4319e-26 2.7217e-24
1.85223e-12 3.39091e-26 2.68738e-24
1.86057e-12 3.35037e-26 2.65347e-24
1.86895e-12 3.31028e-26 2.61997e-24
1.87737e-12 3.27063e-26 2.58686e-24
1.88583e-12 3.23141e-26 2.55416e-24
1.89432e-12 3.19263e-26 2.52184e-24
1.90285e-12 3.15428e-26 2.48992e-24
1.91142e-12 3.11636e-26 2.45837e-24
1.92003e-12 3.07885e-26 2.42721e-24
1.92868e-12 3.04177e-26 2.39642e-24
1.93736e-12 3.00509e-26 2.366e-24
1.94609e-12 2.96883e-26 2.33595e-24
1.95485e-12 2.93297e-26 2.30627e-24
1.96366e-12 2.89751e-26 2.27694e-24
1.9725e-12 2.86245e-26 2.24796e-24
1.98138e-12 2.82778e-26 2.21934e-24
1.99031e-12 2.7935e-26 2.19106e-24
1.99927e-12 2.75961e-26 2.16312e-24
2.00827e-12 2.7261e-26 2.13553e-24
2.01732e-12 2.69297e-26 2.10827e-24
2.0264e-12 2.66021e-26 2.08134e-24
2.03553e-12 2.62782e-26 2.05473e-24
2.0447e-12 2.5958e-26 2.02846e-24
2.05391e-12 2.56414e-26 2.0025e-24
2.06316e-12 2.53284e-26 1.97686e-24
2.07245e-12 2.5019e-26 1.95153e-24
2.08178e-12 2.4713e-26 1.92651e-24
2.09116e-12 2.44106e-26 1.9018e-24
2.10058e-12 2.41117e-26 1.87739e-24
2.11004e-12 2.38161e-26 1.85327e-24
2.11954e-12 2.35239e-26 1.82946e-24
2.12909e-12 2.32351e-26 1.80593e-24
2.13867e-12 2.29496e-26 1.7827e-24
2.14831e-12 2.26674e-26 1.75975e-24
2.15798e-12 2.23884e-26 1.73708e-24
2.1677e-12 2.21126e-26 1.71469e-24
2.17746e-12 2.18401e-26 1.69258e-24
2.18727e-12 2.15706e-26 1.67074e-24
2.19712e-12 2.13043e-26 1.64917e-24
2.20702e-12 2.1041e-26 1.62787e-24
2.21696e-12 2.07809e-26 1.60683e-24
2.22694e-12 2.05237e-26 1.58604e-24
2.23697e-12 2.02695e-26 1.56552e-24
2.24704e-12 2.00183e-26 1.54525e-24
2.25716e-12 1.97699e-26 1.52523e-24
2.26733e-12 1.95245e-26 1.50546e-24
2.27754e-12 1.9282e-26 1.48594e-24
2.2878e-12 1.90423e-26 1.46666e-24
2.2981e-12 1.88053e-26 1.44761e-24
2.30845e-12 1.85712e-26 1.42881e-24
2.31885e-12 1.83398e-26 1.41024e-24
2.32929e-12 1.81111e-26 1.3919e-24
2.33978e-12 1.78851e-26 1.37379e-24
2.35032e-12 1.76618e-26 1.3559e-24
2.36091e-12 1.74411e-26 1.33824e-24
2.37154e-12 1.72229e-26 1.3208e-24
2.38222e-12 1.70074e-26 1.30358e-24
2.39295e-12 1.67944e-26 1.28657e-24
2.40373e-12 1.65839e-26 1.26977e-24
2.41455e-12 1.6376e-26 1.25319e-24
2.42543e-12 1.61704e-26 1.23681e-24
2.43635e-12 1.59673e-26 1.22064e-24
2.44732e-12 1.57667e-26 1.20468e-24
2.45834e-12 1.55684e-26 1.18891e-24
2.46942e-12 1.53725e-26 1.17334e-24
2.48054e-12 1.51789e-26 1.15797e-24
2.49171e-12 1.49876e-26 1.14279e-24
2.50293e-12 1.47986e-26 1.1278e-24
2.5142e-12 1.46118e-26 1.113e-24
2.52553e-12 1.44273e-26 1.09839e-24
2.5369e-12 1.4245e-26 1.08396e-24
2.54833e-12 1.40649e-26 1.06972e-24
2.5598e-12 1.38869e-26 1.05565e-24
2.57133e-12 1.37111e-26 1.04177e-24
2.58291e-12 1.35373e-26 1.02806e-24
2.59454e-12 1.33657e-26 1.01452e-24
2.60623e-12 1.31961e-26 1.00115e-24
2.61797e-12 1.30286e-26 9.87958e-25
2.62976e-12 1.28631e-26 9.74929e-25
2.6416e-12 1.26996e-26 9.62066e-25
2.6535e-12 1.25381e-26 9.49366e-25
2.66545e-12 1.23785e-26 9.36828e-25
2.67745e-12 1.22208e-26 9.2445e-25
2.68951e-12 1.20651e-26 9.12229e-25
2.70162e-12 1.19113e-26 9.00164e-25
2.71379e-12 1.17593e-26 8.88253e-25
2.72601e-12 1.16091e-26 8.76493e-25
2.73829e-12 1.14608e-26 8.64884e-25
2.75062e-12 1.13143e-26 8.53423e-25
2.76301e-12 1.11696e-26 8.42109e-25
2.77546e-12 1.10266e-26 8.3094e-25
2.78796e-12 1.08854e-26 8.19913e-25
2.80051e-12 1.07459e-26 8.09027e-25
2.81312e-12 1.06081e-26 7.98282e-25
2.82579e-12 1.0472e-26 7.87673e-25
2.83852e-12 1.03376e-26 7.77201e-25
2.8513e-12 1.02048e-26 7.66864e-25
2.86415e-12 1.00736e-26 7.56659e-25
2.87705e-12 9.94408e-27 7.46585e-25
2.89e-12 9.81612e-27 7.36641e-25
2.90302e-12 9.68973e-27 7.26825e-25
2.91609e-12 9.56489e-27 7.17135e-25
2.92923e-12 9.44159e-27 7.07571e-25
2.94242e-12 9.31981e-27 6.98129e-25
2.95567e-12 9.19953e-27 6.88809e-25
2.96898e-12 9.08073e-27 6.7961e-25
2.98235e-12 8.96341e-27 6.70529e-25
2.99578e-12 8.84753e-27 6.61565e-25
3.00928e-12 8.73308e-27 6.52718e-25
3.02283e-12 8.62005e-27 6.43985e-25
3.03644e-12 8.50842e-27 6.35365e-25
3.05012e-12 8.39818e-27 6.26856e-25
3.06386e-12 8.2893e-27 6.18458e-25
3.07765e-12 8.18177e-27 6.10169e-25
3.09152e-12 8.07558e-27 6.01987e-25
3.10544e-12 7.97071e-27 5.93912e-25
3.11942e-12 7.86715e-27 5.85941e-25
3.13347e-12 7.76487e-27 5.78074e-25
3.14759e-12 7.66387e-27 5.70309e-25
3.16176e-12 7.56413e-27 5.62645e-25
3.176e-12 7.46563e-27 5.55081e-25
3.19031e-12 7.36837e-27 5.47615e-25
3.20467e-12 7.27232e-27 5.40247e-25
3.21911e-12 7.17747e-27 5.32975e-25
3.2336e-12 7.0838e-27 5.25797e-25
3.24817e-12 6.99131e-27 5.18713e-25
3.2628e-12 6.89998e-27 5.11722e-25
3.27749e-12 6.8098e-27 5.04822e-25
3.29225e-12 6.72074e-27 4.98012e-25
3.30708e-12 6.63281e-27 4.91291e-25
3.32197e-12 6.54598e-27 4.84659e-25
3.33693e-12 6.46024e-27 4.78113e-25
3.35196e-12 6.37559e-27 4.71652e-25
3.36706e-12 6.29199e-27 4.65277e-25
3.38222e-12 6.20945e-27 4.58985e-25
3.39746e-12 6.12796e-27 4.52775e-25
3.41276e-12 6.04749e-27 4.46647e-25
3.42813e-12 5.96803e-27 4.406e-25
3.44357e-12 5.88959e-27 4.34632e-25
3.45908e-12 5.81213e-27 4.28742e-25
3.47465e-12 5.73565e-27 4.2293e-25
3.4903e-12 5.66014e-27 4.17194e-25
3.50602e-12 5.58559e-27 4.11534e-25
3.52181e-12 5.51199e-27 4.05949e-25
3.53767e-12 5.43931e-27 4.00437e-25
3.55361e-12 5.36756e-27 3.94997e-25
3.56961e-12 5.29672e-27 3.8963e-25
3.58569e-12 5.22679e-27 3.84333e-25
3.60184e-12 5.15774e-27 3.79106e-25
3.61806e-12 5.08957e-27 3.73949e-25
3.63435e-12 5.02226e-27 3.68859e-25
3.65072e-12 4.95582e-27 3.63837e-25
3.66716e-12 4.89022e-27 3.58881e-25
3.68368e-12 4.82546e-27 3.53991e-25
3.70027e-12 4.76153e-27 3.49165e-25
3.71693e-12 4.69841e-27 3.44404e-25
3.73367e-12 4.6361e-27 3.39705e-25
3.75049e-12 4.57459e-27 3.35069e-25
3.76738e-12 4.51387e-27 3.30495e-25
3.78435e-12 4.45392e-27 3.25981e-25
3.80139e-12 4.39474e-27 3.21527e-25
3.81851e-12 4.33632e-27 3.17132e-25
3.83571e-12 4.27865e-27 3.12796e-25
3.85298e-12 4.22172e-27 3.08517e-25
3.87034e-12 4.16552e-27 3.04295e-25
3.88777e-12 4.11004e-27 3.0013e-25
3.90528e-12 4.05528e-27 2.9602e-25
3.92286e-12 4.00122e-27 2.91965e-25
3.94053e-12 3.94786e-27 2.87963e-25
3.95828e-12 3.89518e-27 2.84016e-25
3.97611e-12 3.84318e-27 2.8012e-25
3.99401e-12 3.79186e-27 2.76277e-25
4.012e-12 3.74119e-27 2.72485e-25
4.03007e-12 3.69118e-27 2.68744e-25
4.04822e-12 3.64182e-27 2.65053e-25
4.06645e-12 3.5931e-27 2.61411e-25
4.08477e-12 3.545e-27 2.57818e-25
4.10316e-12 3.49753e-27 2.54273e-25
4.12164e-12 3.45067e-27 2.50776e-25
4.1402e-12 3.40442e-27 2.47325e-25
4.15885e-12 3.35877e-27 2.4392e-25
4.17758e-12 3.31371e-27 2.40562e-25
4.1964e-12 3.26924e-27 2.37248e-25
4.2153e-12 3.22534e-27 2.33979e-25
4.23428e-12 3.18201e-27 2.30753e-25
4.25335e-12 3.13925e-27 2.27571e-25
4.27251e-12 3.09705e-27 2.24432e-25
4.29175e-12 3.05539e-27 2.21335e-25
4.31108e-12 3.01427e-27 2.1828e-25
4.33049e-12 2.97369e-27 2.15265e-25
4.35e-12 2.93364e-27 2.12292e-25
4.36959e-12 2.89411e-27 2.09358e-25
4.38927e-12 2.8551e-27 2.06464e-25
4.40903e-12 2.8166e-27 2.03609e-25
4.42889e-12 2.7786e-27 2.00792e-25
4.44884e-12 2.7411e-27 1.98014e-25
4.46887e-12 2.70408e-27 1.95273e-25
4.489e-12 2.66755e-27 1.92568e-25
4.50922e-12 2.6315e-27 1.89901e-25
4.52953e-12 2.59593e-27 1.87269e-25
4.54993e-12 2.56081e-27 1.84673e-25
4.57042e-12 2.52616e-27 1.82113e-25
4.591e-12 2.49197e-27 1.79586e-25
4.61168e-12 2.45822e-27 1.77095e-25
4.63245e-12 2.42491e-27 1.74636e-25
4.65331e-12 2.39204e-27 1.72211e-25
4.67427e-12 2.35961e-27 1.69819e-25
4.69532e-12 2.3276e-27 1.6746e-25
4.71647e-12 2.29601e-27 1.65132e-25
4.73771e-12 2.26484e-27 1.62836e-25
4.75904e-12 2.23408e-27 1.60571e-25
4.78048e-12 2.20372e-27 1.58337e-25
4.80201e-12 2.17377e-27 1.56133e-25
4.82363e-12 2.14421e-27 1.5396e-25
4.84536e-12 2.11504e-27 1.51816e-25
4.86718e-12 2.08625e-27 1.497e-25
4.8891e-12 2.05785e-27 1.47614e-25
4.91112e-12 2.02982e-27 1.45556e-25
4.93324e-12 2.00216e-27 1.43527e-25
4.95546e-12 1.97487e-27 1.41524e-25
4.97777e-12 1.94794e-27 1.3955e-25
5.00019e-12 1.92136e-27 1.37602e-25
5.02271e-12 1.89514e-27 1.3568e-25
5.04533e-12 1.86926e-27 1.33785e-25
5.06806e-12 1.84373e-27 1.31916e-25
5.09088e-12 1.81854e-27 1.30072e-25
5.11381e-12 1.79368e-27 1.28254e-25
5.13684e-12 1.76915e-27 1.2646e-25
5.15997e-12 1.74495e-27 1.24691e-25
5.18321e-12 1.72107e-27 1.22946e-25
5.20656e-12 1.69751e-27 1.21225e-25
5.23001e-12 1.67426e-27 1.19527e-25
5.25356e-12 1.65132e-27 1.17853e-25
5.27722e-12 1.62868e-27 1.16202e-25
5.30099e-12 1.60635e-27 1.14573e-25
5.32486e-12 1.58431e-27 1.12967e-25
5.34884e-12 1.56257e-27 1.11382e-25
5.37293e-12 1.54112e-27 1.0982e-25
5.39713e-12 1.51996e-27 1.08279e-25
5.42144e-12 1.49908e-27 1.06759e-25
5.44586e-12 1.47847e-27 1.0526e-25
5.47038e-12 1.45815e-27 1.03781e-25
5.49502e-12 1.43809e-27 1.02323e-25
5.51977e-12 1.41831e-27 1.00885e-25
5.54463e-12 1.39878e-27 9.94665e-26
5.5696e-12 1.37952e-27 9.80677e-26
5.59468e-12 1.36052e-27 9.66882e-26
5.61988e-12 1.34177e-27 9.53277e-26
5.64519e-12 1.32328e-27 9.39859e-26
5.67061e-12 1.30503e-27 9.26627e-26
5.69615e-12 1.28703e-27 9.13576e-26
5.72181e-12 1.26927e-27 9.00706e-26
5.74757e-12 1.25174e-27 8.88013e-26
5.77346e-12 1.23446e-27 8.75496e-26
5.79946e-12 1.2174e-27 8.63151e-26
5.82558e-12 1.20058e-27 8.50977e-26
5.85182e-12 1.18398e-27 8.38972e-26
5.87817e-12 1.1676e-27 8.27132e-26
5.90465e-12 1.15145e-27 8.15456e-26
5.93124e-12 1.13551e-27 8.03941e-26
5.95795e-12 1.11979e-27 7.92586e-26
5.98478e-12 1.10428e-27 7.81388e-26
6.01174e-12 1.08898e-27 7.70345e-26
6.03881e-12 1.07389e-27 7.59455e-26
6.06601e-12 1.059e-27 7.48717e-26
6.09333e-12 1.04431e-27 7.38127e-26
6.12077e-12 1.02982e-27 7.27683e-26
6.14834e-12 1.01553e-27 7.17385e-26
6.17603e-12 1.00143e-27 7.0723e-26
6.20384e-12 9.87519e-28 6.97216e-26
6.23178e-12 9.73798e-28 6.8734e-26
6.25985e-12 9.60263e-28 6.77602e-26
6.28804e-12 9.46912e-28 6.68e-26
6.31636e-12 9.33741e-28 6.58531e-26
6.34481e-12 9.2075e-28 6.49193e-26
6.37339e-12 9.07934e-28 6.39986e-26
6.40209e-12 8.95293e-28 6.30906e-26
6.43092e-12 8.82823e-28 6.21954e-26
6.45989e-12 8.70523e-28 6.13125e-26
6.48898e-12 8.5839e-28 6.0442e-26
6.5182e-12 8.46422e-28 5.95836e-26
6.54756e-12 8.34617e-28 5.87372e-26
6.57705e-12 8.22973e-28 5.79026e-26
6.60667e-12 8.11487e-28 5.70796e-26
6.63642e-12 8.00158e-28 5.62681e-26
6.66631e-12 7.88983e-28 5.5468e-26
6.69633e-12 7.7796e-28 5.4679e-26
6.72649e-12 7.67088e-28 5.3901e-26
6.75679e-12 7.56365e-28 5.31339e-26
6.78722e-12 7.45787e-28 5.23776e-26
6.81779e-12 7.35355e-28 5.16318e-26
6.84849e-12 7.25064e-28 5.08964e-26
6.87933e-12 7.14915e-28 5.01714e-26
6.91032e-12 7.04904e-28 4.94564e-26
6.94144e-12 6.9503e-28 4.87515e-26
6.9727e-12 6.85291e-28 4.80565e-26
7.0041e-12 6.75686e-28 4.73712e-26
7.03565e-12 6.66212e-28 4.66955e-26
7.06734e-12 6.56868e-28 4.60293e-26
7.09916e-12 6.47653e-28 4.53724e-26
7.13114e-12 6.38563e-28 4.47248e-26
7.16325e-12 6.29598e-28 4.40862e-26
7.19551e-12 6.20757e-28 4.34566e-26
7.22792e-12 6.12036e-28 4.28359e-26
7.26047e-12 6.03436e-28 4.22238e-26
7.29317e-12 5.94953e-28 4.16204e-26
7.32602e-12 5.86588e-28 4.10255e-26
7.35901e-12 5.78337e-28 4.04389e-26
7.39216e-12 5.702e-28 3.98605e-26
7.42545e-12 5.62174e-28 3.92903e-26
7.45889e-12 5.5426e-28 3.87282e-26
7.49248e-12 5.46454e-28 3.81739e-26
7.52623e-12 5.38756e-28 3.76274e-26
7.56012e-12 5.31164e-28 3.70887e-26
7.59417e-12 5.23676e-28 3.65575e-26
7.62837e-12 5.16292e-28 3.60338e-26
7.66273e-12 5.0901e-28 3.55176e-26
7.69724e-12 5.01829e-28 3.50085e-26
7.73191e-12 4.94746e-28 3.45067e-26
7.76673e-12 4.87762e-28 3.4012e-26
7.80171e-12 4.80874e-28 3.35242e-26
7.83684e-12 4.74081e-28 3.30433e-26
7.87214e-12 4.67382e-28 3.25693e-26
7.90759e-12 4.60776e-28 3.21019e-26
7.94321e-12 4.54261e-28 3.16411e-26
7.97898e-12 4.47837e-28 3.11868e-26
8.01492e-12 4.41501e-28 3.0739e-26
8.05101e-12 4.35253e-28 3.02975e-26
8.08727e-12 4.29092e-28 2.98622e-26
8.12369e-12 4.23017e-28 2.94331e-26
8.16028e-12 4.17025e-28 2.90101e-26
8.19703e-12 4.11117e-28 2.85931e-26
8.23395e-12 4.05291e-28 2.8182e-26
8.27103e-12 3.99546e-28 2.77767e-26
8.30828e-12 3.9388e-28 2.73772e-26
8.3457e-12 3.88294e-28 2.69833e-26
8.38329e-12 3.82785e-28 2.6595e-26
8.42104e-12 3.77352e-28 2.62122e-26
8.45897e-12 3.71996e-28 2.58348e-26
8.49707e-12 3.66713e-28 2.54628e-26
8.53534e-12 3.61505e-28 2.50961e-26
8.57378e-12 3.56369e-28 2.47346e-26
8.61239e-12 3.51304e-28 2.43783e-26
8.65118e-12 3.4631e-28 2.4027e-26
8.69014e-12 3.41386e-28 2.36806e-26
8.72928e-12 3.3653e-28 2.33393e-26
8.76859e-12 3.31742e-28 2.30027e-26
8.80808e-12 3.27021e-28 2.2671e-26
8.84775e-12 3.22366e-28 2.2344e-26
8.8876e-12 3.17776e-28 2.20216e-26
8.92763e-12 3.1325e-28 2.17038e-26
8.96783e-12 3.08787e-28 2.13906e-26
9.00822e-12 3.04387e-28 2.10818e-26
9.04879e-12 3.00048e-28 2.07774e-26
9.08955e-12 2.9577e-28 2.04774e-26
9.13048e-12 2.91552e-28 2.01816e-26
9.1716e-12 2.87393e-28 1.989e-26
9.21291e-12 2.83293e-28 1.96026e-26
9.2544e-12 2.79249e-28 1.93193e-26
9.29608e-12 2.75263e-28 1.90401e-26
9.33795e-12 2.71332e-28 1.87648e-26
9.38e-12 2.67456e-28 1.84935e-26
9.42225e-12 2.63635e-28 1.8226e-26
9.46468e-12 2.59867e-28 1.79624e-26
9.50731e-12 2.56153e-28 1.77025e-26
9.55013e-12 2.5249e-28 1.74464e-26
9.59314e-12 2.48879e-28 1.71939e-26
9.63634e-12 2.45319e-28 1.6945e-26
9.67974e-12 2.41809e-28 1.66997e-26
9.72334e-12 2.38348e-28 1.64579e-26
9.76713e-12 2.34936e-28 1.62195e-26
9.81112e-12 2.31572e-28 1.59846e-26
9.8553e-12 2.28255e-28 1.5753e-26
9.89969e-12 2.24985e-28 1.55248e-26
9.94427e-12 2.21761e-28 1.52998e-26
9.98906e-12 2.18582e-28 1.5078e-26
1.0034e-11 2.15449e-28 1.48595e-26
1.00792e-11 2.12359e-28 1.4644e-26
1.01246e-11 2.09313e-28 1.44316e-26
1.01702e-11 2.0631e-28 1.42223e-26
1.0216e-11 2.0335e-28 1.4016e-26
1.0262e-11 2.00431e-28 1.38127e-26
1.03083e-11 1.97553e-28 1.36122e-26
1.03547e-11 1.94716e-28 1.34147e-26
1.04013e-11 1.91919e-28 1.322e-26
1.04482e-11 1.89162e-28 1.30281e-26
1.04952e-11 1.86444e-28 1.28389e-26
1.05425e-11 1.83764e-28 1.26524e-26
1.059e-11 1.81122e-28 1.24687e-26
1.06377e-11 1.78518e-28 1.22876e-26
1.06856e-11 1.7595e-28 1.2109e-26
1.07337e-11 1.73419e-28 1.19331e-26
1.0782e-11 1.70924e-28 1.17597e-26
1.08306e-11 1.68464e-28 1.15887e-26
1.08794e-11 1.66038e-28 1.14203e-26
1.09284e-11 1.63648e-28 1.12542e-26
1.09776e-11 1.61291e-28 1.10906e-26
1.1027e-11 1.58968e-28 1.09293e-26
1.10767e-11 1.56677e-28 1.07703e-26
1.11266e-11 1.54419e-28 1.06137e-26
1.11767e-11 1.52194e-28 1.04592e-26
1.1227e-11 1.49999e-28 1.03071e-26
1.12776e-11 1.47836e-28 1.01571e-26
1.13284e-11 1.45704e-28 1.00092e-26
1.13794e-11 1.43602e-28 9.86351e-27
1.14307e-11 1.4153e-28 9.71991e-27
1.14821e-11 1.39488e-28 9.57838e-27
1.15338e-11 1.37474e-28 9.43889e-27
1.15858e-11 1.3549e-28 9.30142e-27
1.1638e-11 1.33533e-28 9.16593e-27
1.16904e-11 1.31604e-28 9.03239e-27
1.1743e-11 1.29703e-28 8.90079e-27
1.17959e-11 1.27829e-28 8.77109e-27
1.1849e-11 1.25982e-28 8.64326e-27
1.19024e-11 1.24161e-28 8.51728e-27
1.1956e-11 1.22366e-28 8.39312e-27
1.20099e-11 1.20596e-28 8.27075e-27
1.2064e-11 1.18852e-28 8.15015e-27
1.21183e-11 1.17133e-28 8.0313e-27
1.21729e-11 1.15438e-28 7.91417e-27
1.22277e-11 1.13768e-28 7.79873e-27
1.22828e-11 1.12121e-28 7.68496e-27
1.23381e-11 1.10498e-28 7.57284e-27
1.23936e-11 1.08898e-28 7.46234e-27
1.24495e-11 1.07321e-28 7.35344e-27
1.25055e-11 1.05767e-28 7.24612e-27
1.25618e-11 1.04235e-28 7.14036e-27
1.26184e-11 1.02724e-28 7.03612e-27
1.26753e-11 1.01236e-28 6.9334e-27
1.27323e-11 9.97686e-29 6.83216e-27
1.27897e-11 9.83223e-29 6.73239e-27
1.28473e-11 9.68967e-29 6.63407e-27
1.29051e-11 9.54916e-29 6.53717e-27
1.29633e-11 9.41066e-29 6.44168e-27
1.30216e-11 9.27415e-29 6.34758e-27
1.30803e-11 9.1396e-29 6.25483e-27
1.31392e-11 9.00697e-29 6.16344e-27
1.31984e-11 8.87625e-29 6.07337e-27
1.32578e-11 8.74741e-29 5.98461e-27
1.33175e-11 8.62042e-29 5.89713e-27
1.33775e-11 8.49525e-29 5.81093e-27
1.34378e-11 8.37188e-29 5.72597e-27
1.34983e-11 8.25028e-29 5.64226e-27
1.35591e-11 8.13043e-29 5.55975e-27
1.36201e-11 8.0123e-29 5.47845e-27
1.36815e-11 7.89587e-29 5.39833e-27
1.37431e-11 7.78112e-29 5.31937e-27
1.3805e-11 7.66802e-29 5.24156e-27
1.38672e-11 7.55654e-29 5.16488e-27
1.39296e-11 7.44667e-29 5.08931e-27
1.39923e-11 7.33839e-29 5.01484e-27
1.40554e-11 7.23166e-29 4.94146e-27
1.41187e-11 7.12647e-29 4.86914e-27
1.41823e-11 7.02279e-29 4.79788e-27
1.42461e-11 6.92061e-29 4.72765e-27
1.43103e-11 6.8199e-29 4.65844e-27
1.43747e-11 6.72065e-29 4.59025e-27
1.44395e-11 6.62282e-29 4.52304e-27
1.45045e-11 6.52641e-29 4.45681e-27
1.45698e-11 6.43139e-29 4.39155e-27
1.46354e-11 6.33774e-29 4.32723e-27
1.47014e-11 6.24544e-29 4.26386e-27
1.47676e-11 6.15447e-29 4.2014e-27
1.48341e-11 6.06482e-29 4.13986e-27
1.49009e-11 5.97646e-29 4.07921e-27
1.4968e-11 5.88938e-29 4.01944e-27
1.50354e-11 5.80356e-29 3.96055e-27
1.51031e-11 5.71898e-29 3.90251e-27
1.51711e-11 5.63562e-29 3.84532e-27
1.52395e-11 5.55347e-29 3.78897e-27
1.53081e-11 5.47251e-29 3.73343e-27
1.5377e-11 5.39271e-29 3.67871e-27
1.54463e-11 5.31407e-29 3.62478e-27
1.55159e-11 5.23657e-29 3.57164e-27
1.55857e-11 5.1602e-29 3.51927e-27
1.56559e-11 5.08492e-29 3.46767e-27
1.57265e-11 5.01074e-29 3.41682e-27
1.57973e-11 4.93764e-29 3.36672e-27
1.58684e-11 4.86559e-29 3.31734e-27
1.59399e-11 4.79458e-29 3.26868e-27
1.60117e-11 4.72461e-29 3.22074e-27
1.60838e-11 4.65565e-29 3.17349e-27
1.61562e-11 4.58769e-29 3.12694e-27
1.6229e-11 4.52072e-29 3.08106e-27
1.63021e-11 4.45471e-29 3.03585e-27
1.63755e-11 4.38967e-29 2.9913e-27
1.64493e-11 4.32557e-29 2.94741e-27
1.65233e-11 4.2624e-29 2.90415e-27
1.65978e-11 4.20015e-29 2.86153e-27
1.66725e-11 4.1388e-29 2.81953e-27
1.67476e-11 4.07834e-29 2.77814e-27
1.6823e-11 4.01876e-29 2.73735e-27
1.68988e-11 3.96004e-29 2.69717e-27
1.69749e-11 3.90218e-29 2.65757e-27
1.70513e-11 3.84516e-29 2.61854e-27
1.71281e-11 3.78897e-29 2.58009e-27
1.72053e-11 3.7336e-29 2.5422e-27
1.72828e-11 3.67903e-29 2.50487e-27
1.73606e-11 3.62526e-29 2.46808e-27
1.74388e-11 3.57226e-29 2.43182e-27
1.75173e-11 3.52004e-29 2.3961e-27
1.75962e-11 3.46858e-29 2.3609e-27
1.76755e-11 3.41787e-29 2.32622e-27
1.77551e-11 3.3679e-29 2.29204e-27
1.7835e-11 3.31865e-29 2.25836e-27
1.79154e-11 3.27012e-29 2.22517e-27
1.7996e-11 3.2223e-29 2.19247e-27
1.80771e-11 3.17517e-29 2.16025e-27
1.81585e-11 3.12874e-29 2.1285e-27
1.82403e-11 3.08297e-29 2.09721e-27
1.83224e-11 3.03788e-29 2.06638e-27
1.8405e-11 2.99344e-29 2.036e-27
1.84878e-11 2.94965e-29 2.00607e-27
1.85711e-11 2.9065e-29 1.97657e-27
1.86547e-11 2.86398e-29 1.9475e-27
1.87388e-11 2.82208e-29 1.91886e-27
1.88232e-11 2.78079e-29 1.89064e-27
1.89079e-11 2.7401e-29 1.86284e-27
1.89931e-11 2.70001e-29 1.83543e-27
1.90786e-11 2.6605e-29 1.80843e-27
1.91646e-11 2.62157e-29 1.78183e-27
1.92509e-11 2.58321e-29 1.75561e-27
1.93376e-11 2.5454e-29 1.72978e-27
1.94247e-11 2.50815e-29 1.70433e-27
1.95121e-11 2.47145e-29 1.67925e-27
1.96e-11 2.43528e-29 1.65453e-27
1.96883e-11 2.39963e-29 1.63018e-27
1.9777e-11 2.36451e-29 1.60618e-27
1.9866e-11 2.32991e-29 1.58254e-27
1.99555e-11 2.2958e-29 1.55924e-27
2.00454e-11 2.2622e-29 1.53628e-27
2.01357e-11 2.22909e-29 1.51366e-27
2.02263e-11 2.19646e-29 1.49137e-27
2.03174e-11 2.16431e-29 1.4694e-27
2.04089e-11 2.13263e-29 1.44776e-27
2.05008e-11 2.10141e-29 1.42643e-27
2.05932e-11 2.07065e-29 1.40542e-27
2.06859e-11 2.04034e-29 1.38471e-27
2.07791e-11 2.01048e-29 1.36431e-27
2.08727e-11 1.98105e-29 1.3442e-27
2.09667e-11 1.95205e-29 1.32439e-27
2.10611e-11 1.92347e-29 1.30487e-27
2.1156e-11 1.89532e-29 1.28564e-27
2.12512e-11 1.86758e-29 1.26669e-27
2.13469e-11 1.84024e-29 1.24801e-27
2.14431e-11 1.8133e-29 1.22961e-27
2.15397e-11 1.78676e-29 1.21147e-27
2.16367e-11 1.76061e-29 1.19361e-27
2.17341e-11 1.73484e-29 1.176e-27
2.1832e-11 1.70944e-29 1.15865e-27
2.19303e-11 1.68442e-29 1.14156e-27
2.20291e-11 1.65977e-29 1.12471e-27
2.21283e-11 1.63548e-29 1.10812e-27
2.2228e-11 1.61154e-29 1.09176e-27
2.23281e-11 1.58796e-29 1.07565e-27
2.24286e-11 1.56472e-29 1.05977e-27
2.25296e-11 1.54182e-29 1.04412e-27
2.26311e-11 1.51925e-29 1.0287e-27
2.2733e-11 1.49702e-29 1.01351e-27
2.28354e-11 1.47512e-29 9.98538e-28
2.29383e-11 1.45353e-29 9.83787e-28
2.30416e-11 1.43226e-29 9.69251e-28
2.31453e-11 1.41131e-29 9.54929e-28
2.32496e-11 1.39066e-29 9.40816e-28
2.33543e-11 1.37031e-29 9.26909e-28
2.34595e-11 1.35027e-29 9.13206e-28
2.35651e-11 1.33051e-29 8.99703e-28
2.36713e-11 1.31105e-29 8.86398e-28
2.37779e-11 1.29187e-29 8.73288e-28
2.3885e-11 1.27298e-29 8.60369e-28
2.39925e-11 1.25436e-29 8.47639e-28
2.41006e-11 1.23601e-29 8.35096e-28
2.42091e-11 1.21794e-29 8.22736e-28
2.43182e-11 1.20013e-29 8.10556e-28
2.44277e-11 1.18258e-29 7.98555e-28
2.45377e-11 1.16529e-29 7.86729e-28
2.46482e-11 1.14825e-29 7.75076e-28
2.47592e-11 1.13146e-29 7.63594e-28
2.48707e-11 1.11492e-29 7.52279e-28
2.49827e-11 1.09862e-29 7.4113e-28
2.50952e-11 1.08257e-29 7.30144e-28
2.52083e-11 1.06674e-29 7.19318e-28
2.53218e-11 1.05115e-29 7.08651e-28
2.54358e-11 1.03579e-29 6.98139e-28
2.55504e-11 1.02066e-29 6.87781e-28
2.56655e-11 1.00574e-29 6.77575e-28
2.57811e-11 9.9105e-30 6.67517e-28
2.58972e-11 9.76573e-30 6.57607e-28
2.60138e-11 9.62307e-30 6.47841e-28
2.6131e-11 9.48252e-30 6.38218e-28
2.62486e-11 9.34403e-30 6.28735e-28
2.63669e-11 9.20758e-30 6.19391e-28
2.64856e-11 9.07313e-30 6.10184e-28
2.66049e-11 8.94065e-30 6.01111e-28
2.67247e-11 8.81013e-30 5.9217e-28
2.68451e-11 8.68152e-30 5.8336e-28
2.6966e-11 8.5548e-30 5.74678e-28
2.70874e-11 8.42995e-30 5.66124e-28
2.72094e-11 8.30693e-30 5.57694e-28
2.7332e-11 8.18572e-30 5.49387e-28
2.74551e-11 8.06629e-30 5.41201e-28
2.75787e-11 7.94861e-30 5.33135e-28
2.77029e-11 7.83267e-30 5.25186e-28
2.78277e-11 7.71843e-30 5.17353e-28
2.7953e-11 7.60587e-30 5.09635e-28
2.80789e-11 7.49496e-30 5.02029e-28
2.82054e-11 7.38568e-30 4.94534e-28
2.83324e-11 7.27801e-30 4.87148e-28
2.846e-11 7.17193e-30 4.7987e-28
2.85882e-11 7.0674e-30 4.72699e-28
2.87169e-11 6.96441e-30 4.65631e-28
2.88462e-11 6.86293e-30 4.58667e-28
2.89762e-11 6.76295e-30 4.51804e-28
2.91067e-11 6.66443e-30 4.45041e-28
2.92377e-11 6.56736e-30 4.38376e-28
2.93694e-11 6.47172e-30 4.31809e-28
2.95017e-11 6.37749e-30 4.25337e-28
2.96346e-11 6.28464e-30 4.1896e-28
2.9768e-11 6.19316e-30 4.12675e-28
2.99021e-11 6.10302e-30 4.06482e-28
3.00368e-11 6.0142e-30 4.00379e-28
3.0172e-11 5.92669e-30 3.94365e-28
3.03079e-11 5.84047e-30 3.88438e-28
3.04444e-11 5.75552e-30 3.82598e-28
3.05815e-11 5.67181e-30 3.76842e-28
3.07193e-11 5.58933e-30 3.7117e-28
3.08576e-11 5.50807e-30 3.65581e-28
3.09966e-11 5.428e-30 3.60073e-28
3.11362e-11 5.3491e-30 3.54645e-28
3.12764e-11 5.27137e-30 3.49296e-28
3.14173e-11 5.19478e-30 3.44024e-28
3.15588e-11 5.11931e-30 3.3883e-28
3.17009e-11 5.04496e-30 3.3371e-28
3.18437e-11 4.97169e-30 3.28665e-28
3.19871e-11 4.8995e-30 3.23694e-28
3.21312e-11 4.82838e-30 3.18794e-28
3.22759e-11 4.75829e-30 3.13966e-28
3.24212e-11 4.68924e-30 3.09208e-28
3.25672e-11 4.6212e-30 3.04518e-28
3.27139e-11 4.55416e-30 2.99897e-28
3.28612e-11 4.48811e-30 2.95343e-28
3.30092e-11 4.42302e-30 2.90855e-28
3.31579e-11 4.35889e-30 2.86432e-28
3.33072e-11 4.29571e-30 2.82073e-28
3.34573e-11 4.23345e-30 2.77777e-28
3.36079e-11 4.1721e-30 2.73544e-28
3.37593e-11 4.11166e-30 2.69372e-28
3.39113e-11 4.0521e-30 2.6526e-28
3.40641e-11 3.99342e-30 2.61208e-28
3.42175e-11 3.9356e-30 2.57214e-28
3.43716e-11 3.87863e-30 2.53279e-28
3.45264e-11 3.82249e-30 2.494e-28
3.46819e-11 3.76718e-30 2.45578e-28
3.48381e-11 3.71268e-30 2.41811e-28
3.4995e-11 3.65898e-30 2.38098e-28
3.51526e-11 3.60607e-30 2.34439e-28
3.53109e-11 3.55393e-30 2.30833e-28
3.54699e-11 3.50256e-30 2.27279e-28
3.56297e-11 3.45194e-30 2.23776e-28
3.57901e-11 3.40207e-30 2.20324e-28
3.59513e-11 3.35293e-30 2.16922e-28
3.61132e-11 3.3045e-30 2.13569e-28
3.62759e-11 3.25679e-30 2.10265e-28
3.64393e-11 3.20978e-30 2.07008e-28
3.66034e-11 3.16345e-30 2.03798e-28
3.67682e-11 3.11781e-30 2.00635e-28
3.69338e-11 3.07283e-30 1.97517e-28
3.71002e-11 3.02852e-30 1.94444e-28
3.72672e-11 2.98485e-30 1.91416e-28
3.74351e-11 2.94182e-30 1.88431e-28
3.76037e-11 2.89943e-30 1.85489e-28
3.7773e-11 2.85765e-30 1.8259e-28
3.79432e-11 2.81649e-30 1.79732e-28
3.8114e-11 2.77593e-30 1.76915e-28
3.82857e-11 2.73596e-30 1.7414e-28
3.84581e-11 2.69658e-30 1.71404e-28
3.86313e-11 2.65777e-30 1.68707e-28
3.88053e-11 2.61954e-30 1.66049e-28
3.89801e-11 2.58186e-30 1.6343e-28
3.91556e-11 2.54473e-30 1.60848e-28
3.9332e-11 2.50815e-30 1.58303e-28
3.95091e-11 2.4721e-30 1.55795e-28
3.96871e-11 2.43658e-30 1.53323e-28
3.98658e-11 2.40158e-30 1.50886e-28
4.00453e-11 2.36709e-30 1.48485e-28
4.02257e-11 2.33311e-30 1.46118e-28
4.04069e-11 2.29962e-30 1.43784e-28
4.05888e-11 2.26663e-30 1.41485e-28
4.07716e-11 2.23411e-30 1.39218e-28
4.09553e-11 2.20207e-30 1.36984e-28
4.11397e-11 2.1705e-30 1.34782e-28
4.1325e-11 2.13939e-30 1.32612e-28
4.15111e-11 2.10873e-30 1.30472e-28
4.16981e-11 2.07852e-30 1.28363e-28
4.18859e-11 2.04876e-30 1.26285e-28
4.20745e-11 2.01943e-30 1.24236e-28
4.2264e-11 1.99052e-30 1.22217e-28
4.24543e-11 1.96204e-30 1.20226e-28
4.26455e-11 1.93397e-30 1.18264e-28
4.28376e-11 1.90632e-30 1.1633e-28
4.30305e-11 1.87906e-30 1.14424e-28
4.32243e-11 1.85221e-30 1.12545e-28
4.3419e-11 1.82574e-30 1.10693e-28
4.36146e-11 1.79966e-30 1.08867e-28
4.3811e-11 1.77397e-30 1.07067e-28
4.40083e-11 1.74864e-30 1.05293e-28
4.42065e-11 1.72369e-30 1.03545e-28
4.44056e-11 1.6991e-30 1.01821e-28
4.46056e-11 1.67486e-30 1.00122e-28
4.48065e-11 1.65099e-30 9.84469e-29
4.50083e-11 1.62745e-30 9.67959e-29
4.5211e-11 1.60426e-30 9.51685e-29
4.54146e-11 1.58141e-30 9.35642e-29
4.56191e-11 1.55889e-30 9.19828e-29
4.58246e-11 1.5367e-30 9.04239e-29
4.6031e-11 1.51483e-30 8.88872e-29
4.62383e-11 1.49328e-30 8.73724e-29
4.64465e-11 1.47205e-30 8.58791e-29
4.66557e-11 1.45112e-30 8.44071e-29
4.68658e-11 1.4305e-30 8.29559e-29
4.70769e-11 1.41017e-30 8.15254e-29
4.72889e-11 1.39014e-30 8.01153e-29
4.75019e-11 1.3704e-30 7.87251e-29
4.77158e-11 1.35095e-30 7.73547e-29
4.79307e-11 1.33178e-30 7.60038e-29
4.81466e-11 1.31289e-30 7.4672e-29
4.83634e-11 1.29428e-30 7.33591e-29
4.85812e-11 1.27593e-30 7.20648e-29
4.88e-11 1.25785e-30 7.07889e-29
4.90198e-11 1.24004e-30 6.9531e-29
4.92406e-11 1.22248e-30 6.8291e-29
4.94623e-11 1.20517e-30 6.70685e-29
4.96851e-11 1.18812e-30 6.58633e-29
4.99089e-11 1.17131e-30 6.46752e-29
5.01336e-11 1.15475e-30 6.35039e-29
5.03594e-11 1.13843e-30 6.23492e-29
5.05862e-11 1.12234e-30 6.12107e-29
5.08141e-11 1.10649e-30 6.00884e-29
5.10429e-11 1.09086e-30 5.89819e-29
5.12728e-11 1.07546e-30 5.78911e-29
5.15037e-11 1.06029e-30 5.68156e-29
5.17357e-11 1.04533e-30 5.57553e-29
5.19687e-11 1.03059e-30 5.471e-29
5.22027e-11 1.01607e-30 5.36794e-29
5.24378e-11 1.00175e-30 5.26633e-29
5.2674e-11 9.8764e-31 5.16616e-29
5.29112e-11 9.73734e-31 5.06739e-29
5.31495e-11 9.60029e-31 4.97002e-29
5.33889e-11 9.46522e-31 4.87402e-29
5.36293e-11 9.33209e-31 4.77936e-29
5.38709e-11 9.20089e-31 4.68604e-29
5.41135e-11 9.07159e-31 4.59403e-29
5.43572e-11 8.94415e-31 4.50332e-29
5.4602e-11 8.81854e-31 4.41388e-29
5.48479e-11 8.69475e-31 4.32569e-29
5.50949e-11 8.57274e-31 4.23874e-29
5.53431e-11 8.45248e-31 4.15302e-29
5.55923e-11 8.33396e-31 4.06849e-29
5.58427e-11 8.21715e-31 3.98515e-29
5.60942e-11 8.10202e-31 3.90298e-29
5.63468e-11 7.98854e-31 3.82196e-29
5.66006e-11 7.8767e-31 3.74208e-29
5.68555e-11 7.76647e-31 3.66331e-29
5.71116e-11 7.65782e-31 3.58564e-29
5.73688e-11 7.55073e-31 3.50907e-29
5.76272e-11 7.44518e-31 3.43356e-29
5.78867e-11 7.34115e-31 3.35911e-29
5.81474e-11 7.23861e-31 3.28569e-29
5.84093e-11 7.13755e-31 3.21331e-29
5.86723e-11 7.03793e-31 3.14193e-29
5.89366e-11 6.93975e-31 3.07155e-29
5.9202e-11 6.84297e-31 3.00216e-29
5.94686e-11 6.74758e-31 2.93373e-29
5.97365e-11 6.65356e-31 2.86625e-29
6.00055e-11 6.56089e-31 2.79971e-29
6.02758e-11 6.46954e-31 2.73411e-29
6.05472e-11 6.3795e-31 2.66941e-29
6.08199e-11 6.29076e-31 2.60562e-29
6.10938e-11 6.20328e-31 2.54271e-29
6.1369e-11 6.11705e-31 2.48068e-29
6.16454e-11 6.03206e-31 2.4195e-29
6.1923e-11 5.94828e-31 2.35918e-29
6.22019e-11 5.8657e-31 2.2997e-29
6.2482e-11 5.7843e-31 2.24104e-29
6.27634e-11 5.70406e-31 2.1832e-29
6.30461e-11 5.62497e-31 2.12616e-29
6.333e-11 5.54701e-31 2.06991e-29
6.36152e-11 5.47016e-31 2.01444e-29
6.39017e-11 5.39441e-31 1.95974e-29
6.41895e-11 5.31973e-31 1.9058e-29
6.44786e-11 5.24613e-31 1.8526e-29
6.4769e-11 5.17357e-31 1.80014e-29
6.50607e-11 5.10204e-31 1.7484e-29
6.53537e-11 5.03154e-31 1.69738e-29
6.56481e-11 4.96203e-31 1.64707e-29
6.59437e-11 4.89352e-31 1.59744e-29
6.62407e-11 4.82598e-31 1.54851e-29
6.65391e-11 4.7594e-31 1.50025e-29
6.68387e-11 4.69377e-31 1.45266e-29
6.71398e-11 4.62907e-31 1.40572e-29
6.74421e-11 4.5653e-31 1.35943e-29
6.77459e-11 4.50242e-31 1.31377e-29
6.8051e-11 4.44044e-31 1.26875e-29
6.83575e-11 4.37934e-31 1.22435e-29
6.86653e-11 4.31911e-31 1.18055e-29
6.89746e-11 4.25973e-31 1.13736e-29
6.92852e-11 4.20119e-31 1.09476e-29
6.95973e-11 4.14348e-31 1.05275e-29
6.99107e-11 4.08659e-31 1.01132e-29
7.02256e-11 4.03051e-31 9.70451e-30
7.05418e-11 3.97522e-31 9.30146e-30
7.08595e-11 3.92071e-31 8.90394e-30
7.11787e-11 3.86698e-31 8.51187e-30
7.14992e-11 3.814e-31 8.12517e-30
7.18212e-11 3.76177e-31 7.74377e-30
7.21447e-11 3.71028e-31 7.36759e-30
7.24696e-11 3.65952e-31 6.99657e-30
7.2796e-11 3.60947e-31 6.63061e-30
7.31239e-11 3.56013e-31 6.26967e-30
7.34532e-11 3.51149e-31 5.91365e-30
7.3784e-11 3.46353e-31 5.5625e-30
7.41163e-11 3.41625e-31 5.21615e-30
7.44501e-11 3.36964e-31 4.87453e-30
7.47854e-11 3.32368e-31 4.53756e-30
7.51222e-11 3.27837e-31 4.20519e-30
7.54605e-11 3.2337e-31 3.87736e-30
7.58004e-11 3.18965e-31 3.55399e-30
7.61418e-11 3.14623e-31 3.23502e-30
7.64847e-11 3.10341e-31 2.9204e-30
7.68292e-11 3.0612e-31 2.61006e-30
7.71752e-11 3.01958e-31 2.30394e-30
7.75228e-11 2.97855e-31 2.00198e-30
7.78719e-11 2.93809e-31 1.70412e-30
7.82226e-11 2.8982e-31 1.41032e-30
7.85749e-11 2.85887e-31 1.1205e-30
7.89288e-11 2.82009e-31 8.34609e-31
7.92842e-11 2.78185e-31 5.526e-31
7.96413e-11 2.74415e-31 2.74415e-31
