1e-14 9.02636e-60 8.21546e-53
1.0045e-14 9.28983e-60 8.21546e-53
1.00903e-14 9.56057e-60 8.21546e-53
1.01357e-14 9.83875e-60 8.21546e-53
1.01814e-14 1.01246e-59 8.21546e-53
1.02272e-14 1.04182e-59 8.21546e-53
1.02733e-14 1.072e-59 8.21546e-53
1.03196e-14 1.10299e-59 8.21545e-53
1.0366e-14 1.13483e-59 8.21545e-53
1.04127e-14 1.16754e-59 8.21545e-53
1.04596e-14 1.20114e-59 8.21545e-53
1.05067e-14 1.23565e-59 8.21545e-53
1.0554e-14 1.27109e-59 8.21545e-53
1.06016e-14 1.30749e-59 8.21545e-53
1.06493e-14 1.34488e-59 8.21545e-53
1.06973e-14 1.38327e-59 8.21544e-53
1.07455e-14 1.4227e-59 8.21544e-53
1.07938e-14 1.46318e-59 8.21544e-53
1.08425e-14 1.50475e-59 8.21544e-53
1.08913e-14 1.54744e-59 8.21544e-53
1.09403e-14 1.59126e-59 8.21544e-53
1.09896e-14 1.63625e-59 8.21544e-53
1.10391e-14 1.68244e-59 8.21543e-53
1.10888e-14 1.72985e-59 8.21543e-53
1.11388e-14 1.77852e-59 8.21543e-53
1.11889e-14 1.82848e-59 8.21543e-53
1.12393e-14 1.87976e-59 8.21543e-53
1.12899e-14 1.9324e-59 8.21543e-53
1.13408e-14 1.98641e-59 8.21542e-53
1.13919e-14 2.04185e-59 8.21542e-53
1.14432e-14 2.09874e-59 8.21542e-53
1.14947e-14 2.15713e-59 8.21542e-53
1.15465e-14 2.21703e-59 8.21542e-53
1.15985e-14 2.2785e-59 8.21541e-53
1.16507e-14 2.34157e-59 8.21541e-53
1.17032e-14 2.40628e-59 8.21541e-53
1.17559e-14 2.47267e-59 8.21541e-53
1.18088e-14 2.54078e-59 8.2154e-53
1.1862e-14 2.61065e-59 8.2154e-53
1.19154e-14 2.68232e-59 8.2154e-53
1.19691e-14 2.75583e-59 8.2154e-53
1.2023e-14 2.83124e-59 8.21539e-53
1.20772e-14 2.90858e-59 8.21539e-53
1.21316e-14 2.9879e-59 8.21539e-53
1.21862e-14 3.06925e-59 8.21538e-53
1.22411e-14 3.15267e-59 8.21538e-53
1.22962e-14 3.23822e-59 8.21538e-53
1.23516e-14 3.32594e-59 8.21537e-53
1.24072e-14 3.41589e-59 8.21537e-53
1.24631e-14 3.50811e-59 8.21537e-53
1.25192e-14 3.60267e-59 8.21536e-53
1.25756e-14 3.69961e-59 8.21536e-53
1.26322e-14 3.79899e-59 8.21536e-53
1.26891e-14 3.90087e-59 8.21535e-53
1.27463e-14 4.0053e-59 8.21535e-53
1.28037e-14 4.11235e-59 8.21535e-53
1.28613e-14 4.22207e-59 8.21534e-53
1.29193e-14 4.33453e-59 8.21534e-53
1.29775e-14 4.44979e-59 8.21533e-53
1.30359e-14 4.56792e-59 8.21533e-53
1.30946e-14 4.68897e-59 8.21532e-53
1.31536e-14 4.81301e-59 8.21532e-53
1.32128e-14 4.94012e-59 8.21531e-53
1.32723e-14 5.07037e-59 8.21531e-53
1.33321e-14 5.20382e-59 8.2153e-53
1.33922e-14 5.34054e-59 8.2153e-53
1.34525e-14 5.48062e-59 8.21529e-53
1.35131e-14 5.62413e-59 8.21529e-53
1.35739e-14 5.77113e-59 8.21528e-53
1.3635e-14 5.92172e-59 8.21528e-53
1.36965e-14 6.07597e-59 8.21527e-53
1.37581e-14 6.23397e-59 8.21526e-53
1.38201e-14 6.39579e-59 8.21526e-53
1.38823e-14 6.56152e-59 8.21525e-53
1.39449e-14 6.73125e-59 8.21525e-53
1.40077e-14 6.90507e-59 8.21524e-53
1.40708e-14 7.08307e-59 8.21523e-53
1.41341e-14 7.26534e-59 8.21522e-53
1.41978e-14 7.45196e-59 8.21522e-53
1.42617e-14 7.64305e-59 8.21521e-53
1.4326e-14 7.83869e-59 8.2152e-53
1.43905e-14 8.03899e-59 8.21519e-53
1.44553e-14 8.24404e-59 8.21519e-53
1.45204e-14 8.45396e-59 8.21518e-53
1.45858e-14 8.66883e-59 8.21517e-53
1.46515e-14 8.88878e-59 8.21516e-53
1.47175e-14 9.11391e-59 8.21515e-53
1.47837e-14 9.34433e-59 8.21514e-53
1.48503e-14 9.58016e-59 8.21513e-53
1.49172e-14 9.82151e-59 8.21512e-53
1.49844e-14 1.00685e-58 8.21511e-53
1.50519e-14 1.03212e-58 8.2151e-53
1.51197e-14 1.05799e-58 8.21509e-53
1.51878e-14 1.08445e-58 8.21508e-53
1.52562e-14 1.11153e-58 8.21507e-53
1.53249e-14 1.13923e-58 8.21506e-53
1.53939e-14 1.16757e-58 8.21505e-53
1.54632e-14 1.19657e-58 8.21504e-53
1.55329e-14 1.22623e-58 8.21503e-53
1.56028e-14 1.25657e-58 8.21501e-53
1.56731e-14 1.28761e-58 8.215e-53
1.57437e-14 1.31935e-58 8.21499e-53
1.58146e-14 1.35182e-58 8.21498e-53
1.58858e-14 1.38503e-58 8.21496e-53
1.59573e-14 1.41899e-58 8.21495e-53
1.60292e-14 1.45372e-58 8.21493e-53
1.61014e-14 1.48923e-58 8.21492e-53
1.61739e-14 1.52555e-58 8.2149e-53
1.62468e-14 1.56268e-58 8.21489e-53
1.63199e-14 1.60065e-58 8.21487e-53
1.63934e-14 1.63947e-58 8.21486e-53
1.64673e-14 1.67915e-58 8.21484e-53
1.65414e-14 1.71972e-58 8.21482e-53
1.66159e-14 1.7612e-58 8.21481e-53
1.66908e-14 1.8036e-58 8.21479e-53
1.67659e-14 1.84693e-58 8.21477e-53
1.68414e-14 1.89123e-58 8.21475e-53
1.69173e-14 1.9365e-58 8.21473e-53
1.69935e-14 1.98278e-58 8.21471e-53
1.707e-14 2.03006e-58 8.2147e-53
1.71469e-14 2.07839e-58 8.21467e-53
1.72241e-14 2.12777e-58 8.21465e-53
1.73017e-14 2.17824e-58 8.21463e-53
1.73796e-14 2.2298e-58 8.21461e-53
1.74579e-14 2.28248e-58 8.21459e-53
1.75365e-14 2.33631e-58 8.21457e-53
1.76155e-14 2.3913e-58 8.21454e-53
1.76948e-14 2.44748e-58 8.21452e-53
1.77745e-14 2.50487e-58 8.21449e-53
1.78546e-14 2.5635e-58 8.21447e-53
1.7935e-14 2.62338e-58 8.21444e-53
1.80158e-14 2.68455e-58 8.21442e-53
1.80969e-14 2.74702e-58 8.21439e-53
1.81784e-14 2.81083e-58 8.21436e-53
1.82603e-14 2.87599e-58 8.21433e-53
1.83425e-14 2.94253e-58 8.21431e-53
1.84251e-14 3.01049e-58 8.21428e-53
1.85081e-14 3.07987e-58 8.21425e-53
1.85914e-14 3.15073e-58 8.21422e-53
1.86752e-14 3.22307e-58 8.21418e-53
1.87593e-14 3.29693e-58 8.21415e-53
1.88438e-14 3.37234e-58 8.21412e-53
1.89286e-14 3.44932e-58 8.21409e-53
1.90139e-14 3.52791e-58 8.21405e-53
1.90995e-14 3.60813e-58 8.21402e-53
1.91855e-14 3.69001e-58 8.21398e-53
1.92719e-14 3.77359e-58 8.21394e-53
1.93587e-14 3.8589e-58 8.2139e-53
1.94459e-14 3.94597e-58 8.21387e-53
1.95335e-14 4.03482e-58 8.21383e-53
1.96215e-14 4.1255e-58 8.21379e-53
1.97098e-14 4.21803e-58 8.21375e-53
1.97986e-14 4.31245e-58 8.2137e-53
1.98878e-14 4.4088e-58 8.21366e-53
1.99774e-14 4.5071e-58 8.21362e-53
2.00673e-14 4.60739e-58 8.21357e-53
2.01577e-14 4.70972e-58 8.21352e-53
2.02485e-14 4.81411e-58 8.21348e-53
2.03397e-14 4.9206e-58 8.21343e-53
2.04313e-14 5.02923e-58 8.21338e-53
2.05233e-14 5.14003e-58 8.21333e-53
2.06157e-14 5.25305e-58 8.21328e-53
2.07086e-14 5.36832e-58 8.21323e-53
2.08018e-14 5.48589e-58 8.21317e-53
2.08955e-14 5.60579e-58 8.21312e-53
2.09896e-14 5.72807e-58 8.21306e-53
2.10842e-14 5.85275e-58 8.213e-53
2.11791e-14 5.9799e-58 8.21295e-53
2.12745e-14 6.10954e-58 8.21289e-53
2.13703e-14 6.24173e-58 8.21282e-53
2.14666e-14 6.3765e-58 8.21276e-53
2.15632e-14 6.51391e-58 8.2127e-53
2.16604e-14 6.65398e-58 8.21263e-53
2.17579e-14 6.79678e-58 8.21257e-53
2.18559e-14 6.94234e-58 8.2125e-53
2.19543e-14 7.09072e-58 8.21243e-53
2.20532e-14 7.24195e-58 8.21236e-53
2.21525e-14 7.3961e-58 8.21229e-53
2.22523e-14 7.5532e-58 8.21221e-53
2.23525e-14 7.71331e-58 8.21214e-53
2.24532e-14 7.87647e-58 8.21206e-53
2.25543e-14 8.04274e-58 8.21198e-53
2.26559e-14 8.21216e-58 8.2119e-53
2.27579e-14 8.3848e-58 8.21182e-53
2.28604e-14 8.5607e-58 8.21173e-53
2.29634e-14 8.73991e-58 8.21165e-53
2.30668e-14 8.9225e-58 8.21156e-53
2.31707e-14 9.1085e-58 8.21147e-53
2.3275e-14 9.29799e-58 8.21138e-53
2.33799e-14 9.49101e-58 8.21129e-53
2.34852e-14 9.68763e-58 8.21119e-53
2.35909e-14 9.88789e-58 8.2111e-53
2.36972e-14 1.00919e-57 8.211e-53
2.38039e-14 1.02996e-57 8.2109e-53
2.39111e-14 1.05112e-57 8.21079e-53
2.40188e-14 1.07266e-57 8.21069e-53
2.4127e-14 1.0946e-57 8.21058e-53
2.42356e-14 1.11694e-57 8.21047e-53
2.43448e-14 1.13969e-57 8.21036e-53
2.44544e-14 1.16286e-57 8.21025e-53
2.45646e-14 1.18644e-57 8.21013e-53
2.46752e-14 1.21045e-57 8.21001e-53
2.47863e-14 1.23489e-57 8.20989e-53
2.4898e-14 1.25977e-57 8.20977e-53
2.50101e-14 1.2851e-57 8.20964e-53
2.51227e-14 1.31088e-57 8.20951e-53
2.52359e-14 1.33712e-57 8.20938e-53
2.53495e-14 1.36383e-57 8.20925e-53
2.54637e-14 1.39102e-57 8.20911e-53
2.55784e-14 1.41868e-57 8.20897e-53
2.56936e-14 1.44684e-57 8.20883e-53
2.58093e-14 1.47549e-57 8.20869e-53
2.59255e-14 1.50464e-57 8.20854e-53
2.60423e-14 1.5343e-57 8.20839e-53
2.61596e-14 1.56449e-57 8.20823e-53
2.62774e-14 1.59519e-57 8.20808e-53
2.63957e-14 1.62644e-57 8.20792e-53
2.65146e-14 1.65822e-57 8.20775e-53
2.6634e-14 1.69055e-57 8.20759e-53
2.6754e-14 1.72344e-57 8.20742e-53
2.68745e-14 1.7569e-57 8.20725e-53
2.69955e-14 1.79092e-57 8.20707e-53
2.71171e-14 1.82553e-57 8.20689e-53
2.72392e-14 1.86073e-57 8.20671e-53
2.73619e-14 1.89653e-57 8.20652e-53
2.74851e-14 1.93294e-57 8.20633e-53
2.76089e-14 1.96996e-57 8.20614e-53
2.77332e-14 2.0076e-57 8.20594e-53
2.78581e-14 2.04588e-57 8.20574e-53
2.79836e-14 2.0848e-57 8.20554e-53
2.81096e-14 2.12437e-57 8.20533e-53
2.82362e-14 2.1646e-57 8.20512e-53
2.83634e-14 2.20549e-57 8.2049e-53
2.84912e-14 2.24707e-57 8.20468e-53
2.86195e-14 2.28933e-57 8.20446e-53
2.87484e-14 2.33229e-57 8.20423e-53
2.88778e-14 2.37595e-57 8.20399e-53
2.90079e-14 2.42033e-57 8.20376e-53
2.91385e-14 2.46543e-57 8.20351e-53
2.92698e-14 2.51127e-57 8.20327e-53
2.94016e-14 2.55785e-57 8.20302e-53
2.9534e-14 2.60519e-57 8.20276e-53
2.9667e-14 2.65329e-57 8.2025e-53
2.98006e-14 2.70216e-57 8.20224e-53
2.99348e-14 2.75182e-57 8.20197e-53
3.00697e-14 2.80228e-57 8.20169e-53
3.02051e-14 2.85354e-57 8.20141e-53
3.03411e-14 2.90561e-57 8.20112e-53
3.04778e-14 2.95851e-57 8.20083e-53
3.0615e-14 3.01224e-57 8.20054e-53
3.07529e-14 3.06683e-57 8.20024e-53
3.08914e-14 3.12227e-57 8.19993e-53
3.10305e-14 3.17858e-57 8.19962e-53
3.11703e-14 3.23577e-57 8.1993e-53
3.13107e-14 3.29384e-57 8.19898e-53
3.14517e-14 3.35282e-57 8.19865e-53
3.15933e-14 3.41272e-57 8.19831e-53
3.17356e-14 3.47354e-57 8.19797e-53
3.18786e-14 3.53529e-57 8.19762e-53
3.20221e-14 3.59799e-57 8.19727e-53
3.21663e-14 3.66165e-57 8.19691e-53
3.23112e-14 3.72628e-57 8.19654e-53
3.24567e-14 3.79189e-57 8.19617e-53
3.26029e-14 3.85849e-57 8.19579e-53
3.27497e-14 3.9261e-57 8.19541e-53
3.28972e-14 3.99473e-57 8.19501e-53
3.30454e-14 4.06438e-57 8.19461e-53
3.31942e-14 4.13508e-57 8.19421e-53
3.33437e-14 4.20683e-57 8.19379e-53
3.34939e-14 4.27965e-57 8.19337e-53
3.36447e-14 4.35354e-57 8.19295e-53
3.37963e-14 4.42853e-57 8.19251e-53
3.39485e-14 4.50462e-57 8.19207e-53
3.41014e-14 4.58183e-57 8.19162e-53
3.42549e-14 4.66016e-57 8.19116e-53
3.44092e-14 4.73964e-57 8.19069e-53
3.45642e-14 4.82027e-57 8.19022e-53
3.47199e-14 4.90206e-57 8.18974e-53
3.48762e-14 4.98504e-57 8.18925e-53
3.50333e-14 5.06921e-57 8.18875e-53
3.51911e-14 5.15459e-57 8.18824e-53
3.53496e-14 5.24119e-57 8.18773e-53
3.55088e-14 5.32902e-57 8.1872e-53
3.56687e-14 5.41809e-57 8.18667e-53
3.58293e-14 5.50843e-57 8.18613e-53
3.59907e-14 5.60004e-57 8.18558e-53
3.61528e-14 5.69293e-57 8.18502e-53
3.63156e-14 5.78713e-57 8.18445e-53
3.64792e-14 5.88264e-57 8.18387e-53
3.66435e-14 5.97948e-57 8.18328e-53
3.68085e-14 6.07765e-57 8.18268e-53
3.69743e-14 6.17719e-57 8.18207e-53
3.71408e-14 6.27809e-57 8.18146e-53
3.73081e-14 6.38038e-57 8.18083e-53
3.74761e-14 6.48407e-57 8.18019e-53
3.76449e-14 6.58917e-57 8.17954e-53
3.78144e-14 6.69569e-57 8.17888e-53
3.79847e-14 6.80365e-57 8.17821e-53
3.81558e-14 6.91307e-57 8.17753e-53
3.83276e-14 7.02396e-57 8.17684e-53
3.85002e-14 7.13633e-57 8.17614e-53
3.86736e-14 7.25019e-57 8.17543e-53
3.88478e-14 7.36557e-57 8.1747e-53
3.90228e-14 7.48248e-57 8.17396e-53
3.91985e-14 7.60093e-57 8.17322e-53
3.93751e-14 7.72093e-57 8.17246e-53
3.95524e-14 7.84251e-57 8.17168e-53
3.97305e-14 7.96567e-57 8.1709e-53
3.99095e-14 8.09043e-57 8.1701e-53
4.00892e-14 8.2168e-57 8.16929e-53
4.02698e-14 8.34481e-57 8.16847e-53
4.04511e-14 8.47446e-57 8.16764e-53
4.06333e-14 8.60577e-57 8.16679e-53
4.08163e-14 8.73875e-57 8.16593e-53
4.10001e-14 8.87343e-57 8.16506e-53
4.11848e-14 9.0098e-57 8.16417e-53
4.13703e-14 9.1479e-57 8.16327e-53
4.15566e-14 9.28773e-57 8.16235e-53
4.17437e-14 9.42931e-57 8.16142e-53
4.19317e-14 9.57266e-57 8.16048e-53
4.21206e-14 9.71779e-57 8.15952e-53
4.23103e-14 9.86471e-57 8.15855e-53
4.25008e-14 1.00134e-56 8.15757e-53
4.26922e-14 1.0164e-56 8.15656e-53
4.28845e-14 1.03164e-56 8.15555e-53
4.30777e-14 1.04706e-56 8.15452e-53
4.32717e-14 1.06268e-56 8.15347e-53
4.34666e-14 1.07848e-56 8.15241e-53
4.36623e-14 1.09447e-56 8.15133e-53
4.3859e-14 1.11065e-56 8.15023e-53
4.40565e-14 1.12703e-56 8.14912e-53
4.42549e-14 1.1436e-56 8.148e-53
4.44542e-14 1.16036e-56 8.14685e-53
4.46544e-14 1.17733e-56 8.14569e-53
4.48555e-14 1.19449e-56 8.14451e-53
4.50575e-14 1.21185e-56 8.14332e-53
4.52605e-14 1.22942e-56 8.14211e-53
4.54643e-14 1.24719e-56 8.14088e-53
4.56691e-14 1.26516e-56 8.13963e-53
4.58748e-14 1.28334e-56 8.13837e-53
4.60814e-14 1.30173e-56 8.13708e-53
4.62889e-14 1.32033e-56 8.13578e-53
4.64974e-14 1.33914e-56 8.13446e-53
4.67068e-14 1.35817e-56 8.13312e-53
4.69171e-14 1.3774e-56 8.13176e-53
4.71284e-14 1.39686e-56 8.13039e-53
4.73407e-14 1.41653e-56 8.12899e-53
4.75539e-14 1.43642e-56 8.12757e-53
4.77681e-14 1.45652e-56 8.12614e-53
4.79832e-14 1.47685e-56 8.12468e-53
4.81993e-14 1.49741e-56 8.1232e-53
4.84164e-14 1.51818e-56 8.12171e-53
4.86344e-14 1.53919e-56 8.12019e-53
4.88535e-14 1.56042e-56 8.11865e-53
4.90735e-14 1.58188e-56 8.11709e-53
4.92945e-14 1.60356e-56 8.11551e-53
4.95165e-14 1.62548e-56 8.1139e-53
4.97395e-14 1.64764e-56 8.11228e-53
4.99635e-14 1.67003e-56 8.11063e-53
5.01886e-14 1.69265e-56 8.10896e-53
5.04146e-14 1.71551e-56 8.10727e-53
5.06416e-14 1.73861e-56 8.10555e-53
5.08697e-14 1.76195e-56 8.10381e-53
5.10988e-14 1.78552e-56 8.10205e-53
5.13289e-14 1.80935e-56 8.10026e-53
5.15601e-14 1.83341e-56 8.09846e-53
5.17923e-14 1.85772e-56 8.09662e-53
5.20256e-14 1.88228e-56 8.09476e-53
5.22599e-14 1.90708e-56 8.09288e-53
5.24953e-14 1.93214e-56 8.09097e-53
5.27317e-14 1.95744e-56 8.08904e-53
5.29692e-14 1.983e-56 8.08709e-53
5.32077e-14 2.0088e-56 8.0851e-53
5.34474e-14 2.03486e-56 8.08309e-53
5.36881e-14 2.06118e-56 8.08106e-53
5.39299e-14 2.08775e-56 8.079e-53
5.41728e-14 2.11459e-56 8.07691e-53
5.44167e-14 2.14168e-56 8.0748e-53
5.46618e-14 2.16902e-56 8.07265e-53
5.4908e-14 2.19663e-56 8.07048e-53
5.51553e-14 2.22451e-56 8.06829e-53
5.54037e-14 2.25264e-56 8.06606e-53
5.56532e-14 2.28104e-56 8.06381e-53
5.59039e-14 2.30971e-56 8.06153e-53
5.61556e-14 2.33864e-56 8.05922e-53
5.64085e-14 2.36784e-56 8.05688e-53
5.66626e-14 2.39731e-56 8.05451e-53
5.69178e-14 2.42705e-56 8.05212e-53
5.71741e-14 2.45705e-56 8.04969e-53
5.74316e-14 2.48733e-56 8.04723e-53
5.76903e-14 2.51789e-56 8.04474e-53
5.79501e-14 2.54871e-56 8.04223e-53
5.82111e-14 2.57981e-56 8.03968e-53
5.84732e-14 2.61119e-56 8.0371e-53
5.87366e-14 2.64284e-56 8.03449e-53
5.90011e-14 2.67477e-56 8.03184e-53
5.92668e-14 2.70697e-56 8.02917e-53
5.95338e-14 2.73946e-56 8.02646e-53
5.98019e-14 2.77222e-56 8.02372e-53
6.00712e-14 2.80526e-56 8.02095e-53
6.03418e-14 2.83859e-56 8.01815e-53
6.06135e-14 2.8722e-56 8.01531e-53
6.08865e-14 2.90608e-56 8.01243e-53
6.11607e-14 2.94026e-56 8.00953e-53
6.14362e-14 2.97471e-56 8.00659e-53
6.17129e-14 3.00945e-56 8.00361e-53
6.19908e-14 3.04447e-56 8.0006e-53
6.227e-14 3.07978e-56 7.99756e-53
6.25504e-14 3.11538e-56 7.99448e-53
6.28321e-14 3.15126e-56 7.99136e-53
6.31151e-14 3.18743e-56 7.98821e-53
6.33994e-14 3.22389e-56 7.98503e-53
6.36849e-14 3.26063e-56 7.9818e-53
6.39717e-14 3.29766e-56 7.97854e-53
6.42598e-14 3.33499e-56 7.97524e-53
6.45492e-14 3.3726e-56 7.97191e-53
6.484e-14 3.41049e-56 7.96854e-53
6.5132e-14 3.44868e-56 7.96513e-53
6.54253e-14 3.48716e-56 7.96168e-53
6.572e-14 3.52593e-56 7.95819e-53
6.6016e-14 3.56499e-56 7.95466e-53
6.63133e-14 3.60434e-56 7.9511e-53
6.66119e-14 3.64398e-56 7.94749e-53
6.69119e-14 3.68391e-56 7.94385e-53
6.72133e-14 3.72414e-56 7.94017e-53
6.7516e-14 3.76465e-56 7.93644e-53
6.78201e-14 3.80545e-56 7.93268e-53
6.81255e-14 3.84655e-56 7.92887e-53
6.84323e-14 3.88794e-56 7.92503e-53
6.87405e-14 3.92961e-56 7.92114e-53
6.90501e-14 3.97158e-56 7.91721e-53
6.93611e-14 4.01384e-56 7.91324e-53
6.96735e-14 4.05639e-56 7.90922e-53
6.99873e-14 4.09923e-56 7.90517e-53
7.03025e-14 4.14236e-56 7.90107e-53
7.06191e-14 4.18578e-56 7.89692e-53
7.09371e-14 4.22949e-56 7.89274e-53
7.12566e-14 4.27349e-56 7.88851e-53
7.15775e-14 4.31777e-56 7.88424e-53
7.18999e-14 4.36235e-56 7.87992e-53
7.22237e-14 4.40721e-56 7.87556e-53
7.2549e-14 4.45236e-56 7.87115e-53
7.28757e-14 4.4978e-56 7.8667e-53
7.32039e-14 4.54352e-56 7.8622e-53
7.35336e-14 4.58953e-56 7.85766e-53
7.38648e-14 4.63583e-56 7.85307e-53
7.41975e-14 4.68241e-56 7.84843e-53
7.45316e-14 4.72927e-56 7.84375e-53
7.48673e-14 4.77642e-56 7.83902e-53
7.52045e-14 4.82385e-56 7.83424e-53
7.55432e-14 4.87156e-56 7.82942e-53
7.58834e-14 4.91955e-56 7.82455e-53
7.62252e-14 4.96782e-56 7.81963e-53
7.65685e-14 5.01637e-56 7.81466e-53
7.69133e-14 5.0652e-56 7.80964e-53
7.72597e-14 5.1143e-56 7.80458e-53
7.76076e-14 5.16368e-56 7.79946e-53
7.79572e-14 5.21333e-56 7.7943e-53
7.83083e-14 5.26326e-56 7.78909e-53
7.86609e-14 5.31346e-56 7.78382e-53
7.90152e-14 5.36393e-56 7.77851e-53
7.93711e-14 5.41468e-56 7.77315e-53
7.97285e-14 5.46569e-56 7.76773e-53
8.00876e-14 5.51697e-56 7.76227e-53
8.04483e-14 5.56851e-56 7.75675e-53
8.08106e-14 5.62032e-56 7.75118e-53
8.11746e-14 5.67239e-56 7.74556e-53
8.15402e-14 5.72472e-56 7.73989e-53
8.19074e-14 5.77732e-56 7.73416e-53
8.22763e-14 5.83017e-56 7.72838e-53
8.26468e-14 5.88328e-56 7.72255e-53
8.3019e-14 5.93664e-56 7.71667e-53
8.33929e-14 5.99026e-56 7.71073e-53
8.37685e-14 6.04413e-56 7.70474e-53
8.41458e-14 6.09825e-56 7.6987e-53
8.45247e-14 6.15262e-56 7.6926e-53
8.49054e-14 6.20724e-56 7.68645e-53
8.52878e-14 6.2621e-56 7.68024e-53
8.56719e-14 6.3172e-56 7.67398e-53
8.60578e-14 6.37254e-56 7.66766e-53
8.64453e-14 6.42812e-56 7.66129e-53
8.68347e-14 6.48394e-56 7.65486e-53
8.72257e-14 6.53999e-56 7.64838e-53
8.76186e-14 6.59628e-56 7.64184e-53
8.80132e-14 6.6528e-56 7.63524e-53
8.84096e-14 6.70954e-56 7.62859e-53
8.88077e-14 6.76651e-56 7.62188e-53
8.92077e-14 6.8237e-56 7.61511e-53
8.96095e-14 6.88111e-56 7.60829e-53
9.00131e-14 6.93875e-56 7.60141e-53
9.04184e-14 6.9966e-56 7.59447e-53
9.08257e-14 7.05466e-56 7.58747e-53
9.12347e-14 7.11293e-56 7.58042e-53
9.16456e-14 7.17141e-56 7.57331e-53
9.20584e-14 7.2301e-56 7.56613e-53
9.2473e-14 7.28899e-56 7.5589e-53
9.28894e-14 7.34808e-56 7.55161e-53
9.33078e-14 7.40737e-56 7.54427e-53
9.3728e-14 7.46686e-56 7.53686e-53
9.41501e-14 7.52654e-56 7.52939e-53
9.45742e-14 7.5864e-56 7.52187e-53
9.50001e-14 7.64646e-56 7.51428e-53
9.54279e-14 7.7067e-56 7.50663e-53
9.58577e-14 7.76712e-56 7.49893e-53
9.62894e-14 7.82771e-56 7.49116e-53
9.67231e-14 7.88848e-56 7.48333e-53
9.71587e-14 7.94943e-56 7.47544e-53
9.75963e-14 8.01054e-56 7.46749e-53
9.80358e-14 8.07182e-56 7.45948e-53
9.84774e-14 8.13325e-56 7.45141e-53
9.89209e-14 8.19485e-56 7.44328e-53
9.93664e-14 8.25661e-56 7.43508e-53
9.98139e-14 8.31851e-56 7.42683e-53
1.00263e-13 8.38057e-56 7.41851e-53
1.00715e-13 8.44277e-56 7.41013e-53
1.01169e-13 8.50511e-56 7.40168e-53
1.01624e-13 8.5676e-56 7.39318e-53
1.02082e-13 8.63021e-56 7.38461e-53
1.02542e-13 8.69296e-56 7.37598e-53
1.03003e-13 8.75584e-56 7.36729e-53
1.03467e-13 8.81884e-56 7.35853e-53
1.03933e-13 8.88196e-56 7.34971e-53
1.04401e-13 8.9452e-56 7.34083e-53
1.04872e-13 9.00856e-56 7.33189e-53
1.05344e-13 9.07202e-56 7.32288e-53
1.05818e-13 9.13559e-56 7.31381e-53
1.06295e-13 9.19926e-56 7.30467e-53
1.06774e-13 9.26303e-56 7.29547e-53
1.07255e-13 9.3269e-56 7.28621e-53
1.07738e-13 9.39085e-56 7.27688e-53
1.08223e-13 9.45489e-56 7.26749e-53
1.0871e-13 9.51902e-56 7.25804e-53
1.092e-13 9.58322e-56 7.24852e-53
1.09692e-13 9.6475e-56 7.23893e-53
1.10186e-13 9.71185e-56 7.22929e-53
1.10682e-13 9.77626e-56 7.21957e-53
1.1118e-13 9.84074e-56 7.2098e-53
1.11681e-13 9.90527e-56 7.19996e-53
1.12184e-13 9.96986e-56 7.19005e-53
1.12689e-13 1.00345e-55 7.18008e-53
1.13197e-13 1.00992e-55 7.17005e-53
1.13707e-13 1.01639e-55 7.15995e-53
1.14219e-13 1.02287e-55 7.14978e-53
1.14733e-13 1.02935e-55 7.13956e-53
1.1525e-13 1.03583e-55 7.12926e-53
1.15769e-13 1.04231e-55 7.1189e-53
1.1629e-13 1.0488e-55 7.10848e-53
1.16814e-13 1.05529e-55 7.09799e-53
1.1734e-13 1.06178e-55 7.08744e-53
1.17869e-13 1.06827e-55 7.07682e-53
1.18399e-13 1.07476e-55 7.06614e-53
1.18933e-13 1.08125e-55 7.05539e-53
1.19468e-13 1.08774e-55 7.04458e-53
1.20006e-13 1.09422e-55 7.0337e-53
1.20547e-13 1.10071e-55 7.02276e-53
1.2109e-13 1.10719e-55 7.01175e-53
1.21635e-13 1.11367e-55 7.00068e-53
1.22183e-13 1.12015e-55 6.98954e-53
1.22733e-13 1.12663e-55 6.97834e-53
1.23286e-13 1.1331e-55 6.96708e-53
1.23841e-13 1.13956e-55 6.95575e-53
1.24399e-13 1.14603e-55 6.94435e-53
1.24959e-13 1.15248e-55 6.93289e-53
1.25522e-13 1.15893e-55 6.92136e-53
1.26087e-13 1.16538e-55 6.90978e-53
1.26655e-13 1.17181e-55 6.89812e-53
1.27226e-13 1.17824e-55 6.8864e-53
1.27799e-13 1.18466e-55 6.87462e-53
1.28374e-13 1.19108e-55 6.86277e-53
1.28952e-13 1.19748e-55 6.85086e-53
1.29533e-13 1.20388e-55 6.83889e-53
1.30116e-13 1.21026e-55 6.82685e-53
1.30702e-13 1.21664e-55 6.81475e-53
1.31291e-13 1.223e-55 6.80258e-53
1.31882e-13 1.22936e-55 6.79035e-53
1.32476e-13 1.2357e-55 6.77806e-53
1.33073e-13 1.24203e-55 6.7657e-53
1.33672e-13 1.24835e-55 6.75328e-53
1.34274e-13 1.25465e-55 6.7408e-53
1.34879e-13 1.26094e-55 6.72825e-53
1.35487e-13 1.26722e-55 6.71564e-53
1.36097e-13 1.27348e-55 6.70297e-53
1.3671e-13 1.27973e-55 6.69023e-53
1.37325e-13 1.28596e-55 6.67744e-53
1.37944e-13 1.29217e-55 6.66458e-53
1.38565e-13 1.29837e-55 6.65166e-53
1.39189e-13 1.30455e-55 6.63867e-53
1.39816e-13 1.31071e-55 6.62563e-53
1.40446e-13 1.31686e-55 6.61252e-53
1.41078e-13 1.32299e-55 6.59935e-53
1.41714e-13 1.3291e-55 6.58612e-53
1.42352e-13 1.33518e-55 6.57283e-53
1.42993e-13 1.34125e-55 6.55948e-53
1.43637e-13 1.3473e-55 6.54607e-53
1.44284e-13 1.35333e-55 6.53259e-53
1.44934e-13 1.35933e-55 6.51906e-53
1.45586e-13 1.36531e-55 6.50547e-53
1.46242e-13 1.37128e-55 6.49181e-53
1.46901e-13 1.37721e-55 6.4781e-53
1.47562e-13 1.38313e-55 6.46433e-53
1.48227e-13 1.38902e-55 6.4505e-53
1.48894e-13 1.39488e-55 6.43661e-53
1.49565e-13 1.40073e-55 6.42266e-53
1.50239e-13 1.40654e-55 6.40865e-53
1.50915e-13 1.41233e-55 6.39458e-53
1.51595e-13 1.41809e-55 6.38046e-53
1.52278e-13 1.42383e-55 6.36628e-53
1.52963e-13 1.42954e-55 6.35204e-53
1.53652e-13 1.43522e-55 6.33775e-53
1.54344e-13 1.44087e-55 6.32339e-53
1.5504e-13 1.4465e-55 6.30899e-53
1.55738e-13 1.45209e-55 6.29452e-53
1.56439e-13 1.45766e-55 6.28e-53
1.57144e-13 1.46319e-55 6.26542e-53
1.57851e-13 1.4687e-55 6.25079e-53
1.58562e-13 1.47417e-55 6.2361e-53
1.59277e-13 1.47961e-55 6.22136e-53
1.59994e-13 1.48503e-55 6.20657e-53
1.60714e-13 1.4904e-55 6.19172e-53
1.61438e-13 1.49575e-55 6.17681e-53
1.62165e-13 1.50106e-55 6.16185e-53
1.62896e-13 1.50634e-55 6.14684e-53
1.63629e-13 1.51158e-55 6.13178e-53
1.64366e-13 1.51679e-55 6.11666e-53
1.65106e-13 1.52196e-55 6.1015e-53
1.6585e-13 1.5271e-55 6.08628e-53
1.66597e-13 1.5322e-55 6.07101e-53
1.67347e-13 1.53727e-55 6.05568e-53
1.68101e-13 1.54229e-55 6.04031e-53
1.68858e-13 1.54729e-55 6.02489e-53
1.69619e-13 1.55224e-55 6.00942e-53
1.70382e-13 1.55715e-55 5.99389e-53
1.7115e-13 1.56203e-55 5.97832e-53
1.71921e-13 1.56687e-55 5.9627e-53
1.72695e-13 1.57167e-55 5.94703e-53
1.73473e-13 1.57642e-55 5.93132e-53
1.74254e-13 1.58114e-55 5.91555e-53
1.75039e-13 1.58582e-55 5.89974e-53
1.75827e-13 1.59046e-55 5.88388e-53
1.76619e-13 1.59505e-55 5.86798e-53
1.77414e-13 1.5996e-55 5.85203e-53
1.78213e-13 1.60412e-55 5.83603e-53
1.79016e-13 1.60858e-55 5.81999e-53
1.79822e-13 1.61301e-55 5.8039e-53
1.80632e-13 1.61739e-55 5.78777e-53
1.81446e-13 1.62173e-55 5.7716e-53
1.82263e-13 1.62602e-55 5.75538e-53
1.83084e-13 1.63027e-55 5.73912e-53
1.83908e-13 1.63448e-55 5.72282e-53
1.84736e-13 1.63864e-55 5.70648e-53
1.85568e-13 1.64275e-55 5.69009e-53
1.86404e-13 1.64682e-55 5.67366e-53
1.87244e-13 1.65084e-55 5.65719e-53
1.88087e-13 1.65482e-55 5.64068e-53
1.88934e-13 1.65875e-55 5.62414e-53
1.89785e-13 1.66263e-55 5.60755e-53
1.9064e-13 1.66646e-55 5.59092e-53
1.91498e-13 1.67025e-55 5.57426e-53
1.92361e-13 1.67399e-55 5.55756e-53
1.93227e-13 1.67768e-55 5.54082e-53
1.94097e-13 1.68132e-55 5.52404e-53
1.94972e-13 1.68491e-55 5.50723e-53
1.9585e-13 1.68845e-55 5.49038e-53
1.96732e-13 1.69194e-55 5.47349e-53
1.97618e-13 1.69538e-55 5.45657e-53
1.98508e-13 1.69878e-55 5.43962e-53
1.99402e-13 1.70212e-55 5.42263e-53
2.003e-13 1.70541e-55 5.40561e-53
2.01202e-13 1.70865e-55 5.38856e-53
2.02108e-13 1.71183e-55 5.37147e-53
2.03018e-13 1.71497e-55 5.35435e-53
2.03933e-13 1.71806e-55 5.3372e-53
2.04851e-13 1.72109e-55 5.32002e-53
2.05774e-13 1.72407e-55 5.30281e-53
2.067e-13 1.727e-55 5.28557e-53
2.07631e-13 1.72987e-55 5.2683e-53
2.08566e-13 1.73269e-55 5.251e-53
2.09506e-13 1.73546e-55 5.23367e-53
2.10449e-13 1.73817e-55 5.21632e-53
2.11397e-13 1.74084e-55 5.19894e-53
2.12349e-13 1.74344e-55 5.18153e-53
2.13306e-13 1.746e-55 5.16409e-53
2.14266e-13 1.74849e-55 5.14663e-53
2.15231e-13 1.75094e-55 5.12915e-53
2.16201e-13 1.75333e-55 5.11164e-53
2.17174e-13 1.75566e-55 5.09411e-53
2.18152e-13 1.75794e-55 5.07655e-53
2.19135e-13 1.76017e-55 5.05897e-53
2.20122e-13 1.76234e-55 5.04137e-53
2.21113e-13 1.76445e-55 5.02375e-53
2.22109e-13 1.76651e-55 5.0061e-53
2.23109e-13 1.76851e-55 4.98844e-53
2.24114e-13 1.77046e-55 4.97075e-53
2.25123e-13 1.77234e-55 4.95305e-53
2.26137e-13 1.77418e-55 4.93532e-53
2.27156e-13 1.77596e-55 4.91758e-53
2.28179e-13 1.77768e-55 4.89982e-53
2.29206e-13 1.77934e-55 4.88205e-53
2.30239e-13 1.78095e-55 4.86425e-53
2.31276e-13 1.7825e-55 4.84644e-53
2.32317e-13 1.78399e-55 4.82862e-53
2.33364e-13 1.78543e-55 4.81078e-53
2.34415e-13 1.78681e-55 4.79292e-53
2.3547e-13 1.78813e-55 4.77506e-53
2.36531e-13 1.7894e-55 4.75717e-53
2.37596e-13 1.79061e-55 4.73928e-53
2.38666e-13 1.79176e-55 4.72137e-53
2.39741e-13 1.79285e-55 4.70346e-53
2.40821e-13 1.79389e-55 4.68553e-53
2.41905e-13 1.79487e-55 4.66759e-53
2.42995e-13 1.79579e-55 4.64964e-53
2.44089e-13 1.79665e-55 4.63168e-53
2.45188e-13 1.79746e-55 4.61372e-53
2.46293e-13 1.79821e-55 4.59574e-53
2.47402e-13 1.7989e-55 4.57776e-53
2.48516e-13 1.79954e-55 4.55977e-53
2.49635e-13 1.80011e-55 4.54177e-53
2.5076e-13 1.80063e-55 4.52377e-53
2.51889e-13 1.80109e-55 4.50577e-53
2.53023e-13 1.80149e-55 4.48776e-53
2.54163e-13 1.80184e-55 4.46974e-53
2.55308e-13 1.80213e-55 4.45172e-53
2.56458e-13 1.80236e-55 4.4337e-53
2.57613e-13 1.80253e-55 4.41568e-53
2.58773e-13 1.80265e-55 4.39765e-53
2.59938e-13 1.80271e-55 4.37963e-53
2.61109e-13 1.80271e-55 4.3616e-53
2.62285e-13 1.80266e-55 4.34357e-53
2.63466e-13 1.80254e-55 4.32555e-53
2.64653e-13 1.80237e-55 4.30752e-53
2.65845e-13 1.80215e-55 4.2895e-53
2.67042e-13 1.80186e-55 4.27147e-53
2.68245e-13 1.80152e-55 4.25346e-53
2.69453e-13 1.80113e-55 4.23544e-53
2.70666e-13 1.80067e-55 4.21743e-53
2.71885e-13 1.80016e-55 4.19942e-53
2.7311e-13 1.7996e-55 4.18142e-53
2.7434e-13 1.79898e-55 4.16343e-53
2.75575e-13 1.7983e-55 4.14544e-53
2.76816e-13 1.79756e-55 4.12745e-53
2.78063e-13 1.79677e-55 4.10948e-53
2.79315e-13 1.79593e-55 4.09151e-53
2.80573e-13 1.79502e-55 4.07355e-53
2.81837e-13 1.79407e-55 4.0556e-53
2.83106e-13 1.79305e-55 4.03766e-53
2.84381e-13 1.79199e-55 4.01973e-53
2.85662e-13 1.79086e-55 4.00181e-53
2.86949e-13 1.78968e-55 3.9839e-53
2.88241e-13 1.78845e-55 3.966e-53
2.89539e-13 1.78717e-55 3.94812e-53
2.90843e-13 1.78583e-55 3.93025e-53
2.92153e-13 1.78443e-55 3.91239e-53
2.93469e-13 1.78298e-55 3.89454e-53
2.9479e-13 1.78148e-55 3.87671e-53
2.96118e-13 1.77992e-55 3.8589e-53
2.97452e-13 1.77831e-55 3.8411e-53
2.98791e-13 1.77665e-55 3.82332e-53
3.00137e-13 1.77494e-55 3.80555e-53
3.01489e-13 1.77317e-55 3.7878e-53
3.02847e-13 1.77135e-55 3.77007e-53
3.0421e-13 1.76948e-55 3.75236e-53
3.05581e-13 1.76755e-55 3.73466e-53
3.06957e-13 1.76558e-55 3.71699e-53
3.08339e-13 1.76355e-55 3.69933e-53
3.09728e-13 1.76147e-55 3.68169e-53
3.11123e-13 1.75934e-55 3.66408e-53
3.12524e-13 1.75716e-55 3.64649e-53
3.13932e-13 1.75493e-55 3.62892e-53
3.15345e-13 1.75265e-55 3.61137e-53
3.16766e-13 1.75032e-55 3.59384e-53
3.18192e-13 1.74794e-55 3.57634e-53
3.19625e-13 1.74551e-55 3.55886e-53
3.21065e-13 1.74303e-55 3.5414e-53
3.22511e-13 1.7405e-55 3.52397e-53
3.23963e-13 1.73793e-55 3.50657e-53
3.25422e-13 1.7353e-55 3.48919e-53
3.26888e-13 1.73263e-55 3.47183e-53
3.2836e-13 1.72991e-55 3.45451e-53
3.29839e-13 1.72715e-55 3.43721e-53
3.31324e-13 1.72433e-55 3.41994e-53
3.32817e-13 1.72147e-55 3.40269e-53
3.34316e-13 1.71857e-55 3.38548e-53
3.35821e-13 1.71561e-55 3.36829e-53
3.37334e-13 1.71262e-55 3.35114e-53
3.38853e-13 1.70957e-55 3.33401e-53
3.40379e-13 1.70648e-55 3.31692e-53
3.41912e-13 1.70335e-55 3.29985e-53
3.43452e-13 1.70017e-55 3.28282e-53
3.44999e-13 1.69695e-55 3.26582e-53
3.46552e-13 1.69369e-55 3.24885e-53
3.48113e-13 1.69038e-55 3.23191e-53
3.49681e-13 1.68703e-55 3.21501e-53
3.51256e-13 1.68363e-55 3.19813e-53
3.52838e-13 1.6802e-55 3.1813e-53
3.54427e-13 1.67672e-55 3.1645e-53
3.56023e-13 1.6732e-55 3.14773e-53
3.57627e-13 1.66964e-55 3.131e-53
3.59237e-13 1.66604e-55 3.1143e-53
3.60855e-13 1.6624e-55 3.09764e-53
3.6248e-13 1.65871e-55 3.08102e-53
3.64113e-13 1.65499e-55 3.06443e-53
3.65753e-13 1.65123e-55 3.04788e-53
3.674e-13 1.64743e-55 3.03137e-53
3.69055e-13 1.64359e-55 3.01489e-53
3.70717e-13 1.63971e-55 2.99846e-53
3.72386e-13 1.6358e-55 2.98206e-53
3.74063e-13 1.63185e-55 2.9657e-53
3.75748e-13 1.62786e-55 2.94938e-53
3.7744e-13 1.62383e-55 2.9331e-53
3.7914e-13 1.61977e-55 2.91687e-53
3.80848e-13 1.61567e-55 2.90067e-53
3.82563e-13 1.61154e-55 2.88451e-53
3.84286e-13 1.60737e-55 2.8684e-53
3.86017e-13 1.60317e-55 2.85232e-53
3.87755e-13 1.59893e-55 2.83629e-53
3.89502e-13 1.59466e-55 2.8203e-53
3.91256e-13 1.59035e-55 2.80436e-53
3.93018e-13 1.58602e-55 2.78845e-53
3.94788e-13 1.58165e-55 2.77259e-53
3.96566e-13 1.57724e-55 2.75678e-53
3.98352e-13 1.57281e-55 2.741e-53
4.00146e-13 1.56834e-55 2.72527e-53
4.01948e-13 1.56384e-55 2.70959e-53
4.03758e-13 1.55932e-55 2.69395e-53
4.05577e-13 1.55476e-55 2.67836e-53
4.07403e-13 1.55017e-55 2.66281e-53
4.09238e-13 1.54555e-55 2.64731e-53
4.11081e-13 1.54091e-55 2.63185e-53
4.12933e-13 1.53623e-55 2.61645e-53
4.14792e-13 1.53153e-55 2.60108e-53
4.16661e-13 1.5268e-55 2.58577e-53
4.18537e-13 1.52204e-55 2.5705e-53
4.20422e-13 1.51726e-55 2.55528e-53
4.22315e-13 1.51245e-55 2.54011e-53
4.24217e-13 1.50761e-55 2.52498e-53
4.26128e-13 1.50274e-55 2.50991e-53
4.28047e-13 1.49786e-55 2.49488e-53
4.29975e-13 1.49294e-55 2.4799e-53
4.31911e-13 1.48801e-55 2.46497e-53
4.33857e-13 1.48305e-55 2.45009e-53
4.35811e-13 1.47806e-55 2.43526e-53
4.37773e-13 1.47305e-55 2.42048e-53
4.39745e-13 1.46802e-55 2.40575e-53
4.41725e-13 1.46297e-55 2.39107e-53
4.43715e-13 1.45789e-55 2.37644e-53
4.45713e-13 1.4528e-55 2.36186e-53
4.47721e-13 1.44768e-55 2.34733e-53
4.49737e-13 1.44254e-55 2.33286e-53
4.51762e-13 1.43738e-55 2.31843e-53
4.53797e-13 1.43221e-55 2.30406e-53
4.55841e-13 1.42701e-55 2.28973e-53
4.57894e-13 1.42179e-55 2.27546e-53
4.59956e-13 1.41656e-55 2.26125e-53
4.62028e-13 1.41131e-55 2.24708e-53
4.64108e-13 1.40604e-55 2.23297e-53
4.66199e-13 1.40075e-55 2.21891e-53
4.68298e-13 1.39544e-55 2.2049e-53
4.70407e-13 1.39012e-55 2.19095e-53
4.72526e-13 1.38479e-55 2.17704e-53
4.74654e-13 1.37943e-55 2.1632e-53
4.76792e-13 1.37407e-55 2.1494e-53
4.78939e-13 1.36868e-55 2.13566e-53
4.81096e-13 1.36329e-55 2.12197e-53
4.83263e-13 1.35787e-55 2.10834e-53
4.85439e-13 1.35245e-55 2.09476e-53
4.87626e-13 1.34701e-55 2.08124e-53
4.89822e-13 1.34156e-55 2.06777e-53
4.92028e-13 1.3361e-55 2.05435e-53
4.94244e-13 1.33062e-55 2.04099e-53
4.9647e-13 1.32514e-55 2.02769e-53
4.98705e-13 1.31964e-55 2.01443e-53
5.00952e-13 1.31413e-55 2.00124e-53
5.03208e-13 1.30861e-55 1.9881e-53
5.05474e-13 1.30308e-55 1.97501e-53
5.0775e-13 1.29754e-55 1.96198e-53
5.10037e-13 1.292e-55 1.949e-53
5.12334e-13 1.28644e-55 1.93608e-53
5.14642e-13 1.28087e-55 1.92322e-53
5.16959e-13 1.2753e-55 1.91041e-53
5.19288e-13 1.26972e-55 1.89766e-53
5.21626e-13 1.26413e-55 1.88496e-53
5.23976e-13 1.25854e-55 1.87232e-53
5.26336e-13 1.25294e-55 1.85973e-53
5.28706e-13 1.24733e-55 1.8472e-53
5.31087e-13 1.24172e-55 1.83473e-53
5.33479e-13 1.2361e-55 1.82231e-53
5.35882e-13 1.23047e-55 1.80995e-53
5.38295e-13 1.22484e-55 1.79765e-53
5.40719e-13 1.21921e-55 1.7854e-53
5.43155e-13 1.21357e-55 1.77321e-53
5.45601e-13 1.20793e-55 1.76107e-53
5.48058e-13 1.20229e-55 1.74899e-53
5.50526e-13 1.19664e-55 1.73697e-53
5.53006e-13 1.19099e-55 1.725e-53
5.55496e-13 1.18534e-55 1.71309e-53
5.57998e-13 1.17969e-55 1.70124e-53
5.60511e-13 1.17404e-55 1.68944e-53
5.63036e-13 1.16838e-55 1.6777e-53
5.65571e-13 1.16272e-55 1.66602e-53
5.68119e-13 1.15707e-55 1.65439e-53
5.70677e-13 1.15141e-55 1.64282e-53
5.73247e-13 1.14575e-55 1.63131e-53
5.75829e-13 1.1401e-55 1.61985e-53
5.78422e-13 1.13444e-55 1.60845e-53
5.81027e-13 1.12879e-55 1.5971e-53
5.83644e-13 1.12314e-55 1.58582e-53
5.86273e-13 1.11749e-55 1.57458e-53
5.88913e-13 1.11184e-55 1.56341e-53
5.91566e-13 1.10619e-55 1.55229e-53
5.9423e-13 1.10055e-55 1.54123e-53
5.96906e-13 1.09491e-55 1.53022e-53
5.99594e-13 1.08927e-55 1.51928e-53
6.02295e-13 1.08364e-55 1.50838e-53
6.05007e-13 1.07801e-55 1.49755e-53
6.07732e-13 1.07239e-55 1.48677e-53
6.10469e-13 1.06677e-55 1.47604e-53
6.13218e-13 1.06115e-55 1.46537e-53
6.1598e-13 1.05554e-55 1.45476e-53
6.18754e-13 1.04994e-55 1.44421e-53
6.21541e-13 1.04434e-55 1.43371e-53
6.2434e-13 1.03875e-55 1.42326e-53
6.27152e-13 1.03316e-55 1.41288e-53
6.29977e-13 1.02759e-55 1.40255e-53
6.32814e-13 1.02201e-55 1.39227e-53
6.35664e-13 1.01645e-55 1.38205e-53
6.38527e-13 1.01089e-55 1.37189e-53
6.41403e-13 1.00534e-55 1.36178e-53
6.44291e-13 9.99802e-56 1.35172e-53
6.47193e-13 9.94269e-56 1.34172e-53
6.50108e-13 9.88745e-56 1.33178e-53
6.53036e-13 9.8323e-56 1.32189e-53
6.55977e-13 9.77724e-56 1.31206e-53
6.58931e-13 9.72227e-56 1.30229e-53
6.61899e-13 9.66739e-56 1.29256e-53
6.6488e-13 9.61262e-56 1.2829e-53
6.67874e-13 9.55794e-56 1.27328e-53
6.70882e-13 9.50337e-56 1.26372e-53
6.73903e-13 9.44891e-56 1.25422e-53
6.76938e-13 9.39455e-56 1.24477e-53
6.79987e-13 9.3403e-56 1.23538e-53
6.8305e-13 9.28617e-56 1.22604e-53
6.86126e-13 9.23215e-56 1.21675e-53
6.89216e-13 9.17824e-56 1.20752e-53
6.9232e-13 9.12446e-56 1.19834e-53
6.95438e-13 9.0708e-56 1.18922e-53
6.9857e-13 9.01726e-56 1.18015e-53
7.01716e-13 8.96384e-56 1.17113e-53
7.04877e-13 8.91056e-56 1.16216e-53
7.08051e-13 8.8574e-56 1.15325e-53
7.1124e-13 8.80438e-56 1.1444e-53
7.14443e-13 8.75148e-56 1.13559e-53
7.17661e-13 8.69873e-56 1.12684e-53
7.20893e-13 8.64611e-56 1.11814e-53
7.2414e-13 8.59363e-56 1.1095e-53
7.27401e-13 8.5413e-56 1.1009e-53
7.30677e-13 8.4891e-56 1.09236e-53
7.33968e-13 8.43705e-56 1.08387e-53
7.37273e-13 8.38515e-56 1.07544e-53
7.40594e-13 8.3334e-56 1.06705e-53
7.43929e-13 8.28179e-56 1.05872e-53
7.4728e-13 8.23034e-56 1.05043e-53
7.50645e-13 8.17905e-56 1.0422e-53
7.54026e-13 8.1279e-56 1.03403e-53
7.57422e-13 8.07692e-56 1.0259e-53
7.60833e-13 8.02609e-56 1.01782e-53
7.6426e-13 7.97542e-56 1.00979e-53
7.67702e-13 7.92492e-56 1.00182e-53
7.71159e-13 7.87458e-56 9.93894e-54
7.74632e-13 7.8244e-56 9.86019e-54
7.78121e-13 7.77439e-56 9.78195e-54
7.81625e-13 7.72454e-56 9.70421e-54
7.85146e-13 7.67487e-56 9.62696e-54
7.88682e-13 7.62536e-56 9.55021e-54
7.92234e-13 7.57603e-56 9.47396e-54
7.95802e-13 7.52686e-56 9.3982e-54
7.99386e-13 7.47788e-56 9.32293e-54
8.02986e-13 7.42906e-56 9.24815e-54
8.06602e-13 7.38043e-56 9.17386e-54
8.10235e-13 7.33197e-56 9.10006e-54
8.13884e-13 7.28369e-56 9.02674e-54
8.1755e-13 7.23559e-56 8.9539e-54
8.21232e-13 7.18767e-56 8.88154e-54
8.2493e-13 7.13994e-56 8.80967e-54
8.28645e-13 7.09238e-56 8.73827e-54
8.32377e-13 7.04502e-56 8.66734e-54
8.36126e-13 6.99783e-56 8.59689e-54
8.39892e-13 6.95083e-56 8.52692e-54
8.43674e-13 6.90402e-56 8.45741e-54
8.47474e-13 6.8574e-56 8.38837e-54
8.51291e-13 6.81097e-56 8.31979e-54
8.55125e-13 6.76473e-56 8.25168e-54
8.58976e-13 6.71868e-56 8.18404e-54
8.62845e-13 6.67281e-56 8.11685e-54
8.66731e-13 6.62715e-56 8.05012e-54
8.70634e-13 6.58167e-56 7.98385e-54
8.74555e-13 6.53639e-56 7.91803e-54
8.78494e-13 6.4913e-56 7.85267e-54
8.82451e-13 6.44641e-56 7.78776e-54
8.86425e-13 6.40172e-56 7.72329e-54
8.90417e-13 6.35722e-56 7.65927e-54
8.94427e-13 6.31292e-56 7.5957e-54
8.98455e-13 6.26882e-56 7.53257e-54
9.02502e-13 6.22491e-56 7.46989e-54
9.06566e-13 6.18121e-56 7.40764e-54
9.10649e-13 6.1377e-56 7.34582e-54
9.14751e-13 6.09439e-56 7.28445e-54
9.1887e-13 6.05129e-56 7.2235e-54
9.23009e-13 6.00839e-56 7.16299e-54
9.27166e-13 5.96568e-56 7.10291e-54
9.31341e-13 5.92318e-56 7.04325e-54
9.35536e-13 5.88088e-56 6.98402e-54
9.39749e-13 5.83879e-56 6.92521e-54
9.43982e-13 5.7969e-56 6.86682e-54
9.48233e-13 5.75521e-56 6.80885e-54
9.52504e-13 5.71372e-56 6.7513e-54
9.56793e-13 5.67244e-56 6.69416e-54
9.61103e-13 5.63137e-56 6.63744e-54
9.65431e-13 5.59049e-56 6.58112e-54
9.69779e-13 5.54983e-56 6.52522e-54
9.74147e-13 5.50937e-56 6.46972e-54
9.78534e-13 5.46911e-56 6.41463e-54
9.82941e-13 5.42906e-56 6.35994e-54
9.87368e-13 5.38921e-56 6.30565e-54
9.91815e-13 5.34957e-56 6.25175e-54
9.96282e-13 5.31014e-56 6.19826e-54
1.00077e-12 5.27091e-56 6.14516e-54
1.00528e-12 5.23189e-56 6.09245e-54
1.0098e-12 5.19307e-56 6.04013e-54
1.01435e-12 5.15446e-56 5.9882e-54
1.01892e-12 5.11606e-56 5.93665e-54
1.02351e-12 5.07786e-56 5.88549e-54
1.02812e-12 5.03987e-56 5.83471e-54
1.03275e-12 5.00209e-56 5.78432e-54
1.0374e-12 4.96451e-56 5.73429e-54
1.04207e-12 4.92714e-56 5.68465e-54
1.04676e-12 4.88997e-56 5.63538e-54
1.05148e-12 4.85301e-56 5.58648e-54
1.05621e-12 4.81626e-56 5.53795e-54
1.06097e-12 4.77971e-56 5.48979e-54
1.06575e-12 4.74336e-56 5.44199e-54
1.07055e-12 4.70723e-56 5.39456e-54
1.07537e-12 4.67129e-56 5.34748e-54
1.08021e-12 4.63556e-56 5.30077e-54
1.08508e-12 4.60004e-56 5.25441e-54
1.08997e-12 4.56472e-56 5.20841e-54
1.09487e-12 4.52961e-56 5.16277e-54
1.09981e-12 4.4947e-56 5.11747e-54
1.10476e-12 4.45999e-56 5.07252e-54
1.10973e-12 4.42549e-56 5.02792e-54
1.11473e-12 4.39119e-56 4.98367e-54
1.11975e-12 4.3571e-56 4.93976e-54
1.1248e-12 4.3232e-56 4.89619e-54
1.12986e-12 4.28951e-56 4.85295e-54
1.13495e-12 4.25602e-56 4.81006e-54
1.14006e-12 4.22274e-56 4.7675e-54
1.1452e-12 4.18965e-56 4.72527e-54
1.15035e-12 4.15676e-56 4.68337e-54
1.15553e-12 4.12408e-56 4.64181e-54
1.16074e-12 4.0916e-56 4.60057e-54
1.16597e-12 4.05931e-56 4.55965e-54
1.17122e-12 4.02722e-56 4.51906e-54
1.17649e-12 3.99534e-56 4.47878e-54
1.18179e-12 3.96365e-56 4.43883e-54
1.18711e-12 3.93216e-56 4.3992e-54
1.19246e-12 3.90087e-56 4.35987e-54
1.19783e-12 3.86977e-56 4.32086e-54
1.20323e-12 3.83887e-56 4.28217e-54
1.20864e-12 3.80817e-56 4.24378e-54
1.21409e-12 3.77766e-56 4.2057e-54
1.21956e-12 3.74735e-56 4.16792e-54
1.22505e-12 3.71723e-56 4.13045e-54
1.23057e-12 3.68731e-56 4.09327e-54
1.23611e-12 3.65757e-56 4.0564e-54
1.24167e-12 3.62804e-56 4.01983e-54
1.24727e-12 3.59869e-56 3.98355e-54
1.25288e-12 3.56953e-56 3.94756e-54
1.25853e-12 3.54057e-56 3.91186e-54
1.26419e-12 3.5118e-56 3.87646e-54
1.26989e-12 3.48321e-56 3.84134e-54
1.27561e-12 3.45482e-56 3.80651e-54
1.28135e-12 3.42661e-56 3.77196e-54
1.28712e-12 3.3986e-56 3.73769e-54
1.29292e-12 3.37077e-56 3.70371e-54
1.29874e-12 3.34312e-56 3.67e-54
1.30459e-12 3.31566e-56 3.63657e-54
1.31047e-12 3.28839e-56 3.60341e-54
1.31637e-12 3.2613e-56 3.57053e-54
1.3223e-12 3.2344e-56 3.53791e-54
1.32825e-12 3.20768e-56 3.50557e-54
1.33424e-12 3.18114e-56 3.47349e-54
1.34024e-12 3.15479e-56 3.44168e-54
1.34628e-12 3.12861e-56 3.41013e-54
1.35234e-12 3.10262e-56 3.37885e-54
1.35843e-12 3.0768e-56 3.34782e-54
1.36455e-12 3.05117e-56 3.31705e-54
1.3707e-12 3.02571e-56 3.28654e-54
1.37687e-12 3.00043e-56 3.25629e-54
1.38307e-12 2.97533e-56 3.22628e-54
1.3893e-12 2.95041e-56 3.19653e-54
1.39556e-12 2.92566e-56 3.16702e-54
1.40184e-12 2.90108e-56 3.13777e-54
1.40816e-12 2.87668e-56 3.10876e-54
1.4145e-12 2.85245e-56 3.07999e-54
1.42087e-12 2.8284e-56 3.05146e-54
1.42727e-12 2.80451e-56 3.02318e-54
1.4337e-12 2.7808e-56 2.99514e-54
1.44015e-12 2.75726e-56 2.96733e-54
1.44664e-12 2.73388e-56 2.93976e-54
1.45315e-12 2.71068e-56 2.91242e-54
1.4597e-12 2.68764e-56 2.88531e-54
1.46627e-12 2.66477e-56 2.85843e-54
1.47288e-12 2.64207e-56 2.83179e-54
1.47951e-12 2.61953e-56 2.80536e-54
1.48617e-12 2.59716e-56 2.77917e-54
1.49287e-12 2.57495e-56 2.7532e-54
1.49959e-12 2.5529e-56 2.72745e-54
1.50634e-12 2.53102e-56 2.70192e-54
1.51313e-12 2.5093e-56 2.67661e-54
1.51994e-12 2.48773e-56 2.65152e-54
1.52679e-12 2.46633e-56 2.62664e-54
1.53366e-12 2.44509e-56 2.60198e-54
1.54057e-12 2.42401e-56 2.57752e-54
1.54751e-12 2.40308e-56 2.55328e-54
1.55448e-12 2.38231e-56 2.52925e-54
1.56148e-12 2.36169e-56 2.50543e-54
1.56851e-12 2.34123e-56 2.48181e-54
1.57558e-12 2.32093e-56 2.4584e-54
1.58267e-12 2.30078e-56 2.43519e-54
1.5898e-12 2.28078e-56 2.41218e-54
1.59696e-12 2.26093e-56 2.38938e-54
1.60415e-12 2.24123e-56 2.36677e-54
1.61138e-12 2.22169e-56 2.34435e-54
1.61864e-12 2.20229e-56 2.32214e-54
1.62592e-12 2.18304e-56 2.30011e-54
1.63325e-12 2.16394e-56 2.27828e-54
1.6406e-12 2.14499e-56 2.25665e-54
1.64799e-12 2.12618e-56 2.2352e-54
1.65541e-12 2.10751e-56 2.21393e-54
1.66287e-12 2.08899e-56 2.19286e-54
1.67036e-12 2.07062e-56 2.17197e-54
1.67788e-12 2.05239e-56 2.15126e-54
1.68544e-12 2.03429e-56 2.13074e-54
1.69303e-12 2.01634e-56 2.1104e-54
1.70065e-12 1.99853e-56 2.09023e-54
1.70831e-12 1.98086e-56 2.07025e-54
1.71601e-12 1.96333e-56 2.05044e-54
1.72374e-12 1.94594e-56 2.0308e-54
1.7315e-12 1.92868e-56 2.01135e-54
1.7393e-12 1.91156e-56 1.99206e-54
1.74713e-12 1.89457e-56 1.97294e-54
1.755e-12 1.87772e-56 1.954e-54
1.7629e-12 1.861e-56 1.93522e-54
1.77084e-12 1.84442e-56 1.91661e-54
1.77882e-12 1.82796e-56 1.89817e-54
1.78683e-12 1.81164e-56 1.87989e-54
1.79488e-12 1.79545e-56 1.86177e-54
1.80296e-12 1.77939e-56 1.84382e-54
1.81108e-12 1.76345e-56 1.82602e-54
1.81924e-12 1.74764e-56 1.80839e-54
1.82743e-12 1.73197e-56 1.79091e-54
1.83566e-12 1.71641e-56 1.77359e-54
1.84393e-12 1.70099e-56 1.75643e-54
1.85223e-12 1.68568e-56 1.73942e-54
1.86057e-12 1.6705e-56 1.72256e-54
1.86895e-12 1.65545e-56 1.70586e-54
1.87737e-12 1.64051e-56 1.6893e-54
1.88583e-12 1.6257e-56 1.6729e-54
1.89432e-12 1.61101e-56 1.65664e-54
1.90285e-12 1.59644e-56 1.64053e-54
1.91142e-12 1.58199e-56 1.62456e-54
1.92003e-12 1.56765e-56 1.60874e-54
1.92868e-12 1.55343e-56 1.59307e-54
1.93736e-12 1.53933e-56 1.57753e-54
1.94609e-12 1.52535e-56 1.56214e-54
1.95485e-12 1.51148e-56 1.54689e-54
1.96366e-12 1.49773e-56 1.53177e-54
1.9725e-12 1.48409e-56 1.51679e-54
1.98138e-12 1.47056e-56 1.50195e-54
1.99031e-12 1.45714e-56 1.48725e-54
1.99927e-12 1.44384e-56 1.47268e-54
2.00827e-12 1.43064e-56 1.45824e-54
2.01732e-12 1.41756e-56 1.44393e-54
2.0264e-12 1.40458e-56 1.42976e-54
2.03553e-12 1.39171e-56 1.41571e-54
2.0447e-12 1.37895e-56 1.40179e-54
2.05391e-12 1.3663e-56 1.388e-54
2.06316e-12 1.35375e-56 1.37434e-54
2.07245e-12 1.34131e-56 1.3608e-54
2.08178e-12 1.32897e-56 1.34739e-54
2.09116e-12 1.31674e-56 1.3341e-54
2.10058e-12 1.30461e-56 1.32093e-54
2.11004e-12 1.29258e-56 1.30789e-54
2.11954e-12 1.28065e-56 1.29496e-54
2.12909e-12 1.26882e-56 1.28215e-54
2.13867e-12 1.2571e-56 1.26947e-54
2.14831e-12 1.24547e-56 1.2569e-54
2.15798e-12 1.23394e-56 1.24444e-54
2.1677e-12 1.22251e-56 1.2321e-54
2.17746e-12 1.21118e-56 1.21988e-54
2.18727e-12 1.19994e-56 1.20776e-54
2.19712e-12 1.1888e-56 1.19577e-54
2.20702e-12 1.17775e-56 1.18388e-54
2.21696e-12 1.1668e-56 1.1721e-54
2.22694e-12 1.15595e-56 1.16043e-54
2.23697e-12 1.14518e-56 1.14887e-54
2.24704e-12 1.13451e-56 1.13742e-54
2.25716e-12 1.12393e-56 1.12608e-54
2.26733e-12 1.11344e-56 1.11484e-54
2.27754e-12 1.10304e-56 1.1037e-54
2.2878e-12 1.09273e-56 1.09267e-54
2.2981e-12 1.08251e-56 1.08174e-54
2.30845e-12 1.07237e-56 1.07092e-54
2.31885e-12 1.06233e-56 1.0602e-54
2.32929e-12 1.05237e-56 1.04957e-54
2.33978e-12 1.0425e-56 1.03905e-54
2.35032e-12 1.03271e-56 1.02862e-54
2.36091e-12 1.02301e-56 1.0183e-54
2.37154e-12 1.01339e-56 1.00807e-54
2.38222e-12 1.00386e-56 9.97932e-55
2.39295e-12 9.94411e-57 9.87893e-55
2.40373e-12 9.85043e-57 9.77949e-55
2.41455e-12 9.75757e-57 9.68099e-55
2.42543e-12 9.66552e-57 9.58341e-55
2.43635e-12 9.57427e-57 9.48676e-55
2.44732e-12 9.48382e-57 9.39101e-55
2.45834e-12 9.39417e-57 9.29618e-55
2.46942e-12 9.3053e-57 9.20223e-55
2.48054e-12 9.21721e-57 9.10918e-55
2.49171e-12 9.1299e-57 9.01701e-55
2.50293e-12 9.04335e-57 8.92571e-55
2.5142e-12 8.95757e-57 8.83528e-55
2.52553e-12 8.87254e-57 8.7457e-55
2.5369e-12 8.78826e-57 8.65698e-55
2.54833e-12 8.70473e-57 8.56909e-55
2.5598e-12 8.62193e-57 8.48205e-55
2.57133e-12 8.53987e-57 8.39583e-55
2.58291e-12 8.45853e-57 8.31043e-55
2.59454e-12 8.37792e-57 8.22584e-55
2.60623e-12 8.29802e-57 8.14206e-55
2.61797e-12 8.21882e-57 8.05908e-55
2.62976e-12 8.14034e-57 7.97689e-55
2.6416e-12 8.06255e-57 7.89549e-55
2.6535e-12 7.98545e-57 7.81487e-55
2.66545e-12 7.90904e-57 7.73501e-55
2.67745e-12 7.83331e-57 7.65592e-55
2.68951e-12 7.75826e-57 7.57759e-55
2.70162e-12 7.68388e-57 7.5e-55
2.71379e-12 7.61016e-57 7.42317e-55
2.72601e-12 7.5371e-57 7.34706e-55
2.73829e-12 7.4647e-57 7.27169e-55
2.75062e-12 7.39294e-57 7.19705e-55
2.76301e-12 7.32183e-57 7.12312e-55
2.77546e-12 7.25136e-57 7.0499e-55
2.78796e-12 7.18152e-57 6.97739e-55
2.80051e-12 7.11231e-57 6.90557e-55
2.81312e-12 7.04372e-57 6.83445e-55
2.82579e-12 6.97575e-57 6.76401e-55
2.83852e-12 6.90839e-57 6.69425e-55
2.8513e-12 6.84164e-57 6.62517e-55
2.86415e-12 6.77549e-57 6.55675e-55
2.87705e-12 6.70994e-57 6.489e-55
2.89e-12 6.64498e-57 6.4219e-55
2.90302e-12 6.58061e-57 6.35545e-55
2.91609e-12 6.51683e-57 6.28964e-55
2.92923e-12 6.45362e-57 6.22447e-55
2.94242e-12 6.39098e-57 6.15994e-55
2.95567e-12 6.32891e-57 6.09603e-55
2.96898e-12 6.26741e-57 6.03274e-55
2.98235e-12 6.20647e-57 5.97006e-55
2.99578e-12 6.14608e-57 5.908e-55
3.00928e-12 6.08624e-57 5.84654e-55
3.02283e-12 6.02694e-57 5.78568e-55
3.03644e-12 5.96819e-57 5.72541e-55
3.05012e-12 5.90997e-57 5.66572e-55
3.06386e-12 5.85228e-57 5.60663e-55
3.07765e-12 5.79512e-57 5.5481e-55
3.09152e-12 5.73848e-57 5.49015e-55
3.10544e-12 5.68236e-57 5.43277e-55
3.11942e-12 5.62676e-57 5.37594e-55
3.13347e-12 5.57166e-57 5.31968e-55
3.14759e-12 5.51707e-57 5.26396e-55
3.16176e-12 5.46298e-57 5.20879e-55
3.176e-12 5.40939e-57 5.15416e-55
3.19031e-12 5.35628e-57 5.10006e-55
3.20467e-12 5.30367e-57 5.0465e-55
3.21911e-12 5.25154e-57 4.99346e-55
3.2336e-12 5.19989e-57 4.94095e-55
3.24817e-12 5.14872e-57 4.88895e-55
3.2628e-12 5.09802e-57 4.83746e-55
3.27749e-12 5.04778e-57 4.78648e-55
3.29225e-12 4.99801e-57 4.73601e-55
3.30708e-12 4.9487e-57 4.68603e-55
3.32197e-12 4.89985e-57 4.63654e-55
3.33693e-12 4.85144e-57 4.58754e-55
3.35196e-12 4.80349e-57 4.53903e-55
3.36706e-12 4.75598e-57 4.49099e-55
3.38222e-12 4.7089e-57 4.44343e-55
3.39746e-12 4.66227e-57 4.39634e-55
3.41276e-12 4.61607e-57 4.34972e-55
3.42813e-12 4.57029e-57 4.30356e-55
3.44357e-12 4.52495e-57 4.25786e-55
3.45908e-12 4.48002e-57 4.21261e-55
3.47465e-12 4.43551e-57 4.16781e-55
3.4903e-12 4.39142e-57 4.12345e-55
3.50602e-12 4.34774e-57 4.07954e-55
3.52181e-12 4.30446e-57 4.03606e-55
3.53767e-12 4.26159e-57 3.99301e-55
3.55361e-12 4.21911e-57 3.9504e-55
3.56961e-12 4.17704e-57 3.90821e-55
3.58569e-12 4.13535e-57 3.86644e-55
3.60184e-12 4.09406e-57 3.82508e-55
3.61806e-12 4.05315e-57 3.78414e-55
3.63435e-12 4.01263e-57 3.74361e-55
3.65072e-12 3.97248e-57 3.70349e-55
3.66716e-12 3.93272e-57 3.66376e-55
3.68368e-12 3.89332e-57 3.62443e-55
3.70027e-12 3.85429e-57 3.5855e-55
3.71693e-12 3.81564e-57 3.54696e-55
3.73367e-12 3.77734e-57 3.5088e-55
3.75049e-12 3.7394e-57 3.47103e-55
3.76738e-12 3.70182e-57 3.43363e-55
3.78435e-12 3.6646e-57 3.39661e-55
3.80139e-12 3.62772e-57 3.35997e-55
3.81851e-12 3.59119e-57 3.32369e-55
3.83571e-12 3.55501e-57 3.28778e-55
3.85298e-12 3.51917e-57 3.25223e-55
3.87034e-12 3.48366e-57 3.21704e-55
3.88777e-12 3.44849e-57 3.1822e-55
3.90528e-12 3.41366e-57 3.14772e-55
3.92286e-12 3.37915e-57 3.11358e-55
3.94053e-12 3.34497e-57 3.07979e-55
3.95828e-12 3.31111e-57 3.04634e-55
3.97611e-12 3.27758e-57 3.01323e-55
3.99401e-12 3.24436e-57 2.98045e-55
4.012e-12 3.21146e-57 2.94801e-55
4.03007e-12 3.17886e-57 2.91589e-55
4.04822e-12 3.14658e-57 2.8841e-55
4.06645e-12 3.11461e-57 2.85264e-55
4.08477e-12 3.08294e-57 2.82149e-55
4.10316e-12 3.05157e-57 2.79066e-55
4.12164e-12 3.0205e-57 2.76015e-55
4.1402e-12 2.98972e-57 2.72994e-55
4.15885e-12 2.95924e-57 2.70005e-55
4.17758e-12 2.92905e-57 2.67045e-55
4.1964e-12 2.89914e-57 2.64116e-55
4.2153e-12 2.86952e-57 2.61217e-55
4.23428e-12 2.84019e-57 2.58348e-55
4.25335e-12 2.81113e-57 2.55507e-55
4.27251e-12 2.78236e-57 2.52696e-55
4.29175e-12 2.75385e-57 2.49914e-55
4.31108e-12 2.72563e-57 2.4716e-55
4.33049e-12 2.69767e-57 2.44434e-55
4.35e-12 2.66998e-57 2.41737e-55
4.36959e-12 2.64255e-57 2.39067e-55
4.38927e-12 2.61539e-57 2.36424e-55
4.40903e-12 2.58849e-57 2.33809e-55
4.42889e-12 2.56184e-57 2.3122e-55
4.44884e-12 2.53546e-57 2.28659e-55
4.46887e-12 2.50932e-57 2.26123e-55
4.489e-12 2.48344e-57 2.23614e-55
4.50922e-12 2.45781e-57 2.2113e-55
4.52953e-12 2.43242e-57 2.18673e-55
4.54993e-12 2.40728e-57 2.1624e-55
4.57042e-12 2.38238e-57 2.13833e-55
4.591e-12 2.35773e-57 2.1145e-55
4.61168e-12 2.33331e-57 2.09093e-55
4.63245e-12 2.30912e-57 2.06759e-55
4.65331e-12 2.28517e-57 2.0445e-55
4.67427e-12 2.26145e-57 2.02165e-55
4.69532e-12 2.23796e-57 1.99904e-55
4.71647e-12 2.2147e-57 1.97666e-55
4.73771e-12 2.19167e-57 1.95451e-55
4.75904e-12 2.16885e-57 1.93259e-55
4.78048e-12 2.14626e-57 1.9109e-55
4.80201e-12 2.12389e-57 1.88944e-55
4.82363e-12 2.10174e-57 1.8682e-55
4.84536e-12 2.0798e-57 1.84719e-55
4.86718e-12 2.05807e-57 1.82639e-55
4.8891e-12 2.03655e-57 1.80581e-55
4.91112e-12 2.01525e-57 1.78544e-55
4.93324e-12 1.99415e-57 1.76529e-55
4.95546e-12 1.97326e-57 1.74535e-55
4.97777e-12 1.95257e-57 1.72562e-55
5.00019e-12 1.93208e-57 1.70609e-55
5.02271e-12 1.9118e-57 1.68677e-55
5.04533e-12 1.89171e-57 1.66765e-55
5.06806e-12 1.87182e-57 1.64873e-55
5.09088e-12 1.85212e-57 1.63002e-55
5.11381e-12 1.83262e-57 1.61149e-55
5.13684e-12 1.8133e-57 1.59317e-55
5.15997e-12 1.79418e-57 1.57503e-55
5.18321e-12 1.77524e-57 1.55709e-55
5.20656e-12 1.75649e-57 1.53934e-55
5.23001e-12 1.73793e-57 1.52178e-55
5.25356e-12 1.71954e-57 1.5044e-55
5.27722e-12 1.70134e-57 1.4872e-55
5.30099e-12 1.68331e-57 1.47019e-55
5.32486e-12 1.66547e-57 1.45335e-55
5.34884e-12 1.6478e-57 1.4367e-55
5.37293e-12 1.6303e-57 1.42022e-55
5.39713e-12 1.61298e-57 1.40392e-55
5.42144e-12 1.59582e-57 1.38779e-55
5.44586e-12 1.57884e-57 1.37183e-55
5.47038e-12 1.56202e-57 1.35604e-55
5.49502e-12 1.54537e-57 1.34042e-55
5.51977e-12 1.52889e-57 1.32497e-55
5.54463e-12 1.51256e-57 1.30968e-55
5.5696e-12 1.4964e-57 1.29455e-55
5.59468e-12 1.4804e-57 1.27959e-55
5.61988e-12 1.46456e-57 1.26479e-55
5.64519e-12 1.44888e-57 1.25014e-55
5.67061e-12 1.43335e-57 1.23565e-55
5.69615e-12 1.41797e-57 1.22132e-55
5.72181e-12 1.40275e-57 1.20714e-55
5.74757e-12 1.38768e-57 1.19311e-55
5.77346e-12 1.37276e-57 1.17923e-55
5.79946e-12 1.35799e-57 1.16551e-55
5.82558e-12 1.34337e-57 1.15193e-55
5.85182e-12 1.32889e-57 1.13849e-55
5.87817e-12 1.31455e-57 1.1252e-55
5.90465e-12 1.30036e-57 1.11206e-55
5.93124e-12 1.28632e-57 1.09905e-55
5.95795e-12 1.27241e-57 1.08619e-55
5.98478e-12 1.25864e-57 1.07347e-55
6.01174e-12 1.24501e-57 1.06088e-55
6.03881e-12 1.23151e-57 1.04843e-55
6.06601e-12 1.21815e-57 1.03612e-55
6.09333e-12 1.20493e-57 1.02393e-55
6.12077e-12 1.19184e-57 1.01189e-55
6.14834e-12 1.17887e-57 9.99967e-56
6.17603e-12 1.16604e-57 9.88178e-56
6.20384e-12 1.15334e-57 9.76518e-56
6.23178e-12 1.14077e-57 9.64984e-56
6.25985e-12 1.12832e-57 9.53577e-56
6.28804e-12 1.116e-57 9.42293e-56
6.31636e-12 1.1038e-57 9.31133e-56
6.34481e-12 1.09173e-57 9.20095e-56
6.37339e-12 1.07978e-57 9.09178e-56
6.40209e-12 1.06795e-57 8.9838e-56
6.43092e-12 1.05623e-57 8.87701e-56
6.45989e-12 1.04464e-57 8.77138e-56
6.48898e-12 1.03317e-57 8.66692e-56
6.5182e-12 1.02181e-57 8.5636e-56
6.54756e-12 1.01056e-57 8.46142e-56
6.57705e-12 9.99434e-58 8.36037e-56
6.60667e-12 9.88418e-58 8.26042e-56
6.63642e-12 9.77513e-58 8.16158e-56
6.66631e-12 9.6672e-58 8.06383e-56
6.69633e-12 9.56036e-58 7.96716e-56
6.72649e-12 9.45461e-58 7.87155e-56
6.75679e-12 9.34994e-58 7.77701e-56
6.78722e-12 9.24634e-58 7.68351e-56
6.81779e-12 9.14379e-58 7.59105e-56
6.84849e-12 9.0423e-58 7.49961e-56
6.87933e-12 8.94184e-58 7.40918e-56
6.91032e-12 8.84241e-58 7.31977e-56
6.94144e-12 8.744e-58 7.23134e-56
6.9727e-12 8.64659e-58 7.1439e-56
7.0041e-12 8.55019e-58 7.05744e-56
7.03565e-12 8.45478e-58 6.97193e-56
7.06734e-12 8.36034e-58 6.88739e-56
7.09916e-12 8.26688e-58 6.80378e-56
7.13114e-12 8.17437e-58 6.72111e-56
7.16325e-12 8.08282e-58 6.63937e-56
7.19551e-12 7.99222e-58 6.55854e-56
7.22792e-12 7.90254e-58 6.47862e-56
7.26047e-12 7.8138e-58 6.39959e-56
7.29317e-12 7.72597e-58 6.32146e-56
7.32602e-12 7.63904e-58 6.2442e-56
7.35901e-12 7.55302e-58 6.16781e-56
7.39216e-12 7.46789e-58 6.09228e-56
7.42545e-12 7.38363e-58 6.0176e-56
7.45889e-12 7.30025e-58 5.94376e-56
7.49248e-12 7.21774e-58 5.87076e-56
7.52623e-12 7.13608e-58 5.79858e-56
7.56012e-12 7.05528e-58 5.72722e-56
7.59417e-12 6.97531e-58 5.65667e-56
7.62837e-12 6.89617e-58 5.58691e-56
7.66273e-12 6.81786e-58 5.51795e-56
7.69724e-12 6.74037e-58 5.44977e-56
7.73191e-12 6.66368e-58 5.38237e-56
7.76673e-12 6.58779e-58 5.31573e-56
7.80171e-12 6.5127e-58 5.24986e-56
7.83684e-12 6.43839e-58 5.18473e-56
7.87214e-12 6.36486e-58 5.12035e-56
7.90759e-12 6.2921e-58 5.0567e-56
7.94321e-12 6.2201e-58 4.99378e-56
7.97898e-12 6.14886e-58 4.93157e-56
8.01492e-12 6.07837e-58 4.87009e-56
8.05101e-12 6.00862e-58 4.8093e-56
8.08727e-12 5.9396e-58 4.74922e-56
8.12369e-12 5.8713e-58 4.68982e-56
8.16028e-12 5.80373e-58 4.63111e-56
8.19703e-12 5.73687e-58 4.57307e-56
8.23395e-12 5.67072e-58 4.5157e-56
8.27103e-12 5.60526e-58 4.45899e-56
8.30828e-12 5.54049e-58 4.40294e-56
8.3457e-12 5.47642e-58 4.34754e-56
8.38329e-12 5.41301e-58 4.29277e-56
8.42104e-12 5.35029e-58 4.23864e-56
8.45897e-12 5.28822e-58 4.18514e-56
8.49707e-12 5.22682e-58 4.13226e-56
8.53534e-12 5.16607e-58 4.07999e-56
8.57378e-12 5.10596e-58 4.02833e-56
8.61239e-12 5.04649e-58 3.97727e-56
8.65118e-12 4.98766e-58 3.9268e-56
8.69014e-12 4.92946e-58 3.87693e-56
8.72928e-12 4.87187e-58 3.82763e-56
8.76859e-12 4.8149e-58 3.77891e-56
8.80808e-12 4.75854e-58 3.73076e-56
8.84775e-12 4.70279e-58 3.68318e-56
8.8876e-12 4.64763e-58 3.63615e-56
8.92763e-12 4.59306e-58 3.58968e-56
8.96783e-12 4.53908e-58 3.54374e-56
9.00822e-12 4.48567e-58 3.49835e-56
9.04879e-12 4.43284e-58 3.4535e-56
9.08955e-12 4.38058e-58 3.40917e-56
9.13048e-12 4.32888e-58 3.36536e-56
9.1716e-12 4.27774e-58 3.32207e-56
9.21291e-12 4.22715e-58 3.2793e-56
9.2544e-12 4.17711e-58 3.23702e-56
9.29608e-12 4.12761e-58 3.19525e-56
9.33795e-12 4.07864e-58 3.15398e-56
9.38e-12 4.03021e-58 3.11319e-56
9.42225e-12 3.9823e-58 3.07289e-56
9.46468e-12 3.9349e-58 3.03307e-56
9.50731e-12 3.88803e-58 2.99372e-56
9.55013e-12 3.84166e-58 2.95484e-56
9.59314e-12 3.7958e-58 2.91642e-56
9.63634e-12 3.75043e-58 2.87846e-56
9.67974e-12 3.70556e-58 2.84096e-56
9.72334e-12 3.66118e-58 2.8039e-56
9.76713e-12 3.61729e-58 2.76729e-56
9.81112e-12 3.57387e-58 2.73112e-56
9.8553e-12 3.53093e-58 2.69538e-56
9.89969e-12 3.48846e-58 2.66007e-56
9.94427e-12 3.44646e-58 2.62518e-56
9.98906e-12 3.40492e-58 2.59072e-56
1.0034e-11 3.36383e-58 2.55667e-56
1.00792e-11 3.3232e-58 2.52303e-56
1.01246e-11 3.28301e-58 2.4898e-56
1.01702e-11 3.24326e-58 2.45697e-56
1.0216e-11 3.20396e-58 2.42454e-56
1.0262e-11 3.16508e-58 2.3925e-56
1.03083e-11 3.12664e-58 2.36085e-56
1.03547e-11 3.08862e-58 2.32958e-56
1.04013e-11 3.05103e-58 2.2987e-56
1.04482e-11 3.01384e-58 2.26818e-56
1.04952e-11 2.97708e-58 2.23805e-56
1.05425e-11 2.94072e-58 2.20828e-56
1.059e-11 2.90476e-58 2.17887e-56
1.06377e-11 2.86921e-58 2.14982e-56
1.06856e-11 2.83405e-58 2.12113e-56
1.07337e-11 2.79928e-58 2.09279e-56
1.0782e-11 2.7649e-58 2.0648e-56
1.08306e-11 2.73091e-58 2.03715e-56
1.08794e-11 2.69729e-58 2.00984e-56
1.09284e-11 2.66405e-58 1.98286e-56
1.09776e-11 2.63119e-58 1.95622e-56
1.1027e-11 2.59869e-58 1.92991e-56
1.10767e-11 2.56656e-58 1.90393e-56
1.11266e-11 2.53479e-58 1.87826e-56
1.11767e-11 2.50338e-58 1.85291e-56
1.1227e-11 2.47232e-58 1.82788e-56
1.12776e-11 2.44161e-58 1.80315e-56
1.13284e-11 2.41125e-58 1.77874e-56
1.13794e-11 2.38123e-58 1.75463e-56
1.14307e-11 2.35155e-58 1.73081e-56
1.14821e-11 2.32221e-58 1.7073e-56
1.15338e-11 2.2932e-58 1.68408e-56
1.15858e-11 2.26452e-58 1.66114e-56
1.1638e-11 2.23617e-58 1.6385e-56
1.16904e-11 2.20813e-58 1.61614e-56
1.1743e-11 2.18042e-58 1.59406e-56
1.17959e-11 2.15303e-58 1.57225e-56
1.1849e-11 2.12594e-58 1.55072e-56
1.19024e-11 2.09917e-58 1.52946e-56
1.1956e-11 2.0727e-58 1.50847e-56
1.20099e-11 2.04654e-58 1.48774e-56
1.2064e-11 2.02067e-58 1.46728e-56
1.21183e-11 1.9951e-58 1.44707e-56
1.21729e-11 1.96983e-58 1.42712e-56
1.22277e-11 1.94485e-58 1.40742e-56
1.22828e-11 1.92015e-58 1.38797e-56
1.23381e-11 1.89574e-58 1.36877e-56
1.23936e-11 1.87161e-58 1.34981e-56
1.24495e-11 1.84776e-58 1.3311e-56
1.25055e-11 1.82419e-58 1.31262e-56
1.25618e-11 1.80089e-58 1.29438e-56
1.26184e-11 1.77786e-58 1.27637e-56
1.26753e-11 1.7551e-58 1.25859e-56
1.27323e-11 1.7326e-58 1.24104e-56
1.27897e-11 1.71036e-58 1.22371e-56
1.28473e-11 1.68838e-58 1.20661e-56
1.29051e-11 1.66666e-58 1.18973e-56
1.29633e-11 1.6452e-58 1.17306e-56
1.30216e-11 1.62398e-58 1.15661e-56
1.30803e-11 1.60301e-58 1.14037e-56
1.31392e-11 1.58229e-58 1.12434e-56
1.31984e-11 1.56181e-58 1.10852e-56
1.32578e-11 1.54157e-58 1.0929e-56
1.33175e-11 1.52157e-58 1.07748e-56
1.33775e-11 1.50181e-58 1.06227e-56
1.34378e-11 1.48227e-58 1.04725e-56
1.34983e-11 1.46297e-58 1.03243e-56
1.35591e-11 1.4439e-58 1.0178e-56
1.36201e-11 1.42505e-58 1.00336e-56
1.36815e-11 1.40643e-58 9.89106e-57
1.37431e-11 1.38802e-58 9.75042e-57
1.3805e-11 1.36984e-58 9.61161e-57
1.38672e-11 1.35187e-58 9.47463e-57
1.39296e-11 1.33411e-58 9.33944e-57
1.39923e-11 1.31657e-58 9.20603e-57
1.40554e-11 1.29924e-58 9.07437e-57
1.41187e-11 1.28211e-58 8.94445e-57
1.41823e-11 1.26519e-58 8.81624e-57
1.42461e-11 1.24847e-58 8.68972e-57
1.43103e-11 1.23195e-58 8.56487e-57
1.43747e-11 1.21563e-58 8.44168e-57
1.44395e-11 1.19951e-58 8.32012e-57
1.45045e-11 1.18358e-58 8.20016e-57
1.45698e-11 1.16784e-58 8.08181e-57
1.46354e-11 1.15229e-58 7.96502e-57
1.47014e-11 1.13693e-58 7.84979e-57
1.47676e-11 1.12176e-58 7.7361e-57
1.48341e-11 1.10676e-58 7.62393e-57
1.49009e-11 1.09196e-58 7.51325e-57
1.4968e-11 1.07733e-58 7.40405e-57
1.50354e-11 1.06288e-58 7.29632e-57
1.51031e-11 1.0486e-58 7.19003e-57
1.51711e-11 1.0345e-58 7.08517e-57
1.52395e-11 1.02057e-58 6.98172e-57
1.53081e-11 1.00681e-58 6.87967e-57
1.5377e-11 9.93221e-59 6.77898e-57
1.54463e-11 9.79798e-59 6.67966e-57
1.55159e-11 9.66538e-59 6.58168e-57
1.55857e-11 9.53442e-59 6.48503e-57
1.56559e-11 9.40507e-59 6.38968e-57
1.57265e-11 9.27731e-59 6.29563e-57
1.57973e-11 9.15113e-59 6.20286e-57
1.58684e-11 9.02651e-59 6.11135e-57
1.59399e-11 8.90342e-59 6.02108e-57
1.60117e-11 8.78186e-59 5.93205e-57
1.60838e-11 8.66181e-59 5.84423e-57
1.61562e-11 8.54325e-59 5.75761e-57
1.6229e-11 8.42616e-59 5.67218e-57
1.63021e-11 8.31053e-59 5.58792e-57
1.63755e-11 8.19634e-59 5.50481e-57
1.64493e-11 8.08358e-59 5.42285e-57
1.65233e-11 7.97223e-59 5.34201e-57
1.65978e-11 7.86226e-59 5.26229e-57
1.66725e-11 7.75368e-59 5.18367e-57
1.67476e-11 7.64646e-59 5.10613e-57
1.6823e-11 7.54059e-59 5.02967e-57
1.68988e-11 7.43605e-59 4.95426e-57
1.69749e-11 7.33283e-59 4.8799e-57
1.70513e-11 7.2309e-59 4.80657e-57
1.71281e-11 7.13027e-59 4.73426e-57
1.72053e-11 7.03091e-59 4.66296e-57
1.72828e-11 6.93281e-59 4.59265e-57
1.73606e-11 6.83595e-59 4.52332e-57
1.74388e-11 6.74033e-59 4.45497e-57
1.75173e-11 6.64592e-59 4.38756e-57
1.75962e-11 6.55271e-59 4.3211e-57
1.76755e-11 6.46069e-59 4.25558e-57
1.77551e-11 6.36985e-59 4.19097e-57
1.7835e-11 6.28016e-59 4.12727e-57
1.79154e-11 6.19163e-59 4.06447e-57
1.7996e-11 6.10423e-59 4.00255e-57
1.80771e-11 6.01796e-59 3.94151e-57
1.81585e-11 5.93279e-59 3.88133e-57
1.82403e-11 5.84873e-59 3.822e-57
1.83224e-11 5.76574e-59 3.76352e-57
1.8405e-11 5.68383e-59 3.70586e-57
1.84878e-11 5.60298e-59 3.64902e-57
1.85711e-11 5.52317e-59 3.59299e-57
1.86547e-11 5.4444e-59 3.53776e-57
1.87388e-11 5.36666e-59 3.48331e-57
1.88232e-11 5.28992e-59 3.42965e-57
1.89079e-11 5.21419e-59 3.37675e-57
1.89931e-11 5.13944e-59 3.32461e-57
1.90786e-11 5.06567e-59 3.27321e-57
1.91646e-11 4.99286e-59 3.22256e-57
1.92509e-11 4.92101e-59 3.17263e-57
1.93376e-11 4.8501e-59 3.12342e-57
1.94247e-11 4.78012e-59 3.07492e-57
1.95121e-11 4.71106e-59 3.02711e-57
1.96e-11 4.64292e-59 2.98e-57
1.96883e-11 4.57567e-59 2.93357e-57
1.9777e-11 4.50931e-59 2.88782e-57
1.9866e-11 4.44383e-59 2.84272e-57
1.99555e-11 4.37921e-59 2.79829e-57
2.00454e-11 4.31546e-59 2.75449e-57
2.01357e-11 4.25255e-59 2.71134e-57
2.02263e-11 4.19048e-59 2.66881e-57
2.03174e-11 4.12923e-59 2.62691e-57
2.04089e-11 4.0688e-59 2.58562e-57
2.05008e-11 4.00918e-59 2.54493e-57
2.05932e-11 3.95036e-59 2.50484e-57
2.06859e-11 3.89233e-59 2.46533e-57
2.07791e-11 3.83508e-59 2.42641e-57
2.08727e-11 3.7786e-59 2.38806e-57
2.09667e-11 3.72287e-59 2.35027e-57
2.10611e-11 3.6679e-59 2.31305e-57
2.1156e-11 3.61367e-59 2.27637e-57
2.12512e-11 3.56018e-59 2.24023e-57
2.13469e-11 3.50741e-59 2.20463e-57
2.14431e-11 3.45535e-59 2.16955e-57
2.15397e-11 3.404e-59 2.135e-57
2.16367e-11 3.35335e-59 2.10096e-57
2.17341e-11 3.3034e-59 2.06743e-57
2.1832e-11 3.25412e-59 2.03439e-57
2.19303e-11 3.20551e-59 2.00185e-57
2.20291e-11 3.15758e-59 1.9698e-57
2.21283e-11 3.11029e-59 1.93822e-57
2.2228e-11 3.06366e-59 1.90712e-57
2.23281e-11 3.01767e-59 1.87648e-57
2.24286e-11 2.97231e-59 1.8463e-57
2.25296e-11 2.92758e-59 1.81658e-57
2.26311e-11 2.88346e-59 1.78731e-57
2.2733e-11 2.83996e-59 1.75847e-57
2.28354e-11 2.79706e-59 1.73007e-57
2.29383e-11 2.75475e-59 1.7021e-57
2.30416e-11 2.71303e-59 1.67455e-57
2.31453e-11 2.67189e-59 1.64742e-57
2.32496e-11 2.63132e-59 1.6207e-57
2.33543e-11 2.59132e-59 1.59439e-57
2.34595e-11 2.55188e-59 1.56848e-57
2.35651e-11 2.51299e-59 1.54296e-57
2.36713e-11 2.47465e-59 1.51783e-57
2.37779e-11 2.43684e-59 1.49308e-57
2.3885e-11 2.39957e-59 1.46871e-57
2.39925e-11 2.36282e-59 1.44472e-57
2.41006e-11 2.32659e-59 1.42109e-57
2.42091e-11 2.29087e-59 1.39782e-57
2.43182e-11 2.25566e-59 1.37492e-57
2.44277e-11 2.22094e-59 1.35236e-57
2.45377e-11 2.18672e-59 1.33015e-57
2.46482e-11 2.15298e-59 1.30828e-57
2.47592e-11 2.11973e-59 1.28675e-57
2.48707e-11 2.08694e-59 1.26555e-57
2.49827e-11 2.05463e-59 1.24469e-57
2.50952e-11 2.02278e-59 1.22414e-57
2.52083e-11 1.99138e-59 1.20391e-57
2.53218e-11 1.96043e-59 1.184e-57
2.54358e-11 1.92993e-59 1.16439e-57
2.55504e-11 1.89987e-59 1.14509e-57
2.56655e-11 1.87024e-59 1.1261e-57
2.57811e-11 1.84104e-59 1.10739e-57
2.58972e-11 1.81225e-59 1.08898e-57
2.60138e-11 1.78389e-59 1.07086e-57
2.6131e-11 1.75594e-59 1.05302e-57
2.62486e-11 1.72839e-59 1.03546e-57
2.63669e-11 1.70124e-59 1.01818e-57
2.64856e-11 1.67449e-59 1.00117e-57
2.66049e-11 1.64813e-59 9.8442e-58
2.67247e-11 1.62215e-59 9.67939e-58
2.68451e-11 1.59655e-59 9.51718e-58
2.6966e-11 1.57133e-59 9.35752e-58
2.70874e-11 1.54647e-59 9.20039e-58
2.72094e-11 1.52199e-59 9.04574e-58
2.7332e-11 1.49786e-59 8.89354e-58
2.74551e-11 1.47409e-59 8.74376e-58
2.75787e-11 1.45067e-59 8.59635e-58
2.77029e-11 1.42759e-59 8.45128e-58
2.78277e-11 1.40486e-59 8.30852e-58
2.7953e-11 1.38246e-59 8.16804e-58
2.80789e-11 1.3604e-59 8.02979e-58
2.82054e-11 1.33866e-59 7.89375e-58
2.83324e-11 1.31725e-59 7.75988e-58
2.846e-11 1.29615e-59 7.62816e-58
2.85882e-11 1.27537e-59 7.49854e-58
2.87169e-11 1.25491e-59 7.37101e-58
2.88462e-11 1.23475e-59 7.24552e-58
2.89762e-11 1.21489e-59 7.12204e-58
2.91067e-11 1.19533e-59 7.00055e-58
2.92377e-11 1.17606e-59 6.88102e-58
2.93694e-11 1.15708e-59 6.76342e-58
2.95017e-11 1.13839e-59 6.64771e-58
2.96346e-11 1.11999e-59 6.53387e-58
2.9768e-11 1.10186e-59 6.42187e-58
2.99021e-11 1.08401e-59 6.31168e-58
3.00368e-11 1.06642e-59 6.20328e-58
3.0172e-11 1.04911e-59 6.09664e-58
3.03079e-11 1.03206e-59 5.99173e-58
3.04444e-11 1.01526e-59 5.88852e-58
3.05815e-11 9.98728e-60 5.787e-58
3.07193e-11 9.82446e-60 5.68712e-58
3.08576e-11 9.66413e-60 5.58888e-58
3.09966e-11 9.50626e-60 5.49224e-58
3.11362e-11 9.35081e-60 5.39718e-58
3.12764e-11 9.19775e-60 5.30367e-58
3.14173e-11 9.04705e-60 5.21169e-58
3.15588e-11 8.89868e-60 5.12122e-58
3.17009e-11 8.7526e-60 5.03223e-58
3.18437e-11 8.60878e-60 4.94471e-58
3.19871e-11 8.46718e-60 4.85862e-58
3.21312e-11 8.32779e-60 4.77395e-58
3.22759e-11 8.19056e-60 4.69067e-58
3.24212e-11 8.05546e-60 4.60876e-58
3.25672e-11 7.92247e-60 4.52821e-58
3.27139e-11 7.79156e-60 4.44898e-58
3.28612e-11 7.66269e-60 4.37107e-58
3.30092e-11 7.53584e-60 4.29444e-58
3.31579e-11 7.41097e-60 4.21908e-58
3.33072e-11 7.28807e-60 4.14497e-58
3.34573e-11 7.1671e-60 4.07209e-58
3.36079e-11 7.04803e-60 4.00042e-58
3.37593e-11 6.93084e-60 3.92994e-58
3.39113e-11 6.8155e-60 3.86063e-58
3.40641e-11 6.70198e-60 3.79248e-58
3.42175e-11 6.59026e-60 3.72546e-58
3.43716e-11 6.48031e-60 3.65956e-58
3.45264e-11 6.3721e-60 3.59475e-58
3.46819e-11 6.26562e-60 3.53103e-58
3.48381e-11 6.16082e-60 3.46838e-58
3.4995e-11 6.0577e-60 3.40677e-58
3.51526e-11 5.95623e-60 3.34619e-58
3.53109e-11 5.85637e-60 3.28663e-58
3.54699e-11 5.75812e-60 3.22806e-58
3.56297e-11 5.66143e-60 3.17048e-58
3.57901e-11 5.5663e-60 3.11387e-58
3.59513e-11 5.4727e-60 3.05821e-58
3.61132e-11 5.38061e-60 3.00348e-58
3.62759e-11 5.28999e-60 2.94967e-58
3.64393e-11 5.20084e-60 2.89677e-58
3.66034e-11 5.11313e-60 2.84476e-58
3.67682e-11 5.02684e-60 2.79363e-58
3.69338e-11 4.94195e-60 2.74336e-58
3.71002e-11 4.85843e-60 2.69395e-58
3.72672e-11 4.77627e-60 2.64536e-58
3.74351e-11 4.69544e-60 2.5976e-58
3.76037e-11 4.61593e-60 2.55064e-58
3.7773e-11 4.53772e-60 2.50448e-58
3.79432e-11 4.46078e-60 2.45911e-58
3.8114e-11 4.3851e-60 2.4145e-58
3.82857e-11 4.31066e-60 2.37065e-58
3.84581e-11 4.23744e-60 2.32754e-58
3.86313e-11 4.16542e-60 2.28517e-58
3.88053e-11 4.09458e-60 2.24351e-58
3.89801e-11 4.02491e-60 2.20257e-58
3.91556e-11 3.95638e-60 2.16232e-58
3.9332e-11 3.88898e-60 2.12275e-58
3.95091e-11 3.8227e-60 2.08387e-58
3.96871e-11 3.75751e-60 2.04564e-58
3.98658e-11 3.6934e-60 2.00806e-58
4.00453e-11 3.63035e-60 1.97113e-58
4.02257e-11 3.56835e-60 1.93483e-58
4.04069e-11 3.50738e-60 1.89914e-58
4.05888e-11 3.44742e-60 1.86407e-58
4.07716e-11 3.38845e-60 1.82959e-58
4.09553e-11 3.33047e-60 1.79571e-58
4.11397e-11 3.27346e-60 1.7624e-58
4.1325e-11 3.2174e-60 1.72967e-58
4.15111e-11 3.16228e-60 1.6975e-58
4.16981e-11 3.10808e-60 1.66587e-58
4.18859e-11 3.05478e-60 1.63479e-58
4.20745e-11 3.00239e-60 1.60424e-58
4.2264e-11 2.95087e-60 1.57422e-58
4.24543e-11 2.90021e-60 1.54471e-58
4.26455e-11 2.85041e-60 1.51571e-58
4.28376e-11 2.80145e-60 1.48721e-58
4.30305e-11 2.75332e-60 1.45919e-58
4.32243e-11 2.70599e-60 1.43166e-58
4.3419e-11 2.65947e-60 1.4046e-58
4.36146e-11 2.61373e-60 1.378e-58
4.3811e-11 2.56877e-60 1.35187e-58
4.40083e-11 2.52457e-60 1.32618e-58
4.42065e-11 2.48112e-60 1.30093e-58
4.44056e-11 2.43841e-60 1.27612e-58
4.46056e-11 2.39643e-60 1.25174e-58
4.48065e-11 2.35515e-60 1.22777e-58
4.50083e-11 2.31459e-60 1.20422e-58
4.5211e-11 2.27471e-60 1.18108e-58
4.54146e-11 2.23551e-60 1.15833e-58
4.56191e-11 2.19699e-60 1.13597e-58
4.58246e-11 2.15912e-60 1.114e-58
4.6031e-11 2.1219e-60 1.09241e-58
4.62383e-11 2.08532e-60 1.07119e-58
4.64465e-11 2.04936e-60 1.05034e-58
4.66557e-11 2.01403e-60 1.02985e-58
4.68658e-11 1.9793e-60 1.00971e-58
4.70769e-11 1.94516e-60 9.89913e-59
4.72889e-11 1.91162e-60 9.70462e-59
4.75019e-11 1.87865e-60 9.51346e-59
4.77158e-11 1.84625e-60 9.32559e-59
4.79307e-11 1.8144e-60 9.14097e-59
4.81466e-11 1.78311e-60 8.95953e-59
4.83634e-11 1.75236e-60 8.78122e-59
4.85812e-11 1.72214e-60 8.60598e-59
4.88e-11 1.69244e-60 8.43377e-59
4.90198e-11 1.66325e-60 8.26452e-59
4.92406e-11 1.63458e-60 8.0982e-59
4.94623e-11 1.6064e-60 7.93474e-59
4.96851e-11 1.5787e-60 7.7741e-59
4.99089e-11 1.55149e-60 7.61623e-59
5.01336e-11 1.52475e-60 7.46108e-59
5.03594e-11 1.49848e-60 7.30861e-59
5.05862e-11 1.47266e-60 7.15876e-59
5.08141e-11 1.44729e-60 7.01149e-59
5.10429e-11 1.42237e-60 6.86676e-59
5.12728e-11 1.39788e-60 6.72453e-59
5.15037e-11 1.37381e-60 6.58474e-59
5.17357e-11 1.35017e-60 6.44736e-59
5.19687e-11 1.32694e-60 6.31234e-59
5.22027e-11 1.30411e-60 6.17965e-59
5.24378e-11 1.28168e-60 6.04924e-59
5.2674e-11 1.25965e-60 5.92107e-59
5.29112e-11 1.238e-60 5.7951e-59
5.31495e-11 1.21673e-60 5.6713e-59
5.33889e-11 1.19583e-60 5.54963e-59
5.36293e-11 1.1753e-60 5.43005e-59
5.38709e-11 1.15513e-60 5.31252e-59
5.41135e-11 1.13531e-60 5.19701e-59
5.43572e-11 1.11584e-60 5.08348e-59
5.4602e-11 1.09671e-60 4.97189e-59
5.48479e-11 1.07791e-60 4.86222e-59
5.50949e-11 1.05945e-60 4.75443e-59
5.53431e-11 1.04131e-60 4.64848e-59
5.55923e-11 1.02349e-60 4.54435e-59
5.58427e-11 1.00599e-60 4.442e-59
5.60942e-11 9.88787e-61 4.34141e-59
5.63468e-11 9.71891e-61 4.24253e-59
5.66006e-11 9.55293e-61 4.14534e-59
5.68555e-11 9.38986e-61 4.04981e-59
5.71116e-11 9.22967e-61 3.95591e-59
5.73688e-11 9.07229e-61 3.86361e-59
5.76272e-11 8.91769e-61 3.77289e-59
5.78867e-11 8.76581e-61 3.68371e-59
5.81474e-11 8.61661e-61 3.59605e-59
5.84093e-11 8.47004e-61 3.50989e-59
5.86723e-11 8.32605e-61 3.42519e-59
5.89366e-11 8.18461e-61 3.34193e-59
5.9202e-11 8.04565e-61 3.26008e-59
5.94686e-11 7.90915e-61 3.17963e-59
5.97365e-11 7.77505e-61 3.10053e-59
6.00055e-11 7.64332e-61 3.02278e-59
6.02758e-11 7.51391e-61 2.94635e-59
6.05472e-11 7.38678e-61 2.87121e-59
6.08199e-11 7.2619e-61 2.79734e-59
6.10938e-11 7.13922e-61 2.72472e-59
6.1369e-11 7.0187e-61 2.65333e-59
6.16454e-11 6.90031e-61 2.58314e-59
6.1923e-11 6.78401e-61 2.51414e-59
6.22019e-11 6.66976e-61 2.4463e-59
6.2482e-11 6.55752e-61 2.3796e-59
6.27634e-11 6.44726e-61 2.31403e-59
6.30461e-11 6.33895e-61 2.24956e-59
6.333e-11 6.23254e-61 2.18617e-59
6.36152e-11 6.12802e-61 2.12384e-59
6.39017e-11 6.02533e-61 2.06256e-59
6.41895e-11 5.92445e-61 2.00231e-59
6.44786e-11 5.82535e-61 1.94306e-59
6.4769e-11 5.728e-61 1.88481e-59
6.50607e-11 5.63236e-61 1.82753e-59
6.53537e-11 5.53841e-61 1.77121e-59
6.56481e-11 5.4461e-61 1.71582e-59
6.59437e-11 5.35543e-61 1.66136e-59
6.62407e-11 5.26634e-61 1.60781e-59
6.65391e-11 5.17883e-61 1.55514e-59
6.68387e-11 5.09285e-61 1.50336e-59
6.71398e-11 5.00838e-61 1.45243e-59
6.74421e-11 4.9254e-61 1.40234e-59
6.77459e-11 4.84387e-61 1.35309e-59
6.8051e-11 4.76378e-61 1.30465e-59
6.83575e-11 4.68509e-61 1.25701e-59
6.86653e-11 4.60778e-61 1.21016e-59
6.89746e-11 4.53183e-61 1.16408e-59
6.92852e-11 4.4572e-61 1.11877e-59
6.95973e-11 4.38389e-61 1.07419e-59
6.99107e-11 4.31186e-61 1.03035e-59
7.02256e-11 4.24108e-61 9.87236e-60
7.05418e-11 4.17155e-61 9.44825e-60
7.08595e-11 4.10323e-61 9.0311e-60
7.11787e-11 4.0361e-61 8.62077e-60
7.14992e-11 3.97015e-61 8.21716e-60
7.18212e-11 3.90534e-61 7.82015e-60
7.21447e-11 3.84167e-61 7.42961e-60
7.24696e-11 3.77911e-61 7.04545e-60
7.2796e-11 3.71763e-61 6.66754e-60
7.31239e-11 3.65723e-61 6.29577e-60
7.34532e-11 3.59787e-61 5.93005e-60
7.3784e-11 3.53955e-61 5.57026e-60
7.41163e-11 3.48224e-61 5.21631e-60
7.44501e-11 3.42592e-61 4.86808e-60
7.47854e-11 3.37059e-61 4.52549e-60
7.51222e-11 3.31621e-61 4.18843e-60
7.54605e-11 3.26277e-61 3.85681e-60
7.58004e-11 3.21025e-61 3.53054e-60
7.61418e-11 3.15865e-61 3.20951e-60
7.64847e-11 3.10793e-61 2.89365e-60
7.68292e-11 3.05809e-61 2.58285e-60
7.71752e-11 3.00911e-61 2.27704e-60
7.75228e-11 2.96098e-61 1.97613e-60
7.78719e-11 2.91367e-61 1.68004e-60
7.82226e-11 2.86717e-61 1.38867e-60
7.85749e-11 2.82148e-61 1.10195e-60
7.89288e-11 2.77657e-61 8.19804e-61
7.92842e-11 2.73243e-61 5.42147e-61
7.96413e-11 2.68904e-61 2.68904e-61
