3.43826, 4.44038, 5.67657, 7.15609, 8.8731, 10.8061, 12.9195, 15.1671, 17.4967, 19.854, 22.1872, 24.4494, 26.6014, 28.6118, 30.458, 32.1251, 33.6054, 34.8973, 36.004, 36.9325, 37.6925, 38.2955, 38.7543, 39.0818, 39.2914, 39.3958, 39.4073, 39.3373, 39.1965, 38.9947, 38.7406, 38.4423, 38.1068, 37.7403, 37.3484, 36.9359, 36.507, 36.0654, 35.6143, 35.1563, 34.6938, 34.2287, 33.7628, 33.2973, 32.8336, 32.3726, 31.9151, 31.4617, 31.0131, 30.5697
3.48605, 4.50087, 5.75235, 7.24974, 8.98695, 10.942, 13.0789, 15.3507, 17.7045, 20.0854, 22.4409, 24.7239, 26.8945, 28.9213, 30.7815, 32.4601, 33.9497, 35.2485, 36.3599, 37.2912, 38.0522, 38.6547, 39.1115, 39.436, 39.6414, 39.7408, 39.7466, 39.6704, 39.5229, 39.3141, 39.0527, 38.747, 38.4039, 38.0298, 37.6303, 37.2102, 36.7739, 36.3249, 35.8665, 35.4014, 34.9319, 34.4599, 33.9873, 33.5154, 33.0453, 32.5782, 32.1146, 31.6555, 31.2012, 30.7523
3.53603, 4.56408, 5.83151, 7.34751, 9.10574, 11.0838, 13.245, 15.542, 17.9208, 20.3262, 22.7049, 25.0092, 27.1991, 29.2429, 31.1175, 32.8081, 34.307, 35.6128, 36.7291, 37.6631, 38.4251, 39.0269, 39.4816, 39.8027, 40.0037, 40.0978, 40.0976, 40.0149, 39.8604, 39.6442, 39.3753, 39.0617, 38.7107, 38.3287, 37.9213, 37.4933, 37.0492, 36.5925, 36.1266, 35.654, 35.1773, 34.6982, 34.2187, 33.74, 33.2634, 32.7898, 32.3201, 31.855, 31.3949, 30.9403
3.58833, 4.63019, 5.91425, 7.44965, 9.22977, 11.2318, 13.4184, 15.7414, 18.1463, 20.577, 22.9797, 25.3062, 27.5161, 29.5773, 31.4667, 33.1695, 34.6781, 35.9911, 37.1122, 38.049, 38.8117, 39.4127, 39.865, 40.1825, 40.3789, 40.4675, 40.461, 40.3713, 40.2095, 39.9856, 39.7087, 39.387, 39.0278, 38.6375, 38.2218, 37.7857, 37.3334, 36.8687, 36.3949, 35.9146, 35.4303, 34.9439, 34.4572, 33.9715, 33.4881, 33.0079, 32.5318, 32.0604, 31.5942, 31.1338
3.64312, 4.6994, 6.00082, 7.55645, 9.3594, 11.3863, 13.5993, 15.9495, 18.3815, 20.8384, 23.266, 25.6155, 27.846, 29.9252, 31.83, 33.5453, 35.0637, 36.384, 37.51, 38.4494, 39.2129, 39.8128, 40.2626, 40.5763, 40.7677, 40.8503, 40.8372, 40.7403, 40.5707, 40.3387, 40.0535, 39.7233, 39.3555, 38.9566, 38.5323, 38.0876, 37.6268, 37.1538, 36.6718, 36.1835, 35.6914, 35.1973, 34.7031, 34.2102, 33.7197, 33.2326, 32.7498, 32.272, 31.7995, 31.333
3.70057, 4.77192, 6.09147, 7.66822, 9.49497, 11.5479, 13.7884, 16.1667, 18.6269, 21.1111, 23.5645, 25.9378, 28.1896, 30.2874, 32.208, 33.9362, 35.4646, 36.7923, 37.9232, 38.8653, 39.6294, 40.2281, 40.6751, 40.9846, 41.1707, 41.2471, 41.2269, 41.1224, 40.9447, 40.7042, 40.4103, 40.0712, 39.6944, 39.2864, 38.8531, 38.3995, 37.93, 37.4483, 36.9577, 36.4611, 35.9607, 35.4587, 34.9568, 34.4563, 33.9584, 33.4643, 32.9745, 32.49, 32.011, 31.5382
3.76086, 4.84799, 6.18649, 7.7853, 9.6369, 11.7169, 13.9861, 16.3938, 18.8832, 21.3958, 23.876, 26.2739, 28.5477, 30.6648, 32.6016, 34.343, 35.8818, 37.217, 38.3528, 39.2975, 40.062, 40.6593, 41.1032, 41.4082, 41.5887, 41.6585, 41.6309, 41.5183, 41.3321, 41.0827, 40.7796, 40.4312, 40.0449, 39.6276, 39.1849, 38.7219, 38.2432, 37.7525, 37.253, 36.7477, 36.2388, 35.7285, 35.2185, 34.7102, 34.2047, 33.7031, 33.2062, 32.7146, 32.229, 31.7496
3.82421, 4.92785, 6.28619, 7.90806, 9.78562, 11.8939, 14.1929, 16.6312, 19.1511, 21.6933, 24.2012, 26.6247, 28.9213, 31.0583, 33.0118, 34.7668, 36.3161, 37.659, 38.7997, 39.7469, 40.5117, 41.1072, 41.5478, 41.848, 42.0224, 42.0852, 42.0498, 41.9287, 41.7335, 41.4748, 41.1621, 40.8039, 40.4078, 39.9806, 39.528, 39.0554, 38.567, 38.0668, 37.5581, 37.0437, 36.526, 36.0071, 35.4887, 34.9721, 34.4587, 33.9494, 33.4451, 32.9463, 32.4536, 31.9674
3.89084, 5.0118, 6.3909, 8.0369, 9.94161, 12.0795, 14.4096, 16.8798, 19.4314, 22.0043, 24.5411, 26.991, 29.3113, 31.4688, 33.4395, 35.2085, 36.7686, 38.1192, 39.2649, 40.2144, 40.9793, 41.5729, 42.0098, 42.3048, 42.4729, 42.5282, 42.4845, 42.3544, 42.1498, 41.8812, 41.5584, 41.1899, 40.7835, 40.346, 39.8832, 39.4003, 38.9019, 38.3919, 37.8735, 37.3496, 36.8227, 36.2948, 35.7676, 35.2426, 34.7209, 34.2036, 33.6915, 33.1852, 32.6852, 32.192
3.96101, 5.10013, 6.501, 8.17228, 10.1054, 12.2741, 14.6368, 17.1403, 19.725, 22.3297, 24.8966, 27.374, 29.7188, 31.8975, 33.886, 35.6693, 37.2404, 38.5988, 39.7494, 40.7012, 41.4659, 42.0573, 42.4902, 42.7796, 42.9408, 42.9882, 42.9357, 42.7962, 42.5816, 42.3026, 41.9692, 41.59, 41.1728, 40.7244, 40.2508, 39.7573, 39.2485, 38.7281, 38.1996, 37.6659, 37.1294, 36.5921, 36.0558, 35.5219, 34.9916, 34.466, 33.9458, 33.4317, 32.9241, 32.4236
4.035, 5.19318, 6.6169, 8.31468, 10.2775, 12.4786, 14.8753, 17.4136, 20.0327, 22.6707, 25.2688, 27.7747, 30.1449, 32.3454, 34.3522, 36.1503, 37.7326, 39.099, 40.2545, 41.2083, 41.9727, 42.5615, 42.99, 43.2734, 43.4273, 43.4662, 43.4044, 43.2549, 43.0297, 42.7399, 42.3953, 42.0048, 41.5762, 41.1165, 40.6316, 40.127, 39.6072, 39.076, 38.537, 37.993, 37.4464, 36.8993, 36.3535, 35.8104, 35.2712, 34.7369, 34.2083, 33.686, 33.1706, 32.6625
4.11312, 5.29134, 6.73905, 8.46463, 10.4587, 12.6936, 15.1259, 17.7004, 20.3555, 23.0281, 25.6587, 28.1943, 30.5907, 32.814, 34.8397, 36.6528, 38.2466, 39.621, 40.7813, 41.7371, 42.5008, 43.0867, 43.5103, 43.7873, 43.9333, 43.9633, 43.8916, 43.7315, 43.4952, 43.1938, 42.8375, 42.4351, 41.9946, 41.5229, 41.0263, 40.51, 39.9786, 39.4362, 38.8862, 38.3314, 37.7743, 37.2171, 36.6613, 36.1086, 35.5601, 35.0167, 34.4794, 33.9487, 33.4251, 32.909
4.1957, 5.39502, 6.86796, 8.62274, 10.6495, 12.9199, 15.3894, 18.0019, 20.6946, 23.4033, 26.0677, 28.6341, 31.0578, 33.3045, 35.3496, 37.1783, 38.7838, 40.1662, 41.3312, 42.2887, 43.0515, 43.6342, 44.0525, 44.3225, 44.46, 44.4804, 44.3982, 44.2269, 43.9788, 43.6654, 43.2966, 42.8817, 42.4286, 41.9445, 41.4355, 40.9069, 40.3635, 39.8094, 39.2478, 38.6817, 38.1137, 37.5458, 36.9797, 36.4169, 35.8587, 35.3059, 34.7595, 34.2199, 33.6878, 33.1635
4.28313, 5.50468, 7.00417, 8.78967, 10.8508, 13.1584, 15.667, 18.3192, 21.0511, 23.7976, 26.4972, 29.0955, 31.5475, 33.8184, 35.8836, 37.7282, 39.3456, 40.7361, 41.9058, 42.8648, 43.6263, 44.2052, 44.6177, 44.8801, 45.0086, 45.0188, 44.9254, 44.7422, 44.4817, 44.1554, 43.7737, 43.3456, 42.8793, 42.382, 41.8599, 41.3186, 40.7626, 40.196, 39.6224, 39.0445, 38.465, 37.886, 37.3091, 36.7359, 36.1675, 35.6049, 35.0489, 34.5002, 33.9592, 33.4263
4.37584, 5.62084, 7.14832, 8.96615, 11.0634, 13.4101, 15.9596, 18.6535, 21.4264, 24.2122, 26.9485, 29.5802, 32.0615, 34.3575, 36.4434, 38.3043, 39.9337, 41.3323, 42.5065, 43.4668, 44.2266, 44.8013, 45.2075, 45.4617, 45.5805, 45.5797, 45.4745, 45.2786, 45.005, 44.6651, 44.2696, 43.8276, 43.3474, 42.8362, 42.3005, 41.7456, 41.1764, 40.5969, 40.0106, 39.4204, 38.829, 38.2383, 37.6501, 37.0659, 36.4869, 35.9141, 35.3482, 34.7899, 34.2396, 33.6978
4.4743, 5.74408, 7.30109, 9.15299, 11.2883, 13.676, 16.2686, 19.006, 21.8219, 24.6489, 27.4235, 30.0898, 32.6016, 34.9235, 37.0307, 38.9083, 40.55, 41.9567, 43.1353, 44.0964, 44.8541, 45.4241, 45.8233, 46.0686, 46.177, 46.1646, 46.0466, 45.8373, 45.5497, 45.1955, 44.7854, 44.3287, 43.8339, 43.3082, 42.7581, 42.189, 41.6059, 41.0128, 40.4132, 39.8101, 39.2061, 38.6032, 38.0032, 37.4076, 36.8175, 36.234, 35.6578, 35.0895, 34.5296, 33.9784
4.57906, 5.87504, 7.46325, 9.3511, 11.5265, 13.9575, 16.5952, 19.3785, 22.2393, 25.1093, 27.9238, 30.6262, 33.1697, 35.5184, 37.6475, 39.5422, 41.1963, 42.6112, 43.7939, 44.7556, 45.5106, 46.0753, 46.4668, 46.7025, 46.7997, 46.7748, 46.6433, 46.4197, 46.1173, 45.7479, 45.3223, 44.8502, 44.3398, 43.7988, 43.2335, 42.6496, 42.0518, 41.4444, 40.8309, 40.2143, 39.5971, 38.9815, 38.3691, 37.7615, 37.1599, 36.5651, 35.9781, 35.3994, 34.8294, 34.2686
4.69072, 6.01446, 7.63567, 9.56152, 11.7792, 14.2558, 16.9411, 19.7723, 22.6804, 25.5954, 28.4516, 31.1916, 33.7679, 36.1444, 38.2961, 40.2083, 41.875, 43.2979, 44.4844, 45.4462, 46.1982, 46.7568, 47.1399, 47.3652, 47.4503, 47.4119, 47.266, 47.0272, 46.709, 46.3235, 45.8816, 45.393, 44.8664, 44.3092, 43.7279, 43.1283, 42.5151, 41.8927, 41.2646, 40.6338, 40.0028, 39.3737, 38.7484, 38.1283, 37.5145, 36.9081, 36.3098, 35.7201, 35.1397, 34.5687
4.80996, 6.16315, 7.81934, 9.78539, 12.0477, 14.5724, 17.3077, 20.1896, 23.1472, 26.1093, 29.0091, 31.7882, 34.3986, 36.8039, 38.9789, 40.9089, 42.5883, 44.0192, 45.2092, 46.1707, 46.9188, 47.4707, 47.8445, 48.0585, 48.1305, 48.0778, 47.9164, 47.6614, 47.3264, 46.9237, 46.4645, 45.9586, 45.4147, 44.8404, 44.2423, 43.6261, 42.9968, 42.3586, 41.7151, 41.0693, 40.4238, 39.7807, 39.1418, 38.5085, 37.8821, 37.2634, 36.6533, 36.0523, 35.4608, 34.8792
4.93758, 6.32205, 8.01535, 10.024, 12.3336, 14.9091, 17.6972, 20.6322, 23.6419, 26.6534, 29.5988, 32.4187, 35.0646, 37.4995, 39.6984, 41.6467, 43.3389, 44.7775, 45.9707, 46.9313, 47.6749, 48.2193, 48.5829, 48.7845, 48.8424, 48.7742, 48.5963, 48.3239, 47.971, 47.5502, 47.0726, 46.5483, 45.9861, 45.3937, 44.7778, 44.1442, 43.4978, 42.843, 42.1833, 41.5218, 40.861, 40.2032, 39.5501, 38.903, 38.2633, 37.6318, 37.0093, 36.3964, 35.7934, 35.2008
5.07445, 6.49224, 8.22498, 10.2788, 12.6386, 15.2677, 18.1116, 21.1026, 24.167, 27.2303, 30.2234, 33.0859, 35.7686, 38.2343, 40.4578, 42.4246, 44.1297, 45.5758, 46.7717, 47.7307, 48.4691, 49.0049, 49.3573, 49.5455, 49.5882, 49.5033, 49.3076, 49.0167, 48.6448, 48.2045, 47.7074, 47.1636, 46.582, 45.9705, 45.3357, 44.6836, 44.0193, 43.3469, 42.6702, 41.9922, 41.3154, 40.6421, 39.974, 39.3125, 38.6588, 38.0139, 37.3784, 36.753, 36.138, 35.5338
5.22161, 6.67491, 8.44965, 10.5515, 12.9644, 15.6504, 18.5532, 21.6034, 24.7253, 27.843, 30.886, 33.7929, 36.5139, 39.0115, 41.2602, 43.2459, 44.9638, 46.4172, 47.6153, 48.5719, 49.3041, 49.8304, 50.1704, 50.3439, 50.3701, 50.2672, 50.0525, 49.7417, 49.3494, 48.8885, 48.3706, 47.806, 47.2039, 46.5721, 45.9174, 45.2459, 44.5625, 43.8716, 43.1769, 42.4814, 41.7878, 41.0982, 40.4144, 39.7377, 39.0694, 38.4104, 37.7613, 37.1228, 36.4953, 35.8789
5.38023, 6.87147, 8.69099, 10.844, 13.3134, 16.0597, 19.0248, 22.1375, 25.32, 28.4949, 31.5902, 34.5435, 37.3043, 39.8347, 42.1093, 44.1141, 45.8448, 47.305, 48.5047, 49.4582, 50.1831, 50.6986, 51.0251, 51.1825, 51.1908, 51.0685, 50.8333, 50.5012, 50.0871, 49.6041, 49.064, 48.4774, 47.8534, 47.2001, 46.5243, 45.8321, 45.1287, 44.4182, 43.7046, 42.9908, 42.2794, 41.5726, 40.8722, 40.1796, 39.4959, 38.8221, 38.1588, 37.5065, 36.8658, 36.2368
5.55168, 7.08353, 8.95091, 11.1585, 13.688, 16.4984, 19.5296, 22.7083, 25.9548, 29.1897, 32.3398, 35.3416, 38.1437, 40.7081, 43.0092, 45.0334, 46.7767, 48.2432, 49.4437, 50.393, 51.1095, 51.613, 51.9243, 52.0643, 52.053, 51.9098, 51.6525, 51.2975, 50.86, 50.3534, 49.7898, 49.1796, 48.5324, 47.8562, 47.1581, 46.444, 45.7193, 44.9882, 44.2545, 43.5213, 42.7912, 42.0663, 41.3485, 40.639, 39.9392, 39.2498, 38.5715, 37.9049, 37.2503, 36.608
5.73753, 7.31295, 9.23158, 11.4975, 14.0911, 16.9697, 20.071, 23.3195, 26.6335, 29.9318, 33.1394, 36.1917, 39.0368, 41.6362, 43.9645, 46.0082, 47.7637, 49.2361, 50.4364, 51.3804, 52.0871, 52.5771, 52.8717, 52.9925, 52.96, 52.794, 52.5129, 52.1333, 51.6708, 51.1389, 50.55, 49.9148, 49.2428, 48.5423, 47.8204, 47.0831, 46.3358, 45.5828, 44.8279, 44.0742, 43.3243, 42.5804, 41.8442, 41.1171, 40.4002, 39.6944, 39.0004, 38.3187, 37.6496, 36.9933
5.93966, 7.56192, 9.53554, 11.8639, 14.5259, 17.4772, 20.653, 23.9757, 27.361, 30.7259, 33.9938, 37.0989, 39.9887, 42.6242, 44.9802, 47.0434, 48.811, 50.2883, 51.4874, 52.4248, 53.1202, 53.5949, 53.8711, 53.9708, 53.9152, 53.7245, 53.4175, 53.0115, 52.522, 51.963, 51.347, 50.6851, 49.9867, 49.2603, 48.5131, 47.7512, 46.9799, 46.2037, 45.4264, 44.651, 43.8802, 43.1162, 42.3605, 41.6148, 40.88, 40.1569, 39.4464, 38.7488, 38.0644, 37.3934
6.16025, 7.83299, 9.86574, 12.261, 14.9964, 18.0252, 21.2804, 24.6817, 28.1426, 31.5777, 34.9089, 38.0692, 41.0052, 43.678, 46.0622, 48.1449, 49.9238, 51.4052, 52.6018, 53.5311, 54.2134, 54.671, 54.9267, 55.0031, 54.9223, 54.7048, 54.3699, 53.9352, 53.4166, 52.8286, 52.1836, 51.493, 50.7665, 50.0124, 49.2382, 48.4501, 47.6534, 46.8526, 46.0515, 45.2531, 44.4602, 43.6749, 42.8987, 42.1333, 41.3796, 40.6384, 39.9104, 39.196, 38.4956, 37.8093
6.40188, 8.12918, 10.2257, 12.693, 15.507, 18.6187, 21.9585, 25.4434, 28.9842, 32.4934, 35.8911, 39.109, 42.0932, 44.8041, 47.2169, 49.3189, 51.1085, 52.5929, 53.7855, 54.7047, 55.372, 55.8102, 56.0431, 56.094, 55.9855, 55.7388, 55.3736, 54.9079, 54.3581, 53.7387, 53.0626, 52.3413, 51.5846, 50.801, 49.9981, 49.1821, 48.3583, 47.5313, 46.7049, 45.8822, 45.0659, 44.2579, 43.4602, 42.6739, 41.9002, 41.1399, 40.3935, 39.6615, 38.9441, 38.2416
6.66767, 8.45406, 10.6194, 13.1644, 16.0629, 19.2634, 22.6937, 26.2675, 29.8931, 33.4805, 36.948, 40.2261, 43.26, 46.0102, 48.4517, 50.5726, 52.3721, 53.8579, 55.0448, 55.952, 56.6018, 57.0182, 57.2257, 57.2484, 57.1096, 56.8309, 56.4328, 55.9335, 55.3499, 54.6967, 53.9872, 53.2329, 52.4438, 51.6287, 50.7951, 49.9492, 49.0966, 48.2418, 47.3885, 46.54, 45.6988, 44.8669, 44.0462, 43.2379, 42.4431, 41.6626, 40.8968, 40.1462, 39.411, 38.6914
6.96132, 8.81192, 11.052, 13.6807, 16.6702, 19.9662, 23.4931, 27.1618, 30.8773, 34.5474, 38.0882, 41.4291, 44.5146, 47.3048, 49.7752, 51.9144, 53.7224, 55.208, 56.387, 57.2797, 57.9095, 58.3013, 58.4804, 58.4719, 58.2996, 57.9861, 57.552, 57.0163, 56.3961, 55.7065, 54.9609, 54.1711, 53.3473, 52.4984, 51.6319, 50.7542, 49.8708, 48.9863, 48.1044, 47.2284, 46.3607, 45.5036, 44.6585, 43.8269, 43.0098, 42.2078, 41.4215, 40.6513, 39.8974, 39.1598
7.28736, 9.20794, 11.5291, 14.2487, 17.3365, 20.735, 24.3656, 28.1354, 31.9465, 35.7039, 39.3219, 42.7282, 45.8668, 48.6978, 51.1969, 53.3535, 55.1685, 56.6519, 57.8205, 58.6958, 59.3024, 59.6663, 59.8137, 59.7706, 59.5615, 59.2097, 58.7364, 58.1611, 57.5011, 56.772, 55.9875, 55.1595, 54.2984, 53.4132, 52.5114, 51.5996, 50.6833, 49.7671, 48.8548, 47.9495, 47.0537, 46.1696, 45.2988, 44.4424, 43.6016, 42.777, 41.969, 41.1781, 40.4043, 39.6477
7.6513, 9.64839, 12.0579, 14.8762, 18.0703, 21.5796, 25.3214, 29.1993, 33.112, 36.9618, 40.6606, 44.1351, 47.3284, 50.2007, 52.728, 54.9008, 56.7208, 58.1993, 59.3545, 60.2092, 60.789, 61.1212, 61.2331, 61.1515, 60.9018, 60.5079, 59.9917, 59.3731, 58.6699, 57.898, 57.0714, 56.2021, 55.3008, 54.3765, 53.4369, 52.4886, 51.5371, 50.587, 49.6421, 48.7055, 47.7799, 46.8671, 45.9688, 45.0862, 44.2203, 43.3716, 42.5407, 41.7278, 40.9331, 40.1564
8.05996, 10.141, 12.6472, 15.573, 18.8824, 22.5112, 26.3726, 30.3662, 34.3871, 38.3344, 42.1181, 45.6634, 48.9128, 51.8266, 54.3814, 56.5685, 58.3911, 59.8617, 60.9999, 61.8299, 62.3788, 62.675, 62.7469, 62.6224, 62.3277, 61.8874, 61.3241, 60.6582, 59.908, 59.0896, 58.2172, 57.3033, 56.3586, 55.3922, 54.4119, 53.4243, 52.4351, 51.4487, 50.469, 49.4991, 48.5415, 47.5982, 46.6706, 45.7601, 44.8675, 43.9934, 43.1382, 42.302, 41.485, 40.6872
8.52183, 10.6953, 13.3075, 16.3507, 19.7856, 23.5438, 27.5341, 31.6517, 35.7877, 39.8381, 43.7107, 47.3293, 50.636, 53.591, 56.172, 58.3711, 60.1931, 61.652, 62.7689, 63.5696, 64.0827, 64.3379, 64.3648, 64.1922, 63.8475, 63.356, 62.7409, 62.0231, 61.2214, 60.3524, 59.4304, 58.4681, 57.4764, 56.4645, 55.4404, 54.4106, 53.3807, 52.3555, 51.3385, 50.3329, 49.3412, 48.3652, 47.4066, 46.4663, 45.5453, 44.6441, 43.763, 42.9022, 42.0617, 41.2414
9.04763, 11.3232, 14.0521, 17.224, 20.7958, 24.6944, 28.8237, 33.0741, 37.3327, 41.492, 45.4576, 49.1519, 52.5165, 55.5121, 58.1171, 60.3252, 62.1426, 63.5852, 64.6757, 65.4416, 65.9131, 66.1214, 66.0974, 65.871, 65.4706, 64.9223, 64.2501, 63.4753, 62.6172, 61.6928, 60.7168, 59.7019, 58.6592, 57.5982, 56.5266, 55.4514, 54.3778, 53.3107, 52.2537, 51.2099, 50.1817, 49.1709, 48.179, 47.207, 46.2558, 45.3258, 44.4172, 43.5302, 42.6647, 41.8206
9.65104, 12.0399, 14.8977, 18.211, 21.9324, 25.9837, 30.2632, 34.6562, 39.0452, 43.3194, 47.3819, 51.1538, 54.5764, 57.6111, 60.2374, 62.4504, 64.2583, 65.6787, 66.7366, 67.4612, 67.8844, 68.0389, 67.9572, 67.6703, 67.2077, 66.5962, 65.8607, 65.0231, 64.1032, 63.1181, 62.083, 61.0109, 59.9128, 58.7984, 57.6756, 56.5511, 55.4305, 54.3184, 53.2184, 52.1335, 51.0661, 50.018, 48.9905, 47.9847, 47.0012, 46.0405, 45.1027, 44.1878, 43.2958, 42.4264
10.3497, 12.8647, 15.8654, 19.3347, 23.2201, 27.4376, 31.8795, 36.4255, 40.9533, 45.3483, 49.5113, 53.3622, 56.8423, 59.9136, 62.557, 64.7697, 66.5617, 67.9531, 68.9708, 69.6462, 70.013, 70.1058, 69.9583, 69.6032, 69.0707, 68.3889, 67.5831, 66.6761, 65.688, 64.6363, 63.5366, 62.4019, 61.2435, 60.0711, 58.8927, 57.715, 56.5435, 55.3827, 54.2363, 53.1073, 51.9978, 50.9097, 49.8441, 48.8021, 47.7841, 46.7906, 45.8216, 44.8771, 43.9569, 43.0606
11.1669, 13.8229, 16.9824, 20.6241, 24.6897, 29.0886, 33.7064, 38.4165, 43.0914, 47.6131, 51.8796, 55.81, 59.3457, 62.4498, 65.1049, 67.3103, 69.0786, 70.4322, 71.4005, 72.0173, 72.3182, 72.3397, 72.1173, 71.6848, 71.0738, 70.3132, 69.4292, 68.4451, 67.3816, 66.2567, 65.0859, 63.8827, 62.6584, 61.4228, 60.1839, 58.9484, 57.7217, 56.5084, 55.312, 54.1354, 52.9807, 51.8495, 50.7431, 49.6622, 48.6074, 47.5788, 46.5765, 45.6003, 44.65, 43.7251
12.1336, 14.9476, 18.2844, 22.1172, 26.3812, 30.9781, 35.7861, 40.6719, 45.5026, 50.1561, 54.5283, 58.5374, 62.1252, 65.2563, 67.9156, 70.1048, 71.8393, 73.1444, 74.0522, 74.5988, 74.8225, 74.7615, 74.4531, 73.9326, 73.2328, 72.3837, 71.4123, 70.3425, 69.1954, 67.9895, 66.7405, 65.462, 64.1656, 62.8609, 61.5561, 60.2577, 58.9711, 57.7009, 56.4503, 55.2223, 54.0188, 52.8413, 51.6909, 50.5683, 49.4739, 48.4078, 47.3699, 46.3599, 45.3775, 44.4221
13.2916, 16.2834, 19.8184, 23.8636, 28.3461, 33.1591, 38.1727, 43.2461, 48.2407, 53.0303, 57.5086, 61.5936, 65.2278, 68.3778, 71.031, 73.1923, 74.8803, 76.1235, 76.9569, 77.4196, 77.5522, 77.3952, 76.9878, 76.3669, 75.5664, 74.6175, 73.548, 72.3824, 71.1424, 69.8466, 68.5112, 67.1498, 65.7741, 64.3938, 63.0168, 61.6498, 60.2981, 58.966, 57.6567, 56.373, 55.1168, 53.8893, 52.6916, 51.5242, 50.3872, 49.2808, 48.2047, 47.1586, 46.1418, 45.1539
14.699, 17.891, 21.6481, 25.9292, 30.6525, 35.7013, 40.9363, 46.2088, 51.3742, 56.3023, 60.885, 65.04, 68.7116, 71.8688, 74.5022, 76.6203, 78.2455, 79.4099, 80.1519, 80.5137, 80.5386, 80.2695, 79.7476, 79.0113, 78.0962, 77.0343, 75.8542, 74.5812, 73.2373, 71.8416, 70.4104, 68.9574, 67.4943, 66.0308, 64.5747, 63.1327, 61.7099, 60.3103, 58.9373, 57.5932, 56.2798, 54.9984, 53.7495, 52.5337, 51.3511, 50.2014, 49.0843, 47.9993, 46.9458, 45.9231
16.438, 19.8553, 23.8607, 28.4039, 33.3918, 38.6966, 44.1686, 49.6505, 54.9913, 60.0572, 64.7386, 68.9538, 72.6491, 75.7969, 78.3919, 80.4468, 81.9883, 83.0525, 83.6819, 83.9219, 83.8188, 83.4181, 82.763, 81.8939, 80.8475, 79.6569, 78.3518, 76.9578, 75.4975, 73.9902, 72.4523, 70.8977, 69.3379, 67.7827, 66.2397, 64.7153, 63.2146, 61.7415, 60.299, 58.8892, 57.5138, 56.1737, 54.8696, 53.6015, 52.3695, 51.1732, 50.012, 48.8854, 47.7925, 46.7325
18.6273, 22.2967, 26.579, 31.4116, 36.6886, 42.2691, 47.9918, 53.6904, 59.2072, 64.4051, 69.1737, 73.4327, 77.1316, 80.247, 82.7783, 84.7435, 86.1742, 87.1112, 87.6012, 87.6934, 87.4374, 86.8814, 86.0707, 85.0475, 83.8499, 82.5124, 81.065, 79.5342, 77.9428, 76.3103, 74.6532, 72.9854, 71.3184, 69.6617, 68.0228, 66.4078, 64.8216, 63.2679, 61.7494, 60.268, 58.8251, 57.4214, 56.0572, 54.7326, 53.4473, 52.2006, 50.992, 49.8205, 48.6852, 47.5851
21.4439, 25.3916, 29.9787, 35.1277, 40.7165, 46.5894, 52.5721, 58.4884, 64.1746, 69.4904, 74.3257, 78.6029, 82.2757, 85.326, 87.7594, 89.5997, 90.8842, 91.6593, 91.9761, 91.8881, 91.4484, 90.7077, 89.7141, 88.5113, 87.139, 85.6324, 84.0224, 82.3361, 80.5963, 78.8228, 77.0321, 75.2378, 73.4513, 71.6819, 69.9367, 68.2218, 66.5415, 64.8992, 63.2973, 61.7376, 60.221, 58.748, 57.3186, 55.9326, 54.5895, 53.2884, 52.0285, 50.8086, 49.6277, 48.4846
25.1595, 29.405, 34.3197, 39.8062, 45.7231, 51.8969, 58.1391, 64.2631, 70.0993, 75.5056, 80.3733, 84.629, 88.2321, 91.1715, 93.4599, 95.128, 96.22, 96.788, 96.8886, 96.5794, 95.9173, 94.9561, 93.7459, 92.3325, 90.7567, 89.0547, 87.258, 85.3938, 83.4854, 81.5524, 79.6109, 77.6747, 75.7545, 73.8594, 71.9962, 70.1704, 68.3861, 66.6462, 64.9527, 63.3071, 61.7098, 60.1611, 58.6606, 57.2079, 55.802, 54.4418, 53.1264, 51.8542, 50.6241, 49.4346
30.2065, 34.7485, 39.9962, 45.8252, 52.0697, 58.5352, 65.0171, 71.3184, 77.2642, 82.7118, 87.556, 91.7292, 95.1988, 97.962, 100.04, 101.472, 102.31, 102.612, 102.441, 101.858, 100.925, 99.6983, 98.2302, 96.568, 94.7538, 92.8244, 90.8119, 88.7434, 86.6422, 84.5276, 82.4155, 80.3191, 78.2488, 76.213, 74.218, 72.269, 70.3692, 68.5214, 66.7269, 64.9867, 63.3009, 61.6692, 60.091, 58.5654, 57.0912, 55.6669, 54.2912, 52.9624, 51.679, 50.4394
37.3016, 42.0859, 47.6279, 53.7654, 60.2998, 67.0111, 73.6765, 80.0878, 86.0661, 91.4702, 96.2005, 100.198, 103.439, 105.933, 107.71, 108.819, 109.319, 109.277, 108.761, 107.838, 106.572, 105.023, 103.245, 101.287, 99.1916, 96.996, 94.7324, 92.4278, 90.1049, 87.7826, 85.4763, 83.1983, 80.9584, 78.7644, 76.6219, 74.5351, 72.5069, 70.5392, 68.6329, 66.7882, 65.0048, 63.282, 61.6187, 60.0133, 58.4644, 56.9702, 55.529, 54.1387, 52.7976, 51.5038
47.6906, 52.5337, 58.2278, 64.5508, 71.2577, 78.0947, 84.8169, 91.2044, 97.0751, 102.291, 106.762, 110.439, 113.311, 115.4, 116.746, 117.411, 117.461, 116.971, 116.015, 114.664, 112.985, 111.042, 108.888, 106.575, 104.145, 101.636, 99.0779, 96.4984, 93.9191, 91.3578, 88.8291, 86.3442, 83.912, 81.5392, 79.2305, 76.9892, 74.8174, 72.7161, 70.6854, 68.725, 66.8339, 65.0106, 63.2535, 61.5606, 59.93, 58.3594, 56.8467, 55.3895, 53.9857, 52.633
63.6619, 68.067, 73.5272, 79.713, 86.3041, 92.9962, 99.5132, 105.62, 111.132, 115.915, 119.89, 123.02, 125.31, 126.793, 127.525, 127.574, 127.019, 125.939, 124.414, 122.519, 120.324, 117.893, 115.281, 112.539, 109.708, 106.825, 103.92, 101.018, 98.1399, 95.3019, 92.517, 89.795, 87.1433, 84.5673, 82.0706, 79.6552, 77.3221, 75.0712, 72.9019, 70.8127, 68.802, 66.8675, 65.0069, 63.2178, 61.4974, 59.843, 58.2521, 56.7218, 55.2497, 53.833
89.7022, 92.3891, 96.6452, 101.914, 107.729, 113.693, 119.476, 124.814, 129.513, 133.442, 136.531, 138.756, 140.135, 140.714, 140.559, 139.749, 138.37, 136.505, 134.237, 131.644, 128.796, 125.755, 122.578, 119.311, 115.995, 112.663, 109.345, 106.063, 102.834, 99.6736, 96.5916, 93.596, 90.6925, 87.8845, 85.1739, 82.5612, 80.0461, 77.627, 75.3022, 73.0692, 70.9253, 68.8673, 66.8921, 64.9965, 63.1772, 61.4307, 59.754, 58.1437, 56.5969, 55.1104
